Time	T° 600	A1	A2	A3	A4	A5	A6	A7	A8	A9	A10	A11	A12	B1	B2	B3	B4	B5	B6	B7	B8	B9	B10	B11	B12	C1	C2	C3	C4	C5	C6	C7	C8	C9	C10	C11	C12	D1	D2	D3	D4	D5	D6	D7	D8	D9	D10	D11	D12	E1	E2	E3	E4	E5	E6	E7	E8	E9	E10	E11	E12	F1	F2	F3	F4	F5	F6	F7	F8	F9	F10	F11	F12	G1	G2	G3	G4	G5	G6	G7	G8	G9	G10	G11	G12	H1	H2	H3	H4	H5	H6	H7	H8	H9	H10	H11	H12
0:00:06	18.3	0.092	0.093	0.093	0.094	0.092	0.093	0.092	0.093	0.094	0.094	0.094	0.092	0.092	0.094	0.093	0.095	0.094	0.094	0.093	0.095	0.093	0.093	0.094	0.094	0.094	0.093	0.094	0.094	0.094	0.094	0.093	0.092	0.093	0.093	0.095	0.092	0.091	0.093	0.093	0.092	0.092	0.093	0.093	0.093	0.093	0.093	0.096	0.093	0.094	0.095	0.095	0.095	0.095	0.094	0.092	0.092	0.092	0.093	0.093	0.093	0.094	0.097	0.095	0.097	0.093	0.094	0.095	0.093	0.093	0.094	0.094	0.092	0.093	0.097	0.094	0.095	0.097	0.094	0.095	0.094	0.094	0.094	0.094	0.092	0.093	0.092	0.093	0.093	0.093	0.094	0.094	0.093	0.094	0.095	0.094	0.092
1:00:05	19.2	0.097	0.094	0.093	0.097	0.092	0.094	0.092	0.093	0.094	0.095	0.095	0.094	0.093	0.094	0.094	0.095	0.095	0.096	0.094	0.095	0.094	0.094	0.095	0.094	0.094	0.094	0.094	0.095	0.095	0.094	0.094	0.094	0.094	0.094	0.096	0.093	0.092	0.094	0.094	0.093	0.093	0.094	0.094	0.094	0.094	0.094	0.096	0.094	0.094	0.095	0.095	0.095	0.096	0.095	0.093	0.093	0.094	0.094	0.095	0.094	0.095	0.097	0.096	0.097	0.094	0.094	0.096	0.094	0.094	0.094	0.094	0.093	0.094	0.097	0.095	0.096	0.097	0.095	0.096	0.095	0.095	0.095	0.095	0.093	0.094	0.093	0.094	0.094	0.094	0.094	0.094	0.094	0.095	0.096	0.094	0.093
2:00:05	19.6	0.097	0.094	0.093	0.098	0.092	0.094	0.093	0.093	0.094	0.095	0.095	0.094	0.092	0.094	0.094	0.096	0.095	0.096	0.094	0.095	0.094	0.094	0.095	0.095	0.094	0.094	0.095	0.095	0.095	0.094	0.094	0.094	0.095	0.094	0.096	0.093	0.092	0.093	0.094	0.093	0.093	0.094	0.094	0.094	0.094	0.094	0.097	0.094	0.094	0.096	0.095	0.095	0.096	0.095	0.094	0.093	0.094	0.094	0.095	0.094	0.095	0.097	0.096	0.097	0.094	0.094	0.096	0.094	0.094	0.094	0.095	0.092	0.094	0.097	0.095	0.096	0.098	0.095	0.096	0.095	0.095	0.095	0.095	0.093	0.095	0.093	0.094	0.094	0.094	0.094	0.094	0.094	0.095	0.096	0.094	0.093
3:00:06	19.7	0.097	0.094	0.094	0.099	0.093	0.094	0.093	0.093	0.094	0.095	0.095	0.094	0.093	0.095	0.095	0.096	0.095	0.096	0.095	0.096	0.094	0.094	0.095	0.095	0.094	0.094	0.095	0.095	0.095	0.094	0.094	0.094	0.095	0.094	0.096	0.094	0.092	0.093	0.094	0.093	0.094	0.094	0.094	0.095	0.094	0.095	0.097	0.094	0.094	0.096	0.095	0.096	0.096	0.095	0.094	0.093	0.094	0.095	0.095	0.094	0.096	0.098	0.096	0.098	0.095	0.095	0.096	0.094	0.094	0.095	0.095	0.093	0.094	0.097	0.095	0.096	0.098	0.095	0.096	0.095	0.095	0.095	0.095	0.093	0.095	0.093	0.094	0.094	0.094	0.094	0.095	0.094	0.095	0.096	0.094	0.093
4:00:08	19.9	0.097	0.094	0.094	0.099	0.093	0.095	0.093	0.094	0.095	0.095	0.095	0.094	0.093	0.095	0.095	0.096	0.096	0.096	0.095	0.096	0.095	0.095	0.095	0.095	0.094	0.094	0.095	0.095	0.096	0.094	0.094	0.094	0.095	0.095	0.097	0.094	0.093	0.094	0.094	0.094	0.094	0.095	0.095	0.095	0.095	0.095	0.097	0.094	0.094	0.096	0.095	0.095	0.097	0.095	0.094	0.094	0.094	0.095	0.095	0.094	0.096	0.098	0.096	0.098	0.095	0.095	0.097	0.094	0.095	0.095	0.095	0.093	0.094	0.098	0.095	0.096	0.098	0.095	0.097	0.096	0.095	0.096	0.096	0.093	0.095	0.093	0.094	0.095	0.094	0.094	0.095	0.095	0.095	0.096	0.095	0.095
5:00:08	19.9	0.098	0.094	0.094	0.099	0.093	0.094	0.093	0.094	0.094	0.095	0.095	0.094	0.093	0.095	0.095	0.096	0.095	0.096	0.095	0.096	0.095	0.094	0.095	0.094	0.094	0.094	0.095	0.095	0.095	0.094	0.094	0.095	0.095	0.094	0.097	0.094	0.093	0.094	0.094	0.094	0.094	0.095	0.094	0.095	0.095	0.095	0.097	0.094	0.094	0.096	0.095	0.095	0.097	0.095	0.094	0.094	0.094	0.095	0.095	0.094	0.096	0.098	0.096	0.098	0.095	0.094	0.097	0.094	0.094	0.095	0.095	0.093	0.094	0.098	0.095	0.096	0.098	0.095	0.096	0.095	0.095	0.095	0.095	0.093	0.095	0.093	0.094	0.094	0.094	0.094	0.095	0.094	0.094	0.096	0.094	0.093
6:00:10	19.8	0.098	0.094	0.094	0.099	0.093	0.095	0.093	0.094	0.094	0.095	0.095	0.094	0.093	0.095	0.095	0.096	0.095	0.096	0.095	0.096	0.095	0.095	0.095	0.095	0.094	0.095	0.095	0.095	0.095	0.095	0.095	0.094	0.095	0.095	0.097	0.094	0.093	0.094	0.094	0.094	0.094	0.095	0.095	0.095	0.095	0.095	0.097	0.094	0.094	0.096	0.096	0.095	0.097	0.095	0.094	0.094	0.094	0.095	0.095	0.094	0.095	0.098	0.097	0.098	0.095	0.095	0.097	0.094	0.095	0.095	0.095	0.093	0.094	0.098	0.095	0.096	0.098	0.095	0.097	0.095	0.095	0.095	0.095	0.093	0.095	0.093	0.094	0.094	0.094	0.094	0.095	0.095	0.095	0.096	0.095	0.093
7:00:11	19.8	0.098	0.095	0.094	0.097	0.093	0.095	0.093	0.094	0.094	0.095	0.095	0.094	0.093	0.095	0.095	0.096	0.096	0.097	0.095	0.096	0.095	0.095	0.095	0.095	0.094	0.095	0.095	0.096	0.096	0.095	0.095	0.095	0.095	0.095	0.097	0.094	0.093	0.094	0.095	0.094	0.094	0.095	0.095	0.095	0.095	0.095	0.097	0.094	0.094	0.096	0.096	0.095	0.097	0.095	0.094	0.094	0.094	0.095	0.095	0.094	0.096	0.098	0.096	0.098	0.095	0.095	0.097	0.094	0.095	0.095	0.095	0.093	0.094	0.098	0.095	0.096	0.098	0.095	0.097	0.096	0.095	0.095	0.095	0.093	0.095	0.093	0.094	0.094	0.094	0.094	0.095	0.095	0.095	0.096	0.095	0.093
8:00:12	19.8	0.098	0.094	0.094	0.099	0.093	0.095	0.093	0.094	0.095	0.095	0.095	0.094	0.093	0.095	0.095	0.096	0.096	0.097	0.095	0.096	0.095	0.095	0.096	0.095	0.094	0.095	0.095	0.095	0.096	0.095	0.095	0.095	0.095	0.095	0.097	0.094	0.093	0.094	0.095	0.094	0.094	0.095	0.095	0.095	0.095	0.095	0.098	0.094	0.094	0.096	0.096	0.095	0.097	0.096	0.094	0.094	0.095	0.095	0.095	0.094	0.096	0.098	0.097	0.098	0.095	0.095	0.097	0.094	0.095	0.095	0.095	0.093	0.094	0.098	0.095	0.096	0.098	0.095	0.097	0.096	0.095	0.095	0.095	0.093	0.095	0.094	0.094	0.094	0.094	0.094	0.095	0.095	0.095	0.096	0.095	0.093
9:00:13	19.7	0.098	0.095	0.094	0.099	0.093	0.095	0.093	0.094	0.095	0.095	0.095	0.094	0.093	0.096	0.095	0.096	0.096	0.097	0.096	0.096	0.095	0.095	0.096	0.095	0.095	0.095	0.096	0.096	0.096	0.095	0.095	0.095	0.096	0.095	0.098	0.094	0.093	0.094	0.095	0.094	0.094	0.096	0.096	0.095	0.095	0.096	0.098	0.094	0.094	0.097	0.096	0.096	0.097	0.096	0.095	0.094	0.095	0.096	0.096	0.094	0.096	0.098	0.097	0.098	0.096	0.095	0.097	0.095	0.095	0.095	0.095	0.093	0.094	0.098	0.096	0.096	0.099	0.096	0.097	0.096	0.096	0.096	0.096	0.094	0.095	0.094	0.094	0.095	0.094	0.094	0.095	0.095	0.095	0.096	0.095	0.094
10:00:12	19.7	0.098	0.095	0.094	0.099	0.093	0.095	0.093	0.094	0.095	0.095	0.095	0.094	0.094	0.096	0.096	0.097	0.096	0.097	0.096	0.097	0.096	0.095	0.095	0.095	0.094	0.095	0.096	0.096	0.096	0.095	0.095	0.095	0.096	0.095	0.098	0.094	0.093	0.095	0.095	0.095	0.095	0.096	0.096	0.096	0.095	0.096	0.098	0.094	0.094	0.097	0.096	0.096	0.098	0.096	0.095	0.094	0.095	0.096	0.096	0.094	0.096	0.099	0.097	0.098	0.095	0.095	0.097	0.095	0.095	0.095	0.096	0.093	0.094	0.098	0.096	0.096	0.098	0.096	0.097	0.096	0.096	0.096	0.096	0.093	0.095	0.094	0.094	0.094	0.094	0.094	0.095	0.095	0.095	0.096	0.095	0.094
11:00:14	19.7	0.098	0.095	0.094	0.100	0.093	0.095	0.094	0.094	0.095	0.095	0.095	0.094	0.094	0.096	0.095	0.097	0.096	0.097	0.096	0.097	0.096	0.096	0.096	0.095	0.095	0.095	0.096	0.096	0.096	0.095	0.095	0.096	0.096	0.095	0.098	0.094	0.093	0.095	0.095	0.095	0.095	0.097	0.096	0.096	0.096	0.096	0.098	0.094	0.095	0.097	0.096	0.096	0.098	0.096	0.095	0.095	0.095	0.096	0.096	0.094	0.096	0.099	0.097	0.098	0.096	0.095	0.098	0.095	0.096	0.095	0.096	0.093	0.094	0.099	0.096	0.097	0.099	0.096	0.097	0.096	0.096	0.096	0.097	0.093	0.095	0.094	0.094	0.095	0.094	0.094	0.095	0.095	0.095	0.096	0.095	0.094
12:00:15	19.7	0.098	0.095	0.094	0.099	0.093	0.095	0.093	0.094	0.095	0.095	0.095	0.094	0.093	0.096	0.096	0.097	0.097	0.097	0.096	0.097	0.096	0.096	0.096	0.095	0.094	0.095	0.096	0.096	0.096	0.095	0.095	0.095	0.096	0.095	0.098	0.094	0.093	0.095	0.095	0.095	0.095	0.096	0.096	0.096	0.096	0.096	0.098	0.094	0.094	0.097	0.096	0.096	0.098	0.096	0.094	0.095	0.095	0.096	0.096	0.094	0.096	0.099	0.097	0.098	0.096	0.095	0.098	0.095	0.096	0.095	0.096	0.093	0.094	0.098	0.096	0.096	0.099	0.096	0.097	0.096	0.096	0.096	0.096	0.093	0.095	0.094	0.094	0.095	0.094	0.094	0.095	0.095	0.095	0.096	0.094	0.094
13:00:16	19.7	0.098	0.095	0.094	0.100	0.094	0.095	0.093	0.094	0.095	0.095	0.095	0.095	0.094	0.096	0.096	0.097	0.097	0.098	0.097	0.097	0.096	0.097	0.096	0.095	0.095	0.096	0.097	0.096	0.097	0.096	0.096	0.096	0.097	0.096	0.098	0.094	0.093	0.095	0.096	0.095	0.096	0.097	0.096	0.097	0.096	0.096	0.098	0.094	0.095	0.098	0.097	0.096	0.098	0.097	0.095	0.095	0.095	0.097	0.096	0.094	0.096	0.099	0.098	0.099	0.097	0.096	0.098	0.095	0.096	0.096	0.096	0.093	0.094	0.099	0.096	0.097	0.100	0.096	0.097	0.097	0.096	0.097	0.097	0.093	0.095	0.094	0.094	0.095	0.094	0.094	0.096	0.095	0.095	0.096	0.095	0.094
14:00:17	19.7	0.098	0.095	0.094	0.099	0.093	0.095	0.094	0.094	0.095	0.095	0.095	0.095	0.094	0.097	0.096	0.097	0.097	0.098	0.097	0.098	0.097	0.097	0.096	0.095	0.095	0.096	0.097	0.096	0.096	0.096	0.096	0.096	0.097	0.096	0.099	0.094	0.093	0.096	0.096	0.095	0.096	0.098	0.096	0.097	0.097	0.096	0.098	0.094	0.094	0.098	0.097	0.097	0.099	0.097	0.095	0.095	0.095	0.097	0.097	0.094	0.096	0.099	0.098	0.099	0.097	0.095	0.098	0.095	0.096	0.095	0.096	0.093	0.094	0.099	0.096	0.097	0.100	0.097	0.097	0.097	0.097	0.097	0.097	0.093	0.095	0.094	0.094	0.094	0.094	0.094	0.095	0.095	0.095	0.096	0.095	0.094
15:00:18	19.7	0.098	0.095	0.095	0.100	0.093	0.095	0.093	0.094	0.095	0.095	0.095	0.095	0.094	0.097	0.096	0.097	0.098	0.098	0.097	0.098	0.097	0.097	0.096	0.095	0.095	0.096	0.097	0.096	0.097	0.097	0.096	0.096	0.098	0.096	0.099	0.094	0.093	0.096	0.096	0.096	0.096	0.098	0.097	0.097	0.097	0.097	0.098	0.094	0.094	0.098	0.097	0.097	0.099	0.097	0.095	0.096	0.095	0.098	0.097	0.094	0.096	0.100	0.098	0.099	0.097	0.095	0.099	0.095	0.097	0.096	0.097	0.093	0.094	0.099	0.097	0.097	0.100	0.097	0.097	0.097	0.097	0.097	0.097	0.093	0.096	0.094	0.094	0.095	0.094	0.094	0.095	0.095	0.095	0.096	0.095	0.094
16:00:19	19.7	0.098	0.095	0.094	0.099	0.093	0.095	0.093	0.094	0.095	0.095	0.095	0.095	0.094	0.097	0.096	0.098	0.098	0.098	0.098	0.098	0.097	0.097	0.096	0.095	0.095	0.097	0.097	0.096	0.096	0.097	0.096	0.097	0.098	0.096	0.099	0.094	0.094	0.096	0.097	0.096	0.097	0.099	0.097	0.097	0.097	0.097	0.098	0.094	0.094	0.098	0.097	0.097	0.099	0.097	0.095	0.096	0.095	0.098	0.097	0.094	0.096	0.100	0.099	0.099	0.098	0.095	0.099	0.095	0.097	0.096	0.097	0.093	0.094	0.100	0.097	0.097	0.100	0.097	0.097	0.097	0.097	0.097	0.097	0.093	0.095	0.094	0.094	0.094	0.094	0.094	0.095	0.095	0.095	0.096	0.095	0.094
17:00:20	19.7	0.099	0.095	0.095	0.097	0.094	0.095	0.094	0.094	0.095	0.095	0.096	0.095	0.094	0.098	0.097	0.099	0.099	0.099	0.099	0.099	0.098	0.098	0.097	0.095	0.095	0.097	0.098	0.097	0.097	0.097	0.096	0.097	0.099	0.096	0.100	0.094	0.094	0.097	0.097	0.097	0.097	0.099	0.098	0.098	0.098	0.098	0.099	0.095	0.095	0.099	0.098	0.098	0.100	0.099	0.095	0.097	0.096	0.099	0.098	0.095	0.096	0.101	0.099	0.100	0.098	0.096	0.100	0.095	0.098	0.096	0.098	0.093	0.094	0.101	0.098	0.098	0.101	0.098	0.098	0.098	0.098	0.098	0.098	0.093	0.096	0.094	0.095	0.095	0.095	0.094	0.096	0.095	0.095	0.096	0.095	0.094
18:00:21	19.7	0.099	0.095	0.095	0.098	0.094	0.095	0.094	0.094	0.095	0.095	0.096	0.095	0.094	0.099	0.097	0.099	0.099	0.099	0.099	0.099	0.098	0.099	0.097	0.096	0.095	0.098	0.099	0.097	0.097	0.098	0.097	0.098	0.100	0.096	0.101	0.094	0.094	0.097	0.098	0.097	0.098	0.100	0.098	0.099	0.099	0.098	0.099	0.095	0.095	0.100	0.099	0.098	0.101	0.099	0.096	0.097	0.096	0.099	0.098	0.094	0.096	0.101	0.100	0.100	0.099	0.096	0.100	0.096	0.098	0.096	0.099	0.094	0.095	0.101	0.098	0.098	0.102	0.098	0.098	0.099	0.099	0.098	0.098	0.094	0.096	0.094	0.095	0.095	0.095	0.095	0.096	0.095	0.095	0.096	0.095	0.094
19:00:29	19.9	0.098	0.095	0.095	0.097	0.094	0.095	0.094	0.094	0.095	0.095	0.096	0.095	0.094	0.099	0.097	0.099	0.100	0.099	0.100	0.100	0.099	0.099	0.096	0.095	0.095	0.098	0.099	0.097	0.097	0.099	0.097	0.099	0.100	0.096	0.101	0.094	0.094	0.098	0.098	0.098	0.098	0.101	0.099	0.099	0.099	0.099	0.099	0.094	0.095	0.100	0.100	0.098	0.102	0.099	0.096	0.098	0.096	0.100	0.099	0.095	0.096	0.101	0.100	0.101	0.100	0.096	0.101	0.096	0.099	0.096	0.099	0.093	0.094	0.101	0.099	0.099	0.102	0.099	0.098	0.099	0.099	0.099	0.099	0.094	0.096	0.094	0.094	0.095	0.095	0.094	0.095	0.095	0.095	0.096	0.095	0.094
20:00:23	20.1	0.098	0.095	0.095	0.100	0.094	0.095	0.094	0.094	0.095	0.095	0.096	0.095	0.094	0.100	0.097	0.100	0.100	0.099	0.101	0.100	0.100	0.100	0.097	0.095	0.095	0.100	0.100	0.097	0.097	0.099	0.097	0.099	0.101	0.096	0.102	0.094	0.093	0.099	0.099	0.098	0.099	0.102	0.100	0.100	0.100	0.100	0.099	0.095	0.095	0.101	0.100	0.099	0.102	0.100	0.096	0.098	0.096	0.101	0.099	0.095	0.097	0.102	0.101	0.101	0.101	0.096	0.102	0.096	0.099	0.096	0.100	0.093	0.095	0.102	0.100	0.099	0.103	0.099	0.098	0.100	0.100	0.100	0.099	0.094	0.096	0.094	0.094	0.095	0.095	0.095	0.095	0.095	0.095	0.096	0.095	0.094
21:00:23	20.3	0.098	0.095	0.095	0.100	0.094	0.095	0.094	0.094	0.095	0.095	0.096	0.095	0.094	0.100	0.097	0.101	0.101	0.099	0.102	0.101	0.101	0.100	0.097	0.095	0.094	0.099	0.100	0.097	0.097	0.100	0.097	0.100	0.102	0.096	0.103	0.094	0.093	0.099	0.099	0.099	0.099	0.102	0.100	0.101	0.101	0.100	0.099	0.094	0.095	0.102	0.101	0.099	0.103	0.101	0.096	0.099	0.096	0.102	0.100	0.094	0.096	0.103	0.101	0.102	0.102	0.096	0.102	0.096	0.100	0.096	0.101	0.094	0.094	0.103	0.100	0.100	0.103	0.100	0.098	0.100	0.101	0.100	0.100	0.094	0.095	0.094	0.094	0.095	0.094	0.094	0.095	0.095	0.095	0.096	0.095	0.094
22:00:25	20.4	0.099	0.095	0.095	0.100	0.094	0.095	0.094	0.094	0.095	0.095	0.095	0.095	0.094	0.101	0.097	0.101	0.102	0.099	0.103	0.102	0.102	0.102	0.097	0.096	0.095	0.100	0.102	0.097	0.098	0.101	0.097	0.101	0.103	0.096	0.104	0.094	0.093	0.100	0.100	0.100	0.101	0.104	0.102	0.102	0.102	0.102	0.099	0.095	0.095	0.103	0.102	0.100	0.104	0.102	0.096	0.100	0.096	0.103	0.101	0.095	0.096	0.104	0.102	0.103	0.103	0.096	0.104	0.096	0.101	0.097	0.103	0.094	0.094	0.104	0.101	0.101	0.105	0.101	0.098	0.102	0.102	0.101	0.101	0.094	0.096	0.094	0.094	0.095	0.095	0.094	0.095	0.095	0.095	0.096	0.095	0.094
23:00:26	20.5	0.099	0.096	0.096	0.100	0.094	0.095	0.094	0.094	0.095	0.096	0.096	0.095	0.094	0.103	0.098	0.103	0.104	0.100	0.105	0.104	0.103	0.103	0.097	0.096	0.095	0.102	0.103	0.098	0.098	0.102	0.097	0.102	0.105	0.097	0.105	0.095	0.094	0.102	0.101	0.102	0.102	0.106	0.103	0.103	0.103	0.103	0.099	0.095	0.095	0.104	0.103	0.101	0.106	0.103	0.097	0.102	0.096	0.105	0.103	0.095	0.097	0.105	0.104	0.104	0.105	0.096	0.106	0.096	0.102	0.097	0.104	0.094	0.094	0.105	0.103	0.102	0.106	0.102	0.098	0.102	0.103	0.102	0.103	0.094	0.095	0.094	0.095	0.095	0.095	0.095	0.095	0.095	0.095	0.096	0.095	0.095
24:00:26	20.5	0.099	0.095	0.095	0.099	0.094	0.095	0.094	0.094	0.095	0.095	0.096	0.095	0.094	0.104	0.098	0.104	0.105	0.100	0.106	0.105	0.104	0.105	0.097	0.095	0.095	0.102	0.104	0.097	0.098	0.104	0.097	0.103	0.107	0.097	0.107	0.094	0.094	0.103	0.102	0.103	0.103	0.108	0.105	0.105	0.105	0.104	0.099	0.095	0.095	0.105	0.104	0.102	0.107	0.105	0.096	0.102	0.096	0.107	0.103	0.095	0.096	0.106	0.105	0.105	0.107	0.096	0.107	0.096	0.103	0.097	0.106	0.093	0.094	0.106	0.104	0.103	0.107	0.104	0.098	0.104	0.105	0.104	0.103	0.094	0.096	0.094	0.095	0.095	0.095	0.094	0.095	0.095	0.095	0.096	0.095	0.094
25:00:27	20.6	0.098	0.095	0.095	0.100	0.094	0.096	0.094	0.094	0.095	0.095	0.096	0.095	0.094	0.105	0.098	0.105	0.107	0.100	0.108	0.107	0.107	0.106	0.097	0.095	0.095	0.104	0.105	0.098	0.098	0.105	0.097	0.105	0.109	0.097	0.108	0.094	0.094	0.104	0.104	0.104	0.105	0.110	0.107	0.107	0.107	0.106	0.099	0.095	0.095	0.107	0.106	0.103	0.109	0.107	0.097	0.104	0.097	0.109	0.105	0.095	0.096	0.108	0.106	0.106	0.109	0.096	0.109	0.096	0.105	0.097	0.108	0.094	0.094	0.108	0.106	0.104	0.109	0.105	0.098	0.105	0.107	0.106	0.105	0.094	0.096	0.094	0.094	0.095	0.095	0.094	0.095	0.095	0.095	0.096	0.095	0.094
26:00:29	20.6	0.098	0.095	0.095	0.099	0.094	0.095	0.094	0.094	0.095	0.096	0.096	0.095	0.094	0.108	0.098	0.107	0.109	0.100	0.111	0.108	0.109	0.109	0.097	0.095	0.095	0.106	0.107	0.098	0.098	0.107	0.098	0.107	0.112	0.097	0.111	0.094	0.093	0.106	0.105	0.106	0.107	0.112	0.109	0.108	0.109	0.108	0.099	0.094	0.095	0.109	0.108	0.105	0.111	0.109	0.097	0.106	0.097	0.111	0.107	0.094	0.096	0.110	0.108	0.108	0.111	0.096	0.111	0.097	0.106	0.097	0.111	0.094	0.094	0.110	0.108	0.106	0.111	0.107	0.098	0.107	0.108	0.107	0.107	0.093	0.095	0.094	0.094	0.095	0.095	0.094	0.095	0.095	0.095	0.096	0.095	0.094
27:00:30	20.5	0.098	0.095	0.096	0.099	0.093	0.095	0.094	0.094	0.095	0.095	0.095	0.095	0.094	0.110	0.098	0.109	0.111	0.100	0.114	0.110	0.112	0.111	0.097	0.095	0.095	0.107	0.109	0.098	0.098	0.110	0.098	0.109	0.115	0.097	0.113	0.094	0.093	0.109	0.107	0.109	0.109	0.116	0.111	0.111	0.112	0.111	0.099	0.095	0.094	0.111	0.111	0.106	0.113	0.111	0.097	0.109	0.097	0.114	0.109	0.094	0.096	0.112	0.110	0.110	0.114	0.096	0.113	0.096	0.109	0.097	0.114	0.093	0.094	0.112	0.110	0.108	0.114	0.109	0.099	0.109	0.111	0.109	0.109	0.093	0.095	0.094	0.094	0.095	0.095	0.094	0.095	0.095	0.095	0.096	0.095	0.095
28:00:30	20.2	0.098	0.095	0.095	0.099	0.094	0.095	0.093	0.094	0.095	0.095	0.095	0.095	0.094	0.112	0.098	0.111	0.114	0.101	0.118	0.113	0.115	0.115	0.097	0.095	0.095	0.110	0.112	0.098	0.098	0.113	0.098	0.111	0.118	0.097	0.116	0.094	0.093	0.112	0.109	0.112	0.111	0.119	0.115	0.114	0.115	0.114	0.100	0.094	0.095	0.114	0.113	0.108	0.117	0.114	0.097	0.111	0.097	0.117	0.111	0.094	0.096	0.114	0.113	0.112	0.118	0.096	0.117	0.097	0.111	0.097	0.117	0.093	0.094	0.115	0.113	0.110	0.117	0.112	0.099	0.111	0.114	0.112	0.111	0.094	0.095	0.094	0.094	0.095	0.094	0.094	0.095	0.095	0.095	0.096	0.094	0.094
29:00:30	20.1	0.098	0.095	0.096	0.099	0.094	0.095	0.094	0.094	0.095	0.095	0.096	0.095	0.094	0.116	0.099	0.115	0.117	0.101	0.122	0.117	0.119	0.118	0.098	0.095	0.095	0.113	0.115	0.099	0.098	0.117	0.098	0.115	0.123	0.098	0.120	0.094	0.094	0.115	0.112	0.115	0.115	0.125	0.119	0.118	0.119	0.117	0.100	0.095	0.095	0.117	0.117	0.111	0.120	0.118	0.098	0.115	0.097	0.121	0.114	0.094	0.096	0.117	0.116	0.115	0.122	0.097	0.120	0.097	0.115	0.098	0.122	0.094	0.094	0.118	0.117	0.113	0.121	0.115	0.099	0.115	0.118	0.115	0.114	0.094	0.096	0.094	0.094	0.095	0.095	0.094	0.095	0.095	0.095	0.096	0.095	0.094
30:00:31	20.1	0.099	0.095	0.096	0.099	0.094	0.096	0.094	0.094	0.095	0.096	0.096	0.095	0.094	0.119	0.099	0.118	0.121	0.102	0.128	0.120	0.124	0.123	0.098	0.095	0.095	0.116	0.119	0.099	0.098	0.121	0.099	0.119	0.129	0.098	0.124	0.095	0.094	0.119	0.115	0.119	0.119	0.130	0.123	0.122	0.124	0.122	0.100	0.095	0.095	0.121	0.121	0.115	0.125	0.122	0.098	0.118	0.098	0.126	0.118	0.095	0.097	0.121	0.120	0.118	0.127	0.097	0.125	0.097	0.118	0.099	0.127	0.094	0.095	0.122	0.121	0.116	0.126	0.119	0.099	0.118	0.123	0.119	0.118	0.094	0.096	0.094	0.095	0.095	0.095	0.094	0.095	0.096	0.095	0.096	0.095	0.094
31:00:33	20.1	0.098	0.095	0.096	0.099	0.093	0.095	0.094	0.094	0.095	0.095	0.096	0.095	0.094	0.124	0.099	0.122	0.126	0.102	0.134	0.124	0.129	0.128	0.098	0.095	0.095	0.120	0.123	0.099	0.098	0.126	0.099	0.123	0.135	0.098	0.129	0.094	0.093	0.123	0.119	0.124	0.123	0.136	0.129	0.126	0.129	0.127	0.100	0.094	0.095	0.125	0.126	0.118	0.129	0.127	0.098	0.123	0.098	0.131	0.122	0.094	0.096	0.126	0.124	0.122	0.134	0.097	0.130	0.097	0.123	0.099	0.133	0.093	0.094	0.127	0.127	0.120	0.131	0.123	0.099	0.122	0.128	0.124	0.122	0.094	0.096	0.094	0.094	0.095	0.094	0.094	0.095	0.095	0.095	0.096	0.095	0.094
32:00:34	20.1	0.098	0.095	0.096	0.099	0.094	0.096	0.094	0.094	0.095	0.095	0.096	0.095	0.094	0.130	0.100	0.128	0.132	0.102	0.142	0.130	0.136	0.135	0.098	0.095	0.095	0.125	0.130	0.099	0.098	0.132	0.099	0.128	0.142	0.098	0.135	0.094	0.094	0.129	0.124	0.130	0.128	0.144	0.135	0.131	0.136	0.133	0.100	0.095	0.095	0.132	0.132	0.123	0.136	0.134	0.098	0.129	0.098	0.138	0.127	0.095	0.096	0.131	0.129	0.127	0.142	0.097	0.136	0.097	0.128	0.099	0.141	0.093	0.095	0.133	0.133	0.124	0.137	0.129	0.099	0.127	0.134	0.129	0.127	0.094	0.096	0.094	0.094	0.095	0.095	0.094	0.095	0.095	0.095	0.096	0.095	0.095
33:00:36	20.1	0.098	0.095	0.097	0.099	0.094	0.095	0.094	0.094	0.095	0.095	0.096	0.095	0.094	0.137	0.100	0.134	0.139	0.102	0.150	0.137	0.143	0.142	0.098	0.095	0.095	0.131	0.136	0.099	0.099	0.139	0.099	0.134	0.151	0.098	0.142	0.094	0.093	0.136	0.130	0.136	0.134	0.153	0.142	0.138	0.144	0.140	0.101	0.094	0.095	0.139	0.140	0.128	0.143	0.141	0.099	0.135	0.099	0.146	0.133	0.094	0.096	0.137	0.136	0.133	0.150	0.097	0.143	0.098	0.135	0.100	0.149	0.094	0.094	0.140	0.141	0.130	0.145	0.135	0.099	0.133	0.140	0.136	0.132	0.093	0.096	0.094	0.094	0.095	0.095	0.094	0.095	0.095	0.095	0.096	0.095	0.094
34:00:37	20.1	0.098	0.095	0.096	0.099	0.094	0.095	0.094	0.094	0.095	0.095	0.096	0.095	0.094	0.146	0.101	0.143	0.147	0.103	0.161	0.144	0.153	0.151	0.098	0.095	0.095	0.138	0.144	0.100	0.099	0.148	0.100	0.141	0.161	0.099	0.150	0.095	0.094	0.145	0.137	0.145	0.142	0.163	0.152	0.146	0.153	0.148	0.101	0.095	0.095	0.147	0.148	0.135	0.152	0.150	0.099	0.142	0.099	0.154	0.139	0.095	0.096	0.145	0.144	0.139	0.159	0.098	0.152	0.098	0.142	0.100	0.159	0.094	0.095	0.149	0.150	0.137	0.154	0.142	0.100	0.140	0.149	0.143	0.140	0.094	0.096	0.094	0.094	0.095	0.095	0.094	0.095	0.095	0.095	0.096	0.095	0.095
35:00:37	20.1	0.098	0.095	0.097	0.099	0.094	0.096	0.094	0.094	0.095	0.096	0.096	0.095	0.095	0.157	0.102	0.153	0.158	0.104	0.173	0.154	0.164	0.161	0.099	0.096	0.095	0.147	0.155	0.101	0.099	0.159	0.100	0.149	0.172	0.100	0.160	0.095	0.094	0.156	0.146	0.155	0.152	0.174	0.161	0.155	0.164	0.158	0.101	0.095	0.095	0.158	0.159	0.143	0.162	0.160	0.099	0.151	0.100	0.164	0.147	0.095	0.096	0.155	0.155	0.148	0.170	0.098	0.162	0.098	0.152	0.101	0.171	0.094	0.094	0.160	0.162	0.145	0.165	0.152	0.100	0.148	0.159	0.153	0.148	0.094	0.096	0.094	0.095	0.095	0.095	0.094	0.095	0.095	0.095	0.096	0.095	0.094
36:00:37	20.1	0.099	0.095	0.097	0.099	0.094	0.096	0.094	0.094	0.095	0.095	0.096	0.095	0.094	0.169	0.103	0.164	0.168	0.104	0.183	0.165	0.175	0.172	0.099	0.096	0.095	0.159	0.166	0.101	0.099	0.171	0.101	0.159	0.183	0.100	0.170	0.095	0.094	0.169	0.155	0.165	0.162	0.185	0.171	0.164	0.175	0.167	0.102	0.095	0.095	0.169	0.170	0.153	0.172	0.170	0.100	0.161	0.101	0.174	0.157	0.095	0.097	0.165	0.165	0.157	0.180	0.098	0.172	0.099	0.163	0.102	0.182	0.094	0.095	0.170	0.173	0.155	0.175	0.162	0.100	0.158	0.169	0.163	0.158	0.094	0.096	0.094	0.095	0.095	0.095	0.095	0.095	0.096	0.095	0.096	0.095	0.094
37:00:39	20.1	0.099	0.095	0.096	0.099	0.094	0.096	0.094	0.094	0.095	0.095	0.096	0.095	0.094	0.180	0.103	0.175	0.180	0.105	0.195	0.175	0.186	0.184	0.099	0.095	0.095	0.170	0.177	0.102	0.099	0.181	0.101	0.169	0.193	0.100	0.181	0.094	0.093	0.180	0.166	0.174	0.172	0.196	0.182	0.174	0.185	0.177	0.102	0.095	0.095	0.179	0.180	0.163	0.182	0.180	0.100	0.170	0.101	0.185	0.166	0.095	0.096	0.176	0.174	0.167	0.190	0.099	0.183	0.099	0.173	0.102	0.194	0.094	0.095	0.182	0.182	0.165	0.185	0.171	0.100	0.168	0.179	0.174	0.168	0.094	0.096	0.094	0.094	0.095	0.095	0.094	0.095	0.095	0.095	0.096	0.095	0.094
38:00:40	20.0	0.099	0.095	0.096	0.100	0.094	0.096	0.094	0.094	0.095	0.095	0.096	0.095	0.095	0.193	0.104	0.190	0.192	0.106	0.206	0.186	0.197	0.197	0.099	0.095	0.095	0.184	0.188	0.103	0.100	0.193	0.101	0.180	0.204	0.101	0.193	0.095	0.094	0.193	0.177	0.186	0.183	0.207	0.193	0.185	0.196	0.189	0.102	0.095	0.095	0.191	0.192	0.173	0.193	0.192	0.101	0.181	0.102	0.197	0.177	0.095	0.097	0.188	0.186	0.179	0.202	0.099	0.195	0.099	0.185	0.104	0.205	0.094	0.095	0.194	0.194	0.175	0.196	0.183	0.100	0.178	0.189	0.187	0.180	0.094	0.096	0.094	0.095	0.095	0.095	0.094	0.095	0.096	0.096	0.096	0.095	0.095
39:00:40	20.0	0.098	0.095	0.096	0.099	0.094	0.096	0.094	0.094	0.095	0.095	0.096	0.095	0.094	0.206	0.105	0.201	0.202	0.106	0.216	0.197	0.208	0.206	0.099	0.095	0.095	0.195	0.200	0.103	0.100	0.204	0.102	0.191	0.214	0.101	0.204	0.094	0.094	0.203	0.187	0.198	0.194	0.217	0.202	0.196	0.206	0.200	0.102	0.095	0.095	0.202	0.204	0.184	0.204	0.203	0.101	0.192	0.103	0.208	0.189	0.094	0.096	0.200	0.197	0.190	0.213	0.099	0.205	0.100	0.196	0.105	0.218	0.094	0.095	0.205	0.205	0.187	0.207	0.194	0.100	0.190	0.201	0.197	0.192	0.093	0.095	0.094	0.094	0.095	0.095	0.094	0.095	0.095	0.095	0.096	0.095	0.094
40:00:42	19.9	0.099	0.096	0.097	0.100	0.094	0.096	0.094	0.094	0.095	0.095	0.096	0.095	0.095	0.219	0.107	0.212	0.214	0.108	0.228	0.208	0.219	0.217	0.105	0.096	0.095	0.207	0.212	0.105	0.100	0.216	0.102	0.203	0.226	0.102	0.216	0.095	0.094	0.217	0.199	0.209	0.206	0.228	0.213	0.207	0.218	0.211	0.102	0.095	0.095	0.215	0.215	0.195	0.216	0.216	0.102	0.204	0.104	0.219	0.200	0.095	0.097	0.213	0.210	0.202	0.225	0.100	0.217	0.100	0.206	0.107	0.231	0.094	0.095	0.218	0.217	0.197	0.218	0.206	0.101	0.203	0.214	0.210	0.205	0.094	0.096	0.094	0.095	0.095	0.095	0.094	0.095	0.096	0.096	0.096	0.096	0.094
41:00:42	19.9	0.099	0.095	0.097	0.099	0.094	0.095	0.094	0.094	0.095	0.095	0.096	0.095	0.094	0.230	0.108	0.225	0.224	0.108	0.239	0.219	0.231	0.230	0.103	0.095	0.095	0.220	0.224	0.105	0.100	0.228	0.103	0.213	0.237	0.103	0.228	0.094	0.093	0.227	0.211	0.220	0.216	0.240	0.224	0.217	0.229	0.223	0.103	0.094	0.095	0.227	0.227	0.205	0.227	0.226	0.102	0.216	0.105	0.230	0.212	0.095	0.096	0.225	0.221	0.213	0.237	0.100	0.229	0.101	0.218	0.108	0.243	0.094	0.094	0.228	0.229	0.208	0.231	0.219	0.101	0.215	0.225	0.222	0.216	0.094	0.096	0.094	0.094	0.095	0.095	0.094	0.095	0.096	0.095	0.096	0.095	0.094
42:00:43	20.0	0.098	0.095	0.096	0.099	0.094	0.096	0.094	0.094	0.095	0.095	0.096	0.095	0.095	0.243	0.110	0.238	0.235	0.109	0.253	0.230	0.244	0.243	0.103	0.095	0.095	0.231	0.235	0.107	0.100	0.239	0.103	0.224	0.250	0.104	0.242	0.094	0.094	0.239	0.223	0.231	0.226	0.253	0.236	0.227	0.242	0.235	0.103	0.095	0.095	0.240	0.239	0.217	0.237	0.239	0.103	0.225	0.106	0.242	0.224	0.095	0.096	0.236	0.233	0.223	0.249	0.100	0.243	0.102	0.231	0.111	0.256	0.094	0.094	0.241	0.242	0.221	0.245	0.231	0.101	0.226	0.238	0.234	0.229	0.094	0.096	0.094	0.094	0.095	0.095	0.094	0.095	0.095	0.095	0.096	0.095	0.094
43:00:44	20.1	0.098	0.095	0.096	0.100	0.094	0.096	0.094	0.094	0.095	0.095	0.096	0.095	0.094	0.257	0.112	0.251	0.248	0.111	0.265	0.241	0.258	0.257	0.101	0.095	0.095	0.242	0.247	0.108	0.101	0.251	0.105	0.236	0.264	0.105	0.255	0.094	0.094	0.251	0.234	0.243	0.237	0.266	0.248	0.239	0.256	0.249	0.104	0.095	0.094	0.253	0.250	0.229	0.251	0.253	0.104	0.238	0.108	0.255	0.236	0.095	0.096	0.250	0.247	0.237	0.264	0.101	0.255	0.102	0.244	0.113	0.270	0.094	0.095	0.256	0.256	0.233	0.258	0.244	0.101	0.238	0.249	0.247	0.241	0.094	0.095	0.094	0.095	0.095	0.095	0.094	0.095	0.095	0.095	0.096	0.095	0.094
44:00:45	20.1	0.099	0.095	0.096	0.102	0.094	0.096	0.094	0.094	0.095	0.095	0.096	0.095	0.094	0.271	0.115	0.262	0.260	0.113	0.277	0.256	0.270	0.271	0.101	0.095	0.095	0.255	0.259	0.110	0.101	0.265	0.106	0.248	0.278	0.107	0.267	0.095	0.094	0.265	0.246	0.257	0.250	0.281	0.261	0.252	0.270	0.262	0.104	0.095	0.095	0.267	0.263	0.242	0.263	0.267	0.105	0.251	0.110	0.269	0.249	0.095	0.097	0.263	0.259	0.249	0.277	0.101	0.268	0.103	0.257	0.117	0.284	0.094	0.095	0.270	0.268	0.247	0.271	0.258	0.102	0.251	0.263	0.260	0.255	0.094	0.096	0.094	0.095	0.095	0.095	0.094	0.095	0.095	0.095	0.096	0.095	0.094
45:00:46	20.0	0.099	0.095	0.096	0.102	0.094	0.096	0.094	0.094	0.095	0.095	0.096	0.095	0.095	0.284	0.118	0.275	0.275	0.115	0.291	0.268	0.285	0.284	0.101	0.096	0.095	0.266	0.273	0.112	0.101	0.278	0.107	0.260	0.292	0.109	0.282	0.095	0.094	0.276	0.258	0.270	0.263	0.296	0.274	0.265	0.284	0.275	0.105	0.095	0.095	0.278	0.277	0.254	0.277	0.280	0.107	0.264	0.112	0.283	0.262	0.095	0.096	0.277	0.272	0.262	0.292	0.102	0.281	0.104	0.271	0.120	0.299	0.094	0.095	0.283	0.282	0.260	0.284	0.272	0.102	0.266	0.277	0.275	0.268	0.094	0.096	0.094	0.095	0.095	0.095	0.095	0.095	0.095	0.095	0.096	0.095	0.094
46:00:47	20.0	0.098	0.096	0.096	0.102	0.094	0.095	0.094	0.094	0.095	0.096	0.097	0.095	0.094	0.297	0.122	0.288	0.288	0.117	0.306	0.282	0.299	0.299	0.102	0.095	0.095	0.278	0.286	0.115	0.101	0.292	0.108	0.273	0.308	0.111	0.296	0.095	0.094	0.291	0.271	0.285	0.276	0.311	0.288	0.277	0.298	0.290	0.105	0.095	0.095	0.291	0.290	0.266	0.291	0.295	0.108	0.278	0.115	0.299	0.275	0.095	0.096	0.290	0.285	0.274	0.307	0.103	0.296	0.105	0.285	0.124	0.314	0.094	0.095	0.296	0.296	0.273	0.299	0.286	0.103	0.278	0.291	0.288	0.282	0.094	0.096	0.094	0.095	0.095	0.095	0.094	0.095	0.096	0.095	0.096	0.095	0.094
47:00:50	20.0	0.099	0.095	0.095	0.102	0.094	0.096	0.094	0.094	0.095	0.095	0.097	0.095	0.094	0.312	0.125	0.301	0.302	0.119	0.321	0.296	0.314	0.315	0.102	0.095	0.095	0.291	0.300	0.118	0.102	0.306	0.110	0.286	0.323	0.113	0.311	0.095	0.094	0.305	0.284	0.298	0.289	0.327	0.302	0.290	0.313	0.305	0.106	0.095	0.095	0.305	0.304	0.278	0.305	0.309	0.109	0.291	0.118	0.314	0.289	0.095	0.096	0.302	0.299	0.288	0.323	0.104	0.310	0.107	0.299	0.129	0.331	0.094	0.095	0.312	0.311	0.287	0.314	0.300	0.103	0.292	0.306	0.303	0.295	0.094	0.096	0.094	0.094	0.095	0.095	0.094	0.095	0.095	0.095	0.096	0.095	0.094
48:00:49	20.1	0.098	0.095	0.095	0.102	0.094	0.096	0.094	0.094	0.095	0.095	0.097	0.095	0.094	0.325	0.129	0.316	0.316	0.121	0.336	0.311	0.328	0.331	0.102	0.095	0.095	0.303	0.314	0.122	0.102	0.321	0.111	0.300	0.339	0.115	0.325	0.094	0.094	0.318	0.298	0.313	0.303	0.344	0.317	0.304	0.328	0.321	0.106	0.095	0.094	0.319	0.319	0.290	0.320	0.324	0.111	0.305	0.121	0.330	0.303	0.095	0.096	0.317	0.313	0.301	0.339	0.105	0.326	0.108	0.314	0.132	0.346	0.094	0.094	0.325	0.327	0.300	0.329	0.315	0.103	0.306	0.321	0.319	0.310	0.094	0.096	0.094	0.094	0.095	0.095	0.094	0.095	0.095	0.095	0.096	0.095	0.094
49:00:51	20.1	0.099	0.095	0.095	0.102	0.094	0.096	0.094	0.094	0.095	0.095	0.097	0.095	0.094	0.341	0.134	0.331	0.332	0.125	0.353	0.326	0.345	0.348	0.103	0.095	0.095	0.318	0.330	0.127	0.103	0.337	0.113	0.314	0.357	0.118	0.342	0.095	0.094	0.334	0.312	0.329	0.317	0.361	0.333	0.318	0.345	0.337	0.107	0.095	0.095	0.335	0.334	0.304	0.336	0.340	0.113	0.320	0.125	0.347	0.319	0.095	0.097	0.332	0.328	0.316	0.357	0.106	0.342	0.110	0.329	0.137	0.362	0.094	0.095	0.341	0.343	0.314	0.345	0.330	0.104	0.320	0.338	0.334	0.324	0.094	0.096	0.094	0.095	0.095	0.094	0.094	0.095	0.096	0.095	0.096	0.095	0.095
50:00:50	20.1	0.098	0.095	0.095	0.102	0.094	0.095	0.094	0.094	0.095	0.095	0.096	0.095	0.094	0.357	0.138	0.347	0.346	0.127	0.372	0.341	0.362	0.365	0.104	0.095	0.095	0.331	0.345	0.131	0.103	0.352	0.115	0.329	0.376	0.121	0.357	0.095	0.094	0.350	0.326	0.344	0.332	0.379	0.348	0.332	0.362	0.353	0.108	0.095	0.095	0.351	0.350	0.318	0.352	0.356	0.114	0.335	0.128	0.364	0.334	0.095	0.096	0.348	0.345	0.330	0.375	0.107	0.357	0.112	0.344	0.141	0.381	0.094	0.094	0.356	0.360	0.329	0.363	0.347	0.105	0.336	0.355	0.350	0.340	0.094	0.096	0.094	0.094	0.095	0.094	0.094	0.095	0.095	0.095	0.096	0.095	0.094
51:00:52	20.0	0.098	0.095	0.095	0.102	0.094	0.095	0.094	0.094	0.095	0.095	0.096	0.095	0.094	0.374	0.148	0.362	0.363	0.129	0.390	0.358	0.379	0.382	0.104	0.095	0.095	0.346	0.362	0.135	0.104	0.368	0.117	0.344	0.394	0.124	0.375	0.094	0.094	0.366	0.341	0.362	0.347	0.398	0.366	0.348	0.380	0.371	0.109	0.094	0.095	0.367	0.367	0.332	0.369	0.374	0.116	0.351	0.132	0.383	0.348	0.095	0.096	0.364	0.362	0.346	0.394	0.108	0.375	0.114	0.360	0.144	0.399	0.094	0.095	0.373	0.379	0.344	0.381	0.363	0.105	0.353	0.372	0.366	0.355	0.094	0.096	0.094	0.094	0.095	0.095	0.094	0.095	0.095	0.095	0.096	0.095	0.094
52:00:53	19.9	0.098	0.095	0.095	0.102	0.094	0.095	0.094	0.094	0.095	0.095	0.097	0.095	0.094	0.391	0.146	0.380	0.381	0.132	0.410	0.375	0.398	0.399	0.105	0.095	0.095	0.362	0.378	0.140	0.105	0.387	0.118	0.360	0.413	0.126	0.393	0.095	0.094	0.383	0.357	0.380	0.362	0.418	0.384	0.364	0.399	0.390	0.109	0.095	0.095	0.385	0.385	0.348	0.387	0.392	0.118	0.367	0.135	0.401	0.365	0.095	0.096	0.382	0.379	0.362	0.413	0.110	0.393	0.116	0.378	0.148	0.418	0.094	0.095	0.391	0.397	0.362	0.399	0.381	0.106	0.368	0.391	0.384	0.371	0.094	0.096	0.094	0.094	0.095	0.095	0.094	0.095	0.096	0.095	0.096	0.095	0.094
53:00:54	19.9	0.098	0.095	0.095	0.101	0.094	0.095	0.093	0.094	0.095	0.095	0.097	0.095	0.094	0.409	0.149	0.397	0.397	0.134	0.430	0.392	0.417	0.418	0.106	0.095	0.095	0.378	0.395	0.144	0.105	0.404	0.120	0.376	0.432	0.129	0.411	0.094	0.093	0.400	0.373	0.398	0.379	0.439	0.402	0.381	0.418	0.407	0.111	0.094	0.094	0.402	0.403	0.363	0.405	0.409	0.119	0.384	0.139	0.419	0.382	0.094	0.096	0.400	0.397	0.377	0.432	0.111	0.411	0.118	0.396	0.151	0.438	0.094	0.094	0.409	0.416	0.379	0.418	0.400	0.106	0.384	0.408	0.401	0.387	0.094	0.096	0.094	0.094	0.095	0.094	0.094	0.095	0.095	0.095	0.096	0.095	0.094
54:00:55	19.9	0.098	0.095	0.095	0.102	0.094	0.095	0.094	0.094	0.095	0.095	0.097	0.095	0.094	0.426	0.153	0.416	0.415	0.137	0.451	0.410	0.436	0.436	0.107	0.095	0.095	0.395	0.412	0.149	0.107	0.424	0.122	0.393	0.453	0.133	0.429	0.094	0.094	0.418	0.391	0.417	0.395	0.459	0.421	0.398	0.437	0.426	0.112	0.095	0.094	0.419	0.421	0.380	0.423	0.427	0.121	0.402	0.142	0.440	0.399	0.095	0.096	0.417	0.414	0.395	0.452	0.112	0.429	0.121	0.414	0.155	0.456	0.094	0.095	0.428	0.435	0.397	0.437	0.418	0.107	0.401	0.426	0.417	0.405	0.094	0.096	0.094	0.094	0.095	0.095	0.094	0.095	0.095	0.095	0.096	0.095	0.094
55:00:57	19.9	0.098	0.095	0.095	0.102	0.094	0.095	0.094	0.094	0.095	0.095	0.097	0.095	0.094	0.445	0.158	0.433	0.434	0.140	0.472	0.428	0.455	0.457	0.108	0.095	0.095	0.413	0.431	0.153	0.108	0.443	0.125	0.412	0.476	0.135	0.449	0.094	0.094	0.437	0.408	0.436	0.414	0.480	0.441	0.416	0.457	0.447	0.113	0.094	0.094	0.437	0.440	0.398	0.442	0.445	0.124	0.420	0.146	0.462	0.415	0.095	0.096	0.434	0.432	0.412	0.473	0.114	0.449	0.123	0.433	0.158	0.477	0.094	0.095	0.446	0.454	0.416	0.457	0.436	0.108	0.419	0.445	0.435	0.423	0.094	0.096	0.094	0.094	0.095	0.094	0.094	0.095	0.095	0.095	0.096	0.095	0.094
56:00:57	19.9	0.098	0.095	0.095	0.102	0.094	0.095	0.094	0.094	0.095	0.095	0.096	0.095	0.094	0.464	0.162	0.454	0.452	0.143	0.493	0.446	0.476	0.479	0.110	0.095	0.095	0.430	0.449	0.158	0.109	0.463	0.127	0.431	0.501	0.139	0.470	0.094	0.094	0.455	0.426	0.455	0.431	0.503	0.462	0.435	0.478	0.468	0.115	0.095	0.095	0.456	0.459	0.414	0.462	0.465	0.126	0.440	0.150	0.483	0.433	0.095	0.096	0.453	0.451	0.430	0.496	0.116	0.467	0.126	0.452	0.162	0.499	0.094	0.095	0.464	0.474	0.433	0.478	0.455	0.109	0.436	0.464	0.453	0.441	0.094	0.096	0.094	0.095	0.095	0.095	0.094	0.095	0.096	0.095	0.096	0.095	0.094
57:00:57	19.9	0.098	0.095	0.095	0.102	0.094	0.095	0.094	0.094	0.095	0.095	0.096	0.095	0.094	0.484	0.165	0.473	0.472	0.145	0.517	0.466	0.499	0.501	0.111	0.095	0.095	0.447	0.469	0.162	0.110	0.483	0.129	0.449	0.524	0.142	0.491	0.094	0.093	0.473	0.443	0.475	0.449	0.527	0.483	0.453	0.500	0.489	0.116	0.095	0.095	0.476	0.479	0.433	0.481	0.484	0.128	0.459	0.153	0.505	0.451	0.095	0.096	0.471	0.470	0.447	0.516	0.117	0.486	0.128	0.472	0.165	0.521	0.094	0.095	0.485	0.496	0.452	0.500	0.473	0.110	0.452	0.484	0.472	0.458	0.094	0.096	0.094	0.094	0.095	0.094	0.094	0.095	0.095	0.095	0.096	0.095	0.094
58:00:57	19.9	0.098	0.095	0.095	0.102	0.094	0.096	0.094	0.094	0.095	0.095	0.096	0.095	0.094	0.504	0.169	0.494	0.494	0.148	0.541	0.488	0.521	0.524	0.112	0.095	0.095	0.466	0.489	0.166	0.111	0.506	0.131	0.471	0.549	0.145	0.514	0.094	0.094	0.494	0.462	0.496	0.468	0.549	0.507	0.475	0.521	0.513	0.118	0.095	0.094	0.497	0.502	0.451	0.504	0.506	0.131	0.479	0.156	0.529	0.471	0.094	0.097	0.491	0.489	0.466	0.539	0.120	0.508	0.131	0.494	0.168	0.542	0.094	0.095	0.506	0.517	0.471	0.521	0.494	0.112	0.469	0.505	0.492	0.477	0.094	0.096	0.094	0.094	0.095	0.095	0.094	0.095	0.096	0.095	0.096	0.095	0.094
59:00:59	19.8	0.098	0.095	0.095	0.102	0.094	0.095	0.094	0.094	0.095	0.095	0.096	0.095	0.094	0.526	0.173	0.515	0.516	0.151	0.563	0.512	0.544	0.546	0.114	0.095	0.095	0.485	0.509	0.171	0.112	0.528	0.134	0.493	0.568	0.148	0.536	0.095	0.093	0.517	0.480	0.519	0.487	0.571	0.528	0.499	0.543	0.536	0.120	0.095	0.094	0.519	0.524	0.470	0.527	0.529	0.134	0.501	0.160	0.552	0.493	0.095	0.096	0.513	0.510	0.487	0.563	0.122	0.529	0.133	0.515	0.171	0.560	0.094	0.095	0.527	0.538	0.490	0.544	0.515	0.113	0.489	0.528	0.514	0.496	0.094	0.096	0.094	0.094	0.095	0.095	0.094	0.095	0.095	0.095	0.096	0.095	0.094
60:01:00	19.8	0.098	0.095	0.095	0.102	0.094	0.095	0.094	0.094	0.095	0.095	0.096	0.095	0.094	0.548	0.177	0.536	0.538	0.153	0.580	0.534	0.565	0.571	0.116	0.095	0.095	0.505	0.531	0.175	0.114	0.548	0.136	0.516	0.583	0.151	0.559	0.094	0.094	0.538	0.500	0.540	0.510	0.585	0.550	0.521	0.562	0.558	0.122	0.095	0.095	0.541	0.546	0.491	0.548	0.550	0.137	0.523	0.163	0.574	0.514	0.095	0.096	0.535	0.532	0.507	0.572	0.124	0.551	0.136	0.536	0.174	0.577	0.094	0.095	0.550	0.558	0.512	0.562	0.536	0.115	0.509	0.549	0.537	0.516	0.094	0.095	0.094	0.094	0.095	0.095	0.094	0.095	0.096	0.095	0.096	0.095	0.094
61:01:01	19.8	0.098	0.095	0.095	0.102	0.094	0.095	0.094	0.094	0.095	0.095	0.096	0.095	0.094	0.568	0.180	0.557	0.560	0.156	0.595	0.556	0.581	0.580	0.117	0.095	0.095	0.526	0.553	0.179	0.115	0.566	0.139	0.536	0.597	0.154	0.579	0.094	0.094	0.560	0.522	0.562	0.532	0.599	0.568	0.543	0.577	0.577	0.125	0.095	0.095	0.563	0.564	0.513	0.568	0.567	0.140	0.546	0.167	0.588	0.537	0.094	0.096	0.555	0.554	0.528	0.584	0.127	0.569	0.139	0.555	0.178	0.586	0.094	0.095	0.570	0.569	0.532	0.574	0.557	0.116	0.530	0.567	0.555	0.537	0.094	0.095	0.094	0.094	0.095	0.095	0.094	0.095	0.095	0.095	0.096	0.095	0.094
62:01:02	19.8	0.098	0.095	0.095	0.102	0.094	0.096	0.094	0.094	0.095	0.095	0.097	0.095	0.094	0.585	0.184	0.574	0.576	0.159	0.606	0.572	0.594	0.591	0.119	0.095	0.095	0.547	0.572	0.183	0.117	0.581	0.142	0.557	0.608	0.157	0.594	0.095	0.094	0.578	0.544	0.577	0.554	0.610	0.583	0.564	0.592	0.591	0.128	0.095	0.095	0.580	0.578	0.534	0.581	0.582	0.144	0.566	0.171	0.602	0.560	0.095	0.096	0.574	0.572	0.549	0.595	0.129	0.579	0.141	0.572	0.182	0.596	0.094	0.094	0.581	0.580	0.552	0.586	0.572	0.118	0.548	0.581	0.569	0.556	0.094	0.096	0.094	0.094	0.095	0.095	0.094	0.095	0.095	0.095	0.096	0.095	0.094
63:01:02	19.8	0.099	0.095	0.095	0.102	0.094	0.095	0.094	0.094	0.095	0.095	0.096	0.095	0.094	0.597	0.188	0.584	0.590	0.162	0.615	0.586	0.604	0.601	0.122	0.096	0.095	0.565	0.582	0.187	0.119	0.593	0.145	0.572	0.617	0.161	0.605	0.095	0.094	0.591	0.564	0.589	0.570	0.619	0.596	0.579	0.601	0.603	0.131	0.095	0.095	0.592	0.590	0.553	0.594	0.593	0.148	0.581	0.174	0.612	0.577	0.095	0.096	0.586	0.584	0.567	0.602	0.132	0.593	0.144	0.585	0.185	0.605	0.094	0.095	0.593	0.589	0.566	0.596	0.584	0.120	0.564	0.591	0.579	0.572	0.094	0.096	0.094	0.095	0.095	0.095	0.094	0.095	0.096	0.096	0.096	0.095	0.094
64:01:04	19.8	0.098	0.095	0.095	0.102	0.094	0.096	0.094	0.094	0.095	0.095	0.097	0.095	0.094	0.607	0.193	0.595	0.601	0.166	0.623	0.597	0.613	0.608	0.124	0.095	0.095	0.580	0.592	0.192	0.121	0.602	0.149	0.585	0.624	0.164	0.614	0.094	0.094	0.603	0.577	0.600	0.584	0.627	0.606	0.593	0.609	0.613	0.134	0.095	0.094	0.603	0.599	0.569	0.604	0.603	0.153	0.595	0.178	0.619	0.591	0.095	0.097	0.596	0.595	0.579	0.611	0.135	0.602	0.147	0.596	0.189	0.612	0.094	0.095	0.601	0.598	0.578	0.605	0.594	0.123	0.575	0.600	0.589	0.582	0.094	0.096	0.094	0.094	0.095	0.095	0.094	0.095	0.096	0.095	0.096	0.095	0.094
65:01:05	19.8	0.098	0.095	0.095	0.102	0.094	0.095	0.094	0.094	0.095	0.095	0.096	0.095	0.094	0.616	0.197	0.603	0.610	0.169	0.630	0.605	0.619	0.615	0.127	0.095	0.095	0.592	0.601	0.195	0.123	0.608	0.152	0.596	0.631	0.167	0.621	0.094	0.093	0.612	0.590	0.608	0.595	0.635	0.615	0.605	0.617	0.621	0.138	0.095	0.094	0.611	0.606	0.580	0.611	0.610	0.157	0.606	0.181	0.626	0.604	0.094	0.096	0.605	0.605	0.589	0.618	0.139	0.610	0.150	0.606	0.192	0.619	0.094	0.094	0.609	0.605	0.588	0.612	0.603	0.125	0.584	0.606	0.596	0.591	0.094	0.095	0.094	0.094	0.095	0.094	0.094	0.095	0.095	0.095	0.096	0.095	0.094
66:01:06	19.9	0.098	0.095	0.095	0.102	0.094	0.095	0.094	0.094	0.095	0.095	0.096	0.095	0.094	0.623	0.203	0.610	0.618	0.173	0.637	0.612	0.627	0.622	0.130	0.096	0.095	0.602	0.608	0.200	0.126	0.616	0.157	0.605	0.638	0.171	0.628	0.095	0.094	0.620	0.600	0.617	0.604	0.642	0.623	0.614	0.623	0.628	0.142	0.095	0.095	0.617	0.614	0.589	0.618	0.618	0.163	0.614	0.187	0.634	0.611	0.095	0.096	0.613	0.613	0.597	0.624	0.142	0.618	0.153	0.612	0.196	0.624	0.094	0.094	0.615	0.611	0.595	0.617	0.609	0.128	0.592	0.613	0.603	0.600	0.094	0.096	0.094	0.095	0.095	0.095	0.094	0.095	0.096	0.095	0.096	0.095	0.094
67:01:07	20.0	0.098	0.095	0.095	0.102	0.093	0.095	0.093	0.094	0.095	0.095	0.096	0.095	0.094	0.631	0.207	0.616	0.625	0.177	0.643	0.618	0.633	0.628	0.134	0.095	0.095	0.609	0.615	0.204	0.128	0.622	0.161	0.612	0.643	0.174	0.635	0.094	0.093	0.627	0.607	0.624	0.612	0.649	0.629	0.621	0.630	0.635	0.147	0.094	0.095	0.624	0.621	0.596	0.626	0.624	0.168	0.621	0.190	0.639	0.618	0.094	0.096	0.619	0.620	0.604	0.630	0.146	0.624	0.156	0.619	0.200	0.628	0.094	0.094	0.621	0.617	0.602	0.624	0.615	0.131	0.598	0.618	0.609	0.605	0.094	0.095	0.094	0.094	0.095	0.094	0.094	0.095	0.095	0.095	0.096	0.095	0.094
68:01:07	20.0	0.098	0.095	0.095	0.102	0.094	0.096	0.094	0.094	0.095	0.095	0.096	0.095	0.094	0.638	0.213	0.623	0.632	0.182	0.649	0.626	0.638	0.633	0.137	0.095	0.095	0.616	0.624	0.210	0.132	0.629	0.166	0.619	0.648	0.178	0.640	0.095	0.094	0.634	0.616	0.632	0.620	0.655	0.637	0.629	0.636	0.642	0.153	0.095	0.095	0.630	0.628	0.603	0.631	0.631	0.174	0.628	0.196	0.644	0.627	0.095	0.097	0.627	0.627	0.611	0.635	0.151	0.630	0.160	0.625	0.205	0.633	0.094	0.095	0.628	0.625	0.611	0.631	0.622	0.135	0.604	0.625	0.614	0.612	0.094	0.096	0.094	0.094	0.095	0.095	0.094	0.095	0.095	0.095	0.096	0.095	0.094
69:01:11	20.0	0.098	0.096	0.095	0.102	0.094	0.096	0.094	0.094	0.095	0.095	0.096	0.095	0.094	0.645	0.218	0.630	0.639	0.187	0.654	0.632	0.643	0.638	0.141	0.095	0.095	0.622	0.631	0.214	0.135	0.635	0.172	0.626	0.653	0.183	0.646	0.094	0.094	0.641	0.624	0.639	0.627	0.660	0.643	0.636	0.641	0.648	0.159	0.095	0.095	0.637	0.633	0.611	0.637	0.637	0.181	0.636	0.201	0.650	0.632	0.095	0.096	0.634	0.634	0.619	0.641	0.157	0.635	0.164	0.630	0.209	0.638	0.094	0.095	0.633	0.631	0.617	0.637	0.628	0.139	0.610	0.629	0.619	0.619	0.094	0.096	0.094	0.094	0.095	0.095	0.094	0.095	0.096	0.095	0.096	0.095	0.094
70:01:10	19.9	0.098	0.095	0.095	0.102	0.094	0.096	0.093	0.094	0.095	0.095	0.096	0.095	0.094	0.650	0.225	0.635	0.644	0.192	0.659	0.637	0.648	0.642	0.146	0.095	0.094	0.629	0.636	0.219	0.139	0.638	0.177	0.632	0.658	0.187	0.650	0.094	0.093	0.647	0.631	0.645	0.634	0.666	0.648	0.642	0.646	0.653	0.165	0.094	0.094	0.643	0.638	0.618	0.641	0.642	0.188	0.641	0.206	0.654	0.639	0.095	0.096	0.640	0.639	0.625	0.645	0.162	0.640	0.168	0.635	0.214	0.642	0.094	0.095	0.639	0.636	0.623	0.642	0.632	0.144	0.616	0.634	0.623	0.622	0.094	0.096	0.094	0.094	0.095	0.095	0.094	0.095	0.095	0.095	0.096	0.095	0.094
71:01:09	19.9	0.098	0.095	0.095	0.102	0.094	0.096	0.094	0.094	0.095	0.095	0.097	0.095	0.094	0.654	0.231	0.639	0.649	0.198	0.664	0.642	0.653	0.646	0.151	0.095	0.095	0.634	0.640	0.224	0.142	0.643	0.183	0.636	0.663	0.192	0.654	0.094	0.093	0.653	0.638	0.650	0.640	0.671	0.654	0.648	0.650	0.657	0.173	0.095	0.094	0.648	0.643	0.624	0.645	0.646	0.196	0.646	0.212	0.658	0.509	0.094	0.096	0.646	0.644	0.630	0.650	0.168	0.644	0.172	0.639	0.218	0.646	0.094	0.094	0.643	0.641	0.627	0.647	0.636	0.148	0.620	0.638	0.627	0.506	0.094	0.095	0.094	0.094	0.095	0.094	0.094	0.095	0.096	0.095	0.096	0.095	0.094
72:01:10	19.8	0.098	0.095	0.095	0.102	0.093	0.095	0.093	0.094	0.095	0.095	0.096	0.095	0.094	0.658	0.239	0.643	0.654	0.204	0.668	0.647	0.658	0.651	0.156	0.095	0.095	0.638	0.645	0.230	0.147	0.647	0.191	0.641	0.669	0.197	0.658	0.094	0.093	0.657	0.643	0.654	0.645	0.677	0.659	0.652	0.655	0.661	0.181	0.094	0.094	0.653	0.648	0.628	0.650	0.651	0.204	0.651	0.219	0.663	0.513	0.094	0.096	0.651	0.648	0.636	0.656	0.174	0.649	0.177	0.644	0.223	0.651	0.094	0.094	0.647	0.507	0.632	0.653	0.641	0.154	0.623	0.642	0.631	0.506	0.093	0.095	0.094	0.094	0.094	0.095	0.094	0.095	0.095	0.095	0.096	0.095	0.094

