Time	T° 600	A1	A2	A3	A4	A5	A6	A7	A8	A9	A10	A11	A12	B1	B2	B3	B4	B5	B6	B7	B8	B9	B10	B11	B12	C1	C2	C3	C4	C5	C6	C7	C8	C9	C10	C11	C12	D1	D2	D3	D4	D5	D6	D7	D8	D9	D10	D11	D12	E1	E2	E3	E4	E5	E6	E7	E8	E9	E10	E11	E12	F1	F2	F3	F4	F5	F6	F7	F8	F9	F10	F11	F12	G1	G2	G3	G4	G5	G6	G7	G8	G9	G10	G11	G12	H1	H2	H3	H4	H5	H6	H7	H8	H9	H10	H11	H12
0:00:06	20.1	0.090	0.088	0.091	0.090	0.089	0.090	0.089	0.089	0.091	0.092	0.089	0.090	0.090	0.089	0.089	0.092	0.089	0.090	0.089	0.091	0.090	0.091	0.090	0.090	0.088	0.089	0.089	0.089	0.091	0.089	0.090	0.089	0.090	0.092	0.090	0.090	0.088	0.089	0.089	0.089	0.089	0.088	0.090	0.090	0.089	0.092	0.090	0.090	0.091	0.091	0.092	0.090	0.089	0.090	0.089	0.088	0.089	0.089	0.088	0.088	0.092	0.091	0.091	0.092	0.091	0.090	0.093	0.090	0.091	0.090	0.090	0.089	0.092	0.092	0.091	0.090	0.091	0.090	0.090	0.091	0.092	0.090	0.089	0.088	0.091	0.091	0.092	0.090	0.090	0.089	0.090	0.091	0.092	0.089	0.087	0.089
1:00:05	20.6	0.090	0.088	0.091	0.090	0.089	0.090	0.089	0.089	0.091	0.095	0.090	0.089	0.090	0.089	0.090	0.093	0.090	0.090	0.090	0.092	0.090	0.091	0.090	0.090	0.089	0.090	0.090	0.089	0.092	0.090	0.091	0.090	0.091	0.092	0.091	0.090	0.088	0.089	0.089	0.089	0.090	0.089	0.091	0.091	0.090	0.093	0.091	0.091	0.092	0.092	0.093	0.090	0.090	0.091	0.090	0.089	0.090	0.090	0.090	0.089	0.092	0.092	0.092	0.094	0.092	0.091	0.093	0.091	0.092	0.091	0.091	0.089	0.093	0.092	0.092	0.090	0.092	0.091	0.091	0.092	0.093	0.091	0.091	0.090	0.092	0.091	0.093	0.091	0.090	0.090	0.091	0.092	0.093	0.090	0.089	0.090
2:00:07	20.8	0.090	0.088	0.091	0.091	0.090	0.091	0.090	0.090	0.092	0.096	0.090	0.090	0.090	0.090	0.090	0.094	0.091	0.091	0.091	0.093	0.092	0.092	0.091	0.091	0.089	0.090	0.091	0.090	0.093	0.090	0.092	0.091	0.091	0.094	0.092	0.091	0.088	0.090	0.090	0.090	0.091	0.090	0.092	0.092	0.090	0.094	0.092	0.091	0.092	0.092	0.094	0.091	0.091	0.092	0.091	0.090	0.091	0.091	0.091	0.089	0.093	0.093	0.093	0.094	0.092	0.091	0.094	0.092	0.093	0.091	0.092	0.090	0.093	0.093	0.093	0.091	0.093	0.092	0.092	0.093	0.094	0.092	0.092	0.089	0.092	0.092	0.093	0.091	0.090	0.090	0.091	0.093	0.093	0.091	0.089	0.090
3:00:09	20.8	0.090	0.089	0.092	0.091	0.090	0.091	0.090	0.090	0.092	0.097	0.090	0.090	0.090	0.091	0.091	0.094	0.091	0.092	0.091	0.093	0.092	0.092	0.092	0.091	0.089	0.091	0.091	0.091	0.094	0.091	0.093	0.092	0.092	0.094	0.092	0.091	0.089	0.091	0.091	0.091	0.091	0.090	0.092	0.092	0.091	0.095	0.092	0.091	0.092	0.093	0.094	0.092	0.091	0.092	0.091	0.091	0.091	0.092	0.091	0.089	0.093	0.093	0.094	0.095	0.093	0.092	0.094	0.092	0.093	0.092	0.093	0.090	0.093	0.094	0.094	0.092	0.094	0.093	0.092	0.094	0.095	0.093	0.092	0.089	0.092	0.092	0.094	0.091	0.091	0.090	0.091	0.093	0.094	0.091	0.090	0.090
4:00:10	20.7	0.090	0.089	0.092	0.090	0.090	0.091	0.089	0.090	0.092	0.097	0.090	0.089	0.090	0.091	0.092	0.095	0.092	0.092	0.092	0.094	0.093	0.093	0.092	0.091	0.089	0.091	0.092	0.091	0.094	0.092	0.093	0.092	0.092	0.094	0.093	0.091	0.089	0.092	0.092	0.092	0.092	0.091	0.093	0.093	0.092	0.095	0.093	0.091	0.092	0.094	0.095	0.092	0.092	0.093	0.092	0.091	0.092	0.092	0.092	0.089	0.093	0.094	0.094	0.096	0.094	0.093	0.095	0.093	0.094	0.092	0.093	0.090	0.093	0.094	0.094	0.093	0.095	0.093	0.093	0.095	0.096	0.093	0.093	0.089	0.092	0.092	0.093	0.091	0.090	0.090	0.091	0.093	0.093	0.090	0.089	0.090
5:00:10	20.6	0.091	0.089	0.092	0.091	0.090	0.091	0.090	0.090	0.092	0.094	0.091	0.090	0.091	0.094	0.094	0.097	0.094	0.094	0.094	0.096	0.094	0.095	0.095	0.091	0.089	0.094	0.094	0.094	0.096	0.094	0.095	0.094	0.094	0.096	0.095	0.091	0.089	0.094	0.094	0.094	0.094	0.093	0.095	0.096	0.094	0.097	0.095	0.091	0.093	0.096	0.097	0.095	0.094	0.095	0.094	0.094	0.094	0.094	0.094	0.089	0.093	0.096	0.096	0.098	0.095	0.094	0.096	0.095	0.095	0.094	0.095	0.090	0.094	0.096	0.096	0.095	0.096	0.095	0.095	0.096	0.097	0.095	0.094	0.090	0.092	0.092	0.094	0.091	0.090	0.090	0.091	0.093	0.094	0.091	0.090	0.090
6:00:13	20.3	0.090	0.089	0.092	0.091	0.090	0.091	0.090	0.090	0.092	0.093	0.091	0.090	0.090	0.096	0.097	0.100	0.097	0.097	0.097	0.099	0.097	0.098	0.097	0.091	0.089	0.097	0.097	0.096	0.099	0.097	0.098	0.097	0.097	0.099	0.098	0.091	0.089	0.096	0.096	0.097	0.096	0.096	0.098	0.098	0.096	0.099	0.097	0.091	0.093	0.098	0.100	0.098	0.096	0.098	0.097	0.096	0.096	0.097	0.097	0.089	0.093	0.098	0.099	0.100	0.097	0.097	0.099	0.097	0.098	0.096	0.097	0.090	0.094	0.099	0.098	0.097	0.099	0.097	0.097	0.099	0.100	0.097	0.097	0.090	0.092	0.092	0.094	0.091	0.090	0.090	0.091	0.093	0.094	0.091	0.090	0.090
7:00:14	20.2	0.091	0.089	0.092	0.091	0.090	0.091	0.090	0.090	0.092	0.093	0.091	0.090	0.091	0.102	0.102	0.106	0.103	0.103	0.103	0.105	0.103	0.104	0.103	0.092	0.089	0.102	0.102	0.102	0.105	0.104	0.104	0.103	0.103	0.105	0.104	0.091	0.090	0.102	0.102	0.103	0.103	0.102	0.105	0.105	0.102	0.105	0.103	0.092	0.093	0.104	0.105	0.104	0.103	0.105	0.105	0.104	0.102	0.102	0.102	0.089	0.093	0.104	0.104	0.105	0.103	0.102	0.104	0.102	0.103	0.101	0.102	0.090	0.094	0.104	0.103	0.101	0.104	0.102	0.102	0.105	0.106	0.102	0.101	0.090	0.093	0.092	0.094	0.091	0.090	0.090	0.092	0.093	0.094	0.091	0.090	0.091
8:00:13	20.0	0.090	0.089	0.092	0.091	0.090	0.091	0.090	0.090	0.092	0.093	0.091	0.090	0.091	0.123	0.118	0.130	0.129	0.126	0.128	0.137	0.122	0.124	0.118	0.092	0.089	0.120	0.124	0.131	0.133	0.134	0.137	0.143	0.126	0.123	0.122	0.091	0.090	0.121	0.132	0.135	0.134	0.133	0.138	0.140	0.124	0.126	0.120	0.091	0.093	0.123	0.134	0.140	0.141	0.146	0.141	0.141	0.125	0.123	0.121	0.090	0.093	0.124	0.120	0.132	0.125	0.120	0.120	0.118	0.119	0.115	0.115	0.090	0.094	0.115	0.117	0.118	0.124	0.119	0.116	0.123	0.123	0.115	0.116	0.090	0.093	0.092	0.094	0.091	0.090	0.090	0.092	0.093	0.094	0.091	0.090	0.090
9:00:16	20.0	0.091	0.089	0.093	0.091	0.090	0.091	0.090	0.090	0.092	0.094	0.091	0.090	0.091	0.141	0.142	0.140	0.145	0.142	0.146	0.145	0.144	0.138	0.139	0.092	0.090	0.148	0.147	0.153	0.155	0.149	0.155	0.151	0.138	0.135	0.136	0.092	0.090	0.144	0.141	0.132	0.144	0.138	0.141	0.142	0.133	0.133	0.132	0.092	0.094	0.146	0.145	0.134	0.149	0.148	0.145	0.141	0.131	0.130	0.134	0.090	0.094	0.143	0.150	0.145	0.132	0.130	0.131	0.130	0.132	0.132	0.136	0.090	0.094	0.147	0.148	0.137	0.127	0.134	0.128	0.133	0.137	0.129	0.132	0.090	0.093	0.092	0.094	0.091	0.091	0.090	0.092	0.094	0.094	0.091	0.090	0.091
10:00:16	20.0	0.091	0.089	0.093	0.091	0.090	0.091	0.090	0.090	0.092	0.096	0.091	0.090	0.091	0.149	0.152	0.150	0.150	0.152	0.153	0.153	0.151	0.148	0.147	0.092	0.089	0.140	0.139	0.143	0.146	0.143	0.145	0.145	0.144	0.144	0.144	0.091	0.090	0.142	0.140	0.141	0.141	0.137	0.140	0.141	0.138	0.142	0.140	0.092	0.093	0.148	0.147	0.141	0.143	0.143	0.141	0.141	0.138	0.140	0.141	0.090	0.093	0.150	0.150	0.148	0.145	0.142	0.145	0.142	0.141	0.136	0.144	0.091	0.094	0.147	0.143	0.140	0.142	0.143	0.140	0.143	0.147	0.140	0.145	0.090	0.093	0.092	0.094	0.091	0.090	0.090	0.092	0.093	0.094	0.091	0.090	0.091
11:00:17	20.0	0.090	0.089	0.093	0.091	0.090	0.091	0.090	0.090	0.092	0.097	0.091	0.090	0.091	0.156	0.156	0.163	0.159	0.158	0.161	0.164	0.163	0.163	0.162	0.091	0.089	0.154	0.158	0.156	0.158	0.161	0.158	0.160	0.163	0.159	0.163	0.091	0.089	0.156	0.155	0.159	0.161	0.156	0.163	0.160	0.158	0.160	0.160	0.092	0.093	0.159	0.161	0.158	0.158	0.159	0.157	0.158	0.159	0.160	0.160	0.090	0.093	0.161	0.162	0.162	0.162	0.159	0.164	0.160	0.158	0.156	0.160	0.090	0.094	0.162	0.164	0.160	0.163	0.163	0.160	0.162	0.165	0.159	0.162	0.090	0.093	0.092	0.094	0.091	0.091	0.090	0.092	0.093	0.094	0.091	0.090	0.091
12:00:18	19.9	0.091	0.089	0.093	0.091	0.090	0.091	0.090	0.090	0.092	0.097	0.091	0.090	0.091	0.179	0.177	0.185	0.183	0.182	0.187	0.188	0.191	0.185	0.185	0.092	0.090	0.175	0.176	0.177	0.178	0.179	0.179	0.184	0.186	0.181	0.187	0.091	0.090	0.177	0.174	0.175	0.178	0.177	0.179	0.180	0.178	0.182	0.180	0.091	0.093	0.181	0.180	0.177	0.178	0.180	0.179	0.177	0.177	0.180	0.177	0.090	0.093	0.186	0.179	0.179	0.184	0.180	0.185	0.180	0.175	0.176	0.180	0.090	0.094	0.180	0.182	0.178	0.181	0.178	0.173	0.175	0.182	0.177	0.180	0.090	0.093	0.092	0.094	0.091	0.091	0.090	0.092	0.093	0.094	0.091	0.090	0.090
13:00:18	19.9	0.091	0.089	0.093	0.092	0.091	0.092	0.090	0.091	0.092	0.098	0.091	0.090	0.091	0.198	0.194	0.203	0.203	0.198	0.204	0.207	0.216	0.210	0.208	0.092	0.090	0.194	0.196	0.193	0.195	0.203	0.198	0.206	0.207	0.204	0.212	0.092	0.090	0.196	0.192	0.197	0.202	0.198	0.203	0.204	0.203	0.206	0.201	0.092	0.094	0.198	0.196	0.194	0.199	0.199	0.202	0.200	0.202	0.205	0.203	0.090	0.094	0.205	0.199	0.202	0.206	0.200	0.209	0.206	0.202	0.201	0.207	0.090	0.094	0.193	0.196	0.195	0.197	0.202	0.192	0.196	0.208	0.204	0.212	0.090	0.093	0.092	0.094	0.091	0.091	0.091	0.092	0.094	0.094	0.091	0.090	0.091
14:00:20	19.9	0.090	0.089	0.093	0.091	0.090	0.091	0.090	0.090	0.092	0.096	0.091	0.090	0.090	0.228	0.220	0.229	0.231	0.223	0.231	0.236	0.244	0.237	0.239	0.092	0.089	0.219	0.219	0.216	0.218	0.228	0.225	0.235	0.232	0.230	0.247	0.091	0.090	0.226	0.216	0.225	0.226	0.218	0.229	0.223	0.231	0.234	0.231	0.092	0.093	0.225	0.219	0.218	0.223	0.227	0.229	0.227	0.227	0.231	0.230	0.089	0.093	0.230	0.225	0.227	0.228	0.226	0.237	0.232	0.235	0.233	0.241	0.090	0.094	0.218	0.218	0.223	0.223	0.228	0.216	0.225	0.231	0.234	0.238	0.090	0.093	0.092	0.094	0.091	0.090	0.090	0.092	0.093	0.094	0.091	0.090	0.091
15:00:20	19.9	0.091	0.089	0.093	0.091	0.091	0.091	0.090	0.091	0.092	0.095	0.091	0.090	0.091	0.268	0.256	0.269	0.274	0.261	0.273	0.278	0.282	0.281	0.282	0.092	0.090	0.258	0.253	0.254	0.259	0.266	0.263	0.276	0.272	0.268	0.287	0.092	0.090	0.262	0.257	0.263	0.265	0.257	0.263	0.260	0.268	0.273	0.276	0.092	0.094	0.262	0.256	0.256	0.257	0.261	0.258	0.262	0.263	0.272	0.267	0.090	0.094	0.265	0.259	0.262	0.271	0.259	0.273	0.271	0.281	0.272	0.283	0.091	0.094	0.252	0.255	0.259	0.257	0.269	0.255	0.270	0.273	0.277	0.276	0.090	0.093	0.092	0.094	0.091	0.091	0.090	0.092	0.094	0.094	0.091	0.090	0.091
16:00:21	19.9	0.091	0.089	0.093	0.091	0.091	0.091	0.090	0.091	0.092	0.095	0.091	0.090	0.091	0.310	0.303	0.317	0.325	0.307	0.319	0.329	0.336	0.332	0.323	0.092	0.090	0.304	0.303	0.300	0.297	0.310	0.312	0.331	0.323	0.313	0.341	0.092	0.090	0.306	0.303	0.311	0.313	0.301	0.311	0.316	0.319	0.324	0.321	0.092	0.094	0.310	0.300	0.302	0.308	0.310	0.306	0.322	0.310	0.325	0.318	0.090	0.094	0.318	0.308	0.309	0.319	0.306	0.320	0.322	0.338	0.317	0.332	0.090	0.094	0.297	0.303	0.306	0.302	0.325	0.302	0.322	0.318	0.328	0.324	0.090	0.093	0.092	0.094	0.091	0.091	0.090	0.092	0.094	0.094	0.091	0.090	0.091
17:00:23	19.9	0.090	0.089	0.093	0.091	0.091	0.091	0.090	0.090	0.092	0.094	0.091	0.090	0.091	0.373	0.356	0.381	0.390	0.372	0.383	0.394	0.393	0.390	0.380	0.092	0.090	0.355	0.360	0.355	0.352	0.374	0.370	0.385	0.384	0.376	0.408	0.091	0.090	0.359	0.356	0.373	0.379	0.365	0.373	0.365	0.376	0.388	0.390	0.092	0.094	0.360	0.361	0.359	0.360	0.363	0.361	0.379	0.362	0.385	0.381	0.090	0.093	0.370	0.357	0.365	0.374	0.361	0.384	0.373	0.394	0.371	0.392	0.090	0.094	0.346	0.358	0.361	0.358	0.378	0.359	0.377	0.378	0.382	0.382	0.090	0.093	0.092	0.094	0.091	0.090	0.091	0.092	0.093	0.094	0.091	0.090	0.091
18:00:23	20.0	0.091	0.089	0.093	0.091	0.091	0.091	0.090	0.091	0.092	0.093	0.091	0.090	0.091	0.438	0.415	0.445	0.450	0.433	0.439	0.455	0.459	0.452	0.443	0.092	0.090	0.414	0.428	0.418	0.418	0.442	0.429	0.456	0.447	0.433	0.474	0.092	0.090	0.420	0.427	0.437	0.440	0.420	0.438	0.423	0.434	0.451	0.449	0.092	0.094	0.426	0.425	0.419	0.425	0.425	0.416	0.433	0.423	0.445	0.443	0.090	0.093	0.431	0.416	0.423	0.432	0.417	0.440	0.435	0.454	0.431	0.444	0.090	0.094	0.410	0.421	0.434	0.416	0.437	0.418	0.441	0.437	0.449	0.449	0.090	0.093	0.092	0.094	0.091	0.091	0.091	0.092	0.093	0.094	0.091	0.090	0.091
19:00:27	20.0	0.091	0.089	0.093	0.091	0.091	0.092	0.090	0.090	0.092	0.093	0.091	0.090	0.091	0.500	0.479	0.509	0.513	0.496	0.506	0.519	0.524	0.513	0.505	0.092	0.090	0.481	0.493	0.478	0.482	0.504	0.481	0.515	0.512	0.501	0.532	0.092	0.090	0.485	0.479	0.502	0.499	0.481	0.505	0.491	0.501	0.518	0.512	0.092	0.094	0.486	0.488	0.480	0.485	0.482	0.474	0.498	0.478	0.510	0.506	0.090	0.094	0.497	0.478	0.491	0.499	0.484	0.505	0.495	0.513	0.486	0.504	0.091	0.094	0.475	0.488	0.498	0.481	0.510	0.483	0.511	0.509	0.511	0.515	0.091	0.094	0.092	0.094	0.091	0.091	0.091	0.093	0.094	0.094	0.092	0.091	0.091
20:00:25	20.0	0.091	0.089	0.093	0.091	0.091	0.092	0.090	0.091	0.092	0.094	0.091	0.090	0.091	0.555	0.541	0.570	0.573	0.553	0.565	0.579	0.577	0.573	0.561	0.092	0.090	0.543	0.559	0.534	0.539	0.563	0.542	0.574	0.567	0.562	0.594	0.092	0.090	0.547	0.553	0.566	0.563	0.538	0.558	0.549	0.555	0.581	0.566	0.092	0.094	0.553	0.554	0.542	0.547	0.544	0.531	0.559	0.535	0.566	0.566	0.090	0.094	0.553	0.542	0.546	0.553	0.535	0.563	0.546	0.574	0.547	0.564	0.091	0.094	0.535	0.555	0.554	0.542	0.567	0.530	0.565	0.567	0.575	0.574	0.090	0.093	0.092	0.095	0.091	0.091	0.090	0.093	0.094	0.094	0.091	0.090	0.091
21:00:27	20.0	0.091	0.090	0.093	0.091	0.091	0.092	0.091	0.091	0.092	0.094	0.091	0.091	0.091	0.615	0.591	0.620	0.629	0.601	0.615	0.632	0.634	0.632	0.615	0.092	0.090	0.603	0.617	0.584	0.591	0.616	0.590	0.626	0.621	0.613	0.642	0.092	0.090	0.604	0.601	0.621	0.617	0.593	0.614	0.598	0.609	0.636	0.615	0.092	0.094	0.608	0.607	0.597	0.601	0.598	0.582	0.613	0.588	0.623	0.620	0.090	0.094	0.607	0.597	0.601	0.607	0.586	0.614	0.600	0.626	0.597	0.620	0.091	0.095	0.597	0.608	0.611	0.601	0.626	0.582	0.620	0.628	0.636	0.633	0.091	0.093	0.092	0.095	0.092	0.091	0.091	0.092	0.094	0.095	0.092	0.091	0.091
22:00:27	19.9	0.090	0.089	0.092	0.091	0.090	0.091	0.090	0.090	0.092	0.093	0.091	0.090	0.091	0.668	0.642	0.670	0.675	0.647	0.668	0.679	0.686	0.685	0.665	0.091	0.090	0.656	0.670	0.632	0.638	0.667	0.638	0.671	0.669	0.660	0.694	0.091	0.090	0.657	0.654	0.671	0.668	0.648	0.665	0.651	0.661	0.689	0.662	0.091	0.093	0.663	0.661	0.652	0.649	0.649	0.625	0.656	0.635	0.675	0.679	0.089	0.093	0.662	0.652	0.655	0.654	0.630	0.666	0.646	0.681	0.642	0.672	0.090	0.094	0.650	0.662	0.661	0.655	0.683	0.635	0.676	0.681	0.690	0.686	0.091	0.093	0.092	0.094	0.091	0.091	0.090	0.092	0.093	0.094	0.091	0.090	0.090
23:00:28	19.8	0.090	0.089	0.093	0.091	0.090	0.091	0.090	0.090	0.092	0.093	0.091	0.090	0.091	0.716	0.685	0.716	0.722	0.688	0.714	0.727	0.731	0.734	0.707	0.092	0.090	0.705	0.715	0.675	0.685	0.715	0.680	0.718	0.717	0.703	0.745	0.091	0.090	0.702	0.700	0.719	0.714	0.695	0.713	0.699	0.712	0.738	0.707	0.092	0.094	0.714	0.709	0.703	0.699	0.701	0.670	0.702	0.684	0.728	0.728	0.090	0.094	0.708	0.706	0.702	0.702	0.678	0.719	0.690	0.730	0.692	0.723	0.090	0.094	0.704	0.717	0.715	0.702	0.735	0.681	0.731	0.732	0.743	0.739	0.091	0.093	0.092	0.094	0.091	0.091	0.090	0.092	0.094	0.094	0.091	0.090	0.091
24:00:28	19.8	0.091	0.089	0.093	0.091	0.091	0.091	0.090	0.090	0.092	0.093	0.091	0.090	0.091	0.763	0.719	0.761	0.764	0.725	0.757	0.773	0.776	0.782	0.747	0.092	0.090	0.754	0.756	0.719	0.724	0.760	0.719	0.760	0.765	0.743	0.792	0.091	0.090	0.750	0.747	0.763	0.760	0.743	0.758	0.749	0.760	0.787	0.749	0.092	0.094	0.759	0.754	0.752	0.746	0.749	0.712	0.751	0.730	0.776	0.775	0.090	0.094	0.757	0.752	0.751	0.745	0.719	0.765	0.734	0.775	0.734	0.776	0.090	0.094	0.756	0.761	0.763	0.752	0.784	0.724	0.782	0.782	0.785	0.784	0.091	0.093	0.092	0.094	0.091	0.090	0.090	0.092	0.094	0.094	0.092	0.090	0.091
25:00:30	19.8	0.091	0.089	0.093	0.091	0.091	0.091	0.091	0.091	0.092	0.094	0.091	0.091	0.091	0.804	0.754	0.803	0.805	0.759	0.798	0.814	0.820	0.826	0.785	0.092	0.090	0.795	0.796	0.756	0.755	0.799	0.755	0.799	0.810	0.778	0.833	0.092	0.090	0.790	0.791	0.804	0.803	0.785	0.796	0.793	0.806	0.831	0.786	0.092	0.094	0.800	0.796	0.791	0.788	0.790	0.746	0.790	0.771	0.822	0.822	0.090	0.094	0.799	0.799	0.798	0.790	0.757	0.808	0.776	0.820	0.775	0.823	0.091	0.094	0.802	0.809	0.808	0.801	0.830	0.766	0.831	0.830	0.834	0.833	0.091	0.093	0.092	0.094	0.091	0.091	0.091	0.093	0.094	0.094	0.091	0.091	0.091
26:00:31	19.8	0.091	0.089	0.093	0.091	0.091	0.091	0.090	0.091	0.092	0.093	0.091	0.090	0.091	0.838	0.780	0.833	0.833	0.785	0.829	0.848	0.855	0.863	0.819	0.092	0.090	0.827	0.824	0.789	0.783	0.829	0.779	0.833	0.846	0.810	0.868	0.092	0.090	0.825	0.828	0.837	0.837	0.820	0.830	0.831	0.846	0.868	0.821	0.092	0.094	0.834	0.831	0.829	0.823	0.823	0.776	0.826	0.806	0.859	0.858	0.090	0.094	0.835	0.834	0.835	0.826	0.790	0.846	0.813	0.855	0.811	0.859	0.090	0.095	0.841	0.849	0.847	0.839	0.866	0.799	0.866	0.870	0.872	0.867	0.091	0.093	0.092	0.094	0.091	0.091	0.091	0.092	0.094	0.094	0.091	0.091	0.091
27:00:31	19.8	0.091	0.089	0.093	0.091	0.091	0.091	0.091	0.090	0.092	0.093	0.091	0.090	0.091	0.870	0.803	0.863	0.860	0.809	0.854	0.880	0.887	0.890	0.840	0.092	0.090	0.859	0.849	0.813	0.810	0.857	0.805	0.863	0.873	0.835	0.894	0.092	0.090	0.853	0.858	0.863	0.866	0.849	0.860	0.863	0.873	0.898	0.846	0.092	0.094	0.862	0.862	0.860	0.855	0.854	0.803	0.857	0.831	0.888	0.887	0.090	0.094	0.866	0.867	0.869	0.856	0.816	0.875	0.840	0.880	0.836	0.888	0.091	0.094	0.874	0.877	0.878	0.869	0.896	0.826	0.899	0.898	0.898	0.894	0.091	0.093	0.092	0.094	0.091	0.091	0.091	0.092	0.094	0.094	0.091	0.091	0.091
28:00:33	19.9	0.091	0.089	0.093	0.091	0.091	0.091	0.091	0.091	0.092	0.093	0.091	0.091	0.091	0.891	0.819	0.879	0.878	0.825	0.876	0.901	0.908	0.909	0.854	0.092	0.090	0.880	0.870	0.829	0.825	0.875	0.823	0.886	0.894	0.850	0.911	0.092	0.090	0.873	0.881	0.886	0.888	0.871	0.884	0.886	0.895	0.920	0.862	0.092	0.094	0.884	0.884	0.883	0.876	0.876	0.821	0.881	0.852	0.910	0.910	0.090	0.094	0.889	0.893	0.892	0.881	0.832	0.894	0.861	0.899	0.854	0.911	0.091	0.094	0.897	0.899	0.899	0.892	0.919	0.845	0.922	0.923	0.915	0.911	0.091	0.093	0.092	0.094	0.091	0.091	0.091	0.092	0.094	0.094	0.092	0.090	0.091
29:00:34	19.9	0.091	0.089	0.093	0.091	0.091	0.091	0.090	0.091	0.092	0.093	0.091	0.090	0.091	0.906	0.834	0.896	0.893	0.839	0.890	0.915	0.927	0.929	0.867	0.092	0.090	0.898	0.885	0.841	0.839	0.891	0.837	0.901	0.911	0.866	0.926	0.092	0.090	0.886	0.897	0.901	0.904	0.887	0.901	0.905	0.914	0.936	0.876	0.092	0.094	0.898	0.899	0.898	0.891	0.893	0.837	0.895	0.871	0.928	0.925	0.090	0.093	0.907	0.907	0.909	0.901	0.848	0.912	0.875	0.916	0.872	0.928	0.090	0.094	0.917	0.918	0.918	0.910	0.937	0.859	0.941	0.943	0.936	0.930	0.091	0.093	0.092	0.094	0.091	0.090	0.091	0.092	0.094	0.094	0.091	0.090	0.091
30:00:35	19.8	0.091	0.089	0.093	0.092	0.091	0.091	0.091	0.091	0.092	0.094	0.091	0.090	0.091	0.915	0.842	0.903	0.902	0.844	0.900	0.927	0.939	0.942	0.877	0.092	0.090	0.907	0.893	0.851	0.847	0.899	0.846	0.915	0.925	0.877	0.940	0.092	0.090	0.899	0.907	0.912	0.916	0.900	0.913	0.917	0.925	0.949	0.886	0.092	0.094	0.908	0.910	0.910	0.903	0.906	0.848	0.908	0.883	0.942	0.941	0.090	0.094	0.923	0.922	0.924	0.913	0.858	0.926	0.888	0.931	0.883	0.939	0.091	0.094	0.928	0.933	0.932	0.925	0.951	0.872	0.956	0.959	0.951	0.943	0.091	0.093	0.092	0.094	0.091	0.091	0.091	0.093	0.094	0.095	0.092	0.090	0.091
31:00:37	19.8	0.091	0.089	0.093	0.091	0.091	0.091	0.091	0.091	0.092	0.093	0.091	0.090	0.091	0.925	0.848	0.913	0.909	0.851	0.908	0.934	0.949	0.954	0.884	0.092	0.090	0.916	0.902	0.856	0.853	0.907	0.854	0.921	0.934	0.883	0.946	0.092	0.090	0.909	0.917	0.920	0.925	0.909	0.921	0.927	0.934	0.958	0.891	0.092	0.094	0.918	0.920	0.921	0.913	0.914	0.854	0.915	0.889	0.950	0.950	0.090	0.094	0.932	0.933	0.936	0.922	0.866	0.938	0.895	0.943	0.891	0.951	0.090	0.094	0.940	0.943	0.943	0.937	0.962	0.880	0.968	0.969	0.963	0.951	0.091	0.093	0.092	0.094	0.091	0.091	0.090	0.093	0.094	0.094	0.092	0.091	0.091
32:00:35	19.8	0.091	0.089	0.093	0.091	0.091	0.091	0.091	0.091	0.093	0.094	0.091	0.090	0.091	0.931	0.853	0.915	0.914	0.855	0.913	0.940	0.955	0.960	0.888	0.092	0.090	0.922	0.908	0.861	0.857	0.913	0.857	0.926	0.939	0.885	0.952	0.092	0.090	0.916	0.922	0.928	0.932	0.918	0.931	0.933	0.943	0.963	0.897	0.092	0.094	0.927	0.926	0.929	0.921	0.921	0.858	0.921	0.894	0.958	0.956	0.090	0.094	0.939	0.939	0.942	0.934	0.873	0.943	0.898	0.952	0.898	0.961	0.091	0.094	0.949	0.951	0.952	0.947	0.971	0.888	0.976	0.975	0.971	0.958	0.091	0.093	0.092	0.094	0.091	0.091	0.091	0.092	0.094	0.095	0.092	0.091	0.091
33:00:37	19.7	0.091	0.089	0.093	0.091	0.090	0.091	0.091	0.091	0.092	0.093	0.091	0.090	0.091	0.935	0.855	0.915	0.915	0.856	0.914	0.941	0.957	0.961	0.891	0.092	0.090	0.926	0.909	0.862	0.860	0.914	0.858	0.927	0.938	0.886	0.949	0.092	0.090	0.918	0.920	0.929	0.935	0.923	0.933	0.937	0.943	0.961	0.894	0.092	0.094	0.932	0.927	0.931	0.922	0.925	0.861	0.925	0.896	0.956	0.956	0.090	0.094	0.946	0.943	0.947	0.935	0.875	0.948	0.902	0.946	0.899	0.958	0.091	0.094	0.957	0.955	0.956	0.950	0.973	0.893	0.980	0.973	0.973	0.953	0.091	0.093	0.092	0.094	0.091	0.090	0.091	0.092	0.094	0.094	0.091	0.090	0.091
34:00:38	19.7	0.091	0.089	0.093	0.091	0.091	0.091	0.091	0.091	0.092	0.093	0.091	0.090	0.091	0.936	0.858	0.917	0.916	0.858	0.917	0.943	0.956	0.963	0.893	0.092	0.090	0.925	0.913	0.863	0.860	0.916	0.860	0.928	0.940	0.887	0.949	0.092	0.090	0.921	0.922	0.930	0.936	0.924	0.934	0.939	0.944	0.962	0.898	0.092	0.094	0.934	0.928	0.933	0.923	0.925	0.861	0.926	0.898	0.956	0.958	0.090	0.094	0.948	0.943	0.947	0.937	0.878	0.949	0.904	0.953	0.903	0.965	0.091	0.094	0.959	0.957	0.958	0.952	0.975	0.896	0.982	0.975	0.978	0.962	0.091	0.093	0.092	0.094	0.091	0.091	0.091	0.092	0.094	0.095	0.092	0.091	0.091
35:00:40	19.6	0.091	0.089	0.093	0.091	0.091	0.091	0.091	0.091	0.092	0.093	0.091	0.090	0.091	0.932	0.852	0.916	0.913	0.854	0.914	0.939	0.955	0.961	0.890	0.092	0.090	0.921	0.910	0.856	0.855	0.913	0.855	0.925	0.936	0.883	0.948	0.092	0.090	0.918	0.919	0.928	0.933	0.921	0.931	0.935	0.942	0.961	0.891	0.092	0.094	0.932	0.926	0.931	0.921	0.922	0.857	0.923	0.895	0.955	0.958	0.090	0.094	0.947	0.942	0.947	0.936	0.873	0.946	0.899	0.953	0.901	0.965	0.091	0.094	0.958	0.956	0.956	0.952	0.974	0.890	0.980	0.976	0.977	0.962	0.091	0.093	0.092	0.094	0.091	0.091	0.091	0.092	0.094	0.095	0.092	0.091	0.091
36:00:41	19.6	0.091	0.090	0.093	0.091	0.091	0.091	0.091	0.091	0.092	0.093	0.091	0.091	0.091	0.931	0.848	0.912	0.912	0.847	0.910	0.937	0.954	0.960	0.885	0.092	0.090	0.921	0.909	0.852	0.851	0.910	0.849	0.921	0.935	0.881	0.947	0.092	0.090	0.917	0.917	0.924	0.929	0.918	0.928	0.933	0.941	0.959	0.889	0.092	0.094	0.930	0.923	0.926	0.917	0.919	0.852	0.920	0.890	0.953	0.957	0.090	0.094	0.946	0.939	0.944	0.935	0.869	0.943	0.891	0.949	0.897	0.959	0.091	0.094	0.957	0.956	0.953	0.949	0.971	0.887	0.978	0.974	0.978	0.963	0.091	0.093	0.092	0.094	0.091	0.091	0.091	0.093	0.094	0.095	0.092	0.091	0.091
37:00:41	19.6	0.091	0.089	0.093	0.091	0.091	0.091	0.091	0.091	0.092	0.093	0.091	0.090	0.091	0.931	0.841	0.909	0.910	0.841	0.907	0.932	0.951	0.957	0.880	0.092	0.090	0.920	0.906	0.848	0.845	0.907	0.842	0.919	0.933	0.874	0.944	0.092	0.090	0.915	0.914	0.922	0.926	0.916	0.925	0.930	0.937	0.954	0.881	0.092	0.094	0.928	0.920	0.923	0.913	0.914	0.845	0.916	0.882	0.948	0.953	0.090	0.094	0.942	0.938	0.940	0.931	0.861	0.941	0.884	0.946	0.891	0.956	0.091	0.094	0.956	0.953	0.950	0.946	0.968	0.880	0.975	0.973	0.976	0.959	0.091	0.093	0.092	0.094	0.091	0.091	0.091	0.093	0.094	0.094	0.092	0.091	0.091
38:00:42	19.5	0.091	0.089	0.093	0.091	0.091	0.091	0.091	0.091	0.092	0.093	0.091	0.090	0.091	0.929	0.834	0.907	0.908	0.837	0.905	0.931	0.948	0.954	0.876	0.092	0.090	0.918	0.903	0.842	0.837	0.904	0.835	0.915	0.929	0.867	0.939	0.092	0.090	0.911	0.911	0.917	0.922	0.911	0.920	0.926	0.934	0.950	0.875	0.092	0.094	0.924	0.915	0.918	0.910	0.910	0.838	0.912	0.873	0.944	0.951	0.090	0.094	0.938	0.934	0.935	0.926	0.855	0.935	0.876	0.941	0.885	0.954	0.091	0.094	0.953	0.950	0.947	0.944	0.963	0.875	0.971	0.969	0.974	0.957	0.091	0.093	0.092	0.094	0.091	0.091	0.091	0.093	0.094	0.095	0.092	0.091	0.091
39:00:43	19.5	0.091	0.089	0.093	0.091	0.091	0.092	0.091	0.091	0.092	0.093	0.091	0.090	0.091	0.924	0.826	0.902	0.904	0.827	0.899	0.924	0.944	0.951	0.868	0.092	0.090	0.914	0.898	0.832	0.826	0.899	0.826	0.910	0.925	0.857	0.938	0.092	0.090	0.907	0.905	0.911	0.917	0.906	0.914	0.921	0.930	0.946	0.869	0.092	0.094	0.919	0.911	0.912	0.905	0.905	0.829	0.906	0.865	0.939	0.948	0.090	0.094	0.933	0.928	0.929	0.920	0.847	0.928	0.868	0.937	0.877	0.951	0.091	0.094	0.949	0.946	0.944	0.939	0.959	0.865	0.966	0.968	0.972	0.958	0.091	0.093	0.092	0.094	0.091	0.090	0.091	0.092	0.094	0.094	0.092	0.090	0.091
40:00:44	19.5	0.091	0.089	0.093	0.092	0.091	0.091	0.091	0.091	0.092	0.094	0.091	0.091	0.091	0.926	0.822	0.902	0.902	0.821	0.896	0.922	0.938	0.947	0.861	0.092	0.090	0.912	0.898	0.824	0.820	0.894	0.820	0.907	0.919	0.850	0.931	0.092	0.090	0.906	0.904	0.908	0.913	0.904	0.909	0.919	0.926	0.939	0.862	0.092	0.094	0.917	0.909	0.909	0.901	0.901	0.821	0.904	0.856	0.934	0.945	0.090	0.094	0.929	0.925	0.924	0.913	0.837	0.923	0.858	0.932	0.870	0.947	0.091	0.094	0.946	0.943	0.939	0.935	0.954	0.858	0.962	0.965	0.971	0.956	0.091	0.093	0.092	0.094	0.091	0.091	0.091	0.093	0.094	0.095	0.092	0.091	0.091
41:00:46	19.5	0.091	0.090	0.093	0.091	0.091	0.092	0.091	0.092	0.092	0.094	0.091	0.091	0.091	0.924	0.814	0.901	0.900	0.818	0.892	0.920	0.928	0.940	0.856	0.092	0.090	0.910	0.893	0.819	0.815	0.887	0.815	0.905	0.914	0.843	0.923	0.092	0.090	0.905	0.902	0.903	0.906	0.898	0.904	0.915	0.919	0.935	0.855	0.092	0.094	0.913	0.907	0.905	0.896	0.894	0.816	0.899	0.848	0.927	0.941	0.090	0.094	0.923	0.920	0.919	0.906	0.827	0.919	0.849	0.929	0.864	0.941	0.091	0.094	0.943	0.941	0.935	0.932	0.944	0.851	0.958	0.964	0.970	0.955	0.091	0.093	0.092	0.095	0.092	0.091	0.091	0.093	0.094	0.095	0.092	0.091	0.091
42:00:45	19.5	0.091	0.089	0.093	0.091	0.091	0.092	0.091	0.091	0.092	0.094	0.091	0.091	0.091	0.923	0.810	0.898	0.898	0.813	0.885	0.917	0.922	0.932	0.851	0.092	0.090	0.909	0.890	0.813	0.809	0.881	0.810	0.901	0.909	0.836	0.918	0.092	0.090	0.902	0.899	0.899	0.902	0.892	0.896	0.910	0.912	0.930	0.852	0.092	0.094	0.909	0.903	0.901	0.889	0.882	0.810	0.895	0.842	0.924	0.942	0.090	0.094	0.915	0.917	0.912	0.901	0.819	0.915	0.842	0.925	0.856	0.930	0.091	0.094	0.940	0.937	0.931	0.929	0.939	0.842	0.954	0.958	0.968	0.953	0.091	0.093	0.092	0.094	0.091	0.091	0.091	0.093	0.094	0.095	0.092	0.091	0.091
43:00:46	19.5	0.091	0.090	0.093	0.091	0.091	0.092	0.091	0.091	0.092	0.094	0.092	0.090	0.091	0.922	0.803	0.897	0.894	0.808	0.878	0.916	0.920	0.930	0.850	0.092	0.090	0.909	0.888	0.810	0.806	0.879	0.807	0.894	0.905	0.833	0.916	0.092	0.090	0.899	0.897	0.895	0.896	0.885	0.890	0.906	0.912	0.929	0.847	0.092	0.094	0.905	0.900	0.895	0.881	0.872	0.805	0.889	0.838	0.921	0.937	0.091	0.094	0.907	0.916	0.904	0.896	0.812	0.913	0.837	0.925	0.851	0.926	0.091	0.094	0.937	0.935	0.928	0.924	0.936	0.837	0.950	0.948	0.967	0.956	0.091	0.093	0.092	0.094	0.091	0.091	0.091	0.092	0.094	0.095	0.092	0.091	0.091
44:00:48	19.6	0.091	0.089	0.093	0.091	0.091	0.092	0.091	0.091	0.092	0.094	0.091	0.090	0.092	0.923	0.803	0.896	0.891	0.809	0.879	0.913	0.916	0.929	0.847	0.092	0.090	0.908	0.886	0.810	0.802	0.879	0.807	0.883	0.904	0.830	0.916	0.092	0.090	0.898	0.898	0.894	0.889	0.883	0.889	0.901	0.908	0.930	0.843	0.093	0.094	0.901	0.900	0.887	0.876	0.869	0.802	0.881	0.833	0.920	0.931	0.090	0.094	0.900	0.904	0.899	0.892	0.808	0.907	0.834	0.928	0.848	0.925	0.091	0.094	0.935	0.934	0.927	0.915	0.934	0.832	0.936	0.944	0.972	0.962	0.091	0.093	0.092	0.094	0.092	0.091	0.091	0.093	0.094	0.095	0.092	0.091	0.091
45:00:49	19.6	0.091	0.089	0.093	0.091	0.091	0.092	0.091	0.092	0.092	0.093	0.091	0.090	0.091	0.925	0.801	0.893	0.890	0.807	0.879	0.906	0.915	0.930	0.845	0.092	0.090	0.907	0.887	0.808	0.802	0.881	0.806	0.877	0.902	0.828	0.919	0.092	0.090	0.897	0.898	0.885	0.888	0.882	0.888	0.890	0.909	0.932	0.842	0.092	0.094	0.899	0.897	0.879	0.875	0.871	0.800	0.876	0.830	0.920	0.926	0.090	0.094	0.897	0.903	0.896	0.892	0.804	0.908	0.830	0.927	0.846	0.924	0.091	0.094	0.935	0.936	0.927	0.904	0.933	0.830	0.934	0.945	0.962	0.966	0.091	0.093	0.092	0.094	0.091	0.091	0.091	0.093	0.094	0.095	0.092	0.091	0.091
46:00:50	19.6	0.091	0.089	0.093	0.091	0.091	0.091	0.091	0.092	0.092	0.093	0.091	0.090	0.091	0.928	0.803	0.893	0.890	0.806	0.883	0.904	0.917	0.932	0.846	0.092	0.090	0.908	0.886	0.809	0.816	0.882	0.807	0.878	0.904	0.828	0.920	0.092	0.090	0.899	0.893	0.885	0.888	0.887	0.889	0.890	0.912	0.936	0.841	0.092	0.094	0.898	0.895	0.880	0.875	0.874	0.800	0.878	0.828	0.922	0.928	0.090	0.094	0.895	0.899	0.894	0.891	0.805	0.909	0.829	0.935	0.844	0.927	0.090	0.094	0.936	0.937	0.923	0.908	0.935	0.829	0.936	0.948	0.960	0.968	0.091	0.093	0.092	0.094	0.091	0.091	0.091	0.093	0.094	0.095	0.092	0.091	0.091
47:00:51	19.7	0.091	0.090	0.093	0.092	0.091	0.092	0.091	0.092	0.092	0.094	0.091	0.090	0.091	0.932	0.803	0.891	0.893	0.808	0.884	0.906	0.919	0.936	0.847	0.092	0.090	0.911	0.884	0.815	0.817	0.887	0.819	0.885	0.908	0.832	0.925	0.092	0.090	0.896	0.890	0.888	0.893	0.889	0.897	0.895	0.916	0.944	0.845	0.092	0.094	0.896	0.895	0.884	0.879	0.878	0.804	0.883	0.833	0.926	0.932	0.090	0.094	0.895	0.902	0.898	0.893	0.809	0.913	0.832	0.937	0.847	0.930	0.091	0.094	0.936	0.941	0.912	0.910	0.936	0.833	0.939	0.952	0.967	0.971	0.091	0.093	0.092	0.094	0.091	0.091	0.091	0.093	0.094	0.095	0.092	0.091	0.091
48:00:52	19.7	0.091	0.089	0.093	0.092	0.091	0.092	0.091	0.092	0.092	0.093	0.091	0.091	0.091	0.939	0.806	0.890	0.894	0.813	0.888	0.911	0.923	0.940	0.852	0.092	0.090	0.911	0.890	0.824	0.822	0.893	0.822	0.896	0.916	0.839	0.932	0.092	0.090	0.897	0.891	0.894	0.901	0.892	0.900	0.902	0.921	0.950	0.850	0.092	0.094	0.895	0.901	0.889	0.884	0.880	0.810	0.893	0.838	0.930	0.936	0.090	0.094	0.894	0.898	0.900	0.900	0.815	0.921	0.838	0.943	0.850	0.932	0.091	0.094	0.940	0.949	0.907	0.913	0.940	0.839	0.943	0.954	0.972	0.950	0.091	0.093	0.092	0.094	0.091	0.091	0.091	0.093	0.094	0.095	0.092	0.091	0.091
49:00:54	19.6	0.091	0.089	0.093	0.091	0.091	0.092	0.091	0.092	0.092	0.094	0.091	0.090	0.091	0.945	0.813	0.893	0.890	0.821	0.892	0.915	0.925	0.943	0.857	0.092	0.090	0.914	0.898	0.842	0.829	0.903	0.833	0.906	0.924	0.846	0.940	0.092	0.090	0.892	0.895	0.902	0.908	0.899	0.913	0.909	0.932	0.960	0.859	0.092	0.094	0.897	0.904	0.894	0.892	0.887	0.819	0.901	0.848	0.942	0.946	0.090	0.094	0.895	0.902	0.905	0.907	0.826	0.932	0.844	0.953	0.858	0.938	0.091	0.094	0.945	0.956	0.911	0.918	0.944	0.847	0.951	0.961	0.979	0.956	0.091	0.093	0.092	0.094	0.091	0.091	0.091	0.092	0.094	0.095	0.092	0.091	0.091
50:00:54	19.6	0.091	0.090	0.093	0.091	0.091	0.092	0.091	0.092	0.093	0.094	0.091	0.091	0.091	0.954	0.823	0.900	0.897	0.833	0.902	0.922	0.936	0.953	0.870	0.092	0.090	0.917	0.906	0.854	0.841	0.919	0.846	0.928	0.936	0.859	0.951	0.092	0.091	0.895	0.904	0.912	0.923	0.910	0.927	0.922	0.942	0.974	0.871	0.092	0.094	0.902	0.913	0.901	0.908	0.897	0.834	0.913	0.860	0.956	0.956	0.090	0.094	0.900	0.909	0.914	0.918	0.841	0.945	0.857	0.966	0.868	0.947	0.091	0.094	0.953	0.967	0.927	0.923	0.955	0.858	0.957	0.969	0.987	0.964	0.092	0.093	0.092	0.094	0.091	0.091	0.091	0.093	0.094	0.095	0.092	0.091	0.091
51:00:55	19.6	0.091	0.089	0.093	0.091	0.091	0.092	0.091	0.091	0.092	0.095	0.092	0.091	0.091	0.963	0.838	0.910	0.906	0.851	0.917	0.926	0.946	0.965	0.881	0.092	0.090	0.922	0.918	0.868	0.853	0.935	0.861	0.941	0.950	0.876	0.964	0.092	0.090	0.902	0.915	0.925	0.939	0.922	0.942	0.932	0.958	0.989	0.884	0.092	0.094	0.909	0.923	0.911	0.925	0.910	0.847	0.925	0.873	0.970	0.964	0.090	0.094	0.905	0.920	0.926	0.928	0.854	0.961	0.872	0.979	0.880	0.956	0.091	0.094	0.962	0.977	0.933	0.931	0.967	0.872	0.964	0.976	0.998	0.973	0.091	0.093	0.092	0.094	0.091	0.091	0.091	0.093	0.094	0.095	0.092	0.091	0.091
52:00:55	19.6	0.091	0.089	0.093	0.092	0.091	0.092	0.091	0.092	0.093	0.094	0.092	0.091	0.091	0.974	0.850	0.920	0.916	0.865	0.931	0.943	0.956	0.975	0.894	0.092	0.090	0.933	0.930	0.884	0.869	0.949	0.878	0.958	0.965	0.893	0.976	0.092	0.090	0.910	0.927	0.938	0.955	0.935	0.957	0.947	0.973	1.005	0.896	0.092	0.094	0.916	0.928	0.925	0.939	0.924	0.865	0.938	0.889	0.984	0.977	0.090	0.094	0.912	0.928	0.938	0.945	0.871	0.974	0.887	0.994	0.894	0.969	0.091	0.094	0.972	0.988	0.943	0.938	0.981	0.887	0.976	0.983	1.007	0.987	0.091	0.093	0.092	0.094	0.091	0.091	0.091	0.093	0.094	0.095	0.092	0.091	0.091
53:00:56	19.6	0.091	0.090	0.093	0.092	0.091	0.092	0.091	0.091	0.092	0.094	0.092	0.091	0.091	0.982	0.867	0.935	0.929	0.881	0.944	0.958	0.972	0.990	0.908	0.092	0.090	0.941	0.945	0.902	0.884	0.970	0.896	0.975	0.981	0.908	0.991	0.092	0.091	0.919	0.940	0.950	0.971	0.951	0.976	0.964	0.989	1.020	0.914	0.092	0.094	0.923	0.940	0.939	0.956	0.941	0.884	0.954	0.904	0.997	0.989	0.090	0.094	0.918	0.937	0.952	0.958	0.889	0.991	0.900	1.009	0.909	0.981	0.091	0.094	0.983	0.990	0.955	0.946	0.993	0.904	0.990	0.994	1.018	0.997	0.091	0.093	0.092	0.095	0.091	0.091	0.091	0.093	0.094	0.095	0.092	0.091	0.091
54:00:57	19.6	0.091	0.090	0.093	0.091	0.091	0.092	0.091	0.091	0.092	0.094	0.092	0.090	0.091	0.994	0.883	0.948	0.942	0.899	0.961	0.976	0.983	1.004	0.924	0.093	0.090	0.953	0.962	0.917	0.901	0.988	0.913	0.992	0.998	0.928	1.006	0.092	0.091	0.930	0.954	0.968	0.987	0.971	0.992	0.978	1.005	1.036	0.929	0.092	0.094	0.934	0.952	0.954	0.969	0.956	0.902	0.970	0.925	1.012	1.002	0.090	0.094	0.925	0.950	0.965	0.975	0.906	1.008	0.919	1.026	0.924	0.991	0.091	0.094	0.992	1.004	0.966	0.958	1.008	0.920	0.999	1.005	1.030	1.007	0.092	0.093	0.092	0.094	0.091	0.091	0.091	0.093	0.094	0.095	0.092	0.091	0.091
55:00:59	19.6	0.091	0.090	0.093	0.091	0.091	0.092	0.091	0.091	0.092	0.095	0.091	0.091	0.091	1.007	0.905	0.965	0.960	0.921	0.977	0.989	0.998	1.021	0.943	0.092	0.090	0.965	0.977	0.937	0.925	1.004	0.939	1.009	1.015	0.949	1.021	0.092	0.090	0.941	0.966	0.983	1.004	0.989	1.012	0.997	1.023	1.053	0.949	0.092	0.094	0.946	0.965	0.971	0.989	0.974	0.921	0.986	0.939	1.028	1.017	0.090	0.094	0.938	0.961	0.979	0.991	0.925	1.026	0.938	1.040	0.941	1.006	0.091	0.094	1.001	1.017	0.980	0.970	1.021	0.940	1.012	1.017	1.042	1.014	0.091	0.093	0.092	0.094	0.091	0.091	0.091	0.093	0.094	0.094	0.092	0.091	0.091
56:01:00	19.6	0.091	0.090	0.093	0.091	0.091	0.092	0.091	0.091	0.093	0.095	0.092	0.091	0.092	1.022	0.930	0.976	0.971	0.948	0.995	1.002	1.014	1.034	0.963	0.092	0.091	0.980	0.991	0.960	0.944	1.020	0.957	1.026	1.029	0.965	1.034	0.092	0.090	0.957	0.980	1.000	1.020	1.005	1.028	1.011	1.039	1.070	0.966	0.092	0.094	0.958	0.979	0.987	1.002	0.991	0.941	1.004	0.954	1.047	1.031	0.091	0.094	0.950	0.973	0.995	1.006	0.947	1.042	0.957	1.056	0.958	1.017	0.091	0.094	1.016	1.032	0.989	0.985	1.037	0.959	1.027	1.032	1.054	1.025	0.091	0.093	0.092	0.094	0.091	0.091	0.091	0.093	0.094	0.095	0.092	0.091	0.091
57:01:00	19.7	0.091	0.089	0.094	0.091	0.091	0.092	0.091	0.091	0.092	0.093	0.091	0.090	0.091	1.038	0.946	0.987	0.986	0.958	1.007	1.016	1.029	1.046	0.982	0.093	0.090	0.993	1.005	0.975	0.961	1.037	0.978	1.042	1.043	0.984	1.047	0.092	0.090	0.970	0.994	1.012	1.033	1.016	1.040	1.024	1.051	1.083	0.985	0.092	0.094	0.968	0.991	0.998	1.016	1.004	0.961	1.018	0.971	1.059	1.042	0.090	0.094	0.963	0.986	1.007	1.019	0.965	1.056	0.974	1.072	0.975	1.026	0.091	0.094	1.026	1.047	0.999	0.996	1.048	0.977	1.038	1.044	1.062	1.033	0.091	0.093	0.092	0.094	0.091	0.091	0.091	0.093	0.094	0.095	0.092	0.091	0.091
58:01:01	19.7	0.091	0.089	0.093	0.091	0.091	0.092	0.091	0.091	0.093	0.094	0.091	0.091	0.091	1.052	0.959	0.999	1.001	0.977	1.019	1.028	1.040	1.059	1.000	0.092	0.090	1.010	1.019	0.992	0.982	1.046	0.991	1.057	1.056	1.000	1.059	0.092	0.091	0.983	1.007	1.023	1.046	1.030	1.055	1.038	1.064	1.097	0.999	0.093	0.094	0.981	1.004	1.013	1.028	1.019	0.978	1.031	0.983	1.073	1.056	0.090	0.094	0.974	0.999	1.020	1.032	0.980	1.066	0.988	1.082	0.989	1.040	0.091	0.094	1.039	1.060	1.011	1.005	1.060	0.995	1.049	1.052	1.074	1.044	0.091	0.093	0.092	0.094	0.091	0.091	0.091	0.093	0.094	0.095	0.092	0.091	0.091
59:01:02	19.7	0.091	0.090	0.094	0.092	0.091	0.092	0.091	0.091	0.093	0.094	0.091	0.091	0.091	1.070	0.977	1.014	1.013	0.994	1.033	1.040	1.054	1.071	1.014	0.093	0.090	1.023	1.030	1.007	0.994	1.058	1.007	1.070	1.068	1.013	1.069	0.092	0.091	0.995	1.019	1.036	1.058	1.042	1.067	1.048	1.075	1.108	1.010	0.093	0.094	0.993	1.015	1.025	1.038	1.032	0.996	1.045	0.997	1.087	1.067	0.091	0.094	0.985	1.011	1.034	1.046	0.994	1.080	1.000	1.090	1.006	1.042	0.091	0.095	1.052	1.075	1.024	1.018	1.075	1.011	1.063	1.063	1.083	1.051	0.092	0.094	0.092	0.094	0.092	0.091	0.091	0.093	0.094	0.095	0.092	0.091	0.091
60:01:04	19.6	0.091	0.089	0.093	0.091	0.091	0.092	0.091	0.091	0.092	0.094	0.091	0.090	0.092	1.088	0.987	1.026	1.023	1.004	1.044	1.049	1.062	1.082	1.030	0.093	0.090	1.038	1.041	1.016	1.004	1.068	1.017	1.079	1.078	1.025	1.082	0.092	0.091	1.009	1.032	1.047	1.070	1.050	1.076	1.057	1.084	1.119	1.028	0.092	0.094	1.007	1.027	1.033	1.050	1.042	1.006	1.054	1.007	1.093	1.076	0.090	0.094	0.997	1.022	1.043	1.055	1.003	1.086	1.011	1.102	1.014	1.059	0.091	0.094	1.066	1.089	1.033	1.026	1.083	1.022	1.074	1.074	1.094	1.060	0.091	0.093	0.092	0.094	0.091	0.091	0.091	0.093	0.094	0.095	0.092	0.091	0.091
61:01:03	19.6	0.091	0.090	0.094	0.092	0.091	0.092	0.091	0.091	0.092	0.094	0.091	0.091	0.091	1.102	0.997	1.037	1.034	1.012	1.054	1.059	1.072	1.090	1.039	0.093	0.091	1.050	1.051	1.027	1.014	1.075	1.025	1.087	1.082	1.036	1.090	0.092	0.091	1.020	1.044	1.056	1.078	1.059	1.085	1.065	1.091	1.125	1.033	0.092	0.094	1.018	1.040	1.043	1.055	1.051	1.017	1.063	1.016	1.103	1.087	0.091	0.094	1.006	1.033	1.051	1.061	1.014	1.093	1.017	1.109	1.022	1.069	0.091	0.094	1.081	1.102	1.045	1.036	1.091	1.034	1.078	1.077	1.097	1.069	0.092	0.093	0.092	0.094	0.092	0.091	0.091	0.093	0.094	0.095	0.092	0.091	0.091
62:01:05	19.5	0.091	0.090	0.093	0.091	0.091	0.092	0.091	0.091	0.093	0.094	0.092	0.091	0.092	1.117	1.003	1.048	1.045	1.017	1.063	1.072	1.079	1.098	1.048	0.093	0.090	1.064	1.056	1.033	1.018	1.079	1.032	1.094	1.087	1.042	1.095	0.092	0.091	1.031	1.052	1.062	1.079	1.066	1.091	1.069	1.091	1.131	1.042	0.093	0.094	1.028	1.047	1.049	1.061	1.058	1.023	1.069	1.020	1.106	1.094	0.090	0.094	1.016	1.041	1.058	1.068	1.017	1.096	1.020	1.107	1.032	1.075	0.091	0.094	1.092	1.116	1.054	1.045	1.095	1.041	1.085	1.085	1.105	1.081	0.092	0.093	0.092	0.094	0.091	0.091	0.091	0.093	0.094	0.095	0.092	0.091	0.091
63:01:06	19.5	0.091	0.090	0.094	0.091	0.091	0.092	0.091	0.091	0.092	0.094	0.092	0.091	0.092	1.127	1.010	1.052	1.044	1.018	1.065	1.076	1.085	1.100	1.054	0.092	0.090	1.073	1.061	1.035	1.018	1.081	1.029	1.097	1.089	1.043	1.101	0.092	0.091	1.036	1.056	1.063	1.082	1.068	1.093	1.072	1.092	1.130	1.046	0.093	0.094	1.036	1.051	1.057	1.066	1.063	1.022	1.073	1.019	1.107	1.098	0.091	0.094	1.023	1.044	1.062	1.072	1.017	1.092	1.020	1.110	1.030	1.083	0.091	0.095	1.103	1.123	1.061	1.052	1.097	1.046	1.086	1.090	1.111	1.083	0.092	0.093	0.092	0.094	0.091	0.091	0.091	0.093	0.094	0.095	0.092	0.091	0.091
64:01:08	19.5	0.091	0.089	0.093	0.091	0.091	0.092	0.091	0.091	0.093	0.094	0.091	0.091	0.091	1.131	1.010	1.054	1.052	1.020	1.068	1.080	1.085	1.101	1.056	0.092	0.090	1.079	1.063	1.032	1.015	1.076	1.021	1.094	1.087	1.041	1.099	0.092	0.090	1.039	1.059	1.065	1.083	1.066	1.089	1.073	1.091	1.126	1.047	0.092	0.094	1.043	1.054	1.058	1.066	1.062	1.019	1.074	1.017	1.105	1.102	0.090	0.094	1.027	1.047	1.064	1.072	1.012	1.089	1.016	1.102	1.033	1.081	0.091	0.094	1.112	1.131	1.067	1.056	1.097	1.048	1.090	1.091	1.114	1.085	0.091	0.093	0.092	0.094	0.091	0.091	0.091	0.093	0.094	0.095	0.092	0.091	0.091
65:01:08	19.4	0.091	0.089	0.093	0.091	0.091	0.092	0.091	0.091	0.092	0.093	0.092	0.090	0.092	1.139	1.005	1.051	1.051	1.013	1.066	1.079	1.085	1.097	1.057	0.092	0.090	1.082	1.061	1.023	1.008	1.067	1.015	1.087	1.083	1.036	1.094	0.092	0.091	1.040	1.058	1.061	1.073	1.060	1.082	1.069	1.083	1.117	1.045	0.092	0.094	1.041	1.052	1.057	1.061	1.061	1.015	1.067	1.009	1.097	1.096	0.090	0.094	1.027	1.044	1.064	1.069	1.004	1.078	1.008	1.095	1.027	1.082	0.090	0.094	1.113	1.132	1.066	1.057	1.096	1.046	1.086	1.088	1.112	1.086	0.091	0.093	0.092	0.094	0.091	0.091	0.091	0.093	0.094	0.095	0.092	0.091	0.091
66:01:10	19.4	0.091	0.090	0.094	0.092	0.091	0.092	0.091	0.091	0.093	0.094	0.092	0.091	0.092	1.141	1.001	1.047	1.043	1.005	1.058	1.072	1.080	1.089	1.053	0.093	0.091	1.082	1.056	1.015	1.000	1.058	1.004	1.077	1.073	1.025	1.087	0.092	0.091	1.039	1.052	1.055	1.068	1.054	1.075	1.061	1.075	1.106	1.037	0.093	0.094	1.040	1.047	1.050	1.055	1.056	1.003	1.063	0.996	1.087	1.094	0.091	0.094	1.024	1.038	1.057	1.059	0.995	1.069	0.995	1.084	1.021	1.075	0.091	0.095	1.118	1.135	1.062	1.054	1.088	1.039	1.078	1.081	1.107	1.080	0.091	0.094	0.093	0.094	0.092	0.091	0.091	0.093	0.094	0.095	0.092	0.091	0.091
67:01:11	19.4	0.091	0.090	0.093	0.092	0.091	0.092	0.091	0.091	0.093	0.094	0.091	0.091	0.092	1.137	0.988	1.035	1.035	0.990	1.047	1.060	1.068	1.077	1.040	0.093	0.090	1.073	1.043	0.999	0.981	1.045	0.989	1.065	1.057	1.012	1.073	0.092	0.091	1.032	1.043	1.042	1.053	1.041	1.062	1.049	1.060	1.093	1.021	0.093	0.094	1.033	1.040	1.038	1.044	1.043	0.986	1.051	0.986	1.076	1.088	0.091	0.094	1.014	1.027	1.046	1.049	0.981	1.055	0.982	1.066	1.007	1.065	0.091	0.094	1.115	1.132	1.056	1.046	1.079	1.030	1.067	1.074	1.097	1.072	0.091	0.093	0.092	0.095	0.092	0.091	0.091	0.093	0.094	0.095	0.092	0.091	0.091
68:01:11	19.4	0.091	0.089	0.093	0.091	0.091	0.092	0.091	0.091	0.092	0.093	0.091	0.091	0.092	1.137	0.971	1.027	1.023	0.978	1.035	1.048	1.056	1.065	1.025	0.092	0.090	1.066	1.033	0.984	0.965	1.029	0.968	1.049	1.043	0.996	1.061	0.092	0.090	1.021	1.031	1.028	1.041	1.030	1.045	1.036	1.042	1.077	1.008	0.093	0.094	1.022	1.026	1.026	1.031	1.033	0.971	1.036	0.970	1.061	1.070	0.090	0.093	1.006	1.014	1.037	1.037	0.963	1.037	0.963	1.048	0.997	1.050	0.091	0.094	1.113	1.129	1.049	1.038	1.067	1.020	1.058	1.061	1.084	1.064	0.091	0.093	0.092	0.094	0.091	0.091	0.091	0.093	0.094	0.094	0.092	0.091	0.091
69:01:21	19.5	0.091	0.089	0.093	0.092	0.091	0.092	0.091	0.091	0.093	0.094	0.091	0.091	0.091	1.133	0.955	1.016	1.012	0.960	1.023	1.034	1.042	1.051	1.012	0.092	0.091	1.058	1.018	0.963	0.949	1.016	0.951	1.029	1.027	0.977	1.050	0.092	0.090	1.014	1.019	1.014	1.024	1.014	1.030	1.022	1.029	1.059	0.994	0.093	0.094	1.015	1.015	1.013	1.015	1.022	0.952	1.021	0.946	1.044	1.058	0.090	0.094	1.000	1.004	1.022	1.024	0.948	1.020	0.942	1.032	0.981	1.040	0.091	0.094	1.111	1.127	1.037	1.030	1.055	1.002	1.048	1.051	1.072	1.051	0.091	0.093	0.092	0.094	0.091	0.091	0.091	0.093	0.094	0.095	0.092	0.091	0.091
70:01:12	19.6	0.091	0.090	0.093	0.091	0.091	0.092	0.091	0.091	0.092	0.094	0.091	0.090	0.091	1.131	0.940	1.007	1.004	0.939	1.008	1.020	1.028	1.036	0.992	0.092	0.091	1.048	1.002	0.943	0.936	0.999	0.932	1.014	1.012	0.957	1.035	0.092	0.091	1.006	1.006	1.001	1.010	1.000	1.014	1.007	1.015	1.041	0.974	0.092	0.094	1.005	1.004	1.000	1.001	1.006	0.936	1.006	0.926	1.026	1.045	0.090	0.094	0.991	0.991	1.009	1.013	0.928	1.008	0.922	1.018	0.964	1.022	0.091	0.094	1.109	1.126	1.026	1.017	1.042	0.985	1.034	1.038	1.058	1.043	0.091	0.093	0.092	0.094	0.091	0.091	0.091	0.093	0.094	0.094	0.092	0.091	0.091
71:01:14	19.6	0.091	0.089	0.093	0.092	0.091	0.092	0.091	0.091	0.093	0.094	0.091	0.091	0.092	1.128	0.920	0.999	0.995	0.922	0.994	1.009	1.014	1.019	0.978	0.092	0.090	1.043	0.990	0.926	0.915	0.987	0.914	0.999	0.996	0.935	1.017	0.092	0.091	0.997	0.994	0.986	0.998	0.983	1.004	0.994	1.001	1.029	0.956	0.092	0.094	1.000	0.994	0.988	0.986	0.991	0.918	0.990	0.910	1.010	1.029	0.091	0.094	0.981	0.979	0.994	0.997	0.912	0.997	0.908	1.003	0.947	1.008	0.091	0.094	1.108	1.125	1.012	1.005	1.029	0.967	1.021	1.022	1.043	1.032	0.091	0.093	0.092	0.094	0.091	0.091	0.091	0.093	0.094	0.095	0.092	0.091	0.091
72:01:13	19.8	0.091	0.090	0.093	0.091	0.091	0.092	0.091	0.091	0.093	0.094	0.091	0.090	0.091	1.129	0.905	0.989	0.986	0.906	0.981	0.997	0.997	1.003	0.960	0.093	0.091	1.037	0.977	0.911	0.898	0.981	0.894	0.981	0.983	0.918	1.000	0.092	0.091	0.990	0.983	0.971	0.988	0.968	0.992	0.976	0.990	1.016	0.938	0.092	0.094	0.994	0.983	0.972	0.971	0.977	0.904	0.973	0.892	0.993	1.012	0.090	0.094	0.971	0.968	0.979	0.986	0.896	0.987	0.890	0.993	0.931	0.995	0.091	0.094	1.106	1.121	1.000	0.991	1.019	0.957	1.012	1.009	1.028	1.021	0.091	0.093	0.092	0.094	0.091	0.091	0.091	0.093	0.094	0.095	0.092	0.091	0.091

