Time	T° 600	A1	A2	A3	A4	A5	A6	A7	A8	A9	A10	A11	A12	B1	B2	B3	B4	B5	B6	B7	B8	B9	B10	B11	B12	C1	C2	C3	C4	C5	C6	C7	C8	C9	C10	C11	C12	D1	D2	D3	D4	D5	D6	D7	D8	D9	D10	D11	D12	E1	E2	E3	E4	E5	E6	E7	E8	E9	E10	E11	E12	F1	F2	F3	F4	F5	F6	F7	F8	F9	F10	F11	F12	G1	G2	G3	G4	G5	G6	G7	G8	G9	G10	G11	G12	H1	H2	H3	H4	H5	H6	H7	H8	H9	H10	H11	H12
0:00:06	19.5	0.092	0.095	0.093	0.093	0.094	0.094	0.093	0.093	0.093	0.094	0.093	0.094	0.092	0.095	0.106	0.095	0.097	0.107	0.095	0.110	0.098	0.108	0.110	0.093	0.092	0.114	0.095	0.103	0.108	0.101	0.111	0.099	0.098	0.095	0.098	0.092	0.092	0.110	0.094	0.095	0.093	0.101	0.109	0.122	0.097	0.109	0.115	0.092	0.092	0.095	0.097	0.107	0.105	0.099	0.096	0.106	0.105	0.101	0.103	0.092	0.092	0.118	0.106	0.102	0.102	0.096	0.122	0.107	0.097	0.096	0.095	0.092	0.092	0.106	0.100	0.098	0.095	0.109	0.108	0.108	0.096	0.095	0.101	0.092	0.092	0.094	0.093	0.093	0.094	0.093	0.093	0.093	0.093	0.093	0.094	0.094
1:00:05	20.3	0.094	0.095	0.093	0.093	0.095	0.094	0.093	0.093	0.094	0.094	0.093	0.094	0.092	0.097	0.111	0.096	0.098	0.111	0.096	0.117	0.099	0.115	0.113	0.093	0.092	0.119	0.097	0.108	0.113	0.104	0.116	0.100	0.099	0.096	0.100	0.092	0.092	0.114	0.095	0.095	0.094	0.103	0.115	0.127	0.097	0.114	0.123	0.092	0.092	0.097	0.098	0.111	0.109	0.100	0.097	0.110	0.110	0.104	0.105	0.092	0.092	0.123	0.110	0.104	0.105	0.097	0.127	0.112	0.099	0.097	0.096	0.092	0.092	0.109	0.101	0.100	0.096	0.114	0.112	0.111	0.097	0.096	0.105	0.092	0.092	0.094	0.093	0.093	0.095	0.093	0.093	0.093	0.093	0.094	0.094	0.094
2:00:06	20.6	0.095	0.095	0.094	0.094	0.095	0.094	0.094	0.093	0.094	0.095	0.094	0.095	0.092	0.097	0.115	0.097	0.099	0.115	0.097	0.121	0.100	0.121	0.117	0.093	0.092	0.124	0.098	0.112	0.116	0.107	0.121	0.101	0.100	0.097	0.100	0.092	0.092	0.118	0.096	0.096	0.094	0.107	0.121	0.132	0.098	0.118	0.128	0.093	0.092	0.098	0.099	0.114	0.112	0.101	0.098	0.116	0.116	0.108	0.109	0.092	0.092	0.129	0.116	0.110	0.105	0.097	0.134	0.119	0.100	0.098	0.097	0.093	0.092	0.114	0.101	0.100	0.097	0.120	0.116	0.117	0.097	0.097	0.109	0.092	0.092	0.094	0.093	0.093	0.095	0.094	0.094	0.094	0.094	0.094	0.094	0.094
3:00:06	20.7	0.094	0.095	0.094	0.093	0.095	0.094	0.093	0.093	0.094	0.094	0.093	0.094	0.092	0.097	0.120	0.098	0.100	0.120	0.097	0.126	0.101	0.126	0.122	0.093	0.092	0.128	0.099	0.118	0.121	0.111	0.126	0.102	0.100	0.097	0.100	0.092	0.092	0.123	0.096	0.096	0.095	0.111	0.128	0.138	0.099	0.123	0.134	0.092	0.092	0.099	0.099	0.119	0.116	0.103	0.099	0.121	0.122	0.110	0.112	0.092	0.092	0.133	0.120	0.112	0.107	0.098	0.141	0.123	0.101	0.099	0.097	0.092	0.093	0.118	0.102	0.101	0.098	0.127	0.122	0.122	0.098	0.097	0.113	0.092	0.092	0.095	0.093	0.093	0.095	0.093	0.093	0.094	0.094	0.094	0.094	0.094
4:00:07	20.7	0.094	0.095	0.094	0.094	0.095	0.095	0.094	0.093	0.094	0.094	0.093	0.095	0.092	0.098	0.125	0.099	0.101	0.125	0.098	0.132	0.103	0.131	0.126	0.093	0.092	0.132	0.101	0.124	0.127	0.115	0.131	0.103	0.101	0.098	0.101	0.093	0.092	0.128	0.097	0.097	0.096	0.114	0.133	0.143	0.099	0.129	0.139	0.093	0.092	0.101	0.100	0.126	0.121	0.106	0.100	0.128	0.126	0.113	0.114	0.093	0.092	0.139	0.126	0.114	0.109	0.100	0.145	0.127	0.103	0.102	0.099	0.093	0.093	0.123	0.104	0.103	0.099	0.131	0.127	0.129	0.099	0.098	0.117	0.092	0.093	0.095	0.093	0.093	0.095	0.094	0.094	0.094	0.094	0.094	0.094	0.095
5:00:09	20.6	0.094	0.095	0.094	0.094	0.095	0.094	0.094	0.093	0.094	0.094	0.094	0.095	0.092	0.099	0.130	0.100	0.102	0.131	0.099	0.142	0.105	0.136	0.130	0.093	0.092	0.138	0.103	0.129	0.133	0.119	0.136	0.105	0.102	0.099	0.102	0.092	0.092	0.132	0.098	0.098	0.096	0.117	0.139	0.147	0.101	0.133	0.144	0.093	0.092	0.102	0.100	0.129	0.126	0.109	0.102	0.134	0.133	0.120	0.120	0.093	0.092	0.144	0.131	0.118	0.112	0.102	0.152	0.137	0.105	0.104	0.100	0.093	0.093	0.129	0.106	0.105	0.100	0.135	0.132	0.136	0.100	0.100	0.123	0.092	0.093	0.095	0.094	0.093	0.095	0.094	0.094	0.094	0.094	0.095	0.094	0.096
6:00:09	20.5	0.094	0.095	0.094	0.094	0.095	0.094	0.094	0.093	0.094	0.094	0.093	0.094	0.092	0.101	0.135	0.102	0.103	0.137	0.100	0.145	0.108	0.141	0.136	0.093	0.092	0.141	0.105	0.136	0.137	0.124	0.141	0.107	0.103	0.100	0.103	0.092	0.092	0.137	0.099	0.099	0.098	0.121	0.144	0.151	0.102	0.138	0.149	0.092	0.092	0.104	0.102	0.134	0.129	0.113	0.104	0.140	0.137	0.123	0.125	0.092	0.092	0.148	0.137	0.122	0.115	0.104	0.156	0.144	0.108	0.106	0.101	0.092	0.093	0.137	0.108	0.107	0.101	0.141	0.137	0.141	0.101	0.101	0.129	0.092	0.092	0.095	0.093	0.093	0.095	0.094	0.093	0.093	0.094	0.094	0.094	0.095
7:00:10	20.3	0.093	0.095	0.094	0.094	0.095	0.094	0.094	0.093	0.094	0.094	0.094	0.095	0.092	0.102	0.141	0.104	0.106	0.142	0.102	0.152	0.112	0.148	0.142	0.093	0.092	0.147	0.109	0.141	0.142	0.131	0.145	0.111	0.105	0.102	0.105	0.093	0.092	0.143	0.101	0.101	0.100	0.126	0.148	0.156	0.104	0.142	0.155	0.093	0.092	0.107	0.103	0.139	0.133	0.118	0.107	0.145	0.146	0.129	0.131	0.092	0.092	0.152	0.142	0.129	0.121	0.107	0.163	0.147	0.112	0.110	0.103	0.093	0.093	0.140	0.112	0.110	0.104	0.148	0.141	0.146	0.103	0.104	0.135	0.092	0.093	0.095	0.093	0.093	0.095	0.094	0.094	0.094	0.094	0.094	0.094	0.095
8:00:11	20.1	0.095	0.095	0.094	0.094	0.095	0.094	0.094	0.093	0.094	0.094	0.094	0.094	0.092	0.104	0.146	0.107	0.109	0.143	0.104	0.160	0.116	0.151	0.146	0.093	0.092	0.151	0.113	0.144	0.147	0.137	0.150	0.115	0.107	0.103	0.107	0.092	0.092	0.148	0.103	0.103	0.102	0.133	0.152	0.161	0.106	0.146	0.160	0.092	0.092	0.110	0.104	0.144	0.137	0.123	0.111	0.148	0.143	0.135	0.135	0.092	0.092	0.156	0.146	0.137	0.125	0.110	0.169	0.151	0.117	0.114	0.106	0.092	0.093	0.145	0.116	0.113	0.107	0.153	0.145	0.148	0.105	0.106	0.141	0.092	0.092	0.095	0.093	0.093	0.095	0.094	0.093	0.093	0.094	0.094	0.094	0.095
9:00:13	20.0	0.094	0.095	0.094	0.094	0.095	0.094	0.094	0.093	0.094	0.094	0.094	0.094	0.092	0.107	0.152	0.110	0.113	0.151	0.108	0.164	0.120	0.156	0.150	0.093	0.092	0.156	0.118	0.152	0.151	0.140	0.155	0.121	0.110	0.106	0.110	0.092	0.092	0.153	0.106	0.106	0.104	0.140	0.159	0.168	0.109	0.152	0.166	0.092	0.092	0.114	0.107	0.152	0.143	0.128	0.116	0.153	0.151	0.140	0.141	0.092	0.092	0.163	0.154	0.143	0.131	0.114	0.174	0.155	0.121	0.118	0.109	0.093	0.093	0.149	0.120	0.118	0.110	0.158	0.149	0.154	0.109	0.110	0.147	0.092	0.093	0.095	0.093	0.093	0.095	0.094	0.094	0.094	0.094	0.094	0.094	0.094
10:00:14	19.9	0.094	0.095	0.094	0.094	0.095	0.094	0.094	0.093	0.094	0.094	0.093	0.095	0.092	0.110	0.160	0.115	0.118	0.158	0.112	0.168	0.125	0.160	0.155	0.093	0.092	0.161	0.125	0.160	0.156	0.148	0.161	0.126	0.114	0.108	0.113	0.092	0.092	0.156	0.109	0.109	0.108	0.145	0.162	0.176	0.112	0.157	0.172	0.092	0.092	0.119	0.110	0.157	0.149	0.133	0.122	0.158	0.158	0.140	0.148	0.092	0.092	0.169	0.159	0.146	0.137	0.119	0.180	0.160	0.126	0.122	0.112	0.092	0.093	0.154	0.126	0.124	0.115	0.163	0.154	0.161	0.112	0.113	0.152	0.092	0.092	0.095	0.093	0.093	0.095	0.094	0.094	0.094	0.094	0.094	0.094	0.095
11:00:13	19.7	0.094	0.094	0.094	0.094	0.095	0.094	0.094	0.093	0.094	0.094	0.094	0.094	0.092	0.113	0.169	0.120	0.123	0.163	0.117	0.171	0.129	0.167	0.162	0.093	0.092	0.169	0.130	0.164	0.162	0.153	0.167	0.132	0.118	0.111	0.116	0.092	0.092	0.158	0.113	0.113	0.112	0.149	0.169	0.183	0.116	0.162	0.177	0.092	0.092	0.124	0.113	0.159	0.154	0.138	0.128	0.164	0.167	0.146	0.155	0.092	0.092	0.176	0.165	0.150	0.142	0.126	0.186	0.164	0.130	0.126	0.116	0.092	0.093	0.160	0.132	0.130	0.120	0.169	0.159	0.165	0.116	0.117	0.159	0.092	0.092	0.096	0.093	0.093	0.095	0.094	0.093	0.093	0.094	0.094	0.094	0.095
12:00:15	19.6	0.094	0.095	0.094	0.094	0.095	0.094	0.094	0.093	0.094	0.094	0.094	0.094	0.092	0.116	0.169	0.127	0.131	0.172	0.123	0.178	0.133	0.173	0.170	0.093	0.092	0.174	0.136	0.169	0.171	0.156	0.174	0.137	0.123	0.115	0.120	0.092	0.092	0.162	0.119	0.119	0.118	0.153	0.179	0.190	0.119	0.168	0.183	0.093	0.096	0.130	0.119	0.168	0.162	0.144	0.135	0.172	0.169	0.157	0.157	0.092	0.092	0.183	0.170	0.156	0.147	0.133	0.193	0.168	0.134	0.130	0.120	0.092	0.093	0.165	0.139	0.137	0.127	0.177	0.165	0.172	0.120	0.122	0.166	0.092	0.093	0.095	0.093	0.093	0.095	0.094	0.094	0.094	0.093	0.094	0.094	0.094
13:00:16	19.5	0.095	0.095	0.094	0.094	0.095	0.094	0.094	0.093	0.094	0.095	0.094	0.095	0.092	0.121	0.174	0.135	0.138	0.183	0.132	0.183	0.138	0.179	0.176	0.093	0.092	0.176	0.143	0.178	0.177	0.162	0.184	0.143	0.128	0.120	0.126	0.092	0.092	0.168	0.127	0.127	0.126	0.160	0.183	0.198	0.124	0.174	0.192	0.093	0.092	0.135	0.126	0.177	0.168	0.151	0.142	0.180	0.171	0.162	0.162	0.093	0.092	0.186	0.178	0.162	0.154	0.139	0.199	0.176	0.138	0.134	0.124	0.093	0.093	0.168	0.146	0.143	0.136	0.185	0.171	0.179	0.124	0.127	0.172	0.092	0.093	0.095	0.093	0.093	0.095	0.094	0.094	0.094	0.094	0.094	0.094	0.095
14:00:16	19.4	0.093	0.095	0.094	0.094	0.095	0.094	0.094	0.093	0.094	0.094	0.094	0.094	0.092	0.125	0.183	0.143	0.146	0.190	0.142	0.188	0.142	0.186	0.186	0.093	0.092	0.182	0.150	0.184	0.186	0.169	0.193	0.150	0.132	0.124	0.131	0.092	0.092	0.171	0.135	0.136	0.135	0.166	0.189	0.206	0.128	0.182	0.198	0.093	0.092	0.139	0.134	0.185	0.177	0.158	0.148	0.190	0.177	0.165	0.167	0.092	0.092	0.193	0.186	0.169	0.160	0.147	0.206	0.181	0.143	0.138	0.127	0.092	0.093	0.172	0.152	0.150	0.144	0.193	0.177	0.183	0.127	0.130	0.180	0.092	0.093	0.096	0.093	0.093	0.095	0.094	0.093	0.093	0.094	0.094	0.094	0.095
15:00:17	19.3	0.093	0.095	0.094	0.094	0.095	0.094	0.094	0.093	0.094	0.094	0.094	0.094	0.092	0.128	0.183	0.151	0.155	0.200	0.150	0.198	0.147	0.190	0.191	0.093	0.092	0.189	0.158	0.198	0.198	0.175	0.202	0.158	0.134	0.127	0.136	0.092	0.092	0.177	0.143	0.145	0.144	0.174	0.197	0.213	0.130	0.189	0.205	0.092	0.092	0.144	0.142	0.194	0.187	0.167	0.156	0.203	0.184	0.167	0.167	0.093	0.092	0.198	0.194	0.176	0.165	0.155	0.214	0.188	0.148	0.143	0.131	0.092	0.093	0.181	0.161	0.158	0.152	0.203	0.188	0.190	0.131	0.134	0.187	0.092	0.093	0.095	0.093	0.093	0.095	0.094	0.093	0.094	0.093	0.094	0.094	0.095
16:00:18	19.2	0.094	0.095	0.094	0.094	0.095	0.095	0.094	0.093	0.094	0.094	0.094	0.094	0.092	0.132	0.193	0.160	0.164	0.207	0.160	0.208	0.151	0.199	0.201	0.093	0.092	0.196	0.169	0.205	0.205	0.182	0.210	0.167	0.138	0.130	0.140	0.092	0.092	0.183	0.153	0.155	0.152	0.181	0.206	0.220	0.132	0.202	0.213	0.093	0.092	0.147	0.150	0.204	0.197	0.176	0.164	0.212	0.189	0.172	0.176	0.093	0.092	0.205	0.204	0.183	0.174	0.163	0.228	0.196	0.152	0.147	0.136	0.093	0.093	0.190	0.169	0.167	0.159	0.211	0.196	0.199	0.135	0.138	0.193	0.092	0.093	0.095	0.093	0.093	0.095	0.094	0.094	0.094	0.094	0.094	0.094	0.095
17:00:19	19.1	0.095	0.095	0.094	0.094	0.095	0.095	0.094	0.093	0.094	0.094	0.094	0.095	0.092	0.135	0.204	0.169	0.172	0.216	0.171	0.217	0.156	0.212	0.207	0.093	0.092	0.204	0.177	0.215	0.213	0.193	0.220	0.174	0.140	0.132	0.144	0.092	0.092	0.189	0.166	0.167	0.164	0.190	0.215	0.228	0.134	0.208	0.220	0.093	0.092	0.151	0.162	0.213	0.207	0.185	0.173	0.219	0.200	0.178	0.182	0.092	0.092	0.214	0.215	0.192	0.181	0.171	0.237	0.205	0.157	0.152	0.140	0.093	0.093	0.196	0.178	0.175	0.169	0.222	0.204	0.208	0.139	0.142	0.200	0.092	0.093	0.095	0.093	0.093	0.095	0.094	0.094	0.094	0.094	0.094	0.094	0.095
18:00:20	19.2	0.094	0.095	0.094	0.094	0.095	0.094	0.094	0.093	0.094	0.095	0.094	0.094	0.092	0.137	0.206	0.180	0.183	0.227	0.185	0.226	0.160	0.218	0.211	0.093	0.092	0.212	0.187	0.226	0.223	0.203	0.228	0.184	0.143	0.135	0.146	0.092	0.092	0.194	0.178	0.179	0.175	0.199	0.223	0.237	0.137	0.213	0.227	0.093	0.092	0.156	0.175	0.222	0.218	0.194	0.183	0.231	0.207	0.183	0.189	0.093	0.092	0.222	0.226	0.200	0.190	0.180	0.247	0.214	0.161	0.157	0.144	0.093	0.093	0.202	0.186	0.185	0.180	0.229	0.213	0.218	0.142	0.146	0.204	0.092	0.093	0.095	0.093	0.093	0.095	0.094	0.094	0.094	0.094	0.094	0.094	0.095
19:00:21	19.3	0.094	0.095	0.094	0.094	0.095	0.095	0.094	0.093	0.094	0.095	0.094	0.094	0.092	0.138	0.210	0.192	0.193	0.238	0.199	0.234	0.165	0.225	0.221	0.093	0.092	0.221	0.197	0.236	0.234	0.212	0.238	0.192	0.145	0.136	0.148	0.092	0.092	0.200	0.190	0.191	0.189	0.207	0.233	0.245	0.140	0.216	0.234	0.093	0.092	0.160	0.188	0.232	0.230	0.203	0.193	0.237	0.208	0.189	0.195	0.093	0.092	0.231	0.236	0.209	0.185	0.190	0.255	0.224	0.166	0.161	0.149	0.092	0.093	0.212	0.196	0.195	0.191	0.239	0.222	0.227	0.146	0.151	0.211	0.092	0.093	0.098	0.094	0.093	0.095	0.094	0.094	0.094	0.094	0.094	0.094	0.095
20:00:22	19.5	0.094	0.095	0.094	0.094	0.095	0.094	0.094	0.093	0.094	0.094	0.093	0.094	0.092	0.141	0.215	0.204	0.205	0.249	0.213	0.241	0.169	0.236	0.229	0.093	0.092	0.229	0.207	0.245	0.245	0.219	0.248	0.202	0.147	0.138	0.151	0.092	0.092	0.209	0.202	0.205	0.202	0.217	0.242	0.253	0.142	0.226	0.243	0.092	0.092	0.163	0.202	0.244	0.241	0.212	0.203	0.247	0.216	0.192	0.199	0.092	0.092	0.238	0.247	0.218	0.194	0.200	0.265	0.231	0.171	0.166	0.152	0.093	0.093	0.215	0.205	0.208	0.203	0.251	0.233	0.237	0.150	0.156	0.217	0.092	0.093	0.096	0.093	0.093	0.094	0.094	0.094	0.093	0.094	0.094	0.094	0.095
21:00:22	19.7	0.093	0.095	0.094	0.094	0.095	0.094	0.094	0.093	0.094	0.094	0.094	0.094	0.092	0.144	0.220	0.216	0.217	0.259	0.228	0.253	0.174	0.243	0.234	0.093	0.092	0.237	0.218	0.256	0.256	0.233	0.259	0.213	0.152	0.141	0.154	0.092	0.092	0.215	0.213	0.218	0.215	0.227	0.252	0.265	0.146	0.233	0.247	0.092	0.092	0.167	0.215	0.254	0.251	0.223	0.215	0.255	0.227	0.197	0.204	0.092	0.092	0.246	0.261	0.229	0.205	0.211	0.275	0.242	0.177	0.172	0.156	0.093	0.093	0.222	0.217	0.220	0.216	0.262	0.244	0.250	0.154	0.160	0.226	0.092	0.093	0.097	0.093	0.093	0.095	0.094	0.094	0.093	0.094	0.094	0.094	0.095
22:00:24	19.7	0.093	0.095	0.094	0.093	0.095	0.094	0.094	0.093	0.094	0.094	0.093	0.094	0.092	0.147	0.227	0.230	0.229	0.270	0.243	0.263	0.178	0.249	0.241	0.093	0.092	0.249	0.229	0.269	0.267	0.241	0.271	0.224	0.156	0.144	0.157	0.092	0.092	0.224	0.224	0.231	0.229	0.238	0.262	0.275	0.150	0.238	0.260	0.092	0.092	0.172	0.229	0.266	0.262	0.234	0.227	0.266	0.237	0.202	0.211	0.092	0.092	0.260	0.273	0.239	0.214	0.225	0.285	0.251	0.182	0.177	0.160	0.092	0.093	0.231	0.228	0.233	0.230	0.273	0.255	0.260	0.159	0.164	0.235	0.092	0.092	0.096	0.093	0.093	0.094	0.094	0.093	0.093	0.093	0.094	0.094	0.095
23:00:24	19.8	0.093	0.095	0.094	0.094	0.095	0.094	0.094	0.093	0.094	0.095	0.094	0.095	0.092	0.151	0.235	0.244	0.243	0.282	0.257	0.272	0.184	0.254	0.251	0.093	0.092	0.258	0.241	0.280	0.278	0.253	0.283	0.235	0.160	0.148	0.161	0.092	0.092	0.234	0.236	0.244	0.242	0.249	0.274	0.285	0.154	0.242	0.265	0.093	0.092	0.177	0.242	0.277	0.274	0.245	0.240	0.275	0.243	0.208	0.220	0.093	0.092	0.269	0.285	0.253	0.225	0.239	0.296	0.260	0.188	0.183	0.165	0.093	0.093	0.239	0.241	0.248	0.243	0.285	0.267	0.271	0.164	0.170	0.243	0.092	0.093	0.098	0.093	0.093	0.095	0.094	0.094	0.094	0.094	0.094	0.094	0.095
24:00:26	19.9	0.092	0.095	0.094	0.093	0.095	0.094	0.094	0.092	0.094	0.094	0.094	0.094	0.092	0.155	0.241	0.256	0.256	0.294	0.269	0.283	0.189	0.260	0.257	0.093	0.092	0.267	0.254	0.290	0.289	0.265	0.293	0.248	0.164	0.152	0.164	0.092	0.092	0.241	0.247	0.255	0.253	0.261	0.284	0.296	0.158	0.249	0.270	0.092	0.092	0.182	0.255	0.290	0.286	0.255	0.253	0.286	0.250	0.214	0.226	0.092	0.092	0.278	0.296	0.264	0.235	0.252	0.306	0.269	0.193	0.190	0.169	0.092	0.093	0.245	0.254	0.262	0.257	0.297	0.278	0.281	0.168	0.174	0.251	0.092	0.092	0.097	0.093	0.093	0.094	0.093	0.094	0.093	0.094	0.094	0.094	0.095
25:00:27	20.0	0.093	0.095	0.094	0.094	0.095	0.095	0.094	0.093	0.094	0.094	0.093	0.095	0.092	0.160	0.251	0.269	0.270	0.307	0.284	0.295	0.195	0.267	0.264	0.093	0.092	0.277	0.267	0.303	0.300	0.280	0.304	0.261	0.168	0.156	0.169	0.092	0.092	0.250	0.258	0.267	0.266	0.274	0.296	0.308	0.163	0.258	0.278	0.092	0.092	0.188	0.268	0.303	0.298	0.268	0.266	0.297	0.257	0.219	0.233	0.092	0.092	0.287	0.309	0.277	0.248	0.267	0.318	0.280	0.201	0.197	0.173	0.092	0.093	0.251	0.268	0.277	0.271	0.309	0.289	0.293	0.173	0.179	0.258	0.092	0.093	0.098	0.093	0.093	0.095	0.094	0.094	0.094	0.094	0.094	0.094	0.095
26:00:28	20.1	0.093	0.095	0.094	0.094	0.095	0.094	0.094	0.093	0.094	0.094	0.094	0.095	0.092	0.164	0.260	0.282	0.281	0.318	0.296	0.305	0.202	0.274	0.270	0.093	0.092	0.286	0.280	0.315	0.311	0.291	0.316	0.274	0.173	0.160	0.173	0.092	0.092	0.259	0.268	0.280	0.278	0.288	0.305	0.319	0.168	0.266	0.284	0.093	0.092	0.194	0.281	0.317	0.311	0.281	0.280	0.308	0.264	0.225	0.240	0.093	0.092	0.299	0.321	0.291	0.259	0.280	0.329	0.292	0.208	0.202	0.178	0.093	0.093	0.262	0.282	0.291	0.285	0.323	0.300	0.304	0.177	0.185	0.268	0.092	0.093	0.098	0.094	0.093	0.095	0.094	0.094	0.094	0.094	0.094	0.094	0.095
27:00:29	20.1	0.093	0.095	0.094	0.094	0.095	0.094	0.094	0.093	0.094	0.094	0.093	0.094	0.092	0.169	0.268	0.295	0.295	0.329	0.309	0.316	0.207	0.281	0.276	0.093	0.092	0.295	0.292	0.328	0.323	0.303	0.326	0.287	0.178	0.164	0.177	0.092	0.092	0.265	0.279	0.290	0.290	0.301	0.316	0.329	0.172	0.274	0.290	0.093	0.092	0.199	0.294	0.329	0.324	0.294	0.292	0.319	0.272	0.230	0.246	0.092	0.092	0.306	0.335	0.304	0.273	0.293	0.341	0.303	0.215	0.208	0.182	0.092	0.093	0.268	0.295	0.304	0.300	0.336	0.311	0.314	0.181	0.190	0.276	0.092	0.092	0.097	0.093	0.093	0.095	0.094	0.093	0.093	0.094	0.094	0.094	0.095
28:00:30	19.9	0.093	0.095	0.094	0.094	0.095	0.094	0.094	0.093	0.094	0.094	0.093	0.095	0.092	0.175	0.276	0.310	0.308	0.341	0.324	0.329	0.215	0.290	0.284	0.093	0.092	0.302	0.306	0.340	0.335	0.315	0.337	0.300	0.184	0.169	0.182	0.092	0.092	0.273	0.289	0.303	0.302	0.313	0.327	0.341	0.178	0.281	0.297	0.092	0.092	0.204	0.308	0.342	0.336	0.306	0.306	0.333	0.280	0.235	0.252	0.092	0.092	0.317	0.347	0.317	0.284	0.308	0.354	0.316	0.221	0.215	0.187	0.092	0.093	0.274	0.308	0.318	0.313	0.348	0.324	0.325	0.187	0.196	0.284	0.092	0.093	0.098	0.093	0.093	0.095	0.094	0.094	0.093	0.094	0.094	0.094	0.095
29:00:32	19.8	0.093	0.095	0.094	0.094	0.095	0.095	0.094	0.093	0.094	0.094	0.094	0.095	0.092	0.180	0.285	0.324	0.322	0.353	0.336	0.340	0.223	0.298	0.293	0.093	0.092	0.313	0.318	0.353	0.347	0.329	0.350	0.313	0.189	0.174	0.187	0.092	0.092	0.282	0.302	0.315	0.312	0.327	0.339	0.352	0.183	0.294	0.305	0.093	0.092	0.210	0.321	0.355	0.349	0.320	0.318	0.346	0.287	0.241	0.259	0.092	0.092	0.327	0.360	0.331	0.296	0.322	0.367	0.329	0.228	0.220	0.192	0.093	0.093	0.284	0.321	0.332	0.327	0.361	0.336	0.337	0.192	0.202	0.293	0.093	0.093	0.098	0.093	0.093	0.095	0.094	0.094	0.094	0.094	0.094	0.094	0.095
30:00:33	19.8	0.092	0.095	0.094	0.094	0.095	0.094	0.094	0.093	0.094	0.094	0.093	0.094	0.092	0.186	0.292	0.337	0.334	0.365	0.347	0.351	0.229	0.306	0.303	0.093	0.092	0.324	0.330	0.365	0.359	0.340	0.362	0.325	0.194	0.179	0.191	0.092	0.092	0.290	0.312	0.326	0.323	0.339	0.350	0.363	0.189	0.303	0.312	0.092	0.092	0.215	0.332	0.368	0.361	0.332	0.331	0.357	0.296	0.249	0.264	0.092	0.092	0.337	0.373	0.343	0.307	0.335	0.378	0.341	0.237	0.226	0.196	0.092	0.092	0.292	0.333	0.345	0.341	0.373	0.348	0.347	0.196	0.206	0.302	0.092	0.093	0.097	0.093	0.093	0.095	0.093	0.094	0.093	0.094	0.094	0.094	0.095
31:00:34	19.8	0.092	0.095	0.094	0.094	0.095	0.095	0.094	0.093	0.094	0.094	0.094	0.094	0.092	0.190	0.304	0.349	0.348	0.379	0.358	0.363	0.236	0.315	0.309	0.093	0.092	0.335	0.344	0.380	0.372	0.352	0.373	0.338	0.199	0.184	0.197	0.092	0.092	0.299	0.323	0.336	0.333	0.352	0.362	0.375	0.195	0.312	0.321	0.092	0.092	0.222	0.343	0.381	0.373	0.344	0.345	0.370	0.305	0.256	0.271	0.092	0.092	0.347	0.386	0.355	0.321	0.349	0.391	0.353	0.243	0.232	0.201	0.092	0.093	0.303	0.347	0.358	0.355	0.386	0.361	0.359	0.201	0.213	0.311	0.092	0.093	0.097	0.093	0.093	0.095	0.094	0.093	0.093	0.094	0.094	0.094	0.096
32:00:35	19.8	0.093	0.095	0.094	0.094	0.095	0.095	0.094	0.093	0.094	0.094	0.094	0.094	0.092	0.195	0.312	0.363	0.361	0.393	0.368	0.375	0.242	0.324	0.319	0.093	0.092	0.345	0.357	0.390	0.384	0.365	0.385	0.351	0.204	0.189	0.202	0.092	0.092	0.308	0.330	0.346	0.344	0.365	0.373	0.386	0.201	0.320	0.329	0.092	0.092	0.227	0.354	0.394	0.385	0.358	0.359	0.383	0.315	0.262	0.277	0.092	0.092	0.359	0.397	0.369	0.331	0.363	0.403	0.366	0.249	0.237	0.207	0.092	0.093	0.315	0.360	0.371	0.369	0.398	0.372	0.370	0.205	0.220	0.319	0.092	0.093	0.097	0.093	0.093	0.095	0.094	0.094	0.093	0.094	0.094	0.094	0.096
33:00:36	19.8	0.092	0.095	0.094	0.094	0.095	0.094	0.094	0.093	0.093	0.094	0.093	0.094	0.092	0.201	0.321	0.377	0.374	0.405	0.380	0.388	0.247	0.332	0.328	0.093	0.092	0.354	0.370	0.402	0.395	0.377	0.396	0.365	0.209	0.195	0.207	0.092	0.092	0.316	0.339	0.356	0.354	0.378	0.385	0.398	0.206	0.329	0.337	0.092	0.092	0.232	0.365	0.406	0.398	0.371	0.373	0.395	0.326	0.268	0.284	0.092	0.092	0.370	0.409	0.381	0.343	0.377	0.415	0.379	0.255	0.242	0.211	0.092	0.093	0.326	0.373	0.385	0.382	0.411	0.384	0.382	0.211	0.226	0.330	0.092	0.093	0.096	0.093	0.093	0.095	0.094	0.093	0.093	0.094	0.094	0.094	0.096
34:00:36	19.8	0.092	0.095	0.094	0.094	0.095	0.094	0.094	0.093	0.094	0.094	0.093	0.095	0.092	0.206	0.333	0.390	0.387	0.419	0.392	0.400	0.254	0.343	0.337	0.093	0.092	0.364	0.384	0.415	0.407	0.390	0.409	0.378	0.215	0.202	0.212	0.092	0.092	0.326	0.348	0.368	0.365	0.392	0.397	0.409	0.213	0.339	0.347	0.092	0.092	0.239	0.378	0.420	0.410	0.384	0.386	0.407	0.337	0.277	0.291	0.092	0.092	0.380	0.423	0.393	0.356	0.391	0.428	0.391	0.261	0.249	0.217	0.092	0.093	0.337	0.388	0.398	0.396	0.424	0.397	0.395	0.217	0.234	0.340	0.092	0.093	0.098	0.093	0.093	0.095	0.094	0.093	0.094	0.094	0.094	0.094	0.096
35:00:38	19.8	0.093	0.095	0.094	0.094	0.095	0.095	0.094	0.093	0.094	0.094	0.094	0.094	0.092	0.212	0.342	0.401	0.400	0.431	0.405	0.413	0.260	0.352	0.347	0.093	0.092	0.373	0.397	0.429	0.420	0.404	0.421	0.392	0.221	0.208	0.218	0.092	0.092	0.336	0.358	0.380	0.377	0.405	0.409	0.422	0.219	0.347	0.357	0.092	0.092	0.245	0.390	0.434	0.423	0.397	0.401	0.422	0.348	0.289	0.298	0.092	0.092	0.390	0.436	0.406	0.367	0.405	0.440	0.405	0.268	0.255	0.224	0.092	0.093	0.347	0.402	0.412	0.407	0.437	0.410	0.408	0.223	0.240	0.350	0.092	0.093	0.097	0.094	0.093	0.095	0.094	0.094	0.093	0.094	0.094	0.094	0.096
36:00:39	19.8	0.092	0.095	0.094	0.094	0.095	0.094	0.094	0.093	0.094	0.094	0.093	0.094	0.092	0.218	0.351	0.413	0.411	0.443	0.416	0.425	0.267	0.363	0.357	0.093	0.092	0.384	0.411	0.441	0.431	0.417	0.433	0.405	0.228	0.216	0.224	0.092	0.092	0.345	0.369	0.391	0.389	0.418	0.422	0.434	0.226	0.357	0.367	0.092	0.092	0.250	0.401	0.447	0.436	0.410	0.414	0.435	0.355	0.295	0.305	0.092	0.092	0.401	0.448	0.420	0.378	0.420	0.452	0.416	0.275	0.262	0.229	0.092	0.093	0.357	0.416	0.426	0.419	0.449	0.422	0.420	0.228	0.251	0.359	0.092	0.092	0.098	0.093	0.093	0.095	0.094	0.093	0.094	0.094	0.094	0.094	0.096
37:00:40	19.8	0.092	0.095	0.094	0.094	0.095	0.095	0.094	0.093	0.094	0.094	0.093	0.094	0.092	0.225	0.362	0.424	0.422	0.456	0.428	0.439	0.274	0.373	0.368	0.093	0.092	0.395	0.425	0.454	0.446	0.433	0.447	0.419	0.234	0.226	0.230	0.092	0.092	0.352	0.380	0.403	0.400	0.433	0.435	0.447	0.233	0.367	0.378	0.092	0.092	0.257	0.413	0.459	0.449	0.425	0.428	0.449	0.368	0.304	0.312	0.092	0.092	0.413	0.460	0.433	0.392	0.434	0.465	0.429	0.281	0.267	0.236	0.092	0.093	0.368	0.430	0.439	0.431	0.462	0.436	0.434	0.235	0.253	0.369	0.092	0.092	0.097	0.094	0.094	0.095	0.094	0.094	0.093	0.094	0.094	0.094	0.095
38:00:41	19.8	0.092	0.095	0.094	0.094	0.095	0.094	0.094	0.093	0.094	0.094	0.094	0.094	0.092	0.232	0.371	0.436	0.433	0.469	0.440	0.452	0.282	0.384	0.379	0.093	0.092	0.403	0.438	0.467	0.460	0.446	0.460	0.433	0.242	0.236	0.236	0.092	0.092	0.362	0.390	0.416	0.412	0.446	0.447	0.460	0.239	0.378	0.389	0.093	0.092	0.263	0.425	0.474	0.463	0.439	0.441	0.462	0.380	0.313	0.319	0.092	0.092	0.424	0.473	0.447	0.405	0.446	0.480	0.442	0.287	0.275	0.243	0.093	0.093	0.379	0.445	0.454	0.442	0.475	0.449	0.448	0.242	0.261	0.381	0.092	0.093	0.098	0.093	0.093	0.095	0.094	0.094	0.093	0.094	0.094	0.094	0.095
39:00:42	19.8	0.093	0.095	0.094	0.094	0.095	0.095	0.094	0.093	0.094	0.094	0.094	0.094	0.092	0.240	0.382	0.447	0.444	0.482	0.452	0.464	0.290	0.395	0.388	0.093	0.092	0.413	0.452	0.479	0.471	0.460	0.472	0.446	0.251	0.248	0.242	0.092	0.092	0.369	0.401	0.427	0.424	0.459	0.459	0.471	0.246	0.387	0.400	0.093	0.092	0.270	0.437	0.486	0.476	0.453	0.453	0.476	0.391	0.321	0.325	0.092	0.092	0.435	0.487	0.461	0.417	0.458	0.491	0.455	0.294	0.281	0.250	0.092	0.093	0.390	0.459	0.468	0.454	0.488	0.461	0.461	0.248	0.269	0.391	0.092	0.093	0.095	0.093	0.093	0.095	0.094	0.093	0.093	0.094	0.094	0.094	0.095
40:00:43	19.8	0.093	0.095	0.094	0.094	0.095	0.095	0.094	0.093	0.094	0.094	0.094	0.094	0.092	0.247	0.392	0.458	0.455	0.495	0.465	0.478	0.300	0.405	0.398	0.093	0.092	0.424	0.466	0.493	0.484	0.475	0.485	0.459	0.260	0.262	0.249	0.092	0.092	0.384	0.413	0.439	0.436	0.473	0.473	0.485	0.253	0.399	0.412	0.093	0.092	0.277	0.449	0.499	0.490	0.467	0.465	0.489	0.401	0.331	0.333	0.093	0.092	0.446	0.501	0.473	0.431	0.471	0.504	0.469	0.302	0.288	0.257	0.093	0.093	0.401	0.473	0.482	0.466	0.502	0.475	0.474	0.256	0.278	0.403	0.092	0.093	0.096	0.093	0.093	0.095	0.094	0.094	0.094	0.094	0.094	0.094	0.095
41:00:44	19.9	0.093	0.095	0.094	0.094	0.095	0.094	0.094	0.093	0.094	0.094	0.093	0.094	0.092	0.254	0.403	0.469	0.467	0.507	0.476	0.490	0.309	0.416	0.409	0.093	0.092	0.435	0.480	0.506	0.496	0.488	0.497	0.471	0.270	0.277	0.255	0.092	0.092	0.391	0.424	0.451	0.448	0.487	0.485	0.496	0.260	0.408	0.423	0.092	0.092	0.284	0.461	0.512	0.505	0.480	0.476	0.503	0.413	0.342	0.341	0.092	0.092	0.456	0.514	0.487	0.444	0.482	0.516	0.481	0.309	0.295	0.264	0.093	0.093	0.412	0.488	0.497	0.477	0.514	0.488	0.487	0.263	0.286	0.414	0.092	0.093	0.097	0.093	0.093	0.095	0.094	0.093	0.093	0.094	0.094	0.094	0.094
42:00:45	20.0	0.092	0.095	0.094	0.094	0.095	0.094	0.094	0.093	0.093	0.094	0.093	0.094	0.092	0.262	0.411	0.481	0.477	0.521	0.489	0.504	0.320	0.426	0.428	0.093	0.092	0.446	0.493	0.520	0.511	0.503	0.511	0.483	0.281	0.294	0.261	0.092	0.092	0.401	0.438	0.464	0.460	0.501	0.501	0.508	0.267	0.423	0.435	0.092	0.092	0.292	0.474	0.526	0.517	0.495	0.489	0.516	0.424	0.352	0.349	0.092	0.092	0.468	0.527	0.501	0.458	0.494	0.529	0.494	0.316	0.303	0.272	0.092	0.093	0.423	0.503	0.511	0.489	0.529	0.502	0.501	0.271	0.294	0.425	0.092	0.093	0.096	0.093	0.093	0.095	0.094	0.093	0.093	0.094	0.094	0.094	0.095
43:00:45	20.1	0.092	0.095	0.094	0.093	0.094	0.094	0.094	0.093	0.093	0.094	0.093	0.094	0.091	0.269	0.422	0.493	0.489	0.535	0.501	0.517	0.330	0.435	0.431	0.093	0.092	0.459	0.506	0.533	0.524	0.517	0.525	0.494	0.294	0.312	0.268	0.092	0.092	0.409	0.451	0.476	0.471	0.516	0.514	0.521	0.273	0.434	0.450	0.092	0.092	0.300	0.485	0.540	0.532	0.510	0.500	0.529	0.437	0.365	0.357	0.092	0.092	0.478	0.541	0.514	0.471	0.507	0.542	0.507	0.325	0.311	0.280	0.092	0.092	0.434	0.516	0.523	0.500	0.542	0.515	0.513	0.279	0.304	0.436	0.092	0.092	0.097	0.093	0.093	0.095	0.094	0.093	0.093	0.093	0.094	0.094	0.095
44:00:47	20.2	0.092	0.095	0.094	0.094	0.095	0.094	0.094	0.092	0.093	0.094	0.093	0.094	0.091	0.277	0.431	0.505	0.501	0.548	0.514	0.530	0.340	0.448	0.443	0.093	0.092	0.468	0.519	0.546	0.537	0.531	0.537	0.507	0.308	0.332	0.275	0.092	0.092	0.418	0.463	0.488	0.484	0.529	0.527	0.535	0.279	0.445	0.463	0.092	0.092	0.308	0.498	0.553	0.545	0.524	0.512	0.543	0.449	0.376	0.368	0.092	0.092	0.489	0.556	0.528	0.489	0.519	0.556	0.520	0.333	0.320	0.288	0.092	0.092	0.443	0.529	0.536	0.513	0.555	0.527	0.528	0.287	0.312	0.449	0.092	0.092	0.095	0.093	0.093	0.095	0.093	0.093	0.093	0.093	0.094	0.094	0.095
45:00:48	20.3	0.093	0.095	0.094	0.093	0.095	0.094	0.094	0.093	0.093	0.094	0.093	0.094	0.092	0.285	0.441	0.518	0.513	0.563	0.528	0.544	0.351	0.460	0.454	0.093	0.092	0.478	0.533	0.559	0.552	0.546	0.549	0.519	0.324	0.354	0.281	0.092	0.092	0.427	0.475	0.502	0.497	0.543	0.539	0.546	0.284	0.457	0.476	0.092	0.092	0.316	0.511	0.567	0.559	0.539	0.523	0.558	0.461	0.394	0.377	0.092	0.092	0.502	0.569	0.543	0.501	0.532	0.567	0.534	0.341	0.328	0.296	0.092	0.093	0.454	0.543	0.548	0.525	0.568	0.542	0.541	0.295	0.321	0.460	0.092	0.093	0.097	0.093	0.093	0.094	0.094	0.093	0.093	0.093	0.094	0.094	0.094
46:00:50	20.2	0.092	0.095	0.094	0.094	0.094	0.095	0.094	0.093	0.093	0.094	0.093	0.094	0.091	0.293	0.453	0.531	0.525	0.578	0.541	0.558	0.364	0.471	0.464	0.093	0.092	0.491	0.546	0.573	0.565	0.561	0.563	0.530	0.342	0.377	0.288	0.092	0.092	0.437	0.489	0.514	0.510	0.557	0.552	0.560	0.289	0.469	0.491	0.092	0.092	0.325	0.523	0.582	0.574	0.552	0.537	0.571	0.474	0.410	0.386	0.092	0.092	0.513	0.583	0.557	0.515	0.545	0.581	0.548	0.350	0.337	0.305	0.092	0.093	0.465	0.554	0.562	0.538	0.582	0.555	0.555	0.305	0.330	0.471	0.092	0.093	0.096	0.093	0.093	0.095	0.094	0.093	0.093	0.093	0.094	0.094	0.095
47:00:49	20.0	0.092	0.094	0.093	0.094	0.094	0.094	0.094	0.092	0.093	0.094	0.093	0.094	0.092	0.301	0.463	0.545	0.539	0.591	0.554	0.571	0.377	0.480	0.477	0.093	0.092	0.500	0.558	0.586	0.579	0.575	0.576	0.543	0.360	0.402	0.294	0.092	0.092	0.447	0.501	0.528	0.523	0.571	0.565	0.574	0.295	0.483	0.508	0.092	0.092	0.334	0.537	0.595	0.588	0.567	0.549	0.584	0.490	0.426	0.397	0.092	0.092	0.525	0.598	0.572	0.530	0.558	0.593	0.561	0.360	0.346	0.313	0.092	0.093	0.475	0.568	0.575	0.552	0.596	0.568	0.568	0.314	0.340	0.483	0.092	0.092	0.096	0.093	0.093	0.095	0.093	0.093	0.093	0.094	0.094	0.094	0.094
48:00:50	20.0	0.093	0.095	0.094	0.094	0.094	0.094	0.094	0.092	0.093	0.094	0.093	0.094	0.092	0.311	0.473	0.558	0.551	0.606	0.567	0.584	0.392	0.493	0.487	0.093	0.092	0.510	0.571	0.600	0.594	0.588	0.589	0.556	0.380	0.429	0.301	0.092	0.092	0.455	0.514	0.541	0.536	0.586	0.578	0.585	0.301	0.494	0.525	0.092	0.092	0.343	0.549	0.607	0.602	0.581	0.562	0.598	0.503	0.445	0.406	0.092	0.092	0.536	0.611	0.586	0.545	0.571	0.606	0.574	0.369	0.355	0.323	0.092	0.093	0.485	0.580	0.589	0.565	0.609	0.582	0.582	0.322	0.349	0.496	0.092	0.093	0.097	0.093	0.093	0.094	0.094	0.093	0.093	0.094	0.094	0.094	0.095
49:00:51	19.9	0.092	0.095	0.094	0.094	0.095	0.094	0.094	0.093	0.093	0.094	0.093	0.094	0.091	0.320	0.484	0.571	0.564	0.620	0.580	0.596	0.407	0.505	0.497	0.093	0.092	0.522	0.584	0.614	0.607	0.603	0.602	0.570	0.400	0.458	0.308	0.092	0.092	0.463	0.527	0.554	0.549	0.599	0.590	0.598	0.308	0.510	0.541	0.092	0.092	0.352	0.563	0.621	0.616	0.596	0.575	0.611	0.519	0.464	0.417	0.092	0.092	0.546	0.625	0.600	0.558	0.585	0.618	0.586	0.378	0.365	0.333	0.092	0.093	0.495	0.592	0.600	0.578	0.622	0.595	0.594	0.332	0.360	0.505	0.092	0.093	0.097	0.093	0.093	0.094	0.094	0.093	0.093	0.093	0.094	0.094	0.094
50:00:52	19.9	0.093	0.095	0.094	0.094	0.095	0.095	0.094	0.093	0.093	0.094	0.093	0.094	0.091	0.330	0.495	0.585	0.578	0.634	0.593	0.609	0.423	0.517	0.509	0.093	0.092	0.530	0.596	0.629	0.620	0.616	0.614	0.584	0.423	0.485	0.315	0.092	0.092	0.473	0.540	0.566	0.561	0.612	0.602	0.610	0.314	0.523	0.560	0.092	0.092	0.362	0.578	0.633	0.628	0.610	0.588	0.623	0.536	0.483	0.427	0.092	0.092	0.558	0.637	0.612	0.573	0.597	0.629	0.599	0.387	0.375	0.343	0.092	0.093	0.505	0.606	0.612	0.591	0.633	0.608	0.608	0.341	0.370	0.516	0.092	0.093	0.097	0.093	0.093	0.094	0.094	0.093	0.093	0.093	0.094	0.094	0.094
51:00:53	19.9	0.092	0.095	0.094	0.093	0.094	0.094	0.094	0.093	0.093	0.094	0.093	0.094	0.092	0.341	0.507	0.598	0.592	0.647	0.606	0.621	0.441	0.528	0.521	0.093	0.091	0.543	0.609	0.641	0.633	0.628	0.629	0.598	0.447	0.513	0.322	0.092	0.092	0.481	0.553	0.580	0.575	0.625	0.614	0.631	0.320	0.538	0.580	0.092	0.092	0.373	0.590	0.648	0.642	0.625	0.600	0.636	0.553	0.506	0.437	0.092	0.092	0.569	0.649	0.624	0.589	0.611	0.640	0.611	0.397	0.384	0.353	0.092	0.093	0.514	0.619	0.624	0.604	0.646	0.620	0.620	0.351	0.382	0.527	0.092	0.093	0.095	0.093	0.093	0.094	0.094	0.093	0.093	0.093	0.094	0.094	0.094
52:00:55	19.9	0.092	0.095	0.094	0.094	0.095	0.095	0.094	0.093	0.093	0.094	0.093	0.094	0.092	0.352	0.519	0.612	0.604	0.662	0.620	0.634	0.459	0.540	0.532	0.093	0.092	0.554	0.623	0.654	0.646	0.641	0.639	0.611	0.471	0.543	0.328	0.092	0.092	0.490	0.564	0.593	0.588	0.637	0.626	0.644	0.327	0.553	0.601	0.092	0.092	0.383	0.603	0.660	0.655	0.639	0.614	0.649	0.571	0.528	0.449	0.092	0.092	0.580	0.664	0.637	0.602	0.624	0.651	0.624	0.406	0.393	0.364	0.092	0.093	0.524	0.632	0.635	0.617	0.659	0.632	0.633	0.362	0.394	0.538	0.092	0.092	0.096	0.093	0.093	0.095	0.094	0.093	0.093	0.094	0.094	0.094	0.094
53:00:55	20.0	0.092	0.095	0.094	0.094	0.095	0.095	0.094	0.093	0.094	0.094	0.093	0.094	0.092	0.363	0.530	0.625	0.619	0.677	0.633	0.646	0.479	0.551	0.543	0.093	0.092	0.565	0.638	0.668	0.660	0.653	0.653	0.626	0.499	0.575	0.336	0.092	0.092	0.500	0.578	0.605	0.601	0.649	0.636	0.655	0.333	0.570	0.624	0.092	0.092	0.394	0.617	0.673	0.670	0.653	0.628	0.662	0.591	0.558	0.460	0.092	0.092	0.592	0.676	0.649	0.615	0.637	0.663	0.636	0.416	0.405	0.375	0.092	0.093	0.534	0.644	0.649	0.631	0.672	0.643	0.646	0.373	0.405	0.549	0.092	0.093	0.096	0.093	0.093	0.095	0.094	0.094	0.093	0.093	0.094	0.094	0.094
54:00:56	20.0	0.092	0.095	0.094	0.094	0.095	0.094	0.093	0.093	0.093	0.094	0.093	0.094	0.091	0.374	0.541	0.638	0.631	0.691	0.645	0.661	0.500	0.561	0.554	0.093	0.092	0.577	0.651	0.679	0.672	0.665	0.665	0.642	0.529	0.606	0.343	0.092	0.092	0.508	0.591	0.619	0.614	0.660	0.649	0.668	0.340	0.588	0.648	0.092	0.092	0.406	0.629	0.689	0.683	0.669	0.643	0.673	0.614	0.584	0.471	0.092	0.092	0.603	0.689	0.661	0.627	0.651	0.675	0.648	0.426	0.415	0.387	0.092	0.093	0.542	0.659	0.663	0.644	0.683	0.656	0.659	0.384	0.417	0.559	0.092	0.093	0.097	0.093	0.093	0.094	0.093	0.093	0.093	0.093	0.094	0.094	0.094
55:00:58	19.9	0.092	0.095	0.093	0.093	0.095	0.094	0.094	0.093	0.093	0.094	0.093	0.094	0.091	0.386	0.553	0.651	0.646	0.707	0.662	0.672	0.520	0.571	0.564	0.093	0.092	0.588	0.664	0.693	0.685	0.677	0.678	0.654	0.558	0.640	0.351	0.092	0.092	0.516	0.604	0.631	0.626	0.671	0.659	0.679	0.346	0.606	0.675	0.092	0.092	0.418	0.641	0.700	0.695	0.684	0.657	0.687	0.637	0.611	0.484	0.092	0.092	0.616	0.702	0.672	0.640	0.664	0.687	0.661	0.438	0.427	0.399	0.092	0.093	0.550	0.670	0.673	0.657	0.696	0.667	0.672	0.396	0.429	0.571	0.092	0.093	0.096	0.093	0.093	0.094	0.093	0.093	0.093	0.093	0.094	0.094	0.094
56:00:57	19.8	0.092	0.095	0.094	0.093	0.095	0.094	0.093	0.093	0.093	0.094	0.093	0.094	0.092	0.397	0.566	0.665	0.660	0.722	0.676	0.686	0.546	0.584	0.576	0.093	0.092	0.599	0.678	0.705	0.698	0.690	0.689	0.669	0.585	0.672	0.360	0.092	0.092	0.524	0.615	0.643	0.639	0.683	0.670	0.690	0.353	0.634	0.702	0.092	0.092	0.429	0.655	0.712	0.709	0.700	0.672	0.699	0.662	0.641	0.495	0.092	0.092	0.628	0.715	0.683	0.653	0.678	0.698	0.672	0.449	0.438	0.412	0.092	0.093	0.558	0.678	0.688	0.670	0.708	0.680	0.685	0.408	0.441	0.581	0.092	0.093	0.096	0.093	0.093	0.094	0.094	0.093	0.093	0.093	0.094	0.094	0.094
57:00:58	19.8	0.092	0.095	0.094	0.094	0.095	0.095	0.094	0.093	0.094	0.094	0.093	0.094	0.092	0.409	0.580	0.677	0.674	0.735	0.690	0.700	0.571	0.593	0.589	0.093	0.092	0.612	0.691	0.718	0.710	0.700	0.702	0.686	0.614	0.704	0.368	0.092	0.092	0.532	0.629	0.657	0.653	0.695	0.681	0.702	0.360	0.655	0.732	0.092	0.091	0.441	0.669	0.722	0.722	0.713	0.687	0.711	0.690	0.670	0.508	0.092	0.092	0.640	0.726	0.694	0.664	0.691	0.710	0.683	0.461	0.450	0.425	0.092	0.093	0.567	0.726	0.697	0.685	0.724	0.692	0.695	0.420	0.454	0.591	0.092	0.093	0.097	0.093	0.093	0.094	0.094	0.093	0.093	0.093	0.094	0.094	0.095
58:00:59	19.7	0.092	0.095	0.093	0.093	0.094	0.094	0.093	0.093	0.093	0.094	0.093	0.094	0.091	0.422	0.592	0.689	0.690	0.749	0.703	0.710	0.597	0.604	0.600	0.092	0.091	0.624	0.706	0.730	0.722	0.712	0.713	0.700	0.644	0.733	0.376	0.092	0.091	0.539	0.640	0.669	0.665	0.707	0.693	0.711	0.367	0.681	0.758	0.092	0.091	0.453	0.681	0.734	0.734	0.728	0.702	0.726	0.717	0.700	0.519	0.092	0.092	0.654	0.739	0.705	0.675	0.705	0.719	0.694	0.472	0.462	0.438	0.092	0.093	0.572	0.733	0.710	0.699	0.734	0.700	0.708	0.432	0.467	0.603	0.091	0.093	0.095	0.093	0.093	0.094	0.094	0.093	0.093	0.093	0.093	0.094	0.094
59:01:00	19.7	0.092	0.095	0.093	0.094	0.094	0.095	0.094	0.093	0.093	0.094	0.093	0.094	0.091	0.434	0.608	0.703	0.704	0.762	0.716	0.721	0.623	0.614	0.612	0.093	0.092	0.634	0.721	0.743	0.733	0.723	0.726	0.716	0.675	0.766	0.386	0.092	0.092	0.546	0.656	0.682	0.678	0.719	0.703	0.724	0.375	0.709	0.790	0.092	0.092	0.465	0.696	0.745	0.747	0.744	0.714	0.739	0.746	0.733	0.532	0.092	0.092	0.667	0.751	0.717	0.687	0.720	0.732	0.706	0.484	0.475	0.452	0.092	0.093	0.581	0.750	0.721	0.712	0.745	0.711	0.726	0.446	0.479	0.613	0.092	0.092	0.095	0.093	0.093	0.094	0.094	0.093	0.093	0.093	0.094	0.094	0.095
60:01:01	19.6	0.093	0.094	0.094	0.094	0.095	0.095	0.094	0.093	0.094	0.094	0.093	0.094	0.092	0.447	0.624	0.715	0.720	0.778	0.729	0.734	0.651	0.625	0.623	0.093	0.092	0.648	0.734	0.754	0.746	0.735	0.738	0.732	0.709	0.797	0.395	0.092	0.092	0.553	0.668	0.695	0.691	0.732	0.715	0.733	0.382	0.734	0.822	0.092	0.092	0.479	0.707	0.756	0.760	0.759	0.722	0.752	0.777	0.762	0.544	0.092	0.092	0.683	0.761	0.729	0.699	0.732	0.746	0.706	0.497	0.488	0.466	0.092	0.093	0.586	0.755	0.734	0.725	0.757	0.726	0.734	0.459	0.492	0.624	0.092	0.093	0.097	0.093	0.093	0.094	0.094	0.093	0.093	0.093	0.094	0.094	0.094
61:01:01	19.6	0.092	0.094	0.093	0.093	0.094	0.094	0.093	0.092	0.093	0.094	0.093	0.094	0.091	0.459	0.640	0.728	0.732	0.792	0.743	0.745	0.678	0.634	0.633	0.093	0.091	0.661	0.747	0.767	0.757	0.745	0.753	0.745	0.737	0.827	0.404	0.091	0.091	0.561	0.679	0.708	0.703	0.741	0.726	0.743	0.390	0.765	0.852	0.092	0.091	0.491	0.719	0.766	0.772	0.774	0.743	0.762	0.805	0.792	0.556	0.092	0.092	0.698	0.771	0.739	0.709	0.748	0.752	0.732	0.508	0.500	0.479	0.092	0.093	0.594	0.723	0.747	0.739	0.771	0.747	0.732	0.472	0.504	0.633	0.092	0.092	0.096	0.093	0.093	0.094	0.093	0.093	0.093	0.093	0.094	0.094	0.094
62:01:03	19.5	0.092	0.094	0.093	0.093	0.095	0.094	0.094	0.093	0.093	0.094	0.093	0.094	0.091	0.472	0.658	0.740	0.746	0.807	0.755	0.759	0.710	0.645	0.646	0.093	0.091	0.674	0.762	0.782	0.767	0.756	0.765	0.745	0.769	0.855	0.413	0.092	0.091	0.568	0.691	0.721	0.716	0.756	0.737	0.756	0.398	0.793	0.882	0.092	0.092	0.504	0.732	0.778	0.780	0.782	0.762	0.771	0.835	0.822	0.569	0.092	0.092	0.714	0.784	0.753	0.719	0.759	0.762	0.741	0.522	0.513	0.493	0.092	0.093	0.600	0.798	0.758	0.727	0.779	0.757	0.746	0.485	0.518	0.644	0.091	0.092	0.097	0.093	0.093	0.094	0.093	0.093	0.093	0.093	0.094	0.093	0.094
63:01:03	19.4	0.092	0.095	0.094	0.094	0.094	0.094	0.094	0.093	0.093	0.094	0.093	0.094	0.092	0.485	0.679	0.752	0.762	0.819	0.769	0.768	0.739	0.653	0.656	0.093	0.092	0.687	0.775	0.794	0.781	0.771	0.778	0.764	0.802	0.887	0.424	0.092	0.092	0.574	0.704	0.734	0.726	0.771	0.745	0.767	0.407	0.819	0.907	0.092	0.092	0.517	0.743	0.789	0.795	0.752	0.780	0.829	0.862	0.849	0.583	0.092	0.092	0.731	0.794	0.761	0.731	0.840	0.769	0.744	0.535	0.526	0.507	0.092	0.093	0.606	0.850	0.774	0.748	0.776	0.775	0.777	0.499	0.530	0.656	0.092	0.093	0.098	0.093	0.093	0.094	0.094	0.093	0.093	0.093	0.094	0.094	0.095
64:01:05	19.4	0.093	0.095	0.094	0.094	0.095	0.095	0.094	0.093	0.093	0.094	0.093	0.094	0.092	0.498	0.696	0.763	0.776	0.831	0.781	0.787	0.770	0.665	0.666	0.093	0.092	0.703	0.789	0.806	0.794	0.780	0.793	0.778	0.832	0.919	0.434	0.092	0.092	0.581	0.715	0.748	0.739	0.786	0.748	0.775	0.415	0.846	0.930	0.092	0.092	0.530	0.755	0.798	0.805	0.799	0.800	0.915	0.890	0.874	0.595	0.092	0.092	0.750	0.808	0.775	0.740	0.918	0.781	0.762	0.549	0.541	0.520	0.092	0.093	0.614	0.832	0.785	0.744	0.794	0.792	0.775	0.512	0.543	0.666	0.092	0.093	0.098	0.094	0.093	0.094	0.094	0.094	0.093	0.093	0.094	0.094	0.094
65:01:06	19.5	0.093	0.095	0.094	0.094	0.095	0.095	0.094	0.093	0.093	0.094	0.093	0.094	0.092	0.510	0.718	0.773	0.792	0.844	0.793	0.820	0.800	0.672	0.678	0.093	0.092	0.719	0.797	0.819	0.807	0.792	0.804	0.892	0.858	0.947	0.444	0.092	0.092	0.587	0.726	0.759	0.750	0.800	0.777	0.784	0.424	0.870	0.948	0.092	0.092	0.542	0.767	0.811	0.813	0.838	0.828	0.890	0.914	0.896	0.607	0.092	0.092	0.769	0.818	0.781	0.750	0.900	0.791	0.777	0.561	0.554	0.534	0.092	0.093	0.620	0.847	0.797	0.824	0.799	0.805	0.807	0.525	0.555	0.676	0.092	0.093	0.096	0.093	0.093	0.094	0.094	0.094	0.093	0.093	0.094	0.094	0.094
66:01:06	19.6	0.092	0.095	0.094	0.093	0.094	0.094	0.094	0.093	0.093	0.094	0.093	0.094	0.092	0.523	0.731	0.785	0.803	0.850	0.802	0.887	0.826	0.683	0.687	0.092	0.092	0.733	0.807	0.829	0.817	0.815	0.814	1.012	0.888	0.969	0.454	0.092	0.091	0.595	0.737	0.770	0.760	0.835	0.794	0.793	0.432	0.896	0.968	0.092	0.091	0.554	0.777	0.820	0.826	0.841	0.873	0.927	0.935	0.905	0.619	0.092	0.092	0.788	0.820	0.790	0.758	0.956	0.790	0.786	0.575	0.567	0.547	0.092	0.093	0.628	0.905	0.811	0.829	0.819	0.790	0.808	0.539	0.568	0.687	0.092	0.093	0.096	0.093	0.093	0.094	0.094	0.093	0.093	0.093	0.094	0.093	0.094
67:01:07	19.7	0.093	0.094	0.094	0.093	0.094	0.095	0.094	0.092	0.093	0.094	0.093	0.094	0.091	0.536	0.754	0.793	0.814	0.884	0.813	0.854	0.851	0.690	0.698	0.093	0.092	0.757	0.825	0.837	0.827	0.880	0.831	1.001	0.910	0.985	0.464	0.092	0.092	0.602	0.749	0.782	0.771	0.940	0.803	0.805	0.442	0.919	0.974	0.092	0.092	0.567	0.788	0.830	0.831	0.847	0.989	0.936	0.947	0.923	0.632	0.092	0.092	0.806	0.834	0.797	0.767	1.133	0.803	0.832	0.587	0.581	0.561	0.092	0.093	0.637	0.969	0.821	0.832	0.806	0.828	0.858	0.552	0.581	0.698	0.092	0.092	0.096	0.093	0.093	0.094	0.093	0.093	0.093	0.093	0.094	0.094	0.094
68:01:08	19.8	0.092	0.094	0.094	0.094	0.095	0.094	0.094	0.093	0.093	0.093	0.093	0.094	0.092	0.548	0.765	0.810	0.823	0.867	0.821	0.869	0.876	0.697	0.708	0.093	0.092	0.763	0.885	0.839	0.837	0.927	0.845	0.882	0.937	1.008	0.476	0.092	0.092	0.610	0.759	0.797	0.782	0.972	0.871	0.793	0.452	0.941	0.979	0.092	0.091	0.579	0.799	0.839	0.830	0.861	0.915	0.976	0.959	0.927	0.644	0.092	0.092	0.823	0.852	0.827	0.775	1.130	0.811	0.826	0.602	0.595	0.575	0.092	0.093	0.644	0.883	0.831	0.847	0.810	0.792	0.942	0.566	0.595	0.710	0.092	0.092	0.095	0.093	0.093	0.094	0.094	0.093	0.093	0.093	0.094	0.094	0.095
69:01:09	19.8	0.092	0.094	0.093	0.093	0.095	0.094	0.093	0.092	0.093	0.094	0.093	0.094	0.092	0.562	0.794	0.831	0.856	0.865	0.834	0.923	0.900	0.709	0.720	0.093	0.091	0.780	0.947	0.847	0.839	1.006	0.847	1.103	0.964	1.028	0.488	0.092	0.092	0.618	0.770	0.805	0.793	1.032	0.847	0.815	0.461	0.961	1.000	0.092	0.092	0.592	0.810	0.843	0.845	0.872	0.998	0.989	0.960	0.953	0.655	0.092	0.092	0.840	0.859	0.870	0.773	1.067	0.827	0.908	0.617	0.608	0.590	0.092	0.093	0.651	0.889	0.845	0.853	0.833	0.841	1.006	0.580	0.608	0.720	0.092	0.092	0.096	0.093	0.093	0.094	0.093	0.094	0.093	0.093	0.094	0.094	0.095
70:01:10	19.7	0.093	0.094	0.093	0.094	0.095	0.095	0.094	0.093	0.093	0.094	0.093	0.094	0.091	0.576	0.841	0.824	0.999	0.937	0.843	0.999	0.919	0.717	0.730	0.093	0.092	0.799	0.884	0.890	0.856	0.996	0.865	0.973	0.980	1.040	0.499	0.092	0.092	0.626	0.781	0.813	0.802	1.090	0.927	0.822	0.471	0.976	1.012	0.092	0.092	0.605	0.820	0.852	0.846	0.895	0.930	1.001	0.969	0.964	0.667	0.092	0.092	0.861	0.869	0.896	0.785	1.060	0.847	0.928	0.630	0.623	0.604	0.092	0.093	0.661	1.024	0.849	0.897	0.842	0.867	1.060	0.593	0.621	0.731	0.092	0.093	0.096	0.093	0.093	0.094	0.093	0.093	0.093	0.094	0.094	0.094	0.095
71:01:12	19.7	0.092	0.094	0.093	0.093	0.095	0.095	0.094	0.092	0.093	0.094	0.093	0.094	0.091	0.587	0.902	0.875	1.007	0.933	0.850	1.069	0.937	0.724	0.739	0.093	0.092	0.814	0.958	0.897	0.873	1.020	0.873	0.888	0.998	1.050	0.511	0.092	0.092	0.634	0.791	0.824	0.813	1.085	0.974	0.856	0.480	0.990	1.006	0.092	0.092	0.617	0.828	0.853	0.862	0.937	1.054	0.963	0.976	0.978	0.680	0.092	0.092	0.881	0.880	0.889	0.807	1.236	0.827	0.915	0.645	0.637	0.618	0.092	0.093	0.668	0.990	0.855	0.952	0.887	0.840	1.075	0.606	0.635	0.742	0.092	0.093	0.097	0.093	0.093	0.095	0.094	0.093	0.093	0.093	0.094	0.094	0.095
72:01:12	19.6	0.092	0.095	0.094	0.094	0.095	0.095	0.094	0.093	0.093	0.094	0.093	0.094	0.092	0.600	0.867	0.963	0.866	0.979	0.861	1.136	0.953	0.732	0.748	0.093	0.092	0.828	0.969	0.921	0.877	1.079	0.914	0.983	1.012	1.047	0.523	0.092	0.092	0.643	0.801	0.836	0.822	1.120	1.080	0.883	0.491	1.004	1.030	0.092	0.092	0.630	0.836	0.866	0.868	1.002	1.086	1.155	0.989	0.984	0.692	0.092	0.092	0.904	0.894	0.974	0.827	0.934	0.833	0.995	0.660	0.650	0.633	0.092	0.093	0.675	1.043	0.868	1.046	0.876	0.856	1.179	0.620	0.649	0.754	0.092	0.093	0.095	0.094	0.093	0.095	0.094	0.093	0.093	0.093	0.094	0.094	0.095
73:01:13	19.6	0.092	0.094	0.093	0.094	0.094	0.095	0.094	0.093	0.093	0.094	0.093	0.094	0.092	0.612	0.916	0.997	1.036	1.157	0.868	1.127	0.964	0.742	0.758	0.092	0.092	0.847	0.984	0.939	0.916	1.045	0.967	1.231	1.025	1.053	0.536	0.092	0.092	0.652	0.810	0.846	0.830	1.149	1.068	0.929	0.500	1.008	1.057	0.092	0.092	0.642	0.845	0.864	0.876	1.070	1.215	1.122	1.021	1.001	0.703	0.092	0.092	0.911	0.894	1.005	0.826	1.236	0.865	1.093	0.671	0.665	0.646	0.092	0.093	0.687	1.034	0.889	1.050	0.933	0.871	1.111	0.633	0.656	0.764	0.092	0.092	0.095	0.093	0.093	0.094	0.094	0.094	0.093	0.093	0.094	0.094	0.095
74:01:14	19.6	0.093	0.094	0.093	0.093	0.095	0.094	0.094	0.092	0.093	0.094	0.093	0.094	0.091	0.624	0.994	0.943	1.270	1.133	0.877	1.157	0.972	0.750	0.770	0.093	0.092	0.859	1.128	0.995	0.936	1.009	0.998	1.234	1.042	1.075	0.547	0.092	0.092	0.661	0.820	0.858	0.838	1.174	1.176	0.972	0.510	1.013	1.048	0.092	0.091	0.654	0.853	0.874	0.871	1.047	1.145	1.151	1.036	1.013	0.711	0.092	0.092	0.924	1.076	1.164	0.823	1.014	0.876	1.131	0.682	0.678	0.660	0.092	0.093	0.692	0.971	0.915	0.996	0.905	0.939	1.102	0.647	0.664	0.773	0.092	0.092	0.095	0.093	0.093	0.094	0.093	0.093	0.093	0.093	0.094	0.093	0.095
75:01:14	19.7	0.092	0.094	0.093	0.094	0.094	0.095	0.094	0.092	0.093	0.094	0.093	0.094	0.092	0.638	0.971	1.015	1.077	1.198	0.885	1.150	0.991	0.760	0.776	0.093	0.092	0.880	1.210	1.027	0.974	0.964	1.048	1.278	1.039	1.073	0.562	0.092	0.092	0.674	0.828	0.866	0.845	1.138	1.065	1.053	0.520	1.016	1.073	0.092	0.092	0.666	0.859	0.876	0.906	1.062	1.120	1.202	1.072	1.032	0.725	0.092	0.092	0.953	1.078	1.183	0.860	1.061	0.872	1.119	0.697	0.689	0.673	0.092	0.093	0.699	0.918	1.025	0.994	0.963	1.041	1.051	0.660	0.671	0.783	0.092	0.093	0.096	0.093	0.093	0.094	0.093	0.093	0.093	0.093	0.094	0.094	0.094
76:01:15	19.7	0.093	0.094	0.094	0.094	0.094	0.094	0.094	0.092	0.093	0.094	0.093	0.094	0.091	0.650	0.995	1.008	1.223	1.189	0.897	1.212	0.998	0.767	0.789	0.093	0.092	0.899	1.152	1.050	1.067	1.208	1.113	1.328	1.045	1.085	0.575	0.092	0.092	0.682	0.835	0.876	0.853	1.275	1.179	1.062	0.531	1.021	1.082	0.092	0.091	0.679	0.865	0.877	0.923	1.081	1.259	1.285	1.074	1.021	0.730	0.092	0.092	0.984	1.103	1.164	0.895	1.003	0.915	1.122	0.709	0.703	0.686	0.092	0.093	0.713	1.060	1.026	1.122	0.999	1.163	1.111	0.672	0.709	0.793	0.092	0.092	0.095	0.093	0.093	0.094	0.093	0.093	0.093	0.094	0.094	0.094	0.094
77:01:16	19.8	0.092	0.094	0.094	0.093	0.094	0.095	0.094	0.093	0.093	0.094	0.093	0.094	0.092	0.664	0.998	1.084	0.934	1.179	0.896	1.153	1.025	0.774	0.803	0.093	0.092	0.914	1.014	1.104	0.938	1.137	1.117	1.316	1.057	1.081	0.587	0.092	0.092	0.692	0.843	0.887	0.861	1.186	1.124	1.075	0.542	1.032	1.120	0.092	0.092	0.691	0.872	0.959	1.053	1.189	1.326	1.276	1.062	1.032	0.743	0.092	0.092	1.003	1.094	1.248	0.939	1.234	0.969	1.117	0.723	0.717	0.697	0.092	0.093	0.711	1.026	1.082	1.239	1.060	1.167	1.146	0.684	0.710	0.801	0.092	0.093	0.096	0.093	0.093	0.094	0.094	0.093	0.093	0.093	0.094	0.094	0.095
78:01:17	19.9	0.092	0.094	0.093	0.094	0.094	0.095	0.094	0.093	0.093	0.094	0.093	0.094	0.091	0.677	1.036	1.068	0.874	1.232	0.936	1.179	1.051	0.782	0.808	0.093	0.091	0.937	1.286	1.040	1.116	1.183	1.135	1.299	1.053	1.082	0.601	0.092	0.092	0.701	0.850	0.896	0.867	1.211	1.051	1.116	0.553	1.037	1.121	0.092	0.092	0.702	0.868	0.991	0.988	1.257	1.354	1.343	1.079	1.016	0.791	0.092	0.092	1.014	1.103	1.234	0.922	1.242	0.914	1.199	0.735	0.734	0.710	0.092	0.093	0.726	1.009	1.008	1.178	1.078	1.227	1.278	0.693	0.743	0.809	0.092	0.093	0.095	0.093	0.093	0.094	0.094	0.093	0.093	0.093	0.094	0.093	0.095
79:01:18	19.8	0.092	0.094	0.093	0.093	0.094	0.094	0.093	0.092	0.093	0.093	0.093	0.093	0.091	0.690	1.054	1.006	1.103	1.209	0.916	1.085	1.034	0.794	0.818	0.092	0.091	0.943	1.146	1.090	1.203	1.239	1.206	1.317	1.057	1.086	0.613	0.091	0.091	0.710	0.857	0.903	0.874	1.320	1.114	1.144	0.564	1.048	1.158	0.092	0.091	0.707	0.943	0.944	1.079	1.172	1.273	1.226	1.088	1.025	0.802	0.091	0.091	1.029	1.079	1.198	1.013	1.103	0.912	1.126	0.746	0.738	0.719	0.092	0.093	0.743	0.941	1.060	1.244	1.093	1.118	1.263	0.712	0.736	0.821	0.091	0.092	0.096	0.093	0.093	0.094	0.093	0.093	0.092	0.092	0.093	0.093	0.094
80:01:19	19.7	0.092	0.094	0.093	0.093	0.094	0.094	0.093	0.092	0.093	0.093	0.093	0.094	0.091	0.703	1.056	1.033	1.199	1.210	0.923	1.050	1.067	0.803	0.837	0.093	0.091	0.944	1.164	1.209	1.129	1.197	1.222	1.489	1.066	1.095	0.628	0.092	0.091	0.721	0.864	0.917	0.882	1.313	1.121	1.188	0.575	1.055	1.145	0.092	0.092	0.717	0.935	0.991	1.108	1.162	1.424	1.356	1.120	1.073	0.817	0.092	0.092	1.058	1.131	1.094	0.981	1.195	0.979	1.292	0.758	0.754	0.777	0.092	0.093	0.751	1.152	1.141	1.113	1.109	1.273	1.053	0.755	0.772	0.829	0.091	0.092	0.095	0.093	0.093	0.094	0.094	0.093	0.093	0.093	0.094	0.093	0.094
81:01:20	19.6	0.092	0.094	0.093	0.094	0.095	0.094	0.094	0.093	0.093	0.094	0.093	0.094	0.091	0.717	1.106	1.015	1.187	1.269	0.914	1.270	1.096	0.811	0.856	0.093	0.092	0.994	1.080	1.167	1.200	1.206	1.233	1.197	1.073	1.096	0.640	0.092	0.092	0.731	0.873	0.926	0.889	1.172	1.034	1.246	0.587	1.060	1.158	0.092	0.092	0.750	0.967	1.010	1.034	1.180	1.343	1.264	1.142	1.081	0.875	0.092	0.092	1.046	1.148	1.332	0.976	1.292	1.013	1.239	0.772	0.765	0.781	0.092	0.093	0.757	1.028	1.175	1.244	1.124	1.345	1.237	0.785	0.877	0.836	0.092	0.093	0.097	0.093	0.093	0.094	0.094	0.093	0.093	0.093	0.093	0.094	0.095
82:01:21	19.6	0.093	0.095	0.094	0.094	0.095	0.095	0.094	0.093	0.093	0.094	0.093	0.094	0.092	0.729	1.063	0.984	1.097	1.332	1.083	1.256	1.074	0.822	0.867	0.093	0.092	0.977	1.159	1.146	1.144	1.278	1.266	1.237	1.084	1.104	0.653	0.092	0.092	0.766	0.880	0.938	0.896	1.290	1.068	1.217	0.599	1.068	1.159	0.092	0.092	0.733	0.977	1.088	1.192	1.131	1.254	1.222	1.161	1.098	0.904	0.092	0.092	1.104	1.245	1.243	1.060	1.242	1.047	1.213	0.786	0.795	0.804	0.092	0.093	0.774	1.001	1.110	1.196	1.194	1.290	1.168	0.811	0.870	0.844	0.091	0.093	0.095	0.093	0.093	0.094	0.094	0.093	0.093	0.094	0.094	0.094	0.094
83:01:22	19.5	0.092	0.094	0.093	0.093	0.094	0.094	0.094	0.093	0.093	0.093	0.093	0.094	0.091	0.740	1.106	0.971	1.134	1.360	0.995	1.215	1.105	0.832	0.865	0.092	0.091	1.048	1.245	1.094	1.159	1.408	1.313	1.061	1.092	1.116	0.667	0.092	0.091	0.770	0.885	0.936	0.902	1.207	1.079	1.310	0.610	1.120	1.158	0.092	0.091	0.776	0.960	1.055	1.190	1.252	1.169	1.260	1.191	1.130	0.982	0.092	0.092	1.090	1.267	1.400	1.075	1.085	1.070	1.090	0.796	0.827	0.879	0.092	0.093	0.777	1.075	1.131	1.262	1.102	1.351	1.245	0.807	0.875	0.840	0.092	0.092	0.097	0.093	0.093	0.094	0.093	0.093	0.093	0.093	0.094	0.094	0.094
84:01:23	19.5	0.092	0.094	0.094	0.094	0.095	0.095	0.094	0.093	0.093	0.094	0.093	0.094	0.092	0.753	1.133	1.043	1.305	1.393	1.062	1.243	1.115	0.839	0.924	0.093	0.092	1.026	0.999	1.378	1.242	1.383	1.259	1.217	1.101	1.126	0.678	0.092	0.092	0.784	0.893	0.943	0.911	1.197	1.023	1.282	0.622	1.135	1.122	0.092	0.092	0.889	0.927	1.076	1.087	1.337	1.124	1.211	1.173	1.126	1.004	0.092	0.092	1.099	1.214	1.304	1.122	1.156	1.147	1.031	0.808	0.843	0.853	0.092	0.093	0.788	1.218	1.018	1.073	1.218	1.325	1.219	0.852	0.879	0.855	0.092	0.093	0.096	0.093	0.093	0.094	0.094	0.093	0.093	0.093	0.094	0.094	0.094
85:01:24	19.6	0.093	0.094	0.093	0.093	0.094	0.094	0.094	0.093	0.093	0.094	0.093	0.094	0.092	0.762	1.093	1.013	1.317	1.334	1.022	1.162	1.148	0.849	0.952	0.093	0.091	1.057	1.240	1.259	1.224	1.450	1.200	1.208	1.108	1.132	0.689	0.092	0.092	0.793	0.899	0.948	0.918	1.134	1.131	1.252	0.633	1.150	1.146	0.092	0.092	0.891	0.929	1.138	1.160	1.265	1.375	1.196	1.191	1.149	1.051	0.092	0.092	1.077	1.217	1.312	1.135	1.157	1.074	1.220	0.819	0.839	0.859	0.092	0.093	0.796	1.070	1.019	1.257	1.264	1.363	1.302	0.865	0.988	0.871	0.092	0.093	0.095	0.093	0.093	0.094	0.093	0.093	0.093	0.093	0.094	0.094	0.094
86:01:24	19.6	0.093	0.094	0.093	0.094	0.095	0.095	0.094	0.093	0.094	0.094	0.093	0.094	0.092	0.775	1.152	0.976	1.166	1.367	1.027	1.203	1.125	0.863	0.929	0.093	0.092	1.073	1.260	1.309	1.228	1.415	1.324	1.150	1.107	1.135	0.733	0.092	0.092	0.791	0.907	0.963	0.932	1.270	1.187	1.250	0.645	1.147	1.161	0.092	0.092	0.923	0.961	1.104	1.216	1.161	1.285	1.157	1.162	1.155	1.101	0.092	0.092	1.097	1.331	1.286	1.181	1.132	1.121	1.081	0.835	0.868	0.968	0.092	0.093	0.828	1.012	1.023	1.210	1.244	1.312	1.096	0.973	0.952	0.886	0.092	0.093	0.095	0.094	0.093	0.094	0.094	0.094	0.093	0.093	0.094	0.094	0.094
87:01:25	19.6	0.092	0.094	0.093	0.093	0.095	0.094	0.093	0.092	0.093	0.093	0.093	0.094	0.091	0.786	1.161	1.027	1.042	1.350	1.014	1.154	1.160	0.873	0.968	0.092	0.092	1.086	1.131	1.375	1.108	1.299	1.295	1.194	1.125	1.140	0.745	0.092	0.092	0.800	0.913	0.972	0.936	1.367	1.120	1.321	0.656	1.154	1.138	0.092	0.091	0.902	1.038	1.164	1.371	1.134	1.219	1.143	1.119	1.164	1.093	0.092	0.092	1.109	1.202	1.174	1.153	1.102	1.035	1.045	0.842	0.958	0.957	0.092	0.093	0.864	1.195	1.031	1.238	1.265	1.375	1.265	0.947	0.947	0.893	0.091	0.092	0.094	0.093	0.093	0.094	0.093	0.093	0.093	0.093	0.094	0.093	0.094
88:01:27	19.6	0.093	0.095	0.093	0.094	0.095	0.095	0.094	0.093	0.093	0.094	0.093	0.094	0.092	0.782	1.157	1.039	1.270	1.344	1.070	1.180	1.154	0.878	0.961	0.093	0.092	1.062	0.992	1.326	1.029	1.384	1.346	1.333	1.136	1.156	0.851	0.092	0.092	0.826	0.919	0.976	0.939	1.393	1.184	1.379	0.668	1.165	1.188	0.092	0.092	0.929	1.037	1.122	1.196	1.317	1.276	1.173	1.145	1.182	1.122	0.092	0.092	1.107	1.249	1.235	1.088	1.170	1.129	1.107	0.849	0.938	0.955	0.092	0.093	0.887	1.177	0.998	1.314	1.240	1.334	1.109	1.029	0.979	0.910	0.092	0.093	0.096	0.094	0.093	0.094	0.094	0.094	0.093	0.093	0.094	0.094	0.094
89:01:28	19.7	0.093	0.095	0.093	0.094	0.095	0.095	0.094	0.093	0.093	0.094	0.093	0.094	0.091	0.797	1.177	1.041	1.257	1.334	1.138	1.318	1.152	0.900	1.025	0.093	0.092	1.196	1.203	1.412	1.125	1.344	1.402	1.270	1.141	1.155	0.837	0.092	0.092	0.824	0.925	0.989	0.995	1.277	1.057	1.393	0.680	1.162	1.151	0.092	0.092	0.977	1.080	1.195	1.187	1.279	1.287	1.277	1.162	1.150	1.249	0.092	0.092	1.095	1.317	1.144	1.204	1.100	1.085	1.049	0.854	0.962	1.055	0.092	0.093	0.885	1.347	1.009	1.287	1.299	1.391	1.221	1.117	0.997	0.901	0.092	0.093	0.095	0.093	0.093	0.094	0.094	0.094	0.093	0.093	0.094	0.094	0.094
90:01:29	19.7	0.092	0.094	0.093	0.093	0.094	0.095	0.093	0.092	0.093	0.094	0.093	0.094	0.092	0.832	1.134	1.079	1.351	1.300	1.012	1.327	1.130	0.909	1.096	0.092	0.091	1.182	1.138	1.345	1.225	1.344	1.277	1.235	1.159	1.176	0.875	0.092	0.091	0.839	0.931	0.993	0.967	1.378	1.085	1.299	0.691	1.172	1.193	0.092	0.092	0.950	1.046	1.209	1.232	1.202	1.170	1.141	1.204	1.138	1.318	0.092	0.092	1.152	1.312	1.100	1.230	1.109	0.997	1.069	0.888	0.943	1.029	0.092	0.093	0.961	1.184	0.960	1.218	1.302	1.276	1.061	1.051	1.090	0.917	0.092	0.092	0.094	0.093	0.093	0.094	0.094	0.093	0.093	0.093	0.094	0.094	0.094
91:01:33	19.7	0.092	0.094	0.093	0.093	0.095	0.094	0.094	0.093	0.093	0.093	0.093	0.094	0.091	0.877	1.174	1.059	1.387	1.376	1.124	1.249	1.159	0.910	1.122	0.093	0.092	1.174	1.118	1.391	1.131	1.359	1.298	1.284	1.179	1.174	0.861	0.092	0.092	0.925	0.936	0.997	0.999	1.436	1.080	1.288	0.703	1.184	1.224	0.092	0.091	1.050	1.011	1.202	1.263	1.212	1.242	1.059	1.199	1.142	1.291	0.092	0.092	1.231	1.314	1.213	1.156	1.087	0.979	1.314	0.894	1.060	1.030	0.092	0.093	1.043	1.211	1.064	1.436	1.409	1.312	1.107	1.185	1.105	0.947	0.092	0.092	0.096	0.093	0.093	0.094	0.093	0.093	0.093	0.093	0.094	0.093	0.094
92:01:30	19.8	0.092	0.094	0.093	0.093	0.094	0.095	0.094	0.092	0.093	0.094	0.093	0.094	0.091	0.916	1.117	1.049	1.296	1.343	1.126	1.220	1.145	0.929	1.073	0.093	0.092	1.117	1.167	1.431	1.108	1.348	1.340	1.268	1.187	1.181	0.867	0.092	0.092	0.973	0.944	1.002	0.972	1.296	1.071	1.231	0.716	1.169	1.239	0.092	0.092	1.041	0.997	1.255	1.399	1.348	1.251	1.298	1.214	1.144	1.348	0.092	0.092	1.276	1.309	1.234	1.157	1.123	1.100	1.088	0.895	1.018	0.983	0.092	0.093	1.177	1.218	1.100	1.307	1.421	1.310	1.151	1.097	1.048	1.029	0.091	0.093	0.097	0.093	0.093	0.094	0.094	0.093	0.093	0.093	0.094	0.094	0.094
93:01:33	19.8	0.092	0.094	0.093	0.094	0.094	0.095	0.094	0.093	0.093	0.094	0.093	0.094	0.092	0.859	1.275	1.065	1.298	1.363	1.038	1.168	1.152	0.947	1.103	0.093	0.092	1.171	1.125	1.421	1.170	1.421	1.467	1.194	1.195	1.189	0.959	0.092	0.092	0.995	0.949	1.004	1.029	1.324	1.080	1.257	0.727	1.159	1.226	0.092	0.092	1.115	0.998	1.351	1.300	1.323	1.246	1.076	1.195	1.154	1.371	0.092	0.092	1.248	1.258	1.351	1.246	1.268	1.121	1.302	0.915	1.056	1.199	0.092	0.093	1.222	1.248	1.075	1.408	1.323	1.362	1.211	1.082	1.076	1.036	0.092	0.093	0.095	0.093	0.093	0.094	0.094	0.093	0.093	0.093	0.094	0.094	0.094
94:01:33	19.9	0.092	0.094	0.093	0.093	0.094	0.094	0.093	0.092	0.093	0.093	0.093	0.093	0.091	0.852	1.233	1.150	1.292	1.408	1.093	1.355	1.154	0.974	1.220	0.092	0.091	1.210	1.120	1.409	1.134	1.251	1.359	1.221	1.222	1.205	0.920	0.092	0.091	1.042	0.950	1.017	1.126	1.338	1.060	1.238	0.738	1.167	1.254	0.092	0.091	1.107	0.998	1.188	1.155	1.242	1.209	1.190	1.207	1.194	1.309	0.092	0.092	1.296	1.226	1.123	1.201	1.182	1.165	1.219	0.953	1.041	0.978	0.092	0.093	1.218	1.213	1.070	1.272	1.302	1.277	1.010	1.221	1.009	1.091	0.091	0.092	0.094	0.093	0.093	0.094	0.093	0.093	0.093	0.093	0.094	0.093	0.094
95:01:33	19.9	0.092	0.094	0.093	0.093	0.094	0.095	0.094	0.092	0.093	0.094	0.093	0.094	0.091	0.973	1.254	1.164	1.243	1.357	1.284	1.386	1.148	0.971	1.060	0.093	0.091	1.270	1.104	1.352	1.136	1.364	1.398	1.257	1.214	1.186	0.966	0.092	0.092	1.134	0.957	1.031	1.091	1.303	1.287	1.183	0.753	1.164	1.203	0.092	0.092	1.125	1.029	1.200	1.417	1.216	1.231	1.261	1.203	1.187	1.224	0.092	0.092	1.252	1.208	1.263	1.256	1.174	1.245	1.108	0.970	1.021	1.263	0.092	0.093	1.117	1.255	1.057	1.347	1.238	1.324	1.253	1.134	1.040	1.107	0.092	0.093	0.095	0.093	0.093	0.094	0.094	0.094	0.093	0.093	0.094	0.093	0.094
96:01:34	19.8	0.092	0.094	0.093	0.093	0.094	0.095	0.093	0.092	0.093	0.094	0.093	0.094	0.091	1.022	1.123	1.076	1.132	1.381	1.071	1.208	1.169	0.994	1.342	0.093	0.092	1.263	1.243	1.525	1.133	1.318	1.398	1.302	1.224	1.212	1.027	0.092	0.092	1.190	0.970	1.034	1.148	1.267	1.278	1.424	0.758	1.161	1.187	0.092	0.092	1.096	1.063	1.311	1.369	1.294	1.194	1.270	1.184	1.233	1.317	0.092	0.092	1.231	1.249	1.139	1.215	1.271	1.052	1.109	1.000	1.105	1.215	0.092	0.093	1.090	1.233	1.043	1.367	1.270	1.403	1.261	1.168	1.062	1.160	0.091	0.093	0.095	0.093	0.093	0.094	0.094	0.093	0.093	0.093	0.094	0.094	0.094

