Time	T° 600	A1	A2	A3	A4	A5	A6	A7	A8	A9	A10	A11	A12	B1	B2	B3	B4	B5	B6	B7	B8	B9	B10	B11	B12	C1	C2	C3	C4	C5	C6	C7	C8	C9	C10	C11	C12	D1	D2	D3	D4	D5	D6	D7	D8	D9	D10	D11	D12	E1	E2	E3	E4	E5	E6	E7	E8	E9	E10	E11	E12	F1	F2	F3	F4	F5	F6	F7	F8	F9	F10	F11	F12	G1	G2	G3	G4	G5	G6	G7	G8	G9	G10	G11	G12	H1	H2	H3	H4	H5	H6	H7	H8	H9	H10	H11	H12
0:00:06	19.8	0.093	0.096	0.094	0.094	0.096	0.097	0.096	0.095	0.096	0.095	0.094	0.095	0.093	0.114	0.121	0.100	0.101	0.124	0.117	0.123	0.123	0.099	0.145	0.095	0.093	0.116	0.123	0.130	0.120	0.121	0.115	0.121	0.115	0.123	0.126	0.094	0.093	0.104	0.100	0.126	0.094	0.114	0.100	0.098	0.099	0.124	0.127	0.094	0.093	0.100	0.131	0.118	0.124	0.098	0.130	0.097	0.119	0.119	0.120	0.094	0.093	0.129	0.119	0.115	0.117	0.116	0.122	0.131	0.117	0.118	0.120	0.094	0.093	0.095	0.120	0.101	0.100	0.110	0.121	0.098	0.118	0.099	0.098	0.093	0.094	0.095	0.335	0.093	0.095	0.094	0.093	0.094	0.094	0.094	0.094	0.094
1:00:05	20.5	0.094	0.097	0.095	0.096	0.098	0.098	0.097	0.096	0.101	0.098	0.095	0.096	0.093	0.119	0.126	0.102	0.103	0.130	0.122	0.129	0.128	0.101	0.149	0.097	0.094	0.121	0.128	0.134	0.125	0.127	0.120	0.127	0.120	0.127	0.130	0.095	0.094	0.105	0.102	0.131	0.095	0.118	0.102	0.100	0.101	0.127	0.132	0.094	0.094	0.102	0.135	0.123	0.129	0.100	0.134	0.099	0.124	0.125	0.124	0.095	0.094	0.135	0.124	0.117	0.124	0.119	0.126	0.139	0.122	0.123	0.126	0.095	0.094	0.096	0.123	0.102	0.102	0.114	0.127	0.099	0.122	0.100	0.099	0.094	0.095	0.096	0.288	0.094	0.096	0.095	0.094	0.094	0.094	0.094	0.095	0.095
2:00:07	20.7	0.095	0.098	0.097	0.098	0.101	0.101	0.099	0.097	0.106	0.101	0.096	0.099	0.094	0.123	0.131	0.104	0.105	0.135	0.129	0.134	0.134	0.102	0.154	0.100	0.095	0.126	0.133	0.140	0.131	0.132	0.125	0.132	0.124	0.133	0.135	0.096	0.096	0.107	0.104	0.135	0.096	0.124	0.104	0.102	0.103	0.133	0.137	0.096	0.096	0.104	0.140	0.127	0.135	0.101	0.140	0.101	0.129	0.130	0.130	0.096	0.095	0.140	0.127	0.122	0.132	0.123	0.132	0.145	0.126	0.127	0.130	0.097	0.095	0.097	0.129	0.104	0.104	0.119	0.134	0.099	0.128	0.102	0.100	0.096	0.098	0.097	0.240	0.095	0.096	0.096	0.094	0.095	0.095	0.095	0.096	0.097
3:00:06	20.8	0.096	0.100	0.098	0.100	0.104	0.104	0.101	0.100	0.114	0.106	0.100	0.105	0.096	0.126	0.136	0.106	0.107	0.140	0.135	0.139	0.137	0.105	0.161	0.103	0.097	0.132	0.138	0.146	0.138	0.136	0.131	0.137	0.130	0.137	0.140	0.098	0.099	0.111	0.107	0.140	0.097	0.128	0.107	0.105	0.105	0.138	0.142	0.098	0.099	0.107	0.146	0.135	0.140	0.103	0.144	0.103	0.133	0.136	0.135	0.098	0.096	0.146	0.132	0.127	0.131	0.127	0.138	0.151	0.131	0.132	0.134	0.099	0.097	0.098	0.134	0.106	0.106	0.124	0.139	0.100	0.133	0.104	0.103	0.099	0.102	0.098	0.190	0.096	0.098	0.097	0.095	0.096	0.095	0.097	0.096	0.100
4:00:08	20.7	0.098	0.102	0.100	0.101	0.108	0.108	0.104	0.103	0.123	0.109	0.106	0.114	0.099	0.131	0.140	0.109	0.110	0.145	0.141	0.143	0.142	0.107	0.169	0.107	0.100	0.135	0.141	0.154	0.146	0.141	0.135	0.143	0.133	0.142	0.144	0.102	0.102	0.115	0.110	0.146	0.098	0.132	0.110	0.109	0.108	0.142	0.146	0.101	0.105	0.111	0.150	0.140	0.145	0.105	0.147	0.106	0.140	0.141	0.139	0.100	0.099	0.152	0.138	0.134	0.136	0.129	0.141	0.156	0.136	0.136	0.139	0.103	0.100	0.100	0.139	0.109	0.108	0.129	0.149	0.101	0.139	0.106	0.105	0.103	0.110	0.100	0.134	0.099	0.100	0.100	0.096	0.098	0.097	0.100	0.098	0.104
5:00:09	20.6	0.101	0.105	0.104	0.103	0.113	0.115	0.110	0.109	0.137	0.116	0.116	0.129	0.105	0.140	0.142	0.114	0.115	0.148	0.146	0.147	0.148	0.111	0.174	0.115	0.105	0.139	0.145	0.156	0.149	0.146	0.144	0.145	0.141	0.148	0.150	0.108	0.109	0.121	0.115	0.155	0.099	0.139	0.115	0.114	0.112	0.145	0.150	0.107	0.115	0.118	0.154	0.146	0.152	0.109	0.155	0.110	0.142	0.143	0.145	0.104	0.103	0.157	0.143	0.138	0.147	0.134	0.144	0.163	0.138	0.141	0.145	0.110	0.105	0.101	0.144	0.113	0.111	0.135	0.156	0.102	0.143	0.110	0.109	0.110	0.123	0.104	0.103	0.102	0.104	0.104	0.099	0.102	0.100	0.105	0.101	0.112
6:00:10	20.4	0.107	0.111	0.109	0.108	0.120	0.126	0.121	0.120	0.157	0.130	0.133	0.152	0.114	0.143	0.148	0.119	0.121	0.153	0.153	0.154	0.154	0.116	0.182	0.128	0.113	0.149	0.151	0.166	0.155	0.153	0.149	0.158	0.145	0.155	0.156	0.119	0.118	0.128	0.122	0.160	0.102	0.145	0.121	0.119	0.118	0.150	0.157	0.116	0.130	0.126	0.159	0.153	0.159	0.114	0.160	0.115	0.152	0.146	0.150	0.112	0.109	0.163	0.149	0.144	0.152	0.140	0.150	0.171	0.143	0.146	0.150	0.122	0.113	0.104	0.149	0.118	0.116	0.138	0.162	0.105	0.149	0.115	0.115	0.121	0.143	0.110	0.111	0.109	0.111	0.112	0.104	0.109	0.106	0.113	0.105	0.126
7:00:11	20.2	0.114	0.119	0.117	0.114	0.130	0.139	0.136	0.136	0.185	0.150	0.157	0.184	0.127	0.149	0.155	0.126	0.130	0.157	0.159	0.161	0.158	0.122	0.192	0.149	0.124	0.156	0.157	0.170	0.166	0.160	0.160	0.160	0.152	0.160	0.162	0.137	0.131	0.134	0.129	0.165	0.106	0.151	0.128	0.124	0.124	0.155	0.163	0.131	0.148	0.131	0.169	0.166	0.164	0.120	0.168	0.120	0.156	0.151	0.157	0.126	0.117	0.171	0.156	0.150	0.152	0.144	0.157	0.177	0.149	0.152	0.156	0.142	0.125	0.108	0.156	0.124	0.122	0.141	0.167	0.108	0.154	0.120	0.121	0.137	0.169	0.119	0.127	0.120	0.122	0.124	0.111	0.120	0.114	0.127	0.112	0.146
8:00:12	20.1	0.127	0.131	0.130	0.123	0.145	0.159	0.158	0.158	0.209	0.175	0.185	0.219	0.151	0.153	0.166	0.132	0.138	0.163	0.169	0.170	0.164	0.128	0.198	0.180	0.141	0.160	0.161	0.175	0.167	0.168	0.169	0.170	0.156	0.167	0.167	0.165	0.151	0.141	0.134	0.171	0.111	0.157	0.134	0.129	0.130	0.159	0.170	0.156	0.176	0.139	0.175	0.178	0.169	0.128	0.176	0.125	0.162	0.156	0.161	0.148	0.129	0.178	0.161	0.155	0.169	0.150	0.165	0.186	0.156	0.158	0.161	0.168	0.143	0.113	0.162	0.130	0.129	0.146	0.175	0.111	0.159	0.125	0.128	0.159	0.203	0.132	0.145	0.135	0.138	0.142	0.122	0.136	0.127	0.146	0.123	0.174
9:00:14	19.9	0.150	0.150	0.149	0.139	0.169	0.187	0.185	0.186	0.231	0.206	0.212	0.249	0.185	0.163	0.173	0.139	0.146	0.171	0.175	0.176	0.171	0.133	0.209	0.212	0.167	0.167	0.167	0.183	0.178	0.175	0.178	0.178	0.162	0.174	0.173	0.201	0.179	0.148	0.141	0.177	0.118	0.164	0.141	0.134	0.137	0.166	0.178	0.191	0.204	0.146	0.181	0.183	0.176	0.135	0.185	0.130	0.173	0.163	0.169	0.179	0.148	0.187	0.169	0.163	0.174	0.157	0.174	0.193	0.164	0.165	0.168	0.201	0.168	0.120	0.167	0.137	0.137	0.152	0.181	0.117	0.166	0.132	0.135	0.187	0.237	0.152	0.171	0.157	0.161	0.169	0.139	0.161	0.148	0.176	0.140	0.213
10:00:15	19.8	0.177	0.177	0.175	0.160	0.197	0.217	0.213	0.214	0.255	0.240	0.238	0.280	0.215	0.167	0.182	0.146	0.156	0.179	0.181	0.186	0.181	0.139	0.219	0.241	0.195	0.173	0.175	0.191	0.187	0.184	0.179	0.190	0.168	0.181	0.181	0.235	0.211	0.156	0.148	0.186	0.127	0.169	0.148	0.140	0.143	0.172	0.187	0.230	0.229	0.154	0.188	0.189	0.184	0.142	0.195	0.135	0.180	0.167	0.175	0.216	0.176	0.194	0.181	0.174	0.177	0.164	0.181	0.201	0.169	0.172	0.179	0.239	0.199	0.129	0.176	0.144	0.143	0.157	0.189	0.125	0.172	0.138	0.142	0.218	0.261	0.176	0.194	0.183	0.185	0.196	0.163	0.191	0.178	0.206	0.164	0.246
11:00:14	19.7	0.208	0.211	0.207	0.189	0.224	0.247	0.245	0.246	0.285	0.269	0.262	0.311	0.242	0.177	0.195	0.156	0.169	0.191	0.195	0.198	0.187	0.145	0.228	0.272	0.223	0.183	0.184	0.204	0.196	0.196	0.184	0.203	0.174	0.193	0.190	0.272	0.242	0.166	0.157	0.194	0.140	0.178	0.158	0.146	0.152	0.179	0.200	0.266	0.256	0.164	0.196	0.212	0.194	0.151	0.205	0.140	0.193	0.175	0.185	0.253	0.204	0.202	0.190	0.186	0.192	0.175	0.191	0.210	0.179	0.182	0.192	0.273	0.229	0.142	0.183	0.153	0.152	0.166	0.200	0.136	0.183	0.146	0.152	0.252	0.282	0.199	0.211	0.209	0.206	0.220	0.191	0.219	0.209	0.235	0.196	0.278
12:00:16	19.6	0.244	0.247	0.240	0.221	0.257	0.281	0.283	0.283	0.321	0.309	0.289	0.346	0.268	0.190	0.206	0.167	0.183	0.201	0.203	0.208	0.201	0.152	0.239	0.303	0.254	0.193	0.194	0.210	0.209	0.208	0.197	0.218	0.185	0.204	0.203	0.308	0.274	0.178	0.167	0.203	0.156	0.186	0.168	0.154	0.162	0.186	0.211	0.307	0.280	0.176	0.207	0.220	0.202	0.161	0.216	0.145	0.203	0.186	0.197	0.289	0.230	0.212	0.202	0.198	0.197	0.187	0.200	0.219	0.185	0.196	0.205	0.309	0.257	0.159	0.192	0.163	0.163	0.174	0.214	0.150	0.188	0.154	0.162	0.285	0.299	0.226	0.233	0.240	0.232	0.247	0.217	0.251	0.237	0.267	0.225	0.308
13:00:16	19.5	0.276	0.284	0.274	0.251	0.293	0.322	0.325	0.322	0.358	0.348	0.328	0.384	0.298	0.197	0.219	0.180	0.199	0.211	0.214	0.220	0.211	0.160	0.250	0.344	0.284	0.209	0.206	0.221	0.221	0.221	0.211	0.230	0.195	0.215	0.214	0.346	0.311	0.192	0.178	0.214	0.173	0.195	0.181	0.163	0.173	0.194	0.224	0.343	0.309	0.191	0.217	0.233	0.210	0.173	0.228	0.152	0.214	0.198	0.208	0.333	0.254	0.224	0.217	0.210	0.213	0.199	0.211	0.231	0.194	0.207	0.218	0.350	0.288	0.179	0.203	0.172	0.174	0.178	0.221	0.163	0.196	0.165	0.175	0.322	0.317	0.250	0.255	0.271	0.257	0.272	0.243	0.287	0.272	0.308	0.254	0.336
14:00:18	19.4	0.314	0.330	0.311	0.285	0.333	0.366	0.374	0.373	0.401	0.385	0.371	0.424	0.334	0.208	0.233	0.195	0.217	0.221	0.229	0.237	0.222	0.172	0.260	0.382	0.321	0.222	0.216	0.232	0.233	0.233	0.218	0.249	0.207	0.229	0.226	0.383	0.354	0.208	0.192	0.225	0.191	0.207	0.196	0.172	0.187	0.201	0.239	0.382	0.348	0.207	0.228	0.247	0.221	0.187	0.242	0.160	0.226	0.211	0.222	0.377	0.283	0.236	0.230	0.224	0.221	0.211	0.223	0.242	0.202	0.222	0.232	0.385	0.318	0.202	0.217	0.186	0.189	0.189	0.237	0.178	0.208	0.176	0.189	0.362	0.347	0.282	0.282	0.313	0.285	0.305	0.274	0.329	0.313	0.351	0.286	0.374
15:00:18	19.3	0.351	0.370	0.354	0.327	0.385	0.415	0.428	0.421	0.435	0.420	0.411	0.457	0.373	0.221	0.248	0.212	0.238	0.234	0.241	0.252	0.233	0.185	0.269	0.419	0.357	0.235	0.228	0.243	0.250	0.248	0.236	0.264	0.217	0.242	0.236	0.412	0.394	0.225	0.208	0.238	0.210	0.220	0.212	0.184	0.203	0.210	0.257	0.412	0.376	0.223	0.241	0.266	0.230	0.203	0.257	0.170	0.238	0.226	0.236	0.409	0.312	0.250	0.247	0.240	0.236	0.223	0.236	0.255	0.213	0.237	0.246	0.419	0.347	0.228	0.232	0.200	0.204	0.200	0.250	0.196	0.216	0.191	0.204	0.400	0.373	0.316	0.316	0.360	0.320	0.337	0.310	0.368	0.358	0.401	0.327	0.404
16:00:20	19.2	0.383	0.414	0.396	0.369	0.437	0.463	0.470	0.473	0.477	0.458	0.452	0.491	0.406	0.235	0.264	0.231	0.259	0.250	0.251	0.269	0.243	0.200	0.281	0.446	0.393	0.251	0.242	0.256	0.270	0.264	0.246	0.282	0.230	0.256	0.251	0.438	0.419	0.244	0.226	0.250	0.230	0.234	0.230	0.198	0.221	0.221	0.275	0.439	0.400	0.243	0.254	0.281	0.241	0.220	0.273	0.180	0.252	0.240	0.246	0.437	0.343	0.266	0.266	0.260	0.249	0.237	0.250	0.269	0.224	0.253	0.265	0.444	0.378	0.254	0.247	0.216	0.220	0.213	0.265	0.217	0.227	0.207	0.219	0.425	0.402	0.346	0.347	0.402	0.353	0.370	0.345	0.405	0.405	0.460	0.376	0.431
17:00:20	19.2	0.412	0.454	0.440	0.414	0.472	0.484	0.499	0.509	0.507	0.493	0.498	0.520	0.435	0.250	0.283	0.250	0.282	0.265	0.267	0.287	0.254	0.216	0.292	0.471	0.423	0.268	0.257	0.271	0.285	0.281	0.258	0.301	0.245	0.273	0.266	0.463	0.443	0.263	0.245	0.264	0.250	0.249	0.249	0.214	0.239	0.232	0.296	0.462	0.422	0.262	0.269	0.301	0.253	0.239	0.292	0.191	0.263	0.255	0.262	0.457	0.371	0.281	0.285	0.280	0.262	0.253	0.265	0.284	0.236	0.271	0.283	0.460	0.406	0.280	0.265	0.232	0.237	0.228	0.282	0.237	0.241	0.225	0.236	0.453	0.422	0.368	0.378	0.434	0.382	0.395	0.380	0.436	0.446	0.494	0.418	0.450
18:00:22	19.2	0.433	0.485	0.464	0.456	0.500	0.502	0.519	0.534	0.521	0.502	0.517	0.528	0.466	0.266	0.303	0.270	0.304	0.279	0.281	0.305	0.265	0.233	0.305	0.499	0.451	0.285	0.272	0.288	0.302	0.301	0.271	0.322	0.259	0.289	0.284	0.487	0.473	0.284	0.266	0.280	0.271	0.261	0.268	0.231	0.260	0.244	0.317	0.479	0.446	0.282	0.284	0.320	0.266	0.259	0.308	0.205	0.277	0.272	0.278	0.485	0.402	0.297	0.305	0.300	0.278	0.268	0.281	0.301	0.248	0.292	0.301	0.484	0.426	0.306	0.283	0.250	0.256	0.243	0.300	0.259	0.254	0.245	0.254	0.472	0.454	0.392	0.410	0.475	0.418	0.419	0.412	0.465	0.504	0.539	0.492	0.470
19:00:23	19.5	0.458	0.505	0.488	0.491	0.528	0.529	0.541	0.554	0.547	0.529	0.547	0.530	0.490	0.281	0.324	0.293	0.329	0.298	0.297	0.327	0.278	0.253	0.318	0.525	0.481	0.303	0.289	0.305	0.322	0.319	0.285	0.344	0.276	0.310	0.303	0.513	0.500	0.307	0.288	0.298	0.293	0.278	0.290	0.248	0.283	0.248	0.339	0.505	0.469	0.305	0.300	0.344	0.280	0.279	0.327	0.219	0.294	0.289	0.296	0.498	0.432	0.314	0.327	0.323	0.295	0.284	0.298	0.321	0.259	0.310	0.321	0.508	0.449	0.330	0.306	0.269	0.275	0.259	0.319	0.282	0.268	0.265	0.273	0.492	0.466	0.417	0.441	0.502	0.452	0.448	0.443	0.490	0.536	0.583	0.530	0.490
20:00:23	19.7	0.483	0.533	0.511	0.525	0.549	0.546	0.558	0.569	0.570	0.556	0.573	0.571	0.514	0.300	0.346	0.316	0.355	0.315	0.316	0.349	0.294	0.275	0.336	0.554	0.510	0.324	0.306	0.322	0.344	0.341	0.300	0.367	0.295	0.331	0.322	0.533	0.529	0.330	0.315	0.316	0.317	0.294	0.314	0.269	0.306	0.260	0.363	0.529	0.495	0.330	0.318	0.368	0.295	0.302	0.347	0.235	0.313	0.310	0.316	0.523	0.469	0.334	0.351	0.347	0.315	0.303	0.315	0.343	0.277	0.335	0.344	0.527	0.473	0.360	0.329	0.291	0.294	0.277	0.340	0.306	0.283	0.288	0.294	0.514	0.502	0.445	0.470	0.537	0.478	0.470	0.466	0.519	0.568	0.614	0.579	0.517
21:00:25	19.8	0.506	0.551	0.533	0.551	0.563	0.563	0.578	0.580	0.585	0.577	0.610	0.590	0.542	0.319	0.371	0.340	0.381	0.336	0.337	0.372	0.311	0.297	0.354	0.576	0.544	0.346	0.328	0.343	0.367	0.364	0.319	0.392	0.315	0.354	0.345	0.562	0.559	0.352	0.338	0.338	0.344	0.312	0.337	0.290	0.333	0.272	0.388	0.553	0.519	0.353	0.338	0.395	0.311	0.327	0.370	0.254	0.334	0.333	0.339	0.543	0.498	0.353	0.378	0.373	0.336	0.322	0.336	0.365	0.295	0.359	0.369	0.554	0.506	0.388	0.354	0.313	0.318	0.292	0.362	0.334	0.301	0.314	0.316	0.539	0.530	0.478	0.502	0.565	0.513	0.497	0.495	0.546	0.626	0.666	0.619	0.541
22:00:26	19.8	0.533	0.584	0.552	0.567	0.585	0.585	0.602	0.599	0.608	0.605	0.635	0.617	0.563	0.341	0.395	0.366	0.407	0.357	0.359	0.396	0.330	0.323	0.375	0.602	0.578	0.368	0.351	0.368	0.391	0.390	0.341	0.419	0.338	0.381	0.368	0.593	0.581	0.380	0.366	0.361	0.371	0.332	0.364	0.315	0.361	0.285	0.415	0.577	0.549	0.378	0.359	0.423	0.329	0.352	0.395	0.274	0.355	0.356	0.363	0.567	0.526	0.375	0.405	0.403	0.358	0.343	0.356	0.390	0.315	0.386	0.397	0.585	0.538	0.419	0.380	0.337	0.341	0.311	0.385	0.359	0.320	0.342	0.340	0.568	0.540	0.508	0.542	0.579	0.547	0.527	0.516	0.577	0.674	0.704	0.667	0.566
23:00:26	19.9	0.557	0.602	0.573	0.583	0.603	0.604	0.620	0.621	0.648	0.642	0.637	0.620	0.589	0.363	0.422	0.393	0.438	0.381	0.385	0.422	0.351	0.350	0.398	0.627	0.612	0.393	0.374	0.391	0.420	0.420	0.363	0.448	0.363	0.410	0.399	0.615	0.611	0.407	0.395	0.386	0.401	0.355	0.393	0.340	0.392	0.300	0.445	0.607	0.576	0.407	0.382	0.454	0.348	0.380	0.421	0.297	0.381	0.382	0.390	0.595	0.558	0.399	0.433	0.432	0.382	0.368	0.379	0.417	0.338	0.415	0.428	0.606	0.567	0.449	0.407	0.364	0.365	0.334	0.410	0.390	0.341	0.370	0.367	0.599	0.577	0.537	0.582	0.613	0.573	0.558	0.540	0.605	0.728	0.739	0.700	0.589
24:00:29	20.0	0.586	0.629	0.603	0.597	0.627	0.628	0.645	0.643	0.657	0.663	0.669	0.647	0.615	0.390	0.449	0.421	0.469	0.404	0.411	0.449	0.374	0.376	0.421	0.656	0.652	0.419	0.399	0.415	0.447	0.450	0.389	0.477	0.389	0.440	0.425	0.642	0.636	0.439	0.423	0.412	0.431	0.379	0.422	0.369	0.422	0.318	0.473	0.631	0.603	0.434	0.409	0.484	0.370	0.409	0.449	0.322	0.407	0.411	0.420	0.622	0.588	0.426	0.465	0.463	0.407	0.392	0.403	0.446	0.361	0.446	0.459	0.633	0.588	0.483	0.436	0.390	0.393	0.355	0.438	0.418	0.364	0.399	0.393	0.619	0.598	0.566	0.610	0.622	0.598	0.584	0.573	0.633	0.753	0.781	0.740	0.616
25:00:29	20.1	0.611	0.646	0.626	0.616	0.649	0.649	0.665	0.661	0.685	0.693	0.681	0.659	0.637	0.415	0.478	0.454	0.498	0.431	0.439	0.478	0.399	0.406	0.450	0.679	0.683	0.446	0.425	0.443	0.479	0.478	0.416	0.511	0.416	0.474	0.456	0.663	0.660	0.471	0.452	0.440	0.461	0.405	0.452	0.399	0.453	0.339	0.506	0.655	0.629	0.464	0.435	0.517	0.393	0.439	0.479	0.348	0.436	0.440	0.448	0.649	0.625	0.454	0.497	0.495	0.435	0.421	0.429	0.477	0.386	0.479	0.492	0.655	0.625	0.516	0.466	0.419	0.421	0.378	0.466	0.449	0.390	0.429	0.422	0.649	0.622	0.592	0.613	0.646	0.618	0.612	0.595	0.662	0.800	0.813	0.776	0.640
26:00:29	20.2	0.635	0.669	0.648	0.633	0.667	0.673	0.689	0.683	0.708	0.712	0.709	0.686	0.658	0.443	0.510	0.486	0.531	0.460	0.471	0.507	0.427	0.437	0.481	0.698	0.685	0.476	0.453	0.471	0.513	0.509	0.445	0.543	0.446	0.508	0.487	0.693	0.692	0.506	0.483	0.469	0.492	0.432	0.483	0.431	0.485	0.361	0.536	0.683	0.656	0.496	0.465	0.553	0.416	0.471	0.511	0.376	0.467	0.469	0.477	0.671	0.652	0.484	0.531	0.529	0.464	0.452	0.457	0.509	0.413	0.513	0.527	0.681	0.643	0.550	0.498	0.449	0.450	0.405	0.498	0.480	0.417	0.461	0.452	0.680	0.640	0.623	0.656	0.667	0.641	0.644	0.619	0.700	0.829	0.835	0.804	0.661
27:00:30	20.1	0.660	0.690	0.669	0.653	0.688	0.691	0.707	0.706	0.734	0.730	0.728	0.705	0.679	0.469	0.542	0.521	0.567	0.491	0.504	0.540	0.459	0.473	0.514	0.722	0.711	0.508	0.482	0.503	0.546	0.544	0.476	0.579	0.479	0.549	0.527	0.713	0.715	0.540	0.516	0.501	0.526	0.464	0.517	0.463	0.522	0.386	0.572	0.698	0.677	0.528	0.493	0.591	0.444	0.504	0.549	0.405	0.503	0.505	0.515	0.691	0.688	0.517	0.568	0.571	0.496	0.485	0.489	0.546	0.442	0.553	0.570	0.709	0.684	0.589	0.533	0.482	0.482	0.435	0.531	0.514	0.446	0.495	0.484	0.696	0.658	0.638	0.666	0.712	0.684	0.671	0.645	0.742	0.852	0.875	0.833	0.682
28:00:32	20.0	0.683	0.717	0.695	0.677	0.711	0.717	0.726	0.722	0.781	0.750	0.738	0.722	0.700	0.500	0.580	0.555	0.603	0.524	0.541	0.574	0.491	0.503	0.548	0.744	0.745	0.541	0.516	0.536	0.584	0.580	0.511	0.619	0.514	0.590	0.565	0.734	0.758	0.578	0.552	0.536	0.559	0.497	0.552	0.499	0.562	0.415	0.608	0.725	0.702	0.564	0.528	0.630	0.473	0.538	0.588	0.439	0.541	0.541	0.550	0.713	0.734	0.550	0.610	0.614	0.531	0.519	0.523	0.582	0.475	0.594	0.603	0.726	0.710	0.629	0.568	0.515	0.513	0.467	0.569	0.554	0.477	0.530	0.517	0.728	0.679	0.665	0.699	0.729	0.713	0.698	0.676	0.792	0.867	0.871	0.867	0.709
29:00:35	19.9	0.705	0.737	0.712	0.698	0.729	0.732	0.743	0.737	0.815	0.777	0.757	0.770	0.722	0.531	0.620	0.589	0.635	0.559	0.582	0.607	0.528	0.534	0.589	0.765	0.782	0.575	0.548	0.570	0.621	0.618	0.549	0.658	0.551	0.638	0.602	0.754	0.804	0.615	0.588	0.571	0.595	0.531	0.587	0.533	0.598	0.447	0.645	0.742	0.721	0.598	0.563	0.672	0.504	0.571	0.628	0.469	0.580	0.578	0.589	0.731	0.739	0.588	0.648	0.660	0.569	0.554	0.557	0.620	0.506	0.635	0.643	0.748	0.736	0.667	0.606	0.551	0.545	0.497	0.606	0.588	0.510	0.567	0.552	0.746	0.696	0.697	0.709	0.759	0.740	0.715	0.697	0.836	0.906	0.907	0.896	0.726
30:00:35	19.9	0.726	0.747	0.729	0.714	0.747	0.749	0.761	0.758	0.803	0.795	0.775	0.786	0.737	0.565	0.660	0.625	0.668	0.594	0.618	0.644	0.566	0.570	0.629	0.786	0.781	0.613	0.581	0.604	0.657	0.655	0.585	0.694	0.585	0.686	0.645	0.779	0.834	0.650	0.619	0.607	0.628	0.569	0.621	0.569	0.636	0.483	0.683	0.769	0.744	0.633	0.601	0.715	0.539	0.608	0.670	0.500	0.616	0.616	0.630	0.756	0.755	0.624	0.693	0.705	0.606	0.594	0.595	0.657	0.543	0.680	0.688	0.763	0.752	0.709	0.643	0.586	0.579	0.531	0.645	0.629	0.547	0.604	0.587	0.775	0.711	0.726	0.721	0.771	0.754	0.739	0.724	0.848	0.934	0.925	0.928	0.747
31:00:36	19.8	0.741	0.757	0.749	0.743	0.765	0.768	0.780	0.774	0.833	0.814	0.779	0.825	0.766	0.600	0.696	0.665	0.702	0.630	0.658	0.680	0.604	0.606	0.669	0.807	0.821	0.647	0.618	0.643	0.696	0.697	0.627	0.735	0.620	0.736	0.686	0.792	0.892	0.688	0.655	0.642	0.662	0.603	0.657	0.606	0.673	0.514	0.720	0.792	0.771	0.667	0.636	0.761	0.575	0.643	0.713	0.533	0.654	0.655	0.669	0.775	0.781	0.661	0.728	0.745	0.645	0.635	0.635	0.695	0.578	0.722	0.725	0.791	0.754	0.750	0.684	0.624	0.615	0.568	0.687	0.674	0.587	0.643	0.621	0.790	0.728	0.739	0.751	0.794	0.764	0.758	0.745	0.892	0.963	0.905	0.912	0.764
32:00:37	19.9	0.761	0.775	0.766	0.756	0.787	0.784	0.798	0.791	0.824	0.838	0.797	0.854	0.784	0.634	0.735	0.699	0.740	0.668	0.697	0.717	0.643	0.644	0.715	0.822	0.848	0.683	0.654	0.681	0.734	0.733	0.666	0.770	0.660	0.777	0.728	0.811	0.916	0.728	0.690	0.678	0.698	0.640	0.692	0.643	0.713	0.549	0.756	0.800	0.786	0.702	0.675	0.795	0.611	0.676	0.752	0.565	0.689	0.698	0.711	0.788	0.797	0.698	0.774	0.789	0.685	0.677	0.675	0.731	0.616	0.768	0.763	0.805	0.766	0.784	0.723	0.661	0.647	0.606	0.724	0.709	0.627	0.681	0.660	0.806	0.746	0.756	0.778	0.813	0.782	0.781	0.761	0.924	0.967	0.937	0.947	0.777
33:00:39	19.9	0.771	0.782	0.781	0.770	0.799	0.801	0.811	0.807	0.854	0.836	0.812	0.822	0.793	0.667	0.771	0.737	0.771	0.703	0.735	0.749	0.683	0.680	0.756	0.859	0.870	0.715	0.690	0.722	0.780	0.770	0.703	0.800	0.696	0.820	0.766	0.828	0.941	0.761	0.723	0.714	0.726	0.674	0.726	0.679	0.754	0.586	0.788	0.816	0.800	0.737	0.713	0.837	0.646	0.710	0.790	0.597	0.726	0.735	0.749	0.815	0.797	0.729	0.814	0.820	0.723	0.720	0.712	0.769	0.653	0.805	0.803	0.835	0.786	0.824	0.763	0.699	0.680	0.645	0.762	0.754	0.665	0.718	0.691	0.833	0.760	0.774	0.793	0.826	0.796	0.794	0.791	0.950	0.969	0.959	0.936	0.800
34:00:38	19.9	0.785	0.795	0.797	0.782	0.815	0.812	0.831	0.825	0.857	0.860	0.830	0.865	0.817	0.699	0.804	0.774	0.805	0.738	0.774	0.784	0.724	0.719	0.795	0.874	0.888	0.751	0.724	0.759	0.816	0.806	0.750	0.833	0.734	0.857	0.803	0.841	0.932	0.800	0.754	0.749	0.763	0.710	0.763	0.721	0.788	0.622	0.825	0.833	0.815	0.772	0.751	0.877	0.683	0.746	0.829	0.630	0.764	0.773	0.787	0.827	0.816	0.762	0.849	0.865	0.761	0.760	0.748	0.808	0.691	0.848	0.837	0.855	0.802	0.853	0.796	0.739	0.718	0.683	0.799	0.785	0.701	0.756	0.725	0.852	0.772	0.797	0.802	0.828	0.816	0.810	0.809	0.982	1.036	0.973	0.984	0.810
35:00:40	19.9	0.806	0.807	0.813	0.804	0.832	0.828	0.838	0.836	0.859	0.864	0.837	0.849	0.829	0.732	0.840	0.811	0.840	0.775	0.809	0.816	0.764	0.762	0.836	0.883	0.908	0.787	0.762	0.794	0.859	0.837	0.788	0.863	0.772	0.885	0.835	0.858	0.972	0.826	0.788	0.783	0.793	0.747	0.795	0.760	0.822	0.664	0.853	0.848	0.834	0.805	0.787	0.906	0.721	0.779	0.861	0.668	0.803	0.806	0.830	0.843	0.812	0.801	0.884	0.906	0.799	0.800	0.791	0.845	0.730	0.880	0.868	0.862	0.815	0.873	0.830	0.783	0.751	0.722	0.834	0.822	0.743	0.790	0.761	0.866	0.795	0.805	0.806	0.860	0.833	0.826	0.821	0.996	0.998	1.021	0.968	0.830
36:00:42	19.9	0.821	0.820	0.829	0.818	0.842	0.843	0.854	0.849	0.893	0.878	0.853	0.861	0.844	0.769	0.851	0.838	0.872	0.814	0.840	0.844	0.802	0.799	0.869	0.910	0.905	0.821	0.797	0.828	0.893	0.866	0.828	0.890	0.808	0.911	0.869	0.871	0.950	0.867	0.825	0.822	0.828	0.787	0.829	0.801	0.858	0.703	0.884	0.862	0.845	0.840	0.815	0.937	0.759	0.815	0.889	0.705	0.839	0.849	0.862	0.870	0.831	0.838	0.918	0.928	0.835	0.840	0.823	0.884	0.767	0.917	0.896	0.880	0.828	0.889	0.863	0.818	0.786	0.761	0.868	0.852	0.785	0.826	0.794	0.884	0.799	0.818	0.824	0.869	0.849	0.850	0.864	1.010	0.985	1.006	0.992	0.835
37:00:43	19.9	0.838	0.840	0.840	0.831	0.862	0.856	0.867	0.864	0.896	0.891	0.868	0.868	0.862	0.799	0.894	0.875	0.900	0.852	0.869	0.875	0.840	0.833	0.895	0.935	0.931	0.851	0.833	0.858	0.924	0.896	0.860	0.918	0.837	0.929	0.897	0.885	0.986	0.896	0.858	0.856	0.859	0.819	0.864	0.839	0.880	0.747	0.905	0.877	0.863	0.878	0.849	0.960	0.798	0.847	0.919	0.743	0.874	0.877	0.893	0.879	0.840	0.868	0.944	0.947	0.874	0.877	0.857	0.912	0.807	0.942	0.921	0.882	0.840	0.916	0.905	0.853	0.820	0.796	0.894	0.891	0.824	0.862	0.826	0.884	0.817	0.845	0.829	0.879	0.859	0.866	0.888	1.018	1.044	1.021	1.037	0.850
38:00:43	19.9	0.844	0.842	0.851	0.842	0.870	0.869	0.880	0.875	0.902	0.905	0.877	0.884	0.876	0.827	0.931	0.899	0.929	0.885	0.896	0.902	0.870	0.865	0.922	0.917	0.926	0.880	0.864	0.891	0.951	0.923	0.886	0.943	0.863	0.950	0.919	0.890	0.993	0.921	0.882	0.889	0.890	0.851	0.894	0.870	0.907	0.790	0.923	0.878	0.868	0.902	0.877	0.985	0.829	0.881	0.940	0.781	0.905	0.906	0.921	0.898	0.866	0.899	0.967	0.963	0.903	0.912	0.889	0.942	0.835	0.963	0.939	0.893	0.851	0.937	0.926	0.884	0.853	0.831	0.919	0.924	0.866	0.889	0.861	0.889	0.833	0.846	0.841	0.884	0.869	0.871	0.920	1.034	1.041	1.032	1.016	0.867
39:00:45	19.9	0.860	0.865	0.866	0.853	0.885	0.881	0.892	0.885	0.913	0.904	0.895	0.870	0.884	0.864	0.944	0.921	0.955	0.913	0.918	0.926	0.893	0.897	0.939	0.931	0.926	0.904	0.893	0.922	0.977	0.946	0.911	0.966	0.882	0.968	0.941	0.899	0.987	0.954	0.923	0.922	0.918	0.879	0.921	0.897	0.928	0.828	0.941	0.899	0.887	0.949	0.904	0.987	0.861	0.906	0.955	0.820	0.929	0.930	0.939	0.891	0.867	0.928	0.980	1.015	0.928	0.942	0.915	0.969	0.867	0.974	0.958	0.900	0.864	0.965	0.953	0.910	0.886	0.858	0.946	0.973	0.895	0.931	0.890	0.908	0.831	0.882	0.852	0.913	0.890	0.891	0.955	0.975	1.116	1.060	1.058	0.874
40:00:45	19.9	0.867	0.879	0.875	0.864	0.894	0.887	0.903	0.893	0.915	0.906	0.901	0.881	0.903	0.892	0.968	0.954	0.979	0.938	0.942	0.945	0.910	0.928	0.961	0.934	0.930	0.931	0.924	0.945	0.997	0.966	0.935	0.987	0.904	0.986	0.959	0.910	1.019	0.984	0.943	0.945	0.943	0.905	0.944	0.927	0.951	0.867	0.954	0.899	0.893	0.964	0.933	1.002	0.892	0.936	0.973	0.854	0.946	0.949	0.963	0.920	0.877	1.008	0.997	1.020	0.949	0.958	0.939	0.988	0.894	0.991	0.970	0.917	0.882	0.984	1.002	0.935	0.914	0.887	0.965	0.993	0.928	0.946	0.917	0.916	0.851	0.909	0.861	0.947	0.893	0.889	0.961	1.061	1.098	1.075	1.060	0.883
41:00:47	20.0	0.875	0.898	0.884	0.874	0.904	0.904	0.914	0.906	0.920	0.921	0.907	0.888	0.909	0.914	0.992	0.982	1.004	0.954	0.963	0.971	0.933	0.949	0.978	0.968	0.950	0.954	0.945	0.962	1.019	0.984	0.953	1.012	0.928	0.999	0.976	0.917	1.039	1.014	0.973	0.969	0.962	0.926	0.967	0.957	0.979	0.895	0.969	0.911	0.898	0.992	0.962	0.997	0.918	0.960	1.002	0.888	0.963	0.966	0.970	0.929	0.885	1.038	1.024	1.055	0.974	0.972	0.959	1.012	0.909	1.002	0.988	0.925	0.887	1.020	0.992	0.961	0.941	0.911	0.983	1.014	0.949	0.972	0.942	0.921	0.861	0.869	0.885	0.925	0.910	0.898	0.948	1.026	1.113	1.091	1.045	0.894
42:00:47	20.1	0.897	0.893	0.895	0.884	0.915	0.912	0.918	0.915	0.932	0.928	0.922	0.894	0.924	0.944	1.014	0.993	1.020	0.982	0.982	0.996	0.945	0.967	0.988	0.944	0.970	0.973	0.958	0.978	1.032	1.004	0.969	1.027	0.942	1.010	0.982	0.923	1.069	1.025	1.001	0.979	0.984	0.948	0.989	0.978	0.982	0.923	0.982	0.912	0.914	1.016	0.981	1.035	0.939	0.984	1.025	0.917	0.985	0.983	0.992	0.944	0.890	1.006	1.063	1.005	0.993	0.998	0.975	1.022	0.949	1.012	0.997	0.930	0.896	1.031	1.039	0.975	0.965	0.932	0.997	1.013	0.974	0.987	0.962	0.936	0.868	0.885	0.893	0.942	0.913	0.916	1.001	1.097	1.128	1.095	1.017	0.913
43:00:49	20.2	0.900	0.923	0.902	0.899	0.918	0.926	0.927	0.920	0.937	0.941	0.943	0.903	0.935	0.962	1.036	1.010	1.046	0.990	0.999	1.015	0.960	0.991	1.003	0.954	0.980	0.997	0.978	1.013	1.040	1.027	0.995	1.046	0.955	1.023	0.999	0.939	1.076	1.029	1.005	0.998	0.996	0.969	1.009	0.993	0.994	0.945	0.993	0.934	0.921	1.029	1.000	1.080	0.956	1.006	1.031	0.940	0.997	0.995	0.990	0.945	0.904	0.975	1.063	1.025	1.007	0.998	0.990	1.030	1.003	1.022	1.010	0.942	0.909	1.059	1.051	0.978	0.983	0.953	1.009	1.048	0.990	1.003	0.982	0.939	0.874	0.907	0.895	0.976	0.941	0.930	1.011	1.024	1.121	1.102	1.046	0.907
44:00:51	20.3	0.906	0.900	0.911	0.903	0.929	0.925	0.942	0.926	0.941	0.951	0.942	0.918	0.947	0.982	1.042	1.039	1.056	1.003	1.015	1.031	0.970	1.004	1.011	0.966	0.987	1.011	1.026	1.023	1.044	1.040	1.009	1.056	0.971	1.034	1.008	0.951	1.080	1.041	1.020	1.018	1.024	0.986	1.027	0.999	1.010	0.962	1.007	0.935	0.924	1.035	0.995	1.062	0.975	1.030	1.052	0.966	1.018	1.009	1.010	0.945	0.903	0.926	1.080	1.062	1.026	1.006	1.004	1.038	0.995	1.033	1.029	0.943	0.915	1.067	1.047	0.991	1.011	0.978	1.025	1.070	1.007	1.042	1.011	0.943	0.883	0.926	0.893	0.975	0.928	0.934	1.045	1.046	1.132	1.077	1.011	0.929
45:00:59	20.3	0.911	0.913	0.914	0.909	0.936	0.943	0.952	0.932	0.944	0.959	0.929	0.922	0.950	1.003	1.052	1.050	1.082	1.025	1.036	1.044	0.979	1.019	1.022	0.962	0.981	1.021	1.025	1.046	1.071	1.052	1.023	1.069	0.979	1.040	1.018	0.953	1.052	1.096	1.058	1.034	1.052	1.007	1.049	1.025	1.025	0.981	1.021	0.945	0.942	1.067	1.065	1.072	0.988	1.040	1.097	0.981	1.021	1.015	1.021	0.953	0.921	1.076	1.114	1.056	1.041	1.039	1.023	1.062	0.978	1.047	1.034	0.951	0.920	1.087	1.127	1.004	1.018	0.998	1.043	1.090	1.025	1.054	1.028	0.948	0.885	0.930	0.914	0.951	0.939	0.940	1.038	1.081	1.141	1.048	0.979	0.931
46:00:53	20.2	0.908	0.938	0.922	0.915	0.944	0.943	0.956	0.935	0.948	0.957	0.932	0.925	0.952	1.017	1.050	1.087	1.083	1.047	1.026	1.048	0.989	1.020	1.026	0.967	0.978	1.047	1.061	1.072	1.104	1.056	1.036	1.069	0.989	1.051	1.023	0.956	1.061	1.059	1.047	1.032	1.070	1.019	1.066	1.039	1.033	0.982	1.026	0.948	0.938	1.089	1.079	1.025	1.003	1.056	1.068	0.996	1.035	1.025	1.029	0.961	0.931	0.982	1.117	1.109	1.049	1.044	1.042	1.088	0.999	1.057	1.042	0.960	0.939	1.091	1.131	1.025	1.042	0.976	1.039	1.103	1.024	1.080	1.037	0.961	0.892	0.922	0.912	0.956	0.949	0.947	1.025	1.102	1.134	1.030	0.986	0.939
47:00:51	20.1	0.928	0.946	0.930	0.930	0.946	0.942	0.972	0.942	0.963	0.972	0.945	0.938	0.965	1.033	1.076	1.067	1.097	1.040	1.040	1.053	1.002	1.028	1.037	0.967	0.974	1.057	1.086	1.073	1.111	1.065	1.032	1.077	1.001	1.058	1.031	0.972	1.013	1.112	1.063	1.047	1.083	1.036	1.079	1.040	1.045	0.990	1.034	0.954	0.950	1.112	1.080	1.073	1.026	1.079	1.141	1.005	1.036	1.035	1.037	0.978	0.934	1.189	1.096	1.100	1.076	1.038	1.063	1.073	1.062	1.055	1.046	0.964	0.934	1.097	1.137	1.044	1.057	0.946	1.059	1.088	1.040	1.078	1.045	0.965	0.906	0.941	0.922	0.977	0.960	0.950	1.007	1.133	1.125	1.017	0.998	0.936
48:00:53	20.0	0.926	0.956	0.935	0.945	0.961	0.953	0.987	0.961	0.972	1.004	0.958	0.938	0.960	1.053	1.107	1.086	1.098	1.130	1.046	1.069	1.008	1.046	1.051	0.987	0.986	1.056	1.105	1.091	1.125	1.087	1.028	1.089	1.006	1.067	1.040	0.977	1.014	1.086	1.084	1.071	1.111	1.039	1.090	1.063	1.056	1.005	1.046	0.969	0.963	1.121	1.102	1.112	1.034	1.097	1.120	1.020	1.046	1.045	1.041	0.973	0.945	1.087	1.122	1.127	1.080	1.092	1.039	1.094	1.004	1.073	1.059	0.966	0.948	1.110	1.177	1.054	1.061	0.990	1.069	1.109	1.044	1.097	1.056	0.958	0.903	0.932	0.928	0.971	0.972	0.960	0.999	1.110	1.063	1.013	0.990	0.941
49:00:54	19.9	0.915	0.967	0.944	0.935	0.969	0.957	0.963	0.965	0.982	1.008	0.956	0.944	0.973	1.048	1.082	1.067	1.116	1.098	1.043	1.057	1.022	1.058	1.055	1.008	0.973	1.030	1.101	1.069	1.142	1.074	1.047	1.093	1.019	1.077	1.047	0.988	1.025	1.117	1.115	1.057	1.102	1.049	1.088	1.056	1.063	1.010	1.054	0.989	0.957	1.145	1.098	1.106	1.046	1.098	1.101	1.023	1.054	1.051	1.047	0.987	0.953	1.145	1.102	1.171	1.092	1.122	1.061	1.103	1.097	1.080	1.060	0.982	0.952	1.133	1.188	1.058	1.083	1.004	1.055	1.114	1.045	1.121	1.058	0.959	0.913	0.931	0.947	0.996	0.974	0.963	1.026	1.109	1.076	1.011	0.992	0.953
50:00:55	20.0	0.946	0.966	0.949	0.949	0.972	0.963	0.981	0.967	0.995	0.987	0.963	0.942	0.975	1.061	1.112	1.099	1.111	1.110	1.050	1.070	1.033	1.062	1.066	1.006	0.993	1.071	1.103	1.123	1.123	1.091	1.048	1.085	1.028	1.088	1.056	1.000	1.003	1.121	1.108	1.069	1.122	1.073	1.095	1.063	1.090	1.015	1.069	0.988	0.968	1.146	0.972	1.137	1.061	1.115	1.161	1.043	1.061	1.062	1.061	0.995	0.966	1.121	1.122	1.159	1.099	1.136	1.067	1.100	1.069	1.086	1.080	0.989	0.962	1.142	1.121	1.079	1.110	0.971	1.055	1.153	1.063	1.134	1.065	0.966	0.916	0.939	0.948	0.994	0.980	0.969	1.008	1.087	1.054	1.007	0.985	0.962
51:00:56	20.0	0.941	0.974	0.962	0.947	0.980	0.971	0.992	0.980	1.000	1.006	0.969	0.948	0.974	1.091	1.107	1.118	1.099	1.121	1.039	1.083	1.037	1.084	1.075	0.999	0.993	1.087	1.128	1.125	1.169	1.081	1.049	1.092	1.039	1.092	1.065	0.997	1.006	1.069	1.121	1.081	1.130	1.072	1.115	1.078	1.078	1.025	1.071	0.998	0.971	1.153	1.046	1.128	1.058	1.119	1.160	1.038	1.082	1.072	1.062	0.989	0.974	1.114	1.130	1.199	1.108	1.128	1.056	1.117	1.094	1.086	1.076	0.990	0.954	1.165	1.202	1.103	1.117	1.007	1.065	1.155	1.052	1.138	1.079	0.969	0.922	0.950	0.953	0.995	0.993	0.984	1.009	1.071	1.052	1.011	0.990	0.955
52:00:57	20.0	0.944	0.965	0.968	0.952	1.000	0.969	0.991	0.995	0.995	0.997	0.976	0.954	0.978	1.057	1.131	1.119	1.156	1.113	1.067	1.079	1.047	1.090	1.091	1.021	1.004	1.103	1.126	1.070	1.137	1.081	1.043	1.104	1.053	1.101	1.076	0.994	1.012	1.123	1.146	1.106	1.159	1.083	1.116	1.092	1.088	1.035	1.079	1.000	0.982	1.181	1.180	1.115	1.092	1.128	1.210	1.043	1.088	1.079	1.070	0.997	0.973	1.113	1.172	1.207	1.094	1.153	1.054	1.113	1.149	1.102	1.084	0.999	0.965	1.181	1.200	1.125	1.163	1.015	1.065	1.132	1.056	1.167	1.085	0.986	0.928	0.957	0.964	0.992	0.987	0.982	0.996	1.088	1.047	1.009	0.995	0.957
53:00:58	20.1	0.961	0.972	0.969	0.955	0.996	0.996	0.995	1.003	0.998	1.000	0.990	0.949	0.969	1.105	1.093	1.118	1.151	1.163	1.068	1.069	1.056	1.095	1.092	1.002	1.011	1.094	1.129	1.137	1.091	1.092	1.053	1.093	1.060	1.107	1.086	1.010	1.011	1.117	1.157	1.096	1.169	1.089	1.123	1.083	1.089	1.040	1.084	1.012	0.991	1.185	1.191	1.131	1.089	1.149	1.197	1.049	1.082	1.083	1.075	1.010	0.972	0.984	1.218	1.207	1.146	1.141	1.070	1.110	1.218	1.097	1.093	1.001	0.970	1.181	1.231	1.122	1.166	1.061	1.078	1.161	1.060	1.197	1.095	0.990	0.932	0.965	0.970	1.005	1.007	0.999	1.004	1.059	1.054	1.009	0.996	0.968
54:00:59	20.0	0.962	0.979	0.975	0.961	0.980	0.991	0.997	1.005	1.007	1.009	1.005	0.959	0.975	1.111	1.153	1.150	1.202	1.148	1.078	1.076	1.060	1.093	1.096	1.015	1.013	1.093	1.091	1.179	1.150	1.092	1.052	1.102	1.063	1.115	1.093	1.013	1.012	1.145	1.162	1.119	1.198	1.069	1.129	1.093	1.098	1.045	1.085	1.007	0.991	1.176	1.225	1.138	1.085	1.153	1.200	1.055	1.088	1.091	1.079	1.002	0.982	1.155	1.204	1.185	1.131	1.132	1.064	1.117	1.206	1.103	1.091	1.001	0.978	1.173	1.254	1.144	1.135	1.047	1.064	1.179	1.066	1.203	1.101	0.988	0.931	0.968	0.954	1.013	1.008	1.000	1.006	1.072	1.061	1.011	0.996	0.967
55:01:02	19.9	0.963	0.965	0.983	0.969	0.999	0.985	1.007	1.013	1.018	1.001	0.999	0.974	0.981	1.106	1.130	1.173	1.194	1.155	1.075	1.087	1.067	1.096	1.127	1.015	1.018	1.166	1.105	1.186	1.138	1.103	1.060	1.105	1.073	1.119	1.095	1.021	1.017	1.189	1.185	1.117	1.204	1.098	1.136	1.106	1.106	1.052	1.093	1.005	1.000	1.172	1.125	1.158	1.083	1.179	1.148	1.063	1.092	1.095	1.089	1.009	0.986	1.191	1.160	1.207	1.132	1.152	1.063	1.119	1.208	1.109	1.105	1.014	0.985	1.173	1.296	1.138	1.114	1.049	1.078	1.193	1.070	1.205	1.116	0.994	0.936	0.973	0.972	1.005	1.011	1.001	1.004	1.067	1.043	1.008	0.997	0.975
56:01:01	19.9	0.962	0.981	0.989	0.967	1.005	1.006	1.001	1.022	1.027	1.006	1.003	0.968	0.986	1.096	1.139	1.176	1.249	1.080	1.080	1.096	1.075	1.111	1.123	1.020	1.019	1.195	1.104	1.217	1.187	1.105	1.071	1.109	1.081	1.126	1.103	1.020	1.014	1.156	1.197	1.115	1.211	1.115	1.160	1.122	1.107	1.058	1.093	1.012	1.001	1.224	1.176	1.166	1.098	1.189	1.230	1.070	1.095	1.099	1.092	1.016	0.992	1.199	1.223	1.246	1.118	1.175	1.065	1.129	1.170	1.108	1.107	1.017	0.979	1.157	1.236	1.120	1.193	1.070	1.079	1.204	1.071	1.193	1.114	1.006	0.940	0.976	0.975	1.017	1.017	1.004	1.008	1.067	1.039	1.021	1.007	0.979
57:01:02	19.9	0.969	0.980	0.996	0.990	1.000	1.001	1.021	1.016	1.041	1.000	1.005	0.971	0.988	1.119	1.145	1.216	1.269	1.099	1.075	1.095	1.084	1.113	1.128	1.033	1.024	1.186	1.135	1.192	1.175	1.099	1.077	1.110	1.086	1.131	1.110	1.032	1.023	1.174	1.203	1.111	1.221	1.117	1.143	1.144	1.113	1.064	1.099	1.013	1.003	1.214	1.212	1.155	1.103	1.187	1.204	1.082	1.102	1.105	1.099	1.026	0.997	1.157	1.255	1.281	1.128	1.194	1.074	1.135	1.158	1.115	1.110	1.022	0.992	1.161	1.234	1.148	1.165	1.001	1.088	1.215	1.079	1.216	1.126	1.007	0.943	0.972	0.985	1.017	1.024	1.013	1.020	1.069	1.032	1.011	1.007	0.988
58:01:04	19.8	0.976	0.976	0.996	0.980	0.996	1.015	1.034	1.023	1.049	1.085	1.020	0.978	1.001	1.121	1.156	1.238	1.278	1.141	1.079	1.101	1.091	1.141	1.150	1.022	1.025	1.143	1.119	1.151	1.133	1.105	1.082	1.115	1.090	1.136	1.114	1.056	1.020	1.141	1.241	1.102	1.223	1.101	1.151	1.127	1.112	1.073	1.106	1.015	1.015	1.211	1.223	1.148	1.102	1.226	1.176	1.089	1.105	1.114	1.103	1.025	0.993	1.216	1.303	1.275	1.131	1.246	1.079	1.141	1.161	1.123	1.112	1.023	1.003	1.184	1.230	1.156	1.230	1.071	1.084	1.226	1.083	1.146	1.125	1.005	0.943	0.979	0.990	1.021	1.018	1.019	1.025	1.062	1.040	1.028	1.010	0.986
59:01:04	19.8	0.979	1.002	0.999	1.000	1.013	1.014	1.009	1.022	1.035	1.037	1.023	0.976	0.999	1.129	1.138	1.223	1.263	1.123	1.087	1.104	1.098	1.133	1.162	1.039	1.036	1.157	1.138	1.215	1.180	1.105	1.082	1.119	1.093	1.139	1.118	1.031	1.026	1.193	1.175	1.113	1.252	1.078	1.156	1.126	1.123	1.080	1.110	1.026	1.014	1.219	1.066	1.140	1.110	1.235	1.159	1.098	1.113	1.116	1.109	1.028	0.993	1.277	1.291	1.257	1.146	1.173	1.083	1.141	1.174	1.125	1.118	1.021	1.010	1.215	1.232	1.159	1.233	1.084	1.091	1.244	1.088	1.206	1.123	1.013	0.947	0.987	0.992	1.034	1.035	1.028	1.022	1.057	1.050	1.040	1.010	0.994
60:01:06	19.7	0.972	0.992	1.015	0.985	1.012	0.997	1.017	1.026	1.040	1.041	1.026	0.978	1.004	1.143	1.176	1.222	1.290	1.139	1.090	1.110	1.103	1.154	1.163	1.033	1.041	1.149	1.136	1.148	1.195	1.110	1.086	1.120	1.099	1.146	1.121	1.036	1.025	1.186	1.218	1.118	1.246	1.117	1.160	1.131	1.137	1.085	1.117	1.035	1.020	1.241	1.189	1.150	1.122	1.239	1.268	1.114	1.115	1.125	1.113	1.034	1.000	1.257	1.290	1.259	1.130	1.210	1.085	1.141	1.195	1.130	1.124	1.030	1.014	1.177	1.272	1.170	1.247	1.032	1.096	1.228	1.095	1.241	1.141	1.022	0.947	1.007	0.999	1.035	1.038	1.029	1.013	1.067	1.046	1.029	1.015	0.999
61:01:06	19.6	0.994	0.988	1.009	0.997	1.018	1.014	1.034	1.018	1.035	1.053	1.025	0.983	1.010	1.149	1.186	1.249	1.248	1.138	1.091	1.115	1.113	1.155	1.164	1.029	1.071	1.160	1.149	1.200	1.219	1.111	1.086	1.123	1.117	1.151	1.131	1.046	1.032	1.180	1.206	1.115	1.280	1.098	1.150	1.143	1.135	1.092	1.121	1.033	1.029	1.218	1.132	1.142	1.122	1.244	1.206	1.122	1.116	1.132	1.117	1.040	1.017	0.964	1.205	1.287	1.119	1.213	1.090	1.147	1.216	1.137	1.129	1.037	1.006	1.209	1.256	1.217	1.262	1.133	1.096	1.225	1.097	1.280	1.143	1.022	0.952	0.999	1.001	1.045	1.044	1.035	1.029	1.063	1.061	1.030	1.012	1.000
62:01:06	19.6	0.976	0.995	1.018	1.005	1.026	1.023	1.023	1.033	1.046	1.041	1.021	0.981	1.015	1.170	1.200	1.264	1.303	1.172	1.102	1.114	1.118	1.155	1.223	1.039	1.047	1.165	1.133	1.164	1.236	1.114	1.091	1.130	1.109	1.158	1.130	1.050	1.035	1.216	1.231	1.120	1.295	1.105	1.161	1.165	1.142	1.099	1.130	1.047	1.031	1.201	1.173	1.151	1.133	1.255	1.205	1.139	1.124	1.131	1.126	1.039	1.019	1.228	1.272	1.260	1.119	1.216	1.095	1.158	1.250	1.139	1.133	1.043	1.021	1.193	1.286	1.185	1.285	1.133	1.104	1.247	1.102	1.251	1.141	1.029	0.953	1.008	0.998	1.051	1.043	1.041	1.031	1.071	1.043	1.030	1.018	1.002
63:01:07	19.5	0.981	0.994	1.038	1.002	1.029	1.021	1.032	1.037	1.048	1.042	1.037	0.981	1.016	1.155	1.197	1.285	1.276	1.165	1.105	1.122	1.123	1.158	1.223	1.035	1.057	1.161	1.151	1.235	1.206	1.119	1.104	1.133	1.125	1.161	1.137	1.047	1.043	1.218	1.261	1.120	1.296	1.113	1.160	1.169	1.144	1.102	1.136	1.053	1.033	1.187	1.246	1.152	1.185	1.281	1.198	1.145	1.130	1.135	1.134	1.047	1.020	1.103	1.236	1.242	1.133	1.214	1.104	1.152	1.207	1.143	1.143	1.037	1.024	1.210	1.257	1.214	1.264	1.164	1.106	1.253	1.105	1.257	1.159	1.030	0.956	1.002	1.004	1.048	1.050	1.043	1.038	1.071	1.056	1.035	1.017	1.001
64:01:09	19.5	0.985	1.006	1.003	1.008	1.037	1.037	1.030	1.048	1.050	1.039	1.045	0.984	1.020	1.143	1.225	1.262	1.261	1.184	1.110	1.130	1.133	1.186	1.255	1.046	1.066	1.158	1.148	1.099	1.204	1.128	1.104	1.138	1.121	1.168	1.144	1.053	1.046	1.165	1.205	1.132	1.304	1.108	1.162	1.157	1.166	1.106	1.139	1.065	1.036	1.295	1.214	1.151	1.202	1.309	1.193	1.151	1.135	1.136	1.138	1.046	1.025	1.206	1.294	1.293	1.133	1.226	1.105	1.182	1.227	1.149	1.147	1.049	1.030	1.218	1.210	1.217	1.270	1.191	1.111	1.255	1.112	1.265	1.156	1.031	0.967	1.014	1.016	1.063	1.057	1.048	1.041	1.061	1.064	1.047	1.023	1.013
65:01:10	19.6	0.993	1.014	1.012	1.013	1.058	1.029	1.037	1.043	1.058	1.052	1.034	0.986	1.025	1.156	1.242	1.288	1.284	1.166	1.117	1.130	1.133	1.181	1.247	1.048	1.071	1.177	1.156	1.163	1.187	1.133	1.109	1.142	1.130	1.172	1.149	1.045	1.041	1.225	1.315	1.139	1.357	1.111	1.172	1.162	1.155	1.116	1.133	1.069	1.044	1.284	1.208	1.156	1.169	1.271	1.238	1.145	1.142	1.148	1.142	1.051	1.024	1.202	1.263	1.275	1.134	1.254	1.116	1.171	1.210	1.156	1.151	1.052	1.032	1.237	1.276	1.210	1.307	1.178	1.116	1.287	1.115	1.286	1.166	1.038	0.974	1.009	1.016	1.067	1.061	1.048	1.040	1.062	1.060	1.043	1.030	1.019
66:01:10	19.7	0.987	1.023	1.016	1.023	1.044	1.028	1.062	1.032	1.052	1.081	1.046	1.002	1.040	1.149	1.194	1.283	1.284	1.166	1.123	1.133	1.140	1.195	1.265	1.065	1.063	1.204	1.152	1.245	1.189	1.135	1.112	1.147	1.132	1.175	1.154	1.063	1.051	1.183	1.268	1.142	1.289	1.121	1.179	1.168	1.160	1.121	1.144	1.085	1.046	1.202	1.236	1.156	1.176	1.287	1.231	1.151	1.144	1.150	1.147	1.053	1.028	1.168	1.284	1.271	1.156	1.245	1.116	1.197	1.189	1.154	1.154	1.059	1.039	1.223	1.240	1.269	1.251	1.191	1.121	1.269	1.123	1.292	1.160	1.044	0.967	1.025	1.016	1.077	1.065	1.054	1.050	1.065	1.065	1.049	1.035	1.018
67:01:11	19.8	0.996	1.016	1.026	1.034	1.042	1.025	1.034	1.067	1.060	1.054	1.038	1.009	1.047	1.168	1.232	1.323	1.325	1.173	1.132	1.135	1.160	1.184	1.216	1.062	1.069	1.172	1.158	1.200	1.211	1.146	1.124	1.153	1.134	1.180	1.159	1.063	1.051	1.279	1.303	1.145	1.350	1.127	1.187	1.172	1.161	1.127	1.144	1.097	1.052	1.273	1.216	1.169	1.176	1.280	1.202	1.162	1.152	1.153	1.150	1.056	1.037	1.092	1.280	1.270	1.144	1.270	1.127	1.180	1.213	1.167	1.161	1.058	1.042	1.230	1.267	1.210	1.213	1.211	1.125	1.264	1.126	1.290	1.171	1.042	0.974	1.022	1.027	1.073	1.071	1.060	1.049	1.061	1.063	1.051	1.041	1.022
68:01:12	19.9	1.001	1.015	1.020	1.022	1.046	1.038	1.074	1.064	1.075	1.086	1.054	1.010	1.048	1.176	1.244	1.268	1.286	1.181	1.137	1.135	1.184	1.177	1.214	1.066	1.073	1.179	1.157	1.289	1.193	1.148	1.130	1.156	1.135	1.185	1.161	1.061	1.053	1.199	1.235	1.150	1.369	1.124	1.177	1.182	1.171	1.129	1.148	1.083	1.055	1.282	1.265	1.165	1.176	1.291	1.194	1.166	1.149	1.169	1.158	1.060	1.040	1.170	1.257	1.244	1.149	1.252	1.126	1.183	1.207	1.170	1.165	1.060	1.037	1.254	1.277	1.265	1.294	1.222	1.130	1.275	1.135	1.256	1.179	1.051	0.981	1.018	1.017	1.074	1.075	1.062	1.048	1.081	1.062	1.056	1.047	1.029
69:01:13	19.8	1.003	1.027	1.044	1.026	1.064	1.048	1.052	1.058	1.069	1.091	1.058	1.002	1.046	1.205	1.259	1.280	1.300	1.226	1.145	1.154	1.171	1.185	1.201	1.093	1.078	1.211	1.171	1.270	1.204	1.158	1.136	1.166	1.147	1.191	1.168	1.086	1.054	1.211	1.224	1.153	1.381	1.129	1.188	1.200	1.170	1.133	1.155	1.060	1.058	1.275	1.344	1.178	1.176	1.304	1.210	1.185	1.158	1.172	1.161	1.067	1.047	1.187	1.290	1.241	1.161	1.283	1.137	1.192	1.198	1.173	1.171	1.063	1.052	1.235	1.258	1.278	1.224	1.180	1.142	1.290	1.139	1.313	1.186	1.048	0.977	1.035	1.029	1.075	1.072	1.067	1.060	1.072	1.069	1.054	1.045	1.028
70:01:14	19.8	0.994	1.034	1.039	1.029	1.059	1.048	1.058	1.085	1.064	1.075	1.036	1.016	1.042	1.185	1.253	1.304	1.284	1.201	1.145	1.147	1.170	1.192	1.204	1.092	1.083	1.184	1.160	1.267	1.212	1.159	1.141	1.165	1.147	1.193	1.178	1.078	1.043	1.285	1.279	1.159	1.388	1.133	1.184	1.188	1.170	1.140	1.156	1.102	1.065	1.350	1.262	1.178	1.175	1.288	1.208	1.162	1.164	1.163	1.164	1.072	1.048	1.237	1.275	1.277	1.163	1.275	1.140	1.194	1.189	1.175	1.172	1.073	1.049	1.281	1.232	1.281	1.242	1.195	1.148	1.281	1.146	1.266	1.179	1.068	0.972	1.031	1.027	1.083	1.080	1.068	1.073	1.097	1.100	1.051	1.051	1.034
71:01:16	19.7	0.998	1.029	1.028	1.047	1.064	1.040	1.074	1.055	1.071	1.058	1.042	1.008	1.061	1.165	1.261	1.305	1.289	1.198	1.154	1.157	1.201	1.203	1.192	1.107	1.082	1.237	1.184	1.209	1.209	1.163	1.147	1.174	1.151	1.198	1.182	1.086	1.057	1.206	1.301	1.168	1.392	1.136	1.191	1.192	1.172	1.140	1.168	1.079	1.075	1.313	1.275	1.181	1.175	1.301	1.230	1.184	1.167	1.183	1.173	1.072	1.062	1.218	1.297	1.263	1.183	1.257	1.148	1.199	1.200	1.185	1.184	1.088	1.050	1.287	1.252	1.265	1.295	1.226	1.152	1.313	1.155	1.264	1.200	1.074	0.984	1.036	1.034	1.084	1.082	1.076	1.076	1.116	1.087	1.053	1.048	1.031
72:01:17	19.7	1.002	1.028	1.037	1.046	1.053	1.031	1.056	1.071	1.104	1.069	1.058	1.006	1.051	1.197	1.219	1.293	1.264	1.215	1.159	1.161	1.190	1.206	1.202	1.111	1.084	1.235	1.166	1.230	1.219	1.171	1.154	1.177	1.159	1.206	1.186	1.102	1.054	1.213	1.290	1.175	1.398	1.145	1.200	1.201	1.187	1.148	1.174	1.086	1.067	1.287	1.286	1.198	1.213	1.302	1.236	1.181	1.173	1.179	1.183	1.073	1.059	1.235	1.323	1.262	1.165	1.231	1.146	1.201	1.241	1.185	1.191	1.107	1.048	1.272	1.335	1.264	1.264	1.220	1.161	1.337	1.153	1.296	1.191	1.071	0.984	1.034	1.042	1.090	1.077	1.081	1.083	1.124	1.099	1.052	1.054	1.035
73:01:17	19.7	1.001	1.060	1.045	1.037	1.073	1.076	1.058	1.064	1.077	1.073	1.069	1.018	1.049	1.196	1.226	1.269	1.282	1.216	1.162	1.162	1.184	1.201	1.226	1.108	1.085	1.210	1.177	1.268	1.220	1.176	1.153	1.179	1.158	1.208	1.189	1.112	1.065	1.275	1.244	1.175	1.369	1.146	1.196	1.216	1.179	1.154	1.178	1.121	1.071	1.264	1.288	1.192	1.200	1.272	1.204	1.170	1.179	1.181	1.179	1.082	1.058	1.242	1.263	1.250	1.180	1.218	1.164	1.203	1.203	1.189	1.186	1.116	1.064	1.242	1.319	1.298	1.260	1.235	1.161	1.299	1.157	1.271	1.200	1.076	0.979	1.038	1.042	1.091	1.093	1.084	1.071	1.154	1.119	1.060	1.066	1.033
74:01:18	19.7	1.015	1.058	1.081	1.032	1.098	1.071	1.076	1.090	1.079	1.111	1.069	1.029	1.055	1.196	1.214	1.248	1.266	1.228	1.160	1.168	1.187	1.212	1.221	1.109	1.131	1.211	1.184	1.277	1.222	1.182	1.157	1.185	1.167	1.214	1.194	1.101	1.047	1.280	1.278	1.181	1.371	1.150	1.206	1.208	1.187	1.156	1.178	1.132	1.069	1.338	1.288	1.209	1.195	1.291	1.238	1.180	1.179	1.196	1.186	1.095	1.068	1.206	1.282	1.286	1.182	1.265	1.162	1.210	1.238	1.192	1.191	1.127	1.053	1.259	1.311	1.340	1.256	1.291	1.169	1.310	1.164	1.282	1.209	1.091	0.984	1.050	1.042	1.088	1.099	1.083	1.099	1.175	1.141	1.041	1.072	1.040
75:01:18	19.8	1.007	1.060	1.085	1.040	1.103	1.074	1.110	1.067	1.085	1.121	1.057	1.022	1.057	1.204	1.238	1.252	1.260	1.214	1.162	1.171	1.193	1.204	1.225	1.110	1.099	1.223	1.192	1.239	1.223	1.178	1.160	1.188	1.167	1.216	1.198	1.109	1.063	1.232	1.263	1.187	1.348	1.154	1.201	1.211	1.174	1.161	1.178	1.127	1.064	1.299	1.291	1.205	1.202	1.241	1.206	1.179	1.186	1.198	1.190	1.099	1.062	1.194	1.259	1.256	1.171	1.226	1.168	1.210	1.226	1.196	1.194	1.130	1.058	1.298	1.366	1.334	1.265	1.280	1.187	1.325	1.170	1.255	1.209	1.105	0.988	1.055	1.038	1.093	1.103	1.068	1.100	1.167	1.134	1.090	1.081	1.048
76:01:20	19.8	1.016	1.075	1.054	1.042	1.054	1.103	1.096	1.099	1.087	1.132	1.072	1.026	1.073	1.217	1.244	1.243	1.264	1.216	1.169	1.180	1.203	1.215	1.225	1.113	1.089	1.275	1.199	1.268	1.228	1.192	1.171	1.196	1.176	1.222	1.206	1.112	1.054	1.274	1.345	1.190	1.384	1.161	1.210	1.215	1.191	1.175	1.198	1.161	1.073	1.363	1.266	1.220	1.264	1.260	1.232	1.187	1.190	1.199	1.197	1.089	1.061	1.188	1.272	1.308	1.184	1.234	1.188	1.219	1.217	1.200	1.208	1.150	1.060	1.337	1.311	1.328	1.315	1.263	1.193	1.346	1.178	1.286	1.210	1.104	0.984	1.049	1.035	1.098	1.101	1.073	1.094	1.179	1.164	1.087	1.084	1.045
77:01:22	19.9	1.006	1.077	1.049	1.053	1.104	1.089	1.071	1.096	1.055	1.165	1.063	1.021	1.077	1.263	1.241	1.234	1.252	1.223	1.175	1.180	1.197	1.215	1.236	1.138	1.093	1.269	1.194	1.267	1.230	1.192	1.173	1.196	1.175	1.226	1.203	1.136	1.061	1.289	1.254	1.191	1.355	1.168	1.207	1.216	1.187	1.177	1.192	1.135	1.071	1.316	1.347	1.211	1.239	1.223	1.241	1.187	1.192	1.205	1.200	1.113	1.072	1.285	1.266	1.281	1.198	1.279	1.180	1.223	1.240	1.204	1.205	1.150	1.062	1.351	1.268	1.336	1.227	1.276	1.198	1.336	1.180	1.278	1.214	1.089	0.987	1.050	1.033	1.105	1.118	1.084	1.124	1.136	1.162	1.109	1.079	1.054
78:01:22	19.9	1.001	1.063	1.060	1.059	1.093	1.134	1.114	1.093	1.107	1.151	1.085	1.038	1.071	1.190	1.241	1.249	1.263	1.246	1.184	1.190	1.207	1.229	1.234	1.141	1.095	1.277	1.203	1.264	1.238	1.196	1.179	1.201	1.181	1.227	1.214	1.133	1.059	1.233	1.289	1.199	1.327	1.172	1.216	1.222	1.190	1.181	1.194	1.153	1.065	1.328	1.231	1.216	1.211	1.249	1.249	1.200	1.198	1.206	1.205	1.136	1.068	1.254	1.260	1.264	1.200	1.262	1.183	1.238	1.259	1.210	1.213	1.163	1.065	1.327	1.303	1.323	1.219	1.267	1.190	1.362	1.188	1.225	1.211	1.113	0.986	1.054	1.046	1.101	1.103	1.103	1.111	1.183	1.197	1.106	1.081	1.059
79:01:23	19.8	1.003	1.074	1.055	1.042	1.066	1.085	1.120	1.122	1.090	1.138	1.112	1.040	1.075	1.211	1.252	1.261	1.266	1.248	1.189	1.201	1.209	1.248	1.253	1.135	1.110	1.255	1.202	1.238	1.243	1.208	1.184	1.212	1.189	1.229	1.220	1.156	1.072	1.281	1.248	1.207	1.381	1.169	1.225	1.238	1.200	1.190	1.212	1.118	1.063	1.315	1.208	1.223	1.239	1.276	1.292	1.201	1.207	1.217	1.219	1.141	1.056	1.269	1.240	1.262	1.202	1.248	1.186	1.231	1.236	1.223	1.223	1.119	1.053	1.400	1.286	1.381	1.241	1.281	1.196	1.320	1.176	1.263	1.220	1.128	0.989	1.051	1.039	1.098	1.098	1.090	1.113	1.212	1.197	1.113	1.077	1.052
80:01:24	19.7	1.009	1.073	1.046	1.053	1.054	1.137	1.073	1.095	1.106	1.132	1.105	1.024	1.084	1.209	1.241	1.238	1.282	1.248	1.190	1.197	1.214	1.234	1.250	1.095	1.104	1.241	1.207	1.242	1.243	1.202	1.184	1.213	1.188	1.232	1.224	1.150	1.050	1.329	1.296	1.206	1.330	1.177	1.218	1.232	1.196	1.188	1.204	1.145	1.067	1.273	1.227	1.225	1.232	1.241	1.248	1.198	1.203	1.217	1.212	1.144	1.062	1.230	1.245	1.248	1.222	1.224	1.195	1.230	1.242	1.215	1.221	1.135	1.055	1.361	1.289	1.360	1.236	1.265	1.195	1.335	1.207	1.221	1.222	1.146	0.978	1.055	1.046	1.109	1.109	1.114	1.094	1.151	1.133	1.129	1.105	1.052
81:01:24	19.7	0.994	1.121	1.049	1.063	1.054	1.119	1.091	1.102	1.095	1.160	1.123	1.036	1.084	1.240	1.258	1.225	1.247	1.242	1.195	1.202	1.217	1.238	1.269	1.158	1.100	1.220	1.206	1.255	1.246	1.213	1.189	1.218	1.197	1.238	1.233	1.108	1.093	1.355	1.310	1.212	1.327	1.177	1.226	1.233	1.204	1.195	1.219	1.138	1.077	1.336	1.243	1.233	1.228	1.234	1.247	1.213	1.210	1.222	1.226	1.161	1.060	1.286	1.238	1.303	1.209	1.225	1.191	1.242	1.313	1.227	1.232	1.136	1.062	1.343	1.315	1.391	1.229	1.270	1.209	1.383	1.191	1.261	1.233	1.164	0.980	1.055	1.041	1.131	1.138	1.109	1.156	1.190	1.180	1.175	1.101	1.059
82:01:26	19.6	1.002	1.092	1.055	1.043	1.110	1.121	1.069	1.145	1.132	1.159	1.130	1.067	1.096	1.280	1.262	1.263	1.272	1.316	1.202	1.222	1.233	1.247	1.257	1.181	1.094	1.261	1.215	1.273	1.248	1.213	1.200	1.227	1.198	1.249	1.238	1.147	1.073	1.295	1.364	1.218	1.355	1.188	1.232	1.238	1.210	1.208	1.226	1.148	1.071	1.316	1.217	1.235	1.241	1.248	1.240	1.222	1.218	1.228	1.232	1.156	1.061	1.296	1.237	1.262	1.293	1.271	1.209	1.242	1.232	1.237	1.247	1.119	1.059	1.372	1.323	1.385	1.249	1.285	1.218	1.383	1.203	1.265	1.233	1.140	0.985	1.055	1.029	1.115	1.120	1.099	1.165	1.165	1.192	1.122	1.091	1.044
83:01:27	19.6	0.997	1.031	1.066	1.087	1.054	1.131	1.118	1.104	1.160	1.181	1.160	1.038	1.073	1.276	1.258	1.253	1.275	1.247	1.205	1.220	1.229	1.250	1.266	1.183	1.094	1.242	1.218	1.244	1.254	1.220	1.203	1.229	1.206	1.246	1.241	1.140	1.086	1.288	1.301	1.222	1.362	1.198	1.236	1.240	1.209	1.214	1.224	1.141	1.067	1.375	1.344	1.242	1.235	1.248	1.239	1.226	1.217	1.230	1.234	1.105	1.060	1.271	1.260	1.294	1.249	1.302	1.205	1.245	1.243	1.238	1.248	1.128	1.055	1.367	1.324	1.383	1.235	1.325	1.203	1.467	1.215	1.248	1.240	1.140	0.978	1.053	1.053	1.114	1.106	1.097	1.124	1.177	1.196	1.122	1.126	1.045
84:01:28	19.6	1.012	1.029	1.060	1.041	1.067	1.075	1.087	1.162	1.117	1.204	1.169	1.039	1.077	1.288	1.263	1.249	1.275	1.262	1.214	1.230	1.234	1.254	1.295	1.212	1.096	1.260	1.224	1.274	1.256	1.223	1.214	1.241	1.214	1.251	1.255	1.108	1.075	1.273	1.355	1.231	1.353	1.202	1.237	1.256	1.216	1.218	1.232	1.142	1.066	1.351	1.300	1.249	1.240	1.273	1.248	1.234	1.229	1.238	1.244	1.150	1.062	1.280	1.267	1.298	1.249	1.286	1.212	1.253	1.220	1.246	1.252	1.146	1.056	1.343	1.364	1.394	1.250	1.279	1.225	1.440	1.202	1.252	1.241	1.140	0.968	1.053	1.044	1.108	1.124	1.093	1.123	1.206	1.200	1.113	1.138	1.043
85:01:28	19.7	0.995	1.061	1.070	1.036	1.099	1.137	1.100	1.127	1.115	1.223	1.180	1.051	1.078	1.274	1.248	1.244	1.264	1.249	1.220	1.231	1.249	1.258	1.326	1.177	1.092	1.258	1.254	1.300	1.264	1.233	1.213	1.238	1.219	1.256	1.249	1.141	1.085	1.309	1.326	1.236	1.321	1.205	1.241	1.253	1.225	1.221	1.240	1.153	1.066	1.339	1.273	1.258	1.240	1.255	1.266	1.228	1.231	1.240	1.245	1.161	1.057	1.265	1.247	1.298	1.282	1.298	1.232	1.259	1.317	1.247	1.257	1.181	1.037	1.399	1.286	1.352	1.258	1.251	1.218	1.435	1.229	1.288	1.246	1.136	0.961	1.057	1.049	1.098	1.122	1.102	1.160	1.219	1.183	1.117	1.135	1.028
86:01:28	19.7	1.022	1.097	1.071	1.052	1.093	1.106	1.140	1.114	1.182	1.168	1.131	1.024	1.074	1.317	1.259	1.265	1.282	1.264	1.225	1.240	1.244	1.264	1.323	1.231	1.119	1.287	1.245	1.294	1.271	1.240	1.214	1.243	1.223	1.259	1.256	1.120	1.098	1.305	1.341	1.239	1.314	1.210	1.246	1.263	1.232	1.224	1.244	1.131	1.085	1.268	1.253	1.272	1.247	1.273	1.260	1.248	1.240	1.255	1.257	1.157	1.076	1.252	1.273	1.277	1.308	1.331	1.223	1.256	1.256	1.257	1.238	1.165	1.044	1.323	1.327	1.377	1.255	1.307	1.228	1.409	1.274	1.249	1.255	1.138	0.963	1.049	1.040	1.094	1.121	1.079	1.137	1.199	1.207	1.105	1.154	1.027
87:01:30	19.7	1.040	1.085	1.055	1.060	1.141	1.116	1.108	1.147	1.170	1.187	1.175	1.067	1.103	1.257	1.264	1.246	1.278	1.269	1.230	1.247	1.243	1.261	1.277	1.264	1.119	1.350	1.232	1.265	1.268	1.248	1.220	1.254	1.221	1.266	1.260	1.096	1.096	1.287	1.248	1.251	1.339	1.209	1.249	1.259	1.230	1.228	1.250	1.141	1.070	1.288	1.292	1.260	1.276	1.252	1.262	1.239	1.240	1.249	1.255	1.161	1.062	1.292	1.288	1.340	1.318	1.312	1.232	1.268	1.248	1.258	1.268	1.223	1.035	1.360	1.273	1.340	1.254	1.260	1.218	1.373	1.321	1.285	1.253	1.178	0.959	1.045	1.047	1.104	1.131	1.074	1.170	1.229	1.203	1.150	1.149	1.038
88:01:31	19.7	1.030	1.092	1.119	1.078	1.137	1.116	1.149	1.138	1.120	1.225	1.166	1.035	1.073	1.246	1.265	1.256	1.273	1.250	1.231	1.244	1.249	1.269	1.260	1.217	1.114	1.271	1.238	1.287	1.270	1.246	1.222	1.254	1.230	1.268	1.263	1.125	1.084	1.315	1.263	1.248	1.295	1.213	1.250	1.260	1.232	1.238	1.247	1.112	1.089	1.282	1.381	1.262	1.263	1.255	1.286	1.241	1.240	1.256	1.259	1.181	1.057	1.311	1.297	1.295	1.314	1.338	1.230	1.267	1.240	1.266	1.267	1.202	1.038	1.360	1.278	1.413	1.265	1.269	1.251	1.362	1.265	1.282	1.255	1.174	0.954	1.045	1.045	1.103	1.133	1.086	1.179	1.224	1.226	1.159	1.129	1.043
89:01:33	19.7	1.045	1.107	1.145	1.099	1.141	1.156	1.194	1.186	1.201	1.213	1.149	1.020	1.088	1.268	1.274	1.271	1.271	1.270	1.242	1.252	1.254	1.264	1.261	1.129	1.133	1.333	1.246	1.289	1.283	1.258	1.232	1.258	1.238	1.274	1.272	1.115	1.088	1.394	1.298	1.259	1.318	1.212	1.258	1.263	1.241	1.251	1.263	1.167	1.091	1.353	1.351	1.261	1.267	1.259	1.267	1.247	1.254	1.269	1.268	1.131	1.043	1.357	1.297	1.329	1.354	1.292	1.242	1.263	1.250	1.262	1.282	1.196	1.036	1.216	1.314	1.338	1.276	1.323	1.252	1.382	1.268	1.264	1.264	1.189	0.952	1.035	1.045	1.126	1.105	1.071	1.171	1.222	1.193	1.169	1.197	1.055
90:01:33	19.8	1.023	1.089	1.105	1.080	1.125	1.131	1.146	1.111	1.109	1.250	1.183	1.047	1.087	1.232	1.296	1.261	1.273	1.266	1.242	1.263	1.263	1.294	1.295	1.242	1.114	1.319	1.255	1.327	1.281	1.253	1.233	1.259	1.240	1.277	1.271	1.076	1.093	1.333	1.286	1.259	1.297	1.222	1.252	1.271	1.242	1.251	1.270	1.120	1.078	1.256	1.286	1.268	1.264	1.252	1.274	1.249	1.257	1.274	1.268	1.149	1.045	1.340	1.368	1.296	1.359	1.302	1.248	1.268	1.254	1.281	1.280	1.177	1.030	1.359	1.283	1.353	1.279	1.298	1.258	1.393	1.253	1.282	1.266	1.172	0.964	1.021	1.051	1.115	1.149	1.109	1.159	1.257	1.236	1.172	1.195	1.067
91:01:39	19.8	1.044	1.169	1.109	1.076	1.067	1.159	1.172	1.157	1.108	1.247	1.134	1.032	1.078	1.341	1.293	1.261	1.274	1.292	1.249	1.268	1.262	1.282	1.300	1.144	1.117	1.308	1.265	1.288	1.286	1.262	1.240	1.275	1.255	1.285	1.279	1.101	1.117	1.312	1.313	1.263	1.311	1.222	1.265	1.275	1.250	1.269	1.274	1.183	1.068	1.269	1.280	1.276	1.276	1.263	1.272	1.258	1.260	1.277	1.280	1.185	1.051	1.315	1.385	1.331	1.335	1.359	1.286	1.277	1.262	1.276	1.283	1.136	1.029	1.438	1.327	1.372	1.267	1.299	1.267	1.426	1.317	1.282	1.277	1.179	0.953	1.033	1.044	1.117	1.124	1.102	1.166	1.265	1.251	1.220	1.182	1.035
92:01:35	19.8	1.030	1.152	1.176	1.084	1.081	1.131	1.186	1.170	1.145	1.210	1.129	1.037	1.129	1.309	1.283	1.266	1.278	1.274	1.252	1.281	1.270	1.311	1.322	1.178	1.123	1.321	1.271	1.289	1.291	1.270	1.245	1.285	1.255	1.291	1.290	1.162	1.076	1.297	1.270	1.268	1.332	1.236	1.263	1.277	1.255	1.268	1.279	1.163	1.073	1.266	1.305	1.275	1.310	1.271	1.277	1.255	1.263	1.285	1.285	1.139	1.059	1.367	1.313	1.327	1.321	1.369	1.277	1.282	1.248	1.277	1.290	1.127	1.027	1.262	1.297	1.361	1.297	1.418	1.302	1.402	1.276	1.288	1.281	1.215	0.947	1.035	1.054	1.137	1.098	1.078	1.167	1.222	1.214	1.113	1.160	1.049
93:01:38	19.9	1.070	1.069	1.088	1.041	1.073	1.121	1.158	1.179	1.199	1.203	1.116	1.030	1.129	1.268	1.289	1.293	1.281	1.315	1.266	1.283	1.269	1.289	1.293	1.188	1.123	1.303	1.268	1.293	1.297	1.266	1.251	1.281	1.253	1.292	1.288	1.065	1.107	1.286	1.282	1.273	1.314	1.239	1.265	1.281	1.260	1.279	1.280	1.159	1.099	1.280	1.289	1.287	1.274	1.271	1.278	1.259	1.263	1.287	1.291	1.133	1.044	1.306	1.392	1.294	1.275	1.297	1.320	1.288	1.255	1.282	1.298	1.131	1.045	1.412	1.314	1.354	1.277	1.307	1.289	1.390	1.296	1.291	1.286	1.178	0.943	1.044	1.059	1.169	1.128	1.129	1.186	1.173	1.210	1.207	1.191	1.035
94:01:40	20.0	1.083	1.101	1.060	1.057	1.065	1.065	1.216	1.131	1.231	1.148	1.119	1.070	1.180	1.278	1.287	1.278	1.284	1.259	1.272	1.289	1.276	1.287	1.310	1.138	1.127	1.299	1.266	1.290	1.300	1.271	1.256	1.286	1.258	1.297	1.292	1.132	1.176	1.310	1.292	1.282	1.335	1.242	1.268	1.285	1.252	1.274	1.289	1.178	1.108	1.274	1.318	1.286	1.279	1.269	1.270	1.262	1.269	1.288	1.287	1.184	1.080	1.283	1.294	1.326	1.276	1.379	1.351	1.284	1.262	1.292	1.296	1.179	1.044	1.226	1.299	1.364	1.279	1.284	1.266	1.319	1.318	1.273	1.281	1.189	0.951	1.031	1.057	1.111	1.149	1.113	1.144	1.256	1.250	1.224	1.189	1.034
95:01:38	19.9	1.056	1.158	1.048	1.023	1.111	1.193	1.193	1.129	1.215	1.233	1.148	1.083	1.162	1.354	1.294	1.293	1.278	1.294	1.310	1.299	1.281	1.289	1.384	1.196	1.131	1.303	1.287	1.299	1.302	1.282	1.263	1.293	1.262	1.296	1.293	1.161	1.196	1.302	1.316	1.280	1.351	1.248	1.283	1.292	1.270	1.287	1.296	1.164	1.092	1.301	1.384	1.296	1.286	1.261	1.282	1.271	1.277	1.296	1.363	1.166	1.079	1.261	1.348	1.315	1.338	1.296	1.392	1.286	1.259	1.292	1.297	1.157	1.040	1.321	1.266	1.306	1.267	1.299	1.318	1.400	1.354	1.271	1.283	1.150	0.949	1.033	1.029	1.127	1.168	1.145	1.185	1.234	1.232	1.140	1.222	1.037
96:01:41	19.9	1.032	1.162	1.059	1.064	1.147	1.138	1.185	1.109	1.126	1.179	1.113	1.061	1.160	1.328	1.304	1.293	1.284	1.277	1.355	1.295	1.284	1.298	1.380	1.202	1.134	1.292	1.281	1.394	1.308	1.287	1.268	1.298	1.272	1.302	1.301	1.181	1.119	1.342	1.307	1.287	1.350	1.269	1.286	1.291	1.266	1.290	1.292	1.127	1.111	1.297	1.377	1.310	1.283	1.280	1.299	1.271	1.280	1.295	1.410	1.175	1.044	1.282	1.314	1.289	1.323	1.386	1.381	1.298	1.259	1.286	1.298	1.142	1.038	1.290	1.328	1.332	1.325	1.268	1.364	1.294	1.281	1.277	1.313	1.150	0.939	1.046	1.037	1.150	1.113	1.154	1.205	1.229	1.290	1.129	1.201	1.036

