Time	T° 600	A1	A2	A3	A4	A5	A6	A7	A8	A9	A10	A11	A12	B1	B2	B3	B4	B5	B6	B7	B8	B9	B10	B11	B12	C1	C2	C3	C4	C5	C6	C7	C8	C9	C10	C11	C12	D1	D2	D3	D4	D5	D6	D7	D8	D9	D10	D11	D12	E1	E2	E3	E4	E5	E6	E7	E8	E9	E10	E11	E12	F1	F2	F3	F4	F5	F6	F7	F8	F9	F10	F11	F12	G1	G2	G3	G4	G5	G6	G7	G8	G9	G10	G11	G12	H1	H2	H3	H4	H5	H6	H7	H8	H9	H10	H11	H12
0:00:06	23.4	0.091	0.089	0.091	0.090	0.090	0.090	0.090	0.091	0.091	0.092	0.090	0.089	0.090	0.102	0.107	0.106	0.105	0.109	0.109	0.110	0.111	0.107	0.110	0.091	0.089	0.104	0.106	0.106	0.110	0.104	0.110	0.111	0.111	0.115	0.111	0.090	0.090	0.102	0.102	0.102	0.102	0.106	0.109	0.109	0.109	0.113	0.118	0.091	0.094	0.104	0.105	0.102	0.103	0.103	0.108	0.108	0.110	0.111	0.111	0.089	0.093	0.105	0.102	0.105	0.102	0.104	0.110	0.109	0.109	0.110	0.110	0.089	0.093	0.103	0.102	0.101	0.103	0.105	0.108	0.107	0.112	0.108	0.108	0.089	0.092	0.091	0.093	0.090	0.090	0.089	0.091	0.093	0.092	0.091	0.089	0.090
1:00:06	23.7	0.090	0.089	0.091	0.090	0.090	0.090	0.090	0.091	0.091	0.092	0.090	0.089	0.090	0.107	0.113	0.108	0.106	0.113	0.109	0.111	0.112	0.109	0.114	0.091	0.089	0.112	0.110	0.112	0.116	0.105	0.109	0.110	0.110	0.117	0.110	0.091	0.089	0.111	0.103	0.107	0.104	0.106	0.108	0.109	0.107	0.112	0.118	0.091	0.093	0.112	0.110	0.106	0.109	0.105	0.109	0.105	0.110	0.109	0.109	0.089	0.092	0.115	0.107	0.110	0.107	0.109	0.112	0.111	0.109	0.110	0.108	0.090	0.093	0.107	0.109	0.109	0.108	0.110	0.110	0.110	0.114	0.111	0.110	0.090	0.092	0.091	0.093	0.090	0.090	0.090	0.091	0.093	0.093	0.091	0.090	0.090
2:00:07	23.9	0.091	0.089	0.091	0.090	0.090	0.090	0.090	0.091	0.091	0.092	0.090	0.090	0.090	0.111	0.125	0.111	0.110	0.124	0.113	0.116	0.125	0.112	0.126	0.091	0.089	0.116	0.114	0.123	0.125	0.108	0.113	0.113	0.113	0.129	0.113	0.091	0.090	0.119	0.106	0.110	0.107	0.109	0.118	0.122	0.109	0.116	0.122	0.092	0.093	0.114	0.121	0.109	0.119	0.108	0.120	0.109	0.121	0.113	0.112	0.090	0.093	0.124	0.111	0.113	0.110	0.120	0.115	0.123	0.114	0.115	0.112	0.090	0.093	0.110	0.113	0.120	0.111	0.112	0.113	0.113	0.118	0.113	0.113	0.090	0.092	0.092	0.094	0.090	0.090	0.090	0.092	0.093	0.093	0.091	0.090	0.090
3:00:08	23.8	0.091	0.089	0.091	0.091	0.090	0.090	0.090	0.091	0.091	0.092	0.090	0.090	0.090	0.116	0.147	0.116	0.115	0.146	0.119	0.121	0.147	0.117	0.148	0.091	0.089	0.121	0.119	0.145	0.146	0.113	0.118	0.118	0.119	0.152	0.119	0.091	0.090	0.138	0.111	0.115	0.112	0.113	0.137	0.140	0.114	0.123	0.129	0.091	0.093	0.118	0.139	0.114	0.136	0.112	0.139	0.114	0.140	0.119	0.118	0.090	0.093	0.143	0.116	0.117	0.114	0.140	0.120	0.143	0.119	0.120	0.118	0.090	0.093	0.114	0.118	0.138	0.115	0.118	0.119	0.118	0.123	0.119	0.118	0.090	0.092	0.092	0.093	0.090	0.090	0.090	0.091	0.093	0.093	0.091	0.090	0.090
4:00:09	23.8	0.091	0.089	0.091	0.090	0.090	0.091	0.090	0.091	0.091	0.092	0.090	0.090	0.090	0.126	0.184	0.126	0.126	0.181	0.127	0.128	0.184	0.127	0.185	0.091	0.089	0.130	0.127	0.183	0.181	0.121	0.127	0.127	0.127	0.187	0.129	0.091	0.090	0.172	0.118	0.123	0.121	0.122	0.173	0.172	0.123	0.131	0.137	0.092	0.093	0.127	0.172	0.123	0.168	0.121	0.174	0.123	0.175	0.127	0.127	0.090	0.093	0.174	0.126	0.125	0.122	0.171	0.127	0.177	0.127	0.128	0.127	0.090	0.093	0.122	0.127	0.169	0.123	0.127	0.128	0.127	0.132	0.129	0.127	0.090	0.092	0.092	0.093	0.090	0.090	0.090	0.092	0.093	0.093	0.091	0.090	0.090
5:00:10	23.6	0.091	0.089	0.091	0.091	0.091	0.091	0.090	0.091	0.092	0.093	0.090	0.090	0.091	0.140	0.212	0.149	0.139	0.216	0.142	0.140	0.220	0.146	0.221	0.092	0.089	0.144	0.137	0.210	0.211	0.137	0.143	0.144	0.141	0.222	0.143	0.091	0.090	0.201	0.131	0.138	0.141	0.141	0.199	0.204	0.141	0.142	0.150	0.092	0.094	0.143	0.203	0.137	0.201	0.144	0.206	0.141	0.216	0.137	0.137	0.090	0.093	0.209	0.139	0.138	0.136	0.200	0.141	0.213	0.137	0.137	0.138	0.090	0.094	0.140	0.140	0.201	0.142	0.139	0.142	0.148	0.141	0.146	0.142	0.090	0.092	0.092	0.094	0.090	0.090	0.090	0.091	0.093	0.094	0.091	0.090	0.090
6:00:11	23.4	0.091	0.089	0.092	0.091	0.091	0.091	0.090	0.092	0.092	0.093	0.091	0.090	0.091	0.155	0.256	0.146	0.143	0.253	0.154	0.152	0.260	0.150	0.269	0.092	0.090	0.153	0.147	0.251	0.251	0.140	0.147	0.148	0.149	0.271	0.152	0.091	0.090	0.263	0.132	0.145	0.142	0.137	0.243	0.246	0.139	0.149	0.161	0.092	0.094	0.149	0.265	0.143	0.237	0.142	0.256	0.138	0.260	0.145	0.147	0.090	0.093	0.263	0.149	0.146	0.142	0.240	0.147	0.259	0.144	0.145	0.147	0.090	0.093	0.144	0.142	0.249	0.141	0.146	0.151	0.150	0.150	0.155	0.153	0.090	0.093	0.092	0.094	0.091	0.090	0.090	0.092	0.094	0.093	0.091	0.091	0.091
7:00:12	23.2	0.091	0.089	0.091	0.091	0.090	0.091	0.090	0.091	0.091	0.093	0.090	0.090	0.090	0.164	0.321	0.156	0.163	0.332	0.163	0.163	0.344	0.161	0.317	0.092	0.089	0.164	0.157	0.316	0.306	0.151	0.158	0.158	0.160	0.347	0.164	0.091	0.090	0.332	0.154	0.155	0.151	0.154	0.322	0.309	0.153	0.160	0.171	0.092	0.094	0.161	0.324	0.154	0.296	0.149	0.341	0.152	0.318	0.157	0.158	0.090	0.093	0.328	0.161	0.156	0.152	0.328	0.159	0.336	0.155	0.158	0.156	0.090	0.093	0.154	0.156	0.326	0.157	0.159	0.162	0.159	0.161	0.166	0.162	0.090	0.092	0.092	0.094	0.090	0.090	0.090	0.092	0.093	0.093	0.091	0.090	0.091
8:00:13	23.0	0.091	0.089	0.092	0.091	0.091	0.091	0.091	0.092	0.092	0.093	0.091	0.090	0.091	0.180	0.351	0.176	0.177	0.360	0.178	0.178	0.372	0.175	0.367	0.092	0.090	0.182	0.174	0.345	0.326	0.172	0.175	0.174	0.176	0.377	0.180	0.091	0.090	0.362	0.162	0.172	0.169	0.171	0.341	0.319	0.168	0.175	0.185	0.092	0.094	0.172	0.340	0.170	0.323	0.167	0.358	0.169	0.349	0.173	0.172	0.090	0.094	0.356	0.180	0.174	0.166	0.333	0.171	0.359	0.172	0.174	0.172	0.090	0.094	0.165	0.176	0.344	0.173	0.175	0.176	0.176	0.178	0.180	0.176	0.090	0.093	0.092	0.094	0.091	0.091	0.090	0.092	0.094	0.094	0.092	0.091	0.091
9:00:14	22.8	0.091	0.089	0.092	0.091	0.090	0.091	0.090	0.091	0.091	0.093	0.090	0.090	0.091	0.205	0.391	0.190	0.192	0.404	0.197	0.192	0.412	0.195	0.417	0.092	0.089	0.202	0.188	0.388	0.371	0.188	0.195	0.188	0.191	0.415	0.198	0.091	0.090	0.398	0.178	0.189	0.187	0.189	0.386	0.364	0.187	0.192	0.204	0.092	0.094	0.188	0.384	0.187	0.371	0.185	0.406	0.187	0.400	0.190	0.188	0.090	0.093	0.395	0.199	0.193	0.181	0.379	0.187	0.404	0.189	0.190	0.190	0.090	0.093	0.182	0.194	0.383	0.194	0.193	0.194	0.190	0.197	0.196	0.193	0.090	0.093	0.092	0.094	0.091	0.090	0.090	0.092	0.093	0.094	0.091	0.090	0.091
10:00:15	22.5	0.091	0.089	0.092	0.091	0.090	0.091	0.091	0.091	0.092	0.093	0.091	0.090	0.091	0.223	0.447	0.211	0.212	0.466	0.223	0.216	0.471	0.218	0.483	0.092	0.089	0.216	0.203	0.442	0.424	0.212	0.218	0.213	0.215	0.477	0.221	0.091	0.090	0.442	0.197	0.210	0.208	0.213	0.437	0.417	0.211	0.216	0.226	0.092	0.094	0.207	0.435	0.208	0.424	0.206	0.466	0.210	0.462	0.212	0.210	0.090	0.093	0.451	0.218	0.215	0.205	0.441	0.206	0.467	0.211	0.214	0.214	0.090	0.093	0.203	0.212	0.431	0.217	0.218	0.217	0.215	0.221	0.217	0.215	0.090	0.093	0.092	0.093	0.091	0.090	0.090	0.092	0.094	0.093	0.091	0.090	0.091
11:00:24	22.3	0.091	0.090	0.092	0.091	0.091	0.091	0.091	0.092	0.092	0.093	0.091	0.091	0.091	0.245	0.498	0.235	0.236	0.514	0.257	0.246	0.523	0.243	0.537	0.092	0.090	0.244	0.226	0.495	0.485	0.239	0.246	0.243	0.244	0.527	0.247	0.091	0.090	0.491	0.216	0.235	0.233	0.240	0.485	0.471	0.235	0.246	0.257	0.092	0.094	0.231	0.484	0.233	0.474	0.233	0.515	0.235	0.510	0.243	0.240	0.091	0.093	0.494	0.251	0.242	0.225	0.488	0.230	0.512	0.244	0.247	0.250	0.091	0.094	0.228	0.245	0.480	0.241	0.242	0.244	0.236	0.254	0.243	0.238	0.090	0.093	0.092	0.094	0.091	0.091	0.091	0.092	0.094	0.094	0.092	0.090	0.091
12:00:17	22.1	0.091	0.090	0.092	0.091	0.091	0.091	0.091	0.092	0.092	0.093	0.091	0.091	0.091	0.277	0.566	0.270	0.267	0.579	0.302	0.285	0.588	0.280	0.610	0.092	0.090	0.275	0.255	0.561	0.558	0.276	0.285	0.281	0.283	0.594	0.289	0.092	0.090	0.551	0.245	0.269	0.269	0.277	0.549	0.533	0.269	0.288	0.295	0.092	0.094	0.257	0.553	0.269	0.551	0.266	0.585	0.271	0.578	0.281	0.279	0.090	0.093	0.561	0.290	0.280	0.262	0.562	0.265	0.580	0.283	0.284	0.287	0.090	0.094	0.254	0.278	0.541	0.274	0.284	0.278	0.278	0.292	0.281	0.276	0.091	0.093	0.092	0.094	0.091	0.091	0.090	0.092	0.094	0.094	0.092	0.091	0.091
13:00:18	21.8	0.091	0.089	0.092	0.091	0.091	0.091	0.091	0.091	0.092	0.093	0.091	0.090	0.091	0.315	0.640	0.312	0.317	0.655	0.353	0.331	0.670	0.324	0.690	0.092	0.089	0.318	0.289	0.644	0.639	0.324	0.331	0.330	0.331	0.670	0.333	0.091	0.090	0.622	0.282	0.312	0.314	0.323	0.633	0.616	0.311	0.336	0.342	0.092	0.094	0.294	0.630	0.313	0.637	0.310	0.671	0.315	0.654	0.328	0.327	0.090	0.093	0.633	0.331	0.323	0.305	0.649	0.308	0.665	0.329	0.336	0.338	0.090	0.094	0.287	0.322	0.623	0.319	0.332	0.323	0.320	0.341	0.330	0.326	0.090	0.093	0.092	0.094	0.091	0.091	0.090	0.092	0.094	0.094	0.091	0.090	0.091
14:00:18	21.6	0.091	0.089	0.092	0.091	0.091	0.091	0.090	0.091	0.092	0.093	0.090	0.091	0.091	0.371	0.704	0.362	0.362	0.722	0.417	0.388	0.735	0.381	0.750	0.092	0.089	0.370	0.333	0.707	0.708	0.374	0.389	0.386	0.394	0.732	0.392	0.091	0.090	0.681	0.320	0.364	0.374	0.377	0.696	0.681	0.361	0.396	0.395	0.092	0.094	0.331	0.692	0.365	0.713	0.360	0.736	0.368	0.722	0.392	0.385	0.090	0.093	0.701	0.386	0.379	0.357	0.719	0.356	0.731	0.389	0.399	0.401	0.090	0.094	0.334	0.375	0.691	0.372	0.383	0.374	0.377	0.399	0.385	0.377	0.090	0.093	0.092	0.094	0.090	0.090	0.090	0.092	0.093	0.093	0.092	0.090	0.091
15:00:21	21.3	0.091	0.089	0.092	0.091	0.091	0.091	0.090	0.092	0.092	0.093	0.091	0.090	0.090	0.425	0.757	0.413	0.423	0.783	0.477	0.447	0.797	0.432	0.810	0.092	0.089	0.421	0.379	0.765	0.767	0.437	0.447	0.449	0.453	0.793	0.454	0.091	0.090	0.739	0.374	0.417	0.417	0.434	0.755	0.740	0.424	0.457	0.458	0.092	0.094	0.388	0.751	0.421	0.777	0.413	0.800	0.420	0.787	0.447	0.447	0.090	0.093	0.766	0.442	0.427	0.417	0.785	0.418	0.797	0.450	0.457	0.463	0.090	0.093	0.377	0.431	0.750	0.424	0.449	0.434	0.430	0.462	0.447	0.437	0.090	0.093	0.092	0.094	0.091	0.090	0.090	0.092	0.093	0.093	0.091	0.090	0.091
16:00:20	21.2	0.091	0.089	0.092	0.091	0.091	0.091	0.091	0.092	0.092	0.093	0.091	0.090	0.091	0.479	0.808	0.478	0.476	0.844	0.536	0.509	0.846	0.495	0.863	0.092	0.089	0.474	0.438	0.818	0.826	0.493	0.500	0.507	0.510	0.846	0.513	0.091	0.090	0.792	0.422	0.474	0.472	0.489	0.811	0.798	0.475	0.516	0.518	0.092	0.094	0.442	0.806	0.478	0.838	0.465	0.854	0.479	0.844	0.510	0.509	0.090	0.093	0.814	0.502	0.483	0.472	0.842	0.472	0.851	0.509	0.521	0.527	0.090	0.093	0.434	0.493	0.807	0.478	0.506	0.491	0.488	0.521	0.500	0.493	0.090	0.093	0.092	0.094	0.091	0.090	0.090	0.092	0.094	0.093	0.091	0.091	0.091
17:00:21	21.1	0.091	0.090	0.092	0.091	0.091	0.091	0.091	0.092	0.092	0.093	0.091	0.091	0.091	0.531	0.855	0.527	0.531	0.896	0.587	0.563	0.898	0.547	0.915	0.092	0.090	0.525	0.487	0.869	0.882	0.549	0.555	0.563	0.564	0.900	0.570	0.092	0.090	0.840	0.467	0.524	0.529	0.543	0.860	0.848	0.528	0.569	0.571	0.092	0.094	0.485	0.855	0.535	0.891	0.527	0.912	0.531	0.902	0.564	0.558	0.090	0.093	0.865	0.554	0.537	0.528	0.895	0.530	0.904	0.563	0.574	0.576	0.091	0.094	0.483	0.549	0.856	0.532	0.559	0.550	0.544	0.574	0.556	0.548	0.091	0.093	0.092	0.094	0.091	0.091	0.091	0.092	0.094	0.094	0.092	0.091	0.091
18:00:22	21.2	0.091	0.090	0.092	0.091	0.091	0.092	0.091	0.092	0.092	0.094	0.091	0.091	0.091	0.577	0.908	0.576	0.576	0.910	0.629	0.605	0.906	0.597	0.939	0.092	0.090	0.574	0.536	0.949	1.021	0.592	0.598	0.602	0.612	0.925	0.612	0.092	0.091	0.892	0.520	0.572	0.572	0.591	0.910	0.899	0.577	0.615	0.615	0.092	0.094	0.533	0.911	0.582	0.986	0.573	0.989	0.583	1.006	0.608	0.610	0.091	0.093	0.959	0.603	0.584	0.576	0.999	0.580	0.998	0.613	0.618	0.620	0.091	0.094	0.530	0.595	0.903	0.581	0.608	0.596	0.595	0.620	0.606	0.595	0.091	0.093	0.092	0.094	0.091	0.091	0.091	0.092	0.094	0.094	0.092	0.091	0.091
19:00:24	21.3	0.091	0.090	0.092	0.091	0.091	0.091	0.091	0.092	0.092	0.093	0.091	0.090	0.091	0.619	1.100	0.612	0.617	1.066	0.665	0.645	1.086	0.636	1.071	0.092	0.090	0.614	0.578	1.072	1.134	0.629	0.636	0.640	0.648	1.091	0.647	0.091	0.090	1.046	0.562	0.613	0.611	0.629	1.076	1.151	0.618	0.654	0.653	0.092	0.094	0.580	1.141	0.622	1.076	0.608	1.112	0.621	1.088	0.647	0.644	0.090	0.093	1.102	0.643	0.627	0.617	1.093	0.619	1.096	0.655	0.656	0.656	0.091	0.094	0.577	0.636	1.004	0.625	0.646	0.635	0.633	0.658	0.642	0.631	0.090	0.093	0.092	0.094	0.091	0.091	0.091	0.092	0.094	0.093	0.092	0.091	0.091
20:00:32	21.7	0.091	0.090	0.092	0.091	0.091	0.091	0.091	0.092	0.092	0.093	0.091	0.091	0.091	0.650	1.098	0.640	0.652	1.072	0.686	0.677	1.083	0.667	1.078	0.092	0.090	0.649	0.616	1.072	1.076	0.665	0.669	0.672	0.681	1.090	0.679	0.092	0.090	1.054	0.600	0.654	0.647	0.662	1.081	1.102	0.652	0.687	0.685	0.092	0.094	0.620	1.093	0.660	1.096	0.647	1.102	0.658	1.091	0.685	0.681	0.091	0.093	1.099	0.680	0.667	0.653	1.079	0.653	1.100	0.691	0.692	0.691	0.090	0.094	0.614	0.672	1.095	0.660	0.683	0.673	0.668	0.693	0.679	0.668	0.091	0.093	0.092	0.094	0.091	0.091	0.090	0.092	0.094	0.094	0.092	0.091	0.091
21:00:28	22.0	0.091	0.089	0.092	0.091	0.091	0.091	0.091	0.091	0.092	0.093	0.091	0.090	0.091	0.681	1.063	0.671	0.678	1.069	0.716	0.705	1.081	0.698	1.080	0.092	0.090	0.679	0.651	1.074	1.065	0.698	0.696	0.701	0.713	1.091	0.711	0.091	0.090	1.037	0.631	0.686	0.672	0.693	1.060	1.067	0.683	0.714	0.723	0.092	0.094	0.654	1.065	0.692	1.094	0.675	1.103	0.688	1.092	0.724	0.708	0.090	0.093	1.073	0.690	0.700	0.688	1.079	0.685	1.100	0.710	0.709	0.715	0.090	0.093	0.648	0.698	1.079	0.691	0.713	0.706	0.697	0.722	0.704	0.702	0.090	0.093	0.092	0.094	0.091	0.090	0.090	0.092	0.093	0.093	0.091	0.090	0.091
22:00:27	22.4	0.091	0.090	0.092	0.091	0.091	0.092	0.091	0.092	0.092	0.093	0.091	0.091	0.091	0.704	1.062	0.687	0.703	1.073	0.753	0.707	1.086	0.714	1.087	0.092	0.090	0.707	0.680	1.081	1.075	0.713	0.711	0.719	0.758	1.098	0.713	0.092	0.091	1.047	0.659	0.714	0.693	0.715	1.065	1.068	0.700	0.736	0.731	0.092	0.095	0.683	1.067	0.703	1.098	0.702	1.108	0.709	1.101	0.722	0.720	0.091	0.094	1.077	0.711	0.705	0.709	1.090	0.709	1.107	0.747	0.744	0.739	0.091	0.094	0.679	0.705	1.078	0.705	0.719	0.720	0.716	0.752	0.738	0.720	0.091	0.093	0.092	0.094	0.091	0.091	0.090	0.092	0.094	0.094	0.092	0.091	0.091
23:00:27	22.8	0.091	0.090	0.092	0.091	0.091	0.091	0.091	0.092	0.092	0.093	0.091	0.091	0.091	0.717	1.076	0.707	0.703	1.075	0.764	0.731	1.091	0.732	1.094	0.092	0.090	0.722	0.702	1.085	1.085	0.716	0.723	0.724	0.748	1.105	0.742	0.092	0.090	1.062	0.682	0.714	0.707	0.710	1.079	1.082	0.717	0.762	0.764	0.092	0.094	0.705	1.079	0.712	1.103	0.715	1.113	0.722	1.108	0.766	0.769	0.090	0.094	1.086	0.735	0.720	0.711	1.101	0.736	1.116	0.771	0.762	0.764	0.091	0.094	0.687	0.733	1.089	0.725	0.740	0.736	0.746	0.784	0.761	0.745	0.090	0.093	0.092	0.094	0.091	0.090	0.090	0.092	0.094	0.093	0.092	0.091	0.091
24:00:28	23.1	0.091	0.090	0.092	0.091	0.091	0.091	0.091	0.092	0.092	0.093	0.091	0.091	0.091	0.711	1.088	0.728	0.723	1.085	0.807	0.759	1.100	0.752	1.105	0.092	0.090	0.709	0.716	1.090	1.095	0.741	0.746	0.744	0.797	1.114	0.771	0.091	0.090	1.082	0.699	0.723	0.725	0.735	1.094	1.096	0.742	0.807	0.795	0.092	0.094	0.711	1.092	0.727	1.111	0.733	1.124	0.739	1.123	0.852	0.783	0.090	0.094	1.097	0.751	0.736	0.730	1.111	0.750	1.127	0.788	0.779	0.779	0.091	0.099	0.712	0.748	1.102	0.742	0.767	0.757	0.765	0.789	0.778	0.774	0.090	0.093	0.092	0.094	0.091	0.091	0.091	0.092	0.094	0.094	0.091	0.090	0.091
25:00:29	23.3	0.091	0.090	0.092	0.091	0.091	0.091	0.091	0.092	0.092	0.093	0.091	0.091	0.091	0.722	1.101	0.742	0.737	1.106	0.815	0.774	1.121	0.763	1.131	0.092	0.090	0.728	0.717	1.101	1.104	0.747	0.755	0.754	0.780	1.126	0.779	0.092	0.090	1.099	0.703	0.731	0.735	0.743	1.104	1.105	0.779	0.812	0.796	0.092	0.094	0.728	1.102	0.742	1.133	0.747	1.165	0.748	1.171	0.844	0.794	0.091	0.093	1.109	0.774	0.754	0.742	1.138	0.763	1.156	0.794	0.793	0.785	0.091	0.094	0.727	0.764	1.111	0.781	0.783	0.782	0.780	0.800	0.783	0.782	0.091	0.093	0.092	0.094	0.091	0.091	0.091	0.092	0.094	0.094	0.092	0.091	0.091
26:00:31	23.4	0.091	0.090	0.092	0.091	0.091	0.091	0.091	0.092	0.092	0.093	0.091	0.091	0.091	0.730	1.106	0.750	0.751	1.153	0.810	0.786	1.173	0.773	1.190	0.092	0.090	0.732	0.715	1.131	1.123	0.754	0.762	0.768	0.783	1.158	0.781	0.092	0.090	1.105	0.711	0.729	0.741	0.748	1.109	1.111	0.762	0.811	0.806	0.092	0.094	0.736	1.107	0.750	1.192	0.750	1.162	0.765	1.150	0.838	0.793	0.090	0.094	1.116	0.778	0.765	0.754	1.172	0.771	1.188	0.794	0.789	0.787	0.091	0.094	0.738	0.773	1.118	0.773	0.788	0.781	0.780	0.797	0.792	0.789	0.091	0.093	0.093	0.094	0.091	0.091	0.091	0.092	0.094	0.094	0.092	0.091	0.091
27:00:31	23.5	0.091	0.089	0.092	0.091	0.091	0.091	0.091	0.092	0.092	0.093	0.091	0.091	0.091	0.731	1.110	0.745	0.754	1.117	0.806	0.784	1.129	0.776	1.133	0.092	0.090	0.738	0.707	1.145	1.173	0.757	0.767	0.775	0.783	1.184	0.778	0.092	0.090	1.111	0.716	0.732	0.745	0.753	1.112	1.113	0.762	0.809	0.802	0.092	0.094	0.739	1.115	0.753	1.155	0.753	1.155	0.770	1.153	0.836	0.791	0.090	0.093	1.139	0.764	0.781	0.756	1.151	0.779	1.161	0.793	0.792	0.787	0.091	0.094	0.743	0.778	1.122	0.772	0.792	0.782	0.779	0.801	0.793	0.790	0.091	0.093	0.092	0.094	0.091	0.091	0.090	0.092	0.094	0.094	0.092	0.090	0.091
28:00:33	23.4	0.091	0.090	0.092	0.091	0.091	0.092	0.091	0.092	0.092	0.093	0.091	0.091	0.091	0.732	1.114	0.746	0.750	1.125	0.801	0.779	1.137	0.782	1.141	0.092	0.090	0.738	0.712	1.138	1.139	0.754	0.756	0.775	0.777	1.145	0.775	0.092	0.090	1.114	0.716	0.742	0.744	0.750	1.114	1.116	0.762	0.811	0.795	0.092	0.094	0.738	1.138	0.745	1.156	0.748	1.156	0.772	1.155	0.838	0.794	0.091	0.093	1.179	0.760	0.769	0.750	1.159	0.770	1.171	0.792	0.791	0.788	0.091	0.094	0.745	0.774	1.127	0.772	0.784	0.779	0.780	0.797	0.791	0.791	0.091	0.093	0.092	0.094	0.091	0.091	0.090	0.092	0.094	0.094	0.092	0.091	0.091
29:00:34	23.3	0.091	0.090	0.092	0.091	0.091	0.092	0.091	0.092	0.092	0.094	0.091	0.091	0.091	0.728	1.126	0.747	0.745	1.128	0.796	0.770	1.137	0.775	1.142	0.092	0.090	0.735	0.715	1.141	1.150	0.745	0.750	0.799	0.771	1.155	0.763	0.092	0.090	1.123	0.715	0.735	0.737	0.747	1.120	1.119	0.761	0.796	0.796	0.092	0.094	0.734	1.149	0.741	1.155	0.746	1.159	0.767	1.158	0.830	0.788	0.090	0.093	1.172	0.754	0.762	0.750	1.160	0.768	1.175	0.790	0.778	0.779	0.091	0.094	0.742	0.768	1.134	0.768	0.781	0.782	0.777	0.793	0.790	0.786	0.091	0.093	0.092	0.094	0.091	0.091	0.091	0.092	0.094	0.094	0.092	0.091	0.091
30:00:35	23.1	0.091	0.089	0.092	0.091	0.091	0.091	0.091	0.092	0.092	0.093	0.091	0.091	0.091	0.726	1.160	0.748	0.740	1.133	0.783	0.764	1.142	0.766	1.149	0.092	0.090	0.725	0.719	1.144	1.152	0.740	0.741	0.787	0.764	1.157	0.763	0.092	0.090	1.130	0.710	0.733	0.731	0.740	1.127	1.125	0.752	0.787	0.787	0.092	0.094	0.732	1.169	0.737	1.156	0.743	1.165	0.754	1.165	0.818	0.781	0.090	0.093	1.186	0.746	0.755	0.742	1.164	0.760	1.179	0.767	0.773	0.770	0.091	0.094	0.744	0.763	1.145	0.759	0.776	0.768	0.765	0.796	0.785	0.779	0.090	0.093	0.093	0.094	0.091	0.091	0.090	0.092	0.094	0.094	0.092	0.091	0.091
31:00:35	22.9	0.091	0.089	0.092	0.091	0.091	0.091	0.091	0.092	0.092	0.093	0.091	0.091	0.091	0.728	1.160	0.739	0.732	1.147	0.775	0.757	1.155	0.759	1.161	0.092	0.090	0.725	0.719	1.152	1.156	0.739	0.733	0.778	0.759	1.163	0.757	0.091	0.090	1.140	0.709	0.725	0.729	0.735	1.137	1.137	0.743	0.814	0.784	0.092	0.094	0.732	1.174	0.732	1.164	0.737	1.178	0.746	1.181	0.809	0.773	0.090	0.094	1.185	0.742	0.750	0.740	1.173	0.758	1.189	0.758	0.769	0.763	0.091	0.094	0.769	0.760	1.184	0.749	0.763	0.758	0.762	0.793	0.773	0.770	0.090	0.093	0.092	0.094	0.091	0.091	0.091	0.092	0.094	0.094	0.092	0.090	0.091
32:00:37	22.7	0.091	0.090	0.092	0.091	0.091	0.091	0.091	0.092	0.092	0.093	0.091	0.091	0.091	0.722	1.174	0.735	0.728	1.161	0.769	0.748	1.169	0.751	1.176	0.092	0.090	0.721	0.714	1.160	1.159	0.731	0.727	0.774	0.751	1.169	0.752	0.092	0.090	1.152	0.707	0.719	0.726	0.725	1.156	1.157	0.736	0.809	0.772	0.092	0.095	0.725	1.174	0.720	1.172	0.732	1.192	0.736	1.200	0.803	0.770	0.090	0.094	1.186	0.736	0.744	0.734	1.182	0.747	1.199	0.752	0.764	0.759	0.090	0.094	0.738	0.748	1.169	0.737	0.758	0.748	0.749	0.787	0.767	0.763	0.091	0.093	0.092	0.094	0.091	0.091	0.090	0.092	0.094	0.094	0.092	0.091	0.091
33:00:37	22.5	0.091	0.090	0.092	0.091	0.091	0.092	0.091	0.092	0.092	0.094	0.091	0.091	0.091	0.717	1.181	0.735	0.723	1.183	0.767	0.743	1.191	0.746	1.205	0.092	0.090	0.715	0.709	1.173	1.168	0.728	0.725	0.766	0.747	1.181	0.749	0.092	0.091	1.175	0.706	0.717	0.722	0.724	1.185	1.109	0.730	0.802	0.770	0.092	0.095	0.721	1.177	0.720	1.188	0.724	1.216	0.733	1.238	0.801	0.763	0.091	0.094	1.187	0.739	0.738	0.726	1.197	0.739	1.218	0.747	0.761	0.760	0.091	0.094	0.735	0.743	1.211	0.731	0.754	0.743	0.743	0.784	0.763	0.756	0.091	0.093	0.092	0.094	0.091	0.091	0.091	0.092	0.094	0.094	0.092	0.091	0.091
34:00:39	22.3	0.091	0.089	0.092	0.091	0.091	0.091	0.091	0.092	0.092	0.093	0.091	0.090	0.091	0.720	1.186	0.726	0.717	1.219	0.764	0.739	1.233	0.739	1.256	0.092	0.089	0.712	0.705	1.191	1.181	0.721	0.719	0.762	0.742	1.199	0.745	0.091	0.090	1.246	0.702	0.715	0.720	0.724	1.171	1.158	0.726	0.800	0.769	0.092	0.094	0.717	1.183	0.718	1.219	0.731	1.252	0.727	1.296	0.796	0.762	0.090	0.093	1.193	0.737	0.735	0.723	1.227	0.739	1.254	0.747	0.760	0.760	0.091	0.094	0.729	0.742	1.217	0.723	0.751	0.742	0.736	0.784	0.757	0.751	0.090	0.093	0.092	0.094	0.091	0.091	0.090	0.092	0.094	0.094	0.091	0.090	0.091
35:00:39	22.0	0.091	0.090	0.093	0.091	0.091	0.092	0.091	0.092	0.092	0.093	0.091	0.091	0.091	0.719	1.194	0.725	0.718	1.267	0.764	0.741	1.283	0.734	1.308	0.092	0.090	0.711	0.703	1.216	1.202	0.739	0.716	0.754	0.744	1.229	0.744	0.092	0.091	1.207	0.703	0.713	0.712	0.719	1.206	1.201	0.722	0.801	0.767	0.092	0.095	0.718	1.194	0.728	1.268	0.728	1.311	0.725	1.354	0.797	0.765	0.090	0.094	1.206	0.737	0.736	0.721	1.276	0.743	1.311	0.749	0.762	0.763	0.091	0.094	0.728	0.743	1.228	0.722	0.746	0.743	0.734	0.785	0.756	0.748	0.091	0.093	0.092	0.094	0.091	0.091	0.091	0.092	0.094	0.094	0.092	0.091	0.091
36:00:40	21.8	0.091	0.090	0.092	0.091	0.091	0.092	0.091	0.092	0.092	0.093	0.091	0.091	0.091	0.717	1.201	0.725	0.718	1.325	0.768	0.741	1.343	0.738	1.345	0.092	0.090	0.708	0.704	1.248	1.228	0.753	0.716	0.755	0.747	1.283	0.749	0.092	0.090	1.224	0.702	0.712	0.712	0.717	1.215	1.216	0.722	0.805	0.771	0.092	0.095	0.719	1.208	0.721	1.331	0.727	1.374	0.727	1.291	0.799	0.768	0.090	0.094	1.226	0.737	0.737	0.723	1.338	0.744	1.372	0.752	0.766	0.767	0.091	0.094	0.729	0.743	1.242	0.721	0.749	0.747	0.736	0.790	0.756	0.750	0.091	0.093	0.092	0.094	0.091	0.091	0.090	0.092	0.094	0.094	0.092	0.091	0.091
37:00:41	21.6	0.091	0.090	0.093	0.091	0.091	0.092	0.091	0.092	0.092	0.093	0.091	0.091	0.091	0.720	1.214	0.727	0.720	1.320	0.774	0.747	1.388	0.737	1.334	0.092	0.090	0.714	0.703	1.306	1.276	0.754	0.717	0.758	0.750	1.349	0.755	0.092	0.091	1.235	0.700	0.727	0.715	0.722	1.223	1.227	0.725	0.810	0.777	0.092	0.095	0.721	1.230	0.726	1.364	0.729	1.328	0.732	1.292	0.802	0.775	0.091	0.094	1.249	0.741	0.740	0.730	1.286	0.747	1.325	0.757	0.773	0.774	0.091	0.094	0.729	0.770	1.260	0.724	0.753	0.752	0.740	0.797	0.762	0.752	0.091	0.093	0.092	0.094	0.091	0.091	0.091	0.092	0.094	0.094	0.092	0.091	0.091
38:00:42	21.3	0.091	0.090	0.093	0.091	0.091	0.092	0.091	0.092	0.093	0.093	0.091	0.091	0.091	0.726	1.228	0.731	0.723	1.295	0.781	0.754	1.293	0.742	1.287	0.093	0.090	0.729	0.705	1.381	1.340	0.759	0.729	0.764	0.754	1.384	0.762	0.092	0.091	1.247	0.704	0.736	0.720	0.735	1.237	1.243	0.735	0.816	0.786	0.092	0.095	0.722	1.251	0.731	1.301	0.735	1.321	0.740	1.310	0.806	0.780	0.091	0.094	1.282	0.747	0.747	0.734	1.320	0.753	1.334	0.765	0.780	0.782	0.091	0.094	0.730	0.786	1.275	0.730	0.766	0.761	0.752	0.803	0.767	0.759	0.091	0.093	0.092	0.094	0.091	0.091	0.091	0.092	0.094	0.094	0.092	0.091	0.091
39:00:43	21.1	0.091	0.090	0.092	0.091	0.091	0.092	0.091	0.092	0.092	0.093	0.091	0.091	0.091	0.733	1.244	0.735	0.728	1.292	0.790	0.763	1.305	0.748	1.291	0.092	0.090	0.730	0.711	1.310	1.394	0.762	0.733	0.770	0.762	1.351	0.771	0.092	0.091	1.259	0.712	0.760	0.725	0.739	1.250	1.256	0.744	0.823	0.798	0.092	0.094	0.726	1.274	0.739	1.315	0.742	1.319	0.748	1.312	0.812	0.788	0.090	0.093	1.329	0.754	0.755	0.747	1.319	0.757	1.337	0.773	0.790	0.792	0.091	0.094	0.737	0.797	1.284	0.736	0.784	0.771	0.760	0.812	0.778	0.765	0.091	0.093	0.092	0.094	0.091	0.091	0.091	0.092	0.094	0.094	0.092	0.091	0.091
40:00:45	20.9	0.091	0.090	0.093	0.092	0.091	0.092	0.091	0.092	0.092	0.094	0.091	0.091	0.091	0.742	1.259	0.742	0.736	1.296	0.800	0.774	1.304	0.758	1.292	0.093	0.090	0.739	0.730	1.314	1.314	0.769	0.740	0.777	0.772	1.313	0.784	0.092	0.091	1.266	0.717	0.778	0.733	0.746	1.258	1.266	0.749	0.832	0.811	0.092	0.095	0.732	1.300	0.751	1.315	0.749	1.319	0.758	1.313	0.818	0.799	0.091	0.094	1.335	0.764	0.765	0.754	1.319	0.766	1.337	0.785	0.801	0.803	0.091	0.094	0.744	0.802	1.293	0.747	0.795	0.783	0.771	0.822	0.790	0.777	0.091	0.093	0.093	0.094	0.091	0.091	0.091	0.092	0.094	0.094	0.092	0.091	0.092
41:00:45	20.9	0.091	0.090	0.093	0.092	0.091	0.092	0.091	0.092	0.093	0.094	0.091	0.091	0.091	0.752	1.276	0.749	0.746	1.297	0.810	0.785	1.306	0.767	1.293	0.093	0.090	0.758	0.734	1.319	1.328	0.776	0.751	0.786	0.788	1.325	0.792	0.092	0.091	1.272	0.723	0.788	0.742	0.755	1.270	1.278	0.758	0.838	0.819	0.092	0.095	0.738	1.350	0.767	1.316	0.759	1.322	0.771	1.317	0.822	0.807	0.091	0.094	1.330	0.774	0.777	0.764	1.322	0.776	1.339	0.794	0.812	0.814	0.091	0.094	0.753	0.810	1.309	0.758	0.806	0.795	0.782	0.832	0.800	0.789	0.091	0.093	0.093	0.094	0.091	0.091	0.091	0.093	0.094	0.094	0.092	0.091	0.091
42:00:47	21.0	0.091	0.089	0.092	0.091	0.091	0.091	0.091	0.092	0.092	0.093	0.091	0.090	0.091	0.757	1.293	0.755	0.751	1.300	0.819	0.796	1.307	0.777	1.296	0.092	0.090	0.762	0.746	1.322	1.332	0.783	0.761	0.794	0.794	1.328	0.802	0.092	0.090	1.280	0.727	0.797	0.751	0.764	1.281	1.290	0.769	0.845	0.829	0.092	0.095	0.741	1.278	0.778	1.319	0.767	1.323	0.781	1.323	0.826	0.816	0.090	0.093	1.345	0.782	0.788	0.773	1.323	0.784	1.343	0.803	0.822	0.824	0.091	0.094	0.761	0.820	1.320	0.767	0.818	0.807	0.797	0.841	0.814	0.801	0.091	0.093	0.092	0.094	0.091	0.091	0.091	0.092	0.094	0.094	0.091	0.091	0.091
43:00:46	21.3	0.091	0.090	0.092	0.091	0.091	0.092	0.091	0.092	0.092	0.093	0.091	0.091	0.091	0.765	1.313	0.763	0.758	1.307	0.826	0.805	1.313	0.787	1.302	0.092	0.090	0.766	0.749	1.327	1.333	0.791	0.771	0.802	0.804	1.331	0.810	0.092	0.090	1.289	0.733	0.805	0.759	0.773	1.291	1.304	0.778	0.851	0.836	0.092	0.095	0.749	1.330	0.787	1.322	0.774	1.327	0.790	1.330	0.829	0.825	0.090	0.094	1.345	0.792	0.798	0.784	1.329	0.792	1.347	0.812	0.831	0.833	0.091	0.094	0.770	0.829	1.333	0.780	0.826	0.816	0.806	0.851	0.826	0.813	0.091	0.093	0.092	0.094	0.091	0.091	0.091	0.092	0.094	0.094	0.092	0.091	0.091
44:00:48	21.8	0.091	0.090	0.092	0.091	0.091	0.091	0.091	0.092	0.092	0.093	0.091	0.091	0.091	0.802	1.345	0.770	0.766	1.311	0.832	0.814	1.317	0.796	1.312	0.092	0.090	0.770	0.753	1.328	1.334	0.796	0.779	0.809	0.812	1.334	0.821	0.092	0.091	1.300	0.750	0.811	0.766	0.781	1.310	1.321	0.785	0.855	0.844	0.092	0.095	0.754	1.353	0.795	1.328	0.781	1.333	0.798	1.342	0.831	0.831	0.090	0.094	1.350	0.800	0.807	0.792	1.335	0.801	1.354	0.820	0.839	0.841	0.091	0.094	0.778	0.838	1.350	0.789	0.835	0.826	0.816	0.859	0.836	0.822	0.091	0.093	0.093	0.094	0.091	0.091	0.091	0.092	0.094	0.094	0.092	0.090	0.091
45:00:50	22.5	0.091	0.090	0.093	0.091	0.091	0.092	0.091	0.092	0.092	0.094	0.091	0.091	0.091	0.805	1.263	0.776	0.773	1.321	0.835	0.823	1.328	0.806	1.330	0.092	0.090	0.771	0.755	1.336	1.337	0.801	0.787	0.813	0.817	1.341	0.826	0.092	0.091	1.313	0.755	0.818	0.774	0.788	1.325	1.338	0.792	0.858	0.849	0.093	0.095	0.759	1.359	0.803	1.334	0.785	1.340	0.802	1.371	0.832	0.837	0.090	0.093	1.350	0.806	0.818	0.799	1.343	0.807	1.364	0.827	0.846	0.848	0.091	0.094	0.786	0.845	1.368	0.798	0.842	0.833	0.827	0.866	0.844	0.831	0.091	0.093	0.092	0.094	0.091	0.091	0.091	0.092	0.094	0.094	0.092	0.091	0.091
46:00:55	23.2	0.091	0.090	0.092	0.091	0.091	0.092	0.091	0.092	0.092	0.093	0.091	0.091	0.091	0.807	1.306	0.781	0.779	1.336	0.833	0.826	1.341	0.811	1.337	0.092	0.090	0.778	0.753	1.340	1.340	0.803	0.792	0.815	0.821	1.349	0.831	0.092	0.090	1.323	0.760	0.822	0.777	0.791	1.338	1.352	0.795	0.859	0.853	0.092	0.095	0.764	1.361	0.807	1.343	0.789	1.356	0.805	1.397	0.830	0.840	0.090	0.094	1.347	0.808	0.825	0.802	1.355	0.809	1.374	0.830	0.850	0.852	0.091	0.094	0.791	0.850	1.279	0.805	0.848	0.839	0.835	0.870	0.850	0.838	0.091	0.093	0.092	0.094	0.091	0.091	0.090	0.092	0.094	0.094	0.092	0.091	0.091
47:00:50	24.0	0.091	0.090	0.092	0.091	0.091	0.092	0.091	0.092	0.092	0.093	0.091	0.091	0.091	0.818	1.349	0.784	0.783	1.354	0.831	0.829	1.369	0.815	1.356	0.092	0.090	0.777	0.751	1.348	1.347	0.802	0.794	0.814	0.821	1.359	0.833	0.092	0.090	1.338	0.760	0.824	0.777	0.794	1.353	1.368	0.796	0.857	0.853	0.092	0.095	0.765	1.364	0.807	1.364	0.788	1.382	0.805	1.445	0.826	0.841	0.090	0.094	1.354	0.808	0.826	0.804	1.374	0.811	1.402	0.831	0.850	0.853	0.091	0.094	0.794	0.852	1.353	0.811	0.849	0.841	0.839	0.870	0.853	0.842	0.091	0.093	0.092	0.094	0.091	0.091	0.090	0.092	0.094	0.094	0.092	0.091	0.091
48:00:51	24.6	0.091	0.090	0.092	0.091	0.091	0.092	0.091	0.092	0.092	0.094	0.091	0.091	0.091	0.827	1.365	0.783	0.781	1.383	0.825	0.825	1.397	0.814	1.379	0.092	0.089	0.772	0.744	1.365	1.356	0.797	0.794	0.809	0.817	1.379	0.830	0.091	0.090	1.353	0.752	0.819	0.773	0.789	1.366	1.383	0.792	0.850	0.847	0.092	0.095	0.762	1.372	0.802	1.400	0.781	1.424	0.798	1.484	0.819	0.836	0.090	0.093	1.361	0.802	0.821	0.800	1.409	0.806	1.443	0.826	0.846	0.850	0.091	0.094	0.793	0.847	1.398	0.812	0.844	0.838	0.837	0.865	0.851	0.841	0.090	0.093	0.092	0.094	0.091	0.091	0.091	0.092	0.094	0.094	0.092	0.091	0.091
49:00:52	24.9	0.091	0.090	0.092	0.091	0.091	0.092	0.091	0.092	0.093	0.094	0.091	0.091	0.091	0.820	1.381	0.777	0.776	1.422	0.816	0.820	1.448	0.807	1.419	0.093	0.090	0.765	0.733	1.385	1.378	0.787	0.786	0.798	0.807	1.421	0.824	0.092	0.091	1.370	0.741	0.808	0.763	0.781	1.334	1.337	0.780	0.838	0.840	0.092	0.095	0.759	1.379	0.792	1.419	0.770	1.465	0.785	1.433	0.808	0.829	0.091	0.093	1.371	0.792	0.813	0.794	1.406	0.799	1.464	0.819	0.838	0.842	0.091	0.094	0.788	0.838	1.427	0.808	0.836	0.832	0.832	0.857	0.846	0.839	0.090	0.093	0.092	0.094	0.091	0.091	0.091	0.092	0.094	0.094	0.092	0.091	0.091
50:00:54	25.1	0.091	0.090	0.093	0.092	0.091	0.092	0.091	0.092	0.092	0.094	0.091	0.091	0.091	0.810	1.388	0.766	0.766	1.420	0.803	0.809	1.499	0.797	1.469	0.092	0.090	0.755	0.719	1.407	1.412	0.773	0.776	0.785	0.796	1.466	0.815	0.092	0.090	1.384	0.726	0.792	0.750	0.769	1.351	1.379	0.765	0.825	0.829	0.093	0.095	0.751	1.389	0.778	1.418	0.753	1.425	0.772	1.440	0.795	0.818	0.091	0.094	1.391	0.782	0.800	0.782	1.423	0.788	1.444	0.809	0.828	0.833	0.091	0.094	0.782	0.828	1.427	0.797	0.824	0.823	0.823	0.847	0.838	0.832	0.091	0.093	0.093	0.094	0.091	0.091	0.091	0.092	0.094	0.094	0.092	0.091	0.091
51:00:55	25.1	0.091	0.090	0.093	0.091	0.091	0.092	0.091	0.092	0.092	0.094	0.091	0.090	0.091	0.802	1.393	0.751	0.752	1.426	0.790	0.797	1.506	0.784	1.438	0.093	0.090	0.742	0.703	1.430	1.436	0.758	0.764	0.770	0.782	1.491	0.804	0.092	0.091	1.399	0.710	0.774	0.735	0.756	1.396	1.400	0.753	0.810	0.817	0.093	0.095	0.740	1.398	0.765	1.422	0.736	1.433	0.756	1.443	0.783	0.807	0.091	0.094	1.421	0.774	0.786	0.771	1.432	0.774	1.450	0.796	0.816	0.821	0.091	0.094	0.776	0.813	1.430	0.787	0.812	0.813	0.812	0.834	0.829	0.824	0.091	0.093	0.093	0.094	0.091	0.091	0.091	0.092	0.094	0.094	0.092	0.091	0.091
52:00:57	25.2	0.091	0.090	0.092	0.091	0.091	0.092	0.091	0.092	0.092	0.094	0.091	0.091	0.091	0.792	1.393	0.734	0.742	1.406	0.775	0.783	1.425	0.772	1.451	0.092	0.090	0.729	0.690	1.435	1.455	0.743	0.748	0.754	0.766	1.500	0.795	0.092	0.091	1.375	0.691	0.756	0.720	0.742	1.401	1.406	0.736	0.796	0.804	0.093	0.095	0.726	1.403	0.745	1.424	0.717	1.434	0.741	1.448	0.768	0.794	0.091	0.093	1.442	0.764	0.767	0.759	1.433	0.760	1.451	0.785	0.804	0.809	0.091	0.094	0.767	0.799	1.429	0.775	0.799	0.802	0.800	0.822	0.818	0.814	0.091	0.093	0.092	0.094	0.091	0.091	0.091	0.092	0.094	0.094	0.092	0.091	0.091
53:00:58	25.1	0.091	0.090	0.092	0.091	0.091	0.092	0.091	0.092	0.092	0.093	0.091	0.091	0.091	0.776	1.403	0.720	0.727	1.401	0.763	0.769	1.421	0.761	1.439	0.092	0.090	0.711	0.675	1.418	1.463	0.725	0.730	0.740	0.751	1.469	0.785	0.092	0.090	1.405	0.674	0.733	0.700	0.727	1.406	1.410	0.723	0.783	0.793	0.092	0.095	0.716	1.410	0.729	1.430	0.702	1.430	0.727	1.446	0.756	0.783	0.090	0.094	1.477	0.750	0.755	0.748	1.434	0.747	1.451	0.772	0.793	0.799	0.091	0.094	0.755	0.785	1.435	0.766	0.787	0.791	0.792	0.810	0.809	0.807	0.091	0.093	0.092	0.094	0.091	0.091	0.091	0.092	0.094	0.094	0.092	0.091	0.092
54:00:58	24.8	0.091	0.090	0.093	0.092	0.091	0.092	0.091	0.092	0.092	0.094	0.091	0.091	0.091	0.761	1.411	0.708	0.724	1.403	0.752	0.758	1.419	0.749	1.434	0.092	0.090	0.692	0.660	1.415	1.436	0.715	0.717	0.729	0.741	1.455	0.776	0.092	0.090	1.427	0.659	0.722	0.688	0.727	1.400	1.407	0.713	0.771	0.781	0.092	0.095	0.705	1.416	0.716	1.428	0.686	1.428	0.715	1.440	0.745	0.773	0.090	0.094	1.438	0.740	0.743	0.733	1.428	0.737	1.445	0.762	0.784	0.790	0.091	0.094	0.752	0.776	1.443	0.765	0.777	0.783	0.786	0.802	0.804	0.804	0.091	0.093	0.092	0.094	0.091	0.091	0.091	0.092	0.094	0.094	0.092	0.091	0.091
55:00:59	24.3	0.091	0.090	0.093	0.091	0.091	0.092	0.091	0.092	0.092	0.093	0.091	0.091	0.091	0.765	1.421	0.697	0.717	1.408	0.752	0.753	1.414	0.748	1.438	0.093	0.090	0.681	0.646	1.418	1.415	0.711	0.710	0.723	0.737	1.455	0.771	0.092	0.091	1.432	0.651	0.711	0.677	0.727	1.396	1.404	0.707	0.762	0.774	0.092	0.095	0.699	1.402	0.708	1.422	0.679	1.427	0.712	1.439	0.739	0.767	0.090	0.094	1.412	0.734	0.737	0.725	1.427	0.730	1.444	0.754	0.780	0.783	0.091	0.094	0.754	0.769	1.447	0.761	0.773	0.779	0.786	0.798	0.803	0.806	0.091	0.093	0.092	0.094	0.091	0.091	0.090	0.092	0.094	0.094	0.092	0.091	0.091
56:01:00	24.1	0.091	0.090	0.093	0.091	0.091	0.092	0.091	0.092	0.092	0.093	0.091	0.091	0.091	0.759	1.431	0.694	0.719	1.418	0.749	0.749	1.414	0.745	1.441	0.092	0.090	0.675	0.640	1.414	1.412	0.710	0.707	0.723	0.736	1.450	0.768	0.092	0.091	1.428	0.653	0.708	0.673	0.721	1.394	1.403	0.703	0.757	0.773	0.092	0.095	0.698	1.411	0.705	1.421	0.673	1.425	0.709	1.440	0.736	0.765	0.090	0.094	1.419	0.735	0.738	0.720	1.430	0.727	1.446	0.751	0.779	0.785	0.091	0.094	0.746	0.768	1.450	0.769	0.774	0.779	0.786	0.797	0.804	0.810	0.091	0.093	0.093	0.094	0.091	0.091	0.090	0.092	0.094	0.094	0.092	0.091	0.091
57:01:02	23.8	0.091	0.090	0.093	0.091	0.091	0.092	0.091	0.092	0.092	0.093	0.091	0.091	0.091	0.760	1.446	0.695	0.716	1.420	0.751	0.750	1.418	0.749	1.448	0.092	0.090	0.683	0.639	1.412	1.408	0.714	0.708	0.724	0.734	1.444	0.766	0.092	0.091	1.424	0.647	0.705	0.673	0.720	1.392	1.402	0.707	0.755	0.776	0.092	0.095	0.719	1.409	0.708	1.421	0.679	1.427	0.712	1.444	0.736	0.768	0.090	0.094	1.414	0.737	0.740	0.719	1.428	0.727	1.446	0.750	0.779	0.789	0.091	0.094	0.750	0.769	1.450	0.781	0.775	0.780	0.789	0.799	0.808	0.818	0.091	0.093	0.093	0.094	0.091	0.091	0.091	0.092	0.094	0.094	0.092	0.091	0.091
58:01:02	23.6	0.091	0.090	0.093	0.091	0.091	0.092	0.091	0.092	0.092	0.094	0.091	0.091	0.091	0.763	1.462	0.698	0.718	1.433	0.757	0.756	1.433	0.754	1.443	0.092	0.090	0.685	0.636	1.411	1.405	0.717	0.714	0.730	0.736	1.438	0.770	0.092	0.090	1.420	0.650	0.710	0.677	0.725	1.393	1.402	0.720	0.757	0.777	0.092	0.095	0.729	1.404	0.708	1.422	0.684	1.430	0.713	1.449	0.739	0.771	0.090	0.094	1.412	0.741	0.743	0.722	1.432	0.729	1.450	0.753	0.782	0.792	0.091	0.094	0.757	0.773	1.452	0.785	0.781	0.784	0.794	0.802	0.814	0.827	0.091	0.093	0.093	0.094	0.091	0.091	0.091	0.092	0.094	0.094	0.092	0.091	0.091
59:01:03	23.3	0.091	0.090	0.093	0.091	0.091	0.092	0.092	0.092	0.092	0.094	0.091	0.091	0.091	0.777	1.483	0.705	0.722	1.444	0.763	0.763	1.438	0.761	1.452	0.093	0.090	0.698	0.640	1.414	1.406	0.726	0.731	0.738	0.743	1.437	0.777	0.092	0.091	1.418	0.666	0.715	0.685	0.730	1.394	1.404	0.723	0.763	0.783	0.093	0.095	0.734	1.398	0.716	1.429	0.691	1.438	0.716	1.458	0.746	0.778	0.091	0.094	1.411	0.749	0.754	0.733	1.438	0.736	1.458	0.757	0.789	0.799	0.091	0.094	0.769	0.781	1.459	0.793	0.788	0.791	0.801	0.808	0.823	0.838	0.091	0.093	0.092	0.094	0.091	0.091	0.091	0.093	0.094	0.094	0.092	0.091	0.091
60:01:04	23.0	0.091	0.090	0.092	0.092	0.091	0.092	0.091	0.092	0.092	0.094	0.091	0.091	0.091	0.791	1.506	0.709	0.727	1.452	0.769	0.770	1.448	0.767	1.469	0.092	0.090	0.697	0.641	1.417	1.409	0.736	0.728	0.761	0.749	1.440	0.782	0.092	0.091	1.418	0.681	0.726	0.690	0.740	1.398	1.408	0.724	0.767	0.789	0.092	0.095	0.735	1.400	0.726	1.437	0.697	1.444	0.720	1.470	0.754	0.786	0.090	0.094	1.412	0.758	0.761	0.738	1.447	0.741	1.470	0.763	0.795	0.807	0.091	0.094	0.782	0.789	1.467	0.800	0.796	0.798	0.808	0.813	0.834	0.849	0.091	0.093	0.092	0.094	0.091	0.091	0.091	0.092	0.094	0.094	0.092	0.091	0.091
61:01:05	22.7	0.091	0.089	0.092	0.091	0.091	0.092	0.091	0.092	0.092	0.094	0.091	0.091	0.091	0.814	1.482	0.715	0.732	1.462	0.776	0.779	1.464	0.774	1.479	0.092	0.090	0.711	0.652	1.427	1.416	0.747	0.737	0.773	0.757	1.450	0.791	0.092	0.090	1.423	0.691	0.739	0.695	0.748	1.402	1.414	0.730	0.775	0.798	0.092	0.095	0.743	1.397	0.734	1.426	0.701	1.446	0.725	1.478	0.761	0.796	0.090	0.093	1.415	0.768	0.770	0.748	1.422	0.751	1.467	0.771	0.804	0.816	0.091	0.094	0.796	0.799	1.480	0.807	0.806	0.807	0.816	0.821	0.843	0.859	0.091	0.093	0.093	0.094	0.091	0.091	0.090	0.092	0.094	0.094	0.092	0.091	0.091
62:01:07	22.4	0.091	0.090	0.093	0.091	0.091	0.092	0.091	0.092	0.092	0.093	0.091	0.091	0.091	0.826	1.400	0.723	0.738	1.476	0.785	0.788	1.477	0.782	1.488	0.092	0.090	0.723	0.674	1.438	1.424	0.763	0.746	0.779	0.765	1.458	0.800	0.092	0.091	1.428	0.697	0.745	0.698	0.759	1.412	1.425	0.734	0.783	0.807	0.093	0.095	0.751	1.405	0.746	1.433	0.707	1.455	0.731	1.479	0.770	0.810	0.091	0.094	1.420	0.780	0.779	0.758	1.427	0.758	1.473	0.780	0.811	0.824	0.091	0.094	0.808	0.809	1.488	0.814	0.814	0.817	0.825	0.827	0.854	0.870	0.091	0.093	0.092	0.094	0.091	0.091	0.091	0.092	0.094	0.094	0.092	0.091	0.091
63:01:07	22.2	0.091	0.090	0.093	0.092	0.091	0.092	0.091	0.092	0.092	0.094	0.091	0.091	0.091	0.837	1.412	0.728	0.746	1.490	0.792	0.796	1.487	0.791	1.495	0.092	0.090	0.738	0.696	1.446	1.432	0.777	0.757	0.789	0.776	1.465	0.812	0.092	0.091	1.433	0.704	0.757	0.702	0.774	1.416	1.432	0.741	0.790	0.816	0.093	0.095	0.761	1.403	0.757	1.438	0.714	1.457	0.735	1.469	0.780	0.819	0.091	0.094	1.428	0.790	0.789	0.768	1.428	0.767	1.471	0.789	0.818	0.832	0.091	0.094	0.818	0.818	1.449	0.824	0.828	0.827	0.832	0.836	0.863	0.878	0.091	0.093	0.093	0.094	0.091	0.091	0.091	0.093	0.094	0.094	0.092	0.091	0.091
64:01:09	22.0	0.091	0.089	0.092	0.091	0.091	0.092	0.091	0.092	0.092	0.093	0.091	0.090	0.091	0.853	1.412	0.733	0.752	1.496	0.798	0.804	1.492	0.796	1.501	0.092	0.090	0.756	0.707	1.454	1.438	0.797	0.769	0.795	0.783	1.471	0.819	0.092	0.090	1.439	0.712	0.766	0.706	0.784	1.420	1.440	0.747	0.797	0.824	0.092	0.094	0.769	1.406	0.766	1.441	0.718	1.460	0.739	1.454	0.789	0.826	0.090	0.093	1.432	0.800	0.795	0.775	1.427	0.774	1.472	0.796	0.825	0.840	0.090	0.094	0.827	0.827	1.424	0.829	0.836	0.837	0.839	0.842	0.870	0.887	0.091	0.093	0.092	0.094	0.091	0.090	0.090	0.092	0.094	0.094	0.092	0.091	0.091
65:01:10	21.9	0.091	0.090	0.092	0.091	0.091	0.091	0.091	0.092	0.092	0.093	0.091	0.091	0.091	0.865	1.413	0.741	0.760	1.506	0.804	0.812	1.505	0.805	1.516	0.092	0.090	0.780	0.722	1.464	1.442	0.803	0.794	0.801	0.792	1.478	0.828	0.092	0.090	1.444	0.718	0.775	0.714	0.795	1.425	1.451	0.749	0.805	0.832	0.092	0.094	0.776	1.410	0.775	1.439	0.723	1.456	0.743	1.437	0.796	0.834	0.090	0.094	1.439	0.809	0.803	0.782	1.432	0.782	1.462	0.804	0.833	0.847	0.091	0.094	0.838	0.837	1.434	0.834	0.843	0.846	0.844	0.850	0.877	0.894	0.091	0.093	0.093	0.094	0.091	0.091	0.091	0.092	0.094	0.094	0.092	0.091	0.091
66:01:11	22.0	0.091	0.090	0.093	0.091	0.091	0.092	0.091	0.092	0.092	0.093	0.091	0.091	0.091	0.874	1.413	0.748	0.766	1.486	0.810	0.821	1.519	0.809	1.533	0.092	0.090	0.804	0.741	1.476	1.448	0.807	0.800	0.807	0.799	1.488	0.833	0.092	0.091	1.451	0.723	0.782	0.717	0.800	1.434	1.450	0.755	0.809	0.836	0.092	0.095	0.783	1.414	0.782	1.429	0.728	1.439	0.747	1.437	0.803	0.839	0.091	0.094	1.449	0.820	0.807	0.789	1.437	0.789	1.450	0.808	0.838	0.852	0.091	0.094	0.845	0.844	1.450	0.839	0.850	0.853	0.849	0.857	0.882	0.899	0.091	0.093	0.093	0.094	0.091	0.091	0.091	0.092	0.094	0.094	0.092	0.091	0.091
67:01:13	22.3	0.091	0.090	0.093	0.091	0.091	0.092	0.091	0.092	0.092	0.094	0.091	0.091	0.091	0.880	1.416	0.752	0.772	1.466	0.815	0.825	1.525	0.813	1.539	0.092	0.090	0.812	0.749	1.487	1.453	0.810	0.805	0.809	0.804	1.497	0.838	0.092	0.090	1.461	0.727	0.787	0.722	0.804	1.436	1.436	0.756	0.814	0.840	0.093	0.095	0.787	1.418	0.788	1.424	0.731	1.439	0.751	1.436	0.810	0.844	0.091	0.094	1.455	0.826	0.811	0.793	1.437	0.794	1.452	0.814	0.844	0.857	0.091	0.094	0.850	0.851	1.453	0.842	0.855	0.856	0.851	0.862	0.885	0.903	0.091	0.093	0.092	0.094	0.091	0.091	0.091	0.092	0.094	0.094	0.092	0.091	0.091
68:01:13	22.8	0.091	0.090	0.092	0.091	0.091	0.092	0.091	0.092	0.092	0.094	0.091	0.091	0.091	0.884	1.414	0.755	0.775	1.460	0.818	0.829	1.534	0.814	1.551	0.092	0.090	0.818	0.759	1.496	1.459	0.811	0.807	0.813	0.808	1.509	0.841	0.092	0.090	1.472	0.728	0.788	0.725	0.805	1.430	1.409	0.759	0.816	0.844	0.092	0.094	0.791	1.423	0.790	1.424	0.733	1.434	0.752	1.436	0.814	0.846	0.090	0.093	1.468	0.833	0.814	0.797	1.439	0.799	1.453	0.819	0.845	0.861	0.091	0.094	0.853	0.855	1.457	0.843	0.857	0.860	0.850	0.865	0.887	0.906	0.091	0.093	0.092	0.094	0.091	0.091	0.091	0.092	0.094	0.094	0.092	0.091	0.091
69:01:12	23.4	0.091	0.090	0.093	0.091	0.091	0.092	0.092	0.092	0.093	0.094	0.091	0.091	0.091	0.885	1.418	0.757	0.775	1.460	0.822	0.832	1.527	0.816	1.555	0.093	0.090	0.829	0.768	1.495	1.472	0.814	0.812	0.815	0.812	1.517	0.844	0.092	0.091	1.492	0.730	0.792	0.727	0.806	1.416	1.416	0.758	0.819	0.846	0.093	0.095	0.795	1.430	0.794	1.427	0.735	1.441	0.751	1.444	0.817	0.849	0.091	0.094	1.484	0.836	0.813	0.799	1.442	0.803	1.458	0.821	0.847	0.861	0.091	0.094	0.857	0.857	1.463	0.843	0.859	0.862	0.850	0.868	0.888	0.906	0.091	0.093	0.093	0.094	0.091	0.091	0.091	0.093	0.094	0.094	0.092	0.091	0.091
70:01:21	24.1	0.091	0.089	0.092	0.091	0.091	0.092	0.091	0.092	0.092	0.093	0.091	0.090	0.091	0.887	1.427	0.758	0.775	1.462	0.824	0.832	1.536	0.814	1.549	0.092	0.090	0.839	0.776	1.500	1.484	0.814	0.811	0.814	0.812	1.530	0.845	0.092	0.090	1.514	0.730	0.791	0.727	0.804	1.419	1.416	0.757	0.818	0.845	0.092	0.095	0.793	1.438	0.794	1.431	0.735	1.439	0.748	1.446	0.818	0.848	0.090	0.093	1.494	0.838	0.812	0.798	1.443	0.804	1.460	0.823	0.845	0.858	0.091	0.094	0.857	0.857	1.465	0.841	0.857	0.862	0.847	0.868	0.886	0.906	0.091	0.093	0.092	0.094	0.091	0.090	0.090	0.092	0.094	0.094	0.092	0.091	0.091
71:01:15	24.8	0.091	0.090	0.093	0.091	0.091	0.092	0.091	0.092	0.092	0.094	0.091	0.091	0.091	0.886	1.427	0.758	0.774	1.463	0.822	0.831	1.540	0.812	1.517	0.092	0.090	0.839	0.781	1.482	1.497	0.810	0.810	0.813	0.815	1.544	0.845	0.092	0.091	1.541	0.729	0.789	0.726	0.801	1.417	1.414	0.755	0.817	0.845	0.092	0.095	0.794	1.447	0.792	1.436	0.732	1.441	0.742	1.453	0.817	0.846	0.090	0.093	1.505	0.841	0.810	0.797	1.448	0.805	1.464	0.825	0.844	0.856	0.091	0.094	0.859	0.855	1.465	0.836	0.856	0.862	0.845	0.867	0.883	0.904	0.091	0.093	0.092	0.094	0.091	0.091	0.090	0.092	0.094	0.094	0.092	0.091	0.091
72:01:16	25.3	0.091	0.089	0.092	0.091	0.091	0.092	0.091	0.091	0.092	0.093	0.091	0.091	0.091	0.884	1.431	0.756	0.772	1.448	0.823	0.829	1.484	0.810	1.503	0.092	0.089	0.845	0.798	1.471	1.505	0.808	0.808	0.811	0.813	1.561	0.844	0.092	0.090	1.556	0.727	0.786	0.725	0.799	1.419	1.418	0.750	0.816	0.843	0.092	0.095	0.790	1.461	0.791	1.440	0.729	1.446	0.738	1.463	0.817	0.844	0.091	0.094	1.527	0.842	0.806	0.794	1.455	0.803	1.471	0.823	0.840	0.854	0.091	0.094	0.857	0.855	1.469	0.833	0.853	0.859	0.840	0.865	0.877	0.900	0.090	0.093	0.092	0.094	0.091	0.091	0.090	0.092	0.094	0.094	0.092	0.090	0.091

