Time	T° 600	A1	A2	A3	A4	A5	A6	A7	A8	A9	A10	A11	A12	B1	B2	B3	B4	B5	B6	B7	B8	B9	B10	B11	B12	C1	C2	C3	C4	C5	C6	C7	C8	C9	C10	C11	C12	D1	D2	D3	D4	D5	D6	D7	D8	D9	D10	D11	D12	E1	E2	E3	E4	E5	E6	E7	E8	E9	E10	E11	E12	F1	F2	F3	F4	F5	F6	F7	F8	F9	F10	F11	F12	G1	G2	G3	G4	G5	G6	G7	G8	G9	G10	G11	G12	H1	H2	H3	H4	H5	H6	H7	H8	H9	H10	H11	H12
0:00:06	22.2	0.044	0.045	0.049	0.047	0.045	0.047	0.044	0.045	0.046	0.046	0.047	0.045	0.046	0.049	0.048	0.052	0.049	0.049	0.049	0.051	0.050	0.048	0.052	0.047	0.044	0.051	0.050	0.049	0.051	0.050	0.049	0.049	0.051	0.049	0.051	0.046	0.046	0.048	0.049	0.049	0.048	0.050	0.048	0.050	0.051	0.049	0.052	0.046	0.045	0.049	0.050	0.052	0.051	0.048	0.049	0.048	0.049	0.049	0.049	0.045	0.047	0.051	0.052	0.050	0.050	0.050	0.051	0.049	0.050	0.049	0.050	0.045	0.048	0.049	0.052	0.049	0.051	0.049	0.050	0.050	0.052	0.048	0.049	0.045	0.045	0.048	0.045	0.045	0.045	0.045	0.047	0.048	0.048	0.048	0.046	0.045
1:00:07	22.0	0.044	0.044	0.049	0.047	0.045	0.047	0.045	0.045	0.046	0.046	0.047	0.045	0.046	0.050	0.049	0.052	0.050	0.050	0.050	0.052	0.050	0.049	0.053	0.048	0.045	0.051	0.050	0.050	0.051	0.051	0.050	0.050	0.052	0.049	0.052	0.047	0.047	0.049	0.049	0.050	0.049	0.051	0.049	0.051	0.051	0.050	0.052	0.047	0.045	0.050	0.050	0.053	0.052	0.049	0.050	0.049	0.050	0.050	0.050	0.045	0.047	0.052	0.053	0.051	0.051	0.050	0.052	0.050	0.051	0.050	0.051	0.045	0.048	0.050	0.057	0.050	0.052	0.051	0.050	0.051	0.052	0.049	0.050	0.045	0.045	0.049	0.045	0.046	0.045	0.045	0.048	0.048	0.048	0.048	0.046	0.045
2:00:08	22.1	0.045	0.045	0.049	0.047	0.046	0.047	0.045	0.045	0.047	0.046	0.048	0.045	0.046	0.050	0.049	0.053	0.050	0.051	0.050	0.053	0.051	0.049	0.053	0.048	0.045	0.051	0.051	0.051	0.052	0.051	0.050	0.051	0.052	0.050	0.052	0.047	0.047	0.050	0.050	0.050	0.049	0.051	0.050	0.051	0.052	0.050	0.053	0.047	0.045	0.050	0.051	0.053	0.052	0.049	0.050	0.049	0.050	0.050	0.051	0.045	0.047	0.052	0.053	0.051	0.051	0.051	0.052	0.050	0.051	0.050	0.051	0.045	0.049	0.051	0.053	0.050	0.052	0.052	0.051	0.051	0.053	0.049	0.050	0.045	0.045	0.049	0.045	0.046	0.045	0.045	0.048	0.048	0.048	0.048	0.046	0.045
3:00:10	22.2	0.044	0.044	0.049	0.047	0.045	0.047	0.044	0.045	0.046	0.046	0.047	0.045	0.045	0.050	0.050	0.053	0.050	0.051	0.050	0.053	0.051	0.049	0.053	0.047	0.045	0.052	0.051	0.051	0.053	0.052	0.050	0.051	0.052	0.050	0.052	0.046	0.046	0.050	0.050	0.051	0.050	0.051	0.050	0.052	0.052	0.050	0.053	0.046	0.045	0.051	0.051	0.053	0.053	0.049	0.051	0.050	0.051	0.050	0.051	0.045	0.047	0.052	0.054	0.051	0.051	0.051	0.052	0.053	0.051	0.051	0.051	0.045	0.048	0.051	0.054	0.051	0.052	0.052	0.051	0.051	0.053	0.049	0.050	0.045	0.045	0.048	0.045	0.045	0.044	0.044	0.048	0.048	0.048	0.048	0.045	0.045
4:00:12	22.2	0.044	0.044	0.049	0.047	0.045	0.047	0.044	0.045	0.046	0.046	0.047	0.045	0.045	0.050	0.051	0.054	0.051	0.052	0.051	0.053	0.052	0.050	0.055	0.047	0.044	0.052	0.052	0.052	0.053	0.053	0.051	0.051	0.053	0.051	0.053	0.047	0.047	0.051	0.051	0.052	0.051	0.052	0.051	0.053	0.052	0.051	0.054	0.046	0.045	0.051	0.052	0.054	0.053	0.050	0.052	0.050	0.052	0.051	0.051	0.045	0.048	0.053	0.054	0.052	0.052	0.052	0.053	0.053	0.052	0.051	0.052	0.045	0.048	0.051	0.055	0.051	0.053	0.052	0.052	0.052	0.053	0.050	0.051	0.045	0.045	0.048	0.045	0.045	0.045	0.045	0.047	0.048	0.047	0.048	0.045	0.045
5:00:12	22.1	0.044	0.044	0.049	0.047	0.045	0.047	0.045	0.045	0.046	0.046	0.047	0.045	0.045	0.051	0.051	0.055	0.052	0.053	0.052	0.054	0.053	0.051	0.055	0.047	0.045	0.053	0.052	0.053	0.055	0.053	0.052	0.052	0.053	0.052	0.053	0.047	0.047	0.052	0.051	0.052	0.051	0.053	0.051	0.053	0.053	0.052	0.054	0.047	0.045	0.052	0.053	0.054	0.055	0.051	0.053	0.050	0.053	0.051	0.052	0.045	0.047	0.054	0.054	0.052	0.052	0.053	0.054	0.055	0.053	0.052	0.053	0.045	0.048	0.052	0.055	0.052	0.054	0.053	0.052	0.052	0.054	0.050	0.051	0.045	0.045	0.048	0.045	0.045	0.045	0.045	0.048	0.048	0.048	0.048	0.045	0.045
6:00:13	22.0	0.044	0.044	0.049	0.047	0.045	0.047	0.045	0.045	0.046	0.046	0.047	0.045	0.045	0.051	0.052	0.055	0.053	0.055	0.052	0.054	0.054	0.051	0.056	0.047	0.044	0.053	0.052	0.054	0.056	0.054	0.052	0.052	0.054	0.053	0.054	0.047	0.047	0.052	0.052	0.053	0.052	0.054	0.052	0.054	0.053	0.052	0.055	0.046	0.045	0.052	0.054	0.055	0.056	0.052	0.055	0.051	0.054	0.052	0.052	0.045	0.048	0.055	0.055	0.052	0.053	0.055	0.055	0.055	0.053	0.052	0.053	0.045	0.048	0.052	0.056	0.054	0.054	0.054	0.053	0.053	0.054	0.051	0.052	0.045	0.045	0.048	0.045	0.045	0.045	0.045	0.048	0.048	0.048	0.048	0.045	0.045
7:00:14	21.9	0.044	0.044	0.049	0.047	0.045	0.047	0.044	0.045	0.046	0.046	0.047	0.045	0.045	0.051	0.052	0.056	0.054	0.057	0.053	0.055	0.055	0.051	0.057	0.047	0.044	0.054	0.053	0.055	0.058	0.055	0.053	0.053	0.055	0.054	0.054	0.046	0.046	0.053	0.052	0.053	0.053	0.055	0.053	0.055	0.054	0.053	0.055	0.046	0.045	0.052	0.055	0.056	0.058	0.052	0.057	0.051	0.055	0.052	0.052	0.045	0.050	0.056	0.055	0.053	0.053	0.057	0.056	0.056	0.054	0.053	0.054	0.045	0.048	0.052	0.056	0.055	0.055	0.054	0.054	0.053	0.055	0.051	0.052	0.045	0.045	0.048	0.045	0.045	0.045	0.045	0.047	0.048	0.048	0.048	0.045	0.045
8:00:15	21.7	0.044	0.044	0.049	0.047	0.045	0.047	0.044	0.045	0.046	0.045	0.047	0.045	0.045	0.051	0.053	0.056	0.055	0.059	0.053	0.056	0.056	0.052	0.059	0.047	0.045	0.054	0.053	0.057	0.060	0.056	0.053	0.054	0.055	0.055	0.054	0.046	0.046	0.054	0.052	0.054	0.053	0.055	0.053	0.056	0.054	0.053	0.055	0.046	0.045	0.053	0.056	0.056	0.060	0.053	0.059	0.051	0.056	0.052	0.053	0.045	0.051	0.057	0.055	0.052	0.054	0.059	0.056	0.058	0.054	0.053	0.054	0.045	0.048	0.053	0.056	0.058	0.055	0.055	0.054	0.053	0.055	0.051	0.053	0.045	0.045	0.048	0.045	0.045	0.044	0.045	0.047	0.048	0.047	0.048	0.045	0.045
9:00:15	21.4	0.044	0.044	0.049	0.047	0.045	0.047	0.044	0.045	0.046	0.045	0.047	0.045	0.045	0.051	0.053	0.057	0.056	0.063	0.054	0.057	0.057	0.052	0.060	0.047	0.044	0.055	0.053	0.059	0.063	0.057	0.054	0.055	0.056	0.056	0.055	0.047	0.046	0.055	0.053	0.055	0.054	0.056	0.054	0.058	0.054	0.054	0.055	0.046	0.045	0.053	0.057	0.057	0.063	0.054	0.063	0.052	0.058	0.052	0.053	0.045	0.052	0.058	0.056	0.053	0.055	0.062	0.057	0.059	0.055	0.053	0.055	0.045	0.048	0.053	0.056	0.061	0.056	0.056	0.055	0.053	0.056	0.052	0.054	0.045	0.045	0.048	0.045	0.045	0.044	0.045	0.047	0.048	0.047	0.048	0.045	0.045
10:00:16	21.2	0.044	0.044	0.049	0.047	0.045	0.047	0.044	0.045	0.046	0.046	0.047	0.045	0.045	0.052	0.054	0.058	0.057	0.067	0.055	0.058	0.059	0.053	0.063	0.047	0.044	0.055	0.053	0.060	0.067	0.058	0.056	0.056	0.057	0.058	0.055	0.047	0.046	0.056	0.053	0.055	0.055	0.057	0.055	0.060	0.055	0.054	0.056	0.046	0.045	0.053	0.058	0.058	0.067	0.054	0.067	0.052	0.059	0.053	0.054	0.045	0.050	0.060	0.056	0.053	0.056	0.066	0.058	0.061	0.055	0.054	0.055	0.045	0.048	0.053	0.057	0.066	0.057	0.056	0.056	0.054	0.056	0.053	0.055	0.045	0.045	0.048	0.045	0.045	0.045	0.045	0.047	0.048	0.048	0.048	0.045	0.045
11:00:17	21.1	0.044	0.044	0.049	0.047	0.045	0.047	0.044	0.045	0.046	0.046	0.047	0.045	0.045	0.052	0.055	0.058	0.058	0.073	0.056	0.059	0.061	0.053	0.065	0.047	0.044	0.055	0.053	0.062	0.072	0.059	0.056	0.057	0.057	0.060	0.056	0.047	0.046	0.057	0.054	0.056	0.056	0.058	0.056	0.062	0.055	0.054	0.056	0.047	0.045	0.054	0.060	0.058	0.072	0.055	0.073	0.052	0.061	0.053	0.054	0.045	0.051	0.061	0.056	0.053	0.056	0.071	0.059	0.062	0.056	0.054	0.055	0.045	0.048	0.053	0.057	0.072	0.057	0.057	0.057	0.054	0.057	0.053	0.055	0.045	0.045	0.048	0.045	0.045	0.045	0.044	0.047	0.048	0.048	0.048	0.045	0.045
12:00:18	21.0	0.044	0.044	0.049	0.047	0.045	0.047	0.044	0.045	0.046	0.046	0.047	0.045	0.045	0.052	0.056	0.058	0.059	0.081	0.056	0.060	0.063	0.053	0.067	0.047	0.044	0.056	0.053	0.064	0.080	0.060	0.057	0.058	0.057	0.062	0.056	0.046	0.046	0.057	0.054	0.056	0.056	0.059	0.057	0.064	0.055	0.055	0.056	0.046	0.045	0.054	0.062	0.059	0.078	0.056	0.080	0.052	0.063	0.054	0.054	0.045	0.049	0.062	0.056	0.053	0.057	0.078	0.060	0.064	0.056	0.055	0.056	0.045	0.048	0.054	0.057	0.080	0.057	0.058	0.057	0.054	0.058	0.053	0.056	0.045	0.045	0.048	0.045	0.045	0.044	0.044	0.047	0.048	0.047	0.048	0.045	0.045
13:00:20	21.0	0.044	0.044	0.049	0.047	0.045	0.047	0.044	0.045	0.046	0.046	0.047	0.045	0.046	0.052	0.057	0.059	0.061	0.091	0.057	0.061	0.066	0.054	0.070	0.048	0.044	0.057	0.054	0.066	0.089	0.061	0.058	0.059	0.058	0.064	0.057	0.047	0.046	0.059	0.054	0.057	0.057	0.060	0.058	0.067	0.056	0.055	0.057	0.047	0.045	0.054	0.064	0.059	0.086	0.057	0.090	0.053	0.065	0.054	0.055	0.045	0.051	0.064	0.057	0.054	0.058	0.087	0.061	0.067	0.057	0.056	0.057	0.045	0.048	0.054	0.058	0.089	0.059	0.059	0.058	0.054	0.058	0.054	0.057	0.045	0.045	0.048	0.045	0.045	0.045	0.045	0.047	0.048	0.048	0.048	0.045	0.045
14:00:21	20.9	0.044	0.044	0.049	0.047	0.045	0.047	0.044	0.045	0.046	0.046	0.047	0.045	0.045	0.052	0.059	0.060	0.062	0.103	0.058	0.062	0.068	0.054	0.074	0.047	0.044	0.057	0.054	0.069	0.102	0.062	0.059	0.060	0.058	0.067	0.058	0.046	0.046	0.059	0.055	0.057	0.058	0.061	0.059	0.070	0.056	0.056	0.057	0.046	0.045	0.055	0.067	0.060	0.097	0.057	0.101	0.053	0.068	0.054	0.055	0.045	0.050	0.065	0.057	0.054	0.059	0.099	0.062	0.070	0.057	0.056	0.057	0.045	0.048	0.054	0.062	0.097	0.059	0.060	0.059	0.054	0.058	0.054	0.058	0.045	0.045	0.048	0.045	0.045	0.045	0.045	0.047	0.048	0.047	0.048	0.045	0.045
15:00:22	20.9	0.044	0.044	0.049	0.047	0.045	0.047	0.044	0.045	0.046	0.046	0.047	0.045	0.046	0.052	0.060	0.060	0.064	0.123	0.059	0.063	0.072	0.054	0.080	0.047	0.044	0.057	0.054	0.073	0.113	0.063	0.060	0.061	0.059	0.070	0.058	0.047	0.046	0.061	0.055	0.058	0.059	0.062	0.059	0.075	0.056	0.056	0.057	0.046	0.045	0.055	0.070	0.060	0.110	0.058	0.122	0.053	0.070	0.054	0.055	0.045	0.049	0.068	0.057	0.055	0.060	0.114	0.064	0.073	0.057	0.057	0.057	0.045	0.048	0.054	0.059	0.107	0.059	0.061	0.060	0.055	0.059	0.054	0.059	0.045	0.045	0.048	0.045	0.045	0.045	0.045	0.048	0.048	0.047	0.048	0.045	0.045
16:00:23	20.8	0.044	0.044	0.049	0.047	0.045	0.047	0.044	0.045	0.046	0.046	0.047	0.045	0.045	0.052	0.062	0.060	0.065	0.143	0.060	0.064	0.077	0.055	0.086	0.047	0.044	0.058	0.054	0.077	0.141	0.063	0.061	0.062	0.059	0.074	0.059	0.046	0.046	0.063	0.055	0.058	0.060	0.063	0.060	0.081	0.056	0.057	0.058	0.046	0.045	0.055	0.075	0.060	0.129	0.059	0.154	0.053	0.074	0.055	0.056	0.045	0.052	0.070	0.057	0.055	0.060	0.139	0.065	0.077	0.058	0.057	0.058	0.045	0.048	0.055	0.060	0.119	0.060	0.062	0.061	0.055	0.059	0.055	0.060	0.045	0.045	0.048	0.045	0.045	0.045	0.045	0.047	0.048	0.047	0.048	0.045	0.045
17:00:24	20.7	0.044	0.044	0.049	0.047	0.045	0.047	0.045	0.045	0.046	0.046	0.047	0.045	0.046	0.052	0.065	0.061	0.067	0.164	0.061	0.065	0.084	0.055	0.095	0.047	0.045	0.059	0.055	0.084	0.167	0.065	0.063	0.063	0.059	0.079	0.059	0.047	0.046	0.065	0.056	0.059	0.061	0.064	0.062	0.086	0.057	0.057	0.058	0.047	0.045	0.056	0.081	0.061	0.144	0.060	0.168	0.054	0.080	0.055	0.056	0.045	0.050	0.074	0.057	0.055	0.061	0.157	0.066	0.083	0.058	0.058	0.058	0.045	0.048	0.055	0.059	0.131	0.061	0.063	0.062	0.055	0.060	0.055	0.061	0.045	0.045	0.048	0.045	0.045	0.045	0.045	0.048	0.048	0.048	0.048	0.046	0.045
18:00:24	20.7	0.044	0.044	0.048	0.046	0.045	0.046	0.044	0.045	0.046	0.045	0.047	0.045	0.045	0.052	0.068	0.061	0.068	0.175	0.062	0.066	0.093	0.055	0.107	0.047	0.044	0.058	0.055	0.092	0.170	0.066	0.063	0.063	0.059	0.086	0.060	0.046	0.046	0.068	0.056	0.059	0.062	0.065	0.063	0.091	0.057	0.057	0.058	0.046	0.045	0.056	0.088	0.061	0.153	0.061	0.174	0.053	0.087	0.055	0.056	0.045	0.051	0.077	0.057	0.055	0.062	0.165	0.067	0.089	0.058	0.058	0.058	0.045	0.048	0.055	0.059	0.141	0.061	0.064	0.062	0.055	0.060	0.055	0.062	0.045	0.045	0.048	0.044	0.045	0.044	0.044	0.047	0.047	0.047	0.048	0.045	0.045
19:00:25	20.7	0.044	0.044	0.049	0.047	0.045	0.047	0.044	0.045	0.046	0.046	0.047	0.045	0.046	0.053	0.073	0.062	0.070	0.187	0.063	0.068	0.103	0.056	0.118	0.047	0.044	0.059	0.055	0.103	0.179	0.067	0.064	0.065	0.060	0.095	0.060	0.046	0.046	0.072	0.056	0.060	0.063	0.067	0.064	0.097	0.057	0.058	0.059	0.046	0.045	0.057	0.097	0.062	0.167	0.062	0.189	0.054	0.097	0.056	0.057	0.045	0.053	0.082	0.058	0.055	0.063	0.178	0.068	0.098	0.059	0.059	0.059	0.045	0.048	0.056	0.060	0.156	0.062	0.065	0.063	0.055	0.061	0.056	0.063	0.045	0.045	0.048	0.045	0.045	0.045	0.045	0.048	0.048	0.048	0.048	0.045	0.045
20:00:26	20.6	0.044	0.044	0.049	0.047	0.045	0.047	0.045	0.045	0.046	0.046	0.047	0.045	0.045	0.053	0.079	0.062	0.072	0.207	0.065	0.069	0.113	0.056	0.131	0.047	0.045	0.059	0.055	0.116	0.197	0.069	0.066	0.066	0.060	0.106	0.061	0.047	0.046	0.077	0.057	0.060	0.064	0.068	0.065	0.102	0.057	0.058	0.059	0.046	0.045	0.057	0.106	0.062	0.187	0.063	0.211	0.054	0.106	0.056	0.057	0.045	0.052	0.090	0.058	0.055	0.063	0.197	0.070	0.107	0.059	0.059	0.060	0.045	0.048	0.056	0.059	0.172	0.063	0.066	0.064	0.056	0.061	0.056	0.065	0.045	0.045	0.048	0.045	0.045	0.045	0.045	0.048	0.048	0.047	0.048	0.045	0.045
21:00:27	20.7	0.044	0.044	0.049	0.047	0.045	0.047	0.044	0.045	0.046	0.046	0.047	0.045	0.045	0.053	0.090	0.063	0.074	0.229	0.066	0.071	0.124	0.056	0.144	0.047	0.044	0.059	0.055	0.124	0.219	0.070	0.067	0.068	0.060	0.116	0.061	0.047	0.047	0.084	0.057	0.061	0.065	0.069	0.067	0.108	0.058	0.058	0.060	0.046	0.045	0.057	0.116	0.063	0.209	0.064	0.232	0.055	0.116	0.056	0.057	0.045	0.053	0.098	0.058	0.055	0.064	0.216	0.071	0.120	0.060	0.059	0.060	0.045	0.048	0.056	0.059	0.189	0.064	0.067	0.065	0.056	0.061	0.057	0.066	0.045	0.045	0.048	0.045	0.045	0.045	0.045	0.048	0.048	0.048	0.048	0.045	0.045
22:00:30	21.0	0.044	0.044	0.049	0.047	0.045	0.047	0.044	0.045	0.046	0.046	0.047	0.045	0.046	0.053	0.101	0.063	0.076	0.252	0.067	0.072	0.129	0.056	0.155	0.047	0.045	0.060	0.056	0.128	0.239	0.071	0.068	0.068	0.060	0.124	0.062	0.047	0.046	0.089	0.058	0.061	0.066	0.070	0.068	0.114	0.057	0.059	0.060	0.046	0.045	0.058	0.125	0.063	0.228	0.064	0.256	0.054	0.127	0.056	0.057	0.045	0.054	0.107	0.058	0.055	0.065	0.234	0.072	0.131	0.060	0.060	0.060	0.045	0.048	0.056	0.059	0.206	0.064	0.068	0.066	0.056	0.061	0.057	0.067	0.045	0.045	0.048	0.045	0.045	0.045	0.045	0.047	0.048	0.047	0.048	0.045	0.045
23:00:29	21.5	0.044	0.044	0.049	0.047	0.045	0.047	0.045	0.045	0.046	0.046	0.047	0.045	0.046	0.053	0.113	0.063	0.078	0.275	0.068	0.073	0.137	0.056	0.163	0.048	0.045	0.060	0.056	0.138	0.259	0.072	0.069	0.069	0.061	0.133	0.062	0.047	0.047	0.095	0.058	0.062	0.068	0.072	0.070	0.120	0.058	0.059	0.061	0.047	0.045	0.058	0.133	0.064	0.246	0.065	0.279	0.055	0.136	0.057	0.057	0.045	0.054	0.118	0.058	0.055	0.065	0.253	0.074	0.134	0.060	0.060	0.061	0.045	0.048	0.057	0.059	0.225	0.065	0.069	0.067	0.056	0.061	0.057	0.068	0.045	0.045	0.048	0.045	0.045	0.045	0.045	0.048	0.048	0.048	0.048	0.045	0.045
24:00:30	22.0	0.044	0.044	0.049	0.047	0.045	0.047	0.044	0.045	0.046	0.046	0.047	0.045	0.046	0.054	0.127	0.063	0.080	0.298	0.068	0.074	0.145	0.056	0.173	0.048	0.044	0.061	0.057	0.146	0.281	0.073	0.070	0.070	0.061	0.142	0.062	0.047	0.047	0.100	0.058	0.062	0.069	0.073	0.071	0.127	0.058	0.060	0.061	0.047	0.045	0.059	0.141	0.064	0.263	0.066	0.301	0.055	0.144	0.057	0.058	0.045	0.059	0.128	0.058	0.055	0.067	0.271	0.075	0.138	0.060	0.061	0.061	0.045	0.049	0.059	0.059	0.243	0.067	0.070	0.068	0.056	0.062	0.057	0.070	0.045	0.045	0.048	0.045	0.046	0.045	0.045	0.048	0.048	0.048	0.048	0.046	0.045
25:00:32	22.5	0.044	0.044	0.049	0.047	0.045	0.047	0.044	0.045	0.046	0.045	0.047	0.045	0.045	0.054	0.143	0.062	0.081	0.320	0.069	0.075	0.154	0.055	0.183	0.047	0.044	0.060	0.057	0.155	0.298	0.074	0.071	0.071	0.060	0.152	0.061	0.046	0.046	0.107	0.058	0.062	0.070	0.074	0.073	0.135	0.058	0.059	0.062	0.046	0.045	0.059	0.152	0.064	0.280	0.067	0.322	0.055	0.150	0.057	0.058	0.045	0.066	0.137	0.058	0.055	0.067	0.286	0.076	0.143	0.060	0.061	0.062	0.045	0.048	0.059	0.059	0.262	0.068	0.071	0.068	0.055	0.061	0.056	0.070	0.045	0.045	0.048	0.045	0.045	0.044	0.044	0.047	0.048	0.047	0.048	0.045	0.045
26:00:32	22.9	0.044	0.044	0.049	0.047	0.045	0.047	0.044	0.045	0.046	0.045	0.047	0.045	0.045	0.055	0.159	0.062	0.082	0.343	0.070	0.077	0.166	0.056	0.195	0.047	0.044	0.060	0.058	0.168	0.317	0.076	0.073	0.072	0.060	0.163	0.061	0.046	0.046	0.114	0.059	0.062	0.071	0.076	0.075	0.144	0.058	0.060	0.062	0.046	0.045	0.059	0.161	0.064	0.296	0.068	0.340	0.054	0.157	0.057	0.058	0.045	0.081	0.145	0.058	0.055	0.068	0.302	0.078	0.152	0.060	0.061	0.062	0.045	0.048	0.060	0.059	0.280	0.070	0.073	0.070	0.055	0.061	0.056	0.071	0.045	0.045	0.048	0.045	0.045	0.044	0.045	0.047	0.048	0.047	0.048	0.045	0.045
27:00:34	23.3	0.044	0.044	0.049	0.047	0.045	0.047	0.044	0.045	0.046	0.045	0.047	0.045	0.045	0.055	0.177	0.061	0.084	0.365	0.071	0.078	0.179	0.056	0.210	0.047	0.044	0.060	0.058	0.179	0.336	0.077	0.074	0.073	0.060	0.176	0.061	0.046	0.046	0.121	0.059	0.062	0.073	0.076	0.077	0.153	0.058	0.060	0.062	0.046	0.045	0.059	0.172	0.064	0.313	0.069	0.357	0.054	0.166	0.057	0.058	0.045	0.106	0.155	0.058	0.055	0.068	0.317	0.080	0.164	0.060	0.062	0.062	0.045	0.048	0.061	0.059	0.301	0.071	0.074	0.071	0.054	0.061	0.056	0.073	0.045	0.045	0.048	0.045	0.045	0.044	0.044	0.047	0.048	0.048	0.047	0.045	0.045
28:00:33	23.5	0.044	0.044	0.049	0.047	0.045	0.047	0.044	0.045	0.046	0.046	0.047	0.045	0.045	0.055	0.195	0.061	0.086	0.386	0.072	0.080	0.194	0.055	0.231	0.047	0.044	0.060	0.058	0.192	0.356	0.080	0.076	0.075	0.060	0.191	0.061	0.047	0.046	0.128	0.059	0.062	0.074	0.077	0.080	0.162	0.058	0.060	0.063	0.046	0.045	0.060	0.184	0.064	0.331	0.070	0.373	0.054	0.176	0.057	0.059	0.045	0.126	0.164	0.058	0.055	0.069	0.331	0.082	0.175	0.060	0.062	0.063	0.045	0.048	0.062	0.059	0.320	0.072	0.075	0.072	0.054	0.061	0.056	0.075	0.045	0.045	0.048	0.045	0.045	0.044	0.045	0.048	0.048	0.047	0.047	0.046	0.045
29:00:34	23.5	0.044	0.044	0.049	0.047	0.045	0.047	0.044	0.045	0.046	0.045	0.047	0.045	0.045	0.055	0.213	0.061	0.088	0.406	0.074	0.082	0.212	0.055	0.251	0.047	0.044	0.060	0.058	0.205	0.376	0.082	0.079	0.076	0.060	0.207	0.062	0.046	0.046	0.135	0.059	0.062	0.076	0.080	0.082	0.172	0.058	0.060	0.063	0.046	0.045	0.060	0.198	0.063	0.349	0.072	0.393	0.054	0.188	0.057	0.058	0.045	0.145	0.173	0.058	0.055	0.069	0.348	0.084	0.190	0.060	0.063	0.063	0.045	0.048	0.062	0.059	0.341	0.073	0.076	0.073	0.054	0.061	0.056	0.076	0.045	0.045	0.048	0.044	0.045	0.044	0.044	0.047	0.048	0.047	0.047	0.045	0.045
30:00:35	23.5	0.044	0.044	0.049	0.047	0.045	0.047	0.044	0.045	0.046	0.045	0.047	0.045	0.045	0.055	0.228	0.061	0.091	0.426	0.077	0.085	0.229	0.055	0.271	0.047	0.044	0.060	0.058	0.218	0.396	0.084	0.081	0.078	0.060	0.222	0.062	0.046	0.046	0.143	0.059	0.062	0.077	0.081	0.085	0.182	0.058	0.060	0.063	0.046	0.045	0.060	0.211	0.063	0.367	0.073	0.408	0.054	0.201	0.057	0.058	0.045	0.164	0.186	0.058	0.055	0.070	0.366	0.086	0.203	0.060	0.063	0.063	0.045	0.048	0.063	0.059	0.361	0.075	0.078	0.074	0.054	0.061	0.056	0.078	0.045	0.045	0.048	0.045	0.045	0.044	0.045	0.048	0.048	0.048	0.048	0.045	0.045
31:00:37	23.2	0.044	0.044	0.049	0.047	0.045	0.047	0.044	0.045	0.046	0.046	0.047	0.045	0.046	0.055	0.242	0.062	0.094	0.447	0.080	0.087	0.246	0.056	0.291	0.047	0.044	0.061	0.058	0.232	0.417	0.086	0.083	0.081	0.060	0.237	0.063	0.047	0.046	0.151	0.059	0.062	0.079	0.083	0.088	0.193	0.059	0.060	0.063	0.046	0.045	0.060	0.226	0.064	0.389	0.074	0.427	0.055	0.216	0.057	0.058	0.045	0.187	0.199	0.058	0.055	0.071	0.386	0.089	0.219	0.060	0.063	0.063	0.045	0.048	0.063	0.059	0.382	0.075	0.079	0.075	0.055	0.061	0.056	0.081	0.045	0.045	0.048	0.045	0.045	0.045	0.045	0.048	0.048	0.047	0.048	0.045	0.045
32:00:37	23.0	0.044	0.044	0.049	0.047	0.045	0.047	0.044	0.045	0.045	0.045	0.047	0.045	0.045	0.054	0.255	0.062	0.097	0.465	0.082	0.089	0.263	0.055	0.310	0.047	0.044	0.061	0.057	0.245	0.436	0.088	0.086	0.082	0.060	0.252	0.064	0.046	0.046	0.159	0.059	0.062	0.081	0.084	0.092	0.203	0.058	0.060	0.063	0.046	0.045	0.060	0.240	0.063	0.411	0.076	0.446	0.054	0.233	0.057	0.058	0.045	0.209	0.212	0.057	0.055	0.071	0.403	0.090	0.235	0.060	0.063	0.063	0.045	0.048	0.062	0.058	0.402	0.076	0.080	0.076	0.054	0.060	0.056	0.082	0.045	0.045	0.048	0.045	0.045	0.044	0.044	0.047	0.048	0.047	0.047	0.045	0.045
33:00:39	22.8	0.044	0.044	0.049	0.047	0.045	0.047	0.044	0.045	0.046	0.045	0.047	0.045	0.045	0.054	0.269	0.063	0.099	0.485	0.084	0.092	0.280	0.056	0.329	0.047	0.044	0.061	0.057	0.260	0.457	0.090	0.088	0.085	0.060	0.268	0.064	0.047	0.046	0.167	0.059	0.062	0.082	0.086	0.096	0.213	0.058	0.060	0.063	0.046	0.045	0.060	0.255	0.063	0.435	0.077	0.468	0.054	0.249	0.057	0.058	0.045	0.232	0.225	0.058	0.054	0.071	0.422	0.092	0.250	0.059	0.063	0.063	0.045	0.048	0.062	0.058	0.422	0.077	0.081	0.077	0.055	0.060	0.057	0.084	0.045	0.045	0.048	0.044	0.045	0.044	0.045	0.047	0.048	0.047	0.048	0.045	0.045
34:00:40	22.7	0.044	0.044	0.049	0.047	0.045	0.047	0.044	0.045	0.046	0.046	0.047	0.045	0.045	0.054	0.283	0.063	0.103	0.506	0.087	0.094	0.296	0.056	0.345	0.048	0.044	0.061	0.056	0.273	0.479	0.093	0.090	0.087	0.061	0.284	0.065	0.047	0.047	0.175	0.059	0.062	0.084	0.088	0.100	0.223	0.059	0.060	0.063	0.047	0.045	0.060	0.269	0.063	0.460	0.079	0.490	0.055	0.264	0.057	0.058	0.045	0.251	0.238	0.058	0.055	0.072	0.446	0.094	0.267	0.060	0.063	0.063	0.045	0.048	0.062	0.059	0.442	0.078	0.082	0.079	0.055	0.061	0.058	0.086	0.045	0.045	0.049	0.045	0.045	0.045	0.045	0.048	0.048	0.048	0.048	0.046	0.045
35:00:41	22.5	0.044	0.044	0.049	0.047	0.045	0.047	0.044	0.045	0.046	0.046	0.047	0.045	0.045	0.054	0.296	0.063	0.105	0.526	0.089	0.096	0.311	0.055	0.360	0.047	0.044	0.061	0.056	0.285	0.500	0.094	0.092	0.089	0.061	0.299	0.065	0.046	0.046	0.183	0.059	0.061	0.085	0.089	0.104	0.232	0.059	0.060	0.063	0.046	0.045	0.060	0.283	0.063	0.483	0.080	0.511	0.055	0.279	0.057	0.057	0.045	0.268	0.251	0.057	0.055	0.072	0.467	0.095	0.281	0.059	0.063	0.062	0.045	0.048	0.061	0.058	0.462	0.079	0.083	0.079	0.055	0.060	0.058	0.087	0.044	0.045	0.048	0.045	0.045	0.045	0.045	0.048	0.048	0.047	0.048	0.045	0.045
36:00:42	22.3	0.044	0.044	0.049	0.047	0.045	0.047	0.044	0.045	0.046	0.046	0.047	0.045	0.045	0.053	0.309	0.063	0.108	0.546	0.091	0.099	0.324	0.056	0.374	0.047	0.044	0.061	0.056	0.298	0.524	0.096	0.095	0.091	0.061	0.313	0.065	0.046	0.046	0.191	0.059	0.061	0.086	0.090	0.109	0.238	0.059	0.060	0.063	0.046	0.045	0.060	0.295	0.062	0.507	0.081	0.532	0.055	0.293	0.057	0.057	0.045	0.287	0.263	0.057	0.055	0.072	0.490	0.097	0.296	0.059	0.063	0.062	0.045	0.048	0.061	0.059	0.482	0.080	0.084	0.080	0.055	0.060	0.058	0.088	0.045	0.045	0.048	0.045	0.045	0.044	0.045	0.047	0.048	0.047	0.048	0.045	0.045
37:00:42	22.1	0.044	0.044	0.049	0.047	0.045	0.047	0.044	0.045	0.046	0.046	0.047	0.045	0.045	0.054	0.321	0.063	0.111	0.569	0.092	0.101	0.336	0.056	0.386	0.047	0.044	0.060	0.055	0.308	0.547	0.098	0.097	0.093	0.061	0.325	0.065	0.046	0.046	0.199	0.058	0.061	0.087	0.091	0.113	0.245	0.059	0.060	0.063	0.046	0.045	0.060	0.307	0.062	0.534	0.082	0.557	0.055	0.306	0.056	0.057	0.045	0.306	0.275	0.057	0.054	0.072	0.515	0.098	0.308	0.059	0.062	0.062	0.045	0.048	0.060	0.058	0.500	0.080	0.084	0.071	0.055	0.060	0.058	0.090	0.045	0.045	0.048	0.045	0.045	0.045	0.045	0.048	0.048	0.048	0.048	0.046	0.045
38:00:43	22.0	0.044	0.044	0.048	0.047	0.045	0.046	0.044	0.044	0.046	0.045	0.047	0.045	0.045	0.053	0.332	0.063	0.114	0.593	0.094	0.103	0.345	0.055	0.396	0.047	0.044	0.060	0.055	0.316	0.571	0.100	0.099	0.094	0.061	0.336	0.065	0.046	0.046	0.206	0.058	0.060	0.088	0.091	0.117	0.249	0.058	0.059	0.062	0.046	0.045	0.059	0.317	0.062	0.559	0.083	0.581	0.054	0.318	0.056	0.057	0.045	0.328	0.284	0.056	0.054	0.073	0.539	0.099	0.319	0.059	0.062	0.062	0.045	0.048	0.060	0.058	0.516	0.081	0.084	0.069	0.055	0.060	0.059	0.090	0.045	0.045	0.048	0.044	0.045	0.044	0.045	0.047	0.048	0.047	0.047	0.045	0.045
39:00:44	21.8	0.044	0.044	0.049	0.047	0.045	0.047	0.044	0.045	0.046	0.046	0.047	0.045	0.046	0.053	0.342	0.063	0.117	0.618	0.097	0.105	0.354	0.056	0.405	0.047	0.044	0.060	0.055	0.324	0.595	0.101	0.100	0.097	0.061	0.344	0.066	0.047	0.047	0.214	0.058	0.061	0.089	0.092	0.122	0.253	0.059	0.059	0.063	0.046	0.045	0.060	0.324	0.062	0.586	0.084	0.604	0.055	0.329	0.056	0.057	0.045	0.351	0.292	0.057	0.054	0.073	0.563	0.101	0.330	0.059	0.062	0.062	0.045	0.048	0.059	0.057	0.535	0.082	0.085	0.066	0.055	0.060	0.059	0.092	0.045	0.045	0.048	0.045	0.045	0.045	0.045	0.048	0.048	0.048	0.048	0.045	0.045
40:00:44	21.7	0.044	0.044	0.049	0.046	0.045	0.047	0.044	0.045	0.046	0.045	0.047	0.045	0.045	0.053	0.351	0.063	0.119	0.639	0.095	0.107	0.361	0.055	0.412	0.047	0.044	0.060	0.055	0.331	0.618	0.103	0.097	0.098	0.061	0.352	0.065	0.046	0.046	0.220	0.058	0.060	0.090	0.093	0.127	0.253	0.058	0.059	0.062	0.046	0.045	0.059	0.331	0.061	0.613	0.084	0.627	0.055	0.338	0.056	0.056	0.045	0.375	0.299	0.056	0.054	0.073	0.589	0.099	0.339	0.059	0.062	0.061	0.045	0.048	0.059	0.057	0.552	0.082	0.086	0.066	0.055	0.060	0.059	0.093	0.044	0.045	0.048	0.044	0.045	0.044	0.045	0.047	0.047	0.047	0.048	0.045	0.045
41:00:46	21.6	0.044	0.044	0.049	0.047	0.045	0.047	0.044	0.045	0.046	0.045	0.047	0.045	0.045	0.054	0.359	0.063	0.122	0.662	0.097	0.110	0.367	0.056	0.417	0.047	0.044	0.060	0.055	0.336	0.641	0.105	0.095	0.100	0.061	0.359	0.065	0.047	0.047	0.225	0.058	0.060	0.091	0.094	0.131	0.254	0.059	0.059	0.062	0.046	0.045	0.059	0.335	0.061	0.636	0.085	0.649	0.055	0.346	0.056	0.057	0.045	0.398	0.305	0.056	0.054	0.074	0.614	0.102	0.347	0.059	0.061	0.061	0.045	0.048	0.059	0.058	0.570	0.083	0.087	0.064	0.055	0.060	0.060	0.094	0.045	0.045	0.048	0.045	0.045	0.045	0.045	0.047	0.048	0.048	0.048	0.045	0.045
42:00:46	21.5	0.044	0.044	0.049	0.047	0.045	0.047	0.044	0.045	0.046	0.045	0.047	0.045	0.045	0.053	0.366	0.063	0.125	0.684	0.098	0.112	0.370	0.056	0.421	0.047	0.044	0.060	0.054	0.339	0.661	0.106	0.095	0.102	0.061	0.364	0.065	0.047	0.046	0.230	0.058	0.060	0.092	0.095	0.134	0.255	0.058	0.059	0.062	0.046	0.045	0.059	0.339	0.061	0.661	0.086	0.672	0.054	0.352	0.056	0.057	0.045	0.422	0.309	0.056	0.054	0.075	0.639	0.100	0.353	0.058	0.061	0.061	0.045	0.048	0.059	0.058	0.587	0.083	0.089	0.063	0.055	0.059	0.060	0.095	0.045	0.045	0.048	0.045	0.045	0.045	0.044	0.048	0.048	0.047	0.048	0.045	0.045
43:00:49	21.6	0.044	0.044	0.049	0.047	0.045	0.047	0.044	0.045	0.046	0.045	0.047	0.045	0.045	0.053	0.370	0.062	0.128	0.708	0.099	0.118	0.376	0.056	0.425	0.047	0.044	0.059	0.054	0.346	0.683	0.110	0.097	0.106	0.061	0.369	0.065	0.046	0.046	0.233	0.058	0.060	0.093	0.096	0.137	0.254	0.058	0.059	0.061	0.046	0.045	0.059	0.341	0.061	0.683	0.086	0.697	0.054	0.358	0.055	0.056	0.045	0.443	0.309	0.056	0.054	0.075	0.664	0.103	0.358	0.058	0.061	0.060	0.045	0.048	0.059	0.058	0.603	0.084	0.087	0.062	0.055	0.059	0.060	0.095	0.044	0.045	0.048	0.044	0.045	0.044	0.045	0.048	0.048	0.047	0.047	0.045	0.044
44:00:49	21.7	0.044	0.044	0.049	0.047	0.045	0.047	0.044	0.045	0.046	0.046	0.047	0.045	0.045	0.054	0.377	0.063	0.131	0.729	0.100	0.117	0.375	0.055	0.425	0.047	0.044	0.060	0.054	0.345	0.703	0.110	0.096	0.105	0.061	0.371	0.065	0.046	0.046	0.235	0.059	0.059	0.095	0.097	0.141	0.253	0.059	0.059	0.062	0.046	0.045	0.059	0.343	0.061	0.707	0.088	0.717	0.054	0.360	0.056	0.057	0.045	0.465	0.312	0.056	0.054	0.075	0.686	0.098	0.363	0.058	0.061	0.061	0.045	0.048	0.060	0.057	0.617	0.085	0.085	0.063	0.055	0.059	0.061	0.097	0.045	0.045	0.048	0.045	0.045	0.045	0.045	0.048	0.048	0.047	0.048	0.045	0.045
45:00:50	21.8	0.044	0.044	0.049	0.047	0.045	0.046	0.044	0.045	0.046	0.045	0.047	0.045	0.045	0.054	0.380	0.063	0.134	0.748	0.100	0.120	0.376	0.055	0.426	0.047	0.044	0.061	0.055	0.344	0.723	0.112	0.096	0.107	0.060	0.372	0.064	0.046	0.046	0.237	0.058	0.059	0.096	0.098	0.143	0.251	0.058	0.059	0.062	0.046	0.045	0.060	0.344	0.060	0.730	0.089	0.737	0.054	0.364	0.056	0.057	0.045	0.484	0.314	0.056	0.054	0.076	0.706	0.100	0.366	0.058	0.061	0.061	0.045	0.048	0.060	0.057	0.632	0.086	0.086	0.060	0.055	0.059	0.061	0.099	0.045	0.045	0.048	0.045	0.045	0.045	0.045	0.047	0.048	0.047	0.048	0.045	0.045
46:00:51	22.1	0.044	0.044	0.049	0.047	0.045	0.046	0.044	0.045	0.045	0.045	0.047	0.045	0.045	0.055	0.383	0.063	0.138	0.768	0.101	0.123	0.377	0.055	0.424	0.047	0.044	0.061	0.054	0.345	0.742	0.114	0.092	0.109	0.060	0.374	0.064	0.046	0.046	0.239	0.058	0.059	0.098	0.099	0.146	0.250	0.058	0.059	0.062	0.046	0.045	0.059	0.344	0.060	0.750	0.090	0.756	0.054	0.367	0.056	0.057	0.045	0.503	0.316	0.055	0.054	0.077	0.728	0.101	0.368	0.058	0.061	0.061	0.045	0.048	0.060	0.057	0.647	0.086	0.086	0.060	0.055	0.059	0.060	0.100	0.045	0.045	0.048	0.045	0.045	0.044	0.044	0.048	0.048	0.047	0.048	0.045	0.045
47:00:51	22.2	0.044	0.044	0.049	0.047	0.045	0.047	0.045	0.045	0.046	0.046	0.047	0.045	0.045	0.056	0.386	0.063	0.140	0.787	0.101	0.126	0.378	0.055	0.422	0.048	0.044	0.061	0.055	0.344	0.759	0.116	0.091	0.112	0.061	0.375	0.064	0.047	0.046	0.240	0.059	0.059	0.099	0.101	0.150	0.250	0.058	0.059	0.062	0.046	0.045	0.060	0.345	0.060	0.768	0.091	0.774	0.054	0.369	0.056	0.057	0.045	0.524	0.316	0.056	0.054	0.076	0.747	0.102	0.370	0.058	0.061	0.061	0.045	0.048	0.061	0.059	0.664	0.087	0.086	0.060	0.055	0.059	0.061	0.102	0.045	0.045	0.048	0.045	0.045	0.045	0.045	0.048	0.048	0.048	0.048	0.045	0.045
48:00:53	22.3	0.044	0.044	0.049	0.047	0.045	0.047	0.044	0.045	0.046	0.045	0.047	0.045	0.045	0.056	0.388	0.063	0.144	0.805	0.103	0.128	0.377	0.055	0.420	0.047	0.044	0.060	0.054	0.344	0.777	0.118	0.093	0.114	0.060	0.374	0.064	0.046	0.046	0.241	0.059	0.058	0.101	0.102	0.153	0.248	0.058	0.058	0.062	0.046	0.045	0.060	0.344	0.060	0.787	0.092	0.793	0.053	0.370	0.055	0.057	0.045	0.540	0.315	0.056	0.053	0.076	0.769	0.102	0.371	0.058	0.060	0.060	0.045	0.048	0.061	0.057	0.677	0.088	0.086	0.059	0.054	0.059	0.060	0.103	0.045	0.045	0.048	0.045	0.045	0.045	0.045	0.047	0.048	0.047	0.048	0.045	0.045
49:00:52	22.4	0.044	0.044	0.048	0.047	0.045	0.047	0.044	0.044	0.046	0.045	0.047	0.045	0.045	0.056	0.390	0.063	0.147	0.821	0.104	0.132	0.376	0.054	0.418	0.047	0.044	0.060	0.054	0.342	0.793	0.120	0.094	0.116	0.060	0.375	0.063	0.046	0.046	0.242	0.058	0.058	0.102	0.103	0.156	0.249	0.058	0.058	0.061	0.046	0.045	0.060	0.344	0.059	0.805	0.094	0.811	0.053	0.371	0.055	0.056	0.045	0.557	0.315	0.055	0.053	0.076	0.787	0.102	0.372	0.057	0.060	0.061	0.045	0.048	0.061	0.057	0.691	0.089	0.087	0.059	0.054	0.059	0.060	0.105	0.045	0.045	0.048	0.045	0.045	0.044	0.045	0.047	0.047	0.047	0.048	0.045	0.045
50:00:54	22.5	0.044	0.044	0.049	0.047	0.045	0.047	0.044	0.045	0.046	0.045	0.047	0.045	0.045	0.057	0.392	0.063	0.150	0.840	0.107	0.135	0.375	0.055	0.416	0.047	0.044	0.061	0.054	0.340	0.811	0.123	0.096	0.118	0.060	0.375	0.063	0.046	0.046	0.243	0.058	0.058	0.105	0.105	0.159	0.249	0.058	0.058	0.061	0.046	0.045	0.060	0.345	0.059	0.825	0.095	0.830	0.053	0.372	0.055	0.056	0.045	0.572	0.316	0.055	0.053	0.077	0.807	0.103	0.372	0.057	0.060	0.061	0.045	0.048	0.061	0.057	0.706	0.090	0.088	0.059	0.054	0.058	0.061	0.107	0.045	0.045	0.048	0.045	0.045	0.044	0.044	0.047	0.048	0.047	0.048	0.045	0.045
51:00:55	22.4	0.044	0.044	0.049	0.047	0.045	0.047	0.044	0.045	0.046	0.045	0.047	0.045	0.045	0.057	0.394	0.062	0.154	0.857	0.109	0.139	0.374	0.054	0.414	0.047	0.044	0.061	0.054	0.339	0.830	0.125	0.098	0.122	0.061	0.374	0.063	0.046	0.046	0.245	0.058	0.057	0.107	0.107	0.162	0.249	0.058	0.058	0.061	0.046	0.045	0.060	0.344	0.059	0.842	0.097	0.849	0.053	0.372	0.055	0.056	0.045	0.586	0.318	0.055	0.053	0.077	0.829	0.105	0.372	0.057	0.059	0.060	0.045	0.048	0.061	0.059	0.721	0.092	0.089	0.059	0.054	0.058	0.061	0.110	0.045	0.045	0.048	0.045	0.045	0.044	0.045	0.047	0.048	0.047	0.048	0.045	0.045
52:00:56	22.4	0.044	0.044	0.048	0.047	0.045	0.047	0.044	0.045	0.046	0.046	0.047	0.045	0.045	0.057	0.396	0.062	0.157	0.874	0.111	0.142	0.372	0.054	0.413	0.047	0.044	0.061	0.054	0.338	0.846	0.128	0.100	0.124	0.061	0.374	0.063	0.046	0.046	0.247	0.058	0.057	0.109	0.109	0.166	0.250	0.058	0.058	0.061	0.046	0.045	0.059	0.344	0.059	0.862	0.099	0.869	0.053	0.372	0.055	0.056	0.045	0.597	0.320	0.055	0.054	0.078	0.846	0.106	0.372	0.057	0.059	0.060	0.045	0.048	0.061	0.056	0.734	0.094	0.090	0.060	0.054	0.058	0.062	0.112	0.045	0.045	0.048	0.045	0.045	0.045	0.044	0.047	0.048	0.047	0.048	0.045	0.045
53:00:58	22.3	0.044	0.044	0.049	0.047	0.045	0.047	0.044	0.045	0.046	0.046	0.047	0.045	0.045	0.057	0.399	0.062	0.159	0.891	0.113	0.146	0.372	0.054	0.411	0.047	0.044	0.061	0.054	0.338	0.863	0.131	0.102	0.127	0.061	0.376	0.063	0.046	0.046	0.249	0.058	0.057	0.112	0.110	0.168	0.251	0.058	0.057	0.061	0.046	0.045	0.060	0.345	0.059	0.881	0.101	0.887	0.053	0.372	0.055	0.056	0.045	0.610	0.321	0.055	0.054	0.079	0.868	0.107	0.373	0.057	0.059	0.060	0.045	0.048	0.061	0.056	0.748	0.096	0.091	0.059	0.054	0.058	0.063	0.115	0.045	0.045	0.048	0.045	0.045	0.045	0.045	0.047	0.048	0.047	0.048	0.046	0.045
54:00:58	22.2	0.044	0.044	0.049	0.047	0.045	0.047	0.044	0.045	0.046	0.046	0.047	0.045	0.046	0.057	0.402	0.062	0.162	0.909	0.115	0.149	0.371	0.055	0.409	0.047	0.044	0.061	0.054	0.339	0.880	0.133	0.103	0.130	0.061	0.376	0.063	0.047	0.046	0.251	0.058	0.057	0.115	0.113	0.171	0.252	0.059	0.057	0.061	0.046	0.045	0.059	0.346	0.059	0.899	0.103	0.906	0.053	0.373	0.055	0.056	0.045	0.617	0.324	0.055	0.053	0.080	0.889	0.109	0.374	0.057	0.059	0.060	0.045	0.048	0.060	0.057	0.760	0.097	0.092	0.060	0.054	0.058	0.063	0.119	0.045	0.045	0.048	0.045	0.045	0.045	0.045	0.047	0.048	0.048	0.048	0.045	0.045
55:01:00	22.1	0.044	0.044	0.049	0.047	0.045	0.047	0.044	0.045	0.046	0.045	0.047	0.045	0.045	0.057	0.405	0.061	0.164	0.924	0.117	0.152	0.371	0.054	0.408	0.047	0.044	0.061	0.053	0.338	0.898	0.135	0.104	0.131	0.060	0.377	0.063	0.046	0.046	0.253	0.057	0.056	0.119	0.115	0.174	0.252	0.059	0.057	0.061	0.046	0.045	0.059	0.347	0.058	0.919	0.105	0.924	0.053	0.372	0.054	0.056	0.045	0.624	0.326	0.054	0.053	0.080	0.909	0.110	0.374	0.057	0.059	0.059	0.045	0.048	0.060	0.057	0.772	0.098	0.093	0.059	0.054	0.058	0.063	0.123	0.045	0.044	0.048	0.044	0.045	0.045	0.044	0.047	0.048	0.047	0.048	0.045	0.045
56:01:00	21.9	0.044	0.044	0.049	0.047	0.045	0.047	0.045	0.045	0.046	0.046	0.047	0.045	0.045	0.058	0.408	0.061	0.167	0.941	0.119	0.156	0.371	0.055	0.406	0.047	0.044	0.061	0.054	0.340	0.915	0.137	0.106	0.134	0.061	0.379	0.063	0.047	0.046	0.255	0.058	0.056	0.123	0.117	0.178	0.254	0.059	0.057	0.061	0.046	0.045	0.059	0.349	0.058	0.936	0.107	0.943	0.053	0.372	0.055	0.056	0.045	0.628	0.329	0.055	0.053	0.082	0.930	0.112	0.374	0.057	0.059	0.059	0.045	0.048	0.059	0.056	0.784	0.099	0.094	0.060	0.055	0.057	0.064	0.128	0.045	0.045	0.048	0.045	0.045	0.045	0.045	0.048	0.048	0.047	0.048	0.045	0.045
57:01:01	21.8	0.044	0.044	0.048	0.047	0.045	0.047	0.044	0.045	0.046	0.045	0.047	0.045	0.045	0.057	0.411	0.060	0.169	0.958	0.122	0.158	0.370	0.054	0.406	0.047	0.044	0.060	0.053	0.341	0.931	0.139	0.108	0.137	0.061	0.380	0.063	0.047	0.046	0.257	0.057	0.056	0.127	0.119	0.181	0.256	0.059	0.056	0.060	0.046	0.045	0.059	0.351	0.058	0.953	0.109	0.960	0.053	0.371	0.054	0.055	0.045	0.634	0.332	0.054	0.053	0.082	0.948	0.113	0.374	0.056	0.059	0.060	0.045	0.048	0.059	0.055	0.796	0.101	0.095	0.059	0.054	0.057	0.065	0.134	0.045	0.045	0.048	0.045	0.045	0.045	0.044	0.047	0.048	0.047	0.048	0.045	0.045
58:01:01	21.6	0.044	0.044	0.049	0.047	0.045	0.047	0.044	0.045	0.046	0.046	0.047	0.045	0.045	0.057	0.414	0.060	0.172	0.973	0.124	0.162	0.371	0.055	0.405	0.047	0.044	0.060	0.054	0.343	0.948	0.141	0.110	0.140	0.061	0.383	0.063	0.046	0.046	0.259	0.057	0.056	0.130	0.121	0.183	0.258	0.060	0.056	0.060	0.046	0.045	0.059	0.354	0.058	0.970	0.112	0.976	0.053	0.371	0.054	0.055	0.045	0.640	0.334	0.055	0.053	0.084	0.967	0.115	0.375	0.056	0.059	0.060	0.045	0.048	0.058	0.055	0.806	0.103	0.097	0.060	0.055	0.057	0.065	0.140	0.045	0.045	0.048	0.045	0.045	0.044	0.044	0.048	0.048	0.048	0.048	0.045	0.045
59:01:02	21.5	0.044	0.044	0.049	0.047	0.045	0.047	0.044	0.045	0.046	0.046	0.047	0.045	0.045	0.057	0.418	0.060	0.175	0.987	0.127	0.178	0.371	0.054	0.406	0.047	0.044	0.060	0.053	0.345	0.963	0.143	0.112	0.140	0.061	0.384	0.062	0.047	0.046	0.262	0.057	0.056	0.135	0.123	0.186	0.261	0.060	0.056	0.060	0.046	0.045	0.059	0.357	0.057	0.986	0.115	0.991	0.052	0.372	0.054	0.055	0.045	0.646	0.338	0.054	0.053	0.085	0.984	0.117	0.376	0.056	0.059	0.060	0.045	0.048	0.058	0.056	0.818	0.106	0.098	0.060	0.055	0.057	0.066	0.146	0.045	0.045	0.048	0.045	0.045	0.044	0.044	0.047	0.048	0.047	0.047	0.045	0.045
60:01:04	21.4	0.044	0.044	0.049	0.047	0.045	0.047	0.044	0.045	0.046	0.045	0.047	0.045	0.045	0.057	0.421	0.059	0.177	1.002	0.130	0.281	0.373	0.055	0.406	0.047	0.044	0.061	0.053	0.348	0.978	0.145	0.114	0.144	0.061	0.387	0.062	0.046	0.046	0.264	0.057	0.055	0.138	0.125	0.189	0.262	0.061	0.056	0.060	0.046	0.045	0.059	0.360	0.057	1.002	0.118	1.005	0.052	0.372	0.054	0.055	0.045	0.652	0.341	0.054	0.053	0.086	1.001	0.119	0.377	0.056	0.058	0.060	0.045	0.048	0.058	0.056	0.828	0.107	0.100	0.061	0.055	0.057	0.066	0.153	0.045	0.045	0.048	0.045	0.045	0.044	0.044	0.048	0.047	0.047	0.047	0.045	0.045
61:01:04	21.2	0.044	0.044	0.048	0.047	0.045	0.047	0.044	0.045	0.046	0.045	0.047	0.045	0.045	0.058	0.425	0.059	0.180	1.016	0.133	0.262	0.374	0.055	0.407	0.047	0.044	0.061	0.053	0.351	0.994	0.147	0.117	0.148	0.061	0.389	0.063	0.047	0.046	0.267	0.058	0.055	0.142	0.128	0.192	0.265	0.063	0.056	0.059	0.046	0.045	0.060	0.364	0.058	1.017	0.121	1.020	0.052	0.373	0.054	0.055	0.045	0.660	0.345	0.054	0.054	0.088	1.017	0.121	0.380	0.056	0.058	0.060	0.045	0.048	0.058	0.055	0.838	0.110	0.102	0.061	0.055	0.056	0.067	0.160	0.045	0.045	0.048	0.045	0.045	0.045	0.045	0.047	0.048	0.047	0.047	0.045	0.045
62:01:07	21.1	0.044	0.044	0.049	0.047	0.045	0.047	0.044	0.045	0.046	0.046	0.047	0.045	0.045	0.058	0.429	0.059	0.183	1.028	0.136	0.258	0.377	0.055	0.409	0.047	0.044	0.061	0.053	0.353	1.006	0.150	0.119	0.152	0.061	0.392	0.062	0.046	0.047	0.269	0.058	0.055	0.146	0.130	0.195	0.268	0.065	0.055	0.059	0.047	0.045	0.061	0.368	0.058	1.031	0.125	1.033	0.052	0.375	0.054	0.055	0.045	0.662	0.349	0.054	0.054	0.089	1.032	0.123	0.380	0.056	0.058	0.060	0.045	0.048	0.058	0.055	0.847	0.112	0.104	0.062	0.055	0.056	0.068	0.170	0.045	0.045	0.048	0.045	0.045	0.044	0.045	0.048	0.048	0.047	0.048	0.045	0.045
63:01:06	21.1	0.044	0.044	0.049	0.047	0.045	0.047	0.044	0.045	0.046	0.045	0.047	0.045	0.046	0.058	0.432	0.058	0.185	1.041	0.139	0.261	0.378	0.055	0.410	0.047	0.044	0.061	0.053	0.357	1.021	0.151	0.121	0.158	0.062	0.395	0.062	0.047	0.046	0.272	0.058	0.055	0.150	0.133	0.200	0.272	0.067	0.056	0.059	0.047	0.045	0.061	0.372	0.058	1.044	0.129	1.047	0.052	0.376	0.054	0.055	0.045	0.668	0.353	0.054	0.054	0.092	1.060	0.125	0.382	0.056	0.058	0.060	0.045	0.048	0.058	0.055	0.857	0.114	0.107	0.063	0.055	0.056	0.069	0.179	0.045	0.045	0.048	0.045	0.045	0.044	0.045	0.047	0.048	0.047	0.048	0.045	0.045
64:01:08	21.0	0.044	0.044	0.048	0.046	0.045	0.047	0.044	0.044	0.045	0.045	0.047	0.044	0.045	0.058	0.436	0.058	0.188	1.053	0.142	0.260	0.381	0.055	0.412	0.047	0.044	0.061	0.053	0.359	1.032	0.153	0.124	0.154	0.063	0.398	0.062	0.046	0.046	0.274	0.059	0.054	0.153	0.135	0.203	0.274	0.070	0.055	0.059	0.046	0.044	0.062	0.375	0.058	1.056	0.133	1.060	0.052	0.378	0.054	0.055	0.045	0.673	0.356	0.054	0.054	0.094	1.073	0.127	0.384	0.056	0.058	0.060	0.044	0.048	0.058	0.056	0.866	0.117	0.110	0.063	0.056	0.056	0.069	0.186	0.044	0.044	0.048	0.044	0.045	0.044	0.044	0.047	0.048	0.047	0.047	0.045	0.045
65:01:09	20.9	0.044	0.044	0.049	0.047	0.045	0.047	0.044	0.045	0.046	0.045	0.047	0.045	0.045	0.059	0.440	0.058	0.191	1.064	0.146	0.263	0.383	0.055	0.414	0.048	0.044	0.061	0.053	0.363	1.043	0.156	0.127	0.158	0.064	0.401	0.063	0.046	0.046	0.277	0.060	0.055	0.157	0.138	0.207	0.278	0.075	0.056	0.059	0.046	0.045	0.064	0.380	0.059	1.066	0.138	1.070	0.052	0.380	0.054	0.055	0.045	0.678	0.360	0.054	0.055	0.097	1.079	0.129	0.386	0.057	0.058	0.061	0.045	0.048	0.059	0.055	0.874	0.119	0.112	0.064	0.056	0.056	0.070	0.194	0.045	0.045	0.048	0.045	0.045	0.045	0.045	0.048	0.048	0.048	0.048	0.045	0.045
66:01:11	20.9	0.044	0.044	0.049	0.047	0.045	0.047	0.044	0.045	0.046	0.046	0.047	0.045	0.045	0.059	0.444	0.058	0.193	1.075	0.148	0.263	0.386	0.055	0.417	0.047	0.044	0.062	0.053	0.367	1.054	0.157	0.130	0.167	0.065	0.404	0.062	0.046	0.046	0.279	0.061	0.055	0.162	0.142	0.211	0.282	0.081	0.056	0.059	0.046	0.045	0.066	0.385	0.059	1.075	0.143	1.082	0.053	0.381	0.054	0.055	0.045	0.681	0.364	0.054	0.055	0.099	1.089	0.132	0.389	0.057	0.059	0.061	0.045	0.048	0.059	0.055	0.882	0.122	0.116	0.065	0.057	0.056	0.071	0.203	0.045	0.045	0.048	0.045	0.045	0.045	0.045	0.048	0.048	0.048	0.048	0.045	0.045
67:01:09	21.0	0.044	0.044	0.049	0.047	0.045	0.047	0.044	0.044	0.045	0.045	0.047	0.044	0.045	0.059	0.447	0.058	0.195	1.084	0.152	0.255	0.389	0.055	0.420	0.047	0.044	0.062	0.053	0.370	1.065	0.159	0.132	0.175	0.065	0.408	0.062	0.046	0.046	0.281	0.062	0.055	0.166	0.145	0.216	0.285	0.088	0.055	0.059	0.046	0.045	0.068	0.389	0.059	1.083	0.149	1.092	0.053	0.383	0.054	0.055	0.045	0.682	0.368	0.054	0.055	0.101	1.098	0.135	0.391	0.058	0.059	0.061	0.045	0.048	0.059	0.054	0.891	0.124	0.120	0.065	0.057	0.056	0.071	0.213	0.045	0.045	0.048	0.044	0.045	0.044	0.044	0.047	0.048	0.047	0.047	0.045	0.045
68:01:12	21.1	0.044	0.044	0.049	0.047	0.045	0.047	0.044	0.045	0.045	0.045	0.047	0.044	0.045	0.060	0.450	0.058	0.198	1.095	0.156	0.256	0.392	0.056	0.423	0.047	0.044	0.062	0.054	0.373	1.074	0.161	0.135	0.181	0.067	0.411	0.062	0.046	0.046	0.283	0.064	0.055	0.171	0.147	0.221	0.289	0.095	0.055	0.059	0.046	0.045	0.072	0.395	0.059	1.090	0.156	1.103	0.053	0.385	0.054	0.055	0.044	0.684	0.372	0.054	0.056	0.103	1.107	0.137	0.394	0.058	0.059	0.062	0.045	0.048	0.059	0.055	0.898	0.127	0.125	0.066	0.058	0.055	0.072	0.224	0.044	0.045	0.048	0.044	0.045	0.044	0.044	0.047	0.048	0.047	0.047	0.045	0.045
69:01:12	21.2	0.044	0.044	0.049	0.047	0.045	0.047	0.044	0.045	0.046	0.045	0.047	0.044	0.045	0.061	0.453	0.059	0.201	1.103	0.160	0.256	0.395	0.056	0.425	0.047	0.044	0.062	0.054	0.376	1.082	0.164	0.138	0.187	0.069	0.414	0.062	0.046	0.046	0.285	0.067	0.055	0.177	0.150	0.227	0.292	0.105	0.055	0.059	0.046	0.045	0.077	0.399	0.060	1.098	0.163	1.113	0.054	0.387	0.054	0.055	0.045	0.688	0.377	0.054	0.057	0.106	1.115	0.140	0.397	0.059	0.059	0.063	0.044	0.048	0.060	0.055	0.905	0.130	0.129	0.067	0.059	0.055	0.073	0.236	0.045	0.045	0.048	0.044	0.045	0.045	0.045	0.047	0.048	0.047	0.047	0.045	0.045
70:01:18	21.6	0.044	0.044	0.049	0.046	0.045	0.047	0.044	0.045	0.046	0.045	0.047	0.045	0.045	0.062	0.457	0.060	0.205	1.113	0.165	0.259	0.399	0.056	0.429	0.047	0.044	0.063	0.055	0.379	1.090	0.166	0.141	0.194	0.071	0.418	0.062	0.046	0.046	0.288	0.071	0.055	0.185	0.153	0.233	0.296	0.117	0.056	0.059	0.046	0.045	0.083	0.404	0.062	1.098	0.171	1.119	0.054	0.389	0.055	0.056	0.045	0.684	0.382	0.054	0.059	0.108	1.125	0.142	0.400	0.060	0.060	0.063	0.045	0.048	0.060	0.055	0.913	0.132	0.133	0.068	0.061	0.055	0.073	0.250	0.044	0.044	0.048	0.045	0.045	0.044	0.044	0.047	0.048	0.047	0.048	0.045	0.045
71:01:17	21.8	0.044	0.044	0.049	0.047	0.045	0.047	0.044	0.045	0.046	0.045	0.047	0.044	0.045	0.063	0.460	0.060	0.207	1.121	0.169	0.261	0.404	0.056	0.434	0.047	0.044	0.063	0.055	0.383	1.099	0.168	0.143	0.199	0.073	0.422	0.062	0.046	0.046	0.290	0.076	0.056	0.193	0.156	0.240	0.300	0.130	0.056	0.059	0.046	0.045	0.089	0.410	0.063	1.105	0.179	1.126	0.055	0.392	0.055	0.056	0.045	0.688	0.387	0.054	0.060	0.110	1.131	0.145	0.403	0.061	0.060	0.064	0.044	0.048	0.060	0.055	0.920	0.137	0.140	0.070	0.062	0.055	0.074	0.264	0.044	0.044	0.048	0.044	0.045	0.044	0.044	0.047	0.048	0.047	0.048	0.045	0.044
72:01:15	22.1	0.043	0.044	0.048	0.047	0.045	0.047	0.044	0.044	0.046	0.045	0.047	0.044	0.045	0.064	0.464	0.060	0.210	1.129	0.173	0.269	0.407	0.056	0.438	0.047	0.044	0.063	0.056	0.388	1.106	0.172	0.147	0.204	0.077	0.426	0.062	0.046	0.046	0.293	0.083	0.055	0.203	0.160	0.247	0.305	0.140	0.056	0.059	0.046	0.045	0.097	0.416	0.064	1.111	0.188	1.132	0.056	0.395	0.056	0.057	0.045	0.691	0.392	0.053	0.062	0.111	1.137	0.148	0.407	0.063	0.061	0.066	0.045	0.048	0.061	0.055	0.927	0.139	0.147	0.071	0.065	0.055	0.075	0.279	0.044	0.045	0.048	0.045	0.045	0.044	0.044	0.047	0.048	0.047	0.048	0.045	0.045

