Time	T° 600	A1	A2	A3	A4	A5	A6	A7	A8	A9	A10	A11	A12	B1	B2	B3	B4	B5	B6	B7	B8	B9	B10	B11	B12	C1	C2	C3	C4	C5	C6	C7	C8	C9	C10	C11	C12	D1	D2	D3	D4	D5	D6	D7	D8	D9	D10	D11	D12	E1	E2	E3	E4	E5	E6	E7	E8	E9	E10	E11	E12	F1	F2	F3	F4	F5	F6	F7	F8	F9	F10	F11	F12	G1	G2	G3	G4	G5	G6	G7	G8	G9	G10	G11	G12	H1	H2	H3	H4	H5	H6	H7	H8	H9	H10	H11	H12
0:00:06	18.7	0.093	0.092	0.092	0.091	0.091	0.092	0.091	0.091	0.091	0.091	0.091	0.093	0.091	0.095	0.098	0.098	0.096	0.097	0.097	0.098	0.096	0.096	0.098	0.094	0.091	0.095	0.098	0.097	0.098	0.103	0.098	0.098	0.099	0.099	0.100	0.094	0.090	0.095	0.096	0.097	0.099	0.097	0.098	0.097	0.097	0.101	0.097	0.093	0.092	0.097	0.098	0.097	0.097	0.096	0.094	0.096	0.095	0.098	0.095	0.092	0.095	0.097	0.099	0.096	0.095	0.095	0.097	0.097	0.099	0.096	0.095	0.091	0.093	0.096	0.095	0.095	0.097	0.098	0.102	0.099	0.098	0.100	0.096	0.091	0.093	0.091	0.092	0.092	0.091	0.091	0.093	0.092	0.093	0.094	0.091	0.092
1:00:04	19.2	0.094	0.092	0.092	0.092	0.092	0.093	0.092	0.091	0.092	0.092	0.092	0.094	0.092	0.097	0.100	0.100	0.098	0.099	0.098	0.098	0.097	0.098	0.100	0.094	0.092	0.097	0.100	0.097	0.098	0.104	0.097	0.098	0.098	0.098	0.101	0.094	0.092	0.098	0.097	0.098	0.099	0.097	0.099	0.098	0.098	0.101	0.099	0.094	0.092	0.099	0.098	0.098	0.098	0.098	0.096	0.096	0.096	0.097	0.097	0.092	0.095	0.100	0.099	0.098	0.098	0.097	0.099	0.098	0.101	0.097	0.097	0.092	0.094	0.098	0.098	0.098	0.100	0.100	0.103	0.100	0.100	0.103	0.099	0.092	0.094	0.092	0.093	0.093	0.093	0.092	0.094	0.094	0.094	0.094	0.093	0.093
2:00:05	19.3	0.094	0.092	0.092	0.092	0.092	0.093	0.092	0.092	0.092	0.092	0.093	0.094	0.092	0.098	0.099	0.100	0.099	0.100	0.099	0.099	0.099	0.099	0.100	0.095	0.092	0.098	0.100	0.098	0.098	0.105	0.098	0.099	0.099	0.099	0.103	0.095	0.092	0.099	0.097	0.099	0.101	0.099	0.100	0.099	0.099	0.103	0.100	0.094	0.093	0.100	0.099	0.099	0.099	0.099	0.096	0.097	0.097	0.098	0.098	0.092	0.095	0.101	0.100	0.099	0.099	0.097	0.099	0.098	0.102	0.098	0.098	0.091	0.094	0.099	0.099	0.099	0.101	0.102	0.104	0.101	0.101	0.104	0.099	0.092	0.094	0.093	0.093	0.093	0.093	0.092	0.094	0.094	0.094	0.095	0.093	0.093
3:00:06	19.3	0.094	0.093	0.092	0.092	0.092	0.093	0.092	0.092	0.092	0.092	0.093	0.094	0.092	0.100	0.099	0.102	0.101	0.100	0.101	0.101	0.100	0.101	0.101	0.095	0.092	0.100	0.102	0.099	0.099	0.108	0.098	0.100	0.101	0.099	0.106	0.094	0.092	0.100	0.099	0.101	0.104	0.100	0.102	0.100	0.101	0.105	0.101	0.094	0.093	0.101	0.101	0.101	0.101	0.101	0.097	0.099	0.097	0.100	0.100	0.092	0.096	0.102	0.101	0.100	0.101	0.098	0.101	0.098	0.104	0.098	0.100	0.092	0.095	0.101	0.100	0.100	0.102	0.104	0.105	0.102	0.103	0.107	0.101	0.092	0.095	0.093	0.093	0.093	0.093	0.093	0.094	0.094	0.095	0.095	0.093	0.093
4:00:07	19.3	0.094	0.093	0.093	0.092	0.092	0.093	0.092	0.092	0.092	0.093	0.093	0.094	0.092	0.102	0.099	0.105	0.103	0.101	0.104	0.104	0.103	0.104	0.102	0.095	0.092	0.102	0.105	0.099	0.099	0.111	0.098	0.103	0.103	0.099	0.109	0.095	0.092	0.103	0.101	0.104	0.108	0.103	0.105	0.103	0.103	0.108	0.101	0.094	0.093	0.104	0.104	0.103	0.104	0.103	0.097	0.101	0.097	0.103	0.103	0.092	0.095	0.105	0.103	0.103	0.103	0.098	0.103	0.098	0.108	0.099	0.103	0.092	0.094	0.103	0.103	0.102	0.105	0.107	0.105	0.105	0.105	0.110	0.104	0.092	0.095	0.093	0.093	0.094	0.093	0.092	0.094	0.094	0.095	0.095	0.093	0.093
5:00:08	19.2	0.094	0.093	0.093	0.092	0.092	0.093	0.093	0.092	0.093	0.093	0.093	0.095	0.092	0.107	0.099	0.109	0.108	0.102	0.110	0.109	0.109	0.110	0.102	0.096	0.093	0.107	0.109	0.100	0.100	0.117	0.098	0.107	0.108	0.100	0.114	0.095	0.092	0.108	0.105	0.109	0.113	0.107	0.110	0.107	0.108	0.113	0.102	0.094	0.093	0.108	0.108	0.108	0.109	0.108	0.097	0.105	0.097	0.108	0.109	0.093	0.096	0.109	0.107	0.108	0.108	0.098	0.109	0.099	0.115	0.099	0.107	0.092	0.095	0.107	0.108	0.107	0.110	0.112	0.106	0.110	0.111	0.115	0.109	0.092	0.095	0.093	0.094	0.094	0.093	0.093	0.095	0.094	0.095	0.095	0.094	0.094
6:00:08	19.2	0.094	0.093	0.093	0.092	0.092	0.093	0.093	0.092	0.093	0.093	0.093	0.095	0.092	0.116	0.099	0.116	0.116	0.102	0.120	0.118	0.118	0.119	0.103	0.095	0.093	0.115	0.116	0.101	0.100	0.126	0.098	0.114	0.115	0.100	0.125	0.095	0.092	0.117	0.112	0.116	0.123	0.116	0.119	0.114	0.116	0.121	0.102	0.094	0.093	0.116	0.116	0.115	0.117	0.115	0.097	0.113	0.097	0.116	0.119	0.092	0.095	0.117	0.113	0.115	0.116	0.098	0.116	0.099	0.126	0.101	0.116	0.092	0.095	0.115	0.117	0.114	0.118	0.122	0.107	0.120	0.120	0.124	0.117	0.093	0.095	0.094	0.094	0.094	0.093	0.093	0.095	0.094	0.095	0.095	0.094	0.093
7:00:10	19.2	0.094	0.093	0.093	0.092	0.093	0.094	0.093	0.092	0.093	0.093	0.093	0.095	0.092	0.131	0.099	0.128	0.132	0.102	0.139	0.134	0.133	0.135	0.104	0.095	0.093	0.130	0.128	0.102	0.100	0.143	0.099	0.127	0.129	0.100	0.143	0.095	0.093	0.132	0.123	0.130	0.138	0.130	0.134	0.127	0.132	0.136	0.103	0.094	0.093	0.129	0.130	0.128	0.131	0.130	0.097	0.128	0.098	0.133	0.136	0.093	0.096	0.129	0.125	0.128	0.130	0.098	0.131	0.099	0.143	0.102	0.130	0.092	0.095	0.127	0.131	0.127	0.131	0.137	0.108	0.136	0.136	0.140	0.133	0.092	0.095	0.094	0.094	0.094	0.093	0.093	0.095	0.094	0.096	0.095	0.094	0.094
8:00:10	19.1	0.094	0.093	0.093	0.092	0.093	0.094	0.093	0.093	0.093	0.093	0.094	0.095	0.092	0.157	0.100	0.151	0.158	0.103	0.171	0.161	0.160	0.165	0.105	0.096	0.093	0.154	0.152	0.103	0.101	0.173	0.099	0.149	0.154	0.101	0.172	0.095	0.093	0.156	0.145	0.154	0.164	0.157	0.160	0.150	0.159	0.163	0.104	0.095	0.093	0.153	0.151	0.149	0.158	0.153	0.098	0.153	0.098	0.160	0.164	0.093	0.096	0.151	0.145	0.154	0.157	0.099	0.156	0.100	0.170	0.102	0.153	0.092	0.095	0.148	0.157	0.150	0.155	0.163	0.109	0.162	0.165	0.167	0.159	0.093	0.095	0.094	0.094	0.094	0.094	0.095	0.095	0.094	0.097	0.096	0.094	0.094
9:00:12	19.1	0.094	0.093	0.093	0.093	0.093	0.094	0.093	0.093	0.093	0.093	0.093	0.095	0.093	0.199	0.100	0.186	0.203	0.103	0.215	0.200	0.201	0.206	0.106	0.096	0.093	0.191	0.187	0.104	0.101	0.215	0.099	0.188	0.193	0.101	0.213	0.095	0.092	0.190	0.185	0.199	0.199	0.198	0.196	0.192	0.206	0.198	0.104	0.095	0.093	0.188	0.192	0.194	0.208	0.187	0.098	0.192	0.098	0.200	0.208	0.093	0.095	0.184	0.175	0.201	0.201	0.099	0.201	0.100	0.205	0.103	0.195	0.092	0.095	0.179	0.195	0.183	0.192	0.204	0.109	0.196	0.206	0.206	0.198	0.093	0.095	0.094	0.094	0.094	0.094	0.102	0.095	0.094	0.095	0.095	0.094	0.094
10:00:12	19.0	0.094	0.093	0.093	0.092	0.093	0.094	0.093	0.093	0.093	0.093	0.093	0.095	0.092	0.243	0.100	0.221	0.238	0.104	0.251	0.237	0.235	0.242	0.107	0.096	0.093	0.233	0.220	0.105	0.102	0.248	0.099	0.223	0.225	0.101	0.246	0.095	0.093	0.226	0.225	0.244	0.229	0.232	0.231	0.223	0.241	0.227	0.105	0.095	0.093	0.221	0.229	0.236	0.254	0.226	0.097	0.230	0.098	0.234	0.245	0.093	0.095	0.214	0.209	0.233	0.233	0.099	0.226	0.101	0.234	0.105	0.234	0.092	0.095	0.215	0.230	0.215	0.225	0.240	0.110	0.231	0.234	0.240	0.236	0.093	0.095	0.094	0.094	0.094	0.094	0.095	0.095	0.094	0.095	0.095	0.094	0.094
11:00:14	18.9	0.094	0.093	0.093	0.093	0.093	0.094	0.093	0.093	0.093	0.093	0.094	0.095	0.092	0.281	0.100	0.254	0.273	0.105	0.284	0.267	0.277	0.276	0.108	0.096	0.093	0.270	0.246	0.106	0.103	0.279	0.099	0.259	0.264	0.101	0.284	0.095	0.093	0.258	0.253	0.280	0.261	0.272	0.258	0.263	0.299	0.257	0.106	0.095	0.093	0.250	0.261	0.276	0.293	0.258	0.098	0.255	0.098	0.287	0.292	0.093	0.096	0.256	0.242	0.272	0.278	0.099	0.260	0.101	0.266	0.106	0.269	0.093	0.095	0.253	0.259	0.259	0.256	0.282	0.112	0.285	0.277	0.271	0.271	0.093	0.095	0.094	0.094	0.094	0.094	0.101	0.096	0.095	0.095	0.095	0.094	0.094
12:00:15	18.9	0.094	0.093	0.093	0.092	0.093	0.094	0.093	0.093	0.093	0.093	0.093	0.095	0.092	0.332	0.100	0.305	0.335	0.106	0.349	0.316	0.327	0.331	0.108	0.096	0.093	0.313	0.294	0.108	0.103	0.326	0.099	0.311	0.319	0.102	0.336	0.095	0.093	0.297	0.286	0.344	0.311	0.313	0.302	0.292	0.348	0.323	0.106	0.095	0.093	0.304	0.292	0.320	0.334	0.287	0.098	0.313	0.098	0.345	0.326	0.093	0.095	0.308	0.277	0.312	0.324	0.099	0.309	0.101	0.346	0.107	0.319	0.093	0.095	0.292	0.282	0.294	0.285	0.338	0.113	0.360	0.340	0.327	0.309	0.093	0.095	0.094	0.094	0.094	0.094	0.094	0.095	0.094	0.095	0.095	0.094	0.094
13:00:15	18.8	0.094	0.093	0.093	0.093	0.093	0.094	0.093	0.093	0.093	0.094	0.094	0.095	0.093	0.384	0.101	0.326	0.380	0.107	0.384	0.372	0.369	0.375	0.110	0.096	0.093	0.381	0.330	0.110	0.104	0.371	0.099	0.346	0.336	0.102	0.381	0.095	0.093	0.357	0.362	0.372	0.385	0.355	0.364	0.354	0.377	0.381	0.107	0.095	0.093	0.355	0.331	0.367	0.368	0.335	0.098	0.354	0.099	0.375	0.375	0.093	0.096	0.359	0.324	0.361	0.355	0.099	0.331	0.102	0.370	0.109	0.380	0.093	0.095	0.346	0.310	0.335	0.330	0.378	0.115	0.381	0.363	0.383	0.375	0.093	0.096	0.094	0.094	0.094	0.094	0.102	0.096	0.095	0.095	0.096	0.094	0.094
14:00:16	18.7	0.094	0.093	0.093	0.093	0.093	0.094	0.093	0.093	0.093	0.093	0.094	0.095	0.093	0.411	0.100	0.371	0.404	0.107	0.428	0.408	0.413	0.416	0.111	0.096	0.093	0.384	0.369	0.111	0.105	0.412	0.099	0.383	0.376	0.102	0.415	0.095	0.093	0.387	0.382	0.409	0.409	0.387	0.409	0.387	0.410	0.415	0.108	0.095	0.093	0.379	0.370	0.389	0.398	0.377	0.098	0.389	0.099	0.408	0.409	0.093	0.096	0.393	0.357	0.384	0.396	0.099	0.380	0.102	0.422	0.110	0.420	0.092	0.095	0.380	0.357	0.378	0.380	0.424	0.116	0.433	0.415	0.434	0.417	0.093	0.096	0.094	0.094	0.094	0.094	0.093	0.096	0.094	0.095	0.096	0.094	0.094
15:00:17	18.7	0.094	0.093	0.093	0.093	0.093	0.094	0.094	0.093	0.094	0.094	0.094	0.095	0.093	0.478	0.100	0.433	0.462	0.108	0.484	0.467	0.470	0.451	0.112	0.096	0.093	0.456	0.460	0.113	0.106	0.503	0.099	0.463	0.433	0.103	0.446	0.095	0.093	0.457	0.443	0.462	0.503	0.436	0.493	0.464	0.476	0.468	0.108	0.095	0.093	0.445	0.425	0.437	0.472	0.479	0.098	0.454	0.099	0.484	0.462	0.093	0.096	0.439	0.429	0.442	0.456	0.099	0.431	0.103	0.419	0.112	0.504	0.093	0.095	0.423	0.419	0.433	0.468	0.496	0.117	0.440	0.444	0.464	0.489	0.093	0.095	0.094	0.094	0.094	0.094	0.094	0.097	0.095	0.095	0.096	0.094	0.094
16:00:17	18.8	0.094	0.093	0.093	0.093	0.093	0.094	0.093	0.093	0.094	0.094	0.094	0.095	0.093	0.468	0.100	0.462	0.452	0.109	0.488	0.465	0.496	0.478	0.113	0.096	0.093	0.444	0.476	0.115	0.106	0.506	0.099	0.432	0.420	0.103	0.445	0.095	0.093	0.464	0.461	0.477	0.522	0.451	0.495	0.483	0.473	0.475	0.109	0.095	0.093	0.426	0.468	0.483	0.481	0.473	0.098	0.482	0.099	0.502	0.480	0.093	0.096	0.469	0.462	0.470	0.497	0.099	0.434	0.103	0.434	0.114	0.510	0.093	0.095	0.464	0.430	0.474	0.473	0.488	0.119	0.441	0.446	0.496	0.500	0.093	0.096	0.094	0.094	0.094	0.094	0.100	0.096	0.095	0.095	0.096	0.094	0.094
17:00:19	18.9	0.094	0.093	0.093	0.093	0.093	0.094	0.094	0.093	0.094	0.094	0.094	0.095	0.093	0.445	0.100	0.455	0.469	0.110	0.492	0.482	0.501	0.490	0.115	0.096	0.093	0.450	0.483	0.117	0.107	0.496	0.099	0.449	0.445	0.103	0.475	0.095	0.093	0.491	0.471	0.491	0.511	0.475	0.497	0.493	0.482	0.484	0.110	0.095	0.093	0.461	0.485	0.487	0.493	0.483	0.098	0.501	0.099	0.499	0.479	0.093	0.096	0.467	0.453	0.485	0.498	0.099	0.461	0.104	0.491	0.117	0.495	0.093	0.095	0.470	0.445	0.499	0.506	0.499	0.120	0.479	0.485	0.532	0.512	0.093	0.096	0.094	0.094	0.094	0.094	0.100	0.097	0.095	0.095	0.096	0.094	0.094
18:00:20	19.1	0.094	0.093	0.093	0.093	0.093	0.094	0.093	0.093	0.093	0.094	0.094	0.095	0.093	0.489	0.100	0.513	0.505	0.111	0.537	0.526	0.547	0.541	0.117	0.096	0.093	0.482	0.524	0.121	0.108	0.538	0.099	0.505	0.502	0.104	0.518	0.095	0.093	0.523	0.501	0.528	0.539	0.509	0.529	0.516	0.527	0.531	0.112	0.095	0.093	0.513	0.526	0.515	0.529	0.521	0.098	0.527	0.099	0.533	0.522	0.093	0.096	0.506	0.497	0.520	0.541	0.099	0.515	0.104	0.560	0.119	0.542	0.092	0.095	0.503	0.490	0.542	0.550	0.555	0.122	0.542	0.546	0.603	0.549	0.093	0.096	0.094	0.094	0.094	0.094	0.093	0.096	0.094	0.095	0.096	0.094	0.094
19:00:20	19.2	0.094	0.093	0.093	0.093	0.093	0.094	0.093	0.093	0.094	0.094	0.094	0.095	0.093	0.563	0.101	0.571	0.562	0.112	0.601	0.593	0.611	0.613	0.119	0.096	0.093	0.544	0.582	0.124	0.109	0.601	0.099	0.576	0.584	0.104	0.595	0.095	0.093	0.592	0.563	0.600	0.608	0.579	0.594	0.586	0.599	0.604	0.113	0.095	0.093	0.580	0.595	0.584	0.599	0.598	0.098	0.586	0.099	0.612	0.601	0.093	0.096	0.569	0.562	0.573	0.610	0.099	0.594	0.105	0.647	0.123	0.615	0.093	0.095	0.567	0.558	0.612	0.621	0.627	0.124	0.628	0.629	0.684	0.619	0.093	0.095	0.094	0.094	0.094	0.094	0.094	0.097	0.095	0.095	0.096	0.094	0.094
20:00:21	19.4	0.094	0.093	0.093	0.093	0.093	0.094	0.093	0.093	0.093	0.094	0.094	0.095	0.093	0.633	0.101	0.626	0.621	0.113	0.646	0.645	0.664	0.670	0.121	0.096	0.093	0.619	0.636	0.128	0.110	0.648	0.100	0.641	0.647	0.104	0.660	0.095	0.093	0.639	0.626	0.653	0.669	0.635	0.648	0.639	0.660	0.663	0.114	0.095	0.093	0.645	0.650	0.639	0.657	0.652	0.098	0.641	0.099	0.673	0.667	0.093	0.096	0.625	0.624	0.630	0.670	0.100	0.659	0.105	0.711	0.127	0.683	0.093	0.095	0.636	0.622	0.663	0.674	0.682	0.126	0.696	0.699	0.746	0.688	0.093	0.096	0.094	0.094	0.094	0.094	0.093	0.097	0.095	0.095	0.096	0.094	0.094
21:00:23	19.8	0.094	0.093	0.093	0.093	0.093	0.094	0.094	0.093	0.094	0.094	0.094	0.095	0.093	0.689	0.101	0.672	0.669	0.114	0.696	0.697	0.715	0.724	0.125	0.096	0.093	0.671	0.688	0.133	0.111	0.699	0.100	0.699	0.706	0.105	0.718	0.095	0.093	0.687	0.679	0.700	0.716	0.695	0.702	0.692	0.717	0.713	0.117	0.095	0.093	0.701	0.693	0.696	0.710	0.709	0.098	0.693	0.099	0.725	0.726	0.093	0.096	0.681	0.682	0.684	0.723	0.100	0.718	0.106	0.775	0.132	0.739	0.093	0.095	0.692	0.687	0.705	0.717	0.730	0.129	0.755	0.761	0.817	0.748	0.093	0.096	0.094	0.094	0.094	0.094	0.093	0.096	0.095	0.095	0.096	0.094	0.094
22:00:24	20.2	0.094	0.093	0.093	0.093	0.093	0.094	0.093	0.093	0.093	0.093	0.094	0.095	0.093	0.753	0.101	0.726	0.727	0.115	0.758	0.749	0.771	0.780	0.128	0.096	0.093	0.727	0.743	0.140	0.112	0.751	0.100	0.758	0.766	0.105	0.776	0.095	0.093	0.742	0.735	0.754	0.762	0.756	0.759	0.750	0.772	0.768	0.120	0.095	0.093	0.757	0.749	0.759	0.767	0.769	0.098	0.750	0.099	0.781	0.785	0.093	0.096	0.743	0.740	0.743	0.780	0.099	0.782	0.107	0.881	0.138	0.798	0.093	0.095	0.753	0.752	0.761	0.776	0.780	0.131	0.812	0.823	0.965	0.807	0.093	0.095	0.094	0.094	0.094	0.094	0.093	0.096	0.095	0.095	0.095	0.094	0.094
23:00:25	20.5	0.094	0.093	0.093	0.092	0.093	0.094	0.093	0.093	0.093	0.094	0.093	0.095	0.093	0.813	0.101	0.786	0.789	0.116	0.822	0.806	0.831	0.840	0.130	0.096	0.093	0.783	0.802	0.148	0.114	0.810	0.100	0.820	0.835	0.106	0.862	0.095	0.093	0.806	0.790	0.814	0.822	0.829	0.820	0.814	0.836	0.860	0.123	0.095	0.093	0.823	0.808	0.821	0.833	0.832	0.098	0.812	0.099	0.843	0.855	0.093	0.096	0.812	0.805	0.806	0.845	0.100	0.857	0.107	1.066	0.146	0.867	0.093	0.095	0.819	0.822	0.826	0.843	0.867	0.134	0.880	0.904	0.916	0.882	0.093	0.095	0.094	0.094	0.094	0.094	0.093	0.097	0.094	0.096	0.096	0.094	0.094
24:00:25	20.7	0.094	0.093	0.093	0.093	0.093	0.094	0.094	0.093	0.094	0.094	0.094	0.095	0.093	0.880	0.101	0.851	0.854	0.118	0.732	0.873	0.649	0.678	0.134	0.096	0.093	0.849	0.923	0.159	0.116	0.882	0.100	0.889	0.771	0.106	0.882	0.095	0.093	0.876	0.856	0.881	0.832	0.905	0.893	0.884	0.870	0.950	0.126	0.095	0.093	0.895	0.882	0.892	0.819	0.905	0.098	0.880	0.100	0.708	1.016	0.093	0.096	0.885	0.915	0.879	0.703	0.100	1.003	0.108	0.981	0.156	0.981	0.093	0.095	0.893	0.841	0.898	0.925	0.958	0.139	0.966	0.945	1.011	0.906	0.093	0.095	0.094	0.094	0.094	0.094	0.093	0.097	0.094	0.095	0.096	0.094	0.094
25:00:27	20.7	0.094	0.093	0.093	0.093	0.093	0.094	0.094	0.093	0.093	0.094	0.094	0.095	0.093	1.067	0.101	1.040	0.951	0.120	0.854	0.885	0.996	1.013	0.140	0.096	0.093	0.950	1.073	0.170	0.118	0.992	0.100	0.998	1.014	0.107	1.043	0.095	0.093	1.088	1.036	0.954	1.033	1.063	1.040	0.937	1.039	1.058	0.130	0.095	0.093	1.044	1.007	0.976	0.998	1.037	0.098	0.988	0.100	1.059	1.050	0.093	0.096	1.033	1.102	0.968	1.070	0.100	1.098	0.109	1.024	0.169	1.071	0.093	0.095	1.005	0.964	1.066	1.064	1.065	0.148	1.091	1.073	1.033	1.096	0.093	0.096	0.094	0.094	0.094	0.094	0.093	0.097	0.094	0.096	0.096	0.094	0.094
26:00:27	20.4	0.095	0.093	0.094	0.093	0.093	0.094	0.094	0.093	0.094	0.094	0.094	0.095	0.093	1.120	0.102	1.050	1.048	0.123	1.050	1.072	1.069	1.063	0.148	0.096	0.093	1.066	1.051	0.184	0.122	1.100	0.100	1.101	1.065	0.109	1.081	0.095	0.094	1.097	1.076	1.080	1.040	1.109	1.092	1.081	1.082	1.071	0.134	0.095	0.093	1.106	1.090	1.078	1.089	1.099	0.099	1.104	0.100	1.100	1.094	0.093	0.096	1.090	1.101	1.084	1.097	0.100	1.080	0.111	1.043	0.185	1.088	0.093	0.095	1.111	1.090	1.112	1.109	1.066	0.160	1.110	1.114	1.070	1.093	0.093	0.096	0.094	0.095	0.094	0.094	0.093	0.098	0.095	0.095	0.096	0.094	0.094
27:00:28	20.1	0.094	0.093	0.093	0.093	0.093	0.094	0.094	0.093	0.094	0.094	0.094	0.095	0.093	1.082	0.102	1.060	1.051	0.126	1.065	1.076	1.077	1.072	0.156	0.096	0.094	1.077	1.048	0.197	0.125	1.097	0.100	1.097	1.077	0.111	1.081	0.095	0.093	1.066	1.058	1.072	1.043	1.071	1.082	1.085	1.087	1.076	0.137	0.095	0.093	1.079	1.074	1.076	1.088	1.084	0.099	1.093	0.100	1.104	1.094	0.093	0.096	1.075	1.071	1.082	1.090	0.101	1.099	0.112	1.070	0.203	1.093	0.093	0.095	1.101	1.106	1.099	1.098	1.065	0.176	1.121	1.123	1.097	1.096	0.093	0.096	0.094	0.094	0.095	0.094	0.094	0.097	0.095	0.095	0.096	0.094	0.094
28:00:29	19.8	0.094	0.093	0.093	0.093	0.093	0.094	0.093	0.093	0.094	0.093	0.094	0.095	0.093	1.088	0.102	1.075	1.062	0.129	1.068	1.085	1.085	1.082	0.165	0.096	0.093	1.088	1.061	0.208	0.129	1.105	0.101	1.105	1.091	0.113	1.087	0.095	0.093	1.073	1.063	1.074	1.049	1.068	1.085	1.087	1.093	1.084	0.140	0.095	0.093	1.087	1.075	1.082	1.095	1.092	0.099	1.104	0.100	1.105	1.099	0.093	0.095	1.079	1.079	1.087	1.092	0.101	1.102	0.114	1.123	0.222	1.103	0.093	0.095	1.099	1.115	1.097	1.101	1.077	0.195	1.132	1.129	1.101	1.104	0.093	0.095	0.094	0.094	0.094	0.094	0.100	0.097	0.095	0.095	0.096	0.094	0.094
29:00:30	19.6	0.094	0.093	0.093	0.093	0.093	0.094	0.094	0.093	0.094	0.094	0.094	0.095	0.093	1.098	0.102	1.088	1.071	0.132	1.076	1.092	1.094	1.091	0.175	0.096	0.093	1.099	1.073	0.220	0.134	1.110	0.101	1.117	1.104	0.116	1.096	0.095	0.093	1.083	1.073	1.081	1.061	1.078	1.094	1.099	1.101	1.095	0.144	0.095	0.093	1.093	1.082	1.090	1.101	1.103	0.099	1.115	0.101	1.111	1.111	0.093	0.096	1.092	1.093	1.098	1.096	0.101	1.116	0.117	1.163	0.237	1.114	0.093	0.095	1.107	1.124	1.103	1.106	1.127	0.218	1.144	1.137	1.118	1.112	0.093	0.096	0.094	0.094	0.094	0.094	0.093	0.096	0.095	0.095	0.096	0.095	0.094
30:00:31	19.5	0.094	0.093	0.093	0.093	0.093	0.094	0.094	0.093	0.094	0.094	0.094	0.095	0.093	1.109	0.102	1.107	1.086	0.138	1.085	1.113	1.097	1.099	0.187	0.096	0.093	1.109	1.088	0.230	0.141	1.122	0.101	1.133	1.118	0.118	1.111	0.095	0.093	1.097	1.083	1.092	1.084	1.090	1.111	1.107	1.112	1.125	0.152	0.095	0.093	1.109	1.095	1.103	1.110	1.119	0.099	1.135	0.101	1.121	1.124	0.093	0.096	1.104	1.109	1.113	1.108	0.101	1.132	0.119	1.100	0.230	1.127	0.093	0.095	1.121	1.135	1.114	1.122	1.190	0.240	1.158	1.146	1.132	1.123	0.093	0.095	0.094	0.094	0.094	0.094	0.102	0.097	0.095	0.095	0.096	0.094	0.094
31:00:32	19.5	0.094	0.094	0.094	0.093	0.094	0.094	0.094	0.093	0.094	0.094	0.094	0.096	0.093	1.122	0.103	1.119	1.099	0.143	1.095	1.121	1.110	1.110	0.200	0.096	0.094	1.116	1.102	0.249	0.149	1.133	0.102	1.146	1.128	0.121	1.132	0.096	0.093	1.109	1.093	1.102	1.061	1.105	1.123	1.122	1.124	1.176	0.161	0.096	0.093	1.118	1.107	1.114	1.119	1.131	0.100	1.146	0.101	1.130	1.138	0.093	0.096	1.118	1.125	1.126	1.117	0.102	1.161	0.122	1.108	0.206	1.140	0.093	0.096	1.133	1.147	1.125	1.132	1.114	0.260	1.171	1.156	1.151	1.136	0.094	0.096	0.095	0.095	0.095	0.094	0.094	0.098	0.095	0.095	0.096	0.095	0.095
32:00:32	19.5	0.094	0.094	0.093	0.093	0.093	0.094	0.094	0.093	0.094	0.094	0.094	0.095	0.093	1.132	0.103	1.129	1.112	0.150	1.109	1.132	1.120	1.120	0.212	0.096	0.093	1.122	1.119	0.280	0.158	1.142	0.102	1.158	1.138	0.125	1.163	0.095	0.094	1.119	1.101	1.113	1.085	1.118	1.135	1.132	1.134	1.139	0.171	0.095	0.093	1.129	1.115	1.122	1.127	1.140	0.099	1.158	0.101	1.137	1.149	0.093	0.096	1.131	1.136	1.138	1.129	0.102	1.183	0.124	1.122	0.223	1.152	0.093	0.095	1.147	1.158	1.134	1.144	1.112	0.284	1.187	1.167	1.168	1.155	0.093	0.096	0.094	0.094	0.095	0.094	0.099	0.096	0.095	0.095	0.096	0.094	0.094
33:00:34	19.5	0.094	0.094	0.094	0.093	0.094	0.095	0.094	0.094	0.094	0.094	0.094	0.095	0.093	1.139	0.104	1.140	1.126	0.157	1.125	1.142	1.126	1.129	0.228	0.097	0.094	1.128	1.143	0.313	0.169	1.148	0.103	1.166	1.144	0.130	1.123	0.096	0.094	1.128	1.108	1.121	1.086	1.128	1.142	1.141	1.142	1.135	0.183	0.096	0.094	1.137	1.122	1.129	1.133	1.148	0.100	1.166	0.102	1.147	1.158	0.093	0.096	1.142	1.143	1.145	1.139	0.102	1.204	0.128	1.147	0.261	1.164	0.093	0.095	1.160	1.163	1.145	1.153	1.109	0.300	1.223	1.181	1.159	1.219	0.094	0.096	0.095	0.095	0.095	0.094	0.100	0.097	0.095	0.096	0.096	0.095	0.095
34:00:34	19.5	0.094	0.094	0.094	0.093	0.094	0.094	0.094	0.094	0.094	0.094	0.094	0.096	0.093	1.144	0.104	1.146	1.134	0.166	1.135	1.149	1.135	1.138	0.248	0.096	0.094	1.134	1.168	0.340	0.181	1.157	0.103	1.171	1.148	0.136	1.160	0.096	0.094	1.134	1.112	1.125	1.097	1.132	1.157	1.147	1.148	1.137	0.197	0.095	0.093	1.140	1.125	1.133	1.137	1.152	0.100	1.170	0.102	1.152	1.166	0.093	0.096	1.148	1.146	1.148	1.144	0.102	1.166	0.132	1.185	0.298	1.185	0.093	0.096	1.166	1.169	1.149	1.157	1.126	0.286	1.248	1.203	1.172	1.181	0.093	0.096	0.094	0.095	0.095	0.094	0.095	0.097	0.095	0.096	0.096	0.095	0.094
35:00:35	19.5	0.094	0.094	0.093	0.093	0.093	0.094	0.094	0.093	0.094	0.094	0.094	0.095	0.093	1.147	0.105	1.149	1.141	0.175	1.143	1.155	1.141	1.144	0.265	0.096	0.093	1.137	1.161	0.360	0.197	1.167	0.103	1.174	1.150	0.142	1.168	0.095	0.093	1.136	1.114	1.128	1.105	1.134	1.175	1.148	1.152	1.138	0.213	0.095	0.093	1.141	1.126	1.133	1.139	1.153	0.100	1.171	0.102	1.157	1.176	0.093	0.096	1.153	1.149	1.149	1.148	0.102	1.160	0.137	1.203	0.329	1.227	0.093	0.096	1.171	1.174	1.152	1.159	1.154	0.284	1.199	1.230	1.176	1.176	0.094	0.096	0.095	0.095	0.095	0.095	0.094	0.096	0.095	0.095	0.096	0.095	0.094
36:00:35	19.4	0.095	0.094	0.094	0.093	0.094	0.094	0.094	0.093	0.094	0.094	0.094	0.095	0.093	1.147	0.105	1.154	1.147	0.186	1.148	1.158	1.146	1.150	0.268	0.097	0.094	1.138	1.125	0.373	0.215	1.187	0.104	1.175	1.152	0.150	1.163	0.096	0.094	1.138	1.113	1.128	1.120	1.135	1.198	1.149	1.156	1.140	0.230	0.095	0.094	1.143	1.124	1.131	1.138	1.155	0.100	1.174	0.103	1.167	1.196	0.093	0.096	1.155	1.151	1.149	1.147	0.103	1.167	0.143	1.159	0.357	1.202	0.094	0.096	1.175	1.180	1.152	1.161	1.186	0.301	1.201	1.173	1.188	1.172	0.094	0.096	0.095	0.095	0.095	0.095	0.096	0.096	0.095	0.096	0.096	0.095	0.094
37:00:37	19.4	0.094	0.094	0.093	0.093	0.094	0.094	0.094	0.093	0.094	0.094	0.094	0.096	0.093	1.147	0.106	1.156	1.152	0.200	1.155	1.159	1.149	1.157	0.277	0.096	0.094	1.139	1.131	0.374	0.236	1.207	0.105	1.175	1.153	0.160	1.166	0.096	0.094	1.139	1.112	1.132	1.143	1.135	1.195	1.153	1.162	1.153	0.251	0.095	0.093	1.141	1.123	1.132	1.142	1.155	0.100	1.175	0.103	1.191	1.208	0.093	0.096	1.157	1.154	1.150	1.152	0.103	1.169	0.150	1.151	0.376	1.196	0.093	0.096	1.186	1.192	1.155	1.168	1.203	0.346	1.199	1.194	1.202	1.171	0.094	0.096	0.095	0.094	0.095	0.095	0.094	0.096	0.095	0.095	0.096	0.094	0.094
38:00:38	19.4	0.095	0.094	0.094	0.094	0.094	0.095	0.094	0.093	0.094	0.094	0.094	0.095	0.093	1.150	0.106	1.157	1.151	0.213	1.154	1.164	1.131	1.097	0.285	0.096	0.094	1.142	1.132	0.406	0.246	1.211	0.106	1.179	1.160	0.172	1.168	0.095	0.094	1.139	1.115	1.129	1.151	1.135	1.156	1.155	1.180	1.177	0.271	0.095	0.094	1.144	1.126	1.134	1.140	1.156	0.101	1.186	0.104	1.161	1.204	0.094	0.096	1.156	1.161	1.153	1.151	0.104	1.172	0.158	1.160	0.397	1.189	0.093	0.096	1.201	1.200	1.163	1.183	1.154	0.377	1.199	1.196	1.209	1.174	0.094	0.096	0.095	0.095	0.095	0.095	0.100	0.096	0.095	0.096	0.096	0.094	0.095
39:00:38	19.4	0.094	0.094	0.093	0.093	0.093	0.094	0.094	0.093	0.094	0.094	0.094	0.095	0.093	1.149	0.107	1.160	1.156	0.227	1.163	1.169	1.100	1.165	0.299	0.096	0.093	1.143	1.136	0.471	0.242	1.178	0.107	1.184	1.169	0.187	1.175	0.095	0.093	1.140	1.116	1.136	1.116	1.139	1.161	1.165	1.138	1.212	0.277	0.095	0.094	1.144	1.127	1.136	1.145	1.160	0.101	1.207	0.104	1.181	1.203	0.093	0.096	1.161	1.171	1.163	1.157	0.104	1.188	0.168	1.175	0.435	1.184	0.093	0.095	1.173	1.164	1.177	1.213	1.150	0.398	1.201	1.197	1.205	1.179	0.093	0.096	0.095	0.094	0.094	0.094	0.101	0.096	0.095	0.095	0.096	0.094	0.094
40:00:40	19.5	0.095	0.094	0.094	0.094	0.094	0.095	0.094	0.093	0.094	0.094	0.094	0.095	0.093	1.154	0.108	1.164	1.163	0.250	1.168	1.170	1.143	1.189	0.325	0.096	0.094	1.148	1.145	0.532	0.257	1.176	0.108	1.193	1.187	0.204	1.188	0.096	0.094	1.145	1.121	1.146	1.129	1.144	1.158	1.182	1.174	1.240	0.279	0.095	0.094	1.149	1.135	1.143	1.151	1.170	0.102	1.152	0.105	1.176	1.197	0.093	0.096	1.169	1.187	1.181	1.164	0.105	1.206	0.180	1.200	0.477	1.184	0.093	0.096	1.190	1.177	1.202	1.187	1.154	0.415	1.206	1.198	1.214	1.186	0.093	0.096	0.095	0.095	0.095	0.094	0.098	0.097	0.095	0.096	0.096	0.095	0.095
41:00:40	19.6	0.094	0.094	0.093	0.093	0.094	0.095	0.094	0.094	0.094	0.094	0.094	0.096	0.093	1.162	0.109	1.171	1.172	0.272	1.076	1.102	1.184	1.198	0.347	0.097	0.094	1.157	1.161	0.588	0.285	1.183	0.110	1.207	1.161	0.224	1.219	0.096	0.094	1.152	1.131	1.162	1.144	1.153	1.161	1.128	1.186	1.180	0.285	0.095	0.094	1.158	1.150	1.154	1.162	1.185	0.103	1.175	0.107	1.175	1.193	0.093	0.096	1.189	1.203	1.215	1.183	0.106	1.224	0.194	1.223	0.531	1.189	0.093	0.096	1.192	1.192	1.160	1.195	1.166	0.440	1.214	1.202	1.221	1.196	0.094	0.096	0.095	0.095	0.095	0.094	0.094	0.096	0.095	0.095	0.096	0.095	0.094
42:00:42	19.7	0.094	0.094	0.094	0.094	0.094	0.095	0.094	0.094	0.094	0.094	0.094	0.095	0.094	1.173	0.111	1.183	1.193	0.291	1.123	1.153	1.191	1.194	0.366	0.096	0.094	1.168	1.178	0.640	0.298	1.182	0.113	1.223	1.166	0.246	1.255	0.096	0.094	1.163	1.147	1.188	1.152	1.167	1.168	1.171	1.193	1.191	0.311	0.095	0.094	1.170	1.172	1.169	1.184	1.209	0.103	1.186	0.108	1.174	1.196	0.094	0.096	1.148	1.127	1.166	1.117	0.108	1.240	0.212	1.242	0.581	1.196	0.093	0.096	1.199	1.198	1.209	1.197	1.185	0.468	1.231	1.206	1.228	1.222	0.094	0.096	0.095	0.095	0.095	0.094	0.094	0.097	0.095	0.096	0.096	0.095	0.095
43:00:43	19.9	0.095	0.094	0.093	0.093	0.094	0.094	0.094	0.093	0.094	0.094	0.094	0.095	0.093	1.194	0.112	1.123	1.108	0.289	1.150	1.170	1.199	1.196	0.377	0.097	0.094	1.194	1.192	0.689	0.318	1.186	0.115	1.191	1.175	0.276	1.201	0.096	0.094	1.185	1.169	1.211	1.170	1.192	1.177	1.181	1.204	1.193	0.322	0.095	0.093	1.192	1.203	1.191	1.208	1.147	0.104	1.194	0.110	1.176	1.198	0.093	0.096	1.182	1.170	1.185	1.169	0.110	1.254	0.233	1.260	0.630	1.204	0.093	0.096	1.200	1.205	1.208	1.191	1.207	0.502	1.261	1.216	1.230	1.269	0.094	0.096	0.094	0.095	0.095	0.094	0.094	0.096	0.095	0.095	0.096	0.095	0.094
44:00:48	20.3	0.094	0.094	0.093	0.094	0.094	0.094	0.094	0.094	0.094	0.094	0.094	0.095	0.093	1.173	0.115	1.124	1.144	0.274	1.158	1.183	1.210	1.204	0.389	0.096	0.094	1.237	1.209	0.733	0.348	1.192	0.119	1.175	1.208	0.288	1.209	0.096	0.094	1.186	1.205	1.157	1.185	1.134	1.185	1.188	1.204	1.194	0.341	0.095	0.094	1.180	1.148	1.220	1.247	1.198	0.105	1.196	0.113	1.183	1.207	0.093	0.096	1.198	1.197	1.193	1.202	0.112	1.270	0.256	1.262	0.680	1.215	0.093	0.096	1.202	1.211	1.204	1.191	1.232	0.543	1.292	1.232	1.250	1.280	0.094	0.096	0.094	0.095	0.095	0.094	0.094	0.097	0.095	0.096	0.096	0.094	0.094
45:00:43	20.6	0.094	0.094	0.093	0.093	0.094	0.095	0.094	0.093	0.094	0.094	0.094	0.095	0.093	1.173	0.117	1.138	1.168	0.283	1.176	1.208	1.227	1.223	0.423	0.096	0.094	1.184	1.230	0.773	0.374	1.201	0.124	1.228	1.234	0.284	1.226	0.096	0.094	1.211	1.179	1.184	1.206	1.191	1.198	1.193	1.211	1.201	0.371	0.095	0.094	1.199	1.207	1.234	1.212	1.204	0.107	1.204	0.118	1.195	1.218	0.094	0.096	1.218	1.212	1.201	1.210	0.115	1.207	0.283	1.242	0.734	1.237	0.094	0.096	1.222	1.225	1.206	1.200	1.272	0.590	1.335	1.259	1.251	1.261	0.093	0.096	0.094	0.095	0.095	0.094	0.094	0.097	0.095	0.096	0.096	0.095	0.094
46:00:44	20.8	0.094	0.094	0.093	0.093	0.094	0.094	0.094	0.093	0.093	0.094	0.094	0.095	0.093	1.198	0.121	1.142	1.192	0.297	1.216	1.222	1.240	1.233	0.469	0.096	0.093	1.223	1.266	0.817	0.408	1.214	0.132	1.250	1.243	0.315	1.238	0.096	0.093	1.224	1.204	1.191	1.237	1.216	1.214	1.201	1.222	1.212	0.394	0.095	0.093	1.214	1.211	1.231	1.229	1.203	0.109	1.214	0.124	1.210	1.233	0.093	0.096	1.224	1.222	1.212	1.213	0.118	1.230	0.301	1.239	0.790	1.286	0.093	0.096	1.239	1.242	1.219	1.217	1.305	0.633	1.304	1.299	1.260	1.268	0.093	0.096	0.095	0.095	0.095	0.094	0.093	0.097	0.095	0.095	0.096	0.094	0.094
47:00:45	21.0	0.094	0.094	0.094	0.093	0.094	0.094	0.094	0.093	0.094	0.094	0.094	0.095	0.093	1.234	0.127	1.197	1.217	0.313	1.233	1.234	1.258	1.250	0.509	0.096	0.094	1.230	1.298	0.834	0.451	1.234	0.144	1.260	1.248	0.293	1.246	0.096	0.094	1.221	1.213	1.192	1.273	1.223	1.243	1.210	1.242	1.233	0.425	0.095	0.094	1.239	1.212	1.234	1.234	1.207	0.112	1.231	0.133	1.228	1.255	0.094	0.096	1.231	1.232	1.223	1.219	0.123	1.246	0.287	1.237	0.831	1.344	0.093	0.096	1.248	1.258	1.239	1.231	1.299	0.684	1.313	1.343	1.275	1.266	0.093	0.096	0.094	0.095	0.095	0.094	0.094	0.097	0.095	0.096	0.096	0.094	0.094
48:00:47	21.0	0.095	0.094	0.093	0.093	0.094	0.094	0.094	0.093	0.094	0.094	0.094	0.095	0.093	1.253	0.134	1.241	1.230	0.338	1.245	1.248	1.277	1.269	0.558	0.097	0.094	1.237	1.265	0.889	0.508	1.263	0.163	1.267	1.263	0.320	1.254	0.096	0.093	1.220	1.221	1.198	1.315	1.229	1.281	1.229	1.260	1.260	0.465	0.095	0.093	1.254	1.219	1.236	1.240	1.222	0.116	1.247	0.143	1.247	1.294	0.093	0.096	1.243	1.246	1.237	1.231	0.131	1.268	0.296	1.260	0.857	1.321	0.093	0.095	1.259	1.276	1.256	1.249	1.300	0.737	1.317	1.378	1.298	1.271	0.093	0.096	0.095	0.095	0.094	0.094	0.094	0.097	0.095	0.096	0.096	0.095	0.094
49:00:47	21.0	0.094	0.093	0.094	0.093	0.093	0.094	0.094	0.093	0.093	0.094	0.094	0.095	0.093	1.266	0.144	1.249	1.239	0.361	1.258	1.264	1.297	1.285	0.607	0.096	0.094	1.249	1.285	1.010	0.565	1.298	0.191	1.277	1.280	0.343	1.266	0.096	0.093	1.230	1.236	1.210	1.244	1.244	1.330	1.248	1.277	1.294	0.519	0.095	0.093	1.263	1.234	1.246	1.251	1.240	0.122	1.265	0.156	1.276	1.337	0.093	0.096	1.258	1.266	1.255	1.246	0.142	1.278	0.309	1.286	0.978	1.332	0.093	0.095	1.275	1.306	1.275	1.269	1.249	0.604	1.321	1.329	1.310	1.280	0.093	0.096	0.094	0.094	0.095	0.094	0.102	0.097	0.095	0.095	0.096	0.094	0.094
50:00:48	20.9	0.094	0.094	0.093	0.093	0.094	0.094	0.094	0.093	0.093	0.094	0.094	0.095	0.093	1.283	0.157	1.267	1.259	0.390	1.275	1.285	1.320	1.305	0.661	0.096	0.094	1.273	1.285	1.004	0.614	1.345	0.242	1.292	1.295	0.375	1.282	0.096	0.093	1.249	1.251	1.229	1.269	1.255	1.280	1.268	1.296	1.333	0.571	0.095	0.093	1.277	1.252	1.261	1.264	1.258	0.130	1.284	0.175	1.319	1.303	0.093	0.096	1.275	1.284	1.274	1.266	0.157	1.291	0.324	1.314	0.991	1.333	0.093	0.096	1.305	1.337	1.295	1.294	1.266	0.723	1.325	1.338	1.325	1.292	0.093	0.096	0.095	0.095	0.095	0.094	0.094	0.097	0.095	0.095	0.096	0.094	0.094
51:00:49	20.6	0.095	0.094	0.094	0.093	0.094	0.095	0.094	0.093	0.094	0.094	0.094	0.095	0.093	1.302	0.177	1.281	1.275	0.421	1.296	1.305	1.341	1.193	0.718	0.097	0.094	1.291	1.293	1.004	0.644	1.398	0.268	1.307	1.312	0.415	1.302	0.096	0.094	1.265	1.267	1.250	1.284	1.269	1.313	1.288	1.320	1.376	0.617	0.095	0.094	1.292	1.269	1.278	1.281	1.276	0.141	1.308	0.202	1.329	1.327	0.093	0.096	1.294	1.303	1.292	1.285	0.179	1.316	0.336	1.343	0.970	1.334	0.093	0.096	1.353	1.371	1.315	1.323	1.287	0.857	1.333	1.356	1.335	1.308	0.094	0.096	0.095	0.095	0.095	0.094	0.094	0.097	0.095	0.096	0.096	0.095	0.095
52:00:51	20.3	0.094	0.094	0.093	0.093	0.094	0.095	0.093	0.093	0.093	0.094	0.094	0.095	0.093	1.317	0.202	1.294	1.289	0.458	1.316	1.329	1.238	1.277	0.784	0.096	0.094	1.304	1.303	1.002	0.677	1.331	0.284	1.322	1.304	0.458	1.331	0.096	0.093	1.283	1.281	1.268	1.302	1.286	1.330	1.306	1.347	1.397	0.653	0.095	0.093	1.307	1.285	1.293	1.297	1.293	0.153	1.339	0.249	1.333	1.355	0.093	0.096	1.314	1.324	1.309	1.303	0.210	1.341	0.358	1.370	0.969	1.337	0.093	0.096	1.344	1.337	1.338	1.356	1.313	0.918	1.347	1.358	1.344	1.325	0.093	0.096	0.094	0.095	0.095	0.094	0.094	0.097	0.095	0.096	0.096	0.094	0.094
53:00:52	20.1	0.094	0.093	0.093	0.093	0.094	0.096	0.094	0.093	0.094	0.094	0.094	0.095	0.093	1.328	0.230	1.305	1.309	0.509	1.336	1.348	1.250	1.325	0.790	0.096	0.094	1.315	1.314	1.003	0.742	1.346	0.287	1.341	1.321	0.510	1.367	0.096	0.093	1.301	1.291	1.285	1.315	1.301	1.333	1.328	1.285	1.399	0.668	0.095	0.093	1.321	1.296	1.305	1.310	1.310	0.171	1.361	0.272	1.355	1.363	0.093	0.096	1.333	1.346	1.327	1.322	0.222	1.364	0.390	1.392	0.973	1.343	0.093	0.095	1.333	1.328	1.366	1.397	1.339	0.946	1.361	1.366	1.355	1.346	0.093	0.096	0.094	0.094	0.094	0.094	0.094	0.097	0.095	0.095	0.096	0.094	0.094
54:00:53	19.9	0.094	0.093	0.093	0.093	0.094	0.096	0.094	0.093	0.094	0.094	0.094	0.095	0.093	1.339	0.246	1.321	1.325	0.560	1.354	1.366	1.267	1.351	0.819	0.096	0.094	1.326	1.329	1.008	0.791	1.351	0.298	1.357	1.338	0.561	1.414	0.096	0.093	1.315	1.305	1.302	1.329	1.316	1.339	1.351	1.328	1.351	0.724	0.095	0.093	1.334	1.309	1.318	1.324	1.326	0.193	1.378	0.277	1.356	1.363	0.094	0.096	1.351	1.366	1.348	1.340	0.242	1.385	0.426	1.402	0.980	1.353	0.093	0.096	1.362	1.346	1.391	1.303	1.363	0.967	1.377	1.373	1.369	1.377	0.093	0.096	0.094	0.095	0.095	0.094	0.094	0.097	0.095	0.095	0.096	0.094	0.094
55:00:52	19.8	0.094	0.094	0.094	0.093	0.094	0.097	0.094	0.093	0.094	0.094	0.094	0.095	0.093	1.351	0.249	1.338	1.341	0.602	1.371	1.389	1.317	1.365	0.885	0.096	0.094	1.337	1.342	1.016	0.851	1.362	0.311	1.374	1.354	0.610	1.456	0.096	0.094	1.329	1.315	1.319	1.348	1.331	1.349	1.376	1.351	1.357	0.773	0.095	0.093	1.346	1.321	1.329	1.337	1.344	0.227	1.331	0.311	1.358	1.367	0.094	0.096	1.368	1.386	1.371	1.358	0.264	1.408	0.467	1.411	0.991	1.364	0.093	0.096	1.373	1.364	1.329	1.365	1.388	0.984	1.399	1.376	1.391	1.395	0.094	0.096	0.095	0.094	0.095	0.094	0.096	0.097	0.095	0.096	0.096	0.095	0.095
56:00:54	19.6	0.094	0.094	0.094	0.093	0.094	0.097	0.094	0.093	0.094	0.094	0.094	0.095	0.093	1.364	0.264	1.354	1.361	0.645	1.389	1.286	1.357	1.381	0.928	0.096	0.094	1.350	1.355	1.022	0.894	1.372	0.330	1.391	1.371	0.653	1.342	0.096	0.093	1.341	1.328	1.336	1.361	1.345	1.357	1.406	1.364	1.366	0.818	0.095	0.093	1.360	1.337	1.342	1.349	1.362	0.245	1.354	0.318	1.363	1.371	0.093	0.096	1.387	1.406	1.397	1.378	0.271	1.425	0.516	1.414	1.004	1.374	0.093	0.096	1.376	1.380	1.355	1.381	1.409	1.000	1.423	1.384	1.407	1.429	0.094	0.096	0.094	0.095	0.095	0.094	0.094	0.097	0.095	0.095	0.096	0.094	0.094
57:00:55	19.5	0.094	0.094	0.094	0.094	0.094	0.097	0.094	0.094	0.094	0.094	0.094	0.095	0.093	1.379	0.276	1.373	1.382	0.687	1.317	1.295	1.383	1.387	0.945	0.097	0.094	1.365	1.369	1.033	0.916	1.379	0.356	1.407	1.393	0.696	1.366	0.096	0.094	1.356	1.341	1.357	1.376	1.362	1.366	1.371	1.368	1.375	0.877	0.095	0.093	1.374	1.350	1.354	1.365	1.385	0.253	1.363	0.319	1.371	1.380	0.093	0.096	1.417	1.427	1.368	1.400	0.289	1.443	0.561	1.393	1.013	1.385	0.093	0.096	1.385	1.391	1.371	1.387	1.435	1.015	1.454	1.395	1.418	1.451	0.093	0.096	0.095	0.094	0.095	0.094	0.094	0.097	0.095	0.095	0.096	0.095	0.095
58:00:56	19.4	0.094	0.094	0.094	0.094	0.094	0.098	0.094	0.094	0.094	0.094	0.094	0.096	0.093	1.398	0.281	1.393	1.378	0.685	1.324	1.335	1.394	1.396	0.950	0.096	0.094	1.384	1.385	1.042	0.932	1.386	0.392	1.426	1.418	0.749	1.384	0.096	0.094	1.371	1.354	1.378	1.393	1.378	1.373	1.382	1.382	1.383	0.908	0.095	0.094	1.390	1.367	1.369	1.382	1.409	0.261	1.371	0.328	1.381	1.391	0.093	0.096	1.377	1.445	1.355	1.321	0.303	1.463	0.600	1.394	1.025	1.400	0.093	0.096	1.397	1.400	1.400	1.393	1.462	1.030	1.482	1.409	1.430	1.443	0.093	0.096	0.095	0.095	0.095	0.094	0.094	0.097	0.095	0.095	0.096	0.094	0.094
59:00:57	19.4	0.094	0.094	0.094	0.093	0.094	0.099	0.094	0.093	0.094	0.094	0.094	0.095	0.093	1.371	0.294	1.412	1.318	0.725	1.349	1.351	1.407	1.406	0.957	0.096	0.094	1.406	1.400	1.052	0.945	1.395	0.432	1.448	1.375	0.809	1.395	0.096	0.093	1.389	1.371	1.401	1.408	1.397	1.384	1.392	1.398	1.391	0.926	0.095	0.093	1.410	1.387	1.384	1.401	1.333	0.285	1.386	0.346	1.390	1.403	0.093	0.096	1.389	1.370	1.376	1.348	0.325	1.464	0.646	1.408	1.036	1.416	0.093	0.096	1.407	1.412	1.407	1.400	1.486	1.046	1.495	1.424	1.444	1.425	0.094	0.096	0.095	0.095	0.095	0.094	0.094	0.097	0.095	0.095	0.096	0.095	0.094
60:00:57	19.4	0.094	0.094	0.094	0.094	0.094	0.097	0.094	0.094	0.094	0.094	0.094	0.095	0.093	1.394	0.318	1.326	1.334	0.798	1.371	1.380	1.419	1.421	0.969	0.097	0.094	1.394	1.417	1.060	0.956	1.402	0.477	1.412	1.403	0.855	1.407	0.096	0.094	1.413	1.392	1.349	1.424	1.419	1.397	1.406	1.414	1.401	0.938	0.095	0.093	1.433	1.411	1.402	1.422	1.382	0.299	1.397	0.374	1.401	1.416	0.093	0.096	1.409	1.403	1.392	1.394	0.353	1.406	0.704	1.419	1.052	1.442	0.093	0.096	1.417	1.425	1.412	1.408	1.459	1.057	1.474	1.444	1.457	1.432	0.093	0.096	0.095	0.095	0.095	0.094	0.094	0.097	0.095	0.095	0.096	0.094	0.094
61:00:59	19.4	0.094	0.094	0.094	0.093	0.094	0.096	0.094	0.093	0.094	0.094	0.094	0.095	0.093	1.379	0.343	1.318	1.354	0.851	1.388	1.399	1.433	1.433	0.978	0.096	0.093	1.412	1.436	1.068	0.964	1.411	0.528	1.393	1.424	0.889	1.422	0.096	0.094	1.389	1.390	1.369	1.440	1.336	1.408	1.425	1.422	1.413	0.946	0.095	0.093	1.369	1.348	1.422	1.350	1.415	0.309	1.409	0.409	1.412	1.429	0.093	0.096	1.420	1.416	1.402	1.412	0.388	1.419	0.780	1.420	1.061	1.465	0.093	0.095	1.429	1.436	1.419	1.418	1.457	1.070	1.471	1.463	1.460	1.433	0.093	0.096	0.094	0.094	0.094	0.094	0.095	0.097	0.095	0.095	0.096	0.094	0.094
62:01:00	19.4	0.094	0.093	0.094	0.094	0.093	0.096	0.094	0.093	0.094	0.094	0.094	0.095	0.093	1.398	0.371	1.339	1.372	0.894	1.407	1.417	1.446	1.445	0.990	0.096	0.094	1.408	1.460	1.079	0.972	1.423	0.577	1.414	1.452	0.902	1.428	0.095	0.093	1.413	1.349	1.376	1.458	1.400	1.426	1.435	1.430	1.427	0.957	0.095	0.093	1.394	1.393	1.352	1.403	1.424	0.324	1.420	0.447	1.423	1.440	0.093	0.096	1.444	1.431	1.417	1.432	0.427	1.427	0.851	1.430	1.075	1.481	0.093	0.095	1.443	1.448	1.426	1.428	1.464	1.084	1.470	1.478	1.461	1.439	0.093	0.096	0.094	0.095	0.094	0.094	0.094	0.097	0.095	0.095	0.096	0.094	0.094
63:01:01	19.4	0.095	0.094	0.094	0.093	0.094	0.095	0.094	0.093	0.094	0.094	0.094	0.096	0.093	1.412	0.410	1.357	1.396	0.924	1.433	1.431	1.456	1.454	1.004	0.096	0.094	1.426	1.483	1.087	0.979	1.434	0.624	1.432	1.461	0.908	1.436	0.096	0.094	1.426	1.389	1.400	1.480	1.426	1.444	1.441	1.439	1.440	0.966	0.095	0.094	1.406	1.408	1.408	1.426	1.431	0.347	1.430	0.489	1.433	1.450	0.093	0.096	1.452	1.440	1.428	1.441	0.466	1.440	0.914	1.445	1.086	1.498	0.094	0.096	1.454	1.458	1.435	1.437	1.463	1.098	1.476	1.494	1.465	1.446	0.093	0.096	0.095	0.095	0.094	0.094	0.094	0.097	0.095	0.095	0.096	0.095	0.094
64:01:01	19.5	0.094	0.094	0.094	0.093	0.094	0.094	0.094	0.093	0.094	0.093	0.094	0.096	0.093	1.421	0.448	1.366	1.420	0.945	1.457	1.439	1.463	1.461	1.017	0.096	0.094	1.436	1.499	1.099	0.985	1.444	0.682	1.446	1.466	0.912	1.443	0.096	0.093	1.440	1.404	1.418	1.504	1.439	1.456	1.449	1.445	1.452	0.977	0.095	0.093	1.419	1.420	1.426	1.440	1.436	0.376	1.438	0.538	1.440	1.461	0.093	0.096	1.457	1.446	1.437	1.448	0.513	1.447	0.920	1.458	1.095	1.516	0.093	0.096	1.462	1.466	1.446	1.445	1.467	1.111	1.484	1.508	1.467	1.452	0.093	0.096	0.095	0.094	0.095	0.094	0.099	0.097	0.095	0.095	0.096	0.094	0.094
65:01:02	19.7	0.094	0.094	0.094	0.093	0.094	0.095	0.094	0.093	0.093	0.094	0.094	0.095	0.093	1.428	0.484	1.372	1.433	0.948	1.462	1.455	1.470	1.468	1.036	0.096	0.093	1.442	1.510	1.106	1.000	1.456	0.756	1.456	1.464	0.915	1.450	0.096	0.094	1.446	1.415	1.425	1.428	1.448	1.471	1.453	1.452	1.465	0.992	0.095	0.093	1.433	1.424	1.434	1.446	1.442	0.409	1.446	0.582	1.449	1.472	0.093	0.096	1.464	1.453	1.444	1.453	0.554	1.451	0.921	1.465	1.108	1.523	0.093	0.096	1.470	1.476	1.453	1.452	1.446	1.124	1.495	1.529	1.468	1.458	0.094	0.096	0.094	0.094	0.095	0.094	0.095	0.097	0.095	0.095	0.096	0.094	0.094
66:01:04	20.0	0.095	0.094	0.094	0.093	0.094	0.094	0.094	0.093	0.094	0.094	0.094	0.096	0.094	1.440	0.538	1.381	1.442	0.955	1.467	1.461	1.479	1.477	1.061	0.097	0.094	1.446	1.519	1.115	1.016	1.468	0.814	1.465	1.469	0.928	1.457	0.096	0.094	1.450	1.423	1.429	1.440	1.455	1.482	1.458	1.460	1.477	1.013	0.095	0.093	1.438	1.428	1.437	1.450	1.449	0.450	1.454	0.638	1.458	1.486	0.093	0.096	1.469	1.460	1.448	1.456	0.607	1.458	0.925	1.477	1.123	1.450	0.093	0.096	1.477	1.484	1.462	1.460	1.446	1.135	1.498	1.545	1.476	1.466	0.094	0.096	0.095	0.095	0.094	0.094	0.102	0.097	0.095	0.096	0.096	0.095	0.095
67:01:05	20.5	0.094	0.094	0.093	0.093	0.094	0.095	0.094	0.093	0.094	0.094	0.094	0.096	0.093	1.462	0.581	1.390	1.447	0.956	1.472	1.463	1.484	1.485	1.075	0.097	0.093	1.449	1.497	1.122	1.023	1.477	0.862	1.467	1.472	0.937	1.463	0.096	0.093	1.454	1.427	1.432	1.442	1.456	1.493	1.459	1.466	1.486	1.021	0.095	0.093	1.445	1.432	1.441	1.452	1.455	0.489	1.459	0.683	1.464	1.502	0.093	0.096	1.473	1.464	1.452	1.460	0.648	1.463	0.925	1.484	1.130	1.452	0.093	0.096	1.483	1.490	1.469	1.465	1.448	1.143	1.491	1.564	1.482	1.471	0.093	0.096	0.095	0.095	0.095	0.094	0.094	0.097	0.095	0.095	0.096	0.094	0.095
68:01:10	20.9	0.094	0.093	0.093	0.093	0.093	0.095	0.094	0.093	0.093	0.094	0.094	0.095	0.093	1.473	0.624	1.398	1.453	0.976	1.474	1.466	1.491	1.496	1.096	0.096	0.093	1.454	1.469	1.133	1.031	1.488	0.948	1.470	1.475	0.944	1.473	0.095	0.093	1.458	1.428	1.439	1.444	1.459	1.509	1.462	1.472	1.496	1.038	0.095	0.093	1.451	1.434	1.444	1.457	1.458	0.534	1.463	0.744	1.475	1.531	0.093	0.096	1.480	1.466	1.453	1.462	0.708	1.469	0.931	1.496	1.139	1.464	0.093	0.095	1.489	1.496	1.475	1.471	1.456	1.154	1.498	1.587	1.488	1.478	0.093	0.096	0.094	0.094	0.094	0.094	0.093	0.097	0.095	0.095	0.096	0.094	0.094
69:01:07	21.3	0.094	0.094	0.093	0.093	0.094	0.095	0.094	0.093	0.094	0.094	0.094	0.095	0.093	1.484	0.685	1.412	1.459	0.979	1.481	1.473	1.500	1.508	1.111	0.096	0.094	1.458	1.474	1.142	1.047	1.500	0.948	1.476	1.480	0.955	1.482	0.096	0.093	1.461	1.433	1.442	1.444	1.463	1.528	1.466	1.480	1.512	1.055	0.095	0.093	1.456	1.438	1.445	1.459	1.464	0.584	1.472	0.833	1.490	1.527	0.093	0.096	1.483	1.470	1.457	1.466	0.789	1.480	0.940	1.508	1.151	1.472	0.093	0.096	1.502	1.506	1.482	1.480	1.464	1.165	1.504	1.558	1.494	1.486	0.093	0.096	0.095	0.095	0.094	0.094	0.094	0.097	0.095	0.095	0.096	0.094	0.094
70:01:07	21.9	0.094	0.093	0.093	0.093	0.094	0.095	0.094	0.093	0.093	0.094	0.094	0.095	0.093	1.489	0.766	1.438	1.466	1.002	1.490	1.480	1.510	1.519	1.125	0.096	0.093	1.460	1.477	1.157	1.055	1.515	0.942	1.479	1.484	0.965	1.493	0.096	0.093	1.465	1.434	1.444	1.446	1.464	1.541	1.468	1.488	1.526	1.072	0.095	0.093	1.466	1.439	1.449	1.463	1.469	0.646	1.482	0.904	1.502	1.500	0.093	0.096	1.488	1.472	1.459	1.471	0.880	1.488	0.953	1.518	1.163	1.487	0.093	0.095	1.518	1.518	1.490	1.490	1.473	1.175	1.509	1.491	1.499	1.489	0.093	0.096	0.094	0.094	0.094	0.094	0.094	0.097	0.095	0.095	0.096	0.094	0.094
71:01:08	22.3	0.094	0.094	0.094	0.093	0.094	0.095	0.094	0.094	0.094	0.094	0.094	0.096	0.093	1.498	0.842	1.467	1.477	1.012	1.500	1.490	1.520	1.531	1.139	0.097	0.094	1.471	1.487	1.168	1.071	1.529	0.938	1.487	1.488	0.983	1.511	0.096	0.094	1.472	1.440	1.445	1.450	1.469	1.512	1.478	1.495	1.542	1.085	0.095	0.093	1.473	1.443	1.449	1.465	1.479	0.720	1.492	0.925	1.516	1.506	0.093	0.096	1.498	1.479	1.463	1.478	0.911	1.497	0.967	1.531	1.177	1.496	0.093	0.096	1.537	1.531	1.498	1.500	1.485	1.187	1.516	1.495	1.509	1.499	0.093	0.096	0.094	0.095	0.095	0.094	0.095	0.097	0.095	0.096	0.096	0.095	0.094
72:01:09	22.5	0.094	0.093	0.093	0.093	0.094	0.094	0.094	0.093	0.093	0.093	0.094	0.095	0.093	1.507	0.882	1.478	1.488	1.026	1.508	1.498	1.528	1.543	1.153	0.096	0.093	1.480	1.492	1.181	1.082	1.541	0.942	1.490	1.494	0.998	1.532	0.096	0.093	1.478	1.443	1.449	1.449	1.472	1.452	1.482	1.500	1.556	1.098	0.095	0.093	1.484	1.447	1.449	1.470	1.484	0.794	1.498	0.929	1.529	1.499	0.093	0.095	1.507	1.485	1.468	1.484	0.932	1.505	0.982	1.537	1.192	1.498	0.093	0.095	1.557	1.545	1.506	1.510	1.496	1.197	1.523	1.499	1.516	1.514	0.093	0.096	0.094	0.094	0.094	0.094	0.093	0.097	0.095	0.095	0.096	0.094	0.094

