Time	T° 600	A1	A2	A3	A4	A5	A6	A7	A8	A9	A10	A11	A12	B1	B2	B3	B4	B5	B6	B7	B8	B9	B10	B11	B12	C1	C2	C3	C4	C5	C6	C7	C8	C9	C10	C11	C12	D1	D2	D3	D4	D5	D6	D7	D8	D9	D10	D11	D12	E1	E2	E3	E4	E5	E6	E7	E8	E9	E10	E11	E12	F1	F2	F3	F4	F5	F6	F7	F8	F9	F10	F11	F12	G1	G2	G3	G4	G5	G6	G7	G8	G9	G10	G11	G12	H1	H2	H3	H4	H5	H6	H7	H8	H9	H10	H11	H12
0:00:06	18.7	0.091	0.091	0.092	0.092	0.092	0.092	0.091	0.090	0.091	0.091	0.091	0.092	0.091	0.100	0.097	0.100	0.096	0.096	0.096	0.097	0.095	0.096	0.096	0.093	0.091	0.097	0.096	0.097	0.098	0.097	0.096	0.096	0.097	0.100	0.098	0.092	0.091	0.104	0.097	0.098	0.096	0.097	0.096	0.098	0.097	0.098	0.098	0.094	0.092	0.102	0.099	0.099	0.096	0.099	0.097	0.096	0.097	0.098	0.099	0.092	0.094	0.100	0.100	0.098	0.098	0.097	0.099	0.098	0.097	0.096	0.097	0.092	0.094	0.098	0.102	0.097	0.100	0.095	0.097	0.097	0.097	0.097	0.097	0.092	0.093	0.092	0.092	0.093	0.094	0.093	0.094	0.093	0.095	0.095	0.094	0.093
1:00:04	19.2	0.091	0.092	0.092	0.092	0.092	0.092	0.091	0.091	0.091	0.092	0.092	0.094	0.091	0.100	0.096	0.102	0.098	0.098	0.098	0.099	0.097	0.097	0.098	0.094	0.091	0.098	0.100	0.100	0.098	0.099	0.097	0.097	0.098	0.099	0.099	0.093	0.092	0.134	0.099	0.099	0.096	0.097	0.096	0.098	0.099	0.099	0.098	0.093	0.093	0.102	0.100	0.099	0.097	0.098	0.096	0.096	0.097	0.098	0.098	0.092	0.094	0.102	0.100	0.098	0.098	0.098	0.098	0.099	0.098	0.097	0.098	0.092	0.094	0.100	0.103	0.098	0.099	0.097	0.097	0.098	0.098	0.098	0.099	0.092	0.093	0.092	0.092	0.093	0.094	0.093	0.094	0.093	0.095	0.094	0.094	0.093
2:00:05	19.2	0.092	0.092	0.093	0.092	0.092	0.093	0.092	0.091	0.092	0.093	0.092	0.094	0.092	0.101	0.097	0.103	0.099	0.100	0.099	0.100	0.099	0.098	0.099	0.095	0.091	0.099	0.103	0.102	0.099	0.100	0.098	0.099	0.100	0.101	0.100	0.094	0.092	0.102	0.102	0.102	0.097	0.098	0.097	0.100	0.100	0.100	0.100	0.094	0.093	0.105	0.102	0.101	0.099	0.100	0.098	0.098	0.098	0.099	0.099	0.093	0.095	0.104	0.102	0.099	0.099	0.099	0.100	0.101	0.099	0.098	0.099	0.092	0.095	0.102	0.107	0.100	0.101	0.099	0.099	0.100	0.100	0.099	0.100	0.093	0.094	0.093	0.093	0.094	0.094	0.094	0.094	0.094	0.095	0.095	0.094	0.093
3:00:06	19.2	0.092	0.092	0.093	0.093	0.093	0.093	0.092	0.092	0.093	0.093	0.092	0.094	0.092	0.103	0.097	0.105	0.101	0.102	0.101	0.102	0.100	0.100	0.101	0.095	0.092	0.099	0.107	0.103	0.102	0.102	0.101	0.100	0.101	0.103	0.102	0.094	0.092	0.102	0.103	0.103	0.099	0.100	0.099	0.102	0.101	0.101	0.101	0.094	0.093	0.106	0.103	0.103	0.100	0.101	0.099	0.099	0.099	0.101	0.101	0.093	0.095	0.106	0.103	0.101	0.100	0.100	0.101	0.102	0.100	0.100	0.100	0.092	0.095	0.102	0.108	0.101	0.103	0.101	0.101	0.102	0.101	0.101	0.102	0.093	0.094	0.093	0.093	0.094	0.094	0.094	0.095	0.094	0.095	0.095	0.094	0.093
4:00:08	19.3	0.092	0.092	0.092	0.093	0.092	0.093	0.092	0.092	0.092	0.093	0.093	0.094	0.092	0.106	0.098	0.104	0.104	0.105	0.103	0.105	0.103	0.102	0.104	0.095	0.091	0.100	0.107	0.103	0.104	0.106	0.104	0.103	0.104	0.106	0.105	0.094	0.092	0.104	0.102	0.103	0.101	0.102	0.101	0.104	0.103	0.103	0.104	0.094	0.093	0.105	0.102	0.105	0.102	0.103	0.101	0.102	0.102	0.103	0.103	0.092	0.095	0.104	0.103	0.103	0.102	0.102	0.103	0.105	0.103	0.102	0.103	0.092	0.095	0.102	0.106	0.104	0.105	0.103	0.103	0.104	0.104	0.103	0.104	0.092	0.094	0.093	0.093	0.093	0.094	0.093	0.094	0.094	0.095	0.095	0.094	0.093
5:00:08	19.2	0.092	0.092	0.093	0.093	0.092	0.093	0.092	0.092	0.093	0.093	0.093	0.095	0.092	0.110	0.098	0.105	0.109	0.110	0.109	0.111	0.108	0.107	0.109	0.095	0.092	0.100	0.113	0.104	0.110	0.111	0.110	0.108	0.110	0.111	0.110	0.095	0.093	0.105	0.103	0.104	0.106	0.106	0.106	0.109	0.108	0.109	0.109	0.094	0.094	0.105	0.102	0.109	0.106	0.108	0.106	0.106	0.107	0.108	0.108	0.093	0.095	0.107	0.104	0.108	0.106	0.107	0.108	0.110	0.108	0.106	0.108	0.092	0.095	0.103	0.105	0.109	0.111	0.108	0.109	0.110	0.109	0.108	0.108	0.093	0.094	0.093	0.094	0.094	0.094	0.094	0.095	0.094	0.095	0.095	0.094	0.093
6:00:08	19.2	0.092	0.093	0.093	0.093	0.093	0.093	0.092	0.092	0.093	0.093	0.093	0.095	0.092	0.119	0.098	0.106	0.117	0.119	0.117	0.120	0.117	0.116	0.117	0.095	0.092	0.100	0.122	0.104	0.118	0.120	0.119	0.117	0.118	0.119	0.119	0.095	0.093	0.107	0.104	0.106	0.114	0.112	0.114	0.117	0.114	0.117	0.117	0.094	0.094	0.105	0.103	0.114	0.113	0.115	0.113	0.114	0.116	0.117	0.116	0.093	0.095	0.106	0.106	0.115	0.112	0.113	0.115	0.118	0.116	0.114	0.116	0.092	0.095	0.103	0.106	0.116	0.119	0.117	0.117	0.120	0.117	0.116	0.116	0.093	0.094	0.094	0.093	0.094	0.094	0.093	0.094	0.094	0.095	0.095	0.094	0.093
7:00:10	19.1	0.092	0.093	0.093	0.093	0.093	0.093	0.092	0.092	0.093	0.093	0.093	0.095	0.092	0.134	0.099	0.106	0.130	0.135	0.131	0.138	0.132	0.130	0.132	0.095	0.092	0.101	0.139	0.105	0.135	0.137	0.135	0.132	0.134	0.135	0.134	0.095	0.093	0.113	0.106	0.105	0.127	0.125	0.128	0.131	0.127	0.132	0.131	0.094	0.094	0.106	0.106	0.128	0.126	0.128	0.127	0.128	0.131	0.132	0.132	0.093	0.095	0.107	0.110	0.127	0.125	0.127	0.130	0.134	0.130	0.128	0.131	0.092	0.095	0.106	0.106	0.129	0.135	0.133	0.134	0.137	0.131	0.129	0.129	0.093	0.094	0.093	0.093	0.094	0.095	0.094	0.094	0.094	0.095	0.095	0.095	0.093
8:00:11	19.1	0.092	0.093	0.093	0.093	0.093	0.093	0.092	0.092	0.093	0.093	0.093	0.095	0.092	0.157	0.099	0.107	0.153	0.163	0.156	0.167	0.158	0.155	0.159	0.095	0.092	0.101	0.163	0.104	0.164	0.164	0.163	0.157	0.163	0.163	0.161	0.095	0.093	0.120	0.107	0.104	0.150	0.146	0.155	0.155	0.149	0.159	0.158	0.094	0.094	0.112	0.108	0.149	0.150	0.152	0.151	0.150	0.159	0.158	0.158	0.093	0.095	0.109	0.107	0.149	0.147	0.150	0.156	0.161	0.154	0.151	0.156	0.092	0.095	0.103	0.112	0.150	0.161	0.161	0.162	0.165	0.157	0.153	0.151	0.093	0.094	0.093	0.093	0.094	0.094	0.093	0.094	0.094	0.095	0.095	0.094	0.093
9:00:12	19.0	0.092	0.093	0.093	0.093	0.093	0.093	0.093	0.092	0.093	0.093	0.093	0.095	0.092	0.193	0.099	0.108	0.185	0.211	0.195	0.211	0.200	0.197	0.198	0.095	0.092	0.102	0.193	0.104	0.204	0.203	0.206	0.198	0.209	0.216	0.210	0.095	0.093	0.132	0.105	0.104	0.182	0.181	0.204	0.202	0.181	0.197	0.195	0.094	0.094	0.111	0.107	0.183	0.188	0.190	0.187	0.184	0.205	0.196	0.194	0.093	0.095	0.109	0.105	0.184	0.181	0.187	0.201	0.204	0.189	0.185	0.190	0.092	0.095	0.102	0.112	0.184	0.210	0.206	0.202	0.204	0.199	0.190	0.186	0.093	0.094	0.093	0.094	0.094	0.094	0.094	0.094	0.094	0.095	0.095	0.094	0.093
10:00:13	19.0	0.092	0.093	0.093	0.093	0.093	0.094	0.093	0.092	0.093	0.093	0.093	0.095	0.092	0.234	0.099	0.108	0.221	0.248	0.228	0.253	0.245	0.237	0.234	0.095	0.092	0.103	0.231	0.104	0.243	0.237	0.242	0.246	0.243	0.261	0.241	0.095	0.093	0.140	0.105	0.105	0.217	0.217	0.231	0.247	0.217	0.237	0.233	0.094	0.094	0.109	0.105	0.223	0.226	0.226	0.223	0.221	0.245	0.225	0.228	0.093	0.095	0.106	0.105	0.215	0.219	0.224	0.238	0.241	0.222	0.215	0.227	0.092	0.095	0.102	0.110	0.218	0.240	0.252	0.247	0.243	0.231	0.224	0.228	0.093	0.094	0.093	0.094	0.094	0.095	0.094	0.095	0.094	0.095	0.095	0.094	0.093
11:00:14	18.9	0.092	0.093	0.093	0.093	0.093	0.094	0.093	0.092	0.093	0.093	0.093	0.095	0.092	0.265	0.099	0.108	0.247	0.270	0.255	0.288	0.303	0.266	0.267	0.095	0.092	0.102	0.252	0.104	0.276	0.257	0.291	0.295	0.275	0.311	0.277	0.095	0.093	0.135	0.105	0.108	0.248	0.254	0.268	0.291	0.249	0.261	0.265	0.094	0.094	0.107	0.104	0.260	0.260	0.262	0.269	0.260	0.282	0.261	0.259	0.093	0.095	0.105	0.105	0.249	0.250	0.252	0.253	0.283	0.246	0.245	0.247	0.092	0.096	0.102	0.108	0.256	0.258	0.296	0.286	0.266	0.264	0.250	0.253	0.093	0.094	0.094	0.094	0.094	0.095	0.094	0.094	0.094	0.096	0.095	0.094	0.093
12:00:15	18.9	0.093	0.093	0.093	0.093	0.093	0.094	0.093	0.093	0.093	0.093	0.094	0.095	0.092	0.308	0.099	0.108	0.287	0.312	0.306	0.330	0.358	0.330	0.319	0.096	0.092	0.103	0.289	0.104	0.307	0.306	0.349	0.335	0.312	0.372	0.317	0.095	0.093	0.141	0.105	0.109	0.276	0.296	0.325	0.305	0.295	0.300	0.317	0.094	0.094	0.108	0.105	0.288	0.302	0.306	0.313	0.297	0.344	0.312	0.303	0.093	0.095	0.106	0.105	0.281	0.308	0.310	0.304	0.336	0.299	0.294	0.291	0.093	0.095	0.103	0.109	0.291	0.303	0.335	0.341	0.325	0.338	0.324	0.296	0.093	0.094	0.094	0.094	0.094	0.095	0.094	0.095	0.094	0.095	0.095	0.094	0.093
13:00:16	18.8	0.092	0.093	0.093	0.093	0.093	0.093	0.093	0.092	0.093	0.093	0.093	0.095	0.092	0.369	0.099	0.109	0.331	0.365	0.367	0.368	0.386	0.360	0.357	0.095	0.092	0.103	0.340	0.104	0.367	0.364	0.376	0.378	0.356	0.388	0.348	0.095	0.093	0.155	0.106	0.108	0.341	0.343	0.365	0.343	0.307	0.307	0.347	0.094	0.094	0.108	0.105	0.316	0.349	0.356	0.339	0.336	0.370	0.328	0.315	0.093	0.095	0.106	0.105	0.325	0.328	0.327	0.342	0.374	0.313	0.324	0.342	0.092	0.095	0.103	0.109	0.326	0.358	0.356	0.380	0.363	0.348	0.353	0.344	0.093	0.094	0.093	0.094	0.094	0.094	0.094	0.094	0.094	0.095	0.095	0.094	0.093
14:00:16	18.7	0.093	0.093	0.093	0.093	0.093	0.094	0.093	0.093	0.093	0.093	0.093	0.095	0.093	0.392	0.100	0.110	0.368	0.400	0.402	0.406	0.423	0.406	0.399	0.096	0.092	0.104	0.370	0.105	0.396	0.394	0.413	0.407	0.395	0.422	0.389	0.095	0.093	0.145	0.107	0.109	0.377	0.384	0.404	0.379	0.344	0.347	0.383	0.094	0.094	0.108	0.105	0.356	0.385	0.398	0.377	0.380	0.412	0.380	0.361	0.093	0.096	0.107	0.106	0.365	0.363	0.363	0.380	0.413	0.358	0.369	0.393	0.093	0.096	0.104	0.110	0.369	0.393	0.396	0.413	0.406	0.403	0.407	0.390	0.093	0.094	0.094	0.094	0.094	0.095	0.094	0.095	0.094	0.095	0.095	0.094	0.093
15:00:17	18.6	0.093	0.093	0.093	0.093	0.093	0.094	0.093	0.092	0.093	0.093	0.093	0.095	0.092	0.443	0.100	0.111	0.423	0.474	0.472	0.436	0.484	0.466	0.473	0.095	0.092	0.104	0.440	0.105	0.486	0.469	0.470	0.441	0.459	0.486	0.430	0.095	0.093	0.140	0.107	0.109	0.458	0.440	0.468	0.444	0.441	0.455	0.461	0.094	0.094	0.109	0.105	0.416	0.447	0.452	0.454	0.428	0.449	0.425	0.411	0.093	0.095	0.106	0.106	0.430	0.443	0.433	0.461	0.481	0.418	0.374	0.411	0.092	0.095	0.104	0.110	0.423	0.452	0.485	0.506	0.502	0.444	0.437	0.424	0.093	0.095	0.093	0.094	0.094	0.095	0.094	0.095	0.094	0.095	0.095	0.094	0.093
16:00:17	18.8	0.093	0.093	0.093	0.093	0.093	0.094	0.093	0.092	0.094	0.094	0.093	0.095	0.092	0.451	0.100	0.111	0.407	0.453	0.467	0.439	0.452	0.469	0.471	0.096	0.092	0.104	0.476	0.105	0.486	0.478	0.459	0.452	0.449	0.480	0.451	0.095	0.093	0.136	0.107	0.109	0.454	0.413	0.453	0.444	0.416	0.447	0.438	0.094	0.094	0.109	0.105	0.429	0.438	0.447	0.422	0.417	0.452	0.410	0.422	0.093	0.095	0.107	0.108	0.463	0.447	0.419	0.440	0.489	0.395	0.412	0.421	0.093	0.096	0.104	0.110	0.463	0.488	0.493	0.494	0.503	0.430	0.427	0.420	0.093	0.094	0.094	0.094	0.094	0.095	0.094	0.094	0.094	0.096	0.095	0.095	0.093
17:00:19	18.8	0.093	0.093	0.093	0.093	0.093	0.094	0.093	0.093	0.093	0.094	0.094	0.095	0.092	0.449	0.100	0.111	0.438	0.469	0.482	0.481	0.474	0.477	0.483	0.096	0.092	0.104	0.492	0.106	0.484	0.479	0.475	0.465	0.468	0.487	0.458	0.095	0.093	0.127	0.108	0.108	0.463	0.417	0.469	0.461	0.430	0.459	0.463	0.094	0.094	0.109	0.105	0.428	0.437	0.453	0.438	0.428	0.477	0.448	0.451	0.093	0.096	0.107	0.109	0.473	0.457	0.431	0.466	0.509	0.437	0.470	0.476	0.093	0.096	0.103	0.110	0.484	0.492	0.498	0.511	0.511	0.459	0.465	0.469	0.093	0.095	0.094	0.094	0.094	0.095	0.094	0.095	0.094	0.095	0.095	0.095	0.093
18:00:20	19.1	0.093	0.093	0.094	0.093	0.093	0.094	0.093	0.093	0.093	0.094	0.094	0.095	0.093	0.499	0.100	0.111	0.482	0.507	0.517	0.507	0.511	0.529	0.525	0.096	0.092	0.104	0.521	0.106	0.521	0.515	0.515	0.499	0.506	0.529	0.512	0.095	0.093	0.170	0.109	0.107	0.499	0.469	0.509	0.501	0.490	0.518	0.532	0.094	0.094	0.108	0.105	0.474	0.486	0.506	0.498	0.484	0.534	0.518	0.517	0.093	0.096	0.107	0.109	0.511	0.512	0.495	0.521	0.535	0.502	0.542	0.554	0.092	0.096	0.103	0.110	0.532	0.530	0.543	0.551	0.537	0.525	0.523	0.544	0.093	0.095	0.094	0.094	0.094	0.095	0.094	0.095	0.094	0.096	0.095	0.094	0.093
19:00:21	19.2	0.093	0.093	0.094	0.093	0.093	0.094	0.093	0.093	0.093	0.094	0.093	0.095	0.093	0.541	0.101	0.111	0.543	0.569	0.581	0.572	0.579	0.601	0.590	0.096	0.092	0.104	0.572	0.107	0.573	0.574	0.579	0.574	0.576	0.596	0.593	0.095	0.093	0.197	0.109	0.106	0.557	0.539	0.572	0.560	0.564	0.594	0.612	0.094	0.094	0.109	0.106	0.538	0.553	0.578	0.565	0.561	0.604	0.598	0.592	0.093	0.095	0.107	0.110	0.570	0.575	0.564	0.593	0.599	0.582	0.624	0.641	0.093	0.096	0.103	0.110	0.605	0.597	0.603	0.610	0.603	0.606	0.618	0.634	0.093	0.094	0.094	0.094	0.094	0.095	0.094	0.095	0.094	0.095	0.095	0.095	0.093
20:00:22	19.4	0.093	0.093	0.094	0.094	0.093	0.094	0.093	0.093	0.093	0.094	0.094	0.095	0.093	0.606	0.101	0.111	0.601	0.624	0.636	0.627	0.641	0.659	0.661	0.096	0.092	0.105	0.628	0.107	0.627	0.626	0.634	0.635	0.636	0.660	0.660	0.095	0.093	0.233	0.110	0.106	0.614	0.608	0.642	0.622	0.631	0.655	0.674	0.095	0.094	0.108	0.106	0.605	0.620	0.646	0.636	0.634	0.673	0.669	0.662	0.093	0.096	0.108	0.109	0.635	0.642	0.639	0.663	0.664	0.656	0.696	0.709	0.093	0.096	0.104	0.110	0.669	0.658	0.664	0.670	0.668	0.682	0.692	0.710	0.093	0.095	0.094	0.094	0.094	0.095	0.094	0.095	0.094	0.095	0.095	0.095	0.093
21:00:23	19.8	0.093	0.093	0.094	0.093	0.093	0.094	0.093	0.092	0.093	0.094	0.094	0.095	0.093	0.661	0.101	0.111	0.656	0.676	0.691	0.689	0.698	0.711	0.718	0.096	0.092	0.105	0.671	0.108	0.681	0.679	0.685	0.692	0.692	0.716	0.720	0.095	0.093	0.302	0.110	0.106	0.664	0.676	0.701	0.680	0.690	0.710	0.734	0.094	0.094	0.108	0.106	0.662	0.678	0.706	0.698	0.698	0.730	0.733	0.729	0.093	0.096	0.108	0.109	0.691	0.700	0.700	0.723	0.724	0.722	0.759	0.771	0.093	0.096	0.103	0.110	0.724	0.716	0.724	0.727	0.727	0.747	0.755	0.776	0.093	0.095	0.094	0.094	0.094	0.095	0.094	0.095	0.094	0.096	0.095	0.095	0.093
22:00:24	20.2	0.092	0.093	0.093	0.093	0.093	0.094	0.093	0.092	0.093	0.094	0.093	0.095	0.092	0.717	0.101	0.111	0.717	0.740	0.750	0.748	0.754	0.767	0.776	0.096	0.092	0.104	0.716	0.109	0.740	0.740	0.744	0.752	0.749	0.771	0.779	0.095	0.093	0.266	0.110	0.106	0.725	0.743	0.760	0.741	0.755	0.767	0.792	0.094	0.094	0.108	0.106	0.728	0.740	0.767	0.762	0.763	0.789	0.794	0.801	0.093	0.095	0.108	0.108	0.751	0.759	0.766	0.784	0.785	0.788	0.840	0.836	0.093	0.096	0.104	0.110	0.781	0.775	0.786	0.790	0.791	0.815	0.823	0.845	0.093	0.095	0.094	0.094	0.094	0.094	0.094	0.095	0.094	0.095	0.095	0.094	0.093
23:00:25	20.5	0.093	0.093	0.093	0.093	0.093	0.094	0.093	0.093	0.093	0.094	0.093	0.095	0.093	0.769	0.101	0.111	0.781	0.809	0.812	0.810	0.814	0.830	0.848	0.096	0.092	0.105	0.762	0.109	0.806	0.806	0.805	0.815	0.811	0.835	0.848	0.095	0.093	0.171	0.112	0.106	0.787	0.812	0.826	0.805	0.824	0.830	0.858	0.094	0.094	0.109	0.107	0.794	0.802	0.830	0.830	0.833	0.859	0.864	0.909	0.093	0.095	0.109	0.108	0.817	0.821	0.832	0.852	0.851	0.860	0.955	0.922	0.093	0.096	0.104	0.111	0.849	0.839	0.851	0.856	0.858	0.897	0.910	0.932	0.093	0.094	0.094	0.094	0.094	0.094	0.094	0.095	0.094	0.095	0.095	0.094	0.093
24:00:25	20.7	0.093	0.093	0.093	0.093	0.093	0.094	0.093	0.092	0.093	0.094	0.093	0.095	0.093	0.834	0.101	0.111	0.851	0.878	0.880	0.881	0.635	0.652	0.790	0.096	0.092	0.105	0.828	0.110	0.876	0.628	0.875	0.886	0.632	0.658	0.747	0.095	0.093	0.168	0.112	0.106	0.861	0.888	0.898	0.876	0.917	0.909	0.951	0.094	0.094	0.109	0.107	0.867	0.877	0.915	0.917	0.929	1.020	0.994	0.953	0.093	0.095	0.109	0.109	0.892	0.910	0.930	0.984	0.970	0.934	0.892	0.960	0.093	0.095	0.104	0.110	0.932	0.940	1.019	0.976	0.969	0.946	0.972	1.144	0.093	0.094	0.094	0.094	0.094	0.095	0.094	0.095	0.094	0.095	0.095	0.095	0.093
25:00:27	20.7	0.093	0.093	0.094	0.093	0.093	0.094	0.093	0.092	0.093	0.094	0.093	0.095	0.093	1.025	0.102	0.112	0.962	0.889	0.915	0.955	0.942	0.978	0.999	0.096	0.092	0.106	0.951	0.110	0.947	0.894	0.919	0.946	0.972	1.002	1.035	0.095	0.093	0.186	0.113	0.107	0.973	1.048	1.011	1.006	0.997	0.993	1.058	0.094	0.094	0.109	0.109	0.978	1.056	1.065	1.060	1.086	1.100	1.067	1.070	0.093	0.095	0.109	0.109	1.013	1.059	1.095	1.062	1.081	1.045	1.036	1.067	0.093	0.096	0.104	0.110	1.074	1.080	1.068	1.099	1.077	1.065	1.071	1.117	0.093	0.095	0.094	0.094	0.094	0.095	0.094	0.095	0.094	0.096	0.095	0.094	0.093
26:00:27	20.4	0.093	0.094	0.094	0.093	0.093	0.094	0.093	0.093	0.093	0.094	0.093	0.095	0.093	1.072	0.102	0.112	1.030	1.045	1.079	1.069	1.067	1.039	1.054	0.096	0.092	0.107	1.057	0.111	1.039	1.049	1.047	1.073	1.070	1.080	1.073	0.095	0.093	0.171	0.113	0.108	1.061	1.089	1.079	1.065	1.061	1.051	1.077	0.094	0.094	0.110	0.109	1.066	1.098	1.093	1.076	1.077	1.078	1.082	1.076	0.093	0.096	0.109	0.109	1.082	1.079	1.088	1.080	1.090	1.074	1.063	1.089	0.093	0.096	0.104	0.110	1.113	1.102	1.100	1.106	1.112	1.103	1.088	1.098	0.093	0.095	0.094	0.094	0.094	0.095	0.094	0.095	0.094	0.095	0.095	0.095	0.094
27:00:28	20.1	0.093	0.093	0.093	0.093	0.093	0.094	0.093	0.093	0.093	0.094	0.094	0.095	0.093	1.067	0.102	0.113	1.029	1.060	1.093	1.077	1.070	1.047	1.062	0.096	0.092	0.107	1.055	0.111	1.056	1.063	1.061	1.083	1.075	1.083	1.081	0.095	0.093	0.206	0.113	0.109	1.063	1.090	1.085	1.076	1.075	1.064	1.073	0.094	0.094	0.109	0.110	1.075	1.100	1.096	1.081	1.076	1.081	1.093	1.082	0.093	0.096	0.108	0.110	1.090	1.076	1.096	1.086	1.095	1.085	1.066	1.095	0.093	0.096	0.105	0.110	1.117	1.102	1.107	1.111	1.120	1.111	1.095	1.094	0.093	0.094	0.094	0.094	0.094	0.094	0.094	0.095	0.094	0.096	0.095	0.095	0.094
28:00:29	19.8	0.093	0.093	0.094	0.094	0.094	0.094	0.093	0.093	0.094	0.094	0.094	0.095	0.093	1.080	0.102	0.114	1.041	1.068	1.098	1.082	1.073	1.055	1.070	0.096	0.093	0.107	1.060	0.111	1.070	1.067	1.067	1.088	1.079	1.086	1.090	0.095	0.093	0.270	0.113	0.109	1.070	1.101	1.094	1.086	1.084	1.073	1.083	0.094	0.094	0.109	0.110	1.087	1.109	1.106	1.093	1.085	1.092	1.105	1.091	0.093	0.096	0.108	0.110	1.099	1.083	1.105	1.096	1.102	1.098	1.075	1.109	0.093	0.096	0.105	0.111	1.122	1.109	1.113	1.120	1.125	1.118	1.105	1.103	0.093	0.095	0.094	0.094	0.094	0.095	0.094	0.095	0.094	0.096	0.095	0.095	0.093
29:00:30	19.6	0.094	0.094	0.094	0.094	0.094	0.094	0.094	0.093	0.094	0.094	0.094	0.096	0.093	1.088	0.103	0.114	1.052	1.075	1.107	1.094	1.079	1.065	1.081	0.096	0.093	0.108	1.066	0.112	1.081	1.071	1.075	1.097	1.084	1.090	1.099	0.096	0.094	0.325	0.113	0.110	1.078	1.111	1.107	1.099	1.098	1.085	1.097	0.095	0.094	0.109	0.111	1.096	1.121	1.119	1.109	1.100	1.107	1.121	1.103	0.094	0.096	0.109	0.111	1.108	1.095	1.120	1.111	1.110	1.113	1.088	1.127	0.093	0.096	0.105	0.112	1.132	1.119	1.123	1.130	1.131	1.127	1.118	1.119	0.093	0.095	0.094	0.094	0.094	0.095	0.094	0.095	0.094	0.096	0.095	0.095	0.094
30:00:31	19.5	0.093	0.093	0.094	0.093	0.093	0.094	0.094	0.093	0.093	0.094	0.094	0.095	0.093	1.098	0.103	0.114	1.064	1.087	1.114	1.106	1.088	1.075	1.092	0.096	0.093	0.108	1.071	0.112	1.092	1.077	1.089	1.111	1.089	1.097	1.108	0.095	0.093	0.150	0.112	0.111	1.087	1.125	1.121	1.116	1.113	1.097	1.113	0.095	0.094	0.109	0.111	1.111	1.133	1.132	1.124	1.114	1.120	1.133	1.116	0.093	0.096	0.109	0.111	1.118	1.112	1.137	1.126	1.121	1.127	1.102	1.140	0.093	0.096	0.105	0.114	1.146	1.129	1.132	1.142	1.138	1.137	1.129	1.137	0.093	0.095	0.094	0.094	0.094	0.095	0.094	0.095	0.094	0.096	0.095	0.095	0.094
31:00:32	19.5	0.093	0.093	0.094	0.094	0.094	0.095	0.093	0.093	0.094	0.094	0.094	0.095	0.093	1.115	0.103	0.114	1.082	1.100	1.128	1.120	1.104	1.089	1.105	0.096	0.093	0.109	1.089	0.112	1.105	1.087	1.097	1.120	1.102	1.109	1.117	0.096	0.093	0.140	0.113	0.112	1.099	1.140	1.137	1.125	1.125	1.108	1.125	0.095	0.094	0.108	0.112	1.124	1.145	1.150	1.137	1.125	1.131	1.142	1.129	0.094	0.096	0.109	0.112	1.131	1.125	1.148	1.135	1.133	1.138	1.134	1.152	0.093	0.096	0.106	0.115	1.153	1.141	1.144	1.151	1.148	1.147	1.141	1.152	0.093	0.095	0.094	0.094	0.094	0.095	0.094	0.095	0.095	0.096	0.095	0.095	0.094
32:00:33	19.5	0.093	0.093	0.094	0.093	0.093	0.094	0.093	0.093	0.094	0.094	0.094	0.095	0.093	1.126	0.103	0.115	1.095	1.111	1.138	1.129	1.115	1.099	1.116	0.096	0.092	0.109	1.106	0.113	1.115	1.095	1.104	1.127	1.109	1.120	1.125	0.095	0.093	0.173	0.114	0.112	1.108	1.148	1.147	1.131	1.133	1.117	1.133	0.095	0.094	0.108	0.112	1.132	1.152	1.163	1.146	1.134	1.138	1.148	1.139	0.093	0.095	0.109	0.112	1.140	1.137	1.160	1.144	1.142	1.145	1.135	1.162	0.093	0.096	0.106	0.113	1.161	1.153	1.155	1.161	1.158	1.156	1.152	1.167	0.093	0.094	0.094	0.094	0.094	0.095	0.094	0.095	0.094	0.096	0.095	0.095	0.093
33:00:34	19.5	0.093	0.094	0.094	0.093	0.093	0.094	0.093	0.093	0.093	0.094	0.094	0.095	0.092	1.133	0.104	0.115	1.104	1.123	1.144	1.136	1.123	1.108	1.129	0.096	0.093	0.110	1.125	0.114	1.122	1.100	1.117	1.138	1.116	1.125	1.135	0.095	0.093	0.233	0.115	0.113	1.118	1.154	1.152	1.138	1.140	1.123	1.139	0.095	0.094	0.109	0.113	1.144	1.157	1.169	1.152	1.142	1.144	1.153	1.147	0.093	0.095	0.109	0.112	1.149	1.145	1.166	1.150	1.148	1.151	1.110	1.172	0.093	0.096	0.108	0.112	1.174	1.161	1.161	1.168	1.164	1.169	1.166	1.181	0.093	0.094	0.094	0.094	0.094	0.095	0.094	0.095	0.094	0.096	0.095	0.095	0.093
34:00:34	19.5	0.093	0.094	0.093	0.093	0.093	0.094	0.093	0.093	0.093	0.094	0.094	0.095	0.093	1.140	0.104	0.116	1.115	1.137	1.148	1.139	1.130	1.114	1.140	0.096	0.092	0.110	1.154	0.115	1.128	1.109	1.126	1.144	1.122	1.131	1.144	0.095	0.093	0.345	0.115	0.113	1.128	1.158	1.153	1.142	1.142	1.126	1.141	0.094	0.094	0.109	0.114	1.151	1.159	1.169	1.155	1.145	1.149	1.156	1.154	0.093	0.095	0.110	0.112	1.157	1.149	1.171	1.152	1.151	1.153	1.132	1.183	0.093	0.096	0.109	0.112	1.182	1.165	1.167	1.169	1.168	1.192	1.183	1.199	0.093	0.094	0.094	0.094	0.094	0.095	0.094	0.095	0.094	0.096	0.095	0.094	0.093
35:00:35	19.4	0.093	0.094	0.094	0.094	0.094	0.095	0.094	0.093	0.094	0.094	0.094	0.096	0.093	1.150	0.105	0.117	1.120	1.142	1.154	1.146	1.138	1.121	1.156	0.096	0.093	0.112	1.156	0.116	1.132	1.114	1.129	1.149	1.127	1.136	1.147	0.096	0.094	0.461	0.116	0.115	1.131	1.160	1.156	1.143	1.144	1.129	1.143	0.095	0.095	0.110	0.115	1.154	1.160	1.175	1.158	1.146	1.160	1.161	1.162	0.094	0.096	0.111	0.112	1.160	1.152	1.175	1.154	1.154	1.157	1.154	1.207	0.093	0.096	0.109	0.113	1.186	1.170	1.192	1.178	1.154	1.216	1.210	1.208	0.094	0.095	0.094	0.094	0.094	0.095	0.094	0.096	0.095	0.096	0.095	0.095	0.094
36:00:35	19.4	0.093	0.094	0.094	0.093	0.094	0.094	0.094	0.093	0.094	0.094	0.094	0.095	0.093	1.165	0.105	0.118	1.120	1.142	1.158	1.150	1.144	1.129	1.097	0.096	0.092	0.112	1.140	0.118	1.134	1.117	1.129	1.149	1.133	1.142	1.156	0.095	0.093	0.511	0.116	0.116	1.131	1.161	1.159	1.143	1.144	1.129	1.144	0.095	0.094	0.111	0.115	1.155	1.159	1.178	1.157	1.146	1.169	1.166	1.171	0.093	0.096	0.111	0.111	1.162	1.153	1.176	1.153	1.162	1.161	1.161	1.210	0.093	0.096	0.109	0.113	1.188	1.177	1.174	1.195	1.187	1.170	1.167	1.183	0.093	0.095	0.094	0.094	0.094	0.095	0.094	0.095	0.095	0.096	0.095	0.095	0.093
37:00:37	19.4	0.093	0.094	0.094	0.094	0.094	0.095	0.094	0.093	0.094	0.094	0.094	0.095	0.093	1.174	0.106	0.120	1.128	1.151	1.157	1.150	1.145	1.077	1.141	0.096	0.093	0.113	1.131	0.120	1.138	1.121	1.133	1.151	1.135	1.145	1.104	0.096	0.094	0.512	0.117	0.117	1.133	1.160	1.159	1.144	1.146	1.132	1.146	0.095	0.094	0.112	0.116	1.155	1.159	1.177	1.161	1.151	1.176	1.180	1.184	0.093	0.096	0.112	0.112	1.168	1.160	1.182	1.157	1.177	1.176	1.166	1.176	0.093	0.096	0.109	0.114	1.198	1.176	1.192	1.182	1.208	1.182	1.177	1.196	0.093	0.095	0.094	0.094	0.094	0.095	0.094	0.095	0.094	0.096	0.095	0.095	0.094
38:00:38	19.4	0.094	0.094	0.094	0.094	0.094	0.095	0.094	0.093	0.094	0.094	0.094	0.095	0.093	1.144	0.106	0.120	1.129	1.151	1.162	1.156	1.106	1.099	1.166	0.096	0.093	0.115	1.130	0.122	1.140	1.124	1.135	1.156	1.146	1.115	1.168	0.096	0.094	0.528	0.119	0.119	1.134	1.164	1.167	1.148	1.151	1.138	1.152	0.095	0.095	0.113	0.117	1.158	1.161	1.185	1.171	1.164	1.146	1.144	1.162	0.094	0.096	0.112	0.112	1.178	1.169	1.190	1.168	1.208	1.198	1.176	1.188	0.093	0.096	0.108	0.115	1.217	1.170	1.192	1.204	1.207	1.183	1.177	1.200	0.093	0.095	0.094	0.095	0.094	0.095	0.094	0.095	0.095	0.096	0.095	0.095	0.094
39:00:39	19.4	0.093	0.094	0.094	0.094	0.094	0.094	0.094	0.093	0.093	0.094	0.094	0.095	0.093	1.154	0.106	0.122	1.133	1.156	1.167	1.163	1.095	1.135	1.170	0.096	0.093	0.116	1.136	0.125	1.145	1.131	1.141	1.160	1.076	1.100	1.181	0.095	0.093	0.530	0.120	0.122	1.139	1.169	1.177	1.153	1.161	1.145	1.160	0.095	0.094	0.113	0.118	1.146	1.167	1.194	1.185	1.183	1.170	1.149	1.173	0.093	0.096	0.111	0.113	1.142	1.188	1.206	1.185	1.185	1.189	1.190	1.187	0.093	0.096	0.108	0.116	1.165	1.199	1.189	1.202	1.202	1.184	1.178	1.200	0.093	0.095	0.094	0.094	0.094	0.095	0.094	0.095	0.094	0.096	0.095	0.095	0.093
40:00:40	19.5	0.093	0.094	0.094	0.094	0.094	0.095	0.094	0.093	0.094	0.094	0.094	0.096	0.093	1.177	0.107	0.124	1.136	1.158	1.178	1.088	1.131	1.168	1.167	0.096	0.093	0.117	1.147	0.128	1.150	1.136	1.147	1.166	1.107	1.153	1.181	0.096	0.094	0.534	0.121	0.125	1.144	1.179	1.116	1.160	1.171	1.153	1.174	0.095	0.094	0.113	0.120	1.097	1.179	1.166	1.186	1.133	1.174	1.164	1.184	0.093	0.096	0.112	0.114	1.163	1.147	1.193	1.183	1.194	1.170	1.209	1.188	0.093	0.096	0.108	0.117	1.211	1.201	1.189	1.198	1.203	1.184	1.178	1.200	0.094	0.095	0.094	0.094	0.094	0.095	0.094	0.095	0.095	0.096	0.095	0.095	0.093
41:00:41	19.5	0.093	0.094	0.094	0.094	0.094	0.095	0.094	0.093	0.094	0.094	0.094	0.096	0.093	1.181	0.108	0.126	1.085	1.096	1.094	1.135	1.166	1.177	1.170	0.096	0.093	0.120	1.159	0.131	1.161	1.149	1.161	1.106	1.137	1.184	1.179	0.096	0.094	0.492	0.122	0.129	1.065	1.115	1.142	1.171	1.188	1.165	1.200	0.095	0.094	0.113	0.121	1.132	1.147	1.163	1.159	1.169	1.175	1.188	1.190	0.094	0.096	0.112	0.115	1.171	1.152	1.165	1.160	1.191	1.173	1.228	1.194	0.093	0.096	0.108	0.118	1.227	1.201	1.193	1.198	1.205	1.192	1.182	1.207	0.093	0.095	0.094	0.094	0.094	0.095	0.094	0.095	0.094	0.096	0.095	0.095	0.094
42:00:42	19.7	0.093	0.094	0.094	0.093	0.094	0.094	0.094	0.093	0.094	0.094	0.094	0.096	0.093	1.186	0.109	0.129	1.091	1.099	1.149	1.164	1.187	1.181	1.176	0.096	0.093	0.122	1.176	0.136	1.177	1.086	1.181	1.107	1.171	1.201	1.183	0.096	0.094	0.393	0.124	0.132	1.105	1.147	1.160	1.097	1.211	1.182	1.162	0.095	0.094	0.113	0.124	1.171	1.151	1.187	1.162	1.181	1.175	1.203	1.194	0.093	0.096	0.113	0.117	1.187	1.183	1.176	1.173	1.190	1.189	1.238	1.196	0.093	0.096	0.109	0.120	1.230	1.200	1.198	1.200	1.211	1.199	1.186	1.214	0.093	0.095	0.094	0.094	0.094	0.095	0.094	0.096	0.094	0.096	0.095	0.095	0.093
43:00:43	19.9	0.093	0.094	0.094	0.094	0.094	0.095	0.094	0.093	0.094	0.094	0.094	0.096	0.093	1.192	0.110	0.132	1.123	1.125	1.179	1.184	1.202	1.183	1.185	0.096	0.093	0.124	1.199	0.142	1.113	1.102	1.125	1.130	1.192	1.206	1.187	0.096	0.094	0.385	0.126	0.138	1.129	1.174	1.202	1.139	1.182	1.182	1.184	0.095	0.095	0.114	0.126	1.177	1.165	1.205	1.196	1.185	1.178	1.208	1.197	0.093	0.096	0.113	0.118	1.200	1.192	1.202	1.196	1.192	1.193	1.262	1.202	0.093	0.096	0.109	0.121	1.232	1.201	1.205	1.201	1.217	1.207	1.195	1.223	0.093	0.095	0.094	0.094	0.094	0.095	0.094	0.095	0.095	0.096	0.095	0.095	0.094
44:00:47	20.3	0.093	0.094	0.094	0.094	0.094	0.094	0.094	0.093	0.094	0.094	0.094	0.096	0.093	1.196	0.111	0.137	1.152	1.159	1.204	1.204	1.203	1.197	1.193	0.096	0.093	0.127	1.146	0.150	1.170	1.156	1.187	1.200	1.192	1.206	1.195	0.096	0.094	0.514	0.129	0.146	1.170	1.192	1.215	1.186	1.200	1.190	1.190	0.095	0.094	0.114	0.130	1.192	1.179	1.218	1.217	1.186	1.184	1.214	1.205	0.093	0.096	0.115	0.121	1.215	1.198	1.229	1.208	1.196	1.196	1.283	1.212	0.093	0.097	0.110	0.123	1.234	1.208	1.213	1.209	1.226	1.221	1.208	1.233	0.094	0.095	0.094	0.095	0.094	0.095	0.094	0.095	0.095	0.096	0.095	0.095	0.094
45:00:44	20.6	0.093	0.094	0.094	0.093	0.093	0.094	0.093	0.093	0.093	0.094	0.094	0.095	0.093	1.208	0.112	0.141	1.166	1.211	1.224	1.210	1.213	1.211	1.206	0.096	0.093	0.130	1.168	0.159	1.206	1.192	1.203	1.234	1.195	1.212	1.209	0.095	0.093	0.522	0.132	0.157	1.186	1.221	1.222	1.221	1.218	1.204	1.203	0.095	0.094	0.115	0.134	1.214	1.202	1.228	1.220	1.191	1.195	1.222	1.214	0.093	0.095	0.116	0.123	1.224	1.208	1.240	1.213	1.204	1.202	1.229	1.228	0.093	0.096	0.110	0.125	1.244	1.220	1.228	1.219	1.239	1.243	1.229	1.250	0.093	0.095	0.094	0.094	0.094	0.095	0.094	0.095	0.094	0.096	0.095	0.095	0.093
46:00:45	20.8	0.093	0.094	0.094	0.093	0.094	0.094	0.093	0.093	0.094	0.094	0.094	0.095	0.093	1.225	0.113	0.147	1.190	1.237	1.228	1.216	1.226	1.226	1.222	0.096	0.093	0.134	1.219	0.170	1.221	1.205	1.211	1.238	1.204	1.224	1.227	0.096	0.093	0.531	0.136	0.171	1.205	1.233	1.230	1.227	1.228	1.220	1.212	0.095	0.094	0.115	0.139	1.231	1.229	1.247	1.223	1.202	1.210	1.237	1.228	0.093	0.096	0.116	0.126	1.237	1.215	1.250	1.226	1.217	1.216	1.249	1.254	0.093	0.096	0.111	0.127	1.255	1.235	1.251	1.236	1.259	1.284	1.268	1.293	0.093	0.095	0.094	0.094	0.094	0.095	0.094	0.095	0.094	0.096	0.095	0.095	0.093
47:00:46	21.0	0.093	0.093	0.094	0.094	0.093	0.094	0.093	0.093	0.093	0.093	0.094	0.095	0.093	1.248	0.115	0.155	1.208	1.240	1.237	1.231	1.244	1.243	1.248	0.096	0.093	0.139	1.235	0.186	1.224	1.214	1.213	1.245	1.219	1.243	1.247	0.095	0.093	0.531	0.141	0.188	1.217	1.242	1.238	1.233	1.241	1.229	1.221	0.094	0.094	0.116	0.146	1.248	1.242	1.259	1.233	1.215	1.233	1.258	1.244	0.093	0.096	0.118	0.131	1.253	1.228	1.260	1.241	1.235	1.233	1.255	1.304	0.093	0.096	0.112	0.131	1.267	1.256	1.284	1.259	1.201	1.328	1.316	1.352	0.093	0.095	0.094	0.094	0.094	0.095	0.093	0.095	0.094	0.096	0.095	0.095	0.093
48:00:47	21.0	0.093	0.094	0.094	0.094	0.094	0.094	0.093	0.093	0.094	0.094	0.094	0.095	0.093	1.275	0.117	0.165	1.230	1.251	1.250	1.249	1.269	1.265	1.294	0.096	0.093	0.145	1.238	0.206	1.233	1.222	1.222	1.253	1.240	1.266	1.267	0.095	0.093	0.562	0.147	0.209	1.233	1.254	1.255	1.242	1.251	1.238	1.234	0.095	0.094	0.117	0.154	1.264	1.256	1.275	1.247	1.236	1.263	1.281	1.265	0.093	0.096	0.118	0.136	1.269	1.246	1.273	1.254	1.257	1.253	1.271	1.353	0.093	0.096	0.113	0.135	1.285	1.280	1.321	1.294	1.256	1.359	1.369	1.309	0.093	0.094	0.094	0.094	0.094	0.095	0.094	0.095	0.095	0.096	0.095	0.095	0.093
49:00:48	21.0	0.093	0.093	0.094	0.094	0.093	0.094	0.093	0.093	0.093	0.094	0.094	0.095	0.093	1.312	0.120	0.176	1.243	1.263	1.267	1.264	1.289	1.284	1.261	0.096	0.093	0.153	1.247	0.224	1.245	1.238	1.237	1.268	1.261	1.286	1.290	0.095	0.093	0.548	0.154	0.233	1.246	1.274	1.278	1.256	1.265	1.247	1.251	0.094	0.094	0.118	0.164	1.278	1.271	1.293	1.264	1.257	1.296	1.301	1.293	0.093	0.096	0.120	0.143	1.285	1.264	1.289	1.274	1.276	1.275	1.291	1.392	0.093	0.096	0.113	0.140	1.303	1.311	1.314	1.324	1.326	1.331	1.317	1.323	0.093	0.095	0.094	0.094	0.094	0.095	0.094	0.095	0.094	0.096	0.095	0.094	0.094
50:00:49	20.8	0.093	0.093	0.094	0.094	0.093	0.094	0.094	0.093	0.094	0.094	0.094	0.095	0.093	1.248	0.123	0.191	1.262	1.286	1.285	1.283	1.311	1.307	1.274	0.096	0.093	0.162	1.262	0.238	1.265	1.256	1.253	1.287	1.281	1.307	1.224	0.096	0.094	0.560	0.163	0.250	1.261	1.293	1.301	1.275	1.279	1.262	1.269	0.094	0.094	0.119	0.175	1.299	1.288	1.313	1.284	1.280	1.333	1.324	1.327	0.093	0.096	0.120	0.152	1.307	1.287	1.309	1.291	1.300	1.302	1.307	1.357	0.093	0.096	0.115	0.147	1.329	1.357	1.338	1.309	1.352	1.337	1.324	1.349	0.093	0.095	0.094	0.094	0.094	0.095	0.094	0.095	0.094	0.096	0.095	0.095	0.094
51:00:50	20.6	0.093	0.094	0.094	0.094	0.094	0.094	0.093	0.093	0.094	0.094	0.094	0.095	0.093	1.244	0.127	0.206	1.279	1.304	1.303	1.306	1.336	1.232	1.314	0.096	0.093	0.172	1.282	0.238	1.278	1.272	1.270	1.307	1.301	1.327	1.293	0.095	0.093	0.561	0.173	0.245	1.279	1.311	1.318	1.292	1.293	1.278	1.288	0.095	0.094	0.120	0.189	1.320	1.306	1.333	1.306	1.300	1.366	1.352	1.360	0.093	0.096	0.122	0.161	1.332	1.312	1.332	1.311	1.327	1.330	1.323	1.332	0.093	0.096	0.115	0.154	1.359	1.312	1.350	1.347	1.359	1.345	1.338	1.358	0.093	0.095	0.094	0.094	0.094	0.095	0.094	0.095	0.094	0.096	0.095	0.095	0.093
52:00:51	20.3	0.093	0.094	0.094	0.094	0.094	0.094	0.094	0.093	0.094	0.094	0.094	0.095	0.093	1.291	0.133	0.225	1.301	1.325	1.323	1.327	1.357	1.255	1.334	0.096	0.093	0.181	1.304	0.229	1.294	1.290	1.287	1.326	1.320	1.347	1.323	0.096	0.094	0.542	0.185	0.247	1.300	1.330	1.336	1.310	1.310	1.294	1.303	0.095	0.094	0.121	0.203	1.341	1.327	1.353	1.327	1.321	1.364	1.361	1.398	0.093	0.096	0.123	0.174	1.366	1.339	1.353	1.330	1.360	1.363	1.340	1.354	0.093	0.096	0.116	0.163	1.376	1.342	1.356	1.367	1.363	1.358	1.350	1.368	0.094	0.095	0.094	0.094	0.094	0.095	0.094	0.095	0.094	0.096	0.095	0.095	0.093
53:00:52	20.1	0.093	0.093	0.094	0.094	0.093	0.094	0.093	0.093	0.093	0.093	0.093	0.095	0.092	1.315	0.139	0.237	1.319	1.344	1.345	1.350	1.276	1.289	1.355	0.096	0.093	0.192	1.328	0.236	1.310	1.305	1.300	1.341	1.340	1.258	1.341	0.096	0.093	0.562	0.197	0.262	1.319	1.348	1.357	1.325	1.327	1.310	1.321	0.094	0.094	0.122	0.219	1.363	1.343	1.371	1.346	1.343	1.340	1.342	1.357	0.093	0.095	0.124	0.187	1.282	1.363	1.372	1.351	1.351	1.386	1.358	1.359	0.093	0.096	0.117	0.174	1.351	1.368	1.361	1.370	1.369	1.363	1.353	1.368	0.093	0.094	0.094	0.094	0.094	0.095	0.094	0.095	0.094	0.095	0.095	0.095	0.093
54:00:53	19.9	0.093	0.094	0.094	0.094	0.094	0.094	0.093	0.093	0.094	0.094	0.094	0.095	0.093	1.350	0.146	0.247	1.338	1.363	1.361	1.366	1.268	1.337	1.358	0.096	0.093	0.206	1.353	0.252	1.325	1.324	1.315	1.358	1.356	1.271	1.355	0.095	0.094	0.553	0.211	0.283	1.339	1.361	1.372	1.339	1.339	1.321	1.337	0.095	0.094	0.124	0.229	1.280	1.359	1.386	1.362	1.363	1.361	1.340	1.365	0.093	0.096	0.126	0.203	1.333	1.386	1.391	1.369	1.354	1.373	1.377	1.362	0.093	0.096	0.118	0.185	1.371	1.389	1.365	1.372	1.374	1.368	1.357	1.373	0.093	0.095	0.094	0.094	0.094	0.095	0.094	0.095	0.094	0.096	0.095	0.095	0.094
55:00:52	19.8	0.093	0.094	0.094	0.094	0.094	0.095	0.094	0.093	0.094	0.094	0.094	0.095	0.093	1.357	0.155	0.249	1.356	1.381	1.379	1.387	1.300	1.353	1.366	0.097	0.093	0.219	1.380	0.275	1.341	1.338	1.327	1.373	1.248	1.297	1.363	0.095	0.094	0.546	0.227	0.307	1.358	1.376	1.391	1.352	1.352	1.333	1.355	0.095	0.095	0.125	0.237	1.275	1.376	1.405	1.378	1.386	1.379	1.354	1.372	0.093	0.096	0.128	0.221	1.344	1.375	1.407	1.386	1.386	1.373	1.395	1.370	0.093	0.096	0.120	0.198	1.389	1.392	1.372	1.376	1.383	1.373	1.363	1.379	0.093	0.095	0.094	0.095	0.094	0.095	0.094	0.095	0.094	0.096	0.095	0.095	0.094
56:00:54	19.6	0.093	0.093	0.094	0.093	0.093	0.094	0.093	0.093	0.093	0.094	0.094	0.095	0.093	1.369	0.164	0.246	1.374	1.399	1.397	1.304	1.328	1.364	1.374	0.096	0.093	0.230	1.411	0.302	1.357	1.352	1.341	1.387	1.293	1.353	1.370	0.095	0.093	0.523	0.237	0.336	1.377	1.392	1.409	1.364	1.363	1.344	1.376	0.095	0.094	0.127	0.236	1.300	1.396	1.425	1.396	1.409	1.383	1.363	1.382	0.093	0.095	0.130	0.231	1.356	1.326	1.429	1.409	1.385	1.370	1.413	1.379	0.093	0.096	0.121	0.209	1.406	1.398	1.380	1.384	1.392	1.382	1.372	1.391	0.093	0.095	0.094	0.094	0.094	0.095	0.094	0.095	0.094	0.095	0.095	0.095	0.093
57:00:55	19.5	0.093	0.094	0.094	0.094	0.094	0.095	0.094	0.093	0.094	0.094	0.094	0.096	0.093	1.382	0.176	0.250	1.285	1.324	1.303	1.328	1.358	1.372	1.382	0.096	0.093	0.242	1.312	0.332	1.376	1.371	1.356	1.402	1.312	1.370	1.379	0.096	0.094	0.534	0.245	0.368	1.270	1.409	1.319	1.378	1.375	1.356	1.401	0.095	0.094	0.129	0.232	1.337	1.417	1.447	1.414	1.358	1.389	1.378	1.390	0.093	0.096	0.131	0.238	1.367	1.338	1.388	1.371	1.387	1.373	1.431	1.390	0.093	0.096	0.123	0.219	1.414	1.404	1.389	1.390	1.402	1.393	1.383	1.402	0.093	0.095	0.094	0.095	0.094	0.095	0.094	0.095	0.094	0.096	0.095	0.095	0.093
58:00:57	19.4	0.093	0.094	0.094	0.094	0.094	0.094	0.094	0.093	0.093	0.094	0.094	0.095	0.093	1.392	0.188	0.268	1.301	1.298	1.321	1.359	1.380	1.383	1.397	0.096	0.093	0.247	1.336	0.359	1.396	1.389	1.372	1.420	1.334	1.389	1.393	0.095	0.094	0.613	0.249	0.401	1.290	1.431	1.341	1.394	1.388	1.368	1.364	0.095	0.094	0.131	0.225	1.364	1.337	1.374	1.371	1.375	1.396	1.394	1.398	0.093	0.096	0.134	0.235	1.385	1.370	1.377	1.378	1.394	1.400	1.450	1.397	0.093	0.096	0.125	0.229	1.423	1.414	1.400	1.400	1.414	1.406	1.396	1.417	0.093	0.095	0.094	0.095	0.094	0.095	0.094	0.095	0.094	0.095	0.095	0.095	0.094
59:00:57	19.4	0.093	0.094	0.094	0.094	0.094	0.094	0.093	0.093	0.094	0.094	0.094	0.095	0.093	1.407	0.200	0.285	1.321	1.314	1.356	1.382	1.406	1.394	1.409	0.096	0.093	0.247	1.361	0.391	1.304	1.411	1.391	1.331	1.366	1.401	1.404	0.095	0.094	0.579	0.250	0.441	1.317	1.353	1.354	1.409	1.404	1.387	1.391	0.095	0.095	0.133	0.236	1.377	1.377	1.392	1.391	1.386	1.403	1.416	1.409	0.093	0.096	0.136	0.230	1.403	1.393	1.390	1.390	1.403	1.407	1.465	1.407	0.093	0.096	0.127	0.236	1.434	1.424	1.415	1.413	1.428	1.419	1.409	1.430	0.093	0.095	0.094	0.094	0.094	0.095	0.094	0.095	0.094	0.096	0.095	0.095	0.094
60:00:58	19.4	0.093	0.094	0.094	0.094	0.094	0.094	0.094	0.093	0.094	0.094	0.094	0.095	0.093	1.421	0.214	0.309	1.355	1.341	1.386	1.407	1.418	1.404	1.419	0.096	0.093	0.252	1.397	0.424	1.349	1.327	1.413	1.355	1.382	1.410	1.414	0.096	0.094	0.578	0.252	0.483	1.351	1.388	1.371	1.327	1.419	1.404	1.406	0.095	0.094	0.136	0.260	1.395	1.391	1.410	1.399	1.394	1.409	1.424	1.418	0.093	0.096	0.139	0.231	1.419	1.406	1.402	1.399	1.409	1.415	1.481	1.418	0.093	0.096	0.129	0.242	1.444	1.433	1.428	1.424	1.441	1.431	1.423	1.444	0.094	0.095	0.094	0.095	0.094	0.095	0.094	0.095	0.094	0.095	0.095	0.095	0.093
61:00:59	19.4	0.093	0.094	0.094	0.094	0.093	0.094	0.093	0.093	0.093	0.093	0.094	0.095	0.093	1.434	0.222	0.334	1.382	1.376	1.412	1.421	1.424	1.414	1.428	0.096	0.093	0.271	1.421	0.469	1.388	1.355	1.372	1.366	1.400	1.417	1.424	0.095	0.093	0.574	0.248	0.525	1.380	1.413	1.399	1.351	1.393	1.382	1.405	0.094	0.094	0.139	0.286	1.413	1.400	1.420	1.396	1.400	1.414	1.432	1.427	0.093	0.096	0.142	0.242	1.431	1.415	1.416	1.416	1.413	1.422	1.458	1.427	0.093	0.096	0.131	0.246	1.454	1.442	1.441	1.433	1.453	1.444	1.434	1.461	0.093	0.095	0.094	0.094	0.094	0.095	0.094	0.095	0.094	0.095	0.095	0.094	0.093
62:01:00	19.4	0.093	0.094	0.094	0.094	0.094	0.094	0.094	0.093	0.094	0.094	0.094	0.095	0.093	1.451	0.229	0.367	1.398	1.417	1.428	1.432	1.433	1.422	1.437	0.096	0.093	0.289	1.430	0.513	1.407	1.387	1.407	1.402	1.408	1.428	1.434	0.096	0.094	0.497	0.254	0.568	1.394	1.421	1.413	1.371	1.398	1.374	1.411	0.095	0.094	0.143	0.312	1.432	1.421	1.439	1.408	1.410	1.421	1.440	1.434	0.093	0.096	0.146	0.262	1.442	1.425	1.441	1.436	1.422	1.428	1.466	1.436	0.093	0.096	0.135	0.246	1.463	1.453	1.453	1.446	1.463	1.457	1.445	1.475	0.094	0.095	0.094	0.094	0.094	0.095	0.094	0.095	0.094	0.096	0.095	0.095	0.094
63:01:01	19.4	0.094	0.094	0.094	0.094	0.094	0.094	0.094	0.093	0.094	0.094	0.094	0.095	0.093	1.466	0.230	0.392	1.410	1.432	1.436	1.440	1.437	1.430	1.444	0.096	0.093	0.293	1.438	0.545	1.418	1.410	1.420	1.434	1.413	1.432	1.442	0.096	0.094	0.567	0.273	0.624	1.406	1.436	1.425	1.392	1.413	1.374	1.422	0.095	0.095	0.147	0.343	1.439	1.429	1.448	1.427	1.420	1.428	1.448	1.440	0.093	0.096	0.151	0.291	1.449	1.435	1.452	1.441	1.428	1.433	1.452	1.446	0.093	0.096	0.138	0.248	1.470	1.462	1.465	1.454	1.475	1.471	1.457	1.494	0.094	0.095	0.094	0.094	0.094	0.095	0.094	0.096	0.094	0.096	0.095	0.095	0.094
64:01:02	19.5	0.093	0.094	0.094	0.094	0.094	0.094	0.093	0.093	0.094	0.094	0.093	0.095	0.093	1.480	0.227	0.419	1.412	1.444	1.441	1.446	1.442	1.436	1.453	0.096	0.093	0.315	1.444	0.602	1.427	1.417	1.425	1.450	1.417	1.437	1.448	0.096	0.094	0.612	0.294	0.667	1.421	1.451	1.435	1.414	1.427	1.387	1.428	0.094	0.094	0.151	0.369	1.446	1.447	1.460	1.437	1.426	1.434	1.452	1.446	0.093	0.096	0.156	0.322	1.456	1.441	1.460	1.445	1.434	1.438	1.460	1.456	0.093	0.096	0.141	0.275	1.476	1.468	1.476	1.461	1.485	1.484	1.469	1.510	0.093	0.095	0.094	0.094	0.094	0.094	0.093	0.095	0.094	0.095	0.095	0.094	0.094
65:01:02	19.6	0.093	0.094	0.094	0.094	0.094	0.094	0.094	0.093	0.093	0.094	0.094	0.095	0.093	1.493	0.219	0.450	1.418	1.453	1.448	1.454	1.449	1.441	1.460	0.096	0.093	0.338	1.451	0.647	1.431	1.420	1.429	1.457	1.423	1.441	1.454	0.095	0.094	0.637	0.319	0.727	1.427	1.457	1.444	1.426	1.437	1.399	1.433	0.094	0.094	0.157	0.396	1.454	1.454	1.468	1.442	1.432	1.439	1.456	1.449	0.093	0.096	0.161	0.355	1.462	1.447	1.465	1.451	1.439	1.442	1.463	1.466	0.093	0.096	0.145	0.310	1.483	1.474	1.490	1.469	1.498	1.498	1.480	1.522	0.093	0.095	0.094	0.094	0.094	0.095	0.094	0.095	0.094	0.095	0.095	0.095	0.093
66:01:04	20.0	0.093	0.093	0.094	0.094	0.094	0.094	0.094	0.093	0.093	0.094	0.093	0.095	0.093	1.506	0.214	0.484	1.426	1.461	1.451	1.457	1.452	1.448	1.471	0.096	0.093	0.356	1.456	0.695	1.439	1.427	1.432	1.462	1.423	1.446	1.460	0.095	0.093	0.654	0.343	0.792	1.433	1.459	1.446	1.432	1.439	1.406	1.438	0.094	0.094	0.163	0.425	1.460	1.455	1.468	1.445	1.436	1.443	1.462	1.453	0.093	0.096	0.167	0.383	1.467	1.450	1.467	1.453	1.444	1.447	1.469	1.475	0.093	0.096	0.150	0.342	1.489	1.479	1.502	1.476	1.501	1.510	1.493	1.537	0.093	0.095	0.094	0.094	0.094	0.095	0.093	0.095	0.094	0.095	0.095	0.094	0.093
67:01:05	20.5	0.093	0.094	0.094	0.094	0.094	0.094	0.093	0.093	0.094	0.094	0.094	0.095	0.093	1.520	0.213	0.521	1.433	1.465	1.454	1.459	1.457	1.456	1.484	0.096	0.093	0.375	1.463	0.759	1.444	1.431	1.433	1.463	1.426	1.448	1.466	0.095	0.094	0.656	0.375	0.862	1.438	1.463	1.449	1.434	1.445	1.411	1.442	0.095	0.094	0.170	0.458	1.466	1.458	1.471	1.449	1.438	1.447	1.466	1.459	0.093	0.096	0.174	0.413	1.474	1.454	1.471	1.458	1.448	1.452	1.475	1.487	0.093	0.096	0.155	0.375	1.496	1.486	1.514	1.483	1.448	1.525	1.511	1.562	0.093	0.095	0.094	0.095	0.094	0.095	0.094	0.095	0.094	0.096	0.095	0.095	0.094
68:01:10	20.9	0.093	0.093	0.094	0.094	0.094	0.094	0.093	0.093	0.093	0.094	0.094	0.095	0.093	1.537	0.224	0.576	1.447	1.467	1.457	1.462	1.461	1.464	1.498	0.096	0.093	0.404	1.473	0.835	1.447	1.433	1.437	1.466	1.429	1.452	1.474	0.095	0.094	0.662	0.403	0.881	1.440	1.465	1.449	1.438	1.447	1.413	1.446	0.095	0.094	0.177	0.493	1.472	1.462	1.473	1.451	1.440	1.451	1.468	1.463	0.093	0.096	0.181	0.444	1.479	1.458	1.474	1.459	1.451	1.454	1.481	1.506	0.093	0.096	0.161	0.405	1.504	1.495	1.530	1.496	1.436	1.543	1.531	1.547	0.093	0.095	0.094	0.094	0.094	0.095	0.094	0.095	0.094	0.095	0.095	0.095	0.093
69:01:07	21.3	0.093	0.094	0.094	0.094	0.094	0.094	0.094	0.093	0.093	0.094	0.093	0.095	0.093	1.565	0.242	0.620	1.465	1.475	1.462	1.465	1.469	1.475	1.518	0.096	0.093	0.437	1.486	0.866	1.452	1.437	1.438	1.469	1.427	1.456	1.486	0.095	0.094	0.657	0.438	0.894	1.444	1.464	1.451	1.440	1.445	1.419	1.456	0.095	0.094	0.186	0.548	1.483	1.466	1.474	1.454	1.446	1.456	1.475	1.473	0.093	0.096	0.189	0.490	1.489	1.465	1.481	1.465	1.457	1.462	1.488	1.526	0.092	0.096	0.164	0.414	1.522	1.515	1.556	1.519	1.455	1.539	1.551	1.495	0.093	0.095	0.094	0.094	0.094	0.095	0.093	0.095	0.094	0.096	0.095	0.095	0.093
70:01:08	21.9	0.093	0.094	0.094	0.094	0.094	0.094	0.094	0.093	0.094	0.094	0.094	0.095	0.093	1.439	0.272	0.687	1.477	1.482	1.466	1.472	1.482	1.485	1.506	0.096	0.093	0.471	1.500	0.875	1.460	1.442	1.437	1.469	1.430	1.464	1.499	0.096	0.094	0.652	0.480	0.911	1.449	1.463	1.453	1.439	1.449	1.429	1.465	0.095	0.094	0.196	0.600	1.493	1.468	1.477	1.458	1.448	1.460	1.482	1.483	0.093	0.096	0.197	0.542	1.499	1.472	1.483	1.470	1.463	1.469	1.496	1.543	0.093	0.096	0.171	0.471	1.534	1.530	1.554	1.533	1.467	1.528	1.555	1.503	0.093	0.095	0.094	0.094	0.094	0.095	0.094	0.095	0.094	0.096	0.095	0.095	0.094
71:01:09	22.3	0.093	0.093	0.094	0.094	0.094	0.094	0.093	0.093	0.093	0.094	0.093	0.095	0.093	1.459	0.314	0.725	1.486	1.490	1.474	1.478	1.490	1.495	1.449	0.096	0.093	0.496	1.514	0.882	1.465	1.443	1.435	1.466	1.432	1.469	1.511	0.096	0.094	0.637	0.533	0.919	1.454	1.464	1.451	1.435	1.449	1.432	1.469	0.095	0.094	0.207	0.632	1.504	1.470	1.477	1.459	1.447	1.467	1.487	1.491	0.093	0.096	0.207	0.581	1.508	1.478	1.485	1.472	1.466	1.474	1.502	1.559	0.093	0.096	0.179	0.510	1.546	1.544	1.546	1.545	1.480	1.526	1.559	1.507	0.093	0.095	0.094	0.094	0.094	0.095	0.093	0.095	0.094	0.095	0.094	0.094	0.093
72:01:10	22.5	0.093	0.093	0.094	0.093	0.093	0.094	0.093	0.092	0.093	0.094	0.093	0.095	0.093	1.472	0.356	0.788	1.495	1.497	1.477	1.481	1.496	1.504	1.458	0.096	0.093	0.534	1.530	0.892	1.472	1.448	1.437	1.467	1.435	1.473	1.522	0.095	0.093	0.661	0.584	0.931	1.462	1.465	1.451	1.431	1.449	1.434	1.476	0.094	0.094	0.217	0.691	1.511	1.476	1.477	1.458	1.448	1.468	1.490	1.498	0.092	0.095	0.217	0.637	1.519	1.484	1.488	1.474	1.466	1.475	1.510	1.571	0.092	0.096	0.189	0.563	1.560	1.558	1.523	1.561	1.491	1.529	1.562	1.511	0.093	0.095	0.094	0.094	0.094	0.094	0.093	0.095	0.094	0.095	0.095	0.094	0.093

