Time	T° 600	A1	A2	A3	A4	A5	A6	A7	A8	A9	A10	A11	A12	B1	B2	B3	B4	B5	B6	B7	B8	B9	B10	B11	B12	C1	C2	C3	C4	C5	C6	C7	C8	C9	C10	C11	C12	D1	D2	D3	D4	D5	D6	D7	D8	D9	D10	D11	D12	E1	E2	E3	E4	E5	E6	E7	E8	E9	E10	E11	E12	F1	F2	F3	F4	F5	F6	F7	F8	F9	F10	F11	F12	G1	G2	G3	G4	G5	G6	G7	G8	G9	G10	G11	G12	H1	H2	H3	H4	H5	H6	H7	H8	H9	H10	H11	H12
0:00:06	21.4	0.090	0.090	0.092	0.093	0.092	0.092	0.089	0.089	0.090	0.091	0.089	0.090	0.091	0.092	0.093	0.095	0.095	0.093	0.094	0.094	0.094	0.094	0.093	0.090	0.089	0.092	0.093	0.091	0.091	0.092	0.092	0.092	0.094	0.093	0.092	0.091	0.088	0.091	0.092	0.091	0.094	0.093	0.093	0.094	0.094	0.093	0.093	0.090	0.090	0.092	0.094	0.094	0.093	0.091	0.092	0.092	0.093	0.092	0.092	0.088	0.092	0.092	0.095	0.094	0.093	0.093	0.093	0.094	0.094	0.093	0.093	0.090	0.090	0.093	0.094	0.092	0.095	0.093	0.094	0.094	0.094	0.093	0.094	0.089	0.091	0.090	0.091	0.090	0.089	0.089	0.091	0.092	0.091	0.090	0.089	0.090
1:00:05	22.0	0.090	0.090	0.092	0.093	0.092	0.093	0.089	0.089	0.090	0.092	0.089	0.091	0.091	0.094	0.094	0.095	0.096	0.094	0.094	0.095	0.095	0.094	0.093	0.091	0.089	0.093	0.093	0.092	0.092	0.094	0.093	0.094	0.094	0.095	0.094	0.092	0.088	0.092	0.093	0.092	0.095	0.093	0.093	0.093	0.094	0.094	0.093	0.091	0.091	0.092	0.093	0.094	0.093	0.093	0.092	0.092	0.093	0.093	0.093	0.089	0.092	0.093	0.096	0.094	0.094	0.093	0.094	0.094	0.095	0.094	0.094	0.090	0.091	0.094	0.096	0.093	0.096	0.094	0.095	0.094	0.095	0.094	0.094	0.089	0.092	0.090	0.092	0.090	0.089	0.089	0.091	0.093	0.092	0.091	0.089	0.090
2:00:06	22.4	0.090	0.090	0.091	0.093	0.092	0.092	0.089	0.089	0.090	0.091	0.089	0.091	0.091	0.094	0.094	0.096	0.096	0.095	0.094	0.096	0.095	0.094	0.093	0.090	0.089	0.093	0.093	0.092	0.092	0.094	0.094	0.094	0.095	0.095	0.094	0.092	0.088	0.092	0.093	0.093	0.095	0.093	0.093	0.093	0.095	0.094	0.093	0.091	0.091	0.093	0.093	0.094	0.093	0.094	0.092	0.092	0.093	0.093	0.093	0.089	0.092	0.093	0.096	0.094	0.094	0.093	0.094	0.094	0.095	0.094	0.093	0.090	0.091	0.094	0.095	0.094	0.096	0.094	0.095	0.094	0.095	0.094	0.095	0.089	0.092	0.090	0.092	0.090	0.089	0.089	0.092	0.092	0.092	0.091	0.089	0.090
3:00:07	22.6	0.090	0.090	0.091	0.093	0.092	0.093	0.089	0.090	0.090	0.092	0.089	0.091	0.091	0.095	0.094	0.096	0.097	0.095	0.094	0.096	0.096	0.095	0.094	0.091	0.090	0.094	0.093	0.093	0.093	0.095	0.094	0.094	0.095	0.096	0.094	0.092	0.088	0.093	0.093	0.093	0.095	0.094	0.094	0.094	0.095	0.095	0.094	0.091	0.091	0.093	0.094	0.095	0.094	0.094	0.093	0.093	0.093	0.093	0.094	0.089	0.093	0.093	0.097	0.094	0.094	0.094	0.094	0.094	0.095	0.094	0.094	0.090	0.091	0.095	0.096	0.094	0.096	0.095	0.095	0.095	0.095	0.094	0.096	0.090	0.092	0.091	0.092	0.090	0.089	0.089	0.092	0.092	0.092	0.091	0.089	0.090
4:00:07	22.8	0.090	0.090	0.092	0.093	0.092	0.093	0.089	0.090	0.090	0.092	0.089	0.091	0.091	0.095	0.095	0.097	0.097	0.096	0.095	0.097	0.096	0.095	0.094	0.091	0.090	0.094	0.094	0.094	0.093	0.095	0.095	0.095	0.096	0.096	0.095	0.092	0.089	0.093	0.093	0.094	0.096	0.094	0.094	0.094	0.096	0.095	0.094	0.091	0.091	0.094	0.094	0.095	0.094	0.095	0.093	0.093	0.094	0.094	0.094	0.089	0.093	0.094	0.097	0.095	0.095	0.094	0.094	0.095	0.095	0.094	0.094	0.090	0.092	0.096	0.097	0.095	0.097	0.096	0.096	0.095	0.096	0.095	0.097	0.090	0.092	0.091	0.092	0.090	0.089	0.089	0.092	0.093	0.093	0.091	0.089	0.090
5:00:08	23.0	0.090	0.090	0.091	0.093	0.092	0.092	0.089	0.089	0.090	0.092	0.089	0.090	0.090	0.096	0.096	0.098	0.098	0.097	0.095	0.097	0.096	0.096	0.095	0.091	0.089	0.095	0.094	0.094	0.094	0.096	0.095	0.095	0.097	0.096	0.095	0.092	0.088	0.094	0.094	0.094	0.096	0.095	0.094	0.095	0.096	0.096	0.095	0.091	0.091	0.094	0.094	0.096	0.095	0.095	0.094	0.093	0.095	0.094	0.095	0.089	0.092	0.094	0.098	0.095	0.096	0.095	0.095	0.095	0.096	0.094	0.094	0.090	0.092	0.096	0.097	0.095	0.097	0.096	0.096	0.096	0.096	0.095	0.099	0.090	0.093	0.091	0.092	0.090	0.089	0.089	0.092	0.092	0.092	0.091	0.089	0.091
6:00:10	23.0	0.090	0.090	0.091	0.093	0.092	0.092	0.089	0.090	0.090	0.092	0.089	0.091	0.091	0.097	0.097	0.100	0.100	0.099	0.096	0.099	0.097	0.097	0.096	0.091	0.089	0.095	0.095	0.095	0.094	0.096	0.096	0.096	0.098	0.098	0.096	0.092	0.088	0.095	0.095	0.095	0.097	0.096	0.095	0.096	0.097	0.097	0.096	0.091	0.091	0.095	0.095	0.097	0.096	0.096	0.094	0.094	0.096	0.095	0.096	0.089	0.092	0.095	0.099	0.097	0.097	0.096	0.095	0.096	0.097	0.095	0.095	0.090	0.092	0.097	0.098	0.096	0.098	0.097	0.097	0.097	0.097	0.096	0.102	0.089	0.092	0.091	0.092	0.090	0.089	0.089	0.092	0.092	0.092	0.091	0.090	0.090
7:00:10	23.0	0.090	0.090	0.092	0.093	0.092	0.093	0.089	0.090	0.090	0.092	0.089	0.091	0.091	0.098	0.099	0.103	0.103	0.102	0.098	0.100	0.099	0.099	0.097	0.091	0.090	0.097	0.097	0.097	0.096	0.098	0.098	0.098	0.099	0.099	0.099	0.092	0.088	0.096	0.097	0.096	0.099	0.098	0.097	0.098	0.098	0.099	0.097	0.091	0.091	0.096	0.097	0.099	0.097	0.098	0.096	0.096	0.097	0.097	0.098	0.089	0.092	0.096	0.101	0.099	0.100	0.097	0.097	0.098	0.098	0.097	0.097	0.090	0.091	0.099	0.100	0.098	0.100	0.100	0.099	0.099	0.099	0.098	0.106	0.090	0.093	0.092	0.092	0.090	0.089	0.089	0.092	0.093	0.092	0.091	0.090	0.090
8:00:12	22.9	0.090	0.090	0.092	0.093	0.092	0.092	0.089	0.089	0.090	0.091	0.089	0.090	0.091	0.101	0.102	0.109	0.108	0.108	0.100	0.103	0.102	0.102	0.100	0.091	0.090	0.100	0.100	0.101	0.098	0.101	0.100	0.101	0.102	0.102	0.102	0.092	0.088	0.099	0.100	0.098	0.102	0.101	0.100	0.101	0.101	0.102	0.100	0.091	0.091	0.099	0.099	0.102	0.099	0.101	0.099	0.099	0.100	0.099	0.102	0.089	0.093	0.099	0.104	0.102	0.103	0.100	0.100	0.102	0.101	0.099	0.099	0.090	0.091	0.101	0.103	0.101	0.102	0.104	0.102	0.102	0.102	0.100	0.113	0.090	0.093	0.091	0.093	0.090	0.090	0.089	0.092	0.093	0.092	0.091	0.090	0.091
9:00:13	22.7	0.090	0.090	0.091	0.093	0.092	0.092	0.089	0.089	0.090	0.091	0.089	0.090	0.090	0.106	0.108	0.116	0.116	0.116	0.104	0.108	0.106	0.107	0.104	0.091	0.089	0.104	0.104	0.106	0.102	0.106	0.104	0.106	0.107	0.107	0.108	0.092	0.088	0.104	0.104	0.102	0.106	0.106	0.105	0.106	0.105	0.106	0.104	0.091	0.091	0.103	0.103	0.107	0.103	0.106	0.104	0.103	0.106	0.104	0.108	0.089	0.092	0.102	0.109	0.108	0.110	0.105	0.105	0.107	0.105	0.103	0.103	0.090	0.092	0.106	0.108	0.105	0.106	0.110	0.107	0.107	0.108	0.105	0.124	0.089	0.093	0.092	0.093	0.090	0.089	0.089	0.092	0.092	0.092	0.091	0.090	0.090
10:00:13	22.6	0.089	0.090	0.091	0.093	0.092	0.092	0.089	0.089	0.090	0.091	0.089	0.091	0.091	0.113	0.115	0.129	0.125	0.130	0.112	0.116	0.113	0.116	0.111	0.091	0.090	0.112	0.112	0.113	0.109	0.114	0.112	0.113	0.114	0.114	0.116	0.092	0.089	0.111	0.112	0.108	0.114	0.113	0.112	0.113	0.112	0.114	0.112	0.091	0.092	0.111	0.109	0.114	0.110	0.113	0.112	0.110	0.114	0.112	0.118	0.089	0.092	0.110	0.117	0.117	0.118	0.114	0.114	0.115	0.113	0.110	0.111	0.090	0.092	0.113	0.116	0.113	0.113	0.119	0.116	0.116	0.117	0.112	0.135	0.090	0.093	0.092	0.093	0.091	0.090	0.089	0.092	0.093	0.092	0.091	0.090	0.091
11:00:14	22.4	0.090	0.089	0.091	0.093	0.092	0.092	0.089	0.089	0.090	0.092	0.089	0.091	0.091	0.122	0.123	0.137	0.134	0.137	0.120	0.125	0.121	0.132	0.119	0.091	0.090	0.120	0.120	0.121	0.116	0.121	0.120	0.122	0.122	0.121	0.124	0.092	0.089	0.119	0.119	0.115	0.122	0.122	0.119	0.121	0.119	0.120	0.120	0.091	0.091	0.118	0.117	0.122	0.116	0.120	0.119	0.118	0.122	0.119	0.129	0.089	0.092	0.119	0.125	0.127	0.127	0.123	0.123	0.124	0.122	0.118	0.120	0.090	0.092	0.120	0.124	0.122	0.121	0.129	0.125	0.126	0.127	0.121	0.146	0.089	0.093	0.093	0.092	0.090	0.089	0.089	0.092	0.093	0.092	0.091	0.090	0.091
12:00:15	22.2	0.090	0.090	0.092	0.093	0.092	0.092	0.089	0.090	0.090	0.092	0.090	0.091	0.091	0.131	0.134	0.154	0.145	0.151	0.131	0.136	0.132	0.138	0.128	0.092	0.090	0.128	0.130	0.132	0.125	0.133	0.128	0.131	0.132	0.131	0.135	0.092	0.089	0.130	0.130	0.124	0.132	0.131	0.129	0.131	0.128	0.129	0.130	0.092	0.092	0.128	0.125	0.132	0.124	0.130	0.130	0.127	0.131	0.128	0.138	0.090	0.092	0.129	0.136	0.138	0.138	0.135	0.134	0.134	0.131	0.127	0.130	0.091	0.092	0.130	0.133	0.133	0.131	0.142	0.135	0.137	0.137	0.130	0.158	0.090	0.093	0.093	0.093	0.091	0.090	0.090	0.092	0.093	0.092	0.091	0.090	0.091
13:00:16	22.0	0.090	0.090	0.092	0.093	0.092	0.092	0.089	0.090	0.090	0.092	0.089	0.091	0.091	0.145	0.150	0.169	0.161	0.167	0.144	0.152	0.147	0.153	0.139	0.092	0.090	0.141	0.145	0.148	0.137	0.148	0.140	0.147	0.145	0.144	0.151	0.092	0.089	0.146	0.143	0.137	0.147	0.146	0.143	0.146	0.141	0.144	0.143	0.092	0.092	0.139	0.138	0.146	0.135	0.146	0.143	0.140	0.146	0.141	0.152	0.089	0.093	0.143	0.152	0.152	0.151	0.153	0.149	0.148	0.143	0.142	0.144	0.091	0.092	0.145	0.146	0.147	0.145	0.159	0.148	0.153	0.151	0.143	0.173	0.090	0.093	0.093	0.093	0.091	0.090	0.090	0.092	0.093	0.092	0.091	0.090	0.091
14:00:17	21.8	0.090	0.090	0.092	0.093	0.092	0.092	0.089	0.090	0.090	0.092	0.090	0.091	0.091	0.168	0.171	0.193	0.183	0.190	0.161	0.178	0.166	0.185	0.157	0.092	0.090	0.160	0.164	0.172	0.155	0.170	0.157	0.166	0.166	0.161	0.174	0.092	0.089	0.168	0.162	0.155	0.168	0.166	0.162	0.168	0.157	0.165	0.161	0.092	0.092	0.155	0.157	0.168	0.151	0.167	0.162	0.158	0.167	0.160	0.173	0.089	0.093	0.163	0.177	0.176	0.169	0.173	0.171	0.169	0.161	0.161	0.164	0.091	0.092	0.165	0.169	0.164	0.161	0.187	0.169	0.176	0.175	0.166	0.197	0.090	0.093	0.093	0.093	0.091	0.090	0.090	0.093	0.093	0.093	0.092	0.090	0.091
15:00:19	21.7	0.090	0.090	0.092	0.093	0.092	0.093	0.089	0.090	0.090	0.092	0.090	0.091	0.091	0.194	0.200	0.240	0.217	0.231	0.182	0.223	0.194	0.219	0.182	0.092	0.090	0.187	0.183	0.209	0.179	0.207	0.182	0.197	0.198	0.187	0.204	0.092	0.089	0.202	0.191	0.183	0.197	0.199	0.189	0.202	0.179	0.194	0.183	0.092	0.092	0.176	0.181	0.199	0.173	0.198	0.190	0.182	0.195	0.185	0.203	0.090	0.093	0.189	0.205	0.207	0.200	0.203	0.200	0.200	0.185	0.186	0.192	0.091	0.092	0.195	0.198	0.191	0.186	0.225	0.199	0.210	0.205	0.196	0.237	0.090	0.093	0.093	0.093	0.091	0.090	0.090	0.092	0.093	0.093	0.091	0.090	0.091
16:00:19	21.5	0.090	0.090	0.092	0.093	0.092	0.092	0.089	0.089	0.090	0.092	0.090	0.091	0.091	0.232	0.248	0.304	0.267	0.303	0.219	0.276	0.237	0.289	0.226	0.091	0.090	0.231	0.222	0.264	0.214	0.262	0.219	0.242	0.249	0.231	0.255	0.092	0.089	0.252	0.232	0.224	0.245	0.249	0.233	0.255	0.217	0.244	0.221	0.091	0.091	0.209	0.219	0.253	0.207	0.244	0.235	0.219	0.244	0.227	0.247	0.089	0.093	0.231	0.259	0.251	0.245	0.254	0.246	0.249	0.223	0.234	0.232	0.091	0.092	0.241	0.242	0.231	0.224	0.294	0.243	0.266	0.255	0.247	0.297	0.090	0.093	0.092	0.092	0.091	0.090	0.090	0.093	0.093	0.092	0.091	0.090	0.091
17:00:21	21.4	0.090	0.090	0.092	0.094	0.092	0.093	0.089	0.090	0.090	0.092	0.090	0.091	0.091	0.293	0.309	0.379	0.334	0.366	0.273	0.361	0.303	0.371	0.287	0.092	0.090	0.291	0.278	0.340	0.271	0.341	0.276	0.300	0.322	0.292	0.320	0.092	0.089	0.330	0.298	0.284	0.312	0.327	0.295	0.326	0.269	0.313	0.276	0.092	0.092	0.257	0.274	0.320	0.262	0.327	0.297	0.273	0.310	0.284	0.308	0.090	0.093	0.288	0.331	0.310	0.310	0.326	0.308	0.315	0.285	0.300	0.292	0.091	0.092	0.307	0.311	0.284	0.279	0.369	0.300	0.331	0.323	0.319	0.377	0.090	0.093	0.092	0.093	0.091	0.090	0.090	0.092	0.093	0.093	0.091	0.090	0.091
18:00:21	21.3	0.089	0.089	0.091	0.093	0.092	0.092	0.089	0.090	0.090	0.091	0.089	0.091	0.090	0.362	0.381	0.451	0.415	0.452	0.344	0.429	0.376	0.442	0.348	0.091	0.090	0.371	0.351	0.418	0.339	0.418	0.344	0.377	0.405	0.359	0.400	0.092	0.089	0.408	0.369	0.355	0.392	0.411	0.368	0.408	0.339	0.397	0.348	0.091	0.092	0.324	0.343	0.399	0.323	0.402	0.369	0.334	0.387	0.357	0.385	0.089	0.092	0.355	0.409	0.382	0.388	0.403	0.389	0.391	0.353	0.381	0.362	0.090	0.092	0.390	0.384	0.338	0.333	0.456	0.368	0.406	0.400	0.402	0.470	0.090	0.093	0.092	0.093	0.091	0.090	0.089	0.094	0.093	0.092	0.091	0.090	0.091
19:00:21	21.2	0.090	0.090	0.092	0.094	0.093	0.092	0.090	0.090	0.090	0.092	0.090	0.091	0.091	0.430	0.455	0.532	0.494	0.527	0.421	0.502	0.446	0.522	0.414	0.092	0.091	0.446	0.421	0.492	0.403	0.486	0.410	0.451	0.481	0.424	0.480	0.092	0.089	0.482	0.450	0.419	0.472	0.480	0.440	0.477	0.406	0.469	0.424	0.092	0.092	0.391	0.416	0.476	0.395	0.474	0.440	0.404	0.470	0.439	0.461	0.090	0.093	0.432	0.495	0.458	0.461	0.475	0.468	0.470	0.428	0.459	0.437	0.091	0.092	0.467	0.456	0.414	0.409	0.534	0.438	0.487	0.478	0.487	0.550	0.090	0.093	0.093	0.093	0.091	0.090	0.090	0.095	0.093	0.093	0.092	0.090	0.091
20:00:22	21.2	0.090	0.090	0.092	0.093	0.092	0.092	0.090	0.090	0.091	0.092	0.090	0.091	0.091	0.501	0.528	0.604	0.566	0.599	0.495	0.576	0.518	0.593	0.478	0.092	0.091	0.521	0.492	0.562	0.469	0.548	0.480	0.525	0.561	0.488	0.555	0.092	0.089	0.552	0.530	0.482	0.548	0.556	0.514	0.548	0.482	0.546	0.500	0.092	0.092	0.464	0.490	0.553	0.460	0.538	0.516	0.469	0.546	0.514	0.541	0.090	0.093	0.505	0.567	0.527	0.535	0.541	0.548	0.544	0.495	0.531	0.510	0.091	0.092	0.544	0.527	0.482	0.475	0.603	0.508	0.560	0.549	0.566	0.627	0.090	0.093	0.092	0.093	0.091	0.090	0.090	0.092	0.093	0.093	0.091	0.090	0.091
21:00:24	21.2	0.090	0.090	0.092	0.093	0.092	0.092	0.089	0.090	0.090	0.092	0.090	0.091	0.091	0.564	0.592	0.659	0.632	0.670	0.563	0.638	0.581	0.653	0.540	0.091	0.092	0.597	0.563	0.623	0.534	0.602	0.546	0.593	0.626	0.550	0.628	0.092	0.089	0.620	0.594	0.541	0.619	0.609	0.585	0.611	0.546	0.615	0.571	0.092	0.092	0.533	0.559	0.622	0.522	0.594	0.586	0.537	0.620	0.589	0.613	0.090	0.093	0.572	0.634	0.592	0.606	0.609	0.623	0.616	0.559	0.598	0.579	0.091	0.092	0.620	0.590	0.547	0.537	0.666	0.571	0.632	0.624	0.640	0.691	0.090	0.093	0.091	0.093	0.091	0.090	0.090	0.095	0.093	0.093	0.091	0.090	0.091
22:00:24	21.3	0.090	0.090	0.092	0.093	0.092	0.092	0.089	0.090	0.090	0.092	0.089	0.091	0.091	0.613	0.647	0.717	0.687	0.712	0.626	0.693	0.640	0.704	0.594	0.091	0.092	0.659	0.623	0.671	0.582	0.649	0.604	0.653	0.686	0.603	0.687	0.092	0.089	0.674	0.655	0.592	0.681	0.666	0.645	0.665	0.604	0.674	0.632	0.092	0.092	0.597	0.614	0.677	0.581	0.640	0.644	0.595	0.679	0.653	0.674	0.089	0.093	0.630	0.689	0.645	0.666	0.659	0.686	0.675	0.616	0.651	0.641	0.091	0.092	0.675	0.643	0.607	0.594	0.711	0.624	0.695	0.686	0.705	0.745	0.090	0.093	0.092	0.093	0.091	0.090	0.090	0.092	0.093	0.093	0.091	0.090	0.091
23:00:25	21.5	0.090	0.090	0.092	0.094	0.092	0.092	0.089	0.090	0.091	0.092	0.090	0.091	0.091	0.663	0.699	0.745	0.731	0.739	0.684	0.731	0.692	0.750	0.641	0.092	0.092	0.714	0.673	0.711	0.628	0.683	0.646	0.704	0.738	0.651	0.741	0.092	0.089	0.718	0.707	0.639	0.731	0.713	0.694	0.709	0.657	0.730	0.688	0.092	0.092	0.654	0.662	0.726	0.627	0.677	0.697	0.640	0.731	0.708	0.728	0.090	0.093	0.682	0.737	0.690	0.709	0.703	0.733	0.732	0.663	0.699	0.692	0.091	0.092	0.728	0.683	0.658	0.643	0.744	0.670	0.743	0.738	0.759	0.782	0.090	0.093	0.092	0.093	0.091	0.090	0.090	0.095	0.093	0.093	0.091	0.090	0.091
24:00:27	21.7	0.090	0.090	0.092	0.093	0.092	0.093	0.089	0.090	0.091	0.092	0.090	0.091	0.091	0.701	0.738	0.772	0.764	0.765	0.728	0.760	0.733	0.784	0.685	0.092	0.092	0.758	0.716	0.740	0.664	0.711	0.687	0.745	0.784	0.695	0.787	0.092	0.089	0.755	0.752	0.676	0.773	0.747	0.734	0.743	0.701	0.773	0.736	0.092	0.092	0.699	0.699	0.763	0.670	0.710	0.738	0.682	0.780	0.757	0.770	0.090	0.093	0.726	0.775	0.723	0.744	0.742	0.775	0.778	0.705	0.743	0.736	0.091	0.092	0.768	0.722	0.702	0.687	0.773	0.711	0.785	0.783	0.809	0.814	0.090	0.093	0.092	0.093	0.092	0.090	0.090	0.093	0.093	0.093	0.091	0.090	0.091
25:00:30	22.1	0.090	0.090	0.092	0.093	0.093	0.093	0.090	0.090	0.091	0.092	0.090	0.091	0.091	0.739	0.774	0.798	0.795	0.792	0.767	0.790	0.769	0.815	0.724	0.092	0.092	0.797	0.752	0.771	0.695	0.735	0.723	0.787	0.823	0.731	0.828	0.092	0.089	0.788	0.789	0.710	0.809	0.784	0.771	0.777	0.742	0.815	0.773	0.092	0.092	0.738	0.735	0.798	0.704	0.743	0.776	0.716	0.823	0.800	0.809	0.090	0.093	0.763	0.807	0.761	0.782	0.773	0.809	0.817	0.742	0.781	0.776	0.091	0.092	0.807	0.753	0.738	0.721	0.800	0.745	0.822	0.821	0.850	0.842	0.090	0.093	0.092	0.093	0.092	0.091	0.090	0.093	0.093	0.093	0.091	0.090	0.091
26:00:28	22.4	0.090	0.090	0.092	0.093	0.093	0.092	0.089	0.090	0.091	0.092	0.090	0.091	0.091	0.766	0.804	0.822	0.821	0.815	0.800	0.816	0.801	0.845	0.758	0.092	0.093	0.828	0.783	0.795	0.721	0.758	0.752	0.816	0.854	0.761	0.860	0.092	0.089	0.816	0.821	0.734	0.837	0.813	0.803	0.805	0.772	0.844	0.804	0.092	0.092	0.774	0.761	0.825	0.731	0.763	0.808	0.746	0.857	0.837	0.844	0.090	0.093	0.794	0.833	0.791	0.812	0.796	0.840	0.849	0.771	0.814	0.807	0.091	0.092	0.837	0.779	0.769	0.748	0.827	0.771	0.851	0.853	0.885	0.869	0.090	0.093	0.092	0.093	0.092	0.091	0.090	0.093	0.093	0.093	0.091	0.090	0.091
27:00:30	22.8	0.090	0.090	0.092	0.093	0.092	0.092	0.089	0.090	0.090	0.092	0.090	0.091	0.091	0.791	0.826	0.845	0.843	0.834	0.825	0.835	0.826	0.870	0.785	0.092	0.092	0.854	0.803	0.813	0.742	0.770	0.776	0.842	0.876	0.788	0.885	0.092	0.089	0.841	0.847	0.756	0.857	0.839	0.825	0.829	0.796	0.869	0.831	0.092	0.092	0.799	0.782	0.847	0.750	0.779	0.830	0.768	0.884	0.863	0.870	0.090	0.093	0.823	0.857	0.817	0.829	0.814	0.860	0.878	0.795	0.840	0.830	0.091	0.092	0.861	0.798	0.793	0.770	0.845	0.793	0.877	0.881	0.908	0.891	0.090	0.093	0.092	0.093	0.093	0.092	0.090	0.092	0.093	0.093	0.091	0.090	0.091
28:00:30	23.1	0.090	0.090	0.092	0.093	0.092	0.092	0.089	0.090	0.091	0.092	0.090	0.091	0.091	0.813	0.846	0.854	0.860	0.851	0.848	0.846	0.848	0.891	0.808	0.092	0.092	0.874	0.825	0.828	0.755	0.788	0.793	0.857	0.891	0.809	0.904	0.092	0.089	0.862	0.866	0.772	0.874	0.859	0.840	0.846	0.815	0.888	0.851	0.092	0.092	0.816	0.801	0.860	0.767	0.790	0.850	0.786	0.905	0.882	0.888	0.090	0.093	0.845	0.873	0.835	0.847	0.831	0.879	0.899	0.813	0.860	0.848	0.091	0.092	0.881	0.811	0.814	0.789	0.867	0.809	0.894	0.899	0.931	0.911	0.090	0.093	0.092	0.093	0.094	0.092	0.090	0.092	0.093	0.093	0.092	0.090	0.091
29:00:31	23.4	0.090	0.090	0.092	0.093	0.092	0.092	0.089	0.090	0.090	0.092	0.089	0.091	0.091	0.824	0.856	0.867	0.870	0.861	0.862	0.856	0.861	0.905	0.826	0.092	0.092	0.889	0.838	0.838	0.765	0.794	0.805	0.870	0.906	0.826	0.921	0.092	0.089	0.874	0.880	0.781	0.889	0.871	0.853	0.859	0.830	0.904	0.866	0.092	0.092	0.828	0.813	0.871	0.779	0.798	0.863	0.799	0.922	0.897	0.904	0.089	0.093	0.863	0.886	0.852	0.857	0.839	0.895	0.915	0.827	0.875	0.860	0.091	0.092	0.896	0.819	0.829	0.802	0.881	0.819	0.908	0.915	0.949	0.925	0.090	0.093	0.092	0.093	0.096	0.094	0.090	0.093	0.093	0.093	0.091	0.090	0.091
30:00:32	23.5	0.090	0.090	0.092	0.093	0.092	0.092	0.090	0.090	0.090	0.092	0.090	0.091	0.091	0.833	0.866	0.876	0.878	0.870	0.871	0.868	0.870	0.916	0.837	0.092	0.092	0.902	0.847	0.846	0.772	0.795	0.812	0.881	0.918	0.836	0.935	0.092	0.089	0.887	0.893	0.789	0.897	0.877	0.866	0.868	0.839	0.916	0.875	0.092	0.092	0.842	0.823	0.884	0.786	0.804	0.877	0.811	0.938	0.912	0.915	0.090	0.093	0.876	0.898	0.869	0.870	0.842	0.909	0.931	0.835	0.882	0.869	0.091	0.092	0.912	0.826	0.840	0.812	0.888	0.831	0.922	0.928	0.965	0.937	0.090	0.093	0.092	0.093	0.099	0.097	0.090	0.092	0.093	0.093	0.092	0.090	0.091
31:00:33	23.5	0.090	0.090	0.092	0.093	0.092	0.092	0.089	0.090	0.091	0.092	0.089	0.091	0.091	0.837	0.875	0.882	0.885	0.873	0.878	0.877	0.873	0.923	0.844	0.091	0.092	0.913	0.852	0.849	0.771	0.793	0.817	0.891	0.927	0.843	0.945	0.092	0.089	0.895	0.901	0.789	0.905	0.883	0.876	0.877	0.847	0.927	0.879	0.092	0.092	0.854	0.826	0.890	0.788	0.805	0.890	0.819	0.948	0.924	0.925	0.089	0.093	0.883	0.904	0.880	0.880	0.839	0.921	0.941	0.835	0.885	0.871	0.091	0.092	0.922	0.827	0.842	0.817	0.893	0.841	0.933	0.941	0.980	0.947	0.090	0.093	0.092	0.093	0.103	0.100	0.090	0.092	0.093	0.093	0.092	0.090	0.091
32:00:34	23.4	0.091	0.090	0.092	0.093	0.092	0.093	0.090	0.090	0.091	0.092	0.090	0.091	0.091	0.838	0.879	0.887	0.890	0.880	0.880	0.887	0.873	0.926	0.848	0.092	0.092	0.920	0.853	0.857	0.771	0.796	0.816	0.900	0.935	0.845	0.954	0.092	0.090	0.902	0.909	0.791	0.909	0.887	0.889	0.886	0.854	0.939	0.881	0.092	0.092	0.871	0.827	0.894	0.787	0.806	0.902	0.822	0.956	0.935	0.932	0.090	0.093	0.886	0.908	0.892	0.893	0.835	0.931	0.950	0.834	0.884	0.871	0.091	0.092	0.931	0.823	0.843	0.823	0.896	0.854	0.942	0.952	0.991	0.955	0.090	0.093	0.093	0.093	0.108	0.105	0.090	0.092	0.093	0.093	0.092	0.090	0.091
33:00:35	23.3	0.090	0.090	0.092	0.094	0.092	0.092	0.090	0.090	0.091	0.092	0.090	0.091	0.091	0.835	0.886	0.888	0.892	0.881	0.879	0.890	0.870	0.925	0.847	0.092	0.091	0.924	0.849	0.861	0.773	0.793	0.813	0.907	0.938	0.843	0.958	0.092	0.089	0.907	0.913	0.789	0.912	0.884	0.898	0.889	0.855	0.944	0.879	0.092	0.092	0.885	0.824	0.897	0.783	0.803	0.911	0.821	0.962	0.945	0.939	0.090	0.093	0.886	0.908	0.903	0.901	0.829	0.938	0.955	0.830	0.879	0.869	0.091	0.092	0.937	0.824	0.840	0.821	0.896	0.860	0.949	0.960	1.000	0.962	0.090	0.093	0.093	0.093	0.113	0.109	0.090	0.092	0.093	0.093	0.092	0.090	0.091
34:00:35	23.1	0.090	0.090	0.092	0.094	0.092	0.092	0.090	0.090	0.091	0.092	0.090	0.091	0.091	0.832	0.887	0.888	0.893	0.883	0.876	0.890	0.865	0.922	0.845	0.092	0.091	0.925	0.843	0.863	0.771	0.789	0.810	0.911	0.939	0.840	0.956	0.092	0.089	0.908	0.915	0.788	0.912	0.880	0.904	0.890	0.855	0.944	0.876	0.092	0.092	0.899	0.823	0.896	0.778	0.802	0.919	0.818	0.963	0.955	0.944	0.090	0.093	0.882	0.910	0.913	0.910	0.826	0.942	0.958	0.828	0.876	0.866	0.091	0.092	0.939	0.824	0.838	0.817	0.894	0.868	0.955	0.967	1.008	0.966	0.090	0.094	0.092	0.093	0.119	0.115	0.090	0.092	0.093	0.093	0.092	0.090	0.091
35:00:37	22.9	0.090	0.090	0.092	0.094	0.092	0.092	0.090	0.090	0.091	0.092	0.090	0.091	0.091	0.831	0.891	0.892	0.895	0.882	0.875	0.890	0.862	0.916	0.844	0.091	0.091	0.927	0.839	0.867	0.775	0.792	0.810	0.913	0.941	0.840	0.960	0.092	0.089	0.912	0.916	0.794	0.906	0.876	0.909	0.891	0.852	0.944	0.874	0.092	0.092	0.916	0.823	0.899	0.778	0.804	0.925	0.816	0.960	0.962	0.949	0.090	0.093	0.881	0.911	0.922	0.916	0.826	0.945	0.961	0.828	0.874	0.868	0.091	0.092	0.943	0.828	0.838	0.818	0.893	0.877	0.958	0.971	1.009	0.971	0.090	0.093	0.092	0.093	0.126	0.121	0.090	0.092	0.093	0.093	0.092	0.090	0.091
36:00:37	22.6	0.090	0.090	0.092	0.094	0.093	0.092	0.090	0.090	0.091	0.092	0.090	0.091	0.091	0.832	0.898	0.892	0.897	0.883	0.877	0.893	0.864	0.914	0.848	0.092	0.091	0.930	0.839	0.873	0.782	0.798	0.813	0.917	0.941	0.842	0.962	0.092	0.089	0.916	0.915	0.799	0.903	0.871	0.914	0.895	0.856	0.945	0.875	0.092	0.092	0.933	0.826	0.902	0.783	0.807	0.932	0.822	0.957	0.967	0.953	0.090	0.093	0.881	0.912	0.930	0.920	0.825	0.945	0.963	0.830	0.873	0.872	0.091	0.092	0.949	0.830	0.842	0.823	0.890	0.886	0.959	0.971	1.010	0.978	0.090	0.093	0.092	0.093	0.134	0.128	0.090	0.092	0.093	0.093	0.092	0.090	0.091
37:00:39	22.4	0.090	0.090	0.092	0.094	0.092	0.092	0.090	0.090	0.091	0.092	0.090	0.091	0.091	0.831	0.896	0.895	0.902	0.886	0.879	0.890	0.869	0.911	0.851	0.092	0.091	0.932	0.841	0.874	0.787	0.802	0.816	0.919	0.941	0.843	0.963	0.092	0.089	0.918	0.916	0.806	0.900	0.868	0.915	0.893	0.854	0.942	0.878	0.092	0.092	0.945	0.830	0.903	0.786	0.815	0.934	0.825	0.953	0.969	0.956	0.090	0.093	0.885	0.913	0.934	0.927	0.829	0.945	0.963	0.833	0.875	0.876	0.091	0.092	0.953	0.835	0.848	0.830	0.892	0.896	0.959	0.972	1.011	0.984	0.090	0.093	0.093	0.093	0.145	0.137	0.090	0.092	0.093	0.093	0.092	0.090	0.091
38:00:40	22.2	0.089	0.090	0.092	0.093	0.092	0.092	0.089	0.090	0.090	0.092	0.090	0.091	0.091	0.831	0.896	0.896	0.904	0.891	0.887	0.893	0.877	0.906	0.858	0.092	0.091	0.929	0.846	0.877	0.800	0.807	0.824	0.921	0.941	0.847	0.965	0.092	0.089	0.924	0.918	0.816	0.899	0.865	0.913	0.892	0.860	0.940	0.882	0.092	0.092	0.953	0.834	0.905	0.795	0.821	0.936	0.826	0.950	0.970	0.957	0.090	0.093	0.892	0.917	0.936	0.936	0.832	0.946	0.964	0.838	0.877	0.884	0.091	0.092	0.958	0.840	0.856	0.843	0.891	0.905	0.961	0.971	1.010	0.991	0.090	0.093	0.092	0.093	0.148	0.148	0.090	0.092	0.093	0.093	0.091	0.090	0.091
39:00:40	22.0	0.090	0.090	0.092	0.093	0.092	0.092	0.090	0.090	0.091	0.092	0.090	0.091	0.091	0.836	0.897	0.900	0.909	0.896	0.899	0.899	0.886	0.904	0.865	0.092	0.090	0.932	0.850	0.881	0.807	0.815	0.834	0.925	0.943	0.854	0.969	0.092	0.090	0.924	0.923	0.829	0.899	0.862	0.913	0.892	0.866	0.940	0.891	0.092	0.092	0.960	0.839	0.907	0.803	0.830	0.937	0.832	0.949	0.970	0.961	0.090	0.093	0.901	0.921	0.939	0.943	0.837	0.950	0.967	0.844	0.880	0.896	0.091	0.092	0.962	0.847	0.865	0.857	0.897	0.916	0.963	0.973	1.013	0.999	0.090	0.094	0.092	0.093	0.152	0.151	0.090	0.092	0.093	0.093	0.092	0.090	0.091
40:00:41	21.8	0.090	0.090	0.092	0.093	0.092	0.092	0.090	0.090	0.091	0.092	0.090	0.091	0.091	0.842	0.897	0.906	0.915	0.900	0.913	0.901	0.895	0.904	0.872	0.092	0.090	0.937	0.860	0.888	0.818	0.827	0.845	0.928	0.946	0.862	0.974	0.092	0.089	0.925	0.930	0.844	0.901	0.863	0.916	0.891	0.873	0.941	0.896	0.092	0.092	0.970	0.845	0.916	0.817	0.842	0.938	0.834	0.949	0.971	0.966	0.090	0.093	0.913	0.927	0.941	0.958	0.850	0.954	0.971	0.852	0.888	0.906	0.091	0.092	0.976	0.858	0.878	0.869	0.905	0.931	0.964	0.972	1.016	1.008	0.090	0.093	0.092	0.093	0.150	0.149	0.090	0.092	0.093	0.093	0.092	0.090	0.091
41:00:42	21.6	0.090	0.090	0.092	0.093	0.093	0.092	0.090	0.090	0.091	0.092	0.090	0.092	0.091	0.851	0.902	0.912	0.919	0.909	0.924	0.908	0.905	0.905	0.884	0.092	0.090	0.934	0.866	0.898	0.825	0.837	0.856	0.935	0.949	0.871	0.978	0.092	0.089	0.926	0.938	0.858	0.911	0.867	0.915	0.896	0.881	0.943	0.905	0.092	0.092	0.980	0.855	0.922	0.827	0.856	0.941	0.836	0.949	0.971	0.969	0.090	0.093	0.929	0.938	0.948	0.965	0.859	0.958	0.975	0.861	0.896	0.917	0.091	0.092	0.986	0.872	0.889	0.882	0.918	0.946	0.971	0.973	1.020	1.020	0.090	0.093	0.092	0.093	0.155	0.152	0.090	0.092	0.093	0.093	0.092	0.090	0.091
42:00:43	21.3	0.090	0.090	0.092	0.094	0.093	0.092	0.090	0.090	0.092	0.092	0.090	0.091	0.091	0.863	0.911	0.917	0.930	0.920	0.930	0.917	0.914	0.908	0.893	0.092	0.090	0.938	0.873	0.907	0.834	0.848	0.867	0.941	0.952	0.882	0.983	0.092	0.089	0.931	0.945	0.875	0.918	0.875	0.915	0.897	0.886	0.946	0.916	0.092	0.092	0.990	0.867	0.930	0.840	0.869	0.944	0.844	0.954	0.973	0.980	0.090	0.093	0.941	0.945	0.959	0.973	0.872	0.967	0.979	0.871	0.905	0.929	0.091	0.092	0.998	0.886	0.900	0.892	0.931	0.956	0.978	0.980	1.025	1.033	0.091	0.093	0.092	0.093	0.157	0.155	0.090	0.092	0.093	0.093	0.092	0.090	0.093
43:00:43	21.2	0.089	0.090	0.092	0.093	0.092	0.092	0.090	0.090	0.090	0.092	0.089	0.091	0.091	0.874	0.917	0.925	0.938	0.932	0.936	0.921	0.922	0.913	0.903	0.092	0.090	0.947	0.876	0.917	0.837	0.856	0.877	0.943	0.956	0.891	0.987	0.092	0.089	0.933	0.949	0.894	0.925	0.883	0.914	0.898	0.891	0.950	0.922	0.092	0.092	0.998	0.871	0.933	0.852	0.878	0.944	0.850	0.955	0.974	0.990	0.090	0.093	0.951	0.950	0.964	0.974	0.881	0.972	0.983	0.878	0.909	0.940	0.091	0.092	1.006	0.895	0.910	0.902	0.945	0.967	0.982	0.984	1.028	1.044	0.090	0.093	0.092	0.093	0.161	0.159	0.089	0.092	0.093	0.093	0.092	0.090	0.092
44:00:44	21.0	0.090	0.090	0.092	0.094	0.092	0.092	0.090	0.090	0.091	0.092	0.090	0.091	0.091	0.886	0.927	0.937	0.944	0.945	0.940	0.932	0.932	0.920	0.910	0.092	0.090	0.949	0.879	0.928	0.841	0.863	0.885	0.943	0.959	0.899	0.992	0.092	0.089	0.939	0.951	0.905	0.930	0.892	0.915	0.901	0.898	0.954	0.931	0.092	0.092	1.008	0.877	0.937	0.860	0.885	0.947	0.855	0.958	0.978	0.998	0.090	0.093	0.962	0.954	0.973	0.979	0.889	0.978	0.985	0.886	0.914	0.948	0.091	0.092	1.012	0.907	0.919	0.913	0.960	0.974	0.988	0.990	1.027	1.055	0.090	0.093	0.092	0.093	0.163	0.161	0.090	0.092	0.093	0.093	0.092	0.090	0.093
45:00:46	21.0	0.090	0.090	0.092	0.094	0.093	0.092	0.090	0.090	0.091	0.092	0.090	0.091	0.091	0.896	0.934	0.947	0.948	0.956	0.946	0.939	0.939	0.927	0.917	0.092	0.090	0.955	0.883	0.937	0.845	0.868	0.893	0.944	0.964	0.903	0.998	0.092	0.089	0.943	0.955	0.915	0.934	0.897	0.917	0.903	0.901	0.958	0.937	0.092	0.092	1.011	0.881	0.940	0.866	0.889	0.945	0.858	0.960	0.981	1.007	0.090	0.093	0.971	0.957	0.980	0.984	0.894	0.984	0.985	0.894	0.919	0.957	0.091	0.092	1.018	0.917	0.928	0.922	0.972	0.981	0.992	0.996	1.026	1.064	0.090	0.093	0.093	0.094	0.162	0.160	0.090	0.092	0.093	0.093	0.092	0.090	0.093
46:00:47	21.1	0.090	0.090	0.092	0.093	0.093	0.092	0.090	0.090	0.091	0.092	0.090	0.092	0.091	0.905	0.941	0.954	0.951	0.961	0.946	0.944	0.944	0.935	0.924	0.092	0.090	0.957	0.884	0.940	0.846	0.871	0.899	0.944	0.967	0.906	1.000	0.092	0.090	0.944	0.952	0.924	0.937	0.901	0.916	0.902	0.903	0.962	0.942	0.092	0.092	1.016	0.881	0.937	0.865	0.892	0.945	0.859	0.958	0.980	1.012	0.090	0.093	0.977	0.957	0.984	0.983	0.897	0.987	0.983	0.898	0.921	0.960	0.091	0.093	1.021	0.923	0.931	0.928	0.980	0.978	0.993	0.998	1.026	1.071	0.090	0.093	0.094	0.093	0.171	0.169	0.090	0.092	0.093	0.093	0.093	0.090	0.093
47:00:48	21.3	0.090	0.090	0.092	0.093	0.092	0.092	0.089	0.090	0.091	0.092	0.090	0.091	0.091	0.912	0.942	0.958	0.950	0.963	0.944	0.948	0.948	0.941	0.928	0.092	0.090	0.954	0.881	0.936	0.845	0.872	0.900	0.940	0.967	0.908	1.003	0.092	0.089	0.946	0.948	0.929	0.932	0.902	0.913	0.902	0.903	0.962	0.943	0.092	0.092	1.015	0.877	0.931	0.865	0.889	0.938	0.858	0.954	0.975	1.014	0.090	0.093	0.980	0.955	0.981	0.980	0.897	0.988	0.978	0.899	0.919	0.961	0.091	0.092	1.024	0.926	0.932	0.935	0.983	0.977	0.992	0.998	1.026	1.075	0.090	0.093	0.092	0.093	0.175	0.172	0.089	0.092	0.093	0.093	0.094	0.090	0.092
48:00:49	21.7	0.090	0.090	0.092	0.094	0.093	0.093	0.090	0.090	0.091	0.092	0.090	0.091	0.091	0.919	0.942	0.955	0.945	0.962	0.942	0.951	0.947	0.947	0.931	0.092	0.090	0.954	0.877	0.928	0.841	0.867	0.901	0.935	0.966	0.906	1.004	0.092	0.090	0.944	0.942	0.926	0.926	0.897	0.906	0.893	0.899	0.957	0.942	0.092	0.092	1.012	0.870	0.922	0.857	0.883	0.930	0.855	0.949	0.969	1.014	0.090	0.093	0.981	0.948	0.973	0.971	0.894	0.985	0.973	0.898	0.911	0.960	0.091	0.093	1.023	0.928	0.927	0.935	0.987	0.974	0.988	0.996	1.025	1.075	0.091	0.093	0.093	0.093	0.181	0.180	0.090	0.092	0.093	0.093	0.095	0.091	0.093
49:00:50	22.2	0.091	0.090	0.092	0.094	0.093	0.092	0.090	0.090	0.091	0.092	0.090	0.091	0.091	0.923	0.938	0.948	0.934	0.954	0.933	0.948	0.945	0.950	0.930	0.092	0.091	0.950	0.868	0.919	0.836	0.858	0.892	0.923	0.962	0.901	1.000	0.092	0.090	0.938	0.932	0.920	0.917	0.889	0.896	0.886	0.890	0.952	0.935	0.092	0.092	1.002	0.857	0.908	0.841	0.871	0.918	0.847	0.942	0.962	1.006	0.090	0.094	0.979	0.938	0.962	0.959	0.886	0.984	0.963	0.892	0.901	0.955	0.091	0.093	1.020	0.927	0.924	0.938	0.982	0.969	0.980	0.991	1.019	1.069	0.090	0.093	0.096	0.093	0.185	0.186	0.090	0.092	0.093	0.093	0.096	0.090	0.093
50:00:51	22.6	0.091	0.090	0.092	0.094	0.092	0.092	0.090	0.090	0.091	0.092	0.090	0.091	0.091	0.921	0.928	0.936	0.920	0.943	0.920	0.941	0.935	0.948	0.926	0.092	0.090	0.937	0.856	0.905	0.822	0.845	0.877	0.910	0.954	0.891	0.992	0.092	0.089	0.926	0.917	0.905	0.911	0.877	0.890	0.873	0.880	0.942	0.925	0.092	0.092	0.984	0.841	0.893	0.821	0.856	0.906	0.835	0.931	0.952	0.994	0.090	0.093	0.972	0.925	0.950	0.946	0.873	0.974	0.953	0.881	0.887	0.949	0.091	0.093	1.011	0.919	0.915	0.925	0.972	0.959	0.968	0.980	1.010	1.060	0.090	0.093	0.094	0.093	0.189	0.191	0.090	0.092	0.093	0.093	0.097	0.090	0.093
51:00:51	23.0	0.091	0.090	0.092	0.094	0.093	0.092	0.090	0.090	0.091	0.092	0.090	0.091	0.091	0.915	0.916	0.921	0.908	0.930	0.907	0.933	0.923	0.943	0.917	0.092	0.090	0.923	0.841	0.889	0.802	0.830	0.857	0.895	0.945	0.875	0.981	0.092	0.089	0.912	0.903	0.884	0.902	0.865	0.880	0.860	0.868	0.930	0.912	0.092	0.092	0.965	0.825	0.876	0.799	0.838	0.892	0.822	0.923	0.939	0.978	0.090	0.093	0.961	0.915	0.937	0.930	0.862	0.961	0.941	0.867	0.875	0.941	0.091	0.092	0.997	0.908	0.900	0.911	0.956	0.946	0.955	0.969	1.000	1.041	0.090	0.093	0.093	0.093	0.191	0.194	0.090	0.092	0.093	0.093	0.100	0.090	0.092
52:00:52	23.4	0.091	0.090	0.092	0.094	0.093	0.092	0.090	0.090	0.091	0.092	0.090	0.092	0.091	0.905	0.905	0.909	0.902	0.921	0.891	0.925	0.907	0.938	0.904	0.092	0.091	0.909	0.829	0.879	0.786	0.817	0.839	0.880	0.936	0.861	0.971	0.092	0.089	0.901	0.889	0.860	0.896	0.856	0.871	0.849	0.857	0.920	0.899	0.092	0.092	0.947	0.813	0.860	0.783	0.825	0.877	0.809	0.914	0.928	0.961	0.090	0.093	0.946	0.904	0.927	0.917	0.854	0.946	0.930	0.855	0.863	0.930	0.091	0.093	0.982	0.893	0.878	0.891	0.943	0.932	0.945	0.958	0.991	1.019	0.090	0.094	0.092	0.093	0.195	0.199	0.090	0.093	0.093	0.093	0.104	0.090	0.093
53:00:53	23.7	0.091	0.090	0.092	0.094	0.093	0.092	0.090	0.090	0.091	0.092	0.090	0.092	0.091	0.889	0.895	0.905	0.895	0.912	0.878	0.916	0.894	0.933	0.889	0.092	0.090	0.898	0.820	0.871	0.776	0.809	0.823	0.870	0.928	0.846	0.960	0.092	0.090	0.889	0.879	0.843	0.890	0.850	0.860	0.843	0.846	0.911	0.886	0.092	0.092	0.933	0.804	0.850	0.773	0.816	0.870	0.800	0.908	0.920	0.950	0.090	0.093	0.930	0.899	0.918	0.906	0.848	0.937	0.921	0.841	0.854	0.919	0.091	0.092	0.967	0.881	0.857	0.872	0.931	0.918	0.936	0.949	0.985	1.002	0.090	0.094	0.093	0.098	0.198	0.203	0.090	0.092	0.093	0.093	0.110	0.090	0.093
54:00:53	23.8	0.091	0.090	0.092	0.093	0.093	0.092	0.090	0.090	0.091	0.092	0.090	0.091	0.091	0.876	0.889	0.902	0.895	0.906	0.873	0.912	0.883	0.930	0.879	0.092	0.090	0.895	0.813	0.868	0.765	0.804	0.811	0.861	0.922	0.836	0.953	0.092	0.089	0.880	0.873	0.827	0.886	0.849	0.857	0.840	0.836	0.908	0.880	0.092	0.092	0.925	0.799	0.846	0.764	0.809	0.865	0.795	0.904	0.916	0.943	0.090	0.093	0.917	0.897	0.913	0.902	0.845	0.932	0.915	0.832	0.847	0.910	0.091	0.092	0.956	0.875	0.843	0.859	0.924	0.908	0.929	0.944	0.981	0.990	0.090	0.093	0.093	0.095	0.200	0.206	0.090	0.092	0.093	0.093	0.117	0.090	0.092
55:00:55	23.8	0.090	0.090	0.092	0.093	0.092	0.092	0.090	0.090	0.091	0.092	0.090	0.091	0.090	0.866	0.889	0.902	0.895	0.906	0.864	0.911	0.880	0.935	0.868	0.092	0.090	0.890	0.809	0.869	0.757	0.798	0.802	0.852	0.921	0.830	0.953	0.092	0.089	0.877	0.871	0.817	0.883	0.847	0.854	0.839	0.833	0.902	0.874	0.092	0.092	0.922	0.795	0.846	0.757	0.804	0.862	0.790	0.905	0.914	0.943	0.089	0.093	0.914	0.898	0.912	0.901	0.845	0.931	0.914	0.822	0.841	0.909	0.090	0.092	0.949	0.875	0.839	0.858	0.921	0.903	0.930	0.944	0.983	0.983	0.090	0.093	0.091	0.093	0.202	0.208	0.090	0.092	0.093	0.093	0.123	0.090	0.092
56:00:57	23.6	0.091	0.090	0.092	0.094	0.093	0.092	0.090	0.090	0.091	0.092	0.090	0.092	0.091	0.862	0.892	0.902	0.896	0.902	0.861	0.913	0.882	0.944	0.863	0.092	0.090	0.889	0.808	0.869	0.752	0.796	0.795	0.854	0.923	0.824	0.954	0.092	0.089	0.878	0.871	0.812	0.881	0.848	0.856	0.843	0.826	0.902	0.874	0.092	0.092	0.924	0.794	0.848	0.756	0.799	0.865	0.790	0.907	0.919	0.947	0.090	0.093	0.914	0.900	0.914	0.902	0.845	0.933	0.915	0.818	0.838	0.911	0.091	0.093	0.949	0.875	0.839	0.858	0.920	0.903	0.933	0.947	0.988	0.983	0.090	0.094	0.093	0.093	0.203	0.210	0.090	0.093	0.093	0.093	0.131	0.090	0.093
57:00:58	23.4	0.091	0.090	0.092	0.094	0.093	0.093	0.090	0.090	0.091	0.092	0.090	0.092	0.091	0.861	0.894	0.909	0.897	0.900	0.859	0.918	0.879	0.949	0.861	0.092	0.090	0.894	0.811	0.868	0.747	0.792	0.793	0.861	0.924	0.822	0.959	0.092	0.089	0.879	0.872	0.805	0.880	0.845	0.858	0.846	0.824	0.902	0.873	0.092	0.092	0.929	0.794	0.853	0.752	0.798	0.865	0.788	0.910	0.923	0.950	0.090	0.093	0.914	0.905	0.916	0.904	0.847	0.938	0.916	0.813	0.835	0.914	0.091	0.093	0.952	0.874	0.840	0.856	0.920	0.902	0.935	0.947	0.990	0.986	0.090	0.094	0.092	0.093	0.205	0.212	0.090	0.092	0.093	0.093	0.142	0.090	0.093
58:00:59	23.2	0.091	0.090	0.092	0.094	0.092	0.092	0.090	0.090	0.091	0.092	0.090	0.091	0.091	0.860	0.894	0.914	0.901	0.902	0.857	0.922	0.882	0.957	0.861	0.092	0.090	0.899	0.809	0.871	0.739	0.792	0.787	0.860	0.927	0.822	0.967	0.092	0.089	0.883	0.876	0.799	0.881	0.843	0.861	0.847	0.820	0.905	0.873	0.092	0.092	0.934	0.792	0.855	0.748	0.797	0.865	0.789	0.912	0.927	0.951	0.090	0.093	0.916	0.906	0.919	0.909	0.850	0.943	0.918	0.810	0.833	0.919	0.091	0.092	0.958	0.874	0.843	0.854	0.922	0.901	0.939	0.950	0.995	0.989	0.090	0.094	0.092	0.093	0.207	0.212	0.090	0.092	0.093	0.093	0.157	0.090	0.092
59:01:00	22.9	0.091	0.090	0.092	0.094	0.093	0.092	0.090	0.090	0.091	0.092	0.090	0.092	0.091	0.865	0.900	0.922	0.903	0.908	0.853	0.926	0.879	0.966	0.862	0.092	0.090	0.901	0.814	0.873	0.740	0.791	0.783	0.860	0.931	0.822	0.972	0.092	0.090	0.889	0.877	0.796	0.881	0.845	0.864	0.850	0.822	0.909	0.875	0.092	0.092	0.940	0.794	0.860	0.750	0.796	0.868	0.788	0.915	0.929	0.960	0.090	0.093	0.920	0.910	0.924	0.914	0.853	0.948	0.921	0.812	0.837	0.928	0.091	0.093	0.968	0.877	0.847	0.856	0.925	0.904	0.945	0.955	1.000	0.997	0.090	0.094	0.093	0.093	0.207	0.215	0.090	0.093	0.093	0.093	0.172	0.090	0.093
60:01:01	22.6	0.091	0.090	0.092	0.093	0.093	0.092	0.090	0.090	0.091	0.092	0.090	0.091	0.091	0.867	0.902	0.929	0.904	0.899	0.852	0.930	0.878	0.977	0.866	0.091	0.090	0.909	0.821	0.877	0.744	0.792	0.787	0.861	0.934	0.822	0.977	0.092	0.089	0.896	0.879	0.797	0.883	0.844	0.866	0.853	0.823	0.909	0.875	0.092	0.092	0.945	0.802	0.870	0.752	0.797	0.873	0.787	0.916	0.932	0.962	0.090	0.093	0.924	0.914	0.929	0.918	0.860	0.954	0.925	0.809	0.837	0.932	0.091	0.092	0.977	0.881	0.854	0.859	0.929	0.908	0.951	0.962	1.006	1.004	0.090	0.093	0.092	0.093	0.209	0.215	0.090	0.092	0.093	0.093	0.189	0.090	0.093
61:01:02	22.3	0.091	0.090	0.092	0.094	0.093	0.092	0.090	0.090	0.091	0.092	0.090	0.092	0.091	0.871	0.906	0.934	0.911	0.913	0.862	0.941	0.879	0.983	0.867	0.092	0.090	0.919	0.827	0.881	0.740	0.793	0.789	0.865	0.938	0.822	0.984	0.092	0.089	0.900	0.886	0.795	0.887	0.847	0.872	0.858	0.823	0.915	0.879	0.092	0.092	0.953	0.805	0.876	0.754	0.798	0.879	0.789	0.919	0.935	0.967	0.090	0.093	0.930	0.929	0.934	0.924	0.862	0.959	0.924	0.809	0.845	0.941	0.091	0.093	0.987	0.882	0.858	0.860	0.932	0.912	0.955	0.967	1.013	1.006	0.090	0.094	0.092	0.093	0.210	0.214	0.090	0.092	0.093	0.093	0.201	0.090	0.093
62:01:03	22.0	0.091	0.090	0.092	0.094	0.092	0.092	0.090	0.090	0.091	0.092	0.090	0.091	0.091	0.877	0.910	0.944	0.919	0.922	0.868	0.942	0.886	0.989	0.873	0.092	0.090	0.929	0.832	0.887	0.746	0.796	0.793	0.870	0.943	0.824	0.992	0.092	0.089	0.907	0.889	0.794	0.892	0.847	0.875	0.863	0.828	0.920	0.882	0.092	0.092	0.961	0.810	0.878	0.758	0.798	0.884	0.792	0.924	0.940	0.973	0.090	0.093	0.936	0.933	0.943	0.931	0.868	0.968	0.928	0.811	0.847	0.947	0.091	0.092	0.995	0.885	0.863	0.864	0.938	0.915	0.962	0.973	1.018	1.015	0.090	0.093	0.092	0.093	0.211	0.214	0.090	0.092	0.093	0.093	0.212	0.090	0.093
63:01:05	21.7	0.091	0.090	0.092	0.094	0.093	0.093	0.090	0.090	0.091	0.092	0.090	0.092	0.091	0.882	0.914	0.950	0.919	0.923	0.871	0.951	0.888	0.997	0.878	0.092	0.090	0.940	0.837	0.889	0.750	0.797	0.797	0.876	0.949	0.826	0.997	0.092	0.089	0.911	0.895	0.797	0.898	0.853	0.886	0.867	0.832	0.923	0.886	0.092	0.093	0.971	0.818	0.884	0.762	0.803	0.888	0.797	0.930	0.946	0.981	0.090	0.093	0.943	0.940	0.952	0.938	0.873	0.977	0.932	0.814	0.849	0.954	0.091	0.093	1.002	0.889	0.867	0.867	0.942	0.921	0.969	0.979	1.028	1.022	0.091	0.094	0.093	0.093	0.209	0.216	0.090	0.092	0.093	0.093	0.221	0.090	0.093
64:01:05	21.5	0.091	0.090	0.092	0.093	0.093	0.092	0.090	0.090	0.091	0.092	0.090	0.091	0.091	0.889	0.923	0.957	0.926	0.928	0.879	0.955	0.889	1.004	0.883	0.092	0.090	0.948	0.844	0.895	0.756	0.803	0.801	0.884	0.955	0.831	1.003	0.092	0.089	0.920	0.902	0.805	0.905	0.859	0.891	0.871	0.836	0.929	0.890	0.092	0.092	0.977	0.825	0.889	0.768	0.809	0.897	0.801	0.935	0.951	0.987	0.090	0.093	0.953	0.947	0.959	0.944	0.884	0.989	0.936	0.815	0.853	0.962	0.092	0.093	1.009	0.896	0.870	0.873	0.952	0.923	0.976	0.989	1.035	1.028	0.090	0.093	0.092	0.093	0.207	0.212	0.090	0.092	0.093	0.093	0.231	0.090	0.093
65:01:07	21.2	0.091	0.090	0.092	0.094	0.093	0.092	0.090	0.090	0.091	0.092	0.090	0.091	0.091	0.896	0.930	0.967	0.931	0.936	0.886	0.962	0.893	1.011	0.888	0.092	0.090	0.955	0.850	0.902	0.762	0.806	0.807	0.887	0.959	0.834	1.011	0.092	0.089	0.930	0.911	0.807	0.912	0.862	0.896	0.876	0.841	0.932	0.894	0.092	0.092	0.986	0.831	0.897	0.775	0.814	0.900	0.805	0.940	0.958	0.995	0.090	0.093	0.960	0.953	0.965	0.953	0.888	0.997	0.939	0.819	0.856	0.971	0.092	0.092	1.018	0.900	0.876	0.879	0.958	0.931	0.983	0.995	1.042	1.038	0.090	0.094	0.093	0.093	0.208	0.212	0.090	0.092	0.093	0.093	0.240	0.090	0.093
66:01:07	21.0	0.091	0.090	0.092	0.094	0.093	0.092	0.090	0.090	0.091	0.092	0.090	0.091	0.091	0.902	0.940	0.973	0.937	0.941	0.896	0.969	0.906	1.020	0.892	0.092	0.090	0.962	0.856	0.908	0.768	0.812	0.812	0.894	0.963	0.837	1.016	0.092	0.089	0.939	0.916	0.812	0.917	0.868	0.900	0.880	0.844	0.936	0.899	0.092	0.092	0.995	0.840	0.899	0.778	0.821	0.906	0.810	0.946	0.963	0.999	0.090	0.093	0.971	0.960	0.969	0.962	0.895	1.004	0.943	0.822	0.858	0.984	0.092	0.092	1.027	0.907	0.881	0.884	0.964	0.938	0.989	1.001	1.047	1.047	0.091	0.093	0.092	0.093	0.207	0.212	0.090	0.092	0.093	0.093	0.249	0.090	0.092
67:01:09	20.8	0.090	0.090	0.092	0.093	0.093	0.092	0.090	0.090	0.091	0.092	0.090	0.091	0.091	0.910	0.948	0.981	0.945	0.948	0.899	0.976	0.907	1.015	0.896	0.092	0.090	0.970	0.860	0.915	0.766	0.821	0.818	0.902	0.969	0.843	1.022	0.092	0.090	0.947	0.924	0.817	0.923	0.871	0.905	0.884	0.848	0.942	0.906	0.092	0.092	1.006	0.847	0.908	0.786	0.825	0.911	0.814	0.950	0.968	1.006	0.090	0.093	0.981	0.976	0.977	0.968	0.899	1.012	0.951	0.830	0.863	0.997	0.092	0.092	1.039	0.913	0.894	0.891	1.001	0.949	0.998	1.009	1.055	1.055	0.090	0.093	0.092	0.093	0.206	0.209	0.090	0.092	0.093	0.093	0.259	0.090	0.093
68:01:09	20.7	0.090	0.090	0.092	0.094	0.093	0.092	0.090	0.090	0.091	0.092	0.090	0.092	0.091	0.912	0.954	0.986	0.951	0.950	0.907	0.984	0.912	1.034	0.903	0.092	0.091	0.975	0.866	0.922	0.776	0.824	0.823	0.906	0.972	0.848	1.029	0.092	0.089	0.954	0.930	0.818	0.925	0.876	0.911	0.888	0.851	0.945	0.913	0.092	0.092	1.010	0.850	0.914	0.788	0.828	0.914	0.817	0.954	0.973	1.014	0.090	0.093	0.986	0.981	0.982	0.972	0.904	1.021	0.956	0.833	0.868	1.007	0.092	0.092	1.045	0.914	0.897	0.893	1.006	0.954	1.004	1.015	1.060	1.061	0.091	0.094	0.093	0.093	0.206	0.209	0.090	0.092	0.093	0.093	0.267	0.090	0.093
69:01:10	20.6	0.091	0.090	0.092	0.094	0.093	0.093	0.090	0.090	0.091	0.092	0.090	0.091	0.091	0.918	0.964	0.992	0.958	0.959	0.911	0.990	0.909	1.045	0.909	0.092	0.090	0.980	0.870	0.933	0.779	0.830	0.826	0.913	0.976	0.852	1.034	0.092	0.089	0.963	0.935	0.822	0.930	0.881	0.917	0.895	0.855	0.950	0.919	0.092	0.092	1.016	0.854	0.917	0.791	0.833	0.919	0.820	0.958	0.978	1.020	0.090	0.093	0.997	0.992	0.991	0.979	0.910	1.032	0.960	0.839	0.873	1.023	0.092	0.092	1.057	0.917	0.901	0.896	1.017	0.962	1.013	1.022	1.066	1.067	0.091	0.093	0.092	0.093	0.206	0.208	0.090	0.092	0.093	0.093	0.269	0.091	0.093
70:01:11	20.7	0.090	0.090	0.092	0.093	0.092	0.092	0.090	0.090	0.091	0.092	0.090	0.092	0.091	0.927	0.967	0.999	0.962	0.961	0.914	0.991	0.912	1.045	0.913	0.092	0.090	0.986	0.874	0.939	0.781	0.834	0.829	0.917	0.983	0.855	1.038	0.092	0.089	0.969	0.938	0.824	0.934	0.885	0.922	0.898	0.857	0.952	0.925	0.092	0.092	1.023	0.858	0.920	0.794	0.837	0.923	0.821	0.962	0.981	1.024	0.090	0.093	1.002	1.005	1.018	0.984	0.909	1.030	0.963	0.849	0.875	1.035	0.091	0.092	1.067	0.946	0.912	0.899	1.022	0.969	1.019	1.030	1.067	1.073	0.090	0.093	0.093	0.096	0.203	0.205	0.090	0.092	0.093	0.093	0.281	0.090	0.092
71:01:12	20.9	0.091	0.090	0.092	0.093	0.093	0.092	0.090	0.090	0.091	0.092	0.090	0.091	0.091	0.933	0.973	1.006	0.967	0.969	0.916	0.996	0.905	1.066	0.916	0.092	0.091	0.990	0.879	0.944	0.782	0.839	0.834	0.922	0.984	0.857	1.043	0.092	0.090	0.974	0.941	0.823	0.936	0.888	0.925	0.902	0.859	0.954	0.927	0.092	0.092	1.076	0.862	0.924	0.795	0.839	0.925	0.823	0.964	0.983	1.026	0.090	0.093	1.016	1.008	1.011	0.992	0.917	1.040	0.966	0.855	0.878	1.037	0.092	0.093	1.083	0.971	0.913	0.902	1.034	0.973	1.021	1.035	1.069	1.079	0.091	0.094	0.094	0.093	0.201	0.204	0.090	0.092	0.093	0.093	0.295	0.090	0.093
72:01:13	21.2	0.091	0.090	0.092	0.093	0.092	0.092	0.090	0.090	0.091	0.092	0.090	0.091	0.091	0.942	0.978	1.008	0.970	0.969	0.917	0.995	0.909	1.067	0.917	0.092	0.090	0.992	0.880	0.943	0.784	0.840	0.835	0.924	0.984	0.861	1.045	0.092	0.089	0.976	0.942	0.824	0.938	0.891	0.929	0.903	0.861	0.957	0.930	0.092	0.092	1.066	0.861	0.927	0.796	0.840	0.928	0.825	0.966	0.984	1.033	0.090	0.093	1.011	1.020	1.017	0.987	0.916	1.048	0.969	0.851	0.888	1.049	0.092	0.093	1.094	0.984	0.916	0.906	1.003	0.978	1.026	1.041	1.073	1.084	0.091	0.094	0.092	0.093	0.198	0.201	0.090	0.092	0.093	0.093	0.307	0.090	0.093

