Time	T° 600	A1	A2	A3	A4	A5	A6	A7	A8	A9	A10	A11	A12	B1	B2	B3	B4	B5	B6	B7	B8	B9	B10	B11	B12	C1	C2	C3	C4	C5	C6	C7	C8	C9	C10	C11	C12	D1	D2	D3	D4	D5	D6	D7	D8	D9	D10	D11	D12	E1	E2	E3	E4	E5	E6	E7	E8	E9	E10	E11	E12	F1	F2	F3	F4	F5	F6	F7	F8	F9	F10	F11	F12	G1	G2	G3	G4	G5	G6	G7	G8	G9	G10	G11	G12	H1	H2	H3	H4	H5	H6	H7	H8	H9	H10	H11	H12
0:00:06	19.2	0.091	0.090	0.092	0.091	0.091	0.090	0.089	0.089	0.089	0.091	0.089	0.090	0.090	0.092	0.092	0.095	0.094	0.092	0.091	0.093	0.092	0.092	0.094	0.090	0.089	0.092	0.091	0.091	0.092	0.093	0.091	0.091	0.091	0.092	0.096	0.091	0.089	0.091	0.091	0.090	0.090	0.091	0.090	0.091	0.090	0.093	0.091	0.089	0.093	0.093	0.094	0.091	0.092	0.092	0.091	0.091	0.093	0.109	0.092	0.090	0.093	0.091	0.095	0.091	0.096	0.090	0.091	0.090	0.090	0.092	0.094	0.091	0.092	0.092	0.094	0.092	0.092	0.091	0.091	0.094	0.092	0.092	0.094	0.090	0.092	0.091	0.092	0.090	0.090	0.090	0.091	0.092	0.092	0.092	0.091	0.089
1:00:05	19.7	0.092	0.090	0.093	0.092	0.092	0.090	0.090	0.090	0.090	0.092	0.090	0.091	0.090	0.092	0.093	0.096	0.095	0.093	0.092	0.094	0.092	0.094	0.095	0.091	0.090	0.092	0.092	0.092	0.092	0.097	0.092	0.092	0.092	0.093	0.095	0.091	0.090	0.092	0.092	0.091	0.091	0.092	0.091	0.092	0.091	0.093	0.092	0.090	0.093	0.093	0.095	0.092	0.093	0.093	0.091	0.091	0.093	0.199	0.093	0.090	0.094	0.092	0.095	0.092	0.097	0.091	0.092	0.091	0.092	0.092	0.094	0.091	0.092	0.092	0.095	0.092	0.094	0.092	0.091	0.095	0.094	0.093	0.094	0.090	0.092	0.091	0.093	0.091	0.091	0.091	0.091	0.093	0.093	0.092	0.092	0.089
2:00:07	20.0	0.092	0.090	0.093	0.092	0.092	0.091	0.090	0.090	0.090	0.092	0.090	0.092	0.090	0.092	0.093	0.096	0.095	0.093	0.092	0.095	0.093	0.094	0.095	0.091	0.090	0.093	0.091	0.092	0.093	0.097	0.092	0.092	0.092	0.094	0.095	0.091	0.090	0.092	0.092	0.091	0.091	0.092	0.091	0.093	0.092	0.094	0.092	0.091	0.093	0.093	0.095	0.092	0.093	0.094	0.092	0.092	0.093	0.219	0.093	0.090	0.094	0.092	0.096	0.092	0.097	0.091	0.093	0.092	0.092	0.092	0.094	0.090	0.092	0.093	0.095	0.093	0.094	0.092	0.092	0.095	0.094	0.093	0.094	0.091	0.092	0.091	0.093	0.091	0.091	0.091	0.092	0.093	0.093	0.092	0.092	0.090
3:00:07	20.2	0.092	0.090	0.093	0.092	0.092	0.091	0.090	0.090	0.091	0.092	0.090	0.092	0.090	0.092	0.093	0.096	0.095	0.093	0.092	0.095	0.092	0.094	0.094	0.092	0.090	0.093	0.091	0.092	0.093	0.096	0.093	0.092	0.092	0.094	0.095	0.091	0.090	0.092	0.092	0.091	0.091	0.092	0.091	0.093	0.092	0.094	0.093	0.091	0.093	0.093	0.095	0.092	0.093	0.093	0.092	0.092	0.093	0.209	0.092	0.090	0.094	0.092	0.096	0.092	0.098	0.091	0.093	0.092	0.092	0.092	0.094	0.090	0.092	0.093	0.095	0.093	0.094	0.092	0.092	0.095	0.094	0.093	0.094	0.091	0.092	0.092	0.093	0.091	0.091	0.091	0.092	0.093	0.093	0.092	0.092	0.090
4:00:08	20.2	0.092	0.090	0.093	0.092	0.092	0.091	0.090	0.090	0.091	0.092	0.090	0.092	0.090	0.092	0.093	0.096	0.095	0.093	0.092	0.095	0.092	0.094	0.095	0.092	0.091	0.093	0.092	0.092	0.092	0.095	0.093	0.092	0.093	0.094	0.095	0.091	0.090	0.092	0.092	0.091	0.091	0.092	0.091	0.093	0.092	0.094	0.093	0.091	0.093	0.093	0.095	0.092	0.093	0.093	0.092	0.092	0.093	0.193	0.093	0.090	0.094	0.092	0.096	0.092	0.098	0.091	0.093	0.092	0.092	0.092	0.094	0.090	0.092	0.093	0.096	0.093	0.094	0.092	0.092	0.095	0.094	0.093	0.094	0.091	0.092	0.091	0.093	0.091	0.091	0.091	0.092	0.093	0.093	0.092	0.092	0.090
5:00:09	20.3	0.092	0.091	0.093	0.093	0.092	0.091	0.091	0.091	0.091	0.093	0.090	0.092	0.090	0.092	0.094	0.097	0.096	0.094	0.093	0.095	0.093	0.095	0.095	0.092	0.091	0.093	0.092	0.093	0.093	0.095	0.093	0.093	0.093	0.094	0.095	0.091	0.091	0.092	0.093	0.092	0.092	0.093	0.092	0.094	0.092	0.095	0.093	0.092	0.093	0.094	0.095	0.093	0.094	0.094	0.092	0.093	0.093	0.186	0.093	0.090	0.094	0.093	0.097	0.093	0.099	0.093	0.094	0.093	0.093	0.093	0.094	0.091	0.093	0.093	0.096	0.094	0.094	0.094	0.093	0.096	0.095	0.094	0.095	0.091	0.093	0.092	0.093	0.091	0.091	0.091	0.092	0.094	0.094	0.092	0.092	0.090
6:00:12	20.4	0.092	0.090	0.094	0.093	0.092	0.091	0.090	0.090	0.091	0.093	0.091	0.092	0.091	0.092	0.093	0.096	0.095	0.094	0.093	0.095	0.093	0.095	0.095	0.092	0.091	0.093	0.092	0.093	0.093	0.095	0.093	0.093	0.093	0.094	0.095	0.092	0.091	0.092	0.093	0.092	0.092	0.093	0.092	0.093	0.093	0.095	0.093	0.091	0.093	0.093	0.095	0.093	0.094	0.094	0.092	0.093	0.093	0.247	0.093	0.090	0.094	0.093	0.096	0.093	0.099	0.093	0.094	0.093	0.093	0.092	0.094	0.091	0.093	0.093	0.096	0.094	0.095	0.093	0.093	0.096	0.095	0.093	0.094	0.091	0.092	0.092	0.093	0.091	0.092	0.091	0.092	0.094	0.093	0.092	0.092	0.090
7:00:12	20.4	0.093	0.090	0.093	0.093	0.092	0.091	0.090	0.090	0.091	0.093	0.091	0.092	0.090	0.092	0.093	0.096	0.095	0.094	0.093	0.095	0.093	0.095	0.095	0.092	0.090	0.093	0.092	0.093	0.093	0.095	0.093	0.093	0.093	0.094	0.095	0.091	0.091	0.092	0.092	0.092	0.092	0.093	0.092	0.094	0.093	0.095	0.094	0.091	0.093	0.093	0.095	0.092	0.094	0.094	0.092	0.092	0.093	0.296	0.093	0.090	0.094	0.093	0.096	0.093	0.098	0.093	0.094	0.093	0.093	0.092	0.094	0.090	0.093	0.093	0.096	0.094	0.094	0.093	0.093	0.096	0.095	0.093	0.094	0.091	0.092	0.091	0.093	0.091	0.091	0.091	0.092	0.094	0.094	0.092	0.092	0.090
8:00:13	20.3	0.093	0.091	0.094	0.093	0.093	0.091	0.091	0.091	0.092	0.093	0.091	0.093	0.091	0.093	0.094	0.097	0.096	0.094	0.093	0.096	0.094	0.095	0.095	0.092	0.091	0.093	0.093	0.094	0.094	0.095	0.094	0.093	0.094	0.095	0.095	0.092	0.091	0.093	0.093	0.092	0.092	0.093	0.092	0.094	0.093	0.095	0.093	0.091	0.093	0.094	0.095	0.093	0.094	0.094	0.093	0.093	0.093	0.309	0.093	0.090	0.094	0.094	0.097	0.094	0.099	0.093	0.094	0.093	0.093	0.093	0.094	0.091	0.093	0.094	0.096	0.095	0.095	0.094	0.094	0.096	0.096	0.094	0.095	0.092	0.092	0.092	0.094	0.092	0.092	0.092	0.093	0.094	0.094	0.093	0.092	0.090
9:00:14	20.3	0.093	0.091	0.094	0.093	0.093	0.092	0.091	0.091	0.092	0.093	0.091	0.092	0.091	0.092	0.094	0.097	0.096	0.094	0.093	0.096	0.094	0.095	0.095	0.092	0.091	0.093	0.093	0.094	0.094	0.095	0.093	0.094	0.094	0.094	0.095	0.092	0.091	0.093	0.093	0.092	0.092	0.093	0.092	0.094	0.093	0.095	0.094	0.092	0.093	0.093	0.095	0.093	0.094	0.094	0.093	0.092	0.093	0.229	0.093	0.090	0.094	0.093	0.097	0.093	0.099	0.093	0.094	0.093	0.093	0.093	0.095	0.091	0.093	0.094	0.096	0.094	0.095	0.094	0.093	0.096	0.095	0.094	0.095	0.092	0.092	0.092	0.094	0.092	0.092	0.092	0.092	0.094	0.094	0.093	0.093	0.090
10:00:15	20.2	0.092	0.091	0.094	0.093	0.093	0.092	0.091	0.091	0.092	0.093	0.091	0.093	0.091	0.093	0.094	0.097	0.096	0.094	0.094	0.096	0.094	0.095	0.095	0.092	0.091	0.094	0.093	0.094	0.094	0.095	0.093	0.094	0.094	0.095	0.095	0.091	0.091	0.093	0.093	0.092	0.092	0.093	0.092	0.094	0.093	0.095	0.094	0.091	0.093	0.093	0.095	0.093	0.095	0.094	0.092	0.093	0.093	0.257	0.093	0.090	0.094	0.094	0.097	0.093	0.099	0.093	0.094	0.093	0.093	0.093	0.095	0.091	0.093	0.093	0.096	0.094	0.095	0.094	0.094	0.096	0.095	0.094	0.095	0.092	0.093	0.092	0.094	0.092	0.092	0.092	0.093	0.094	0.094	0.093	0.092	0.090
11:00:16	20.1	0.093	0.091	0.094	0.093	0.093	0.092	0.091	0.091	0.092	0.093	0.091	0.093	0.091	0.092	0.094	0.097	0.096	0.094	0.093	0.096	0.094	0.096	0.096	0.093	0.091	0.093	0.093	0.094	0.094	0.095	0.094	0.094	0.094	0.095	0.095	0.091	0.091	0.093	0.093	0.092	0.092	0.093	0.092	0.094	0.093	0.095	0.094	0.091	0.093	0.094	0.095	0.093	0.094	0.094	0.093	0.093	0.093	0.288	0.093	0.090	0.094	0.094	0.097	0.093	0.099	0.093	0.094	0.093	0.093	0.093	0.095	0.091	0.093	0.093	0.096	0.094	0.095	0.094	0.093	0.096	0.095	0.094	0.095	0.092	0.092	0.092	0.094	0.092	0.092	0.092	0.092	0.094	0.094	0.093	0.092	0.090
12:00:17	20.1	0.093	0.091	0.094	0.093	0.093	0.092	0.091	0.091	0.092	0.093	0.091	0.092	0.091	0.095	0.094	0.097	0.096	0.094	0.093	0.096	0.094	0.096	0.095	0.092	0.090	0.093	0.093	0.094	0.094	0.095	0.093	0.094	0.094	0.095	0.095	0.092	0.091	0.093	0.093	0.092	0.092	0.093	0.092	0.094	0.093	0.095	0.094	0.092	0.093	0.094	0.095	0.093	0.094	0.094	0.093	0.093	0.093	0.315	0.093	0.090	0.094	0.093	0.097	0.094	0.099	0.093	0.095	0.094	0.093	0.093	0.095	0.091	0.093	0.094	0.096	0.094	0.095	0.094	0.093	0.096	0.095	0.094	0.095	0.092	0.092	0.092	0.094	0.092	0.092	0.092	0.093	0.094	0.094	0.093	0.092	0.090
13:00:18	20.1	0.093	0.091	0.094	0.093	0.093	0.092	0.091	0.091	0.092	0.093	0.091	0.093	0.091	0.094	0.094	0.097	0.096	0.094	0.093	0.096	0.094	0.096	0.096	0.092	0.091	0.094	0.093	0.094	0.094	0.095	0.093	0.094	0.094	0.095	0.095	0.092	0.091	0.093	0.093	0.092	0.092	0.094	0.093	0.094	0.093	0.095	0.094	0.091	0.093	0.093	0.095	0.093	0.094	0.094	0.093	0.093	0.093	0.348	0.094	0.090	0.094	0.094	0.097	0.094	0.099	0.093	0.095	0.093	0.093	0.093	0.094	0.091	0.093	0.094	0.096	0.094	0.095	0.094	0.093	0.096	0.095	0.094	0.096	0.092	0.092	0.092	0.094	0.092	0.092	0.092	0.092	0.094	0.094	0.093	0.092	0.091
14:00:19	20.0	0.093	0.091	0.094	0.093	0.093	0.091	0.091	0.091	0.091	0.093	0.091	0.092	0.090	0.098	0.094	0.097	0.096	0.094	0.093	0.096	0.094	0.096	0.095	0.092	0.091	0.094	0.092	0.094	0.094	0.095	0.093	0.094	0.094	0.095	0.095	0.092	0.091	0.093	0.094	0.092	0.092	0.094	0.093	0.095	0.093	0.095	0.094	0.092	0.093	0.094	0.095	0.094	0.094	0.094	0.093	0.093	0.094	0.369	0.094	0.090	0.094	0.093	0.097	0.094	0.100	0.093	0.095	0.094	0.093	0.093	0.095	0.091	0.093	0.094	0.096	0.094	0.095	0.094	0.093	0.096	0.095	0.094	0.095	0.092	0.092	0.092	0.093	0.092	0.092	0.092	0.092	0.094	0.094	0.093	0.092	0.090
15:00:20	20.0	0.093	0.091	0.094	0.093	0.093	0.092	0.091	0.091	0.092	0.093	0.091	0.093	0.091	0.097	0.095	0.098	0.097	0.095	0.094	0.097	0.094	0.097	0.096	0.093	0.091	0.094	0.093	0.095	0.094	0.095	0.094	0.095	0.095	0.095	0.096	0.092	0.091	0.094	0.094	0.093	0.093	0.094	0.094	0.095	0.093	0.095	0.094	0.092	0.094	0.095	0.096	0.094	0.094	0.094	0.094	0.093	0.094	0.396	0.094	0.090	0.095	0.094	0.098	0.094	0.100	0.094	0.096	0.094	0.093	0.093	0.095	0.091	0.094	0.094	0.096	0.094	0.095	0.095	0.094	0.098	0.096	0.094	0.096	0.092	0.093	0.092	0.094	0.092	0.092	0.092	0.093	0.095	0.094	0.093	0.093	0.091
16:00:21	20.0	0.092	0.091	0.094	0.093	0.093	0.091	0.091	0.091	0.092	0.093	0.091	0.093	0.091	0.097	0.095	0.098	0.097	0.095	0.093	0.097	0.094	0.097	0.096	0.092	0.091	0.095	0.093	0.095	0.094	0.095	0.093	0.096	0.095	0.095	0.096	0.091	0.091	0.094	0.094	0.092	0.093	0.095	0.094	0.096	0.093	0.095	0.094	0.092	0.093	0.095	0.095	0.095	0.094	0.094	0.095	0.093	0.094	0.400	0.095	0.090	0.094	0.093	0.098	0.095	0.100	0.093	0.096	0.095	0.093	0.093	0.094	0.091	0.093	0.095	0.096	0.094	0.095	0.095	0.093	0.097	0.095	0.094	0.097	0.091	0.092	0.092	0.093	0.091	0.092	0.092	0.092	0.094	0.094	0.093	0.092	0.090
17:00:22	20.0	0.093	0.091	0.094	0.093	0.093	0.092	0.091	0.091	0.092	0.093	0.091	0.093	0.091	0.093	0.096	0.099	0.098	0.097	0.093	0.098	0.094	0.098	0.096	0.092	0.091	0.096	0.093	0.096	0.094	0.095	0.094	0.096	0.095	0.095	0.097	0.092	0.091	0.095	0.096	0.092	0.094	0.096	0.095	0.097	0.093	0.095	0.094	0.092	0.093	0.096	0.096	0.096	0.094	0.094	0.096	0.093	0.094	0.401	0.096	0.090	0.094	0.093	0.099	0.096	0.102	0.093	0.097	0.096	0.093	0.093	0.095	0.091	0.093	0.096	0.096	0.094	0.095	0.096	0.094	0.099	0.096	0.094	0.098	0.092	0.093	0.092	0.094	0.092	0.092	0.092	0.093	0.094	0.094	0.093	0.092	0.090
18:00:22	20.0	0.093	0.091	0.094	0.093	0.093	0.092	0.091	0.091	0.092	0.093	0.091	0.093	0.091	0.092	0.098	0.101	0.099	0.098	0.093	0.100	0.094	0.099	0.096	0.092	0.091	0.097	0.093	0.097	0.094	0.095	0.094	0.098	0.096	0.095	0.098	0.092	0.091	0.096	0.097	0.092	0.096	0.097	0.096	0.098	0.093	0.095	0.094	0.092	0.093	0.097	0.096	0.097	0.095	0.094	0.098	0.093	0.094	0.418	0.098	0.090	0.094	0.093	0.100	0.097	0.103	0.093	0.098	0.097	0.093	0.093	0.095	0.091	0.094	0.097	0.096	0.094	0.095	0.097	0.094	0.100	0.096	0.094	0.099	0.091	0.093	0.092	0.094	0.092	0.092	0.092	0.093	0.094	0.094	0.093	0.092	0.090
19:00:23	20.0	0.093	0.091	0.094	0.094	0.093	0.092	0.091	0.091	0.092	0.094	0.091	0.093	0.091	0.093	0.099	0.102	0.101	0.100	0.094	0.101	0.094	0.101	0.096	0.093	0.091	0.099	0.093	0.099	0.094	0.095	0.093	0.100	0.097	0.095	0.100	0.092	0.091	0.098	0.099	0.092	0.097	0.099	0.099	0.100	0.093	0.095	0.094	0.092	0.093	0.098	0.096	0.099	0.094	0.094	0.100	0.093	0.095	0.417	0.100	0.090	0.094	0.093	0.101	0.098	0.105	0.093	0.101	0.099	0.093	0.093	0.095	0.091	0.093	0.099	0.096	0.094	0.095	0.099	0.094	0.102	0.096	0.094	0.101	0.092	0.093	0.092	0.094	0.092	0.092	0.092	0.093	0.094	0.094	0.093	0.092	0.090
20:00:24	20.0	0.093	0.091	0.094	0.094	0.093	0.092	0.091	0.091	0.092	0.093	0.091	0.093	0.091	0.092	0.101	0.105	0.103	0.102	0.094	0.104	0.094	0.103	0.096	0.093	0.091	0.101	0.093	0.101	0.094	0.095	0.094	0.103	0.098	0.095	0.101	0.092	0.091	0.100	0.101	0.092	0.099	0.101	0.101	0.103	0.093	0.096	0.094	0.092	0.094	0.100	0.096	0.100	0.094	0.094	0.103	0.093	0.095	0.406	0.103	0.090	0.094	0.094	0.103	0.101	0.108	0.093	0.104	0.101	0.093	0.093	0.095	0.092	0.093	0.101	0.096	0.094	0.095	0.101	0.094	0.104	0.096	0.094	0.103	0.092	0.093	0.092	0.094	0.092	0.092	0.092	0.093	0.094	0.094	0.093	0.093	0.090
21:00:26	20.1	0.093	0.091	0.094	0.094	0.093	0.092	0.091	0.091	0.092	0.094	0.091	0.093	0.091	0.093	0.104	0.108	0.107	0.106	0.094	0.108	0.094	0.107	0.096	0.093	0.091	0.104	0.093	0.103	0.094	0.095	0.094	0.107	0.100	0.095	0.104	0.092	0.091	0.103	0.105	0.093	0.103	0.105	0.105	0.107	0.094	0.097	0.094	0.092	0.093	0.102	0.096	0.104	0.095	0.094	0.108	0.093	0.096	0.408	0.107	0.090	0.095	0.094	0.106	0.104	0.111	0.094	0.108	0.105	0.094	0.093	0.095	0.091	0.094	0.104	0.096	0.094	0.095	0.104	0.094	0.108	0.097	0.094	0.107	0.092	0.093	0.092	0.094	0.092	0.092	0.092	0.093	0.095	0.094	0.093	0.093	0.091
22:00:26	20.1	0.093	0.091	0.094	0.094	0.093	0.092	0.091	0.091	0.092	0.094	0.091	0.093	0.091	0.093	0.108	0.113	0.112	0.110	0.094	0.113	0.094	0.110	0.096	0.093	0.091	0.109	0.093	0.108	0.094	0.095	0.094	0.113	0.101	0.095	0.108	0.092	0.091	0.107	0.109	0.092	0.107	0.109	0.111	0.113	0.094	0.097	0.094	0.092	0.093	0.106	0.096	0.108	0.094	0.094	0.114	0.093	0.096	0.411	0.112	0.090	0.094	0.094	0.110	0.108	0.117	0.093	0.114	0.110	0.093	0.093	0.095	0.092	0.093	0.109	0.097	0.094	0.095	0.108	0.094	0.113	0.097	0.095	0.113	0.092	0.093	0.092	0.094	0.092	0.092	0.092	0.093	0.095	0.094	0.093	0.093	0.091
23:00:33	20.2	0.093	0.091	0.094	0.094	0.093	0.092	0.091	0.091	0.092	0.093	0.091	0.093	0.091	0.092	0.114	0.119	0.118	0.117	0.093	0.120	0.094	0.117	0.095	0.092	0.091	0.115	0.093	0.113	0.093	0.095	0.093	0.121	0.104	0.094	0.112	0.092	0.091	0.113	0.116	0.092	0.113	0.117	0.118	0.121	0.093	0.097	0.094	0.091	0.093	0.111	0.096	0.115	0.094	0.094	0.122	0.093	0.097	0.421	0.120	0.090	0.094	0.093	0.116	0.115	0.125	0.093	0.121	0.116	0.093	0.093	0.094	0.091	0.093	0.115	0.096	0.094	0.095	0.115	0.094	0.119	0.097	0.094	0.119	0.092	0.092	0.092	0.093	0.091	0.091	0.091	0.092	0.094	0.094	0.093	0.092	0.090
24:00:29	20.3	0.093	0.091	0.094	0.094	0.093	0.092	0.091	0.091	0.092	0.094	0.091	0.093	0.091	0.093	0.122	0.129	0.128	0.127	0.094	0.131	0.094	0.125	0.096	0.093	0.091	0.124	0.093	0.122	0.094	0.096	0.094	0.132	0.108	0.095	0.120	0.092	0.091	0.122	0.126	0.092	0.122	0.127	0.128	0.131	0.094	0.098	0.095	0.092	0.093	0.119	0.096	0.125	0.094	0.094	0.134	0.093	0.098	0.435	0.130	0.091	0.095	0.094	0.125	0.124	0.136	0.093	0.132	0.126	0.093	0.093	0.095	0.091	0.094	0.125	0.096	0.094	0.095	0.124	0.095	0.129	0.098	0.095	0.129	0.092	0.093	0.092	0.094	0.092	0.092	0.092	0.093	0.094	0.094	0.093	0.093	0.090
25:00:30	20.4	0.093	0.091	0.094	0.093	0.092	0.092	0.091	0.091	0.092	0.094	0.091	0.093	0.091	0.092	0.133	0.140	0.140	0.138	0.094	0.144	0.094	0.135	0.096	0.092	0.091	0.135	0.094	0.133	0.094	0.096	0.094	0.146	0.113	0.094	0.129	0.092	0.091	0.132	0.139	0.092	0.134	0.140	0.142	0.146	0.094	0.098	0.095	0.092	0.093	0.128	0.096	0.137	0.094	0.094	0.150	0.093	0.100	0.442	0.144	0.090	0.094	0.093	0.137	0.136	0.150	0.094	0.147	0.140	0.093	0.093	0.095	0.091	0.094	0.138	0.096	0.094	0.095	0.137	0.095	0.142	0.099	0.095	0.142	0.092	0.093	0.092	0.094	0.092	0.092	0.092	0.093	0.095	0.094	0.093	0.092	0.090
26:00:30	20.3	0.093	0.091	0.094	0.094	0.093	0.092	0.091	0.091	0.092	0.093	0.091	0.093	0.091	0.092	0.147	0.155	0.156	0.154	0.095	0.161	0.094	0.149	0.096	0.093	0.091	0.148	0.094	0.148	0.094	0.096	0.094	0.165	0.120	0.094	0.141	0.092	0.091	0.147	0.155	0.092	0.149	0.158	0.163	0.167	0.094	0.099	0.095	0.092	0.093	0.142	0.096	0.157	0.094	0.094	0.171	0.093	0.102	0.447	0.164	0.090	0.094	0.094	0.152	0.154	0.170	0.094	0.167	0.160	0.093	0.093	0.095	0.091	0.093	0.155	0.097	0.094	0.095	0.154	0.095	0.159	0.099	0.095	0.159	0.092	0.093	0.092	0.093	0.092	0.092	0.092	0.093	0.094	0.094	0.093	0.092	0.090
27:00:31	20.4	0.093	0.091	0.094	0.094	0.093	0.092	0.091	0.091	0.092	0.094	0.091	0.093	0.091	0.093	0.164	0.173	0.174	0.172	0.095	0.177	0.094	0.169	0.096	0.093	0.091	0.164	0.094	0.165	0.094	0.096	0.094	0.183	0.130	0.095	0.160	0.092	0.091	0.166	0.173	0.093	0.168	0.178	0.183	0.187	0.094	0.099	0.096	0.092	0.093	0.163	0.096	0.178	0.094	0.094	0.193	0.093	0.106	0.450	0.184	0.090	0.094	0.094	0.172	0.174	0.190	0.094	0.184	0.178	0.093	0.093	0.095	0.092	0.094	0.180	0.096	0.094	0.095	0.175	0.095	0.176	0.101	0.095	0.176	0.092	0.093	0.092	0.094	0.092	0.092	0.092	0.092	0.094	0.094	0.093	0.093	0.090
28:00:32	20.4	0.093	0.091	0.094	0.095	0.093	0.092	0.091	0.091	0.092	0.094	0.091	0.093	0.091	0.092	0.182	0.188	0.188	0.183	0.095	0.192	0.094	0.187	0.096	0.093	0.091	0.181	0.095	0.179	0.094	0.096	0.094	0.202	0.144	0.095	0.180	0.092	0.091	0.184	0.190	0.092	0.181	0.191	0.206	0.209	0.094	0.100	0.096	0.092	0.093	0.183	0.097	0.197	0.094	0.094	0.213	0.093	0.111	0.455	0.203	0.090	0.094	0.094	0.189	0.190	0.204	0.094	0.200	0.195	0.093	0.093	0.095	0.092	0.093	0.202	0.096	0.094	0.095	0.191	0.096	0.193	0.102	0.095	0.190	0.092	0.092	0.092	0.094	0.092	0.092	0.092	0.093	0.094	0.094	0.093	0.093	0.090
29:00:32	20.4	0.093	0.091	0.094	0.095	0.092	0.091	0.091	0.091	0.092	0.093	0.091	0.093	0.091	0.092	0.186	0.191	0.192	0.187	0.095	0.204	0.094	0.203	0.096	0.093	0.091	0.192	0.095	0.182	0.094	0.096	0.094	0.215	0.161	0.095	0.197	0.092	0.091	0.195	0.195	0.092	0.184	0.196	0.221	0.223	0.094	0.101	0.097	0.092	0.093	0.195	0.097	0.202	0.094	0.094	0.228	0.093	0.118	0.461	0.221	0.090	0.094	0.094	0.200	0.194	0.207	0.094	0.213	0.206	0.093	0.092	0.095	0.091	0.093	0.213	0.096	0.094	0.095	0.195	0.096	0.206	0.105	0.096	0.203	0.091	0.092	0.092	0.093	0.092	0.092	0.092	0.092	0.094	0.094	0.093	0.092	0.090
30:00:34	20.4	0.093	0.091	0.094	0.096	0.093	0.092	0.091	0.091	0.092	0.093	0.091	0.093	0.090	0.092	0.191	0.197	0.197	0.192	0.096	0.216	0.094	0.219	0.096	0.092	0.091	0.198	0.096	0.187	0.093	0.097	0.093	0.226	0.176	0.094	0.215	0.092	0.091	0.199	0.199	0.092	0.190	0.203	0.233	0.235	0.095	0.103	0.097	0.092	0.093	0.200	0.097	0.206	0.094	0.094	0.237	0.093	0.128	0.465	0.238	0.090	0.094	0.094	0.206	0.199	0.212	0.094	0.223	0.215	0.093	0.093	0.095	0.091	0.093	0.218	0.096	0.094	0.095	0.200	0.097	0.216	0.110	0.096	0.214	0.092	0.092	0.092	0.094	0.092	0.092	0.092	0.092	0.094	0.094	0.093	0.092	0.090
31:00:35	20.4	0.093	0.091	0.094	0.095	0.093	0.092	0.091	0.091	0.092	0.093	0.091	0.093	0.091	0.092	0.197	0.203	0.204	0.198	0.097	0.228	0.094	0.237	0.095	0.092	0.091	0.205	0.097	0.194	0.094	0.097	0.094	0.236	0.192	0.095	0.235	0.092	0.091	0.205	0.207	0.092	0.198	0.212	0.242	0.245	0.095	0.106	0.098	0.092	0.093	0.206	0.097	0.212	0.094	0.094	0.245	0.093	0.142	0.469	0.250	0.090	0.094	0.094	0.213	0.205	0.218	0.094	0.232	0.226	0.093	0.092	0.095	0.091	0.093	0.226	0.096	0.094	0.095	0.207	0.098	0.225	0.116	0.097	0.225	0.092	0.092	0.092	0.093	0.092	0.092	0.091	0.092	0.094	0.094	0.093	0.092	0.090
32:00:36	20.3	0.093	0.091	0.094	0.095	0.093	0.092	0.091	0.091	0.092	0.093	0.091	0.093	0.091	0.093	0.204	0.212	0.212	0.205	0.098	0.239	0.094	0.251	0.096	0.093	0.091	0.214	0.098	0.201	0.094	0.098	0.094	0.246	0.213	0.094	0.255	0.092	0.091	0.214	0.214	0.092	0.207	0.220	0.250	0.254	0.095	0.110	0.099	0.092	0.093	0.214	0.098	0.220	0.094	0.094	0.253	0.093	0.163	0.474	0.260	0.090	0.094	0.095	0.221	0.211	0.225	0.094	0.238	0.234	0.093	0.093	0.095	0.091	0.093	0.234	0.096	0.094	0.095	0.214	0.099	0.233	0.124	0.099	0.235	0.092	0.093	0.092	0.094	0.092	0.092	0.092	0.092	0.094	0.094	0.093	0.092	0.090
33:00:37	20.3	0.092	0.091	0.094	0.095	0.093	0.091	0.091	0.091	0.092	0.093	0.091	0.093	0.090	0.092	0.211	0.219	0.221	0.213	0.099	0.252	0.094	0.262	0.095	0.092	0.091	0.223	0.099	0.209	0.094	0.098	0.094	0.256	0.235	0.095	0.266	0.092	0.091	0.223	0.222	0.092	0.215	0.228	0.260	0.264	0.096	0.116	0.100	0.092	0.093	0.221	0.099	0.227	0.094	0.094	0.263	0.093	0.182	0.479	0.269	0.090	0.094	0.095	0.229	0.218	0.232	0.095	0.247	0.245	0.093	0.092	0.095	0.091	0.093	0.241	0.096	0.094	0.095	0.220	0.100	0.242	0.135	0.101	0.245	0.092	0.092	0.092	0.093	0.091	0.092	0.092	0.092	0.094	0.094	0.093	0.093	0.090
34:00:38	20.2	0.093	0.091	0.094	0.096	0.092	0.092	0.091	0.091	0.092	0.093	0.091	0.093	0.090	0.092	0.218	0.226	0.230	0.222	0.100	0.265	0.094	0.276	0.096	0.093	0.091	0.233	0.101	0.217	0.094	0.099	0.094	0.271	0.251	0.095	0.274	0.092	0.091	0.232	0.230	0.092	0.225	0.238	0.273	0.275	0.096	0.125	0.101	0.092	0.093	0.229	0.099	0.234	0.094	0.094	0.274	0.093	0.203	0.484	0.279	0.090	0.094	0.096	0.237	0.225	0.239	0.095	0.256	0.258	0.093	0.093	0.095	0.092	0.093	0.247	0.096	0.094	0.095	0.228	0.102	0.252	0.150	0.103	0.255	0.092	0.092	0.092	0.093	0.092	0.092	0.091	0.092	0.094	0.094	0.093	0.092	0.090
35:00:39	20.2	0.093	0.091	0.094	0.096	0.093	0.092	0.091	0.091	0.092	0.093	0.091	0.093	0.091	0.092	0.228	0.236	0.245	0.234	0.101	0.282	0.094	0.288	0.096	0.093	0.090	0.245	0.102	0.232	0.094	0.099	0.094	0.286	0.263	0.095	0.285	0.092	0.091	0.244	0.242	0.092	0.237	0.250	0.283	0.286	0.097	0.137	0.103	0.092	0.093	0.238	0.100	0.242	0.094	0.095	0.285	0.093	0.222	0.493	0.287	0.090	0.094	0.096	0.244	0.232	0.246	0.095	0.264	0.268	0.093	0.093	0.095	0.091	0.093	0.256	0.096	0.094	0.095	0.234	0.104	0.261	0.166	0.108	0.265	0.092	0.093	0.092	0.093	0.092	0.092	0.092	0.092	0.094	0.094	0.093	0.093	0.090
36:00:41	20.1	0.093	0.091	0.094	0.096	0.093	0.092	0.091	0.091	0.092	0.094	0.091	0.093	0.091	0.093	0.237	0.244	0.256	0.245	0.103	0.292	0.094	0.299	0.096	0.093	0.091	0.261	0.105	0.242	0.094	0.101	0.094	0.296	0.277	0.095	0.292	0.092	0.091	0.257	0.254	0.092	0.246	0.260	0.292	0.295	0.098	0.155	0.105	0.092	0.093	0.247	0.101	0.250	0.094	0.094	0.289	0.093	0.236	0.501	0.292	0.090	0.094	0.097	0.249	0.238	0.252	0.096	0.272	0.275	0.093	0.093	0.096	0.091	0.093	0.264	0.096	0.094	0.095	0.241	0.107	0.268	0.181	0.115	0.273	0.092	0.092	0.092	0.094	0.092	0.092	0.092	0.093	0.094	0.094	0.093	0.093	0.090
37:00:41	20.1	0.092	0.091	0.094	0.095	0.093	0.092	0.091	0.091	0.092	0.093	0.091	0.093	0.091	0.092	0.247	0.252	0.268	0.254	0.105	0.299	0.094	0.306	0.096	0.093	0.090	0.271	0.108	0.253	0.094	0.102	0.094	0.304	0.290	0.095	0.295	0.092	0.091	0.268	0.265	0.092	0.258	0.269	0.297	0.299	0.099	0.179	0.107	0.092	0.093	0.253	0.102	0.257	0.094	0.095	0.291	0.093	0.241	0.509	0.296	0.090	0.094	0.098	0.253	0.243	0.257	0.096	0.278	0.279	0.093	0.093	0.096	0.091	0.093	0.269	0.096	0.094	0.095	0.245	0.110	0.273	0.195	0.123	0.277	0.092	0.092	0.092	0.093	0.092	0.092	0.091	0.092	0.094	0.094	0.092	0.092	0.090
38:00:41	20.1	0.093	0.091	0.094	0.096	0.092	0.092	0.091	0.091	0.092	0.093	0.091	0.093	0.091	0.093	0.257	0.261	0.276	0.263	0.108	0.302	0.094	0.310	0.095	0.093	0.091	0.282	0.112	0.258	0.094	0.102	0.094	0.307	0.301	0.095	0.300	0.092	0.091	0.278	0.272	0.092	0.268	0.281	0.303	0.302	0.100	0.199	0.110	0.092	0.093	0.261	0.103	0.269	0.094	0.095	0.293	0.093	0.247	0.521	0.301	0.090	0.094	0.099	0.261	0.251	0.266	0.097	0.282	0.283	0.093	0.093	0.096	0.091	0.093	0.278	0.096	0.094	0.095	0.251	0.114	0.276	0.208	0.134	0.280	0.092	0.093	0.092	0.093	0.092	0.092	0.092	0.092	0.094	0.094	0.093	0.092	0.090
39:00:43	20.1	0.093	0.091	0.094	0.096	0.092	0.092	0.091	0.091	0.091	0.093	0.091	0.093	0.091	0.093	0.264	0.269	0.284	0.273	0.111	0.304	0.094	0.310	0.095	0.093	0.091	0.288	0.117	0.267	0.094	0.104	0.094	0.308	0.307	0.095	0.302	0.092	0.091	0.284	0.280	0.092	0.277	0.288	0.304	0.301	0.101	0.217	0.114	0.092	0.093	0.265	0.105	0.277	0.094	0.095	0.292	0.093	0.256	0.533	0.304	0.090	0.094	0.100	0.267	0.255	0.270	0.097	0.283	0.286	0.093	0.093	0.096	0.092	0.093	0.283	0.096	0.094	0.095	0.257	0.118	0.278	0.218	0.149	0.283	0.092	0.092	0.092	0.093	0.091	0.092	0.091	0.092	0.094	0.094	0.093	0.092	0.090
40:00:43	20.1	0.093	0.091	0.094	0.095	0.093	0.092	0.091	0.091	0.092	0.093	0.091	0.093	0.091	0.093	0.269	0.274	0.289	0.278	0.115	0.303	0.094	0.309	0.096	0.093	0.091	0.293	0.122	0.271	0.094	0.106	0.094	0.307	0.311	0.095	0.304	0.092	0.091	0.286	0.283	0.092	0.282	0.291	0.304	0.300	0.103	0.234	0.118	0.092	0.093	0.269	0.107	0.276	0.094	0.095	0.294	0.094	0.270	0.545	0.306	0.090	0.094	0.101	0.273	0.258	0.275	0.098	0.283	0.285	0.093	0.093	0.096	0.091	0.093	0.289	0.096	0.094	0.095	0.261	0.124	0.279	0.227	0.168	0.285	0.092	0.092	0.092	0.093	0.092	0.092	0.092	0.092	0.095	0.094	0.093	0.092	0.090
41:00:45	20.0	0.093	0.091	0.094	0.095	0.093	0.092	0.091	0.091	0.092	0.093	0.091	0.093	0.091	0.093	0.272	0.276	0.290	0.281	0.120	0.304	0.094	0.309	0.096	0.092	0.091	0.294	0.128	0.275	0.094	0.108	0.094	0.306	0.311	0.095	0.306	0.092	0.091	0.290	0.282	0.092	0.284	0.294	0.304	0.299	0.105	0.247	0.122	0.092	0.093	0.272	0.109	0.278	0.094	0.095	0.297	0.094	0.283	0.558	0.308	0.090	0.094	0.102	0.278	0.260	0.277	0.100	0.284	0.285	0.093	0.093	0.097	0.091	0.093	0.294	0.096	0.095	0.095	0.266	0.131	0.279	0.237	0.187	0.288	0.092	0.092	0.092	0.093	0.092	0.092	0.092	0.092	0.094	0.094	0.093	0.092	0.090
42:00:45	20.0	0.093	0.091	0.094	0.095	0.092	0.092	0.091	0.092	0.092	0.093	0.091	0.093	0.091	0.093	0.273	0.277	0.290	0.281	0.125	0.306	0.094	0.307	0.096	0.092	0.091	0.293	0.136	0.276	0.094	0.111	0.095	0.305	0.309	0.095	0.308	0.092	0.091	0.290	0.278	0.092	0.280	0.296	0.303	0.299	0.107	0.255	0.128	0.092	0.093	0.272	0.112	0.276	0.094	0.095	0.300	0.094	0.291	0.569	0.311	0.090	0.094	0.104	0.281	0.261	0.277	0.101	0.286	0.285	0.093	0.093	0.097	0.091	0.093	0.301	0.096	0.094	0.095	0.269	0.140	0.281	0.247	0.202	0.291	0.092	0.092	0.092	0.093	0.092	0.092	0.092	0.093	0.094	0.094	0.093	0.092	0.090
43:00:46	20.0	0.093	0.091	0.094	0.096	0.093	0.092	0.091	0.092	0.092	0.093	0.091	0.093	0.091	0.093	0.272	0.277	0.290	0.282	0.131	0.308	0.094	0.309	0.096	0.093	0.091	0.294	0.145	0.274	0.094	0.115	0.095	0.305	0.309	0.095	0.312	0.092	0.091	0.289	0.278	0.092	0.282	0.298	0.305	0.300	0.110	0.261	0.135	0.092	0.093	0.272	0.116	0.276	0.094	0.095	0.303	0.094	0.295	0.583	0.314	0.090	0.094	0.107	0.285	0.262	0.279	0.102	0.289	0.286	0.093	0.093	0.097	0.091	0.093	0.306	0.096	0.094	0.095	0.273	0.150	0.284	0.258	0.217	0.295	0.092	0.092	0.092	0.094	0.092	0.092	0.092	0.092	0.094	0.094	0.093	0.092	0.090
44:00:47	20.0	0.093	0.091	0.094	0.095	0.093	0.092	0.091	0.091	0.092	0.094	0.091	0.093	0.091	0.093	0.273	0.278	0.290	0.284	0.138	0.310	0.094	0.310	0.096	0.093	0.091	0.293	0.155	0.274	0.094	0.118	0.095	0.308	0.308	0.095	0.314	0.092	0.091	0.289	0.277	0.092	0.283	0.301	0.306	0.302	0.114	0.269	0.144	0.092	0.093	0.272	0.120	0.275	0.094	0.096	0.306	0.094	0.292	0.596	0.317	0.090	0.094	0.109	0.287	0.263	0.281	0.104	0.291	0.287	0.094	0.093	0.098	0.091	0.093	0.307	0.096	0.095	0.095	0.277	0.162	0.287	0.267	0.225	0.297	0.092	0.093	0.092	0.093	0.092	0.092	0.091	0.092	0.094	0.094	0.093	0.092	0.090
45:00:48	20.0	0.093	0.091	0.094	0.096	0.093	0.092	0.091	0.091	0.092	0.094	0.091	0.093	0.091	0.094	0.272	0.279	0.291	0.284	0.146	0.312	0.095	0.312	0.096	0.093	0.091	0.294	0.164	0.276	0.095	0.123	0.095	0.310	0.308	0.095	0.317	0.092	0.091	0.289	0.276	0.093	0.284	0.302	0.308	0.304	0.118	0.279	0.155	0.092	0.093	0.272	0.124	0.276	0.095	0.096	0.308	0.095	0.290	0.610	0.319	0.090	0.095	0.113	0.289	0.266	0.285	0.106	0.293	0.290	0.093	0.094	0.098	0.092	0.093	0.308	0.097	0.095	0.096	0.283	0.172	0.290	0.273	0.233	0.301	0.092	0.093	0.092	0.094	0.092	0.092	0.092	0.092	0.095	0.094	0.093	0.093	0.090
46:00:52	20.0	0.093	0.091	0.094	0.096	0.093	0.092	0.091	0.091	0.092	0.094	0.091	0.093	0.091	0.094	0.273	0.280	0.292	0.285	0.156	0.314	0.095	0.314	0.096	0.093	0.091	0.294	0.171	0.277	0.095	0.128	0.095	0.312	0.310	0.095	0.321	0.092	0.091	0.289	0.277	0.093	0.286	0.304	0.310	0.306	0.123	0.286	0.167	0.092	0.093	0.273	0.129	0.278	0.094	0.096	0.311	0.095	0.286	0.626	0.321	0.090	0.094	0.116	0.290	0.270	0.289	0.108	0.296	0.292	0.094	0.094	0.099	0.091	0.093	0.308	0.097	0.095	0.096	0.287	0.180	0.294	0.275	0.240	0.304	0.092	0.092	0.092	0.094	0.091	0.092	0.092	0.092	0.094	0.094	0.093	0.093	0.090
47:00:49	20.1	0.093	0.091	0.094	0.095	0.093	0.092	0.091	0.091	0.092	0.094	0.091	0.093	0.091	0.094	0.274	0.280	0.292	0.286	0.163	0.315	0.095	0.315	0.096	0.093	0.091	0.294	0.174	0.278	0.095	0.134	0.096	0.313	0.311	0.095	0.324	0.092	0.091	0.289	0.278	0.093	0.288	0.307	0.313	0.309	0.129	0.294	0.177	0.092	0.093	0.274	0.136	0.282	0.095	0.097	0.314	0.095	0.285	0.643	0.323	0.090	0.095	0.120	0.291	0.273	0.292	0.112	0.298	0.295	0.094	0.094	0.100	0.091	0.093	0.308	0.097	0.095	0.096	0.291	0.187	0.297	0.276	0.251	0.306	0.092	0.092	0.092	0.094	0.092	0.092	0.092	0.092	0.095	0.094	0.094	0.092	0.090
48:00:51	20.2	0.093	0.091	0.094	0.096	0.093	0.092	0.091	0.091	0.092	0.094	0.091	0.093	0.091	0.094	0.275	0.281	0.294	0.288	0.166	0.316	0.095	0.318	0.096	0.093	0.091	0.295	0.177	0.280	0.095	0.141	0.096	0.315	0.314	0.095	0.326	0.092	0.091	0.290	0.279	0.093	0.290	0.309	0.315	0.311	0.137	0.298	0.188	0.092	0.093	0.277	0.143	0.285	0.094	0.097	0.315	0.095	0.285	0.659	0.326	0.090	0.094	0.124	0.292	0.276	0.295	0.115	0.299	0.297	0.093	0.094	0.100	0.091	0.093	0.307	0.097	0.095	0.096	0.293	0.191	0.300	0.276	0.262	0.309	0.092	0.092	0.092	0.093	0.091	0.092	0.091	0.092	0.094	0.094	0.094	0.092	0.090
49:00:51	20.2	0.093	0.091	0.094	0.095	0.092	0.092	0.091	0.091	0.092	0.093	0.091	0.092	0.091	0.094	0.274	0.282	0.294	0.288	0.168	0.317	0.095	0.320	0.096	0.092	0.090	0.295	0.179	0.280	0.095	0.148	0.096	0.316	0.316	0.095	0.328	0.092	0.091	0.291	0.281	0.093	0.292	0.310	0.317	0.314	0.146	0.301	0.198	0.092	0.093	0.279	0.150	0.290	0.094	0.097	0.318	0.095	0.287	0.674	0.328	0.090	0.094	0.128	0.294	0.280	0.299	0.119	0.301	0.300	0.093	0.094	0.101	0.091	0.093	0.308	0.096	0.095	0.096	0.297	0.195	0.302	0.278	0.272	0.311	0.091	0.092	0.092	0.093	0.091	0.092	0.091	0.092	0.094	0.094	0.095	0.092	0.090
50:01:06	20.2	0.093	0.091	0.094	0.095	0.093	0.092	0.091	0.091	0.092	0.093	0.091	0.093	0.091	0.094	0.276	0.284	0.295	0.290	0.172	0.318	0.095	0.322	0.096	0.092	0.091	0.296	0.183	0.282	0.095	0.157	0.096	0.318	0.319	0.095	0.330	0.092	0.091	0.292	0.281	0.093	0.294	0.311	0.318	0.315	0.159	0.303	0.210	0.092	0.093	0.282	0.159	0.293	0.095	0.098	0.320	0.096	0.290	0.689	0.329	0.090	0.094	0.134	0.296	0.282	0.301	0.124	0.303	0.302	0.093	0.094	0.102	0.091	0.093	0.308	0.097	0.095	0.096	0.297	0.198	0.303	0.278	0.281	0.311	0.091	0.092	0.092	0.093	0.091	0.092	0.092	0.092	0.094	0.094	0.097	0.093	0.090
51:00:54	20.3	0.092	0.090	0.094	0.094	0.092	0.091	0.091	0.091	0.091	0.093	0.091	0.093	0.091	0.094	0.275	0.283	0.295	0.290	0.174	0.319	0.095	0.323	0.096	0.093	0.090	0.295	0.186	0.281	0.095	0.164	0.096	0.318	0.320	0.095	0.332	0.092	0.090	0.292	0.282	0.093	0.294	0.312	0.319	0.317	0.171	0.307	0.217	0.092	0.093	0.283	0.165	0.295	0.094	0.098	0.323	0.096	0.292	0.701	0.330	0.090	0.094	0.141	0.296	0.285	0.304	0.130	0.305	0.305	0.093	0.095	0.103	0.091	0.093	0.307	0.097	0.096	0.096	0.300	0.200	0.307	0.283	0.285	0.314	0.092	0.092	0.092	0.093	0.091	0.091	0.091	0.092	0.094	0.094	0.099	0.093	0.090
52:00:54	20.5	0.092	0.091	0.094	0.095	0.092	0.092	0.091	0.091	0.092	0.093	0.091	0.093	0.091	0.095	0.276	0.284	0.295	0.292	0.178	0.319	0.095	0.324	0.096	0.093	0.091	0.295	0.189	0.282	0.096	0.169	0.097	0.319	0.321	0.095	0.333	0.092	0.091	0.292	0.281	0.093	0.295	0.313	0.320	0.317	0.182	0.310	0.223	0.092	0.093	0.283	0.168	0.295	0.094	0.099	0.323	0.097	0.295	0.713	0.331	0.090	0.094	0.149	0.296	0.285	0.304	0.138	0.306	0.306	0.093	0.095	0.105	0.091	0.093	0.306	0.097	0.096	0.096	0.302	0.202	0.309	0.287	0.287	0.316	0.092	0.092	0.092	0.093	0.091	0.092	0.091	0.092	0.094	0.094	0.104	0.093	0.090
53:00:55	20.6	0.092	0.091	0.094	0.095	0.093	0.092	0.091	0.091	0.092	0.093	0.091	0.093	0.091	0.096	0.276	0.285	0.296	0.293	0.183	0.320	0.095	0.325	0.096	0.092	0.091	0.294	0.193	0.283	0.096	0.171	0.098	0.320	0.323	0.095	0.334	0.092	0.091	0.292	0.281	0.093	0.294	0.313	0.321	0.318	0.191	0.314	0.228	0.092	0.093	0.284	0.170	0.296	0.095	0.100	0.324	0.097	0.297	0.726	0.332	0.090	0.094	0.155	0.296	0.285	0.305	0.148	0.306	0.308	0.094	0.096	0.106	0.091	0.093	0.306	0.097	0.096	0.096	0.303	0.204	0.311	0.292	0.288	0.317	0.092	0.092	0.092	0.093	0.091	0.092	0.091	0.092	0.094	0.094	0.114	0.093	0.090
54:00:58	20.6	0.093	0.091	0.094	0.096	0.093	0.092	0.091	0.091	0.092	0.093	0.091	0.093	0.091	0.096	0.278	0.288	0.298	0.295	0.189	0.322	0.096	0.327	0.096	0.093	0.091	0.294	0.198	0.283	0.096	0.173	0.098	0.322	0.325	0.095	0.335	0.092	0.091	0.293	0.281	0.093	0.294	0.313	0.322	0.319	0.201	0.317	0.232	0.092	0.093	0.285	0.171	0.296	0.095	0.101	0.325	0.098	0.300	0.737	0.334	0.090	0.094	0.160	0.296	0.287	0.305	0.159	0.307	0.309	0.093	0.096	0.108	0.091	0.093	0.306	0.098	0.096	0.096	0.304	0.207	0.313	0.296	0.290	0.319	0.092	0.092	0.092	0.093	0.091	0.092	0.091	0.092	0.094	0.094	0.137	0.093	0.090
55:00:58	20.6	0.092	0.091	0.094	0.095	0.092	0.092	0.091	0.091	0.092	0.093	0.091	0.093	0.091	0.096	0.280	0.291	0.300	0.297	0.197	0.325	0.096	0.329	0.096	0.092	0.091	0.294	0.203	0.285	0.097	0.177	0.099	0.324	0.327	0.095	0.336	0.092	0.090	0.293	0.281	0.093	0.295	0.313	0.322	0.321	0.210	0.320	0.235	0.092	0.093	0.285	0.173	0.297	0.095	0.102	0.326	0.099	0.303	0.746	0.336	0.090	0.094	0.162	0.297	0.287	0.307	0.168	0.309	0.311	0.094	0.097	0.111	0.091	0.093	0.306	0.097	0.096	0.097	0.306	0.211	0.315	0.300	0.294	0.322	0.092	0.092	0.092	0.093	0.092	0.092	0.092	0.092	0.094	0.094	0.209	0.093	0.090
56:00:59	20.4	0.092	0.091	0.094	0.094	0.093	0.092	0.091	0.091	0.092	0.093	0.091	0.093	0.091	0.097	0.283	0.294	0.304	0.301	0.208	0.329	0.096	0.330	0.096	0.093	0.091	0.294	0.210	0.285	0.097	0.182	0.100	0.325	0.329	0.095	0.337	0.092	0.091	0.293	0.282	0.093	0.295	0.314	0.324	0.322	0.216	0.323	0.238	0.092	0.093	0.287	0.175	0.298	0.095	0.102	0.328	0.100	0.306	0.760	0.339	0.090	0.094	0.163	0.298	0.290	0.308	0.172	0.311	0.313	0.094	0.098	0.113	0.091	0.093	0.306	0.097	0.097	0.097	0.307	0.216	0.317	0.305	0.300	0.324	0.092	0.092	0.092	0.093	0.091	0.092	0.091	0.092	0.094	0.094	0.285	0.092	0.090
57:00:59	20.2	0.092	0.091	0.094	0.095	0.093	0.092	0.091	0.091	0.092	0.093	0.091	0.093	0.091	0.098	0.286	0.296	0.306	0.303	0.216	0.331	0.096	0.330	0.096	0.093	0.091	0.294	0.217	0.286	0.098	0.187	0.100	0.324	0.330	0.095	0.339	0.092	0.091	0.293	0.283	0.094	0.296	0.314	0.325	0.322	0.219	0.326	0.242	0.092	0.093	0.287	0.178	0.299	0.095	0.104	0.329	0.101	0.308	0.765	0.341	0.090	0.094	0.164	0.299	0.291	0.310	0.174	0.311	0.314	0.094	0.099	0.116	0.091	0.093	0.306	0.097	0.098	0.097	0.308	0.221	0.318	0.309	0.306	0.326	0.092	0.092	0.092	0.093	0.091	0.092	0.091	0.092	0.094	0.094	0.320	0.093	0.090
58:01:00	20.1	0.092	0.091	0.094	0.095	0.093	0.092	0.091	0.091	0.092	0.093	0.091	0.093	0.091	0.099	0.288	0.299	0.309	0.305	0.224	0.331	0.097	0.331	0.096	0.093	0.091	0.294	0.223	0.288	0.098	0.192	0.102	0.324	0.331	0.095	0.341	0.092	0.091	0.293	0.285	0.094	0.296	0.315	0.325	0.323	0.221	0.328	0.246	0.092	0.093	0.288	0.181	0.300	0.095	0.106	0.331	0.102	0.310	0.775	0.344	0.090	0.095	0.165	0.299	0.292	0.311	0.175	0.313	0.316	0.094	0.101	0.119	0.092	0.093	0.305	0.098	0.098	0.097	0.308	0.226	0.320	0.312	0.312	0.328	0.092	0.092	0.092	0.093	0.092	0.092	0.092	0.092	0.094	0.094	0.345	0.093	0.090
59:01:01	20.0	0.092	0.091	0.094	0.095	0.093	0.092	0.091	0.091	0.091	0.093	0.091	0.093	0.091	0.099	0.289	0.301	0.310	0.306	0.231	0.333	0.097	0.331	0.096	0.093	0.091	0.293	0.230	0.289	0.099	0.199	0.103	0.325	0.332	0.095	0.342	0.092	0.091	0.293	0.285	0.094	0.297	0.315	0.326	0.324	0.223	0.331	0.251	0.092	0.093	0.288	0.185	0.301	0.096	0.107	0.332	0.103	0.312	0.784	0.345	0.090	0.094	0.166	0.300	0.293	0.312	0.176	0.313	0.317	0.094	0.103	0.122	0.091	0.093	0.305	0.098	0.098	0.098	0.309	0.231	0.321	0.315	0.317	0.330	0.092	0.092	0.092	0.093	0.092	0.092	0.091	0.092	0.094	0.094	0.360	0.093	0.090
60:01:02	19.9	0.092	0.091	0.094	0.095	0.093	0.092	0.091	0.091	0.092	0.093	0.091	0.093	0.091	0.100	0.292	0.303	0.312	0.308	0.238	0.334	0.097	0.331	0.096	0.093	0.091	0.293	0.235	0.289	0.099	0.206	0.104	0.325	0.334	0.095	0.343	0.092	0.091	0.294	0.286	0.094	0.297	0.316	0.326	0.324	0.225	0.334	0.256	0.092	0.093	0.288	0.192	0.302	0.096	0.109	0.333	0.104	0.314	0.794	0.346	0.090	0.094	0.170	0.301	0.294	0.312	0.178	0.314	0.319	0.094	0.105	0.126	0.091	0.093	0.305	0.098	0.099	0.098	0.310	0.235	0.322	0.318	0.322	0.331	0.091	0.092	0.092	0.093	0.091	0.092	0.092	0.092	0.094	0.094	0.373	0.093	0.090
61:01:03	19.8	0.092	0.091	0.094	0.095	0.092	0.092	0.091	0.091	0.091	0.093	0.091	0.093	0.091	0.101	0.292	0.303	0.311	0.308	0.242	0.333	0.098	0.331	0.096	0.093	0.091	0.293	0.239	0.290	0.100	0.212	0.106	0.324	0.334	0.096	0.344	0.092	0.091	0.295	0.287	0.094	0.298	0.317	0.327	0.324	0.227	0.335	0.261	0.092	0.093	0.289	0.200	0.302	0.096	0.111	0.333	0.106	0.315	0.804	0.347	0.090	0.094	0.175	0.302	0.295	0.313	0.181	0.315	0.319	0.094	0.108	0.130	0.091	0.093	0.305	0.098	0.100	0.098	0.310	0.240	0.323	0.319	0.325	0.332	0.091	0.092	0.092	0.093	0.091	0.092	0.091	0.092	0.094	0.094	0.384	0.092	0.090
62:01:05	19.8	0.093	0.091	0.094	0.095	0.093	0.092	0.091	0.091	0.092	0.093	0.091	0.093	0.091	0.102	0.294	0.304	0.312	0.309	0.247	0.334	0.099	0.332	0.096	0.093	0.091	0.294	0.243	0.291	0.101	0.219	0.108	0.325	0.335	0.096	0.345	0.092	0.091	0.295	0.287	0.095	0.299	0.317	0.328	0.325	0.230	0.336	0.266	0.092	0.093	0.289	0.206	0.303	0.096	0.114	0.334	0.108	0.316	0.813	0.347	0.091	0.094	0.181	0.302	0.295	0.314	0.184	0.316	0.320	0.095	0.112	0.136	0.092	0.093	0.307	0.099	0.100	0.099	0.311	0.243	0.324	0.321	0.327	0.334	0.092	0.093	0.092	0.094	0.092	0.092	0.092	0.092	0.094	0.094	0.389	0.093	0.090
63:01:05	19.8	0.093	0.091	0.094	0.095	0.093	0.092	0.091	0.091	0.092	0.094	0.091	0.093	0.091	0.104	0.294	0.304	0.312	0.309	0.251	0.334	0.100	0.333	0.097	0.093	0.091	0.293	0.245	0.291	0.102	0.223	0.110	0.326	0.335	0.096	0.345	0.092	0.091	0.296	0.287	0.095	0.299	0.317	0.328	0.326	0.233	0.337	0.270	0.092	0.093	0.289	0.212	0.303	0.096	0.116	0.335	0.111	0.317	0.819	0.348	0.090	0.094	0.188	0.303	0.296	0.313	0.186	0.317	0.321	0.095	0.116	0.142	0.091	0.093	0.308	0.099	0.101	0.099	0.312	0.246	0.324	0.322	0.329	0.335	0.092	0.093	0.092	0.094	0.092	0.092	0.092	0.093	0.095	0.094	0.394	0.093	0.090
64:01:06	19.8	0.093	0.091	0.094	0.095	0.092	0.092	0.091	0.091	0.092	0.093	0.091	0.093	0.091	0.105	0.294	0.304	0.312	0.308	0.256	0.335	0.101	0.333	0.096	0.092	0.090	0.293	0.249	0.291	0.103	0.228	0.112	0.327	0.336	0.096	0.345	0.092	0.090	0.296	0.287	0.095	0.299	0.317	0.329	0.327	0.236	0.338	0.274	0.092	0.093	0.289	0.218	0.303	0.096	0.119	0.335	0.113	0.317	0.825	0.348	0.090	0.094	0.194	0.303	0.295	0.314	0.188	0.317	0.322	0.094	0.119	0.150	0.091	0.093	0.308	0.099	0.102	0.100	0.313	0.249	0.325	0.323	0.331	0.336	0.091	0.092	0.092	0.093	0.091	0.092	0.091	0.092	0.094	0.094	0.400	0.092	0.090
65:01:07	19.7	0.092	0.090	0.094	0.096	0.093	0.091	0.091	0.091	0.091	0.093	0.091	0.093	0.091	0.107	0.294	0.305	0.313	0.309	0.260	0.335	0.102	0.334	0.096	0.093	0.091	0.293	0.250	0.291	0.104	0.233	0.114	0.327	0.336	0.096	0.346	0.092	0.091	0.296	0.286	0.095	0.299	0.317	0.329	0.327	0.240	0.339	0.276	0.092	0.093	0.289	0.222	0.303	0.097	0.122	0.336	0.116	0.318	0.834	0.349	0.090	0.094	0.200	0.304	0.296	0.314	0.190	0.318	0.322	0.095	0.124	0.157	0.091	0.093	0.309	0.099	0.103	0.100	0.313	0.251	0.325	0.324	0.332	0.337	0.091	0.092	0.092	0.093	0.091	0.092	0.091	0.092	0.094	0.094	0.403	0.092	0.090
66:01:08	19.7	0.093	0.091	0.094	0.095	0.093	0.092	0.091	0.091	0.092	0.093	0.091	0.093	0.091	0.109	0.295	0.305	0.313	0.310	0.262	0.335	0.103	0.334	0.096	0.093	0.091	0.294	0.253	0.291	0.106	0.236	0.117	0.327	0.337	0.096	0.346	0.092	0.091	0.296	0.287	0.096	0.299	0.318	0.329	0.327	0.244	0.339	0.280	0.092	0.093	0.289	0.226	0.303	0.097	0.126	0.336	0.118	0.318	0.852	0.349	0.090	0.094	0.205	0.304	0.296	0.314	0.193	0.319	0.322	0.095	0.130	0.163	0.091	0.093	0.310	0.100	0.105	0.101	0.314	0.253	0.326	0.325	0.334	0.338	0.092	0.092	0.092	0.093	0.091	0.092	0.091	0.092	0.094	0.094	0.406	0.092	0.090
67:01:10	19.7	0.092	0.091	0.094	0.096	0.093	0.092	0.091	0.091	0.092	0.093	0.091	0.093	0.091	0.111	0.296	0.307	0.314	0.310	0.266	0.336	0.105	0.335	0.096	0.093	0.091	0.294	0.255	0.292	0.108	0.241	0.120	0.328	0.337	0.097	0.346	0.092	0.091	0.297	0.287	0.096	0.300	0.318	0.330	0.327	0.248	0.340	0.283	0.092	0.093	0.289	0.230	0.304	0.097	0.131	0.337	0.122	0.318	0.867	0.350	0.090	0.094	0.210	0.305	0.296	0.314	0.197	0.320	0.323	0.095	0.137	0.168	0.091	0.093	0.312	0.100	0.106	0.101	0.315	0.255	0.327	0.326	0.335	0.339	0.092	0.092	0.092	0.093	0.091	0.092	0.091	0.092	0.094	0.094	0.409	0.093	0.090
68:01:10	19.8	0.093	0.091	0.094	0.096	0.093	0.092	0.091	0.091	0.092	0.093	0.091	0.093	0.091	0.112	0.296	0.308	0.315	0.312	0.269	0.337	0.107	0.336	0.097	0.093	0.091	0.294	0.256	0.292	0.110	0.246	0.124	0.328	0.338	0.097	0.346	0.092	0.091	0.297	0.287	0.097	0.300	0.319	0.330	0.328	0.251	0.341	0.285	0.092	0.093	0.289	0.234	0.304	0.098	0.137	0.337	0.126	0.319	0.879	0.350	0.090	0.094	0.215	0.305	0.297	0.315	0.202	0.321	0.324	0.095	0.146	0.173	0.091	0.093	0.313	0.101	0.108	0.102	0.316	0.257	0.328	0.327	0.336	0.339	0.092	0.092	0.092	0.093	0.091	0.092	0.091	0.092	0.094	0.094	0.414	0.093	0.090
69:01:11	19.8	0.092	0.091	0.094	0.096	0.093	0.092	0.091	0.091	0.092	0.093	0.091	0.093	0.091	0.114	0.296	0.306	0.314	0.311	0.269	0.336	0.109	0.335	0.097	0.093	0.091	0.294	0.256	0.292	0.111	0.247	0.127	0.328	0.338	0.097	0.347	0.092	0.091	0.298	0.287	0.097	0.300	0.319	0.331	0.329	0.256	0.341	0.287	0.092	0.093	0.290	0.236	0.304	0.098	0.144	0.338	0.131	0.320	0.890	0.350	0.090	0.094	0.219	0.306	0.298	0.315	0.206	0.322	0.325	0.095	0.156	0.178	0.092	0.093	0.314	0.101	0.109	0.103	0.318	0.259	0.329	0.329	0.337	0.341	0.092	0.092	0.092	0.093	0.092	0.092	0.092	0.092	0.095	0.094	0.417	0.092	0.090
70:01:11	19.9	0.092	0.091	0.094	0.096	0.093	0.092	0.091	0.091	0.092	0.093	0.091	0.093	0.091	0.116	0.297	0.307	0.315	0.311	0.271	0.337	0.112	0.336	0.097	0.092	0.091	0.294	0.256	0.292	0.113	0.251	0.133	0.329	0.338	0.097	0.347	0.092	0.091	0.298	0.287	0.098	0.300	0.319	0.331	0.329	0.259	0.341	0.289	0.092	0.093	0.290	0.239	0.304	0.099	0.153	0.338	0.137	0.319	0.899	0.349	0.090	0.094	0.223	0.307	0.298	0.315	0.210	0.322	0.325	0.096	0.165	0.184	0.091	0.093	0.315	0.101	0.111	0.105	0.318	0.260	0.329	0.329	0.338	0.341	0.092	0.092	0.092	0.093	0.091	0.092	0.091	0.092	0.094	0.093	0.422	0.092	0.090
71:01:12	20.0	0.092	0.091	0.094	0.096	0.092	0.091	0.091	0.091	0.092	0.093	0.091	0.093	0.091	0.118	0.296	0.307	0.314	0.310	0.271	0.335	0.115	0.336	0.097	0.093	0.091	0.294	0.256	0.292	0.115	0.253	0.137	0.328	0.338	0.097	0.347	0.092	0.091	0.299	0.287	0.098	0.300	0.319	0.331	0.329	0.262	0.341	0.291	0.092	0.093	0.291	0.241	0.305	0.099	0.159	0.339	0.145	0.320	0.908	0.348	0.090	0.094	0.226	0.308	0.298	0.316	0.215	0.324	0.326	0.096	0.171	0.189	0.092	0.093	0.316	0.102	0.114	0.106	0.319	0.261	0.330	0.331	0.340	0.342	0.091	0.092	0.092	0.093	0.091	0.092	0.092	0.092	0.094	0.094	0.424	0.092	0.090
72:01:13	20.2	0.092	0.090	0.094	0.096	0.092	0.091	0.091	0.091	0.092	0.093	0.091	0.093	0.091	0.121	0.296	0.307	0.313	0.310	0.272	0.334	0.117	0.337	0.097	0.092	0.091	0.294	0.255	0.292	0.117	0.256	0.143	0.328	0.338	0.098	0.348	0.092	0.090	0.299	0.287	0.099	0.300	0.319	0.331	0.329	0.263	0.341	0.292	0.092	0.093	0.291	0.242	0.304	0.100	0.165	0.338	0.154	0.320	0.919	0.349	0.090	0.094	0.228	0.308	0.298	0.316	0.217	0.324	0.326	0.096	0.175	0.192	0.091	0.093	0.317	0.103	0.116	0.107	0.320	0.262	0.332	0.333	0.341	0.342	0.091	0.092	0.092	0.093	0.091	0.091	0.091	0.092	0.094	0.093	0.423	0.092	0.090

