Time	T° 600	A1	A2	A3	A4	A5	A6	A7	A8	A9	A10	A11	A12	B1	B2	B3	B4	B5	B6	B7	B8	B9	B10	B11	B12	C1	C2	C3	C4	C5	C6	C7	C8	C9	C10	C11	C12	D1	D2	D3	D4	D5	D6	D7	D8	D9	D10	D11	D12	E1	E2	E3	E4	E5	E6	E7	E8	E9	E10	E11	E12	F1	F2	F3	F4	F5	F6	F7	F8	F9	F10	F11	F12	G1	G2	G3	G4	G5	G6	G7	G8	G9	G10	G11	G12	H1	H2	H3	H4	H5	H6	H7	H8	H9	H10	H11	H12
0:00:06	18.5	0.092	0.092	0.092	0.094	0.094	0.093	0.092	0.091	0.091	0.093	0.092	0.093	0.092	0.092	0.092	0.093	0.093	0.093	0.093	0.093	0.093	0.095	0.092	0.092	0.093	0.093	0.093	0.093	0.095	0.093	0.091	0.093	0.095	0.095	0.094	0.092	0.092	0.091	0.091	0.093	0.095	0.091	0.092	0.095	0.094	0.096	0.093	0.092	0.094	0.094	0.092	0.096	0.096	0.091	0.091	0.092	0.092	0.093	0.093	0.091	0.094	0.093	0.095	0.095	0.095	0.091	0.094	0.093	0.091	0.091	0.091	0.089	0.091	0.093	0.094	0.094	0.095	0.092	0.093	0.095	0.094	0.094	0.093	0.091	0.095	0.093	0.095	0.093	0.093	0.092	0.093	0.093	0.091	0.093	0.092	0.091
1:00:05	18.9	0.092	0.092	0.092	0.095	0.094	0.093	0.092	0.092	0.091	0.092	0.093	0.094	0.092	0.093	0.092	0.094	0.093	0.094	0.094	0.094	0.093	0.096	0.093	0.093	0.093	0.093	0.094	0.094	0.096	0.093	0.092	0.094	0.096	0.096	0.095	0.093	0.093	0.092	0.092	0.093	0.095	0.091	0.093	0.095	0.094	0.095	0.094	0.093	0.095	0.095	0.093	0.096	0.096	0.092	0.092	0.092	0.092	0.094	0.093	0.091	0.094	0.093	0.096	0.095	0.095	0.092	0.095	0.094	0.092	0.092	0.092	0.091	0.091	0.094	0.095	0.095	0.095	0.093	0.094	0.095	0.095	0.094	0.093	0.091	0.095	0.094	0.095	0.093	0.093	0.093	0.093	0.093	0.093	0.093	0.093	0.092
2:00:09	19.4	0.092	0.093	0.093	0.095	0.094	0.093	0.092	0.092	0.092	0.093	0.094	0.094	0.092	0.093	0.093	0.094	0.094	0.094	0.094	0.094	0.094	0.096	0.094	0.094	0.093	0.094	0.094	0.094	0.095	0.094	0.093	0.094	0.096	0.096	0.096	0.094	0.093	0.093	0.093	0.093	0.096	0.092	0.093	0.096	0.095	0.096	0.094	0.094	0.095	0.095	0.093	0.096	0.096	0.093	0.093	0.092	0.093	0.094	0.093	0.092	0.095	0.094	0.096	0.096	0.095	0.093	0.095	0.095	0.092	0.092	0.093	0.091	0.092	0.094	0.095	0.094	0.095	0.094	0.094	0.096	0.095	0.094	0.093	0.091	0.095	0.094	0.095	0.093	0.093	0.092	0.093	0.093	0.093	0.093	0.093	0.092
3:00:08	19.7	0.092	0.093	0.093	0.095	0.094	0.093	0.092	0.092	0.092	0.093	0.094	0.094	0.092	0.093	0.093	0.094	0.094	0.094	0.094	0.094	0.094	0.097	0.094	0.094	0.093	0.094	0.094	0.094	0.095	0.094	0.093	0.094	0.097	0.097	0.096	0.094	0.093	0.093	0.093	0.093	0.096	0.092	0.093	0.096	0.095	0.096	0.094	0.094	0.095	0.095	0.093	0.096	0.096	0.093	0.093	0.092	0.093	0.094	0.094	0.092	0.095	0.094	0.097	0.096	0.095	0.093	0.095	0.095	0.093	0.093	0.093	0.091	0.092	0.094	0.095	0.094	0.095	0.094	0.094	0.096	0.096	0.094	0.093	0.091	0.096	0.094	0.095	0.093	0.093	0.093	0.093	0.093	0.093	0.093	0.093	0.092
4:00:09	19.9	0.092	0.093	0.093	0.095	0.094	0.093	0.092	0.092	0.092	0.093	0.094	0.095	0.093	0.094	0.093	0.094	0.095	0.095	0.094	0.095	0.094	0.097	0.094	0.094	0.093	0.094	0.094	0.094	0.096	0.094	0.094	0.095	0.097	0.097	0.097	0.094	0.093	0.093	0.093	0.094	0.096	0.093	0.093	0.096	0.095	0.096	0.094	0.094	0.096	0.096	0.093	0.096	0.096	0.093	0.093	0.093	0.094	0.094	0.094	0.092	0.095	0.095	0.097	0.096	0.096	0.094	0.096	0.096	0.093	0.093	0.094	0.091	0.092	0.095	0.096	0.095	0.095	0.094	0.095	0.096	0.096	0.095	0.094	0.092	0.095	0.094	0.095	0.093	0.093	0.093	0.093	0.093	0.094	0.093	0.093	0.092
5:00:08	20.0	0.092	0.093	0.093	0.095	0.094	0.093	0.092	0.092	0.092	0.093	0.094	0.094	0.092	0.094	0.093	0.094	0.095	0.095	0.094	0.095	0.094	0.097	0.095	0.095	0.093	0.094	0.094	0.094	0.096	0.094	0.094	0.095	0.097	0.097	0.097	0.094	0.093	0.094	0.093	0.094	0.096	0.093	0.093	0.096	0.095	0.096	0.094	0.094	0.095	0.096	0.093	0.096	0.096	0.093	0.093	0.092	0.094	0.094	0.094	0.092	0.095	0.094	0.097	0.096	0.095	0.094	0.096	0.096	0.093	0.093	0.094	0.091	0.092	0.095	0.096	0.095	0.095	0.094	0.094	0.096	0.096	0.095	0.094	0.092	0.095	0.094	0.095	0.093	0.092	0.093	0.093	0.093	0.094	0.093	0.093	0.092
6:00:10	20.0	0.092	0.093	0.093	0.095	0.094	0.093	0.092	0.092	0.092	0.093	0.094	0.094	0.092	0.094	0.093	0.095	0.095	0.095	0.095	0.095	0.094	0.097	0.095	0.094	0.093	0.094	0.095	0.095	0.096	0.095	0.094	0.095	0.097	0.098	0.097	0.094	0.093	0.094	0.093	0.094	0.096	0.094	0.093	0.096	0.095	0.096	0.095	0.094	0.095	0.096	0.093	0.096	0.096	0.094	0.094	0.093	0.094	0.094	0.094	0.092	0.095	0.095	0.097	0.096	0.096	0.094	0.096	0.096	0.093	0.094	0.094	0.092	0.092	0.095	0.096	0.095	0.095	0.095	0.094	0.096	0.097	0.095	0.094	0.092	0.096	0.094	0.095	0.093	0.092	0.093	0.093	0.094	0.094	0.093	0.093	0.092
7:00:11	19.9	0.092	0.093	0.093	0.095	0.094	0.093	0.092	0.092	0.092	0.093	0.094	0.094	0.092	0.094	0.093	0.094	0.095	0.095	0.095	0.095	0.094	0.097	0.095	0.094	0.093	0.094	0.095	0.094	0.096	0.095	0.094	0.095	0.098	0.097	0.097	0.094	0.093	0.094	0.093	0.094	0.096	0.093	0.093	0.096	0.095	0.096	0.095	0.094	0.095	0.096	0.093	0.096	0.096	0.094	0.094	0.093	0.094	0.094	0.094	0.092	0.095	0.095	0.097	0.096	0.096	0.094	0.096	0.096	0.094	0.094	0.094	0.092	0.092	0.095	0.096	0.095	0.095	0.095	0.095	0.096	0.096	0.095	0.094	0.092	0.095	0.094	0.095	0.093	0.093	0.092	0.093	0.093	0.094	0.093	0.093	0.093
8:00:15	19.8	0.092	0.093	0.093	0.095	0.094	0.093	0.092	0.092	0.092	0.093	0.094	0.094	0.092	0.094	0.094	0.095	0.095	0.095	0.095	0.095	0.094	0.097	0.095	0.094	0.093	0.094	0.094	0.095	0.096	0.095	0.094	0.095	0.097	0.098	0.097	0.095	0.093	0.094	0.093	0.094	0.096	0.094	0.093	0.096	0.095	0.097	0.095	0.094	0.095	0.096	0.093	0.096	0.096	0.094	0.093	0.093	0.094	0.094	0.094	0.092	0.095	0.095	0.097	0.096	0.096	0.094	0.096	0.096	0.094	0.094	0.094	0.092	0.092	0.095	0.096	0.095	0.095	0.095	0.095	0.096	0.097	0.095	0.094	0.092	0.095	0.094	0.095	0.093	0.092	0.092	0.093	0.093	0.094	0.093	0.093	0.092
9:00:12	19.8	0.092	0.093	0.093	0.095	0.094	0.093	0.093	0.092	0.092	0.093	0.094	0.095	0.092	0.094	0.094	0.095	0.095	0.096	0.095	0.095	0.095	0.098	0.095	0.095	0.093	0.094	0.095	0.095	0.096	0.095	0.095	0.095	0.098	0.098	0.098	0.095	0.093	0.094	0.094	0.094	0.097	0.094	0.093	0.096	0.095	0.097	0.095	0.094	0.095	0.096	0.094	0.097	0.097	0.094	0.094	0.093	0.094	0.095	0.094	0.092	0.095	0.095	0.098	0.096	0.096	0.094	0.097	0.096	0.094	0.094	0.095	0.092	0.092	0.096	0.096	0.095	0.095	0.095	0.095	0.096	0.097	0.095	0.094	0.092	0.095	0.094	0.095	0.093	0.093	0.093	0.093	0.093	0.094	0.094	0.093	0.092
10:00:14	19.7	0.092	0.093	0.093	0.095	0.094	0.093	0.092	0.092	0.092	0.093	0.094	0.095	0.092	0.094	0.094	0.095	0.095	0.096	0.095	0.096	0.095	0.098	0.096	0.095	0.093	0.095	0.095	0.095	0.096	0.095	0.095	0.096	0.098	0.098	0.098	0.095	0.093	0.094	0.094	0.094	0.097	0.094	0.094	0.096	0.095	0.097	0.095	0.095	0.095	0.097	0.094	0.097	0.097	0.094	0.094	0.093	0.094	0.095	0.095	0.092	0.095	0.095	0.097	0.097	0.096	0.095	0.097	0.097	0.094	0.094	0.095	0.092	0.093	0.096	0.096	0.096	0.096	0.096	0.095	0.096	0.097	0.095	0.095	0.092	0.095	0.094	0.095	0.093	0.093	0.093	0.094	0.094	0.094	0.093	0.094	0.093
11:00:15	19.7	0.092	0.093	0.093	0.095	0.094	0.093	0.092	0.092	0.092	0.093	0.094	0.095	0.092	0.094	0.094	0.095	0.095	0.096	0.095	0.096	0.095	0.098	0.096	0.095	0.092	0.094	0.095	0.095	0.096	0.095	0.094	0.095	0.098	0.099	0.098	0.095	0.093	0.094	0.094	0.094	0.097	0.094	0.093	0.096	0.095	0.097	0.095	0.094	0.095	0.096	0.094	0.097	0.097	0.094	0.094	0.093	0.094	0.095	0.095	0.092	0.095	0.095	0.098	0.097	0.096	0.095	0.097	0.096	0.094	0.095	0.095	0.092	0.093	0.096	0.096	0.096	0.095	0.095	0.095	0.096	0.098	0.095	0.094	0.092	0.095	0.094	0.095	0.093	0.093	0.093	0.093	0.093	0.094	0.093	0.093	0.093
12:00:16	19.7	0.092	0.094	0.093	0.095	0.095	0.093	0.093	0.092	0.092	0.093	0.094	0.095	0.093	0.094	0.094	0.096	0.096	0.096	0.096	0.096	0.096	0.098	0.096	0.095	0.093	0.095	0.095	0.096	0.097	0.096	0.095	0.096	0.098	0.099	0.098	0.095	0.094	0.095	0.094	0.095	0.096	0.094	0.094	0.097	0.096	0.097	0.095	0.095	0.095	0.097	0.094	0.097	0.097	0.094	0.095	0.094	0.095	0.096	0.096	0.092	0.095	0.096	0.098	0.097	0.097	0.095	0.097	0.097	0.094	0.095	0.096	0.092	0.093	0.096	0.097	0.096	0.096	0.096	0.096	0.097	0.098	0.096	0.095	0.092	0.095	0.094	0.095	0.093	0.093	0.093	0.094	0.094	0.094	0.093	0.094	0.093
13:00:19	19.6	0.092	0.093	0.093	0.095	0.094	0.093	0.093	0.092	0.093	0.093	0.094	0.095	0.092	0.095	0.094	0.096	0.096	0.096	0.096	0.096	0.095	0.099	0.097	0.095	0.093	0.095	0.096	0.096	0.097	0.096	0.095	0.096	0.098	0.100	0.098	0.095	0.094	0.095	0.094	0.095	0.097	0.095	0.094	0.097	0.096	0.097	0.095	0.095	0.095	0.097	0.094	0.097	0.097	0.094	0.095	0.094	0.094	0.096	0.096	0.092	0.095	0.096	0.098	0.098	0.097	0.096	0.097	0.097	0.095	0.096	0.096	0.092	0.092	0.096	0.097	0.096	0.096	0.096	0.096	0.097	0.099	0.096	0.095	0.092	0.095	0.095	0.095	0.093	0.093	0.093	0.094	0.094	0.094	0.094	0.094	0.093
14:00:18	19.6	0.092	0.093	0.093	0.095	0.095	0.094	0.093	0.092	0.093	0.093	0.095	0.095	0.093	0.095	0.095	0.097	0.096	0.097	0.096	0.096	0.096	0.100	0.097	0.095	0.093	0.095	0.096	0.096	0.097	0.097	0.095	0.096	0.098	0.100	0.098	0.095	0.094	0.095	0.095	0.096	0.097	0.095	0.095	0.097	0.096	0.097	0.095	0.095	0.095	0.098	0.095	0.097	0.097	0.095	0.095	0.094	0.095	0.097	0.096	0.093	0.095	0.096	0.098	0.098	0.098	0.096	0.098	0.097	0.095	0.097	0.097	0.092	0.093	0.097	0.097	0.097	0.097	0.096	0.096	0.097	0.099	0.096	0.095	0.092	0.095	0.095	0.095	0.093	0.093	0.093	0.094	0.094	0.094	0.093	0.094	0.093
15:00:18	19.5	0.092	0.093	0.092	0.095	0.094	0.093	0.092	0.092	0.092	0.093	0.094	0.094	0.092	0.095	0.095	0.097	0.095	0.096	0.095	0.096	0.096	0.100	0.097	0.095	0.093	0.095	0.096	0.097	0.097	0.097	0.095	0.096	0.098	0.100	0.100	0.095	0.093	0.095	0.094	0.096	0.097	0.094	0.094	0.097	0.096	0.097	0.095	0.094	0.095	0.097	0.094	0.097	0.097	0.094	0.095	0.094	0.094	0.097	0.096	0.092	0.095	0.096	0.098	0.098	0.098	0.097	0.097	0.097	0.094	0.097	0.097	0.092	0.093	0.096	0.097	0.097	0.097	0.096	0.096	0.097	0.100	0.096	0.095	0.092	0.095	0.094	0.095	0.093	0.092	0.092	0.093	0.093	0.094	0.093	0.093	0.092
16:00:19	19.4	0.092	0.093	0.093	0.095	0.094	0.093	0.093	0.092	0.092	0.093	0.094	0.095	0.092	0.095	0.095	0.098	0.096	0.096	0.096	0.097	0.096	0.101	0.098	0.095	0.093	0.095	0.096	0.098	0.098	0.098	0.095	0.097	0.098	0.101	0.099	0.095	0.094	0.096	0.095	0.097	0.096	0.095	0.095	0.098	0.096	0.097	0.096	0.095	0.095	0.098	0.095	0.097	0.097	0.095	0.095	0.094	0.095	0.098	0.097	0.092	0.095	0.097	0.098	0.099	0.099	0.098	0.098	0.097	0.095	0.098	0.098	0.092	0.093	0.096	0.097	0.098	0.097	0.096	0.096	0.097	0.101	0.096	0.095	0.092	0.095	0.094	0.095	0.093	0.093	0.093	0.094	0.093	0.094	0.093	0.094	0.093
17:00:20	19.4	0.092	0.093	0.093	0.095	0.095	0.093	0.093	0.092	0.093	0.093	0.094	0.095	0.092	0.096	0.096	0.099	0.096	0.096	0.096	0.097	0.097	0.102	0.099	0.095	0.093	0.095	0.097	0.098	0.099	0.099	0.095	0.098	0.098	0.102	0.099	0.095	0.094	0.096	0.095	0.097	0.096	0.095	0.096	0.098	0.097	0.097	0.096	0.095	0.095	0.099	0.095	0.098	0.098	0.094	0.096	0.095	0.095	0.099	0.098	0.092	0.095	0.097	0.099	0.100	0.099	0.099	0.099	0.097	0.095	0.099	0.099	0.092	0.093	0.097	0.097	0.099	0.098	0.096	0.097	0.098	0.101	0.096	0.095	0.092	0.095	0.094	0.095	0.093	0.092	0.093	0.094	0.094	0.094	0.093	0.094	0.093
18:00:21	19.3	0.092	0.093	0.093	0.095	0.094	0.093	0.093	0.092	0.093	0.093	0.094	0.095	0.092	0.096	0.096	0.099	0.096	0.097	0.096	0.097	0.097	0.103	0.100	0.095	0.093	0.095	0.097	0.099	0.099	0.100	0.095	0.098	0.098	0.103	0.099	0.095	0.093	0.097	0.095	0.098	0.096	0.095	0.096	0.098	0.097	0.097	0.096	0.095	0.095	0.100	0.096	0.097	0.097	0.095	0.096	0.095	0.095	0.100	0.099	0.092	0.095	0.098	0.098	0.101	0.100	0.099	0.099	0.098	0.095	0.100	0.100	0.092	0.094	0.097	0.097	0.099	0.099	0.096	0.097	0.098	0.102	0.096	0.096	0.092	0.095	0.094	0.095	0.093	0.093	0.093	0.094	0.093	0.094	0.093	0.093	0.093
19:00:22	19.3	0.092	0.093	0.093	0.095	0.094	0.093	0.093	0.092	0.092	0.093	0.094	0.095	0.092	0.097	0.097	0.100	0.097	0.097	0.096	0.097	0.097	0.105	0.101	0.095	0.093	0.095	0.098	0.101	0.100	0.101	0.096	0.099	0.098	0.105	0.099	0.095	0.093	0.097	0.096	0.100	0.097	0.095	0.097	0.099	0.098	0.097	0.096	0.095	0.095	0.100	0.096	0.098	0.098	0.095	0.097	0.096	0.096	0.102	0.100	0.092	0.095	0.098	0.099	0.102	0.101	0.101	0.100	0.098	0.096	0.102	0.101	0.092	0.094	0.097	0.097	0.101	0.100	0.097	0.098	0.099	0.104	0.096	0.096	0.092	0.095	0.094	0.095	0.093	0.093	0.093	0.094	0.093	0.094	0.094	0.094	0.093
20:00:23	19.2	0.092	0.093	0.093	0.095	0.094	0.093	0.093	0.092	0.093	0.093	0.095	0.095	0.092	0.097	0.097	0.102	0.097	0.097	0.096	0.098	0.098	0.106	0.102	0.095	0.093	0.095	0.099	0.102	0.101	0.103	0.096	0.099	0.099	0.106	0.099	0.095	0.093	0.098	0.096	0.101	0.096	0.096	0.098	0.100	0.098	0.098	0.096	0.095	0.095	0.101	0.097	0.097	0.098	0.095	0.098	0.097	0.096	0.103	0.102	0.093	0.095	0.099	0.099	0.104	0.102	0.102	0.101	0.098	0.096	0.104	0.103	0.092	0.094	0.097	0.098	0.102	0.101	0.097	0.099	0.100	0.106	0.096	0.096	0.092	0.095	0.094	0.095	0.093	0.093	0.093	0.094	0.093	0.094	0.094	0.094	0.093
21:00:25	19.2	0.092	0.093	0.093	0.095	0.094	0.093	0.093	0.092	0.092	0.093	0.095	0.095	0.092	0.098	0.098	0.103	0.097	0.097	0.096	0.098	0.098	0.108	0.104	0.095	0.093	0.095	0.099	0.104	0.102	0.104	0.095	0.100	0.098	0.108	0.099	0.095	0.093	0.099	0.096	0.102	0.097	0.096	0.099	0.101	0.098	0.098	0.096	0.095	0.095	0.102	0.098	0.098	0.097	0.095	0.098	0.097	0.096	0.105	0.103	0.093	0.095	0.100	0.099	0.105	0.104	0.104	0.102	0.098	0.097	0.106	0.104	0.092	0.094	0.097	0.098	0.103	0.102	0.097	0.099	0.101	0.108	0.096	0.096	0.092	0.095	0.094	0.095	0.093	0.093	0.093	0.094	0.093	0.094	0.093	0.093	0.093
22:00:25	19.3	0.092	0.093	0.093	0.095	0.095	0.094	0.093	0.092	0.093	0.093	0.095	0.095	0.093	0.099	0.099	0.105	0.097	0.098	0.096	0.098	0.099	0.111	0.106	0.095	0.093	0.096	0.100	0.106	0.104	0.107	0.096	0.102	0.099	0.110	0.099	0.095	0.094	0.100	0.097	0.105	0.097	0.096	0.100	0.102	0.099	0.098	0.096	0.095	0.096	0.104	0.098	0.098	0.098	0.095	0.100	0.099	0.096	0.108	0.106	0.093	0.095	0.101	0.099	0.108	0.106	0.107	0.103	0.099	0.097	0.108	0.107	0.092	0.094	0.097	0.098	0.105	0.103	0.097	0.100	0.102	0.110	0.097	0.097	0.092	0.095	0.095	0.095	0.093	0.093	0.093	0.094	0.094	0.094	0.093	0.094	0.093
23:00:37	19.3	0.092	0.093	0.093	0.095	0.095	0.094	0.093	0.093	0.093	0.093	0.095	0.095	0.092	0.100	0.100	0.108	0.097	0.098	0.097	0.099	0.100	0.114	0.108	0.095	0.093	0.096	0.102	0.108	0.105	0.109	0.096	0.103	0.099	0.113	0.099	0.095	0.094	0.102	0.097	0.107	0.097	0.096	0.101	0.103	0.100	0.098	0.096	0.095	0.096	0.106	0.100	0.098	0.098	0.095	0.101	0.100	0.097	0.111	0.108	0.093	0.095	0.102	0.099	0.110	0.108	0.109	0.105	0.099	0.098	0.112	0.110	0.092	0.093	0.097	0.098	0.108	0.105	0.098	0.102	0.103	0.113	0.097	0.097	0.092	0.095	0.095	0.095	0.093	0.093	0.093	0.094	0.094	0.094	0.094	0.094	0.093
24:00:26	19.2	0.092	0.093	0.093	0.095	0.094	0.093	0.093	0.092	0.093	0.093	0.095	0.095	0.092	0.101	0.101	0.110	0.097	0.098	0.097	0.098	0.101	0.117	0.111	0.095	0.093	0.095	0.103	0.111	0.107	0.112	0.095	0.105	0.099	0.116	0.100	0.095	0.093	0.103	0.097	0.109	0.097	0.096	0.103	0.104	0.101	0.097	0.096	0.095	0.095	0.107	0.101	0.098	0.098	0.095	0.102	0.101	0.097	0.113	0.111	0.092	0.095	0.104	0.099	0.112	0.110	0.112	0.106	0.098	0.098	0.115	0.112	0.092	0.092	0.097	0.098	0.110	0.107	0.098	0.103	0.105	0.116	0.096	0.097	0.092	0.095	0.095	0.095	0.093	0.093	0.093	0.094	0.093	0.094	0.093	0.094	0.093
25:00:33	19.2	0.093	0.094	0.093	0.095	0.095	0.094	0.093	0.093	0.093	0.093	0.095	0.095	0.093	0.103	0.103	0.114	0.098	0.098	0.097	0.099	0.102	0.121	0.114	0.095	0.093	0.096	0.105	0.115	0.110	0.116	0.096	0.107	0.099	0.120	0.103	0.095	0.094	0.105	0.098	0.113	0.098	0.097	0.105	0.107	0.102	0.098	0.097	0.095	0.096	0.110	0.102	0.099	0.098	0.095	0.104	0.103	0.098	0.118	0.114	0.093	0.095	0.106	0.099	0.117	0.113	0.116	0.109	0.099	0.099	0.119	0.117	0.093	0.093	0.098	0.098	0.113	0.110	0.098	0.105	0.107	0.120	0.097	0.097	0.093	0.096	0.095	0.095	0.093	0.093	0.093	0.094	0.094	0.094	0.094	0.094	0.093
26:00:28	19.3	0.092	0.094	0.093	0.095	0.095	0.093	0.093	0.092	0.093	0.093	0.095	0.095	0.092	0.105	0.105	0.117	0.098	0.098	0.096	0.099	0.103	0.124	0.118	0.095	0.093	0.096	0.107	0.119	0.112	0.119	0.096	0.109	0.099	0.123	0.101	0.095	0.093	0.107	0.098	0.116	0.099	0.097	0.107	0.109	0.103	0.098	0.097	0.095	0.095	0.113	0.104	0.098	0.098	0.095	0.106	0.105	0.098	0.121	0.117	0.093	0.095	0.108	0.099	0.120	0.116	0.119	0.111	0.099	0.099	0.123	0.120	0.092	0.093	0.098	0.098	0.117	0.113	0.099	0.106	0.109	0.123	0.097	0.098	0.092	0.095	0.094	0.095	0.093	0.093	0.093	0.094	0.094	0.094	0.093	0.094	0.093
27:00:28	19.4	0.093	0.093	0.093	0.095	0.095	0.094	0.093	0.092	0.093	0.094	0.095	0.095	0.092	0.107	0.107	0.121	0.098	0.099	0.097	0.100	0.105	0.128	0.121	0.095	0.093	0.096	0.109	0.123	0.116	0.123	0.096	0.112	0.099	0.127	0.103	0.095	0.094	0.111	0.099	0.120	0.098	0.098	0.110	0.112	0.105	0.098	0.097	0.095	0.096	0.117	0.107	0.099	0.098	0.095	0.109	0.107	0.098	0.124	0.120	0.092	0.095	0.111	0.099	0.124	0.119	0.122	0.115	0.099	0.101	0.126	0.123	0.092	0.093	0.098	0.098	0.120	0.116	0.099	0.109	0.112	0.127	0.097	0.098	0.093	0.095	0.095	0.095	0.093	0.093	0.093	0.094	0.094	0.094	0.094	0.094	0.093
28:00:31	19.6	0.092	0.094	0.093	0.095	0.094	0.093	0.093	0.092	0.093	0.093	0.094	0.095	0.092	0.110	0.110	0.125	0.098	0.099	0.097	0.100	0.108	0.131	0.124	0.095	0.093	0.096	0.113	0.127	0.119	0.126	0.096	0.115	0.099	0.130	0.102	0.095	0.093	0.114	0.100	0.123	0.098	0.097	0.114	0.114	0.107	0.098	0.097	0.095	0.095	0.121	0.109	0.099	0.098	0.095	0.111	0.110	0.099	0.128	0.124	0.093	0.095	0.114	0.099	0.127	0.123	0.125	0.118	0.099	0.101	0.129	0.126	0.092	0.093	0.098	0.098	0.124	0.119	0.099	0.112	0.115	0.129	0.097	0.098	0.092	0.095	0.094	0.095	0.093	0.093	0.093	0.094	0.093	0.094	0.094	0.094	0.093
29:00:32	19.6	0.093	0.094	0.093	0.095	0.094	0.094	0.093	0.092	0.093	0.093	0.095	0.095	0.092	0.113	0.113	0.129	0.099	0.099	0.097	0.101	0.110	0.135	0.128	0.095	0.093	0.096	0.116	0.131	0.122	0.130	0.096	0.119	0.100	0.133	0.103	0.095	0.094	0.118	0.101	0.127	0.100	0.098	0.117	0.118	0.110	0.098	0.097	0.095	0.095	0.126	0.112	0.099	0.098	0.095	0.115	0.113	0.100	0.131	0.127	0.093	0.095	0.118	0.100	0.131	0.126	0.129	0.121	0.100	0.103	0.132	0.130	0.092	0.093	0.098	0.098	0.128	0.123	0.100	0.115	0.119	0.132	0.097	0.099	0.093	0.096	0.095	0.095	0.093	0.093	0.093	0.094	0.094	0.094	0.094	0.094	0.093
30:00:33	19.6	0.093	0.093	0.093	0.095	0.094	0.094	0.093	0.092	0.093	0.094	0.095	0.095	0.092	0.117	0.116	0.133	0.099	0.100	0.097	0.101	0.113	0.137	0.131	0.095	0.093	0.096	0.120	0.135	0.125	0.133	0.096	0.122	0.099	0.135	0.103	0.095	0.094	0.122	0.101	0.130	0.099	0.098	0.121	0.121	0.113	0.098	0.097	0.095	0.096	0.131	0.115	0.100	0.098	0.095	0.117	0.116	0.100	0.134	0.130	0.093	0.095	0.122	0.099	0.134	0.129	0.131	0.124	0.100	0.104	0.134	0.133	0.092	0.093	0.098	0.099	0.132	0.126	0.101	0.118	0.122	0.135	0.097	0.099	0.092	0.095	0.094	0.095	0.093	0.093	0.093	0.094	0.094	0.094	0.093	0.094	0.093
31:00:34	19.4	0.093	0.094	0.093	0.095	0.095	0.094	0.094	0.093	0.093	0.093	0.095	0.095	0.093	0.121	0.120	0.136	0.100	0.101	0.098	0.102	0.117	0.140	0.134	0.095	0.093	0.097	0.124	0.138	0.129	0.136	0.096	0.125	0.100	0.138	0.103	0.096	0.094	0.126	0.102	0.133	0.100	0.099	0.124	0.124	0.116	0.098	0.097	0.095	0.096	0.135	0.119	0.101	0.099	0.096	0.121	0.119	0.101	0.137	0.133	0.093	0.095	0.127	0.100	0.138	0.132	0.134	0.127	0.100	0.106	0.137	0.136	0.093	0.093	0.099	0.099	0.135	0.130	0.102	0.121	0.126	0.138	0.097	0.100	0.093	0.096	0.095	0.095	0.093	0.093	0.093	0.094	0.094	0.095	0.094	0.094	0.094
32:00:35	19.3	0.092	0.093	0.093	0.095	0.095	0.093	0.093	0.092	0.093	0.093	0.094	0.095	0.092	0.125	0.124	0.139	0.100	0.101	0.097	0.102	0.120	0.143	0.136	0.095	0.093	0.096	0.128	0.142	0.132	0.139	0.096	0.128	0.100	0.140	0.103	0.095	0.093	0.130	0.103	0.136	0.100	0.099	0.127	0.127	0.119	0.098	0.097	0.095	0.095	0.140	0.122	0.101	0.099	0.096	0.124	0.122	0.102	0.140	0.136	0.093	0.095	0.131	0.100	0.140	0.135	0.136	0.129	0.100	0.107	0.140	0.138	0.092	0.093	0.098	0.099	0.138	0.133	0.102	0.124	0.130	0.140	0.097	0.100	0.093	0.095	0.095	0.095	0.093	0.093	0.093	0.094	0.093	0.094	0.093	0.094	0.093
33:00:36	19.3	0.093	0.094	0.093	0.095	0.095	0.094	0.093	0.093	0.093	0.094	0.095	0.095	0.092	0.129	0.128	0.143	0.101	0.102	0.098	0.103	0.123	0.146	0.139	0.095	0.093	0.097	0.131	0.145	0.135	0.142	0.097	0.131	0.100	0.142	0.105	0.095	0.094	0.133	0.104	0.138	0.101	0.100	0.131	0.131	0.122	0.099	0.098	0.095	0.096	0.143	0.125	0.102	0.099	0.096	0.127	0.125	0.103	0.142	0.138	0.093	0.095	0.135	0.100	0.143	0.138	0.139	0.132	0.100	0.110	0.142	0.141	0.093	0.093	0.099	0.099	0.142	0.136	0.103	0.127	0.134	0.143	0.097	0.101	0.093	0.096	0.095	0.095	0.093	0.093	0.093	0.094	0.094	0.094	0.094	0.094	0.093
34:00:36	19.3	0.092	0.093	0.093	0.095	0.095	0.094	0.093	0.093	0.093	0.093	0.095	0.095	0.092	0.133	0.131	0.146	0.102	0.103	0.098	0.103	0.125	0.148	0.141	0.095	0.093	0.097	0.135	0.148	0.138	0.144	0.097	0.134	0.100	0.145	0.104	0.095	0.094	0.137	0.104	0.141	0.102	0.101	0.133	0.133	0.125	0.099	0.098	0.095	0.096	0.147	0.128	0.102	0.099	0.096	0.129	0.128	0.104	0.145	0.140	0.093	0.095	0.138	0.100	0.146	0.140	0.141	0.135	0.100	0.112	0.144	0.143	0.092	0.093	0.099	0.099	0.144	0.139	0.105	0.129	0.137	0.145	0.097	0.102	0.093	0.096	0.095	0.095	0.093	0.093	0.093	0.094	0.094	0.094	0.094	0.094	0.093
35:00:39	19.3	0.092	0.094	0.093	0.095	0.094	0.093	0.093	0.092	0.093	0.093	0.095	0.095	0.092	0.137	0.135	0.149	0.103	0.104	0.098	0.104	0.129	0.150	0.144	0.095	0.093	0.097	0.138	0.151	0.140	0.147	0.096	0.136	0.100	0.147	0.104	0.095	0.094	0.140	0.105	0.143	0.103	0.102	0.136	0.136	0.128	0.099	0.098	0.095	0.096	0.150	0.131	0.103	0.099	0.096	0.132	0.130	0.105	0.147	0.143	0.093	0.095	0.142	0.100	0.148	0.143	0.144	0.137	0.101	0.114	0.146	0.146	0.092	0.093	0.099	0.099	0.147	0.142	0.106	0.132	0.141	0.147	0.097	0.103	0.093	0.095	0.095	0.095	0.093	0.093	0.093	0.094	0.094	0.094	0.094	0.094	0.093
36:00:39	19.4	0.092	0.093	0.093	0.095	0.095	0.094	0.093	0.092	0.093	0.093	0.095	0.095	0.092	0.141	0.138	0.152	0.104	0.105	0.098	0.104	0.131	0.153	0.147	0.095	0.093	0.097	0.141	0.154	0.143	0.150	0.097	0.138	0.100	0.149	0.104	0.095	0.094	0.143	0.106	0.146	0.104	0.103	0.139	0.138	0.131	0.099	0.098	0.095	0.096	0.153	0.134	0.105	0.099	0.096	0.134	0.133	0.106	0.150	0.145	0.093	0.095	0.145	0.101	0.151	0.146	0.146	0.139	0.101	0.116	0.148	0.148	0.092	0.093	0.099	0.099	0.150	0.145	0.107	0.134	0.143	0.149	0.097	0.103	0.093	0.095	0.094	0.095	0.093	0.093	0.093	0.094	0.094	0.094	0.093	0.094	0.093
37:00:47	19.4	0.092	0.093	0.093	0.095	0.094	0.094	0.093	0.093	0.093	0.093	0.095	0.095	0.092	0.144	0.142	0.156	0.105	0.107	0.098	0.105	0.134	0.155	0.149	0.095	0.093	0.097	0.144	0.158	0.146	0.152	0.097	0.141	0.100	0.151	0.107	0.095	0.094	0.146	0.107	0.148	0.105	0.104	0.141	0.141	0.134	0.099	0.098	0.095	0.095	0.157	0.137	0.106	0.099	0.095	0.137	0.135	0.107	0.152	0.148	0.093	0.095	0.148	0.100	0.153	0.148	0.148	0.142	0.101	0.118	0.151	0.150	0.092	0.093	0.100	0.099	0.153	0.148	0.110	0.137	0.147	0.152	0.097	0.105	0.093	0.095	0.094	0.095	0.093	0.093	0.093	0.094	0.094	0.094	0.094	0.094	0.093
38:00:39	19.3	0.092	0.094	0.093	0.095	0.095	0.094	0.093	0.093	0.093	0.094	0.095	0.095	0.093	0.148	0.145	0.159	0.107	0.108	0.098	0.106	0.137	0.158	0.152	0.096	0.093	0.097	0.147	0.161	0.148	0.155	0.097	0.143	0.100	0.153	0.107	0.095	0.094	0.149	0.108	0.151	0.107	0.106	0.144	0.144	0.137	0.099	0.098	0.095	0.096	0.160	0.139	0.107	0.099	0.096	0.139	0.138	0.108	0.155	0.151	0.093	0.095	0.151	0.101	0.156	0.151	0.151	0.144	0.102	0.120	0.153	0.153	0.093	0.093	0.100	0.100	0.156	0.151	0.112	0.139	0.150	0.154	0.097	0.107	0.093	0.096	0.095	0.095	0.093	0.093	0.093	0.094	0.094	0.095	0.094	0.094	0.093
39:00:40	19.3	0.093	0.094	0.093	0.095	0.095	0.094	0.093	0.093	0.093	0.093	0.095	0.095	0.092	0.152	0.148	0.162	0.109	0.111	0.098	0.106	0.139	0.160	0.155	0.095	0.093	0.097	0.151	0.164	0.151	0.158	0.097	0.146	0.100	0.156	0.108	0.096	0.094	0.152	0.108	0.153	0.108	0.108	0.147	0.146	0.139	0.099	0.098	0.095	0.096	0.163	0.142	0.109	0.099	0.096	0.141	0.140	0.109	0.157	0.153	0.093	0.095	0.155	0.101	0.159	0.154	0.153	0.146	0.102	0.121	0.155	0.156	0.092	0.093	0.100	0.100	0.159	0.154	0.115	0.141	0.153	0.157	0.098	0.109	0.093	0.096	0.095	0.096	0.093	0.093	0.093	0.094	0.094	0.095	0.094	0.094	0.093
40:00:42	19.3	0.093	0.093	0.093	0.095	0.094	0.094	0.093	0.092	0.093	0.093	0.095	0.095	0.092	0.156	0.151	0.165	0.111	0.113	0.098	0.107	0.141	0.163	0.157	0.096	0.093	0.098	0.154	0.167	0.154	0.161	0.097	0.148	0.100	0.158	0.110	0.095	0.094	0.155	0.109	0.156	0.111	0.110	0.149	0.148	0.142	0.099	0.098	0.095	0.096	0.166	0.145	0.111	0.099	0.096	0.143	0.142	0.110	0.159	0.155	0.093	0.095	0.158	0.102	0.162	0.157	0.156	0.148	0.102	0.123	0.157	0.158	0.092	0.093	0.100	0.100	0.162	0.157	0.117	0.144	0.156	0.159	0.097	0.111	0.093	0.095	0.095	0.095	0.093	0.093	0.093	0.094	0.094	0.095	0.094	0.094	0.093
41:00:43	19.2	0.092	0.094	0.093	0.095	0.095	0.094	0.093	0.092	0.093	0.093	0.095	0.095	0.092	0.159	0.155	0.169	0.114	0.116	0.098	0.107	0.144	0.165	0.160	0.095	0.093	0.098	0.156	0.170	0.157	0.163	0.097	0.150	0.100	0.160	0.111	0.095	0.094	0.158	0.109	0.159	0.113	0.113	0.152	0.150	0.144	0.099	0.098	0.095	0.096	0.169	0.147	0.113	0.099	0.096	0.145	0.145	0.111	0.161	0.158	0.093	0.095	0.161	0.102	0.164	0.159	0.158	0.151	0.103	0.125	0.160	0.161	0.092	0.093	0.101	0.099	0.166	0.160	0.121	0.146	0.159	0.161	0.098	0.113	0.093	0.095	0.095	0.095	0.093	0.093	0.093	0.094	0.094	0.095	0.094	0.094	0.093
42:00:44	19.2	0.092	0.093	0.093	0.095	0.094	0.094	0.093	0.093	0.093	0.093	0.095	0.095	0.092	0.163	0.158	0.172	0.117	0.119	0.098	0.107	0.146	0.168	0.163	0.095	0.093	0.098	0.159	0.173	0.159	0.166	0.097	0.152	0.100	0.162	0.113	0.095	0.094	0.161	0.110	0.161	0.116	0.116	0.155	0.153	0.146	0.099	0.098	0.095	0.096	0.172	0.150	0.116	0.099	0.096	0.148	0.148	0.112	0.164	0.161	0.093	0.095	0.165	0.102	0.167	0.162	0.160	0.153	0.103	0.126	0.162	0.163	0.092	0.093	0.101	0.100	0.168	0.163	0.125	0.148	0.162	0.164	0.097	0.116	0.093	0.095	0.095	0.095	0.093	0.093	0.093	0.094	0.094	0.095	0.094	0.094	0.093
43:00:44	19.1	0.093	0.094	0.094	0.095	0.095	0.094	0.094	0.093	0.093	0.094	0.095	0.095	0.093	0.167	0.161	0.176	0.121	0.123	0.098	0.108	0.148	0.171	0.165	0.096	0.093	0.098	0.163	0.177	0.162	0.169	0.097	0.155	0.100	0.165	0.115	0.096	0.094	0.165	0.111	0.164	0.120	0.120	0.157	0.156	0.149	0.100	0.098	0.095	0.096	0.175	0.153	0.119	0.100	0.096	0.150	0.151	0.113	0.167	0.164	0.093	0.095	0.168	0.103	0.171	0.165	0.163	0.156	0.104	0.127	0.165	0.166	0.093	0.093	0.102	0.100	0.172	0.167	0.130	0.151	0.165	0.167	0.098	0.119	0.093	0.096	0.095	0.096	0.094	0.093	0.093	0.094	0.094	0.095	0.094	0.095	0.093
44:00:45	19.1	0.093	0.093	0.093	0.095	0.094	0.094	0.093	0.093	0.093	0.093	0.095	0.095	0.092	0.170	0.165	0.179	0.125	0.128	0.098	0.108	0.151	0.173	0.168	0.095	0.093	0.098	0.165	0.180	0.165	0.172	0.097	0.157	0.100	0.168	0.116	0.096	0.094	0.167	0.111	0.166	0.123	0.124	0.160	0.158	0.151	0.099	0.098	0.095	0.095	0.179	0.156	0.123	0.099	0.096	0.152	0.153	0.113	0.169	0.166	0.093	0.095	0.171	0.103	0.173	0.168	0.166	0.158	0.104	0.129	0.167	0.169	0.092	0.093	0.102	0.100	0.174	0.170	0.135	0.153	0.168	0.169	0.097	0.123	0.093	0.096	0.095	0.095	0.093	0.093	0.093	0.094	0.094	0.095	0.094	0.094	0.093
45:00:47	19.1	0.092	0.093	0.093	0.095	0.094	0.094	0.093	0.093	0.093	0.093	0.095	0.095	0.092	0.173	0.168	0.182	0.130	0.132	0.098	0.109	0.153	0.176	0.171	0.096	0.093	0.099	0.168	0.183	0.167	0.174	0.097	0.160	0.100	0.170	0.120	0.096	0.094	0.171	0.112	0.169	0.127	0.128	0.162	0.161	0.154	0.099	0.098	0.095	0.096	0.182	0.158	0.128	0.099	0.096	0.155	0.155	0.114	0.172	0.169	0.093	0.095	0.175	0.103	0.176	0.170	0.168	0.161	0.105	0.130	0.169	0.172	0.093	0.093	0.103	0.100	0.178	0.173	0.139	0.156	0.171	0.172	0.098	0.128	0.093	0.095	0.095	0.095	0.093	0.093	0.093	0.094	0.094	0.094	0.094	0.094	0.093
46:00:48	19.1	0.092	0.093	0.093	0.095	0.095	0.094	0.093	0.092	0.093	0.093	0.095	0.095	0.092	0.177	0.172	0.186	0.135	0.137	0.098	0.110	0.155	0.178	0.174	0.095	0.093	0.099	0.172	0.187	0.170	0.177	0.097	0.162	0.100	0.172	0.123	0.095	0.093	0.174	0.113	0.172	0.132	0.132	0.165	0.163	0.156	0.099	0.098	0.095	0.095	0.185	0.161	0.132	0.099	0.096	0.157	0.158	0.115	0.174	0.171	0.093	0.095	0.178	0.104	0.179	0.173	0.171	0.163	0.106	0.131	0.172	0.174	0.093	0.093	0.103	0.100	0.181	0.176	0.144	0.158	0.174	0.174	0.098	0.132	0.093	0.095	0.095	0.095	0.093	0.093	0.093	0.094	0.094	0.094	0.094	0.094	0.093
47:00:49	19.1	0.093	0.093	0.093	0.095	0.094	0.094	0.093	0.093	0.093	0.093	0.095	0.095	0.092	0.181	0.174	0.189	0.139	0.142	0.099	0.110	0.158	0.181	0.177	0.095	0.093	0.100	0.175	0.190	0.173	0.180	0.097	0.165	0.100	0.175	0.127	0.095	0.094	0.177	0.113	0.175	0.135	0.136	0.168	0.166	0.159	0.100	0.098	0.095	0.096	0.189	0.164	0.136	0.099	0.096	0.159	0.161	0.115	0.177	0.174	0.093	0.095	0.181	0.105	0.182	0.176	0.173	0.166	0.107	0.132	0.174	0.177	0.093	0.093	0.105	0.100	0.184	0.179	0.148	0.161	0.177	0.177	0.098	0.137	0.093	0.095	0.095	0.095	0.093	0.093	0.093	0.094	0.094	0.095	0.094	0.094	0.093
48:00:49	19.0	0.092	0.094	0.093	0.095	0.095	0.094	0.093	0.093	0.093	0.094	0.095	0.095	0.092	0.185	0.178	0.192	0.144	0.146	0.099	0.111	0.160	0.183	0.179	0.095	0.093	0.100	0.178	0.193	0.175	0.183	0.097	0.167	0.100	0.177	0.131	0.095	0.094	0.180	0.114	0.177	0.140	0.141	0.170	0.168	0.161	0.099	0.098	0.095	0.096	0.192	0.167	0.140	0.100	0.096	0.161	0.163	0.116	0.180	0.177	0.093	0.095	0.186	0.106	0.185	0.179	0.176	0.168	0.108	0.133	0.176	0.180	0.093	0.093	0.106	0.101	0.188	0.182	0.152	0.163	0.181	0.179	0.097	0.140	0.093	0.095	0.095	0.095	0.094	0.093	0.093	0.094	0.094	0.095	0.094	0.094	0.093
49:00:58	19.1	0.093	0.094	0.093	0.095	0.095	0.094	0.093	0.092	0.093	0.094	0.095	0.095	0.092	0.189	0.181	0.195	0.148	0.150	0.098	0.112	0.162	0.186	0.182	0.095	0.093	0.101	0.181	0.196	0.178	0.186	0.097	0.170	0.101	0.179	0.135	0.095	0.094	0.184	0.115	0.180	0.144	0.145	0.173	0.171	0.163	0.100	0.098	0.095	0.095	0.196	0.170	0.144	0.100	0.096	0.164	0.166	0.116	0.182	0.179	0.093	0.095	0.189	0.106	0.188	0.181	0.178	0.170	0.109	0.134	0.179	0.182	0.093	0.093	0.107	0.100	0.190	0.185	0.157	0.166	0.184	0.182	0.098	0.145	0.093	0.095	0.095	0.095	0.093	0.093	0.093	0.094	0.094	0.095	0.094	0.094	0.093
50:00:52	19.3	0.092	0.093	0.093	0.095	0.094	0.094	0.093	0.092	0.093	0.093	0.095	0.095	0.092	0.192	0.184	0.198	0.153	0.155	0.098	0.112	0.165	0.188	0.185	0.095	0.093	0.101	0.184	0.199	0.180	0.189	0.097	0.172	0.100	0.182	0.138	0.095	0.093	0.187	0.116	0.183	0.148	0.149	0.176	0.173	0.166	0.099	0.098	0.095	0.095	0.199	0.173	0.148	0.100	0.096	0.166	0.168	0.117	0.185	0.182	0.093	0.095	0.193	0.108	0.190	0.183	0.181	0.173	0.111	0.135	0.181	0.185	0.092	0.093	0.108	0.100	0.194	0.188	0.160	0.168	0.187	0.184	0.097	0.148	0.093	0.095	0.094	0.095	0.093	0.093	0.093	0.094	0.094	0.094	0.094	0.094	0.093
51:00:52	19.5	0.092	0.093	0.093	0.095	0.094	0.094	0.093	0.092	0.093	0.093	0.095	0.095	0.092	0.196	0.189	0.201	0.158	0.159	0.099	0.113	0.168	0.191	0.188	0.095	0.093	0.102	0.187	0.202	0.183	0.192	0.097	0.174	0.101	0.184	0.142	0.095	0.093	0.191	0.117	0.185	0.152	0.153	0.179	0.176	0.168	0.100	0.098	0.095	0.096	0.203	0.175	0.152	0.100	0.096	0.169	0.171	0.118	0.187	0.184	0.093	0.095	0.196	0.110	0.193	0.187	0.184	0.176	0.113	0.136	0.183	0.187	0.092	0.093	0.110	0.101	0.197	0.191	0.164	0.171	0.191	0.187	0.098	0.153	0.093	0.096	0.095	0.095	0.093	0.093	0.093	0.094	0.094	0.095	0.094	0.094	0.093
52:00:54	19.8	0.092	0.094	0.093	0.095	0.095	0.094	0.093	0.093	0.093	0.093	0.095	0.095	0.092	0.200	0.192	0.205	0.163	0.165	0.099	0.115	0.172	0.195	0.191	0.095	0.093	0.103	0.191	0.205	0.186	0.194	0.097	0.177	0.101	0.187	0.146	0.096	0.094	0.193	0.118	0.188	0.156	0.157	0.181	0.179	0.171	0.100	0.098	0.095	0.095	0.205	0.178	0.156	0.100	0.096	0.171	0.174	0.118	0.189	0.187	0.093	0.095	0.200	0.112	0.196	0.189	0.186	0.178	0.115	0.137	0.186	0.189	0.093	0.093	0.112	0.101	0.200	0.194	0.169	0.173	0.194	0.189	0.098	0.157	0.093	0.096	0.095	0.095	0.093	0.093	0.093	0.094	0.094	0.095	0.094	0.094	0.093
53:00:56	20.0	0.093	0.094	0.093	0.095	0.095	0.094	0.093	0.093	0.093	0.094	0.095	0.095	0.092	0.204	0.196	0.209	0.168	0.170	0.099	0.116	0.175	0.197	0.194	0.096	0.093	0.105	0.194	0.208	0.189	0.197	0.097	0.180	0.101	0.190	0.148	0.096	0.094	0.197	0.119	0.191	0.159	0.161	0.184	0.181	0.174	0.100	0.099	0.095	0.096	0.209	0.181	0.161	0.100	0.096	0.174	0.177	0.118	0.192	0.189	0.093	0.095	0.203	0.114	0.199	0.192	0.188	0.180	0.118	0.139	0.188	0.192	0.093	0.093	0.115	0.101	0.203	0.197	0.173	0.176	0.198	0.192	0.098	0.162	0.093	0.095	0.095	0.095	0.094	0.093	0.093	0.094	0.094	0.095	0.094	0.094	0.093
54:00:57	19.9	0.093	0.094	0.093	0.095	0.095	0.094	0.093	0.093	0.093	0.093	0.095	0.095	0.092	0.208	0.199	0.211	0.172	0.174	0.099	0.117	0.177	0.199	0.196	0.096	0.093	0.107	0.198	0.210	0.191	0.200	0.097	0.183	0.101	0.192	0.153	0.095	0.094	0.201	0.121	0.193	0.163	0.165	0.187	0.184	0.176	0.100	0.099	0.095	0.095	0.212	0.184	0.164	0.100	0.096	0.176	0.179	0.119	0.194	0.191	0.093	0.095	0.207	0.117	0.202	0.194	0.190	0.183	0.121	0.140	0.190	0.194	0.093	0.093	0.118	0.101	0.205	0.199	0.177	0.179	0.201	0.194	0.098	0.165	0.093	0.096	0.095	0.095	0.093	0.093	0.093	0.095	0.094	0.095	0.094	0.094	0.093
55:00:58	19.7	0.093	0.093	0.093	0.095	0.094	0.094	0.093	0.092	0.093	0.093	0.095	0.095	0.092	0.212	0.203	0.214	0.176	0.178	0.099	0.119	0.179	0.201	0.198	0.096	0.093	0.108	0.201	0.213	0.193	0.203	0.097	0.185	0.101	0.194	0.156	0.095	0.094	0.204	0.122	0.195	0.167	0.169	0.189	0.186	0.179	0.100	0.099	0.095	0.095	0.216	0.188	0.168	0.100	0.096	0.179	0.181	0.120	0.196	0.193	0.093	0.095	0.211	0.120	0.205	0.196	0.192	0.185	0.125	0.141	0.192	0.197	0.092	0.093	0.121	0.101	0.208	0.202	0.181	0.182	0.204	0.196	0.098	0.168	0.093	0.095	0.094	0.095	0.094	0.093	0.093	0.094	0.094	0.095	0.094	0.094	0.093
56:00:59	19.5	0.093	0.093	0.093	0.095	0.095	0.094	0.093	0.093	0.093	0.093	0.095	0.095	0.092	0.216	0.206	0.217	0.180	0.181	0.099	0.121	0.181	0.203	0.201	0.095	0.093	0.110	0.205	0.215	0.195	0.205	0.097	0.187	0.101	0.196	0.159	0.095	0.094	0.208	0.124	0.197	0.171	0.173	0.192	0.189	0.181	0.100	0.099	0.095	0.095	0.220	0.191	0.171	0.100	0.096	0.182	0.184	0.120	0.199	0.195	0.093	0.095	0.215	0.124	0.208	0.198	0.195	0.187	0.130	0.141	0.194	0.199	0.093	0.093	0.126	0.101	0.211	0.204	0.185	0.184	0.207	0.198	0.097	0.171	0.093	0.095	0.094	0.095	0.093	0.093	0.093	0.094	0.094	0.095	0.094	0.094	0.093
57:00:59	19.4	0.092	0.094	0.093	0.095	0.095	0.094	0.093	0.093	0.093	0.093	0.095	0.095	0.092	0.219	0.209	0.220	0.185	0.185	0.099	0.123	0.184	0.204	0.203	0.095	0.093	0.113	0.208	0.218	0.198	0.207	0.097	0.190	0.101	0.198	0.163	0.095	0.094	0.211	0.126	0.200	0.174	0.176	0.194	0.191	0.184	0.101	0.099	0.095	0.095	0.223	0.193	0.174	0.100	0.096	0.184	0.186	0.120	0.201	0.197	0.093	0.095	0.218	0.128	0.210	0.201	0.197	0.190	0.135	0.142	0.196	0.201	0.093	0.093	0.131	0.101	0.213	0.206	0.188	0.186	0.210	0.200	0.098	0.174	0.093	0.095	0.095	0.095	0.093	0.093	0.093	0.094	0.094	0.095	0.094	0.094	0.093
58:01:01	19.4	0.092	0.094	0.093	0.095	0.094	0.094	0.093	0.093	0.093	0.093	0.095	0.095	0.092	0.222	0.212	0.222	0.188	0.189	0.099	0.126	0.186	0.206	0.204	0.095	0.093	0.116	0.211	0.220	0.200	0.209	0.097	0.192	0.101	0.199	0.166	0.095	0.094	0.214	0.129	0.202	0.177	0.179	0.196	0.193	0.186	0.101	0.099	0.095	0.095	0.226	0.196	0.178	0.100	0.096	0.186	0.188	0.121	0.203	0.199	0.093	0.095	0.220	0.133	0.213	0.203	0.198	0.192	0.139	0.143	0.198	0.203	0.093	0.093	0.136	0.101	0.215	0.208	0.192	0.188	0.213	0.202	0.098	0.177	0.093	0.095	0.095	0.095	0.093	0.093	0.093	0.094	0.094	0.095	0.094	0.094	0.093
59:01:02	19.4	0.093	0.094	0.093	0.095	0.095	0.094	0.093	0.093	0.093	0.094	0.095	0.095	0.093	0.225	0.216	0.226	0.192	0.193	0.099	0.130	0.189	0.207	0.206	0.096	0.093	0.120	0.213	0.223	0.202	0.212	0.097	0.194	0.101	0.201	0.169	0.096	0.094	0.217	0.132	0.204	0.180	0.183	0.198	0.195	0.189	0.101	0.099	0.095	0.095	0.228	0.198	0.181	0.100	0.096	0.188	0.190	0.121	0.205	0.201	0.093	0.095	0.223	0.138	0.215	0.205	0.200	0.194	0.144	0.144	0.199	0.204	0.093	0.093	0.141	0.101	0.217	0.210	0.196	0.190	0.215	0.203	0.098	0.180	0.093	0.095	0.095	0.095	0.093	0.093	0.093	0.094	0.094	0.095	0.094	0.094	0.094
60:01:03	19.4	0.092	0.093	0.093	0.095	0.094	0.094	0.093	0.092	0.093	0.093	0.095	0.095	0.092	0.228	0.218	0.228	0.196	0.197	0.099	0.132	0.191	0.209	0.208	0.095	0.093	0.124	0.216	0.225	0.203	0.213	0.097	0.196	0.101	0.203	0.171	0.095	0.093	0.219	0.134	0.205	0.184	0.187	0.200	0.197	0.190	0.101	0.099	0.095	0.095	0.230	0.200	0.184	0.100	0.096	0.190	0.192	0.122	0.206	0.202	0.093	0.095	0.225	0.142	0.218	0.207	0.201	0.195	0.147	0.144	0.200	0.205	0.092	0.093	0.146	0.101	0.218	0.212	0.200	0.192	0.217	0.205	0.098	0.183	0.092	0.095	0.095	0.095	0.093	0.093	0.093	0.094	0.094	0.095	0.094	0.094	0.093
61:01:03	19.4	0.093	0.093	0.093	0.095	0.094	0.094	0.093	0.092	0.093	0.094	0.095	0.095	0.092	0.230	0.220	0.231	0.200	0.201	0.099	0.136	0.193	0.210	0.209	0.095	0.093	0.129	0.218	0.228	0.205	0.215	0.097	0.198	0.101	0.204	0.174	0.095	0.093	0.221	0.138	0.206	0.187	0.191	0.202	0.199	0.193	0.101	0.099	0.095	0.095	0.232	0.202	0.189	0.100	0.096	0.191	0.194	0.122	0.208	0.203	0.093	0.095	0.227	0.147	0.220	0.209	0.203	0.197	0.151	0.145	0.202	0.207	0.093	0.093	0.151	0.101	0.220	0.214	0.203	0.194	0.220	0.206	0.098	0.186	0.093	0.095	0.095	0.095	0.093	0.093	0.093	0.094	0.094	0.095	0.094	0.094	0.093
62:01:06	19.4	0.092	0.093	0.093	0.095	0.095	0.094	0.093	0.093	0.093	0.094	0.095	0.095	0.092	0.233	0.223	0.233	0.204	0.205	0.099	0.139	0.194	0.211	0.210	0.095	0.093	0.134	0.220	0.230	0.206	0.216	0.097	0.199	0.101	0.205	0.176	0.095	0.094	0.224	0.141	0.208	0.192	0.195	0.204	0.201	0.195	0.101	0.099	0.095	0.095	0.234	0.204	0.192	0.101	0.096	0.193	0.195	0.122	0.209	0.204	0.093	0.095	0.229	0.152	0.223	0.211	0.204	0.198	0.155	0.146	0.203	0.209	0.093	0.093	0.156	0.101	0.222	0.216	0.208	0.195	0.221	0.207	0.098	0.189	0.093	0.095	0.095	0.095	0.093	0.093	0.093	0.094	0.094	0.095	0.094	0.094	0.093
63:01:06	19.4	0.092	0.093	0.093	0.095	0.094	0.094	0.093	0.092	0.093	0.093	0.095	0.095	0.092	0.235	0.225	0.236	0.209	0.210	0.099	0.143	0.196	0.212	0.212	0.095	0.093	0.140	0.222	0.232	0.208	0.218	0.097	0.201	0.101	0.206	0.179	0.095	0.094	0.226	0.144	0.209	0.195	0.199	0.205	0.202	0.196	0.102	0.099	0.095	0.096	0.236	0.206	0.196	0.101	0.096	0.195	0.197	0.123	0.210	0.205	0.092	0.095	0.232	0.156	0.225	0.213	0.205	0.200	0.158	0.147	0.203	0.210	0.093	0.093	0.161	0.101	0.223	0.217	0.212	0.197	0.223	0.208	0.097	0.191	0.093	0.095	0.095	0.095	0.093	0.093	0.093	0.094	0.094	0.095	0.094	0.094	0.093
64:01:07	19.4	0.093	0.094	0.093	0.095	0.095	0.094	0.093	0.093	0.093	0.093	0.095	0.095	0.092	0.238	0.227	0.239	0.213	0.214	0.099	0.146	0.198	0.213	0.213	0.095	0.093	0.144	0.225	0.234	0.210	0.219	0.097	0.202	0.101	0.207	0.181	0.095	0.093	0.228	0.147	0.210	0.199	0.203	0.207	0.204	0.199	0.102	0.099	0.095	0.096	0.238	0.208	0.200	0.101	0.096	0.196	0.198	0.123	0.212	0.207	0.093	0.095	0.234	0.161	0.227	0.216	0.206	0.201	0.162	0.147	0.204	0.211	0.093	0.093	0.166	0.101	0.225	0.219	0.217	0.198	0.225	0.209	0.098	0.194	0.093	0.095	0.095	0.095	0.093	0.093	0.093	0.094	0.094	0.095	0.094	0.094	0.093
65:01:08	19.4	0.092	0.093	0.093	0.095	0.094	0.094	0.093	0.093	0.093	0.093	0.095	0.095	0.092	0.240	0.229	0.242	0.217	0.218	0.099	0.150	0.199	0.214	0.214	0.095	0.093	0.149	0.227	0.237	0.211	0.220	0.097	0.203	0.101	0.209	0.183	0.095	0.094	0.230	0.151	0.212	0.202	0.207	0.208	0.205	0.200	0.102	0.099	0.095	0.095	0.240	0.210	0.204	0.100	0.096	0.198	0.200	0.124	0.213	0.208	0.093	0.094	0.236	0.165	0.230	0.217	0.207	0.202	0.165	0.148	0.205	0.212	0.092	0.093	0.171	0.101	0.226	0.220	0.221	0.200	0.226	0.210	0.098	0.196	0.093	0.095	0.095	0.095	0.093	0.093	0.093	0.094	0.094	0.095	0.094	0.094	0.093
66:01:09	19.4	0.093	0.093	0.093	0.095	0.095	0.094	0.093	0.093	0.093	0.093	0.095	0.095	0.092	0.242	0.232	0.245	0.222	0.223	0.099	0.153	0.201	0.214	0.216	0.095	0.093	0.154	0.229	0.238	0.213	0.221	0.097	0.204	0.101	0.210	0.185	0.095	0.093	0.232	0.154	0.213	0.206	0.211	0.210	0.207	0.202	0.102	0.099	0.095	0.095	0.243	0.212	0.208	0.101	0.096	0.200	0.201	0.124	0.214	0.209	0.093	0.095	0.238	0.169	0.233	0.220	0.208	0.203	0.169	0.149	0.206	0.213	0.093	0.093	0.176	0.102	0.227	0.222	0.226	0.201	0.228	0.211	0.098	0.199	0.093	0.095	0.095	0.095	0.093	0.093	0.093	0.094	0.094	0.095	0.094	0.094	0.093
67:01:10	19.4	0.092	0.094	0.093	0.095	0.095	0.094	0.093	0.093	0.093	0.093	0.095	0.095	0.092	0.244	0.234	0.247	0.226	0.227	0.099	0.156	0.203	0.215	0.217	0.096	0.093	0.159	0.231	0.242	0.214	0.223	0.097	0.206	0.102	0.211	0.189	0.096	0.094	0.234	0.158	0.214	0.210	0.216	0.212	0.208	0.204	0.102	0.099	0.095	0.096	0.245	0.213	0.212	0.101	0.096	0.201	0.202	0.125	0.215	0.210	0.093	0.095	0.240	0.174	0.235	0.223	0.209	0.205	0.172	0.149	0.207	0.215	0.093	0.093	0.181	0.102	0.229	0.223	0.231	0.203	0.230	0.212	0.098	0.202	0.093	0.095	0.095	0.095	0.093	0.093	0.093	0.094	0.094	0.095	0.095	0.094	0.093
68:01:10	19.4	0.092	0.094	0.093	0.095	0.095	0.094	0.093	0.093	0.093	0.093	0.095	0.095	0.092	0.246	0.236	0.250	0.231	0.232	0.099	0.160	0.204	0.216	0.217	0.095	0.093	0.164	0.233	0.244	0.216	0.224	0.097	0.207	0.101	0.212	0.190	0.095	0.095	0.235	0.162	0.215	0.214	0.220	0.212	0.210	0.205	0.102	0.099	0.095	0.095	0.247	0.214	0.217	0.101	0.096	0.202	0.203	0.125	0.216	0.211	0.093	0.095	0.241	0.178	0.238	0.225	0.210	0.206	0.175	0.150	0.208	0.215	0.092	0.093	0.186	0.102	0.230	0.224	0.235	0.204	0.231	0.213	0.098	0.205	0.093	0.095	0.095	0.095	0.093	0.093	0.093	0.094	0.094	0.094	0.096	0.094	0.093
69:01:10	19.5	0.092	0.093	0.093	0.095	0.095	0.094	0.093	0.093	0.093	0.093	0.095	0.095	0.092	0.248	0.237	0.253	0.234	0.236	0.100	0.163	0.205	0.217	0.219	0.096	0.093	0.168	0.234	0.247	0.217	0.225	0.097	0.208	0.101	0.213	0.192	0.095	0.094	0.237	0.165	0.217	0.219	0.224	0.214	0.211	0.207	0.103	0.099	0.095	0.095	0.248	0.216	0.220	0.101	0.096	0.204	0.205	0.125	0.217	0.211	0.093	0.095	0.243	0.181	0.241	0.228	0.211	0.206	0.179	0.151	0.209	0.217	0.092	0.093	0.191	0.102	0.231	0.226	0.240	0.205	0.232	0.214	0.098	0.207	0.093	0.095	0.095	0.095	0.093	0.093	0.093	0.094	0.094	0.095	0.096	0.094	0.093
70:01:12	19.5	0.092	0.094	0.093	0.095	0.095	0.094	0.093	0.093	0.093	0.093	0.095	0.095	0.092	0.250	0.240	0.257	0.240	0.242	0.100	0.166	0.207	0.217	0.220	0.095	0.093	0.173	0.235	0.249	0.219	0.226	0.097	0.209	0.101	0.214	0.194	0.096	0.094	0.240	0.169	0.218	0.222	0.228	0.215	0.213	0.208	0.103	0.099	0.096	0.095	0.250	0.218	0.225	0.101	0.096	0.205	0.206	0.125	0.218	0.213	0.093	0.095	0.245	0.186	0.244	0.231	0.212	0.208	0.182	0.152	0.210	0.218	0.092	0.093	0.196	0.102	0.232	0.227	0.245	0.207	0.234	0.214	0.098	0.210	0.093	0.095	0.095	0.095	0.093	0.093	0.093	0.095	0.094	0.095	0.098	0.094	0.093
71:01:14	19.4	0.093	0.094	0.093	0.095	0.095	0.094	0.093	0.093	0.093	0.093	0.095	0.095	0.092	0.251	0.241	0.261	0.244	0.246	0.100	0.170	0.207	0.218	0.221	0.096	0.093	0.178	0.237	0.253	0.220	0.227	0.097	0.210	0.102	0.215	0.196	0.095	0.094	0.241	0.173	0.219	0.227	0.234	0.216	0.215	0.210	0.103	0.099	0.096	0.095	0.252	0.219	0.229	0.101	0.096	0.206	0.207	0.126	0.218	0.214	0.093	0.095	0.247	0.190	0.247	0.234	0.212	0.209	0.184	0.153	0.211	0.218	0.093	0.093	0.201	0.102	0.233	0.228	0.251	0.208	0.235	0.215	0.098	0.213	0.093	0.095	0.095	0.095	0.093	0.093	0.093	0.094	0.094	0.095	0.097	0.094	0.093
72:01:15	19.5	0.092	0.093	0.093	0.095	0.095	0.094	0.093	0.093	0.093	0.093	0.095	0.094	0.092	0.253	0.242	0.264	0.249	0.252	0.100	0.172	0.208	0.219	0.222	0.095	0.093	0.181	0.238	0.255	0.221	0.228	0.097	0.211	0.102	0.215	0.198	0.095	0.095	0.242	0.176	0.219	0.231	0.238	0.217	0.216	0.211	0.103	0.099	0.095	0.095	0.253	0.220	0.233	0.101	0.096	0.207	0.208	0.126	0.219	0.215	0.093	0.095	0.248	0.194	0.250	0.238	0.213	0.209	0.187	0.153	0.211	0.219	0.092	0.093	0.205	0.102	0.234	0.229	0.256	0.208	0.236	0.215	0.098	0.215	0.093	0.095	0.094	0.095	0.093	0.092	0.093	0.094	0.093	0.094	0.097	0.094	0.093

