Time	T° 600	A1	A2	A3	A4	A5	A6	A7	A8	A9	A10	A11	A12	B1	B2	B3	B4	B5	B6	B7	B8	B9	B10	B11	B12	C1	C2	C3	C4	C5	C6	C7	C8	C9	C10	C11	C12	D1	D2	D3	D4	D5	D6	D7	D8	D9	D10	D11	D12	E1	E2	E3	E4	E5	E6	E7	E8	E9	E10	E11	E12	F1	F2	F3	F4	F5	F6	F7	F8	F9	F10	F11	F12	G1	G2	G3	G4	G5	G6	G7	G8	G9	G10	G11	G12	H1	H2	H3	H4	H5	H6	H7	H8	H9	H10	H11	H12
0:00:06	20.4	0.093	0.094	0.092	0.092	0.094	0.094	0.093	0.092	0.092	0.091	0.092	0.094	0.092	0.098	0.097	0.100	0.099	0.104	0.146	0.103	0.104	0.100	0.099	0.094	0.092	0.098	0.184	0.096	0.097	0.172	0.140	0.099	0.158	0.100	0.196	0.093	0.092	0.104	0.097	0.181	0.185	0.147	0.191	0.167	0.111	0.196	0.187	0.092	0.094	0.097	0.104	0.107	0.104	0.097	0.097	0.095	0.104	0.181	0.098	0.091	0.094	0.140	0.100	0.097	0.153	0.098	0.188	0.098	0.168	0.144	0.151	0.092	0.093	0.097	0.144	0.137	0.105	0.172	0.151	0.189	0.146	0.207	0.111	0.092	0.092	0.093	0.093	0.093	0.092	0.093	0.093	0.095	0.094	0.095	0.095	0.092
1:00:04	20.2	0.091	0.094	0.092	0.091	0.093	0.093	0.092	0.092	0.091	0.091	0.092	0.092	0.091	0.098	0.097	0.100	0.099	0.108	0.151	0.104	0.106	0.100	0.100	0.096	0.091	0.098	0.186	0.096	0.097	0.177	0.145	0.099	0.163	0.100	0.202	0.093	0.092	0.107	0.097	0.186	0.189	0.151	0.198	0.171	0.115	0.203	0.195	0.091	0.095	0.099	0.105	0.108	0.104	0.097	0.102	0.095	0.104	0.188	0.099	0.091	0.094	0.144	0.100	0.097	0.157	0.098	0.195	0.098	0.174	0.148	0.157	0.091	0.093	0.097	0.148	0.142	0.107	0.178	0.158	0.198	0.151	0.211	0.113	0.092	0.092	0.093	0.092	0.093	0.092	0.092	0.093	0.095	0.093	0.094	0.094	0.092
2:00:05	20.1	0.092	0.094	0.092	0.092	0.094	0.093	0.092	0.092	0.092	0.091	0.092	0.094	0.092	0.099	0.098	0.101	0.100	0.110	0.156	0.107	0.110	0.101	0.101	0.094	0.091	0.099	0.192	0.097	0.098	0.184	0.150	0.100	0.169	0.101	0.208	0.093	0.092	0.111	0.097	0.193	0.196	0.158	0.206	0.177	0.120	0.210	0.203	0.092	0.095	0.099	0.108	0.109	0.107	0.098	0.102	0.097	0.108	0.194	0.101	0.091	0.094	0.149	0.101	0.098	0.163	0.099	0.203	0.099	0.181	0.155	0.162	0.092	0.093	0.099	0.152	0.146	0.109	0.185	0.163	0.205	0.157	0.217	0.116	0.092	0.092	0.093	0.092	0.093	0.092	0.092	0.093	0.095	0.094	0.094	0.095	0.093
3:00:06	20.0	0.092	0.094	0.091	0.092	0.094	0.093	0.092	0.092	0.091	0.091	0.095	0.094	0.091	0.100	0.099	0.102	0.101	0.114	0.161	0.110	0.113	0.102	0.102	0.094	0.091	0.100	0.198	0.098	0.099	0.191	0.155	0.101	0.175	0.102	0.213	0.093	0.092	0.115	0.098	0.198	0.203	0.164	0.213	0.182	0.126	0.215	0.210	0.091	0.095	0.100	0.111	0.111	0.109	0.100	0.103	0.098	0.111	0.199	0.103	0.091	0.094	0.152	0.102	0.099	0.169	0.100	0.209	0.100	0.187	0.161	0.169	0.091	0.093	0.099	0.157	0.150	0.113	0.193	0.169	0.212	0.162	0.222	0.121	0.092	0.092	0.093	0.092	0.093	0.092	0.092	0.093	0.095	0.093	0.094	0.094	0.092
4:00:07	19.9	0.092	0.094	0.092	0.092	0.094	0.093	0.093	0.092	0.092	0.091	0.093	0.093	0.092	0.103	0.102	0.104	0.104	0.121	0.167	0.115	0.118	0.106	0.105	0.095	0.091	0.103	0.205	0.100	0.101	0.198	0.162	0.103	0.182	0.104	0.220	0.093	0.092	0.121	0.101	0.203	0.209	0.170	0.217	0.190	0.131	0.222	0.218	0.092	0.095	0.103	0.116	0.116	0.114	0.103	0.107	0.101	0.117	0.205	0.107	0.091	0.094	0.158	0.104	0.101	0.175	0.102	0.215	0.102	0.193	0.166	0.175	0.091	0.092	0.102	0.162	0.156	0.118	0.201	0.176	0.219	0.167	0.228	0.127	0.092	0.092	0.093	0.092	0.093	0.092	0.093	0.093	0.095	0.093	0.094	0.095	0.093
5:00:09	19.8	0.092	0.094	0.091	0.092	0.093	0.094	0.092	0.092	0.092	0.091	0.092	0.094	0.092	0.107	0.105	0.108	0.108	0.129	0.172	0.123	0.125	0.109	0.109	0.094	0.091	0.107	0.211	0.103	0.104	0.206	0.168	0.107	0.190	0.108	0.226	0.093	0.092	0.129	0.103	0.208	0.215	0.178	0.224	0.195	0.137	0.228	0.227	0.092	0.095	0.106	0.123	0.121	0.120	0.107	0.110	0.105	0.124	0.213	0.114	0.091	0.095	0.164	0.107	0.105	0.181	0.105	0.220	0.106	0.199	0.174	0.183	0.091	0.093	0.106	0.167	0.161	0.126	0.207	0.183	0.226	0.173	0.234	0.135	0.092	0.092	0.093	0.092	0.093	0.092	0.093	0.093	0.095	0.094	0.094	0.095	0.092
6:00:09	19.7	0.093	0.094	0.092	0.092	0.094	0.094	0.093	0.092	0.092	0.092	0.092	0.094	0.092	0.114	0.111	0.114	0.115	0.140	0.180	0.133	0.134	0.115	0.116	0.094	0.092	0.113	0.217	0.110	0.110	0.213	0.176	0.113	0.197	0.113	0.232	0.094	0.093	0.137	0.109	0.214	0.222	0.185	0.229	0.202	0.146	0.235	0.234	0.092	0.096	0.113	0.131	0.130	0.130	0.114	0.117	0.112	0.133	0.220	0.123	0.091	0.094	0.171	0.113	0.111	0.188	0.111	0.227	0.113	0.206	0.182	0.191	0.092	0.093	0.112	0.174	0.169	0.135	0.215	0.191	0.233	0.180	0.240	0.144	0.092	0.092	0.093	0.092	0.093	0.093	0.093	0.094	0.095	0.094	0.094	0.095	0.093
7:00:09	19.7	0.092	0.094	0.092	0.092	0.094	0.094	0.094	0.092	0.092	0.091	0.092	0.095	0.092	0.124	0.120	0.125	0.126	0.151	0.188	0.145	0.143	0.127	0.126	0.095	0.092	0.124	0.224	0.118	0.120	0.221	0.184	0.123	0.206	0.122	0.241	0.094	0.092	0.147	0.117	0.222	0.229	0.192	0.235	0.209	0.155	0.243	0.237	0.092	0.096	0.123	0.142	0.141	0.141	0.126	0.129	0.123	0.143	0.227	0.135	0.091	0.095	0.179	0.123	0.120	0.195	0.121	0.233	0.123	0.214	0.189	0.200	0.092	0.093	0.123	0.183	0.178	0.146	0.223	0.198	0.241	0.188	0.248	0.154	0.092	0.092	0.093	0.092	0.093	0.093	0.092	0.093	0.095	0.094	0.094	0.095	0.092
8:00:10	19.7	0.092	0.094	0.092	0.092	0.095	0.093	0.094	0.092	0.092	0.091	0.092	0.092	0.092	0.138	0.134	0.137	0.142	0.164	0.199	0.157	0.156	0.140	0.140	0.095	0.092	0.137	0.232	0.132	0.134	0.231	0.192	0.137	0.215	0.135	0.250	0.093	0.092	0.157	0.127	0.230	0.238	0.201	0.244	0.217	0.166	0.252	0.244	0.092	0.095	0.137	0.153	0.152	0.152	0.139	0.142	0.135	0.155	0.235	0.147	0.091	0.094	0.188	0.136	0.134	0.204	0.135	0.242	0.136	0.223	0.198	0.209	0.092	0.093	0.136	0.191	0.187	0.160	0.232	0.207	0.250	0.197	0.257	0.166	0.092	0.092	0.093	0.092	0.093	0.092	0.092	0.093	0.095	0.094	0.094	0.095	0.092
9:00:11	19.6	0.092	0.094	0.092	0.092	0.094	0.093	0.093	0.092	0.092	0.092	0.092	0.094	0.092	0.151	0.148	0.148	0.156	0.178	0.210	0.170	0.169	0.151	0.154	0.094	0.091	0.149	0.241	0.144	0.147	0.243	0.201	0.150	0.226	0.147	0.262	0.093	0.092	0.169	0.138	0.240	0.248	0.211	0.255	0.228	0.178	0.264	0.254	0.092	0.096	0.151	0.166	0.164	0.164	0.152	0.154	0.148	0.167	0.245	0.160	0.091	0.094	0.198	0.149	0.146	0.214	0.148	0.253	0.148	0.233	0.209	0.220	0.092	0.093	0.151	0.203	0.198	0.172	0.242	0.217	0.261	0.208	0.268	0.179	0.092	0.092	0.093	0.092	0.093	0.092	0.092	0.093	0.095	0.094	0.094	0.095	0.093
10:00:13	19.6	0.092	0.094	0.092	0.092	0.094	0.094	0.092	0.092	0.092	0.091	0.092	0.095	0.092	0.164	0.160	0.159	0.169	0.194	0.222	0.185	0.186	0.163	0.166	0.094	0.092	0.163	0.252	0.158	0.160	0.255	0.214	0.164	0.239	0.159	0.275	0.093	0.092	0.182	0.149	0.252	0.259	0.222	0.268	0.238	0.193	0.277	0.266	0.092	0.096	0.163	0.180	0.177	0.178	0.166	0.168	0.162	0.181	0.256	0.175	0.092	0.095	0.210	0.161	0.159	0.226	0.162	0.265	0.161	0.245	0.220	0.234	0.092	0.093	0.163	0.215	0.210	0.185	0.256	0.229	0.275	0.221	0.281	0.196	0.093	0.092	0.093	0.092	0.093	0.093	0.093	0.094	0.095	0.094	0.095	0.095	0.093
11:00:13	19.6	0.092	0.094	0.092	0.092	0.094	0.094	0.093	0.092	0.092	0.091	0.092	0.093	0.092	0.177	0.173	0.171	0.183	0.210	0.234	0.203	0.205	0.180	0.182	0.096	0.092	0.174	0.264	0.169	0.171	0.270	0.225	0.177	0.252	0.171	0.291	0.093	0.092	0.197	0.162	0.266	0.272	0.235	0.282	0.252	0.208	0.293	0.281	0.092	0.096	0.176	0.196	0.194	0.194	0.180	0.181	0.174	0.196	0.269	0.194	0.091	0.095	0.222	0.173	0.172	0.239	0.175	0.281	0.175	0.260	0.232	0.250	0.092	0.093	0.177	0.230	0.224	0.202	0.270	0.242	0.291	0.235	0.297	0.216	0.092	0.092	0.093	0.093	0.093	0.092	0.093	0.093	0.095	0.094	0.094	0.095	0.092
12:00:14	19.6	0.092	0.094	0.092	0.092	0.095	0.093	0.093	0.092	0.092	0.091	0.092	0.093	0.092	0.195	0.185	0.188	0.197	0.228	0.250	0.226	0.230	0.204	0.200	0.096	0.091	0.189	0.279	0.182	0.184	0.288	0.238	0.191	0.268	0.188	0.310	0.093	0.092	0.218	0.176	0.283	0.287	0.251	0.300	0.265	0.228	0.310	0.297	0.092	0.095	0.192	0.215	0.210	0.211	0.195	0.195	0.192	0.216	0.285	0.216	0.091	0.094	0.238	0.189	0.190	0.255	0.187	0.300	0.191	0.277	0.246	0.269	0.092	0.093	0.193	0.247	0.240	0.223	0.288	0.259	0.309	0.252	0.315	0.240	0.092	0.092	0.093	0.092	0.094	0.093	0.093	0.094	0.095	0.094	0.095	0.095	0.092
13:00:15	19.6	0.092	0.094	0.092	0.092	0.094	0.094	0.093	0.092	0.092	0.092	0.093	0.094	0.092	0.215	0.202	0.209	0.217	0.252	0.271	0.257	0.263	0.233	0.225	0.095	0.092	0.209	0.298	0.198	0.201	0.310	0.255	0.212	0.289	0.212	0.333	0.094	0.093	0.241	0.197	0.302	0.307	0.269	0.322	0.285	0.254	0.333	0.317	0.092	0.096	0.213	0.239	0.233	0.236	0.216	0.215	0.211	0.239	0.304	0.244	0.092	0.095	0.257	0.211	0.214	0.274	0.205	0.323	0.210	0.300	0.264	0.290	0.092	0.093	0.216	0.268	0.261	0.249	0.309	0.278	0.332	0.272	0.339	0.272	0.093	0.092	0.093	0.093	0.093	0.093	0.093	0.094	0.096	0.094	0.095	0.095	0.093
14:00:16	19.6	0.092	0.094	0.092	0.092	0.094	0.094	0.093	0.092	0.092	0.091	0.092	0.093	0.092	0.242	0.226	0.241	0.244	0.283	0.294	0.297	0.302	0.272	0.256	0.095	0.092	0.234	0.321	0.217	0.221	0.338	0.275	0.239	0.313	0.243	0.362	0.093	0.092	0.268	0.223	0.326	0.330	0.291	0.350	0.309	0.285	0.360	0.342	0.092	0.096	0.233	0.269	0.265	0.267	0.242	0.239	0.240	0.267	0.328	0.286	0.091	0.095	0.280	0.235	0.234	0.297	0.230	0.351	0.236	0.327	0.282	0.318	0.092	0.093	0.242	0.291	0.286	0.282	0.336	0.301	0.360	0.296	0.368	0.312	0.092	0.092	0.093	0.092	0.094	0.093	0.092	0.093	0.096	0.094	0.095	0.095	0.092
15:00:17	19.5	0.092	0.094	0.091	0.092	0.094	0.094	0.093	0.092	0.092	0.091	0.092	0.093	0.092	0.285	0.262	0.291	0.288	0.321	0.326	0.351	0.348	0.329	0.302	0.096	0.092	0.270	0.351	0.247	0.255	0.376	0.299	0.277	0.345	0.284	0.401	0.094	0.092	0.307	0.263	0.363	0.358	0.318	0.390	0.338	0.326	0.398	0.375	0.092	0.095	0.272	0.310	0.310	0.309	0.283	0.275	0.279	0.304	0.358	0.343	0.092	0.095	0.308	0.274	0.270	0.327	0.264	0.389	0.273	0.361	0.308	0.352	0.092	0.093	0.284	0.323	0.315	0.326	0.371	0.330	0.397	0.328	0.410	0.365	0.092	0.092	0.093	0.092	0.093	0.093	0.093	0.094	0.095	0.094	0.095	0.095	0.093
16:00:18	19.5	0.092	0.094	0.092	0.092	0.094	0.094	0.092	0.092	0.092	0.091	0.092	0.094	0.092	0.341	0.311	0.347	0.345	0.369	0.363	0.414	0.404	0.397	0.356	0.094	0.091	0.320	0.390	0.288	0.301	0.421	0.326	0.329	0.385	0.333	0.453	0.094	0.092	0.354	0.316	0.408	0.397	0.354	0.436	0.374	0.378	0.446	0.417	0.092	0.095	0.323	0.358	0.371	0.362	0.340	0.326	0.332	0.350	0.397	0.409	0.091	0.094	0.342	0.323	0.324	0.364	0.309	0.439	0.324	0.413	0.340	0.399	0.092	0.093	0.340	0.363	0.353	0.381	0.420	0.367	0.448	0.372	0.467	0.427	0.092	0.092	0.093	0.092	0.093	0.092	0.092	0.094	0.095	0.094	0.094	0.095	0.093
17:00:19	19.5	0.092	0.094	0.092	0.092	0.094	0.094	0.094	0.092	0.092	0.091	0.092	0.094	0.092	0.402	0.370	0.409	0.407	0.423	0.416	0.484	0.477	0.463	0.418	0.095	0.092	0.388	0.449	0.347	0.364	0.480	0.365	0.393	0.443	0.396	0.516	0.094	0.092	0.413	0.378	0.470	0.454	0.401	0.496	0.424	0.444	0.506	0.469	0.092	0.096	0.378	0.421	0.435	0.431	0.397	0.382	0.399	0.412	0.452	0.480	0.091	0.095	0.391	0.379	0.385	0.415	0.366	0.501	0.382	0.471	0.382	0.460	0.092	0.093	0.403	0.418	0.403	0.449	0.481	0.414	0.508	0.428	0.533	0.505	0.092	0.092	0.093	0.092	0.094	0.093	0.093	0.094	0.095	0.094	0.095	0.095	0.093
18:00:20	19.5	0.091	0.094	0.092	0.092	0.094	0.093	0.093	0.092	0.092	0.091	0.092	0.095	0.092	0.469	0.429	0.477	0.474	0.489	0.480	0.550	0.545	0.527	0.479	0.094	0.092	0.453	0.515	0.409	0.425	0.548	0.412	0.456	0.509	0.457	0.585	0.094	0.092	0.484	0.435	0.536	0.516	0.460	0.563	0.491	0.516	0.573	0.531	0.092	0.096	0.445	0.496	0.508	0.498	0.464	0.445	0.470	0.480	0.521	0.550	0.091	0.095	0.452	0.451	0.455	0.481	0.428	0.570	0.444	0.546	0.433	0.524	0.092	0.093	0.470	0.489	0.469	0.522	0.550	0.472	0.578	0.499	0.604	0.579	0.092	0.092	0.093	0.092	0.094	0.093	0.093	0.093	0.095	0.094	0.095	0.095	0.092
19:00:21	19.5	0.092	0.094	0.091	0.092	0.094	0.094	0.092	0.092	0.092	0.091	0.092	0.094	0.092	0.534	0.491	0.545	0.544	0.552	0.551	0.622	0.620	0.597	0.543	0.094	0.092	0.523	0.583	0.470	0.487	0.615	0.475	0.527	0.581	0.523	0.656	0.094	0.092	0.553	0.498	0.603	0.582	0.533	0.634	0.557	0.590	0.641	0.605	0.092	0.095	0.514	0.571	0.576	0.572	0.535	0.503	0.532	0.545	0.584	0.620	0.091	0.095	0.517	0.519	0.520	0.552	0.491	0.641	0.505	0.615	0.499	0.600	0.092	0.093	0.537	0.562	0.538	0.596	0.623	0.540	0.646	0.566	0.672	0.654	0.092	0.092	0.093	0.092	0.093	0.093	0.093	0.094	0.095	0.093	0.094	0.095	0.092
20:00:23	19.4	0.092	0.094	0.092	0.092	0.094	0.094	0.093	0.092	0.092	0.091	0.092	0.094	0.092	0.594	0.552	0.613	0.610	0.620	0.623	0.687	0.683	0.666	0.610	0.094	0.091	0.585	0.650	0.532	0.554	0.685	0.541	0.596	0.651	0.588	0.724	0.093	0.092	0.623	0.561	0.671	0.653	0.602	0.703	0.628	0.661	0.712	0.676	0.092	0.096	0.580	0.644	0.640	0.639	0.602	0.572	0.601	0.608	0.657	0.685	0.091	0.095	0.592	0.588	0.593	0.620	0.550	0.710	0.571	0.685	0.568	0.670	0.092	0.093	0.603	0.629	0.608	0.662	0.691	0.618	0.715	0.633	0.738	0.720	0.092	0.092	0.093	0.092	0.094	0.093	0.092	0.093	0.095	0.094	0.095	0.095	0.093
21:00:23	19.4	0.092	0.094	0.092	0.092	0.094	0.094	0.093	0.092	0.092	0.092	0.092	0.095	0.092	0.659	0.611	0.676	0.676	0.678	0.690	0.748	0.746	0.721	0.669	0.094	0.091	0.644	0.713	0.595	0.612	0.751	0.613	0.659	0.716	0.651	0.791	0.093	0.093	0.685	0.614	0.735	0.718	0.673	0.767	0.696	0.725	0.777	0.744	0.092	0.096	0.640	0.701	0.697	0.699	0.665	0.629	0.663	0.667	0.718	0.742	0.092	0.095	0.656	0.652	0.650	0.686	0.612	0.773	0.627	0.746	0.633	0.734	0.092	0.093	0.663	0.696	0.679	0.725	0.756	0.692	0.781	0.698	0.800	0.777	0.093	0.092	0.093	0.093	0.093	0.093	0.093	0.094	0.096	0.094	0.095	0.095	0.093
22:00:24	19.4	0.092	0.094	0.092	0.092	0.094	0.094	0.093	0.092	0.092	0.092	0.093	0.095	0.092	0.717	0.662	0.733	0.724	0.733	0.752	0.801	0.798	0.770	0.716	0.094	0.092	0.700	0.772	0.646	0.665	0.812	0.679	0.715	0.780	0.713	0.847	0.093	0.092	0.745	0.667	0.793	0.777	0.741	0.826	0.758	0.779	0.835	0.807	0.092	0.095	0.699	0.751	0.755	0.754	0.720	0.686	0.721	0.721	0.778	0.792	0.092	0.095	0.724	0.710	0.702	0.749	0.660	0.831	0.679	0.802	0.698	0.793	0.092	0.093	0.720	0.761	0.739	0.782	0.813	0.755	0.837	0.759	0.850	0.829	0.092	0.092	0.093	0.092	0.094	0.093	0.093	0.094	0.095	0.094	0.095	0.095	0.093
23:00:25	19.3	0.092	0.094	0.092	0.092	0.094	0.094	0.092	0.092	0.092	0.091	0.092	0.095	0.092	0.768	0.713	0.783	0.774	0.777	0.805	0.844	0.845	0.822	0.765	0.094	0.092	0.751	0.818	0.691	0.708	0.861	0.737	0.766	0.830	0.755	0.893	0.093	0.092	0.794	0.711	0.843	0.829	0.792	0.871	0.809	0.828	0.881	0.856	0.092	0.095	0.747	0.799	0.799	0.802	0.767	0.732	0.768	0.764	0.831	0.839	0.092	0.095	0.777	0.752	0.753	0.804	0.710	0.875	0.725	0.850	0.753	0.842	0.091	0.093	0.763	0.816	0.794	0.829	0.857	0.806	0.881	0.810	0.887	0.868	0.092	0.092	0.093	0.092	0.093	0.093	0.093	0.094	0.095	0.094	0.095	0.095	0.093
24:00:25	19.3	0.092	0.094	0.092	0.092	0.094	0.094	0.092	0.092	0.092	0.091	0.092	0.095	0.092	0.816	0.757	0.830	0.820	0.822	0.845	0.883	0.882	0.863	0.813	0.094	0.092	0.798	0.854	0.735	0.750	0.897	0.783	0.812	0.865	0.798	0.924	0.093	0.092	0.834	0.757	0.880	0.867	0.838	0.905	0.850	0.871	0.916	0.890	0.092	0.095	0.792	0.841	0.841	0.846	0.815	0.779	0.814	0.810	0.870	0.880	0.092	0.095	0.819	0.795	0.796	0.850	0.756	0.911	0.772	0.883	0.799	0.878	0.092	0.093	0.813	0.861	0.838	0.870	0.893	0.845	0.912	0.849	0.914	0.903	0.092	0.092	0.093	0.092	0.093	0.093	0.092	0.094	0.095	0.094	0.094	0.095	0.092
25:00:27	19.3	0.092	0.094	0.092	0.092	0.094	0.094	0.093	0.092	0.092	0.092	0.092	0.095	0.092	0.858	0.797	0.872	0.861	0.857	0.880	0.920	0.919	0.901	0.851	0.094	0.092	0.839	0.881	0.774	0.792	0.929	0.821	0.853	0.896	0.834	0.953	0.093	0.092	0.870	0.800	0.910	0.900	0.871	0.936	0.883	0.908	0.946	0.917	0.092	0.095	0.836	0.878	0.881	0.888	0.859	0.827	0.856	0.845	0.903	0.920	0.092	0.095	0.848	0.839	0.840	0.884	0.802	0.942	0.815	0.914	0.834	0.910	0.092	0.093	0.854	0.897	0.875	0.910	0.923	0.874	0.939	0.880	0.938	0.934	0.093	0.092	0.093	0.093	0.093	0.093	0.093	0.094	0.095	0.094	0.095	0.095	0.092
26:00:27	19.3	0.092	0.094	0.092	0.092	0.094	0.094	0.092	0.092	0.092	0.091	0.092	0.095	0.092	0.898	0.832	0.909	0.897	0.886	0.907	0.949	0.949	0.935	0.886	0.094	0.092	0.878	0.902	0.810	0.827	0.951	0.850	0.893	0.924	0.867	0.975	0.093	0.093	0.904	0.837	0.936	0.924	0.901	0.959	0.911	0.940	0.970	0.939	0.092	0.095	0.875	0.912	0.916	0.925	0.898	0.864	0.890	0.878	0.931	0.948	0.092	0.095	0.877	0.877	0.877	0.915	0.838	0.963	0.851	0.936	0.861	0.935	0.092	0.093	0.894	0.928	0.906	0.945	0.944	0.897	0.960	0.905	0.959	0.962	0.093	0.092	0.093	0.093	0.093	0.093	0.093	0.094	0.095	0.094	0.095	0.095	0.092
27:00:27	19.3	0.092	0.094	0.092	0.092	0.094	0.094	0.093	0.092	0.092	0.092	0.093	0.095	0.092	0.924	0.863	0.936	0.924	0.914	0.929	0.973	0.972	0.956	0.912	0.094	0.092	0.908	0.920	0.842	0.859	0.971	0.876	0.923	0.946	0.894	0.995	0.094	0.093	0.935	0.865	0.955	0.945	0.928	0.980	0.936	0.970	0.990	0.957	0.092	0.096	0.909	0.941	0.947	0.955	0.927	0.898	0.923	0.907	0.955	0.970	0.092	0.095	0.903	0.909	0.912	0.943	0.871	0.982	0.881	0.959	0.885	0.958	0.092	0.093	0.923	0.954	0.931	0.972	0.964	0.918	0.980	0.931	0.975	0.988	0.093	0.092	0.093	0.093	0.093	0.093	0.093	0.094	0.095	0.094	0.095	0.095	0.093
28:00:29	19.2	0.092	0.094	0.092	0.092	0.094	0.094	0.093	0.092	0.092	0.091	0.092	0.095	0.092	0.942	0.885	0.954	0.944	0.934	0.949	0.992	0.988	0.973	0.930	0.094	0.092	0.928	0.940	0.868	0.887	0.989	0.895	0.943	0.968	0.912	1.012	0.093	0.093	0.953	0.884	0.974	0.964	0.951	0.998	0.956	0.990	1.009	0.972	0.092	0.096	0.930	0.961	0.967	0.977	0.946	0.923	0.944	0.929	0.977	0.985	0.091	0.095	0.927	0.936	0.938	0.965	0.895	1.002	0.904	0.979	0.905	0.978	0.092	0.093	0.946	0.978	0.956	0.994	0.983	0.935	0.997	0.952	0.992	1.006	0.092	0.092	0.093	0.093	0.094	0.093	0.093	0.094	0.095	0.094	0.095	0.095	0.092
29:00:29	19.2	0.092	0.094	0.092	0.092	0.094	0.094	0.092	0.092	0.092	0.091	0.092	0.095	0.092	0.957	0.900	0.970	0.962	0.949	0.969	1.005	1.001	0.986	0.943	0.094	0.092	0.945	0.960	0.888	0.907	1.007	0.913	0.962	0.986	0.926	1.029	0.093	0.093	0.969	0.903	0.992	0.983	0.971	1.016	0.978	1.006	1.025	0.986	0.092	0.096	0.949	0.979	0.983	0.992	0.964	0.942	0.963	0.946	0.997	1.000	0.092	0.095	0.950	0.955	0.958	0.987	0.915	1.019	0.924	0.999	0.922	0.998	0.092	0.093	0.963	1.003	0.978	1.010	1.002	0.949	1.014	0.974	1.008	1.021	0.092	0.092	0.093	0.092	0.093	0.093	0.093	0.094	0.095	0.094	0.095	0.095	0.093
30:00:30	19.2	0.092	0.094	0.092	0.092	0.094	0.094	0.093	0.093	0.092	0.091	0.092	0.095	0.092	0.968	0.909	0.983	0.975	0.959	0.985	1.014	1.011	0.999	0.953	0.094	0.092	0.958	0.974	0.902	0.923	1.022	0.927	0.975	1.001	0.936	1.043	0.093	0.092	0.980	0.917	1.007	1.001	0.988	1.030	0.993	1.018	1.040	0.997	0.092	0.096	0.962	0.991	0.997	1.004	0.977	0.956	0.977	0.958	1.013	1.009	0.092	0.095	0.969	0.972	0.974	1.005	0.928	1.036	0.935	1.015	0.935	1.011	0.092	0.093	0.976	1.018	0.995	1.024	1.019	0.961	1.029	0.990	1.022	1.030	0.092	0.092	0.093	0.092	0.093	0.093	0.092	0.094	0.095	0.094	0.094	0.095	0.092
31:00:31	19.2	0.092	0.094	0.092	0.092	0.094	0.094	0.093	0.092	0.092	0.091	0.092	0.095	0.092	0.981	0.918	0.995	0.986	0.967	0.998	1.025	1.020	1.009	0.960	0.094	0.092	0.967	0.985	0.912	0.932	1.033	0.940	0.986	1.011	0.944	1.054	0.094	0.093	0.991	0.930	1.019	1.015	1.001	1.040	1.005	1.029	1.050	1.006	0.092	0.096	0.975	1.002	1.006	1.017	0.987	0.967	0.987	0.968	1.022	1.018	0.092	0.095	0.978	0.985	0.987	1.018	0.940	1.049	0.945	1.025	0.947	1.021	0.092	0.093	0.986	1.029	1.007	1.033	1.029	0.970	1.038	1.001	1.032	1.041	0.093	0.092	0.093	0.092	0.093	0.093	0.093	0.094	0.095	0.094	0.095	0.095	0.093
32:00:33	19.2	0.092	0.094	0.092	0.092	0.094	0.094	0.093	0.093	0.092	0.092	0.092	0.095	0.092	0.988	0.923	1.004	0.995	0.973	1.007	1.033	1.030	1.018	0.967	0.095	0.092	0.976	0.992	0.919	0.941	1.041	0.951	0.994	1.020	0.952	1.060	0.093	0.093	0.998	0.942	1.026	1.025	1.011	1.047	1.013	1.037	1.058	1.010	0.092	0.096	0.984	1.011	1.013	1.023	0.997	0.974	0.995	0.975	1.030	1.025	0.092	0.095	0.985	0.996	0.999	1.027	0.948	1.055	0.952	1.031	0.958	1.028	0.092	0.093	0.994	1.037	1.017	1.042	1.036	0.978	1.044	1.010	1.037	1.045	0.093	0.092	0.094	0.092	0.094	0.093	0.093	0.094	0.096	0.094	0.095	0.095	0.093
33:00:33	19.2	0.092	0.094	0.092	0.092	0.094	0.094	0.093	0.093	0.092	0.091	0.093	0.095	0.092	0.995	0.928	1.011	1.000	0.974	1.013	1.037	1.035	1.027	0.973	0.094	0.092	0.982	0.998	0.923	0.946	1.048	0.959	1.002	1.027	0.956	1.065	0.094	0.093	1.004	0.955	1.032	1.032	1.017	1.053	1.019	1.043	1.062	1.012	0.092	0.096	0.992	1.019	1.017	1.029	1.004	0.979	1.003	0.978	1.036	1.033	0.092	0.095	0.990	1.005	1.008	1.034	0.955	1.060	0.957	1.037	0.963	1.034	0.092	0.093	1.001	1.044	1.023	1.049	1.041	0.980	1.049	1.015	1.040	1.051	0.093	0.092	0.093	0.092	0.094	0.093	0.093	0.094	0.095	0.094	0.095	0.095	0.093
34:00:34	19.2	0.092	0.094	0.092	0.092	0.094	0.094	0.093	0.093	0.093	0.092	0.092	0.095	0.092	1.002	0.932	1.018	1.008	0.973	1.018	1.041	1.038	1.037	0.976	0.095	0.092	0.989	1.001	0.927	0.949	1.049	0.963	1.009	1.032	0.962	1.069	0.094	0.093	1.009	0.967	1.034	1.037	1.024	1.054	1.023	1.049	1.065	1.012	0.092	0.096	0.998	1.022	1.018	1.032	1.009	0.982	1.010	0.982	1.041	1.037	0.092	0.095	0.995	1.013	1.013	1.038	0.959	1.064	0.961	1.038	0.965	1.038	0.092	0.094	1.008	1.049	1.030	1.054	1.045	0.980	1.052	1.018	1.041	1.056	0.093	0.093	0.094	0.093	0.094	0.093	0.093	0.094	0.096	0.094	0.095	0.095	0.093
35:00:36	19.2	0.092	0.094	0.092	0.092	0.094	0.094	0.093	0.092	0.092	0.091	0.092	0.095	0.092	1.005	0.933	1.023	1.011	0.971	1.021	1.042	1.038	1.045	0.975	0.094	0.092	0.992	1.001	0.929	0.950	1.050	0.963	1.014	1.034	0.966	1.070	0.094	0.093	1.011	0.978	1.037	1.042	1.029	1.053	1.026	1.053	1.066	1.013	0.092	0.096	1.002	1.026	1.017	1.035	1.014	0.985	1.014	0.981	1.043	1.040	0.091	0.095	0.999	1.019	1.020	1.039	0.961	1.067	0.963	1.039	0.966	1.042	0.092	0.093	1.010	1.053	1.032	1.057	1.046	0.977	1.052	1.019	1.039	1.057	0.093	0.092	0.093	0.092	0.094	0.093	0.093	0.094	0.095	0.094	0.095	0.095	0.093
36:00:36	19.2	0.092	0.094	0.092	0.092	0.094	0.094	0.092	0.093	0.092	0.091	0.093	0.095	0.092	1.007	0.932	1.025	1.013	0.966	1.022	1.042	1.038	1.049	0.970	0.094	0.092	0.994	1.001	0.928	0.949	1.049	0.961	1.017	1.034	0.966	1.069	0.094	0.092	1.012	0.989	1.036	1.041	1.030	1.053	1.027	1.053	1.064	1.012	0.092	0.096	1.008	1.029	1.015	1.036	1.018	0.985	1.017	0.981	1.044	1.041	0.091	0.095	1.002	1.021	1.024	1.043	0.961	1.064	0.961	1.039	0.963	1.044	0.092	0.093	1.013	1.056	1.033	1.056	1.045	0.974	1.050	1.020	1.038	1.058	0.093	0.092	0.093	0.092	0.094	0.093	0.093	0.094	0.095	0.094	0.095	0.095	0.092
37:00:37	19.3	0.092	0.095	0.092	0.092	0.094	0.094	0.093	0.092	0.092	0.092	0.092	0.096	0.092	1.007	0.931	1.028	1.017	0.959	1.020	1.041	1.038	1.048	0.968	0.094	0.092	0.994	0.997	0.928	0.948	1.046	0.957	1.019	1.033	0.967	1.064	0.094	0.093	1.012	0.999	1.036	1.040	1.028	1.053	1.026	1.053	1.063	1.010	0.092	0.096	1.011	1.024	1.014	1.035	1.019	0.983	1.019	0.978	1.044	1.039	0.091	0.095	1.003	1.024	1.025	1.046	0.961	1.062	0.961	1.036	0.959	1.044	0.092	0.093	1.014	1.058	1.034	1.054	1.043	0.969	1.048	1.019	1.035	1.057	0.092	0.092	0.093	0.092	0.094	0.093	0.093	0.094	0.096	0.094	0.095	0.095	0.093
38:00:37	19.3	0.092	0.094	0.092	0.092	0.094	0.094	0.093	0.092	0.092	0.091	0.092	0.095	0.092	1.007	0.927	1.027	1.016	0.951	1.017	1.036	1.032	1.047	0.967	0.094	0.092	0.994	0.993	0.924	0.944	1.041	0.951	1.020	1.031	0.962	1.061	0.094	0.093	1.006	1.006	1.032	1.039	1.027	1.051	1.023	1.049	1.057	1.005	0.092	0.095	1.011	1.018	1.010	1.032	1.018	0.979	1.018	0.973	1.042	1.036	0.091	0.095	1.005	1.025	1.026	1.043	0.958	1.059	0.956	1.032	0.953	1.044	0.092	0.093	1.013	1.055	1.031	1.051	1.040	0.961	1.042	1.016	1.030	1.054	0.093	0.092	0.093	0.092	0.094	0.093	0.093	0.094	0.095	0.094	0.095	0.095	0.093
39:00:39	19.3	0.092	0.094	0.092	0.092	0.094	0.094	0.093	0.093	0.092	0.092	0.092	0.095	0.092	1.006	0.923	1.025	1.015	0.943	1.013	1.031	1.027	1.041	0.963	0.095	0.092	0.994	0.989	0.920	0.940	1.039	0.945	1.018	1.029	0.959	1.056	0.094	0.093	1.001	1.013	1.028	1.035	1.025	1.049	1.020	1.045	1.053	0.999	0.092	0.096	1.009	1.014	1.004	1.029	1.017	0.975	1.015	0.965	1.039	1.031	0.092	0.095	1.003	1.023	1.026	1.042	0.956	1.054	0.953	1.027	0.944	1.041	0.092	0.093	1.012	1.053	1.027	1.046	1.037	0.955	1.037	1.012	1.024	1.051	0.092	0.092	0.093	0.093	0.094	0.093	0.093	0.094	0.096	0.094	0.095	0.095	0.092
40:00:40	19.3	0.092	0.094	0.092	0.092	0.094	0.094	0.093	0.092	0.092	0.091	0.092	0.095	0.092	1.005	0.918	1.024	1.012	0.934	1.008	1.024	1.022	1.034	0.956	0.094	0.092	0.990	0.982	0.914	0.934	1.034	0.935	1.015	1.023	0.956	1.053	0.093	0.093	0.995	1.019	1.023	1.029	1.016	1.044	1.015	1.039	1.048	0.990	0.092	0.095	1.006	1.007	0.998	1.023	1.013	0.970	1.012	0.957	1.034	1.023	0.092	0.095	0.998	1.024	1.026	1.039	0.951	1.048	0.947	1.020	0.936	1.037	0.092	0.093	1.009	1.050	1.022	1.038	1.032	0.948	1.031	1.006	1.021	1.045	0.093	0.092	0.093	0.092	0.093	0.093	0.093	0.094	0.095	0.094	0.095	0.095	0.092
41:00:40	19.3	0.092	0.094	0.091	0.092	0.094	0.094	0.093	0.092	0.092	0.091	0.092	0.095	0.092	1.000	0.914	1.019	1.007	0.925	1.002	1.015	1.015	1.033	0.938	0.094	0.092	0.987	0.976	0.908	0.928	1.028	0.928	1.012	1.016	0.953	1.047	0.094	0.093	0.989	1.023	1.018	1.022	1.009	1.040	1.010	1.032	1.041	0.980	0.092	0.096	1.003	1.000	0.992	1.017	1.008	0.965	1.009	0.947	1.028	1.015	0.091	0.095	0.996	1.020	1.022	1.033	0.948	1.041	0.943	1.011	0.926	1.033	0.092	0.093	1.006	1.046	1.016	1.032	1.025	0.941	1.025	1.000	1.015	1.039	0.092	0.092	0.093	0.092	0.094	0.092	0.093	0.094	0.096	0.094	0.094	0.095	0.093
42:00:42	19.3	0.092	0.094	0.092	0.092	0.094	0.094	0.093	0.092	0.092	0.091	0.092	0.095	0.092	0.997	0.910	1.014	1.004	0.915	0.996	1.008	1.009	1.032	0.929	0.094	0.092	0.983	0.968	0.904	0.922	1.022	0.919	1.008	1.009	0.951	1.043	0.093	0.092	0.981	1.025	1.011	1.015	1.002	1.034	1.002	1.023	1.032	0.973	0.092	0.096	1.000	0.992	0.982	1.009	1.003	0.957	1.004	0.936	1.019	1.007	0.092	0.095	0.992	1.017	1.019	1.026	0.943	1.034	0.935	1.003	0.920	1.026	0.092	0.093	1.000	1.038	1.010	1.023	1.019	0.935	1.018	0.994	1.005	1.031	0.093	0.092	0.093	0.093	0.093	0.093	0.093	0.094	0.095	0.094	0.095	0.095	0.093
43:00:43	19.2	0.092	0.094	0.092	0.092	0.094	0.094	0.093	0.092	0.092	0.091	0.092	0.095	0.092	0.992	0.904	1.009	0.998	0.908	0.990	1.000	0.998	1.019	0.926	0.094	0.092	0.979	0.964	0.898	0.916	1.016	0.910	1.002	0.998	0.944	1.037	0.094	0.093	0.972	1.024	1.004	1.009	0.994	1.028	0.993	1.013	1.024	0.965	0.092	0.096	0.995	0.984	0.975	1.001	0.996	0.950	0.997	0.923	1.010	0.999	0.092	0.095	0.990	1.012	1.014	1.019	0.937	1.025	0.929	0.994	0.911	1.020	0.092	0.093	0.995	1.032	1.003	1.015	1.011	0.930	1.013	0.986	1.001	1.023	0.093	0.092	0.093	0.092	0.094	0.093	0.093	0.094	0.095	0.094	0.095	0.095	0.093
44:00:43	19.1	0.092	0.094	0.092	0.092	0.094	0.094	0.093	0.092	0.092	0.091	0.092	0.095	0.092	0.987	0.900	1.002	0.992	0.902	0.983	0.989	0.991	1.015	0.923	0.094	0.092	0.974	0.958	0.894	0.912	1.009	0.903	0.995	0.992	0.940	1.031	0.094	0.093	0.965	1.023	0.998	1.000	0.985	1.022	0.984	1.002	1.015	0.959	0.092	0.096	0.989	0.978	0.967	0.993	0.990	0.944	0.990	0.915	1.002	0.989	0.091	0.095	0.980	1.007	1.008	1.009	0.934	1.017	0.924	0.988	0.904	1.013	0.092	0.093	0.992	1.027	0.994	1.006	1.006	0.926	1.007	0.979	0.995	1.016	0.092	0.092	0.093	0.092	0.093	0.093	0.093	0.094	0.095	0.094	0.094	0.095	0.092
45:00:43	19.1	0.092	0.094	0.092	0.092	0.094	0.094	0.093	0.093	0.092	0.092	0.093	0.095	0.092	0.981	0.899	0.996	0.985	0.897	0.977	0.982	0.982	1.002	0.925	0.094	0.092	0.970	0.953	0.893	0.908	1.002	0.899	0.988	0.983	0.935	1.029	0.094	0.093	0.959	1.018	0.990	0.994	0.978	1.016	0.975	0.992	1.007	0.955	0.092	0.096	0.984	0.970	0.958	0.984	0.984	0.940	0.983	0.908	0.992	0.981	0.092	0.095	0.976	1.001	1.002	1.001	0.931	1.010	0.920	0.980	0.901	1.007	0.092	0.093	0.985	1.020	0.989	0.998	1.001	0.921	1.001	0.972	0.990	1.009	0.093	0.092	0.094	0.092	0.093	0.093	0.093	0.094	0.096	0.094	0.095	0.095	0.092
46:00:44	19.2	0.092	0.094	0.092	0.092	0.094	0.095	0.093	0.093	0.092	0.092	0.093	0.095	0.092	0.978	0.898	0.990	0.978	0.893	0.971	0.972	0.975	1.005	0.923	0.095	0.092	0.964	0.946	0.893	0.906	0.996	0.895	0.980	0.978	0.935	1.019	0.094	0.093	0.952	1.013	0.983	0.987	0.971	1.009	0.968	0.981	0.998	0.955	0.092	0.096	0.977	0.964	0.950	0.975	0.976	0.936	0.974	0.903	0.984	0.971	0.092	0.095	0.971	0.994	0.995	0.990	0.928	1.004	0.918	0.972	0.891	1.000	0.092	0.094	0.981	1.013	0.982	0.988	0.995	0.926	0.996	0.966	0.985	1.001	0.093	0.092	0.094	0.093	0.094	0.093	0.093	0.094	0.096	0.094	0.095	0.095	0.093
47:00:45	19.2	0.092	0.094	0.092	0.092	0.094	0.094	0.093	0.092	0.092	0.091	0.092	0.095	0.092	0.971	0.900	0.983	0.970	0.893	0.967	0.965	0.965	0.988	0.927	0.094	0.092	0.959	0.943	0.894	0.906	0.991	0.892	0.972	0.972	0.932	1.018	0.093	0.092	0.946	1.003	0.976	0.981	0.964	1.002	0.961	0.970	0.992	0.955	0.092	0.096	0.972	0.955	0.942	0.967	0.968	0.934	0.967	0.899	0.978	0.961	0.092	0.095	0.966	0.989	0.989	0.982	0.927	0.995	0.917	0.966	0.885	0.994	0.092	0.093	0.976	1.006	0.977	0.981	0.992	0.921	0.990	0.960	0.980	0.995	0.092	0.092	0.093	0.092	0.094	0.093	0.093	0.094	0.095	0.094	0.095	0.095	0.092
48:00:47	19.2	0.092	0.094	0.091	0.092	0.094	0.094	0.093	0.092	0.092	0.091	0.092	0.095	0.092	0.966	0.903	0.976	0.963	0.893	0.962	0.956	0.959	0.982	0.930	0.094	0.092	0.954	0.940	0.896	0.908	0.984	0.889	0.963	0.967	0.932	1.016	0.093	0.092	0.940	0.993	0.972	0.976	0.957	0.997	0.954	0.959	0.987	0.954	0.092	0.096	0.966	0.947	0.934	0.958	0.961	0.932	0.957	0.896	0.972	0.952	0.091	0.095	0.963	0.983	0.981	0.975	0.928	0.990	0.917	0.959	0.892	0.988	0.092	0.093	0.973	1.003	0.970	0.973	0.986	0.943	0.987	0.956	0.976	0.987	0.092	0.092	0.093	0.092	0.093	0.093	0.093	0.094	0.095	0.094	0.095	0.095	0.092
49:00:48	19.1	0.092	0.094	0.092	0.092	0.094	0.094	0.093	0.093	0.092	0.091	0.093	0.095	0.092	0.963	0.907	0.970	0.957	0.895	0.959	0.949	0.953	0.981	0.933	0.094	0.092	0.949	0.938	0.900	0.910	0.981	0.896	0.956	0.962	0.933	1.014	0.093	0.093	0.934	0.983	0.969	0.968	0.951	0.989	0.948	0.948	0.982	0.958	0.092	0.096	0.961	0.941	0.927	0.952	0.953	0.931	0.949	0.896	0.967	0.944	0.092	0.095	0.958	0.975	0.973	0.969	0.929	0.986	0.918	0.955	0.896	0.984	0.092	0.093	0.968	1.000	0.966	0.965	0.984	0.945	0.984	0.952	0.975	0.981	0.093	0.092	0.094	0.092	0.093	0.093	0.093	0.094	0.096	0.094	0.095	0.095	0.093
50:00:49	19.1	0.092	0.094	0.092	0.092	0.094	0.094	0.093	0.092	0.092	0.092	0.093	0.095	0.092	0.961	0.911	0.965	0.952	0.898	0.956	0.944	0.947	0.975	0.937	0.094	0.092	0.945	0.935	0.904	0.912	0.983	0.906	0.949	0.957	0.934	1.015	0.094	0.093	0.929	0.972	0.969	0.962	0.946	0.987	0.944	0.939	0.979	0.962	0.092	0.096	0.956	0.936	0.921	0.944	0.947	0.931	0.943	0.896	0.964	0.937	0.091	0.095	0.955	0.971	0.967	0.966	0.932	0.983	0.919	0.947	0.900	0.980	0.092	0.093	0.965	0.997	0.963	0.958	0.982	0.947	0.984	0.950	0.976	0.978	0.093	0.092	0.093	0.092	0.093	0.093	0.093	0.094	0.095	0.094	0.095	0.095	0.093
51:00:49	19.1	0.091	0.094	0.092	0.092	0.094	0.094	0.093	0.093	0.092	0.091	0.093	0.095	0.092	0.958	0.917	0.963	0.949	0.901	0.955	0.942	0.944	0.971	0.944	0.094	0.092	0.942	0.936	0.910	0.916	0.982	0.908	0.943	0.955	0.937	1.021	0.094	0.093	0.925	0.963	0.969	0.957	0.942	0.983	0.939	0.931	0.979	0.966	0.092	0.096	0.953	0.930	0.917	0.941	0.943	0.933	0.937	0.899	0.961	0.932	0.091	0.095	0.954	0.965	0.961	0.962	0.934	0.981	0.922	0.940	0.902	0.977	0.092	0.093	0.964	0.995	0.961	0.954	0.980	0.947	0.981	0.948	0.978	0.974	0.092	0.093	0.093	0.092	0.094	0.093	0.093	0.094	0.096	0.094	0.095	0.095	0.092
52:00:50	19.2	0.092	0.094	0.092	0.092	0.094	0.094	0.093	0.092	0.092	0.091	0.092	0.095	0.092	0.958	0.922	0.963	0.948	0.906	0.956	0.940	0.941	0.972	0.950	0.094	0.091	0.942	0.937	0.917	0.920	0.981	0.909	0.940	0.949	0.941	1.027	0.094	0.093	0.921	0.958	0.972	0.958	0.941	0.983	0.936	0.926	0.979	0.971	0.092	0.095	0.952	0.927	0.915	0.936	0.940	0.935	0.932	0.902	0.960	0.929	0.091	0.095	0.951	0.961	0.957	0.959	0.938	0.981	0.925	0.941	0.904	0.974	0.092	0.093	0.964	0.992	0.960	0.949	0.979	0.949	0.978	0.948	0.984	0.972	0.092	0.092	0.093	0.092	0.093	0.093	0.093	0.094	0.095	0.094	0.094	0.095	0.092
53:00:52	19.2	0.092	0.094	0.092	0.092	0.094	0.094	0.093	0.093	0.092	0.092	0.092	0.095	0.092	0.960	0.929	0.964	0.949	0.910	0.958	0.942	0.938	0.973	0.958	0.095	0.092	0.943	0.949	0.925	0.925	0.984	0.910	0.939	0.945	0.945	1.032	0.094	0.093	0.921	0.957	0.974	0.961	0.940	0.985	0.936	0.922	0.983	0.975	0.092	0.096	0.953	0.925	0.914	0.934	0.938	0.938	0.931	0.907	0.961	0.926	0.091	0.095	0.951	0.959	0.955	0.958	0.941	0.983	0.928	0.948	0.905	0.974	0.092	0.093	0.965	0.991	0.961	0.948	0.978	0.950	0.981	0.951	0.993	0.970	0.093	0.092	0.094	0.093	0.094	0.093	0.093	0.094	0.096	0.094	0.095	0.095	0.093
54:00:52	19.2	0.092	0.094	0.092	0.092	0.094	0.094	0.093	0.093	0.092	0.092	0.092	0.095	0.092	0.963	0.938	0.965	0.951	0.916	0.959	0.943	0.938	0.978	0.966	0.094	0.092	0.944	0.958	0.932	0.931	0.987	0.910	0.939	0.945	0.950	1.039	0.094	0.093	0.920	0.957	0.977	0.964	0.940	0.985	0.935	0.919	0.982	0.978	0.092	0.095	0.956	0.924	0.915	0.933	0.936	0.942	0.932	0.913	0.962	0.927	0.091	0.095	0.952	0.960	0.956	0.957	0.946	0.984	0.934	0.953	0.905	0.972	0.092	0.093	0.969	0.992	0.964	0.947	0.979	0.951	0.991	0.952	0.995	0.968	0.093	0.092	0.094	0.092	0.093	0.093	0.093	0.094	0.096	0.094	0.095	0.095	0.093
55:00:53	19.2	0.092	0.094	0.092	0.092	0.094	0.094	0.092	0.092	0.092	0.091	0.092	0.095	0.092	0.966	0.944	0.969	0.956	0.920	0.960	0.946	0.936	0.983	0.975	0.094	0.092	0.947	0.963	0.941	0.937	0.989	0.911	0.942	0.946	0.955	1.039	0.094	0.092	0.920	0.958	0.980	0.965	0.939	0.986	0.934	0.920	0.982	0.980	0.092	0.096	0.958	0.922	0.918	0.934	0.938	0.947	0.935	0.918	0.954	0.929	0.091	0.095	0.951	0.961	0.957	0.956	0.950	0.985	0.940	0.955	0.906	0.972	0.092	0.093	0.972	0.995	0.964	0.948	0.988	0.952	0.999	0.954	0.998	0.970	0.093	0.092	0.093	0.092	0.093	0.093	0.093	0.094	0.095	0.094	0.095	0.095	0.092
56:00:53	19.3	0.092	0.094	0.092	0.092	0.094	0.095	0.093	0.093	0.092	0.091	0.093	0.095	0.092	0.973	0.953	0.974	0.961	0.926	0.959	0.950	0.938	0.987	0.982	0.094	0.092	0.951	0.971	0.950	0.945	0.990	0.913	0.946	0.945	0.961	1.041	0.094	0.093	0.921	0.961	0.981	0.972	0.938	0.988	0.934	0.922	0.982	0.983	0.092	0.096	0.962	0.923	0.922	0.937	0.940	0.956	0.938	0.925	0.958	0.933	0.092	0.095	0.953	0.963	0.960	0.953	0.958	0.986	0.948	0.957	0.908	0.971	0.092	0.093	0.977	0.997	0.964	0.950	0.996	0.954	1.005	0.958	0.998	0.971	0.093	0.092	0.094	0.093	0.094	0.093	0.093	0.094	0.096	0.094	0.095	0.095	0.093
57:00:56	19.3	0.092	0.094	0.092	0.092	0.094	0.095	0.093	0.093	0.092	0.092	0.093	0.095	0.092	0.979	0.961	0.981	0.969	0.929	0.958	0.955	0.942	0.994	0.989	0.094	0.092	0.957	0.973	0.962	0.952	0.988	0.914	0.952	0.947	0.968	1.040	0.094	0.093	0.923	0.968	0.981	0.971	0.933	0.989	0.937	0.927	0.981	0.986	0.092	0.095	0.967	0.926	0.928	0.942	0.945	0.966	0.943	0.930	0.965	0.940	0.092	0.095	0.952	0.968	0.964	0.962	0.966	0.986	0.956	0.956	0.909	0.971	0.092	0.093	0.982	0.999	0.966	0.953	1.001	0.955	1.003	0.961	0.999	0.973	0.092	0.092	0.093	0.093	0.093	0.093	0.093	0.094	0.096	0.094	0.095	0.095	0.093
58:00:55	19.3	0.092	0.094	0.092	0.092	0.094	0.094	0.093	0.092	0.092	0.091	0.093	0.095	0.092	0.986	0.967	0.989	0.977	0.933	0.977	0.960	0.949	1.004	0.996	0.094	0.092	0.965	0.973	0.970	0.958	0.988	0.914	0.959	0.948	0.975	1.039	0.094	0.092	0.926	0.973	0.980	0.969	0.934	0.986	0.934	0.934	0.982	0.987	0.092	0.096	0.973	0.929	0.934	0.947	0.951	0.974	0.951	0.934	0.967	0.948	0.091	0.095	0.952	0.974	0.970	0.963	0.974	0.986	0.965	0.956	0.910	0.970	0.092	0.093	0.987	1.001	0.968	0.960	1.000	0.956	1.001	0.966	1.000	0.977	0.092	0.092	0.093	0.092	0.093	0.093	0.093	0.094	0.096	0.094	0.095	0.095	0.093
59:00:56	19.3	0.092	0.094	0.092	0.092	0.094	0.094	0.092	0.092	0.092	0.091	0.092	0.095	0.092	0.992	0.975	1.000	0.987	0.937	0.971	0.969	0.956	1.014	1.002	0.094	0.092	0.975	0.972	0.976	0.965	0.986	0.915	0.970	0.958	0.983	1.036	0.093	0.093	0.931	0.982	0.979	0.966	0.940	0.986	0.943	0.942	0.982	0.990	0.092	0.096	0.982	0.936	0.941	0.956	0.959	0.982	0.961	0.941	0.967	0.961	0.091	0.095	0.951	0.981	0.978	0.970	0.981	0.986	0.975	0.956	0.912	0.971	0.092	0.093	0.991	1.005	0.970	0.969	0.998	0.957	0.999	0.965	0.998	0.983	0.093	0.092	0.093	0.092	0.093	0.093	0.093	0.094	0.095	0.094	0.095	0.095	0.092
60:00:57	19.3	0.092	0.094	0.092	0.092	0.094	0.095	0.093	0.093	0.092	0.092	0.093	0.095	0.092	1.002	0.983	1.015	1.000	0.940	0.977	0.981	0.967	1.026	1.010	0.094	0.092	0.985	0.970	0.984	0.972	0.987	0.917	0.981	0.963	0.990	1.034	0.094	0.093	0.938	0.993	0.977	0.963	0.947	0.987	0.958	0.954	0.984	0.992	0.092	0.096	0.992	0.944	0.951	0.965	0.971	0.995	0.974	0.946	0.968	0.974	0.092	0.095	0.950	0.990	0.986	0.977	0.988	0.986	0.982	0.959	0.916	0.981	0.092	0.094	1.000	1.013	0.977	0.981	0.998	0.960	0.998	0.967	0.997	0.991	0.093	0.092	0.094	0.092	0.094	0.093	0.093	0.094	0.096	0.094	0.095	0.095	0.093
61:00:58	19.3	0.092	0.094	0.092	0.092	0.094	0.094	0.093	0.092	0.092	0.092	0.093	0.095	0.092	1.012	0.989	1.031	1.015	0.950	0.977	0.993	0.981	1.039	1.018	0.094	0.092	0.999	0.968	0.990	0.981	0.986	0.918	0.993	0.966	0.996	1.034	0.094	0.093	0.949	1.005	0.977	0.962	0.950	0.988	0.956	0.967	0.987	0.996	0.092	0.096	1.003	0.954	0.961	0.977	0.983	1.004	0.986	0.955	0.969	0.988	0.092	0.095	0.952	1.000	0.997	0.978	0.994	0.989	0.988	0.961	0.919	0.988	0.092	0.093	1.010	1.017	0.981	0.994	0.996	0.961	0.997	0.975	1.000	1.003	0.093	0.092	0.094	0.093	0.094	0.093	0.093	0.094	0.096	0.094	0.095	0.095	0.093
62:01:00	19.3	0.092	0.094	0.092	0.092	0.094	0.094	0.093	0.093	0.092	0.091	0.093	0.095	0.092	1.025	0.995	1.046	1.030	0.962	0.978	1.007	0.992	1.054	1.027	0.094	0.092	1.013	0.966	0.996	0.985	0.988	0.919	1.006	0.974	1.002	1.035	0.094	0.093	0.959	1.017	0.978	0.960	0.954	0.989	0.961	0.981	0.989	1.001	0.092	0.096	1.014	0.966	0.971	0.987	0.995	1.013	0.999	0.958	0.972	1.004	0.092	0.095	0.955	1.012	1.009	0.983	1.000	0.991	0.995	0.965	0.922	0.999	0.092	0.093	1.024	1.025	0.995	1.009	0.996	0.964	0.997	0.978	1.001	1.017	0.093	0.092	0.093	0.093	0.093	0.093	0.093	0.094	0.096	0.094	0.095	0.095	0.093
63:01:01	19.4	0.092	0.094	0.092	0.092	0.094	0.094	0.093	0.092	0.092	0.091	0.093	0.095	0.092	1.038	1.001	1.062	1.045	0.964	0.979	1.022	1.010	1.067	1.034	0.094	0.092	1.027	0.965	1.000	0.988	0.989	0.922	1.019	0.976	1.007	1.037	0.094	0.092	0.973	1.029	0.979	0.961	0.957	0.992	0.963	0.993	0.993	1.004	0.092	0.095	1.028	0.979	0.982	1.001	1.006	1.019	1.014	0.960	0.974	1.019	0.092	0.095	0.955	1.025	1.021	0.985	1.004	0.992	0.999	0.969	0.927	1.011	0.092	0.093	1.037	1.031	1.005	1.022	0.997	0.967	0.999	0.983	1.005	1.033	0.092	0.092	0.093	0.092	0.093	0.093	0.093	0.093	0.095	0.094	0.095	0.095	0.093
64:01:01	19.5	0.092	0.094	0.092	0.092	0.094	0.094	0.093	0.092	0.092	0.092	0.092	0.095	0.092	1.056	1.008	1.076	1.061	0.968	0.982	1.036	1.024	1.079	1.043	0.094	0.092	1.040	0.965	1.003	0.994	0.992	0.926	1.029	0.981	1.010	1.040	0.094	0.093	0.989	1.042	0.981	0.962	0.960	0.995	0.966	1.005	0.997	1.010	0.092	0.096	1.039	0.994	0.995	1.014	1.018	1.025	1.025	0.964	0.979	1.034	0.091	0.095	0.964	1.038	1.032	0.989	1.009	0.996	1.007	0.973	0.932	1.019	0.092	0.093	1.053	1.038	1.019	1.037	1.000	0.972	1.003	0.987	1.009	1.051	0.092	0.092	0.093	0.092	0.093	0.093	0.093	0.094	0.096	0.094	0.095	0.095	0.093
65:01:02	19.5	0.092	0.094	0.092	0.092	0.094	0.094	0.093	0.093	0.092	0.091	0.093	0.095	0.092	1.070	1.016	1.090	1.076	0.971	0.985	1.053	1.038	1.092	1.051	0.094	0.092	1.055	0.967	1.008	0.997	0.995	0.930	1.040	0.987	1.017	1.043	0.094	0.093	1.006	1.054	0.984	0.963	0.963	0.997	0.969	1.017	1.000	1.017	0.092	0.095	1.052	1.007	1.007	1.029	1.031	1.029	1.034	0.967	0.985	1.045	0.092	0.095	0.977	1.050	1.042	0.994	1.012	0.999	1.009	0.977	0.937	1.027	0.092	0.093	1.069	1.044	1.023	1.054	1.004	0.977	1.007	0.990	1.014	1.067	0.092	0.093	0.094	0.092	0.093	0.093	0.093	0.094	0.096	0.094	0.095	0.095	0.093
66:01:03	19.7	0.092	0.094	0.092	0.092	0.094	0.094	0.092	0.092	0.092	0.091	0.093	0.095	0.092	1.083	1.023	1.104	1.088	0.972	0.989	1.067	1.052	1.106	1.061	0.094	0.091	1.069	0.971	1.011	0.999	0.999	0.934	1.049	0.992	1.020	1.048	0.093	0.092	1.017	1.065	0.988	0.966	0.966	1.001	0.973	1.028	1.004	1.023	0.092	0.095	1.064	1.020	1.019	1.041	1.041	1.032	1.043	0.968	0.988	1.057	0.091	0.095	0.988	1.061	1.052	1.000	1.012	1.003	1.012	0.981	0.941	1.036	0.092	0.093	1.082	1.051	1.039	1.068	1.009	0.985	1.012	0.995	1.020	1.082	0.092	0.092	0.093	0.092	0.093	0.093	0.093	0.093	0.096	0.094	0.095	0.095	0.093
67:01:04	19.8	0.091	0.094	0.092	0.092	0.094	0.094	0.093	0.092	0.092	0.091	0.092	0.095	0.092	1.095	1.029	1.118	1.098	0.974	0.993	1.077	1.064	1.115	1.068	0.094	0.092	1.082	0.974	1.013	0.998	1.002	0.938	1.057	0.996	1.023	1.052	0.094	0.092	1.036	1.073	0.990	0.969	0.971	1.003	0.977	1.039	1.009	1.028	0.092	0.095	1.075	1.035	1.029	1.055	1.050	1.034	1.049	0.968	0.994	1.067	0.091	0.095	0.999	1.073	1.059	1.006	1.014	1.006	1.014	0.987	0.944	1.041	0.092	0.093	1.096	1.055	1.050	1.081	1.014	0.989	1.018	1.001	1.027	1.095	0.092	0.092	0.093	0.092	0.093	0.093	0.093	0.094	0.095	0.094	0.094	0.095	0.092
68:01:05	19.8	0.092	0.094	0.091	0.092	0.094	0.094	0.092	0.092	0.092	0.091	0.092	0.095	0.092	1.108	1.035	1.129	1.108	0.974	0.998	1.090	1.077	1.125	1.077	0.094	0.092	1.095	0.979	1.016	0.997	1.005	0.941	1.064	1.003	1.027	1.055	0.093	0.092	1.050	1.081	0.993	0.971	0.976	1.006	0.981	1.050	1.012	1.034	0.092	0.095	1.087	1.049	1.039	1.066	1.056	1.038	1.053	0.971	0.998	1.077	0.091	0.095	1.014	1.082	1.067	1.013	1.015	1.010	1.013	0.991	0.950	1.044	0.091	0.093	1.109	1.062	1.052	1.092	1.018	0.996	1.024	1.007	1.034	1.109	0.092	0.092	0.093	0.092	0.092	0.092	0.093	0.093	0.095	0.094	0.094	0.095	0.093
69:01:06	19.9	0.092	0.094	0.092	0.092	0.094	0.094	0.093	0.092	0.092	0.091	0.092	0.095	0.092	1.119	1.041	1.140	1.120	0.979	1.004	1.100	1.089	1.134	1.084	0.094	0.092	1.105	0.985	1.018	1.001	1.008	0.945	1.071	1.010	1.030	1.062	0.093	0.092	1.064	1.088	0.997	0.975	0.981	1.010	0.987	1.061	1.016	1.039	0.092	0.096	1.099	1.063	1.045	1.075	1.061	1.036	1.056	0.976	1.005	1.086	0.092	0.095	1.025	1.093	1.075	1.020	1.014	1.016	1.013	0.997	0.955	1.049	0.092	0.093	1.122	1.070	1.056	1.105	1.026	1.003	1.031	1.015	1.041	1.123	0.092	0.092	0.093	0.092	0.093	0.093	0.093	0.094	0.095	0.094	0.094	0.095	0.092
70:01:07	19.9	0.092	0.094	0.092	0.092	0.094	0.094	0.093	0.092	0.092	0.091	0.092	0.094	0.092	1.131	1.048	1.149	1.128	0.985	1.009	1.111	1.100	1.143	1.093	0.095	0.092	1.115	0.992	1.020	0.999	1.013	0.951	1.077	1.016	1.037	1.065	0.093	0.092	1.075	1.096	1.001	0.979	0.986	1.012	0.992	1.067	1.021	1.046	0.092	0.095	1.109	1.077	1.049	1.081	1.069	1.038	1.060	0.980	1.009	1.095	0.091	0.095	1.034	1.102	1.085	1.029	1.013	1.018	1.013	1.004	0.960	1.055	0.092	0.093	1.135	1.076	1.063	1.116	1.033	1.010	1.038	1.022	1.048	1.135	0.092	0.092	0.093	0.092	0.093	0.093	0.093	0.094	0.095	0.094	0.095	0.095	0.093
71:01:08	20.0	0.092	0.094	0.092	0.092	0.094	0.094	0.093	0.092	0.092	0.091	0.092	0.095	0.092	1.142	1.054	1.156	1.136	0.989	1.016	1.118	1.109	1.151	1.103	0.094	0.092	1.123	0.999	1.020	1.000	1.017	0.955	1.082	1.020	1.040	1.069	0.094	0.092	1.089	1.104	1.005	0.984	0.992	1.016	0.999	1.070	1.027	1.051	0.092	0.095	1.119	1.091	1.053	1.085	1.075	1.037	1.065	0.983	1.017	1.105	0.091	0.095	1.046	1.111	1.092	1.035	1.015	1.022	1.016	1.010	0.965	1.064	0.092	0.093	1.148	1.087	1.076	1.126	1.041	1.018	1.045	1.030	1.057	1.149	0.092	0.092	0.093	0.092	0.092	0.093	0.093	0.094	0.096	0.094	0.095	0.095	0.093
72:01:10	20.0	0.092	0.094	0.091	0.092	0.094	0.094	0.093	0.092	0.092	0.091	0.092	0.094	0.092	1.154	1.059	1.162	1.142	0.996	1.022	1.127	1.118	1.159	1.111	0.094	0.091	1.131	1.006	1.021	1.002	1.019	0.959	1.089	1.027	1.043	1.073	0.093	0.092	1.099	1.110	1.010	0.987	0.997	1.019	1.004	1.077	1.030	1.055	0.091	0.095	1.128	1.101	1.060	1.090	1.079	1.038	1.068	0.990	1.023	1.115	0.092	0.095	1.054	1.119	1.098	1.041	1.017	1.025	1.018	1.016	0.969	1.071	0.091	0.093	1.157	1.094	1.091	1.136	1.049	1.026	1.051	1.038	1.064	1.160	0.092	0.092	0.093	0.092	0.092	0.092	0.093	0.093	0.095	0.093	0.094	0.095	0.092

