Time	T° 600	A1	A2	A3	A4	A5	A6	A7	A8	A9	A10	A11	A12	B1	B2	B3	B4	B5	B6	B7	B8	B9	B10	B11	B12	C1	C2	C3	C4	C5	C6	C7	C8	C9	C10	C11	C12	D1	D2	D3	D4	D5	D6	D7	D8	D9	D10	D11	D12	E1	E2	E3	E4	E5	E6	E7	E8	E9	E10	E11	E12	F1	F2	F3	F4	F5	F6	F7	F8	F9	F10	F11	F12	G1	G2	G3	G4	G5	G6	G7	G8	G9	G10	G11	G12	H1	H2	H3	H4	H5	H6	H7	H8	H9	H10	H11	H12
0:00:06	18.8	0.092	0.093	0.092	0.096	0.093	0.094	0.091	0.093	0.099	0.094	0.092	0.093	0.093	0.147	0.178	0.121	0.131	0.162	0.152	0.153	0.158	0.122	0.208	0.095	0.091	0.133	0.144	0.160	0.159	0.145	0.159	0.149	0.146	0.200	0.157	0.095	0.092	0.141	0.141	0.133	0.096	0.131	0.134	0.135	0.137	0.167	0.211	0.093	0.093	0.136	0.180	0.141	0.164	0.134	0.205	0.123	0.205	0.168	0.179	0.091	0.094	0.192	0.158	0.161	0.147	0.201	0.163	0.188	0.157	0.158	0.156	0.091	0.094	0.098	0.144	0.131	0.134	0.159	0.160	0.098	0.154	0.121	0.137	0.091	0.093	0.094	0.091	0.092	0.093	0.093	0.098	0.094	0.094	0.094	0.094	0.092
1:00:06	19.5	0.092	0.093	0.092	0.096	0.093	0.094	0.091	0.093	0.100	0.094	0.093	0.093	0.093	0.153	0.185	0.125	0.135	0.169	0.157	0.160	0.163	0.126	0.215	0.095	0.091	0.138	0.149	0.165	0.164	0.149	0.166	0.154	0.150	0.206	0.163	0.095	0.092	0.145	0.146	0.136	0.097	0.136	0.139	0.139	0.142	0.173	0.217	0.092	0.093	0.141	0.185	0.145	0.170	0.138	0.213	0.126	0.212	0.174	0.184	0.091	0.094	0.201	0.162	0.166	0.152	0.209	0.169	0.195	0.164	0.165	0.163	0.091	0.094	0.099	0.148	0.136	0.138	0.166	0.166	0.099	0.161	0.125	0.141	0.091	0.093	0.094	0.091	0.092	0.093	0.093	0.098	0.094	0.093	0.095	0.094	0.092
2:00:07	20.0	0.092	0.093	0.092	0.096	0.093	0.094	0.091	0.093	0.103	0.093	0.092	0.093	0.093	0.163	0.193	0.130	0.138	0.176	0.163	0.166	0.169	0.131	0.225	0.095	0.091	0.145	0.160	0.173	0.173	0.153	0.174	0.161	0.154	0.216	0.171	0.095	0.092	0.150	0.150	0.143	0.099	0.142	0.142	0.143	0.146	0.180	0.226	0.092	0.093	0.147	0.193	0.153	0.178	0.142	0.222	0.129	0.218	0.180	0.190	0.091	0.094	0.210	0.168	0.175	0.157	0.216	0.178	0.202	0.172	0.172	0.167	0.091	0.094	0.101	0.155	0.140	0.142	0.174	0.172	0.100	0.170	0.129	0.146	0.091	0.093	0.094	0.091	0.093	0.093	0.093	0.098	0.094	0.094	0.094	0.094	0.091
3:00:07	20.3	0.092	0.093	0.092	0.096	0.093	0.095	0.092	0.093	0.106	0.094	0.093	0.093	0.093	0.171	0.202	0.134	0.143	0.183	0.169	0.171	0.177	0.135	0.233	0.095	0.092	0.153	0.168	0.184	0.182	0.157	0.182	0.167	0.159	0.223	0.177	0.095	0.092	0.154	0.156	0.148	0.101	0.147	0.148	0.148	0.151	0.186	0.233	0.093	0.093	0.152	0.204	0.160	0.190	0.146	0.229	0.134	0.228	0.187	0.198	0.092	0.094	0.218	0.175	0.181	0.163	0.223	0.187	0.207	0.179	0.180	0.173	0.091	0.094	0.103	0.160	0.144	0.146	0.182	0.179	0.102	0.179	0.133	0.150	0.091	0.093	0.094	0.091	0.092	0.093	0.094	0.098	0.094	0.094	0.095	0.094	0.092
4:00:07	20.5	0.092	0.093	0.092	0.096	0.093	0.094	0.092	0.093	0.110	0.094	0.093	0.093	0.093	0.175	0.208	0.138	0.147	0.188	0.175	0.177	0.184	0.139	0.241	0.094	0.091	0.158	0.173	0.192	0.189	0.162	0.188	0.173	0.163	0.230	0.186	0.094	0.092	0.158	0.161	0.154	0.102	0.152	0.153	0.152	0.155	0.192	0.241	0.093	0.093	0.156	0.211	0.165	0.197	0.151	0.238	0.138	0.235	0.194	0.204	0.091	0.094	0.224	0.183	0.185	0.167	0.229	0.193	0.214	0.186	0.186	0.181	0.091	0.094	0.105	0.167	0.148	0.151	0.189	0.185	0.103	0.187	0.136	0.154	0.091	0.093	0.094	0.091	0.092	0.093	0.093	0.098	0.094	0.094	0.095	0.094	0.092
5:00:08	20.6	0.092	0.093	0.092	0.096	0.093	0.095	0.092	0.093	0.115	0.094	0.093	0.093	0.093	0.179	0.216	0.142	0.152	0.194	0.181	0.182	0.191	0.143	0.248	0.095	0.091	0.161	0.177	0.197	0.194	0.166	0.193	0.177	0.170	0.237	0.192	0.094	0.092	0.164	0.166	0.159	0.106	0.157	0.159	0.156	0.159	0.197	0.247	0.093	0.093	0.162	0.218	0.171	0.202	0.157	0.244	0.142	0.243	0.201	0.210	0.092	0.095	0.233	0.190	0.189	0.174	0.235	0.201	0.220	0.192	0.193	0.187	0.092	0.094	0.108	0.174	0.152	0.156	0.200	0.191	0.106	0.195	0.142	0.161	0.092	0.093	0.094	0.092	0.093	0.093	0.093	0.098	0.094	0.094	0.095	0.095	0.092
6:00:11	20.5	0.092	0.093	0.092	0.096	0.093	0.095	0.092	0.093	0.120	0.094	0.093	0.093	0.093	0.184	0.220	0.147	0.157	0.199	0.187	0.187	0.197	0.148	0.255	0.095	0.092	0.167	0.182	0.200	0.199	0.171	0.199	0.181	0.175	0.242	0.198	0.095	0.092	0.170	0.170	0.165	0.109	0.161	0.164	0.162	0.165	0.202	0.254	0.093	0.097	0.167	0.224	0.175	0.208	0.162	0.250	0.146	0.250	0.207	0.216	0.092	0.095	0.243	0.197	0.193	0.179	0.243	0.209	0.225	0.196	0.200	0.193	0.092	0.095	0.111	0.178	0.157	0.161	0.207	0.199	0.110	0.202	0.148	0.167	0.092	0.093	0.094	0.092	0.093	0.093	0.094	0.098	0.095	0.094	0.095	0.096	0.092
7:00:13	20.5	0.092	0.093	0.092	0.096	0.093	0.095	0.092	0.093	0.125	0.094	0.093	0.093	0.093	0.191	0.225	0.152	0.162	0.205	0.195	0.192	0.202	0.153	0.260	0.095	0.092	0.169	0.184	0.205	0.205	0.174	0.205	0.186	0.179	0.251	0.203	0.095	0.092	0.176	0.175	0.169	0.114	0.165	0.169	0.166	0.170	0.207	0.260	0.093	0.093	0.172	0.231	0.178	0.212	0.167	0.258	0.151	0.255	0.211	0.220	0.092	0.094	0.249	0.203	0.198	0.184	0.248	0.215	0.230	0.202	0.208	0.199	0.092	0.094	0.116	0.179	0.161	0.166	0.210	0.205	0.114	0.212	0.153	0.173	0.092	0.093	0.094	0.091	0.093	0.093	0.093	0.098	0.094	0.094	0.095	0.095	0.092
8:00:13	20.4	0.092	0.093	0.092	0.097	0.094	0.095	0.092	0.093	0.131	0.094	0.093	0.094	0.093	0.201	0.230	0.156	0.167	0.210	0.201	0.198	0.208	0.158	0.265	0.095	0.092	0.177	0.188	0.210	0.211	0.180	0.214	0.191	0.184	0.259	0.206	0.095	0.092	0.181	0.181	0.173	0.120	0.169	0.176	0.171	0.175	0.212	0.266	0.093	0.094	0.177	0.237	0.182	0.217	0.172	0.270	0.156	0.265	0.216	0.225	0.092	0.095	0.258	0.206	0.205	0.190	0.255	0.223	0.238	0.210	0.212	0.205	0.092	0.095	0.122	0.189	0.167	0.171	0.217	0.211	0.120	0.217	0.160	0.180	0.092	0.094	0.095	0.092	0.093	0.094	0.094	0.099	0.095	0.094	0.096	0.096	0.092
9:00:14	20.4	0.092	0.093	0.092	0.096	0.093	0.094	0.092	0.093	0.135	0.094	0.093	0.093	0.093	0.205	0.236	0.160	0.172	0.215	0.207	0.203	0.214	0.164	0.269	0.095	0.091	0.185	0.194	0.217	0.218	0.184	0.219	0.197	0.190	0.263	0.208	0.095	0.092	0.186	0.185	0.178	0.127	0.173	0.182	0.177	0.180	0.217	0.274	0.093	0.093	0.187	0.242	0.187	0.223	0.178	0.277	0.160	0.274	0.221	0.233	0.092	0.094	0.264	0.207	0.212	0.195	0.260	0.231	0.243	0.215	0.219	0.211	0.092	0.095	0.129	0.196	0.174	0.176	0.220	0.218	0.126	0.226	0.164	0.189	0.092	0.093	0.094	0.092	0.093	0.093	0.093	0.098	0.094	0.094	0.095	0.096	0.092
10:00:15	20.4	0.092	0.093	0.092	0.096	0.093	0.095	0.092	0.093	0.140	0.094	0.093	0.093	0.093	0.209	0.241	0.165	0.178	0.221	0.211	0.210	0.220	0.170	0.277	0.095	0.092	0.189	0.197	0.223	0.226	0.189	0.224	0.201	0.196	0.271	0.213	0.095	0.092	0.191	0.190	0.183	0.135	0.181	0.188	0.182	0.185	0.223	0.280	0.093	0.093	0.193	0.248	0.192	0.231	0.185	0.284	0.167	0.281	0.228	0.238	0.092	0.095	0.269	0.213	0.219	0.200	0.267	0.235	0.250	0.220	0.227	0.218	0.092	0.094	0.137	0.202	0.182	0.184	0.227	0.223	0.132	0.235	0.171	0.197	0.092	0.093	0.094	0.092	0.093	0.093	0.093	0.099	0.094	0.094	0.095	0.096	0.092
11:00:16	20.4	0.092	0.093	0.092	0.096	0.093	0.095	0.092	0.093	0.145	0.094	0.093	0.093	0.093	0.213	0.247	0.169	0.184	0.228	0.217	0.217	0.227	0.177	0.285	0.095	0.092	0.193	0.203	0.230	0.230	0.193	0.228	0.205	0.203	0.278	0.218	0.095	0.092	0.197	0.195	0.187	0.149	0.188	0.195	0.189	0.191	0.227	0.286	0.093	0.093	0.199	0.253	0.197	0.238	0.192	0.292	0.173	0.290	0.233	0.245	0.092	0.095	0.275	0.219	0.224	0.204	0.273	0.242	0.255	0.228	0.235	0.224	0.092	0.094	0.146	0.206	0.190	0.190	0.230	0.229	0.142	0.240	0.177	0.204	0.092	0.093	0.094	0.091	0.093	0.093	0.093	0.099	0.094	0.094	0.095	0.095	0.092
12:00:17	20.4	0.092	0.093	0.092	0.097	0.094	0.095	0.092	0.094	0.151	0.094	0.093	0.094	0.093	0.219	0.253	0.176	0.192	0.235	0.223	0.224	0.235	0.184	0.293	0.095	0.092	0.199	0.208	0.233	0.237	0.198	0.234	0.211	0.210	0.286	0.222	0.095	0.093	0.205	0.199	0.192	0.166	0.194	0.203	0.197	0.198	0.232	0.296	0.094	0.094	0.205	0.257	0.202	0.242	0.199	0.304	0.180	0.295	0.241	0.250	0.092	0.095	0.279	0.224	0.231	0.209	0.279	0.248	0.261	0.235	0.241	0.231	0.092	0.095	0.158	0.210	0.198	0.197	0.241	0.233	0.154	0.250	0.185	0.211	0.092	0.094	0.095	0.092	0.093	0.093	0.094	0.099	0.094	0.094	0.095	0.096	0.092
13:00:17	20.4	0.092	0.093	0.092	0.096	0.093	0.095	0.092	0.093	0.156	0.094	0.093	0.093	0.093	0.225	0.257	0.183	0.199	0.242	0.230	0.231	0.243	0.190	0.302	0.095	0.092	0.202	0.211	0.236	0.242	0.202	0.238	0.216	0.217	0.294	0.228	0.095	0.092	0.212	0.203	0.197	0.180	0.201	0.209	0.203	0.205	0.236	0.303	0.093	0.094	0.210	0.261	0.206	0.249	0.206	0.311	0.185	0.302	0.246	0.253	0.092	0.095	0.284	0.230	0.233	0.214	0.284	0.254	0.267	0.240	0.244	0.235	0.092	0.095	0.177	0.218	0.205	0.203	0.250	0.240	0.167	0.257	0.192	0.217	0.092	0.093	0.094	0.092	0.093	0.093	0.094	0.099	0.095	0.094	0.095	0.096	0.092
14:00:18	20.5	0.091	0.093	0.092	0.096	0.094	0.095	0.092	0.093	0.161	0.094	0.093	0.093	0.093	0.231	0.260	0.189	0.207	0.250	0.237	0.237	0.251	0.197	0.308	0.095	0.092	0.207	0.217	0.241	0.248	0.207	0.243	0.222	0.224	0.300	0.235	0.095	0.092	0.217	0.210	0.203	0.194	0.206	0.217	0.211	0.211	0.240	0.311	0.093	0.094	0.217	0.266	0.211	0.259	0.214	0.317	0.191	0.309	0.251	0.259	0.092	0.095	0.288	0.236	0.240	0.220	0.291	0.262	0.273	0.245	0.251	0.242	0.092	0.095	0.193	0.226	0.214	0.210	0.254	0.248	0.180	0.264	0.199	0.225	0.092	0.093	0.094	0.092	0.092	0.093	0.094	0.099	0.094	0.094	0.095	0.095	0.092
15:00:20	20.5	0.092	0.093	0.092	0.096	0.094	0.095	0.092	0.093	0.169	0.094	0.093	0.094	0.093	0.238	0.265	0.195	0.215	0.258	0.245	0.244	0.259	0.206	0.315	0.095	0.092	0.214	0.222	0.246	0.256	0.214	0.251	0.227	0.232	0.307	0.246	0.095	0.092	0.224	0.216	0.208	0.201	0.213	0.224	0.218	0.219	0.245	0.319	0.093	0.093	0.223	0.273	0.217	0.267	0.222	0.323	0.198	0.314	0.256	0.264	0.092	0.095	0.293	0.245	0.247	0.227	0.299	0.270	0.280	0.252	0.258	0.249	0.092	0.095	0.205	0.234	0.223	0.217	0.260	0.254	0.190	0.269	0.206	0.234	0.092	0.094	0.094	0.092	0.093	0.093	0.094	0.098	0.094	0.094	0.095	0.095	0.092
16:00:20	20.6	0.092	0.093	0.092	0.096	0.093	0.095	0.092	0.093	0.178	0.094	0.093	0.093	0.093	0.243	0.272	0.202	0.224	0.265	0.254	0.252	0.265	0.215	0.321	0.095	0.091	0.220	0.227	0.253	0.265	0.221	0.257	0.233	0.240	0.313	0.247	0.095	0.092	0.231	0.223	0.213	0.208	0.222	0.233	0.225	0.225	0.250	0.324	0.093	0.093	0.228	0.278	0.224	0.275	0.230	0.330	0.206	0.319	0.260	0.269	0.092	0.095	0.300	0.253	0.252	0.234	0.306	0.276	0.287	0.258	0.263	0.256	0.092	0.095	0.217	0.244	0.233	0.225	0.265	0.261	0.199	0.274	0.214	0.243	0.092	0.093	0.094	0.092	0.093	0.093	0.093	0.099	0.094	0.094	0.095	0.095	0.092
17:00:21	20.6	0.092	0.093	0.092	0.097	0.094	0.095	0.092	0.093	0.187	0.094	0.093	0.094	0.093	0.249	0.282	0.211	0.235	0.274	0.263	0.260	0.273	0.224	0.329	0.095	0.092	0.228	0.232	0.261	0.273	0.228	0.264	0.240	0.249	0.320	0.254	0.095	0.093	0.240	0.230	0.219	0.218	0.231	0.240	0.232	0.234	0.255	0.331	0.094	0.093	0.235	0.284	0.231	0.285	0.239	0.338	0.214	0.325	0.266	0.276	0.092	0.095	0.307	0.263	0.260	0.242	0.316	0.284	0.296	0.267	0.270	0.265	0.092	0.095	0.226	0.257	0.243	0.235	0.272	0.270	0.208	0.279	0.223	0.253	0.092	0.094	0.095	0.092	0.093	0.093	0.094	0.099	0.095	0.094	0.095	0.096	0.092
18:00:22	20.7	0.092	0.093	0.092	0.097	0.094	0.095	0.092	0.093	0.197	0.094	0.094	0.094	0.093	0.257	0.291	0.221	0.245	0.283	0.273	0.269	0.281	0.233	0.338	0.095	0.092	0.236	0.239	0.270	0.281	0.236	0.269	0.248	0.258	0.327	0.258	0.095	0.092	0.250	0.240	0.226	0.230	0.241	0.249	0.240	0.241	0.261	0.338	0.093	0.094	0.242	0.292	0.237	0.294	0.249	0.347	0.221	0.331	0.273	0.284	0.092	0.095	0.316	0.272	0.267	0.251	0.327	0.288	0.304	0.275	0.276	0.273	0.092	0.095	0.235	0.266	0.255	0.245	0.282	0.277	0.218	0.284	0.233	0.262	0.092	0.094	0.094	0.092	0.093	0.093	0.094	0.099	0.094	0.094	0.095	0.095	0.092
19:00:24	20.7	0.092	0.093	0.092	0.097	0.094	0.095	0.092	0.094	0.206	0.094	0.093	0.094	0.093	0.267	0.301	0.231	0.256	0.294	0.284	0.278	0.292	0.243	0.348	0.095	0.092	0.244	0.246	0.280	0.290	0.245	0.278	0.256	0.269	0.336	0.264	0.095	0.092	0.261	0.250	0.235	0.242	0.250	0.258	0.248	0.251	0.269	0.345	0.094	0.093	0.250	0.301	0.245	0.305	0.258	0.358	0.228	0.340	0.280	0.293	0.092	0.095	0.326	0.283	0.276	0.262	0.338	0.296	0.315	0.285	0.285	0.281	0.092	0.095	0.246	0.278	0.267	0.255	0.292	0.287	0.229	0.291	0.243	0.271	0.092	0.093	0.094	0.092	0.093	0.093	0.094	0.099	0.095	0.094	0.096	0.096	0.092
20:00:27	20.8	0.092	0.093	0.092	0.097	0.093	0.095	0.092	0.093	0.214	0.094	0.093	0.094	0.093	0.275	0.312	0.242	0.267	0.305	0.296	0.287	0.302	0.254	0.359	0.095	0.092	0.254	0.254	0.289	0.301	0.254	0.286	0.266	0.279	0.346	0.272	0.095	0.092	0.270	0.259	0.244	0.253	0.260	0.267	0.257	0.260	0.276	0.352	0.093	0.094	0.258	0.311	0.254	0.317	0.267	0.369	0.237	0.350	0.290	0.302	0.092	0.095	0.337	0.293	0.284	0.272	0.349	0.304	0.324	0.295	0.294	0.290	0.092	0.095	0.255	0.289	0.280	0.264	0.304	0.296	0.237	0.299	0.250	0.281	0.092	0.094	0.094	0.092	0.093	0.093	0.094	0.099	0.094	0.094	0.095	0.096	0.092
21:00:26	20.8	0.092	0.093	0.093	0.097	0.094	0.095	0.092	0.094	0.223	0.094	0.094	0.094	0.093	0.285	0.324	0.253	0.277	0.315	0.309	0.297	0.316	0.264	0.372	0.095	0.092	0.265	0.263	0.302	0.310	0.263	0.295	0.276	0.290	0.357	0.282	0.095	0.092	0.281	0.267	0.253	0.264	0.271	0.278	0.269	0.270	0.284	0.362	0.093	0.094	0.267	0.322	0.264	0.330	0.277	0.381	0.247	0.360	0.300	0.313	0.092	0.095	0.349	0.304	0.294	0.284	0.362	0.315	0.335	0.305	0.306	0.300	0.092	0.095	0.266	0.302	0.291	0.274	0.316	0.306	0.247	0.310	0.259	0.292	0.092	0.094	0.095	0.092	0.093	0.094	0.094	0.099	0.095	0.094	0.095	0.095	0.092
22:00:27	20.8	0.092	0.093	0.093	0.097	0.094	0.095	0.092	0.094	0.230	0.094	0.093	0.093	0.093	0.294	0.336	0.265	0.287	0.328	0.323	0.308	0.329	0.274	0.384	0.095	0.092	0.277	0.273	0.314	0.321	0.273	0.305	0.287	0.302	0.369	0.293	0.095	0.092	0.290	0.277	0.263	0.275	0.283	0.288	0.281	0.280	0.294	0.373	0.093	0.094	0.275	0.334	0.272	0.345	0.287	0.393	0.255	0.372	0.311	0.325	0.092	0.095	0.363	0.316	0.305	0.295	0.375	0.327	0.347	0.316	0.318	0.311	0.092	0.095	0.278	0.315	0.302	0.285	0.330	0.319	0.259	0.321	0.270	0.304	0.092	0.094	0.094	0.092	0.093	0.093	0.093	0.099	0.095	0.094	0.095	0.096	0.092
23:00:26	20.8	0.092	0.093	0.092	0.096	0.093	0.095	0.092	0.094	0.238	0.094	0.094	0.093	0.093	0.305	0.349	0.274	0.298	0.340	0.341	0.318	0.342	0.287	0.397	0.095	0.092	0.288	0.282	0.328	0.334	0.284	0.315	0.298	0.314	0.382	0.306	0.095	0.092	0.299	0.284	0.275	0.286	0.295	0.300	0.293	0.290	0.303	0.385	0.093	0.093	0.285	0.346	0.282	0.358	0.298	0.405	0.266	0.384	0.323	0.337	0.092	0.095	0.376	0.329	0.317	0.309	0.388	0.340	0.359	0.328	0.332	0.323	0.092	0.095	0.291	0.328	0.314	0.297	0.344	0.333	0.271	0.333	0.281	0.315	0.092	0.094	0.094	0.092	0.093	0.093	0.094	0.099	0.094	0.094	0.095	0.095	0.092
24:00:29	21.0	0.092	0.093	0.092	0.097	0.094	0.095	0.092	0.094	0.245	0.094	0.094	0.094	0.093	0.316	0.364	0.285	0.307	0.354	0.352	0.330	0.356	0.299	0.412	0.095	0.092	0.299	0.293	0.340	0.349	0.296	0.326	0.308	0.328	0.396	0.317	0.095	0.092	0.310	0.292	0.287	0.299	0.306	0.311	0.304	0.300	0.313	0.397	0.094	0.094	0.295	0.360	0.293	0.373	0.308	0.418	0.276	0.398	0.335	0.348	0.092	0.095	0.391	0.342	0.330	0.322	0.401	0.352	0.371	0.341	0.343	0.335	0.092	0.095	0.304	0.342	0.326	0.308	0.357	0.345	0.284	0.346	0.291	0.328	0.092	0.094	0.094	0.092	0.093	0.093	0.094	0.095	0.094	0.094	0.095	0.096	0.092
25:00:29	21.1	0.092	0.094	0.093	0.097	0.093	0.095	0.092	0.094	0.251	0.094	0.094	0.093	0.093	0.329	0.379	0.295	0.317	0.366	0.370	0.341	0.371	0.312	0.426	0.095	0.092	0.311	0.304	0.357	0.363	0.309	0.340	0.321	0.341	0.410	0.330	0.095	0.092	0.319	0.299	0.299	0.312	0.319	0.323	0.317	0.310	0.324	0.409	0.093	0.093	0.304	0.375	0.305	0.390	0.320	0.433	0.287	0.411	0.348	0.361	0.092	0.095	0.405	0.356	0.343	0.335	0.416	0.366	0.384	0.355	0.356	0.347	0.092	0.095	0.317	0.357	0.340	0.322	0.372	0.359	0.299	0.359	0.303	0.341	0.092	0.094	0.095	0.092	0.093	0.094	0.094	0.095	0.095	0.094	0.095	0.096	0.092
26:00:29	21.2	0.091	0.093	0.093	0.096	0.093	0.095	0.092	0.094	0.257	0.094	0.094	0.093	0.093	0.342	0.395	0.306	0.328	0.380	0.384	0.353	0.385	0.324	0.442	0.095	0.092	0.324	0.316	0.374	0.380	0.323	0.354	0.332	0.356	0.426	0.345	0.095	0.092	0.330	0.309	0.313	0.325	0.332	0.334	0.329	0.321	0.337	0.422	0.093	0.094	0.315	0.392	0.318	0.406	0.331	0.446	0.298	0.427	0.363	0.373	0.092	0.095	0.420	0.372	0.356	0.350	0.429	0.381	0.397	0.367	0.371	0.360	0.092	0.095	0.332	0.372	0.352	0.334	0.387	0.371	0.314	0.373	0.315	0.354	0.092	0.093	0.094	0.092	0.093	0.093	0.093	0.095	0.094	0.094	0.095	0.095	0.092
27:00:30	21.4	0.092	0.093	0.093	0.097	0.093	0.095	0.092	0.094	0.261	0.094	0.094	0.093	0.093	0.356	0.411	0.317	0.340	0.394	0.402	0.366	0.400	0.338	0.459	0.095	0.092	0.338	0.330	0.392	0.396	0.337	0.369	0.346	0.373	0.443	0.359	0.095	0.092	0.342	0.318	0.328	0.338	0.345	0.346	0.343	0.334	0.350	0.434	0.093	0.094	0.325	0.408	0.332	0.424	0.344	0.463	0.310	0.442	0.378	0.387	0.092	0.095	0.437	0.388	0.371	0.366	0.447	0.397	0.412	0.383	0.387	0.373	0.092	0.095	0.345	0.389	0.365	0.346	0.403	0.387	0.331	0.390	0.328	0.368	0.092	0.094	0.095	0.092	0.093	0.093	0.094	0.095	0.095	0.094	0.096	0.096	0.092
28:00:32	21.5	0.092	0.093	0.093	0.097	0.093	0.095	0.092	0.095	0.265	0.094	0.094	0.094	0.093	0.370	0.429	0.327	0.351	0.409	0.420	0.380	0.415	0.351	0.477	0.095	0.092	0.352	0.344	0.409	0.414	0.352	0.385	0.359	0.389	0.458	0.375	0.095	0.092	0.352	0.328	0.342	0.351	0.360	0.359	0.356	0.346	0.364	0.450	0.094	0.094	0.337	0.427	0.349	0.444	0.357	0.479	0.323	0.460	0.393	0.401	0.092	0.095	0.455	0.405	0.385	0.381	0.460	0.412	0.426	0.399	0.404	0.387	0.092	0.095	0.358	0.406	0.378	0.360	0.420	0.402	0.347	0.404	0.342	0.383	0.092	0.094	0.095	0.092	0.093	0.094	0.094	0.095	0.094	0.094	0.096	0.096	0.092
29:00:33	21.6	0.092	0.093	0.092	0.097	0.093	0.095	0.092	0.095	0.270	0.094	0.095	0.094	0.093	0.386	0.447	0.336	0.364	0.426	0.439	0.394	0.433	0.365	0.497	0.095	0.092	0.368	0.358	0.428	0.434	0.367	0.402	0.373	0.408	0.478	0.391	0.095	0.093	0.364	0.339	0.358	0.366	0.375	0.372	0.371	0.359	0.379	0.465	0.094	0.094	0.348	0.445	0.363	0.464	0.369	0.496	0.336	0.483	0.410	0.413	0.092	0.095	0.470	0.423	0.402	0.399	0.477	0.428	0.443	0.416	0.420	0.402	0.092	0.095	0.373	0.424	0.393	0.374	0.436	0.417	0.364	0.423	0.358	0.397	0.092	0.094	0.095	0.092	0.093	0.093	0.094	0.095	0.094	0.094	0.095	0.096	0.092
30:00:34	21.7	0.092	0.093	0.093	0.096	0.094	0.095	0.092	0.096	0.274	0.094	0.095	0.093	0.093	0.402	0.468	0.347	0.375	0.443	0.458	0.406	0.448	0.378	0.515	0.095	0.092	0.382	0.373	0.448	0.453	0.383	0.418	0.387	0.425	0.495	0.407	0.095	0.092	0.376	0.348	0.374	0.382	0.391	0.386	0.384	0.371	0.393	0.480	0.093	0.093	0.359	0.463	0.380	0.487	0.383	0.515	0.349	0.496	0.428	0.430	0.092	0.095	0.492	0.440	0.419	0.413	0.492	0.446	0.458	0.435	0.436	0.418	0.092	0.095	0.386	0.441	0.409	0.388	0.453	0.432	0.382	0.438	0.371	0.412	0.092	0.094	0.094	0.091	0.093	0.093	0.093	0.095	0.094	0.094	0.095	0.095	0.092
31:00:35	21.6	0.092	0.093	0.092	0.097	0.094	0.095	0.092	0.097	0.279	0.094	0.096	0.093	0.093	0.418	0.487	0.359	0.388	0.459	0.479	0.419	0.464	0.392	0.535	0.095	0.092	0.399	0.388	0.472	0.476	0.399	0.436	0.401	0.443	0.514	0.425	0.095	0.093	0.389	0.360	0.390	0.396	0.408	0.400	0.399	0.384	0.410	0.496	0.093	0.094	0.373	0.483	0.397	0.509	0.397	0.532	0.363	0.516	0.445	0.447	0.092	0.095	0.512	0.458	0.437	0.430	0.510	0.464	0.474	0.453	0.454	0.434	0.092	0.095	0.400	0.460	0.424	0.402	0.472	0.449	0.402	0.458	0.387	0.427	0.092	0.094	0.095	0.092	0.093	0.093	0.094	0.095	0.095	0.095	0.096	0.096	0.092
32:00:36	21.5	0.092	0.093	0.093	0.097	0.094	0.095	0.092	0.099	0.286	0.094	0.097	0.094	0.094	0.437	0.509	0.372	0.403	0.476	0.502	0.433	0.482	0.407	0.556	0.095	0.092	0.418	0.405	0.494	0.499	0.415	0.455	0.415	0.461	0.532	0.443	0.095	0.092	0.403	0.373	0.407	0.412	0.423	0.414	0.415	0.397	0.425	0.513	0.094	0.094	0.385	0.502	0.414	0.533	0.412	0.552	0.376	0.535	0.463	0.463	0.092	0.095	0.532	0.476	0.455	0.446	0.526	0.481	0.489	0.470	0.471	0.450	0.092	0.095	0.414	0.477	0.444	0.416	0.490	0.466	0.419	0.475	0.402	0.442	0.092	0.094	0.095	0.092	0.093	0.094	0.094	0.095	0.095	0.095	0.095	0.096	0.092
33:00:36	21.3	0.092	0.093	0.092	0.096	0.093	0.095	0.092	0.101	0.294	0.094	0.099	0.093	0.093	0.454	0.532	0.383	0.416	0.491	0.520	0.446	0.497	0.420	0.578	0.095	0.092	0.432	0.420	0.515	0.521	0.432	0.473	0.429	0.482	0.553	0.462	0.095	0.092	0.417	0.383	0.421	0.427	0.439	0.427	0.430	0.410	0.442	0.532	0.093	0.093	0.397	0.522	0.430	0.556	0.427	0.572	0.389	0.555	0.481	0.478	0.092	0.095	0.553	0.494	0.473	0.461	0.541	0.499	0.505	0.489	0.488	0.466	0.092	0.095	0.429	0.496	0.461	0.430	0.507	0.482	0.438	0.491	0.415	0.457	0.092	0.094	0.095	0.091	0.093	0.093	0.093	0.095	0.094	0.095	0.095	0.095	0.092
34:00:38	21.2	0.092	0.093	0.092	0.096	0.093	0.095	0.092	0.103	0.303	0.094	0.101	0.093	0.094	0.473	0.553	0.397	0.431	0.509	0.544	0.459	0.511	0.434	0.600	0.095	0.092	0.451	0.435	0.536	0.543	0.449	0.492	0.444	0.501	0.572	0.481	0.095	0.092	0.433	0.396	0.437	0.444	0.457	0.441	0.444	0.423	0.457	0.549	0.093	0.094	0.411	0.541	0.446	0.578	0.442	0.591	0.402	0.578	0.501	0.495	0.092	0.095	0.573	0.513	0.491	0.477	0.559	0.515	0.522	0.508	0.506	0.480	0.092	0.095	0.446	0.514	0.478	0.446	0.526	0.499	0.457	0.511	0.430	0.473	0.092	0.094	0.095	0.092	0.093	0.093	0.094	0.095	0.095	0.096	0.095	0.095	0.092
35:00:40	21.0	0.092	0.093	0.092	0.096	0.094	0.095	0.092	0.107	0.309	0.094	0.103	0.093	0.094	0.492	0.579	0.411	0.445	0.528	0.565	0.474	0.528	0.447	0.625	0.095	0.092	0.468	0.452	0.560	0.568	0.464	0.510	0.460	0.519	0.594	0.498	0.095	0.093	0.447	0.408	0.452	0.462	0.472	0.454	0.460	0.436	0.474	0.569	0.094	0.094	0.424	0.561	0.463	0.601	0.457	0.611	0.417	0.599	0.521	0.511	0.092	0.095	0.595	0.531	0.509	0.494	0.574	0.534	0.538	0.525	0.526	0.496	0.092	0.095	0.460	0.535	0.496	0.459	0.544	0.513	0.476	0.528	0.444	0.488	0.092	0.094	0.095	0.092	0.093	0.093	0.094	0.095	0.095	0.096	0.095	0.096	0.092
36:00:39	20.8	0.092	0.093	0.093	0.097	0.094	0.095	0.092	0.112	0.316	0.094	0.107	0.094	0.095	0.510	0.603	0.423	0.460	0.546	0.586	0.489	0.543	0.462	0.649	0.095	0.092	0.487	0.469	0.583	0.592	0.481	0.527	0.473	0.539	0.614	0.517	0.095	0.093	0.462	0.420	0.467	0.479	0.486	0.467	0.475	0.449	0.491	0.588	0.094	0.094	0.436	0.577	0.481	0.625	0.472	0.629	0.430	0.626	0.539	0.528	0.092	0.095	0.617	0.549	0.528	0.508	0.590	0.551	0.554	0.545	0.545	0.512	0.092	0.095	0.478	0.553	0.512	0.474	0.563	0.527	0.496	0.545	0.458	0.503	0.092	0.094	0.095	0.092	0.093	0.093	0.094	0.095	0.095	0.097	0.096	0.096	0.092
37:00:40	20.6	0.092	0.093	0.093	0.096	0.093	0.095	0.092	0.117	0.331	0.094	0.110	0.093	0.095	0.527	0.629	0.436	0.473	0.563	0.607	0.502	0.558	0.475	0.672	0.095	0.092	0.504	0.482	0.606	0.618	0.494	0.546	0.487	0.558	0.637	0.535	0.095	0.093	0.477	0.432	0.480	0.495	0.498	0.480	0.491	0.463	0.510	0.605	0.094	0.094	0.449	0.599	0.498	0.648	0.486	0.649	0.443	0.648	0.560	0.543	0.092	0.095	0.638	0.566	0.547	0.521	0.606	0.568	0.569	0.563	0.564	0.526	0.092	0.095	0.494	0.568	0.529	0.488	0.578	0.543	0.514	0.563	0.473	0.518	0.092	0.094	0.096	0.092	0.093	0.094	0.094	0.095	0.094	0.097	0.095	0.096	0.092
38:00:49	20.4	0.092	0.094	0.093	0.097	0.093	0.095	0.092	0.122	0.329	0.094	0.115	0.093	0.096	0.549	0.652	0.450	0.486	0.579	0.628	0.515	0.574	0.489	0.698	0.095	0.092	0.523	0.498	0.630	0.644	0.509	0.564	0.500	0.574	0.661	0.552	0.095	0.093	0.493	0.444	0.496	0.513	0.514	0.494	0.506	0.476	0.523	0.623	0.094	0.094	0.462	0.619	0.515	0.670	0.501	0.665	0.458	0.675	0.582	0.560	0.092	0.095	0.661	0.585	0.569	0.534	0.619	0.584	0.585	0.582	0.584	0.541	0.092	0.095	0.510	0.585	0.543	0.501	0.596	0.558	0.528	0.581	0.487	0.531	0.092	0.094	0.096	0.092	0.093	0.094	0.094	0.095	0.095	0.099	0.096	0.096	0.092
39:00:42	20.2	0.092	0.093	0.092	0.096	0.093	0.095	0.092	0.128	0.332	0.094	0.117	0.094	0.096	0.566	0.677	0.463	0.499	0.596	0.648	0.528	0.591	0.501	0.722	0.095	0.091	0.542	0.512	0.653	0.670	0.522	0.580	0.513	0.592	0.686	0.572	0.095	0.093	0.508	0.454	0.507	0.529	0.528	0.507	0.522	0.489	0.537	0.638	0.094	0.094	0.473	0.634	0.531	0.694	0.514	0.683	0.471	0.698	0.602	0.573	0.092	0.095	0.685	0.603	0.586	0.546	0.634	0.601	0.601	0.599	0.605	0.554	0.092	0.095	0.528	0.597	0.558	0.515	0.615	0.571	0.551	0.599	0.500	0.545	0.093	0.094	0.096	0.092	0.093	0.093	0.094	0.095	0.094	0.100	0.095	0.095	0.092
40:00:43	20.1	0.092	0.093	0.092	0.097	0.094	0.095	0.092	0.136	0.340	0.094	0.121	0.094	0.097	0.584	0.704	0.475	0.513	0.613	0.668	0.540	0.608	0.514	0.746	0.096	0.092	0.558	0.526	0.677	0.698	0.533	0.595	0.525	0.606	0.710	0.590	0.095	0.093	0.524	0.467	0.520	0.546	0.541	0.520	0.536	0.502	0.552	0.655	0.094	0.094	0.485	0.651	0.549	0.717	0.526	0.704	0.484	0.723	0.621	0.586	0.092	0.095	0.708	0.621	0.604	0.558	0.647	0.617	0.616	0.618	0.624	0.568	0.092	0.095	0.541	0.616	0.572	0.530	0.634	0.582	0.563	0.616	0.513	0.559	0.093	0.094	0.097	0.092	0.093	0.094	0.094	0.095	0.095	0.102	0.096	0.096	0.093
41:00:46	20.0	0.092	0.093	0.092	0.097	0.093	0.095	0.092	0.141	0.344	0.094	0.124	0.093	0.099	0.599	0.726	0.488	0.525	0.628	0.688	0.551	0.623	0.527	0.772	0.095	0.092	0.573	0.538	0.702	0.722	0.544	0.612	0.537	0.622	0.732	0.607	0.095	0.093	0.539	0.477	0.531	0.563	0.551	0.532	0.552	0.514	0.564	0.670	0.094	0.094	0.496	0.662	0.564	0.737	0.537	0.718	0.497	0.747	0.639	0.599	0.092	0.095	0.727	0.637	0.621	0.568	0.659	0.629	0.629	0.631	0.643	0.579	0.092	0.095	0.557	0.627	0.588	0.540	0.651	0.596	0.575	0.632	0.526	0.571	0.093	0.094	0.097	0.092	0.093	0.093	0.094	0.095	0.095	0.104	0.096	0.096	0.092
42:00:46	20.1	0.091	0.093	0.092	0.096	0.093	0.095	0.092	0.145	0.347	0.094	0.126	0.094	0.100	0.616	0.747	0.501	0.536	0.643	0.703	0.561	0.637	0.540	0.790	0.095	0.092	0.592	0.549	0.725	0.744	0.554	0.627	0.546	0.634	0.756	0.625	0.095	0.093	0.554	0.488	0.541	0.578	0.563	0.545	0.568	0.528	0.575	0.688	0.094	0.094	0.507	0.680	0.581	0.754	0.547	0.731	0.508	0.769	0.659	0.612	0.092	0.096	0.749	0.653	0.637	0.578	0.670	0.643	0.644	0.648	0.662	0.591	0.092	0.095	0.568	0.641	0.601	0.552	0.663	0.605	0.584	0.646	0.538	0.583	0.094	0.094	0.098	0.092	0.093	0.094	0.094	0.095	0.095	0.107	0.096	0.096	0.092
43:00:48	20.1	0.092	0.093	0.092	0.097	0.094	0.095	0.092	0.152	0.365	0.094	0.134	0.093	0.102	0.633	0.763	0.512	0.549	0.657	0.717	0.573	0.652	0.549	0.805	0.095	0.092	0.608	0.561	0.745	0.764	0.563	0.639	0.557	0.648	0.776	0.641	0.095	0.093	0.569	0.500	0.551	0.590	0.572	0.557	0.582	0.539	0.587	0.701	0.094	0.094	0.517	0.697	0.596	0.767	0.557	0.742	0.519	0.787	0.678	0.624	0.092	0.096	0.764	0.669	0.652	0.586	0.682	0.651	0.656	0.662	0.681	0.600	0.092	0.095	0.578	0.654	0.614	0.564	0.672	0.615	0.594	0.662	0.549	0.593	0.094	0.094	0.100	0.092	0.093	0.093	0.094	0.095	0.095	0.110	0.096	0.095	0.092
44:00:48	20.0	0.092	0.094	0.092	0.097	0.094	0.095	0.092	0.160	0.374	0.094	0.145	0.094	0.104	0.649	0.777	0.525	0.561	0.669	0.727	0.581	0.666	0.560	0.820	0.095	0.092	0.623	0.572	0.768	0.780	0.571	0.649	0.564	0.655	0.794	0.661	0.095	0.094	0.583	0.511	0.557	0.602	0.581	0.567	0.595	0.551	0.598	0.716	0.094	0.094	0.528	0.709	0.612	0.778	0.565	0.753	0.529	0.803	0.696	0.636	0.092	0.096	0.778	0.683	0.671	0.594	0.692	0.665	0.669	0.680	0.701	0.608	0.092	0.095	0.591	0.664	0.625	0.574	0.678	0.626	0.605	0.678	0.558	0.601	0.095	0.094	0.101	0.092	0.093	0.094	0.094	0.095	0.095	0.115	0.095	0.096	0.092
45:00:50	20.0	0.091	0.093	0.092	0.096	0.094	0.095	0.092	0.169	0.380	0.094	0.154	0.094	0.104	0.662	0.788	0.535	0.571	0.681	0.734	0.588	0.680	0.570	0.830	0.095	0.092	0.637	0.587	0.778	0.791	0.578	0.659	0.573	0.668	0.808	0.677	0.095	0.093	0.596	0.521	0.565	0.611	0.592	0.577	0.609	0.562	0.606	0.730	0.095	0.094	0.536	0.723	0.624	0.788	0.572	0.765	0.538	0.814	0.718	0.647	0.092	0.096	0.789	0.698	0.687	0.600	0.698	0.673	0.680	0.691	0.716	0.617	0.092	0.095	0.602	0.676	0.636	0.582	0.688	0.635	0.609	0.691	0.568	0.610	0.095	0.094	0.103	0.092	0.093	0.094	0.094	0.095	0.095	0.120	0.095	0.096	0.092
46:00:51	20.0	0.092	0.093	0.092	0.096	0.094	0.095	0.092	0.176	0.388	0.094	0.148	0.093	0.106	0.674	0.797	0.544	0.581	0.691	0.741	0.595	0.693	0.579	0.839	0.095	0.092	0.651	0.596	0.789	0.800	0.584	0.668	0.580	0.677	0.821	0.693	0.095	0.093	0.607	0.531	0.570	0.619	0.598	0.585	0.620	0.572	0.613	0.743	0.094	0.093	0.543	0.734	0.639	0.794	0.576	0.775	0.546	0.825	0.732	0.654	0.092	0.096	0.801	0.708	0.700	0.605	0.706	0.690	0.690	0.704	0.730	0.624	0.092	0.095	0.612	0.685	0.647	0.590	0.698	0.644	0.617	0.702	0.577	0.616	0.096	0.093	0.105	0.092	0.093	0.093	0.094	0.095	0.095	0.125	0.096	0.096	0.092
47:00:51	20.0	0.092	0.093	0.092	0.096	0.094	0.095	0.092	0.184	0.393	0.094	0.155	0.093	0.110	0.684	0.808	0.554	0.588	0.700	0.747	0.599	0.706	0.587	0.846	0.096	0.092	0.663	0.607	0.800	0.810	0.590	0.679	0.585	0.687	0.832	0.703	0.095	0.093	0.619	0.540	0.576	0.630	0.602	0.591	0.633	0.580	0.620	0.749	0.095	0.094	0.549	0.746	0.651	0.802	0.580	0.785	0.553	0.833	0.745	0.663	0.092	0.096	0.810	0.717	0.708	0.609	0.713	0.699	0.700	0.715	0.740	0.628	0.092	0.095	0.619	0.694	0.656	0.597	0.705	0.650	0.621	0.717	0.583	0.624	0.097	0.094	0.107	0.092	0.093	0.094	0.094	0.096	0.095	0.129	0.095	0.096	0.092
48:00:53	19.9	0.092	0.093	0.092	0.096	0.094	0.095	0.092	0.191	0.404	0.094	0.163	0.094	0.115	0.692	0.817	0.562	0.595	0.707	0.751	0.604	0.714	0.593	0.852	0.095	0.092	0.674	0.612	0.812	0.816	0.593	0.679	0.589	0.692	0.850	0.707	0.095	0.093	0.629	0.547	0.579	0.639	0.608	0.597	0.642	0.587	0.631	0.744	0.095	0.094	0.555	0.748	0.664	0.809	0.584	0.781	0.560	0.842	0.756	0.666	0.092	0.097	0.819	0.725	0.721	0.613	0.718	0.697	0.707	0.724	0.749	0.634	0.092	0.095	0.618	0.697	0.663	0.603	0.711	0.657	0.626	0.727	0.589	0.628	0.098	0.094	0.110	0.092	0.094	0.093	0.094	0.095	0.095	0.129	0.096	0.096	0.093
49:00:55	19.9	0.092	0.093	0.092	0.097	0.093	0.095	0.092	0.203	0.415	0.094	0.170	0.094	0.119	0.699	0.822	0.569	0.601	0.713	0.754	0.607	0.723	0.598	0.858	0.095	0.092	0.683	0.593	0.819	0.823	0.596	0.675	0.594	0.696	0.844	0.718	0.095	0.093	0.638	0.554	0.585	0.644	0.613	0.602	0.650	0.593	0.635	0.750	0.096	0.094	0.560	0.754	0.670	0.815	0.585	0.780	0.565	0.848	0.764	0.672	0.092	0.097	0.826	0.732	0.729	0.617	0.723	0.690	0.714	0.734	0.764	0.642	0.092	0.095	0.624	0.698	0.670	0.607	0.716	0.659	0.631	0.735	0.594	0.631	0.100	0.094	0.114	0.092	0.093	0.094	0.094	0.095	0.095	0.131	0.096	0.096	0.092
50:00:55	19.9	0.091	0.093	0.093	0.097	0.094	0.095	0.092	0.216	0.423	0.094	0.178	0.093	0.123	0.706	0.826	0.575	0.606	0.718	0.759	0.610	0.727	0.602	0.862	0.095	0.092	0.691	0.596	0.827	0.830	0.600	0.675	0.595	0.701	0.863	0.723	0.096	0.093	0.646	0.560	0.586	0.652	0.617	0.606	0.658	0.599	0.642	0.742	0.097	0.094	0.562	0.760	0.668	0.832	0.588	0.806	0.568	0.853	0.774	0.676	0.092	0.098	0.833	0.737	0.737	0.619	0.726	0.697	0.717	0.740	0.771	0.655	0.092	0.095	0.628	0.701	0.678	0.610	0.721	0.658	0.634	0.740	0.597	0.634	0.102	0.094	0.114	0.092	0.093	0.094	0.094	0.095	0.095	0.136	0.096	0.096	0.093
51:00:57	20.0	0.092	0.093	0.093	0.097	0.093	0.095	0.092	0.229	0.430	0.094	0.180	0.093	0.128	0.709	0.830	0.580	0.611	0.723	0.761	0.611	0.732	0.606	0.865	0.095	0.092	0.703	0.599	0.838	0.836	0.600	0.656	0.598	0.705	0.866	0.723	0.095	0.093	0.652	0.564	0.587	0.657	0.620	0.610	0.664	0.602	0.648	0.734	0.098	0.094	0.564	0.762	0.676	0.838	0.589	0.808	0.570	0.857	0.779	0.682	0.092	0.099	0.838	0.741	0.745	0.621	0.730	0.700	0.721	0.745	0.775	0.658	0.092	0.095	0.630	0.685	0.682	0.613	0.691	0.662	0.635	0.744	0.600	0.636	0.104	0.094	0.115	0.092	0.093	0.094	0.094	0.095	0.095	0.142	0.096	0.096	0.092
52:00:56	20.2	0.092	0.093	0.093	0.096	0.093	0.095	0.092	0.231	0.443	0.094	0.201	0.094	0.134	0.714	0.832	0.583	0.614	0.725	0.764	0.612	0.735	0.608	0.867	0.095	0.092	0.712	0.610	0.843	0.840	0.602	0.664	0.599	0.711	0.870	0.732	0.095	0.093	0.658	0.568	0.589	0.663	0.622	0.612	0.670	0.605	0.658	0.740	0.099	0.094	0.566	0.768	0.683	0.841	0.589	0.811	0.573	0.861	0.784	0.684	0.092	0.100	0.843	0.743	0.756	0.622	0.733	0.705	0.724	0.748	0.779	0.649	0.092	0.095	0.634	0.691	0.686	0.615	0.695	0.665	0.640	0.751	0.602	0.638	0.108	0.094	0.121	0.092	0.093	0.094	0.094	0.095	0.095	0.154	0.096	0.096	0.092
53:00:58	20.4	0.092	0.094	0.093	0.097	0.094	0.095	0.092	0.234	0.451	0.095	0.210	0.094	0.139	0.718	0.835	0.586	0.617	0.730	0.767	0.613	0.738	0.610	0.868	0.096	0.092	0.719	0.619	0.846	0.846	0.604	0.668	0.601	0.714	0.871	0.733	0.096	0.094	0.663	0.571	0.590	0.666	0.623	0.614	0.675	0.608	0.659	0.737	0.100	0.094	0.568	0.773	0.633	0.844	0.589	0.815	0.575	0.862	0.798	0.687	0.093	0.101	0.845	0.738	0.756	0.623	0.734	0.718	0.724	0.751	0.784	0.641	0.092	0.095	0.643	0.690	0.689	0.615	0.697	0.666	0.643	0.752	0.604	0.638	0.113	0.094	0.128	0.092	0.094	0.094	0.094	0.096	0.095	0.149	0.096	0.096	0.093
54:00:59	20.4	0.091	0.093	0.092	0.096	0.093	0.095	0.092	0.254	0.463	0.094	0.226	0.093	0.148	0.721	0.836	0.588	0.618	0.731	0.769	0.613	0.740	0.611	0.869	0.095	0.092	0.723	0.621	0.825	0.849	0.604	0.673	0.600	0.716	0.868	0.736	0.095	0.093	0.666	0.573	0.589	0.666	0.624	0.614	0.678	0.609	0.664	0.737	0.102	0.094	0.568	0.775	0.626	0.846	0.588	0.817	0.575	0.864	0.802	0.688	0.092	0.103	0.848	0.735	0.735	0.623	0.736	0.714	0.726	0.753	0.785	0.640	0.092	0.095	0.646	0.689	0.691	0.617	0.696	0.666	0.646	0.735	0.604	0.638	0.119	0.093	0.135	0.092	0.093	0.094	0.094	0.095	0.094	0.157	0.095	0.096	0.092
55:01:00	20.3	0.092	0.093	0.092	0.096	0.094	0.095	0.092	0.256	0.475	0.094	0.247	0.094	0.160	0.730	0.838	0.590	0.620	0.735	0.774	0.614	0.742	0.612	0.871	0.095	0.092	0.727	0.621	0.825	0.854	0.604	0.686	0.602	0.658	0.857	0.740	0.095	0.093	0.670	0.575	0.591	0.668	0.625	0.616	0.682	0.611	0.668	0.743	0.105	0.094	0.569	0.782	0.630	0.849	0.589	0.819	0.576	0.865	0.805	0.696	0.092	0.105	0.850	0.678	0.702	0.625	0.738	0.717	0.729	0.756	0.787	0.641	0.092	0.095	0.648	0.689	0.693	0.617	0.696	0.669	0.646	0.752	0.606	0.640	0.127	0.094	0.135	0.092	0.093	0.094	0.094	0.095	0.095	0.166	0.096	0.096	0.092
56:01:02	20.3	0.092	0.093	0.093	0.096	0.094	0.095	0.093	0.271	0.486	0.094	0.259	0.093	0.162	0.763	0.841	0.592	0.621	0.737	0.777	0.615	0.745	0.612	0.873	0.095	0.092	0.732	0.623	0.827	0.855	0.604	0.695	0.602	0.660	0.794	0.743	0.096	0.093	0.673	0.576	0.592	0.671	0.627	0.617	0.685	0.613	0.677	0.743	0.108	0.093	0.570	0.789	0.637	0.853	0.590	0.827	0.577	0.867	0.809	0.706	0.093	0.108	0.855	0.679	0.713	0.626	0.740	0.721	0.730	0.760	0.791	0.643	0.092	0.095	0.651	0.689	0.695	0.619	0.699	0.671	0.648	0.737	0.607	0.640	0.137	0.094	0.142	0.092	0.093	0.094	0.094	0.096	0.095	0.167	0.096	0.096	0.093
57:01:03	20.2	0.091	0.093	0.093	0.097	0.094	0.095	0.093	0.283	0.500	0.094	0.280	0.093	0.174	0.798	0.843	0.594	0.623	0.740	0.778	0.617	0.747	0.613	0.875	0.095	0.092	0.737	0.627	0.811	0.860	0.605	0.701	0.603	0.653	0.790	0.744	0.096	0.093	0.678	0.579	0.595	0.672	0.624	0.618	0.687	0.614	0.679	0.745	0.112	0.094	0.571	0.789	0.640	0.856	0.592	0.822	0.578	0.870	0.707	0.712	0.092	0.111	0.856	0.682	0.719	0.629	0.742	0.727	0.734	0.762	0.792	0.643	0.093	0.095	0.652	0.690	0.699	0.621	0.709	0.669	0.649	0.744	0.609	0.641	0.149	0.094	0.149	0.092	0.093	0.094	0.094	0.095	0.095	0.173	0.096	0.096	0.092
58:01:01	20.0	0.092	0.093	0.093	0.097	0.094	0.095	0.092	0.291	0.512	0.094	0.283	0.094	0.186	0.814	0.846	0.595	0.623	0.743	0.782	0.619	0.749	0.614	0.877	0.095	0.092	0.793	0.641	0.803	0.864	0.606	0.713	0.604	0.655	0.787	0.708	0.095	0.093	0.682	0.580	0.596	0.677	0.626	0.620	0.690	0.615	0.688	0.747	0.117	0.094	0.572	0.789	0.649	0.859	0.593	0.826	0.579	0.871	0.678	0.716	0.092	0.116	0.860	0.682	0.724	0.632	0.743	0.732	0.735	0.782	0.792	0.643	0.092	0.095	0.655	0.693	0.701	0.623	0.712	0.671	0.650	0.743	0.610	0.644	0.168	0.094	0.160	0.092	0.093	0.094	0.094	0.095	0.095	0.185	0.096	0.096	0.093
59:01:03	20.0	0.092	0.093	0.093	0.097	0.093	0.095	0.092	0.299	0.517	0.094	0.306	0.094	0.189	0.835	0.850	0.597	0.626	0.747	0.785	0.621	0.750	0.615	0.879	0.095	0.092	0.726	0.645	0.800	0.867	0.608	0.709	0.605	0.654	0.783	0.646	0.095	0.093	0.685	0.582	0.598	0.677	0.630	0.621	0.691	0.616	0.689	0.752	0.124	0.094	0.573	0.780	0.658	0.863	0.594	0.828	0.581	0.873	0.679	0.721	0.093	0.121	0.862	0.683	0.728	0.636	0.745	0.735	0.737	0.680	0.796	0.644	0.092	0.095	0.655	0.691	0.705	0.624	0.717	0.671	0.654	0.743	0.612	0.644	0.178	0.094	0.162	0.092	0.093	0.094	0.094	0.095	0.095	0.189	0.096	0.096	0.093
60:01:06	19.9	0.092	0.093	0.092	0.096	0.094	0.095	0.092	0.301	0.526	0.094	0.315	0.093	0.198	0.846	0.853	0.598	0.627	0.748	0.789	0.624	0.752	0.617	0.881	0.095	0.092	0.598	0.646	0.781	0.870	0.610	0.702	0.607	0.655	0.778	0.646	0.095	0.093	0.687	0.583	0.600	0.678	0.634	0.622	0.695	0.618	0.690	0.753	0.132	0.094	0.575	0.781	0.664	0.866	0.596	0.830	0.582	0.875	0.679	0.714	0.092	0.128	0.866	0.682	0.731	0.638	0.746	0.708	0.737	0.648	0.798	0.646	0.092	0.095	0.658	0.698	0.710	0.627	0.703	0.674	0.655	0.744	0.614	0.646	0.198	0.094	0.159	0.092	0.093	0.094	0.094	0.095	0.095	0.197	0.096	0.096	0.092
61:01:05	20.0	0.092	0.093	0.093	0.097	0.094	0.095	0.092	0.316	0.558	0.094	0.328	0.094	0.207	0.835	0.856	0.598	0.628	0.750	0.792	0.625	0.753	0.618	0.883	0.095	0.092	0.595	0.647	0.791	0.874	0.612	0.701	0.610	0.655	0.777	0.646	0.096	0.093	0.689	0.585	0.603	0.680	0.638	0.625	0.697	0.619	0.692	0.754	0.143	0.094	0.576	0.780	0.664	0.870	0.598	0.832	0.584	0.878	0.679	0.719	0.093	0.137	0.871	0.682	0.731	0.642	0.746	0.705	0.737	0.706	0.801	0.646	0.092	0.095	0.658	0.695	0.712	0.628	0.697	0.676	0.656	0.744	0.617	0.648	0.219	0.094	0.169	0.092	0.094	0.094	0.094	0.095	0.095	0.209	0.096	0.096	0.092
62:01:06	19.9	0.092	0.094	0.093	0.097	0.094	0.095	0.093	0.329	0.663	0.094	0.335	0.094	0.222	0.835	0.858	0.600	0.631	0.751	0.795	0.627	0.754	0.618	0.885	0.095	0.092	0.596	0.647	0.803	0.877	0.613	0.703	0.613	0.657	0.778	0.644	0.096	0.094	0.692	0.587	0.607	0.683	0.637	0.627	0.699	0.622	0.703	0.756	0.157	0.094	0.577	0.782	0.666	0.873	0.600	0.836	0.586	0.881	0.680	0.722	0.092	0.147	0.873	0.676	0.731	0.645	0.748	0.729	0.737	0.713	0.804	0.646	0.092	0.095	0.660	0.700	0.715	0.630	0.696	0.676	0.657	0.745	0.619	0.650	0.250	0.094	0.182	0.092	0.093	0.094	0.094	0.096	0.095	0.225	0.096	0.096	0.093
63:01:08	19.9	0.092	0.093	0.093	0.097	0.094	0.095	0.092	0.339	0.447	0.094	0.346	0.093	0.229	0.833	0.862	0.601	0.633	0.751	0.799	0.630	0.755	0.620	0.888	0.096	0.092	0.597	0.650	0.805	0.881	0.616	0.703	0.616	0.658	0.777	0.645	0.095	0.093	0.694	0.588	0.611	0.688	0.639	0.630	0.701	0.624	0.705	0.758	0.167	0.094	0.577	0.781	0.667	0.877	0.603	0.838	0.587	0.882	0.681	0.718	0.092	0.160	0.878	0.677	0.731	0.648	0.750	0.737	0.737	0.714	0.807	0.646	0.092	0.095	0.662	0.701	0.716	0.633	0.697	0.678	0.659	0.746	0.621	0.651	0.299	0.094	0.341	0.092	0.093	0.094	0.094	0.095	0.095	0.227	0.096	0.096	0.093
64:01:08	19.8	0.092	0.093	0.092	0.097	0.094	0.095	0.092	0.342	0.483	0.094	0.360	0.093	0.246	0.838	0.865	0.604	0.635	0.752	0.804	0.632	0.756	0.622	0.891	0.095	0.092	0.594	0.649	0.804	0.884	0.617	0.706	0.617	0.660	0.776	0.646	0.096	0.093	0.696	0.591	0.613	0.691	0.643	0.633	0.703	0.627	0.703	0.760	0.174	0.094	0.581	0.785	0.670	0.879	0.605	0.841	0.590	0.884	0.682	0.719	0.092	0.167	0.881	0.677	0.732	0.651	0.750	0.738	0.736	0.715	0.812	0.647	0.092	0.095	0.665	0.702	0.719	0.635	0.696	0.680	0.660	0.746	0.623	0.653	0.340	0.094	0.250	0.092	0.093	0.094	0.094	0.095	0.095	0.244	0.096	0.096	0.092
65:01:08	19.8	0.092	0.093	0.093	0.097	0.094	0.095	0.093	0.359	0.483	0.094	0.376	0.094	0.255	0.844	0.868	0.607	0.638	0.753	0.807	0.634	0.757	0.623	0.894	0.095	0.092	0.595	0.651	0.806	0.886	0.618	0.707	0.621	0.663	0.777	0.634	0.095	0.093	0.698	0.594	0.616	0.691	0.644	0.636	0.705	0.628	0.705	0.762	0.184	0.095	0.583	0.792	0.672	0.883	0.607	0.822	0.593	0.887	0.684	0.719	0.093	0.177	0.884	0.677	0.734	0.654	0.750	0.739	0.736	0.717	0.817	0.646	0.092	0.095	0.666	0.692	0.721	0.638	0.700	0.682	0.660	0.746	0.626	0.655	0.370	0.094	0.220	0.092	0.093	0.094	0.094	0.095	0.095	0.263	0.096	0.096	0.093
66:01:10	19.7	0.092	0.093	0.093	0.096	0.094	0.095	0.092	0.370	0.462	0.094	0.388	0.094	0.269	0.842	0.873	0.608	0.640	0.757	0.810	0.636	0.758	0.624	0.896	0.095	0.092	0.597	0.655	0.811	0.890	0.621	0.705	0.623	0.665	0.776	0.630	0.095	0.093	0.702	0.597	0.619	0.693	0.647	0.640	0.706	0.630	0.701	0.764	0.193	0.099	0.586	0.789	0.674	0.886	0.609	0.822	0.595	0.890	0.686	0.721	0.092	0.192	0.887	0.672	0.734	0.655	0.751	0.741	0.737	0.717	0.823	0.647	0.093	0.095	0.668	0.692	0.722	0.639	0.702	0.685	0.662	0.747	0.628	0.657	0.389	0.094	0.327	0.092	0.093	0.094	0.094	0.095	0.095	0.283	0.096	0.096	0.093
67:01:12	19.6	0.092	0.094	0.093	0.097	0.094	0.095	0.093	0.389	0.473	0.095	0.404	0.094	0.288	0.838	0.876	0.611	0.643	0.759	0.813	0.638	0.760	0.625	0.898	0.095	0.092	0.597	0.656	0.809	0.894	0.625	0.709	0.626	0.668	0.776	0.625	0.096	0.094	0.704	0.599	0.622	0.694	0.649	0.644	0.708	0.633	0.700	0.765	0.210	0.109	0.590	0.792	0.676	0.891	0.610	0.886	0.596	0.894	0.687	0.723	0.092	0.212	0.891	0.671	0.736	0.660	0.752	0.744	0.738	0.720	0.833	0.647	0.093	0.095	0.670	0.689	0.725	0.643	0.703	0.687	0.662	0.750	0.630	0.659	0.406	0.094	0.296	0.093	0.094	0.094	0.095	0.096	0.095	0.298	0.096	0.096	0.093
68:01:11	19.5	0.092	0.093	0.092	0.096	0.093	0.095	0.092	0.398	0.505	0.094	0.417	0.094	0.303	0.844	0.879	0.612	0.645	0.762	0.817	0.640	0.762	0.627	0.900	0.095	0.092	0.598	0.658	0.816	0.897	0.628	0.707	0.628	0.677	0.778	0.623	0.095	0.093	0.707	0.601	0.624	0.698	0.651	0.646	0.710	0.633	0.701	0.766	0.228	0.129	0.593	0.792	0.677	0.895	0.611	0.880	0.597	0.896	0.688	0.725	0.092	0.227	0.896	0.666	0.736	0.662	0.754	0.745	0.739	0.721	0.844	0.648	0.092	0.095	0.672	0.687	0.727	0.644	0.704	0.689	0.665	0.751	0.632	0.660	0.423	0.094	0.284	0.092	0.093	0.094	0.094	0.095	0.095	0.315	0.096	0.096	0.092
69:01:13	19.5	0.092	0.094	0.093	0.096	0.094	0.095	0.092	0.405	0.541	0.094	0.428	0.094	0.316	0.852	0.884	0.615	0.649	0.763	0.820	0.643	0.764	0.629	0.903	0.095	0.092	0.598	0.660	0.819	0.900	0.628	0.711	0.630	0.678	0.778	0.623	0.096	0.093	0.710	0.604	0.625	0.699	0.654	0.647	0.715	0.635	0.702	0.767	0.251	0.164	0.596	0.793	0.678	0.898	0.611	0.880	0.599	0.900	0.690	0.727	0.092	0.244	0.899	0.667	0.736	0.665	0.754	0.747	0.739	0.722	0.846	0.649	0.093	0.095	0.672	0.686	0.730	0.649	0.706	0.691	0.666	0.751	0.635	0.663	0.445	0.094	0.329	0.092	0.093	0.094	0.094	0.095	0.095	0.339	0.096	0.096	0.093
70:01:14	19.6	0.092	0.094	0.092	0.097	0.094	0.095	0.093	0.405	0.506	0.094	0.442	0.094	0.329	0.852	0.886	0.617	0.651	0.764	0.823	0.645	0.766	0.631	0.907	0.095	0.092	0.599	0.662	0.822	0.905	0.628	0.713	0.632	0.683	0.779	0.623	0.096	0.093	0.710	0.606	0.627	0.703	0.657	0.649	0.718	0.637	0.704	0.767	0.273	0.216	0.600	0.795	0.688	0.902	0.613	0.883	0.602	0.903	0.692	0.729	0.092	0.256	0.901	0.666	0.740	0.667	0.756	0.747	0.741	0.723	0.849	0.649	0.093	0.095	0.675	0.679	0.731	0.651	0.707	0.695	0.668	0.745	0.637	0.663	0.470	0.094	0.287	0.092	0.093	0.094	0.094	0.095	0.095	0.362	0.096	0.096	0.092
71:01:16	19.6	0.092	0.093	0.093	0.096	0.094	0.095	0.093	0.410	0.699	0.094	0.441	0.094	0.348	0.857	0.890	0.619	0.653	0.765	0.826	0.647	0.769	0.633	0.909	0.095	0.092	0.599	0.664	0.820	0.909	0.630	0.715	0.635	0.685	0.780	0.624	0.096	0.093	0.713	0.607	0.629	0.705	0.659	0.651	0.721	0.639	0.706	0.767	0.295	0.281	0.603	0.799	0.670	0.906	0.615	0.885	0.606	0.906	0.695	0.731	0.093	0.267	0.903	0.661	0.742	0.672	0.757	0.747	0.743	0.724	0.858	0.650	0.093	0.095	0.676	0.678	0.733	0.653	0.706	0.698	0.668	0.740	0.639	0.665	0.484	0.094	0.352	0.092	0.093	0.094	0.094	0.095	0.095	0.417	0.096	0.096	0.093
72:01:18	19.7	0.091	0.093	0.092	0.096	0.093	0.095	0.092	0.416	0.491	0.094	0.454	0.093	0.369	0.862	0.893	0.621	0.657	0.768	0.829	0.649	0.769	0.634	0.911	0.095	0.092	0.600	0.668	0.824	0.913	0.632	0.715	0.636	0.685	0.781	0.623	0.095	0.093	0.716	0.610	0.632	0.706	0.661	0.652	0.723	0.640	0.705	0.768	0.317	0.350	0.605	0.800	0.668	0.911	0.617	0.887	0.610	0.908	0.695	0.732	0.092	0.282	0.904	0.658	0.744	0.671	0.758	0.747	0.745	0.724	0.854	0.653	0.092	0.095	0.680	0.678	0.736	0.655	0.708	0.702	0.670	0.738	0.641	0.668	0.504	0.094	0.321	0.092	0.093	0.094	0.094	0.095	0.095	0.414	0.096	0.096	0.092

