Time	T° 600	A1	A2	A3	A4	A5	A6	A7	A8	A9	A10	A11	A12	B1	B2	B3	B4	B5	B6	B7	B8	B9	B10	B11	B12	C1	C2	C3	C4	C5	C6	C7	C8	C9	C10	C11	C12	D1	D2	D3	D4	D5	D6	D7	D8	D9	D10	D11	D12	E1	E2	E3	E4	E5	E6	E7	E8	E9	E10	E11	E12	F1	F2	F3	F4	F5	F6	F7	F8	F9	F10	F11	F12	G1	G2	G3	G4	G5	G6	G7	G8	G9	G10	G11	G12	H1	H2	H3	H4	H5	H6	H7	H8	H9	H10	H11	H12
0:00:06	18.4	0.089	0.089	0.089	0.090	0.091	0.089	0.089	0.090	0.089	0.091	0.091	0.092	0.089	0.090	0.090	0.090	0.093	0.092	0.090	0.091	0.091	0.090	0.090	0.089	0.088	0.090	0.090	0.089	0.092	0.093	0.090	0.092	0.093	0.093	0.091	0.092	0.089	0.090	0.089	0.089	0.088	0.088	0.090	0.092	0.090	0.089	0.092	0.088	0.090	0.093	0.092	0.090	0.090	0.088	0.089	0.088	0.089	0.091	0.090	0.091	0.091	0.094	0.093	0.093	0.090	0.089	0.090	0.090	0.089	0.090	0.090	0.089	0.091	0.094	0.092	0.090	0.090	0.090	0.090	0.092	0.092	0.091	0.091	0.090	0.091	0.092	0.089	0.089	0.089	0.089	0.090	0.092	0.090	0.090	0.092	0.091
1:00:05	19.2	0.089	0.090	0.090	0.090	0.092	0.090	0.090	0.090	0.089	0.092	0.091	0.092	0.089	0.091	0.091	0.091	0.094	0.093	0.091	0.091	0.092	0.091	0.091	0.090	0.089	0.090	0.091	0.090	0.092	0.094	0.090	0.092	0.093	0.094	0.092	0.092	0.089	0.090	0.090	0.090	0.089	0.090	0.091	0.093	0.091	0.091	0.094	0.089	0.091	0.094	0.093	0.091	0.091	0.090	0.090	0.089	0.090	0.092	0.091	0.091	0.091	0.094	0.094	0.094	0.091	0.090	0.092	0.091	0.090	0.091	0.091	0.089	0.091	0.094	0.093	0.091	0.091	0.091	0.092	0.092	0.093	0.091	0.091	0.090	0.092	0.093	0.090	0.090	0.090	0.090	0.091	0.093	0.091	0.091	0.092	0.091
2:00:05	19.6	0.090	0.090	0.090	0.091	0.092	0.090	0.090	0.090	0.090	0.092	0.091	0.092	0.090	0.091	0.091	0.091	0.094	0.093	0.091	0.092	0.092	0.091	0.092	0.090	0.089	0.091	0.091	0.090	0.092	0.095	0.091	0.093	0.094	0.094	0.093	0.092	0.089	0.091	0.090	0.090	0.089	0.090	0.091	0.093	0.091	0.091	0.094	0.090	0.091	0.094	0.094	0.091	0.091	0.090	0.090	0.089	0.091	0.092	0.092	0.091	0.092	0.094	0.094	0.094	0.091	0.091	0.092	0.091	0.091	0.091	0.091	0.090	0.092	0.095	0.093	0.092	0.091	0.092	0.092	0.093	0.093	0.092	0.092	0.090	0.092	0.093	0.091	0.091	0.090	0.090	0.092	0.093	0.092	0.091	0.092	0.091
3:00:05	19.7	0.089	0.090	0.090	0.091	0.092	0.090	0.090	0.090	0.090	0.091	0.091	0.092	0.090	0.091	0.091	0.091	0.094	0.094	0.091	0.091	0.092	0.091	0.092	0.090	0.089	0.091	0.091	0.090	0.092	0.095	0.091	0.093	0.094	0.095	0.093	0.092	0.089	0.091	0.090	0.090	0.089	0.090	0.091	0.093	0.092	0.091	0.094	0.090	0.091	0.094	0.094	0.092	0.091	0.090	0.091	0.089	0.091	0.092	0.091	0.091	0.092	0.095	0.094	0.094	0.091	0.091	0.092	0.091	0.091	0.091	0.091	0.090	0.092	0.095	0.093	0.092	0.091	0.092	0.092	0.093	0.094	0.092	0.092	0.090	0.092	0.094	0.090	0.091	0.090	0.090	0.092	0.093	0.092	0.091	0.092	0.091
4:00:08	19.9	0.090	0.090	0.090	0.091	0.092	0.090	0.090	0.090	0.090	0.092	0.091	0.092	0.090	0.091	0.091	0.091	0.094	0.094	0.092	0.092	0.092	0.091	0.092	0.090	0.090	0.091	0.091	0.091	0.092	0.095	0.091	0.092	0.094	0.095	0.093	0.092	0.089	0.091	0.091	0.090	0.090	0.090	0.091	0.093	0.092	0.091	0.094	0.090	0.091	0.095	0.094	0.092	0.092	0.090	0.091	0.090	0.091	0.092	0.091	0.091	0.092	0.095	0.095	0.094	0.091	0.091	0.092	0.091	0.091	0.091	0.092	0.090	0.092	0.095	0.093	0.092	0.091	0.092	0.093	0.093	0.094	0.092	0.091	0.090	0.092	0.094	0.091	0.091	0.090	0.090	0.092	0.093	0.092	0.091	0.092	0.091
5:00:08	19.9	0.090	0.090	0.090	0.091	0.092	0.090	0.090	0.090	0.090	0.091	0.091	0.092	0.090	0.092	0.091	0.091	0.094	0.094	0.092	0.092	0.092	0.091	0.092	0.090	0.089	0.091	0.091	0.090	0.093	0.095	0.091	0.093	0.094	0.095	0.093	0.092	0.090	0.091	0.091	0.091	0.090	0.090	0.091	0.093	0.092	0.091	0.095	0.090	0.091	0.095	0.094	0.092	0.092	0.091	0.091	0.090	0.091	0.092	0.091	0.091	0.092	0.095	0.095	0.094	0.091	0.091	0.093	0.091	0.091	0.092	0.091	0.090	0.092	0.095	0.093	0.092	0.091	0.092	0.093	0.093	0.094	0.092	0.092	0.090	0.092	0.094	0.091	0.091	0.091	0.090	0.092	0.093	0.092	0.091	0.092	0.091
6:00:09	19.9	0.090	0.090	0.090	0.091	0.092	0.090	0.090	0.090	0.090	0.092	0.091	0.092	0.090	0.091	0.091	0.091	0.094	0.094	0.092	0.092	0.092	0.091	0.093	0.090	0.089	0.091	0.091	0.091	0.093	0.095	0.091	0.093	0.094	0.095	0.093	0.092	0.090	0.091	0.091	0.090	0.090	0.090	0.091	0.094	0.092	0.091	0.095	0.090	0.091	0.095	0.094	0.092	0.092	0.091	0.091	0.090	0.091	0.092	0.092	0.091	0.092	0.095	0.095	0.094	0.092	0.091	0.093	0.092	0.091	0.092	0.092	0.090	0.092	0.095	0.093	0.092	0.091	0.092	0.093	0.093	0.094	0.092	0.092	0.090	0.092	0.094	0.091	0.091	0.091	0.090	0.092	0.093	0.092	0.091	0.092	0.091
7:00:10	19.8	0.090	0.090	0.090	0.091	0.093	0.090	0.090	0.090	0.090	0.092	0.091	0.093	0.090	0.092	0.091	0.092	0.094	0.094	0.092	0.092	0.093	0.091	0.093	0.090	0.090	0.091	0.091	0.091	0.093	0.095	0.091	0.093	0.095	0.095	0.093	0.092	0.090	0.092	0.091	0.091	0.090	0.090	0.092	0.094	0.093	0.092	0.095	0.090	0.091	0.095	0.094	0.092	0.092	0.091	0.092	0.090	0.091	0.092	0.092	0.091	0.092	0.095	0.095	0.094	0.092	0.091	0.093	0.092	0.091	0.092	0.092	0.090	0.092	0.095	0.093	0.092	0.092	0.092	0.093	0.094	0.094	0.092	0.092	0.090	0.092	0.094	0.091	0.091	0.091	0.091	0.092	0.093	0.092	0.091	0.092	0.091
8:00:11	19.8	0.090	0.090	0.090	0.091	0.093	0.091	0.091	0.090	0.090	0.092	0.091	0.093	0.090	0.092	0.092	0.092	0.094	0.095	0.092	0.092	0.093	0.092	0.093	0.091	0.090	0.091	0.092	0.091	0.093	0.096	0.092	0.093	0.095	0.096	0.094	0.093	0.090	0.092	0.091	0.091	0.090	0.091	0.092	0.094	0.093	0.092	0.096	0.091	0.092	0.095	0.095	0.092	0.092	0.091	0.092	0.090	0.092	0.093	0.092	0.091	0.092	0.096	0.095	0.095	0.092	0.092	0.093	0.092	0.091	0.092	0.092	0.090	0.092	0.095	0.093	0.092	0.092	0.093	0.094	0.094	0.094	0.092	0.092	0.091	0.092	0.094	0.091	0.091	0.091	0.091	0.092	0.093	0.092	0.092	0.092	0.091
9:00:12	19.8	0.090	0.090	0.090	0.091	0.093	0.090	0.090	0.090	0.090	0.092	0.091	0.093	0.090	0.092	0.092	0.092	0.094	0.094	0.092	0.092	0.093	0.092	0.093	0.091	0.089	0.091	0.091	0.091	0.093	0.096	0.091	0.093	0.095	0.095	0.094	0.092	0.090	0.092	0.091	0.091	0.090	0.090	0.091	0.094	0.093	0.092	0.095	0.090	0.091	0.095	0.094	0.092	0.092	0.091	0.092	0.090	0.092	0.093	0.092	0.091	0.092	0.096	0.095	0.095	0.092	0.091	0.093	0.092	0.091	0.092	0.092	0.090	0.092	0.095	0.093	0.093	0.092	0.092	0.094	0.094	0.094	0.092	0.092	0.090	0.092	0.094	0.091	0.091	0.091	0.091	0.092	0.093	0.092	0.091	0.092	0.091
10:00:12	19.7	0.090	0.090	0.090	0.091	0.093	0.091	0.091	0.090	0.090	0.092	0.092	0.093	0.090	0.092	0.092	0.092	0.095	0.095	0.092	0.093	0.093	0.092	0.094	0.091	0.090	0.091	0.092	0.092	0.093	0.096	0.092	0.093	0.095	0.096	0.094	0.093	0.090	0.092	0.091	0.091	0.090	0.091	0.092	0.094	0.093	0.092	0.095	0.091	0.092	0.095	0.095	0.092	0.093	0.091	0.092	0.090	0.092	0.093	0.092	0.091	0.092	0.096	0.095	0.095	0.092	0.092	0.093	0.092	0.091	0.092	0.092	0.090	0.092	0.095	0.094	0.093	0.092	0.093	0.094	0.094	0.094	0.092	0.092	0.091	0.093	0.094	0.091	0.092	0.091	0.091	0.092	0.093	0.092	0.092	0.093	0.091
11:00:14	19.7	0.090	0.090	0.090	0.091	0.093	0.091	0.091	0.090	0.090	0.092	0.091	0.093	0.090	0.092	0.092	0.092	0.095	0.095	0.093	0.092	0.093	0.092	0.094	0.091	0.090	0.091	0.092	0.092	0.094	0.096	0.092	0.094	0.095	0.096	0.094	0.093	0.090	0.092	0.091	0.091	0.090	0.091	0.092	0.095	0.093	0.092	0.096	0.091	0.092	0.095	0.095	0.093	0.093	0.091	0.092	0.090	0.092	0.093	0.092	0.091	0.092	0.096	0.096	0.095	0.092	0.092	0.094	0.092	0.091	0.092	0.092	0.091	0.092	0.096	0.094	0.093	0.092	0.093	0.094	0.094	0.094	0.092	0.092	0.091	0.093	0.094	0.091	0.092	0.091	0.091	0.092	0.093	0.093	0.092	0.092	0.091
12:00:14	19.7	0.090	0.090	0.090	0.091	0.093	0.091	0.091	0.090	0.090	0.092	0.091	0.093	0.090	0.092	0.092	0.092	0.095	0.095	0.093	0.092	0.094	0.092	0.094	0.091	0.090	0.091	0.092	0.092	0.094	0.096	0.092	0.093	0.095	0.097	0.094	0.093	0.090	0.092	0.091	0.091	0.090	0.091	0.092	0.094	0.093	0.092	0.096	0.091	0.091	0.095	0.095	0.093	0.093	0.091	0.093	0.090	0.093	0.093	0.092	0.091	0.092	0.096	0.096	0.095	0.092	0.092	0.093	0.092	0.091	0.092	0.092	0.090	0.092	0.096	0.094	0.094	0.092	0.093	0.094	0.094	0.094	0.092	0.092	0.091	0.092	0.094	0.092	0.092	0.091	0.091	0.093	0.093	0.092	0.091	0.092	0.091
13:00:16	19.7	0.090	0.090	0.090	0.091	0.093	0.091	0.091	0.090	0.090	0.092	0.091	0.093	0.090	0.092	0.093	0.092	0.095	0.095	0.092	0.092	0.094	0.092	0.094	0.091	0.090	0.092	0.092	0.092	0.094	0.096	0.092	0.094	0.095	0.097	0.094	0.093	0.090	0.093	0.092	0.091	0.090	0.091	0.092	0.095	0.093	0.092	0.096	0.091	0.092	0.095	0.095	0.093	0.093	0.092	0.093	0.090	0.093	0.093	0.092	0.091	0.093	0.097	0.096	0.095	0.093	0.092	0.094	0.093	0.091	0.092	0.092	0.090	0.092	0.096	0.094	0.094	0.093	0.093	0.094	0.094	0.094	0.093	0.092	0.091	0.093	0.094	0.091	0.092	0.091	0.091	0.092	0.093	0.092	0.092	0.092	0.092
14:00:17	19.8	0.090	0.090	0.090	0.092	0.093	0.091	0.091	0.090	0.090	0.092	0.091	0.093	0.090	0.092	0.093	0.092	0.095	0.096	0.092	0.093	0.094	0.092	0.094	0.091	0.090	0.091	0.092	0.093	0.094	0.096	0.092	0.094	0.095	0.097	0.094	0.093	0.090	0.093	0.092	0.092	0.090	0.091	0.092	0.095	0.093	0.092	0.096	0.091	0.092	0.096	0.096	0.093	0.093	0.091	0.093	0.091	0.093	0.093	0.092	0.091	0.092	0.097	0.096	0.095	0.093	0.093	0.094	0.093	0.091	0.092	0.092	0.090	0.092	0.096	0.094	0.094	0.092	0.093	0.094	0.094	0.095	0.093	0.092	0.091	0.092	0.094	0.091	0.092	0.091	0.091	0.092	0.093	0.092	0.091	0.092	0.092
15:00:18	19.7	0.090	0.091	0.090	0.092	0.093	0.091	0.091	0.090	0.091	0.092	0.092	0.093	0.090	0.092	0.094	0.092	0.095	0.096	0.093	0.093	0.094	0.092	0.095	0.091	0.090	0.092	0.092	0.093	0.095	0.096	0.092	0.094	0.095	0.098	0.094	0.093	0.091	0.093	0.092	0.092	0.091	0.091	0.093	0.096	0.094	0.092	0.096	0.091	0.092	0.096	0.096	0.093	0.094	0.092	0.094	0.091	0.094	0.093	0.092	0.092	0.093	0.097	0.096	0.095	0.093	0.094	0.094	0.094	0.092	0.092	0.093	0.091	0.093	0.096	0.094	0.094	0.093	0.094	0.094	0.095	0.095	0.093	0.093	0.091	0.093	0.094	0.092	0.092	0.091	0.091	0.093	0.093	0.092	0.092	0.093	0.092
16:00:19	19.7	0.091	0.091	0.091	0.092	0.093	0.091	0.091	0.090	0.091	0.092	0.091	0.093	0.090	0.092	0.094	0.093	0.095	0.096	0.093	0.093	0.095	0.093	0.096	0.091	0.090	0.092	0.092	0.094	0.095	0.097	0.092	0.094	0.095	0.098	0.095	0.093	0.091	0.094	0.092	0.092	0.091	0.091	0.093	0.096	0.093	0.093	0.096	0.091	0.092	0.096	0.097	0.093	0.094	0.092	0.094	0.091	0.094	0.093	0.092	0.092	0.093	0.098	0.096	0.096	0.093	0.094	0.094	0.094	0.092	0.093	0.093	0.090	0.093	0.096	0.095	0.095	0.093	0.094	0.094	0.095	0.095	0.093	0.093	0.091	0.093	0.094	0.091	0.092	0.091	0.091	0.093	0.093	0.093	0.092	0.093	0.092
17:00:20	19.7	0.090	0.091	0.090	0.092	0.093	0.091	0.091	0.091	0.090	0.092	0.092	0.093	0.090	0.093	0.095	0.093	0.095	0.097	0.093	0.093	0.095	0.093	0.096	0.091	0.090	0.092	0.092	0.094	0.095	0.096	0.092	0.094	0.096	0.098	0.095	0.093	0.091	0.094	0.092	0.092	0.091	0.091	0.093	0.097	0.094	0.093	0.096	0.091	0.092	0.096	0.097	0.093	0.095	0.092	0.095	0.091	0.094	0.094	0.093	0.092	0.093	0.098	0.096	0.095	0.093	0.094	0.094	0.095	0.092	0.093	0.093	0.091	0.093	0.096	0.094	0.095	0.093	0.094	0.094	0.095	0.095	0.093	0.093	0.091	0.093	0.094	0.092	0.092	0.091	0.091	0.093	0.093	0.092	0.092	0.093	0.092
18:00:21	19.7	0.090	0.091	0.090	0.091	0.093	0.091	0.090	0.090	0.090	0.092	0.091	0.092	0.090	0.092	0.095	0.092	0.095	0.097	0.093	0.093	0.095	0.092	0.096	0.091	0.090	0.092	0.092	0.094	0.095	0.096	0.092	0.094	0.095	0.099	0.094	0.093	0.091	0.094	0.092	0.091	0.091	0.091	0.092	0.097	0.094	0.092	0.096	0.091	0.092	0.096	0.097	0.093	0.095	0.092	0.095	0.091	0.095	0.093	0.092	0.091	0.093	0.098	0.096	0.095	0.093	0.094	0.094	0.094	0.091	0.093	0.092	0.090	0.092	0.096	0.094	0.095	0.093	0.093	0.094	0.094	0.095	0.093	0.093	0.091	0.093	0.094	0.091	0.092	0.091	0.091	0.092	0.093	0.092	0.092	0.092	0.091
19:00:28	19.9	0.090	0.091	0.090	0.092	0.093	0.091	0.091	0.090	0.090	0.092	0.091	0.093	0.090	0.093	0.095	0.092	0.095	0.098	0.093	0.093	0.096	0.092	0.097	0.091	0.090	0.092	0.092	0.095	0.096	0.096	0.092	0.094	0.096	0.099	0.094	0.093	0.091	0.095	0.092	0.092	0.091	0.091	0.093	0.097	0.094	0.093	0.096	0.091	0.092	0.096	0.098	0.093	0.095	0.092	0.097	0.091	0.095	0.093	0.093	0.092	0.093	0.099	0.097	0.096	0.093	0.095	0.094	0.095	0.092	0.093	0.093	0.090	0.092	0.096	0.094	0.096	0.093	0.094	0.094	0.095	0.095	0.093	0.092	0.091	0.093	0.094	0.091	0.092	0.091	0.091	0.093	0.093	0.092	0.092	0.092	0.092
20:00:23	20.1	0.090	0.091	0.090	0.091	0.093	0.091	0.091	0.090	0.090	0.092	0.092	0.093	0.090	0.092	0.096	0.093	0.095	0.098	0.093	0.093	0.096	0.092	0.098	0.091	0.090	0.092	0.092	0.096	0.096	0.096	0.092	0.094	0.095	0.100	0.095	0.093	0.091	0.096	0.092	0.092	0.091	0.091	0.093	0.098	0.094	0.093	0.096	0.091	0.092	0.096	0.098	0.094	0.096	0.092	0.097	0.091	0.096	0.093	0.093	0.092	0.093	0.100	0.096	0.096	0.093	0.095	0.094	0.096	0.092	0.092	0.093	0.090	0.093	0.096	0.094	0.097	0.093	0.094	0.095	0.095	0.095	0.093	0.093	0.091	0.093	0.094	0.092	0.092	0.091	0.091	0.093	0.093	0.092	0.091	0.092	0.091
21:00:23	20.3	0.090	0.090	0.090	0.092	0.093	0.091	0.091	0.090	0.090	0.092	0.091	0.093	0.091	0.092	0.097	0.093	0.095	0.099	0.093	0.093	0.097	0.093	0.099	0.091	0.090	0.092	0.092	0.097	0.097	0.096	0.092	0.094	0.096	0.101	0.095	0.093	0.091	0.096	0.092	0.092	0.091	0.092	0.093	0.098	0.094	0.093	0.096	0.091	0.092	0.096	0.099	0.094	0.097	0.092	0.098	0.091	0.097	0.093	0.093	0.091	0.092	0.101	0.096	0.096	0.093	0.097	0.094	0.097	0.092	0.093	0.093	0.090	0.093	0.096	0.095	0.097	0.093	0.094	0.094	0.095	0.095	0.093	0.093	0.091	0.093	0.094	0.092	0.092	0.091	0.091	0.093	0.093	0.092	0.092	0.092	0.091
22:00:25	20.4	0.090	0.091	0.091	0.092	0.093	0.091	0.091	0.091	0.090	0.092	0.092	0.093	0.091	0.093	0.098	0.093	0.096	0.100	0.093	0.093	0.098	0.093	0.100	0.091	0.090	0.092	0.093	0.098	0.098	0.097	0.092	0.094	0.096	0.102	0.095	0.093	0.091	0.097	0.092	0.092	0.091	0.092	0.093	0.099	0.094	0.093	0.096	0.091	0.092	0.096	0.100	0.094	0.098	0.092	0.100	0.091	0.098	0.094	0.093	0.092	0.093	0.102	0.097	0.096	0.094	0.097	0.094	0.098	0.092	0.093	0.093	0.091	0.093	0.097	0.095	0.098	0.093	0.094	0.095	0.095	0.095	0.093	0.093	0.091	0.093	0.094	0.092	0.092	0.091	0.091	0.093	0.093	0.093	0.092	0.092	0.092
23:00:26	20.5	0.090	0.091	0.091	0.092	0.093	0.091	0.091	0.090	0.090	0.092	0.092	0.093	0.091	0.093	0.100	0.094	0.096	0.101	0.093	0.093	0.099	0.093	0.101	0.091	0.090	0.092	0.093	0.099	0.100	0.097	0.093	0.094	0.096	0.103	0.095	0.093	0.091	0.099	0.092	0.092	0.092	0.092	0.094	0.101	0.094	0.093	0.096	0.091	0.092	0.096	0.102	0.094	0.099	0.093	0.101	0.092	0.099	0.094	0.092	0.092	0.093	0.103	0.097	0.096	0.094	0.098	0.095	0.099	0.092	0.093	0.093	0.090	0.093	0.097	0.095	0.099	0.094	0.095	0.095	0.095	0.095	0.093	0.093	0.091	0.093	0.094	0.092	0.092	0.091	0.091	0.093	0.093	0.093	0.092	0.092	0.091
24:00:26	20.6	0.091	0.091	0.091	0.092	0.094	0.092	0.091	0.090	0.091	0.092	0.092	0.093	0.091	0.093	0.101	0.094	0.096	0.102	0.094	0.094	0.100	0.093	0.103	0.091	0.091	0.092	0.093	0.101	0.101	0.097	0.093	0.094	0.096	0.104	0.096	0.093	0.091	0.100	0.093	0.093	0.092	0.092	0.094	0.102	0.094	0.093	0.097	0.091	0.092	0.097	0.103	0.094	0.100	0.093	0.103	0.092	0.100	0.094	0.093	0.091	0.093	0.104	0.097	0.097	0.094	0.100	0.095	0.100	0.092	0.093	0.093	0.091	0.093	0.097	0.095	0.100	0.094	0.094	0.095	0.095	0.095	0.094	0.093	0.091	0.093	0.095	0.092	0.092	0.091	0.091	0.093	0.093	0.093	0.092	0.092	0.092
25:00:27	20.6	0.091	0.091	0.091	0.092	0.094	0.091	0.091	0.091	0.091	0.092	0.092	0.093	0.091	0.093	0.102	0.094	0.096	0.103	0.095	0.094	0.102	0.093	0.105	0.091	0.091	0.092	0.093	0.102	0.102	0.097	0.093	0.094	0.096	0.106	0.096	0.093	0.091	0.102	0.093	0.093	0.092	0.092	0.094	0.103	0.094	0.094	0.097	0.091	0.092	0.097	0.105	0.094	0.101	0.093	0.105	0.092	0.102	0.094	0.093	0.092	0.093	0.106	0.097	0.097	0.094	0.101	0.095	0.101	0.092	0.093	0.094	0.091	0.093	0.097	0.096	0.101	0.094	0.094	0.095	0.095	0.095	0.094	0.093	0.091	0.093	0.095	0.092	0.092	0.091	0.091	0.093	0.093	0.093	0.092	0.093	0.092
26:00:29	20.6	0.091	0.091	0.091	0.092	0.093	0.091	0.091	0.090	0.091	0.092	0.092	0.093	0.091	0.093	0.104	0.094	0.096	0.105	0.094	0.094	0.103	0.094	0.107	0.091	0.090	0.092	0.093	0.104	0.103	0.097	0.093	0.094	0.096	0.107	0.095	0.093	0.091	0.103	0.093	0.093	0.092	0.092	0.094	0.105	0.094	0.093	0.097	0.091	0.092	0.097	0.106	0.094	0.103	0.093	0.107	0.092	0.104	0.093	0.093	0.092	0.093	0.108	0.097	0.097	0.094	0.102	0.095	0.103	0.092	0.093	0.093	0.091	0.093	0.097	0.095	0.103	0.094	0.094	0.095	0.095	0.096	0.094	0.093	0.091	0.093	0.095	0.092	0.093	0.091	0.091	0.093	0.093	0.093	0.092	0.092	0.092
27:00:30	20.5	0.091	0.091	0.091	0.092	0.094	0.091	0.091	0.090	0.091	0.092	0.092	0.093	0.091	0.093	0.107	0.094	0.096	0.106	0.093	0.094	0.105	0.093	0.109	0.091	0.091	0.092	0.093	0.106	0.105	0.097	0.093	0.094	0.096	0.109	0.096	0.093	0.091	0.105	0.093	0.093	0.092	0.092	0.094	0.107	0.094	0.093	0.097	0.091	0.092	0.097	0.108	0.094	0.104	0.093	0.109	0.092	0.106	0.094	0.093	0.092	0.093	0.110	0.097	0.097	0.094	0.104	0.095	0.105	0.092	0.093	0.093	0.090	0.093	0.097	0.095	0.105	0.094	0.094	0.095	0.095	0.095	0.094	0.093	0.091	0.093	0.094	0.092	0.092	0.091	0.091	0.093	0.093	0.093	0.092	0.092	0.091
28:00:30	20.2	0.091	0.091	0.091	0.092	0.094	0.092	0.092	0.091	0.091	0.093	0.092	0.093	0.091	0.093	0.110	0.094	0.096	0.109	0.094	0.094	0.108	0.094	0.113	0.092	0.091	0.093	0.093	0.110	0.107	0.097	0.093	0.095	0.096	0.112	0.096	0.093	0.091	0.108	0.093	0.093	0.092	0.092	0.095	0.109	0.095	0.094	0.097	0.091	0.092	0.097	0.111	0.094	0.107	0.094	0.113	0.092	0.108	0.094	0.093	0.092	0.093	0.113	0.097	0.097	0.094	0.106	0.095	0.108	0.092	0.093	0.094	0.091	0.093	0.097	0.096	0.107	0.094	0.095	0.095	0.096	0.096	0.094	0.093	0.091	0.093	0.095	0.092	0.093	0.092	0.091	0.093	0.093	0.093	0.092	0.093	0.092
29:00:30	20.1	0.091	0.091	0.091	0.092	0.094	0.092	0.091	0.090	0.091	0.092	0.092	0.093	0.091	0.093	0.113	0.094	0.096	0.111	0.094	0.094	0.110	0.094	0.117	0.091	0.091	0.092	0.093	0.113	0.110	0.097	0.093	0.094	0.096	0.115	0.096	0.093	0.091	0.111	0.093	0.093	0.092	0.092	0.095	0.111	0.095	0.093	0.097	0.091	0.092	0.097	0.114	0.094	0.109	0.093	0.117	0.092	0.111	0.094	0.093	0.092	0.093	0.116	0.098	0.097	0.094	0.108	0.095	0.110	0.092	0.093	0.093	0.091	0.093	0.097	0.095	0.109	0.094	0.095	0.095	0.096	0.095	0.094	0.093	0.091	0.093	0.094	0.092	0.092	0.091	0.091	0.093	0.093	0.093	0.092	0.092	0.091
30:00:31	20.1	0.091	0.091	0.091	0.092	0.093	0.091	0.091	0.090	0.091	0.092	0.092	0.093	0.091	0.093	0.117	0.094	0.096	0.114	0.095	0.094	0.113	0.094	0.121	0.091	0.090	0.092	0.093	0.116	0.112	0.097	0.093	0.095	0.096	0.118	0.096	0.093	0.091	0.114	0.093	0.093	0.092	0.092	0.095	0.114	0.095	0.094	0.097	0.091	0.092	0.097	0.118	0.094	0.112	0.093	0.121	0.092	0.114	0.094	0.093	0.092	0.093	0.120	0.097	0.097	0.094	0.111	0.095	0.114	0.092	0.093	0.094	0.091	0.093	0.097	0.095	0.112	0.094	0.095	0.095	0.096	0.096	0.094	0.093	0.091	0.093	0.094	0.092	0.092	0.091	0.091	0.093	0.093	0.093	0.092	0.092	0.092
31:00:33	20.1	0.091	0.091	0.091	0.092	0.094	0.091	0.091	0.091	0.091	0.092	0.092	0.093	0.091	0.093	0.122	0.095	0.097	0.118	0.094	0.094	0.117	0.094	0.127	0.091	0.091	0.093	0.093	0.121	0.116	0.097	0.093	0.094	0.096	0.122	0.096	0.093	0.091	0.118	0.093	0.093	0.092	0.092	0.095	0.118	0.095	0.094	0.097	0.091	0.092	0.097	0.122	0.094	0.116	0.093	0.127	0.092	0.118	0.094	0.093	0.092	0.093	0.125	0.098	0.097	0.094	0.115	0.095	0.117	0.092	0.093	0.094	0.091	0.093	0.097	0.096	0.116	0.094	0.095	0.096	0.096	0.095	0.094	0.094	0.091	0.093	0.094	0.092	0.092	0.091	0.091	0.093	0.093	0.093	0.092	0.092	0.092
32:00:34	20.1	0.091	0.091	0.091	0.092	0.094	0.091	0.091	0.091	0.091	0.092	0.092	0.093	0.091	0.093	0.128	0.095	0.096	0.123	0.094	0.094	0.121	0.094	0.133	0.092	0.091	0.093	0.093	0.127	0.120	0.097	0.093	0.095	0.096	0.126	0.096	0.093	0.091	0.123	0.093	0.093	0.092	0.092	0.096	0.123	0.095	0.094	0.097	0.091	0.092	0.098	0.128	0.095	0.120	0.094	0.133	0.092	0.122	0.094	0.094	0.092	0.093	0.131	0.098	0.097	0.094	0.118	0.095	0.122	0.092	0.093	0.094	0.091	0.093	0.097	0.096	0.120	0.094	0.095	0.096	0.096	0.096	0.095	0.094	0.091	0.093	0.095	0.092	0.093	0.092	0.091	0.093	0.093	0.093	0.092	0.093	0.092
33:00:36	20.1	0.091	0.091	0.091	0.092	0.094	0.092	0.091	0.091	0.091	0.092	0.092	0.093	0.091	0.094	0.134	0.095	0.097	0.128	0.094	0.094	0.126	0.094	0.140	0.092	0.091	0.093	0.093	0.134	0.125	0.097	0.093	0.095	0.097	0.132	0.096	0.093	0.091	0.129	0.093	0.093	0.092	0.092	0.096	0.128	0.096	0.094	0.097	0.091	0.092	0.098	0.134	0.095	0.125	0.094	0.141	0.093	0.127	0.094	0.094	0.092	0.093	0.137	0.098	0.097	0.094	0.124	0.095	0.128	0.093	0.094	0.094	0.091	0.093	0.098	0.096	0.125	0.094	0.095	0.096	0.096	0.096	0.095	0.094	0.091	0.093	0.095	0.092	0.092	0.091	0.091	0.093	0.093	0.093	0.092	0.093	0.092
34:00:37	20.1	0.091	0.091	0.091	0.092	0.094	0.092	0.091	0.090	0.091	0.092	0.092	0.093	0.091	0.093	0.143	0.095	0.097	0.134	0.094	0.094	0.132	0.095	0.149	0.092	0.091	0.093	0.093	0.142	0.131	0.097	0.093	0.095	0.097	0.138	0.096	0.093	0.091	0.137	0.093	0.093	0.092	0.092	0.097	0.134	0.096	0.094	0.097	0.091	0.092	0.098	0.142	0.095	0.131	0.094	0.151	0.092	0.134	0.094	0.093	0.092	0.093	0.145	0.098	0.097	0.094	0.130	0.095	0.135	0.093	0.094	0.094	0.091	0.093	0.098	0.096	0.131	0.094	0.095	0.096	0.096	0.096	0.095	0.094	0.091	0.093	0.095	0.092	0.092	0.091	0.091	0.093	0.093	0.093	0.092	0.093	0.092
35:00:37	20.1	0.091	0.091	0.091	0.092	0.094	0.091	0.091	0.091	0.091	0.092	0.092	0.093	0.091	0.093	0.153	0.096	0.097	0.142	0.094	0.094	0.139	0.095	0.159	0.092	0.091	0.093	0.093	0.152	0.139	0.097	0.093	0.095	0.097	0.145	0.096	0.093	0.091	0.145	0.093	0.093	0.093	0.092	0.097	0.141	0.096	0.094	0.098	0.091	0.092	0.098	0.151	0.095	0.139	0.094	0.160	0.093	0.141	0.094	0.094	0.092	0.093	0.154	0.098	0.097	0.094	0.136	0.095	0.142	0.092	0.093	0.094	0.091	0.093	0.098	0.096	0.138	0.094	0.095	0.095	0.096	0.096	0.095	0.094	0.091	0.093	0.095	0.092	0.092	0.091	0.091	0.093	0.093	0.093	0.092	0.093	0.092
36:00:37	20.1	0.091	0.091	0.091	0.092	0.094	0.092	0.091	0.091	0.091	0.092	0.092	0.093	0.091	0.093	0.165	0.096	0.097	0.152	0.095	0.094	0.148	0.095	0.171	0.092	0.091	0.093	0.093	0.163	0.148	0.098	0.093	0.095	0.097	0.155	0.096	0.093	0.091	0.155	0.093	0.093	0.093	0.092	0.098	0.149	0.096	0.094	0.098	0.091	0.092	0.099	0.161	0.095	0.148	0.094	0.170	0.093	0.150	0.094	0.094	0.092	0.093	0.163	0.098	0.097	0.094	0.144	0.095	0.152	0.093	0.094	0.094	0.091	0.093	0.098	0.096	0.146	0.094	0.095	0.096	0.097	0.096	0.096	0.094	0.091	0.093	0.094	0.092	0.093	0.091	0.091	0.093	0.093	0.093	0.092	0.093	0.092
37:00:39	20.1	0.091	0.091	0.091	0.092	0.094	0.091	0.091	0.091	0.091	0.092	0.092	0.093	0.091	0.093	0.179	0.096	0.098	0.163	0.095	0.094	0.158	0.095	0.182	0.092	0.091	0.093	0.094	0.173	0.157	0.097	0.093	0.095	0.097	0.164	0.096	0.094	0.091	0.165	0.093	0.093	0.093	0.092	0.099	0.159	0.096	0.094	0.098	0.091	0.092	0.099	0.171	0.095	0.157	0.095	0.181	0.093	0.160	0.094	0.094	0.092	0.093	0.175	0.098	0.098	0.094	0.154	0.095	0.163	0.093	0.094	0.094	0.091	0.093	0.098	0.096	0.155	0.094	0.095	0.096	0.097	0.096	0.096	0.094	0.091	0.093	0.095	0.092	0.092	0.091	0.091	0.093	0.093	0.093	0.092	0.093	0.092
38:00:40	20.0	0.091	0.091	0.091	0.092	0.094	0.092	0.092	0.091	0.091	0.092	0.092	0.093	0.091	0.094	0.194	0.097	0.098	0.177	0.094	0.094	0.169	0.096	0.195	0.092	0.091	0.093	0.093	0.186	0.169	0.097	0.093	0.095	0.097	0.175	0.097	0.093	0.091	0.176	0.094	0.094	0.093	0.093	0.100	0.171	0.097	0.094	0.098	0.091	0.092	0.100	0.183	0.095	0.167	0.095	0.193	0.093	0.170	0.094	0.094	0.092	0.093	0.186	0.098	0.098	0.094	0.164	0.095	0.173	0.093	0.094	0.094	0.091	0.093	0.099	0.096	0.165	0.095	0.095	0.096	0.097	0.096	0.097	0.095	0.091	0.093	0.095	0.092	0.093	0.091	0.091	0.093	0.093	0.093	0.092	0.093	0.092
39:00:41	20.0	0.091	0.091	0.091	0.092	0.094	0.092	0.091	0.091	0.091	0.092	0.092	0.093	0.091	0.093	0.207	0.097	0.098	0.190	0.094	0.094	0.181	0.096	0.212	0.091	0.091	0.093	0.093	0.198	0.181	0.097	0.093	0.095	0.097	0.187	0.096	0.093	0.091	0.189	0.094	0.093	0.094	0.092	0.101	0.183	0.097	0.094	0.098	0.091	0.092	0.100	0.195	0.095	0.179	0.095	0.205	0.093	0.182	0.094	0.094	0.092	0.093	0.198	0.098	0.098	0.094	0.175	0.095	0.186	0.093	0.094	0.094	0.091	0.093	0.098	0.096	0.175	0.094	0.095	0.096	0.097	0.096	0.097	0.095	0.091	0.093	0.095	0.092	0.092	0.091	0.091	0.093	0.093	0.093	0.092	0.092	0.091
40:00:41	19.9	0.091	0.091	0.091	0.092	0.095	0.092	0.092	0.091	0.091	0.093	0.092	0.093	0.091	0.094	0.218	0.098	0.099	0.202	0.095	0.095	0.194	0.097	0.224	0.092	0.091	0.093	0.093	0.212	0.195	0.098	0.094	0.095	0.097	0.200	0.097	0.094	0.091	0.201	0.094	0.093	0.094	0.093	0.102	0.195	0.098	0.094	0.098	0.092	0.092	0.101	0.208	0.095	0.191	0.096	0.220	0.093	0.194	0.094	0.094	0.092	0.093	0.212	0.098	0.098	0.094	0.188	0.096	0.198	0.093	0.094	0.095	0.091	0.093	0.099	0.096	0.188	0.095	0.095	0.096	0.098	0.096	0.098	0.095	0.091	0.093	0.095	0.093	0.093	0.091	0.092	0.093	0.093	0.093	0.092	0.093	0.092
41:00:42	19.9	0.091	0.091	0.091	0.092	0.094	0.092	0.091	0.091	0.091	0.092	0.092	0.093	0.091	0.093	0.231	0.099	0.099	0.212	0.095	0.094	0.205	0.097	0.235	0.092	0.091	0.093	0.093	0.224	0.205	0.098	0.093	0.095	0.097	0.211	0.097	0.093	0.091	0.213	0.094	0.094	0.094	0.093	0.103	0.207	0.098	0.094	0.098	0.091	0.093	0.102	0.221	0.095	0.203	0.096	0.233	0.093	0.207	0.094	0.094	0.092	0.093	0.225	0.099	0.098	0.094	0.200	0.096	0.210	0.093	0.094	0.095	0.091	0.093	0.099	0.096	0.200	0.095	0.095	0.096	0.098	0.096	0.098	0.095	0.091	0.093	0.095	0.092	0.093	0.092	0.091	0.093	0.093	0.093	0.092	0.093	0.092
42:00:43	20.0	0.091	0.091	0.091	0.092	0.094	0.091	0.091	0.091	0.091	0.092	0.092	0.093	0.091	0.094	0.243	0.099	0.099	0.226	0.095	0.094	0.218	0.098	0.247	0.091	0.090	0.093	0.093	0.237	0.218	0.097	0.093	0.095	0.097	0.224	0.097	0.093	0.091	0.227	0.094	0.093	0.095	0.092	0.105	0.220	0.099	0.094	0.098	0.091	0.092	0.103	0.234	0.095	0.217	0.096	0.250	0.093	0.222	0.094	0.094	0.092	0.093	0.240	0.099	0.098	0.094	0.213	0.096	0.224	0.093	0.094	0.095	0.091	0.093	0.099	0.096	0.213	0.095	0.095	0.096	0.099	0.096	0.099	0.095	0.091	0.093	0.095	0.092	0.093	0.091	0.091	0.093	0.093	0.093	0.092	0.093	0.092
43:00:44	20.1	0.091	0.091	0.091	0.092	0.094	0.092	0.091	0.091	0.091	0.092	0.092	0.093	0.091	0.094	0.255	0.101	0.100	0.239	0.096	0.095	0.233	0.098	0.263	0.092	0.091	0.093	0.093	0.251	0.232	0.097	0.094	0.095	0.097	0.237	0.097	0.094	0.091	0.240	0.095	0.094	0.095	0.093	0.107	0.232	0.100	0.094	0.098	0.091	0.092	0.104	0.249	0.095	0.231	0.097	0.265	0.094	0.235	0.094	0.094	0.092	0.093	0.255	0.099	0.099	0.094	0.227	0.096	0.236	0.093	0.094	0.095	0.091	0.093	0.100	0.096	0.225	0.095	0.095	0.096	0.100	0.096	0.100	0.096	0.091	0.094	0.094	0.092	0.093	0.091	0.091	0.093	0.093	0.093	0.092	0.093	0.092
44:00:45	20.1	0.091	0.091	0.091	0.092	0.094	0.092	0.092	0.091	0.091	0.092	0.092	0.093	0.091	0.094	0.269	0.102	0.100	0.251	0.094	0.095	0.245	0.099	0.276	0.092	0.091	0.093	0.094	0.265	0.245	0.097	0.094	0.095	0.097	0.251	0.097	0.093	0.091	0.254	0.094	0.094	0.096	0.093	0.110	0.245	0.100	0.094	0.098	0.091	0.092	0.106	0.263	0.095	0.245	0.098	0.280	0.094	0.248	0.094	0.094	0.092	0.093	0.268	0.099	0.099	0.094	0.240	0.096	0.249	0.093	0.094	0.095	0.091	0.093	0.100	0.097	0.238	0.095	0.095	0.096	0.101	0.096	0.101	0.096	0.091	0.093	0.094	0.092	0.093	0.091	0.091	0.093	0.093	0.093	0.092	0.093	0.092
45:00:46	20.0	0.091	0.091	0.091	0.092	0.094	0.092	0.091	0.091	0.091	0.092	0.092	0.093	0.090	0.093	0.283	0.103	0.101	0.265	0.094	0.094	0.258	0.100	0.290	0.091	0.090	0.093	0.093	0.280	0.257	0.097	0.093	0.095	0.097	0.265	0.097	0.093	0.091	0.268	0.095	0.093	0.096	0.092	0.112	0.258	0.101	0.094	0.098	0.091	0.092	0.107	0.278	0.095	0.258	0.098	0.294	0.094	0.261	0.094	0.094	0.092	0.093	0.282	0.099	0.099	0.094	0.253	0.096	0.262	0.092	0.094	0.094	0.091	0.093	0.100	0.096	0.252	0.095	0.095	0.097	0.101	0.096	0.102	0.096	0.091	0.093	0.094	0.092	0.092	0.091	0.091	0.093	0.093	0.093	0.092	0.092	0.091
46:00:47	20.0	0.091	0.091	0.091	0.092	0.094	0.091	0.091	0.091	0.091	0.092	0.092	0.093	0.091	0.094	0.298	0.105	0.102	0.280	0.094	0.095	0.272	0.101	0.305	0.092	0.091	0.093	0.093	0.296	0.271	0.097	0.093	0.095	0.097	0.279	0.097	0.093	0.091	0.282	0.095	0.094	0.097	0.093	0.116	0.271	0.103	0.094	0.098	0.091	0.092	0.110	0.293	0.095	0.272	0.100	0.310	0.094	0.274	0.094	0.095	0.092	0.093	0.296	0.099	0.099	0.094	0.267	0.096	0.275	0.093	0.094	0.095	0.091	0.093	0.101	0.097	0.266	0.095	0.095	0.096	0.102	0.096	0.105	0.097	0.091	0.093	0.095	0.092	0.093	0.091	0.091	0.093	0.093	0.093	0.092	0.092	0.092
47:00:51	20.0	0.091	0.091	0.091	0.092	0.094	0.092	0.091	0.091	0.091	0.092	0.092	0.093	0.091	0.093	0.314	0.107	0.103	0.293	0.094	0.095	0.286	0.102	0.322	0.092	0.091	0.093	0.094	0.311	0.285	0.098	0.093	0.095	0.097	0.293	0.097	0.093	0.091	0.297	0.096	0.094	0.098	0.093	0.120	0.285	0.104	0.094	0.098	0.091	0.092	0.112	0.308	0.095	0.288	0.101	0.325	0.094	0.287	0.094	0.095	0.092	0.093	0.311	0.099	0.100	0.094	0.282	0.096	0.289	0.093	0.094	0.095	0.091	0.093	0.102	0.097	0.278	0.095	0.095	0.096	0.104	0.096	0.107	0.098	0.091	0.093	0.095	0.092	0.092	0.091	0.091	0.093	0.093	0.093	0.092	0.093	0.092
48:00:49	20.1	0.091	0.091	0.091	0.092	0.094	0.091	0.091	0.091	0.091	0.092	0.092	0.093	0.091	0.094	0.330	0.109	0.105	0.309	0.094	0.095	0.300	0.104	0.338	0.092	0.091	0.093	0.094	0.327	0.298	0.098	0.093	0.095	0.097	0.308	0.097	0.094	0.091	0.314	0.096	0.094	0.100	0.093	0.124	0.299	0.106	0.094	0.098	0.091	0.092	0.115	0.325	0.096	0.302	0.102	0.340	0.095	0.302	0.095	0.095	0.092	0.093	0.327	0.100	0.100	0.094	0.297	0.096	0.302	0.093	0.094	0.095	0.091	0.093	0.102	0.097	0.293	0.096	0.095	0.097	0.105	0.096	0.109	0.098	0.091	0.093	0.095	0.092	0.092	0.091	0.091	0.093	0.093	0.093	0.092	0.093	0.092
49:00:51	20.1	0.091	0.091	0.091	0.092	0.094	0.092	0.091	0.091	0.091	0.092	0.092	0.093	0.091	0.093	0.346	0.111	0.106	0.323	0.094	0.095	0.313	0.106	0.354	0.091	0.090	0.093	0.093	0.342	0.312	0.097	0.093	0.095	0.097	0.323	0.097	0.093	0.091	0.330	0.097	0.094	0.101	0.092	0.128	0.315	0.108	0.094	0.099	0.091	0.092	0.118	0.342	0.096	0.317	0.104	0.358	0.095	0.316	0.094	0.095	0.092	0.093	0.343	0.100	0.100	0.094	0.311	0.096	0.318	0.093	0.094	0.095	0.090	0.093	0.103	0.097	0.307	0.096	0.095	0.096	0.107	0.096	0.112	0.099	0.091	0.093	0.094	0.092	0.092	0.091	0.091	0.093	0.093	0.093	0.092	0.092	0.091
50:00:51	20.1	0.091	0.091	0.091	0.092	0.094	0.092	0.091	0.091	0.091	0.092	0.092	0.093	0.091	0.094	0.363	0.114	0.108	0.337	0.094	0.095	0.327	0.108	0.373	0.092	0.091	0.093	0.093	0.359	0.327	0.098	0.093	0.096	0.097	0.338	0.098	0.094	0.091	0.347	0.097	0.094	0.103	0.093	0.133	0.331	0.110	0.095	0.099	0.091	0.092	0.121	0.359	0.096	0.331	0.105	0.377	0.096	0.332	0.095	0.095	0.092	0.093	0.359	0.100	0.101	0.095	0.327	0.096	0.333	0.093	0.094	0.096	0.091	0.093	0.104	0.098	0.322	0.096	0.096	0.097	0.109	0.097	0.115	0.101	0.091	0.093	0.095	0.092	0.093	0.091	0.091	0.093	0.093	0.093	0.092	0.093	0.092
51:00:52	20.0	0.091	0.091	0.091	0.092	0.094	0.091	0.091	0.091	0.091	0.092	0.092	0.093	0.091	0.094	0.381	0.116	0.110	0.353	0.094	0.095	0.342	0.110	0.390	0.092	0.091	0.093	0.093	0.377	0.342	0.098	0.094	0.095	0.097	0.352	0.098	0.093	0.091	0.366	0.098	0.094	0.104	0.093	0.136	0.348	0.113	0.094	0.099	0.091	0.094	0.124	0.379	0.096	0.347	0.108	0.394	0.096	0.345	0.095	0.095	0.092	0.093	0.377	0.101	0.101	0.094	0.344	0.096	0.348	0.093	0.094	0.095	0.091	0.093	0.105	0.098	0.338	0.096	0.095	0.097	0.112	0.097	0.118	0.101	0.091	0.093	0.094	0.092	0.092	0.091	0.091	0.093	0.093	0.093	0.092	0.092	0.091
52:00:53	19.9	0.091	0.091	0.091	0.092	0.094	0.092	0.091	0.091	0.091	0.092	0.092	0.093	0.091	0.094	0.399	0.119	0.111	0.369	0.094	0.095	0.359	0.113	0.408	0.092	0.091	0.093	0.093	0.395	0.359	0.098	0.094	0.096	0.097	0.369	0.098	0.094	0.091	0.384	0.099	0.094	0.107	0.093	0.141	0.364	0.116	0.095	0.099	0.091	0.093	0.127	0.396	0.096	0.365	0.109	0.412	0.097	0.361	0.095	0.096	0.092	0.093	0.394	0.101	0.101	0.094	0.359	0.096	0.366	0.093	0.094	0.096	0.091	0.093	0.107	0.098	0.354	0.097	0.096	0.097	0.115	0.097	0.121	0.103	0.091	0.093	0.094	0.092	0.092	0.091	0.091	0.093	0.093	0.093	0.092	0.092	0.092
53:00:54	19.9	0.091	0.091	0.091	0.092	0.094	0.092	0.091	0.091	0.091	0.092	0.092	0.093	0.091	0.094	0.417	0.122	0.114	0.386	0.094	0.095	0.375	0.116	0.424	0.092	0.091	0.093	0.094	0.412	0.376	0.098	0.094	0.096	0.097	0.387	0.099	0.093	0.091	0.402	0.100	0.095	0.109	0.093	0.144	0.381	0.120	0.095	0.099	0.091	0.092	0.130	0.413	0.096	0.382	0.111	0.430	0.098	0.378	0.095	0.096	0.092	0.093	0.412	0.102	0.102	0.095	0.376	0.097	0.382	0.093	0.095	0.096	0.091	0.093	0.108	0.098	0.371	0.098	0.096	0.097	0.118	0.097	0.124	0.105	0.091	0.093	0.095	0.092	0.092	0.091	0.091	0.093	0.093	0.093	0.092	0.093	0.092
54:00:55	19.9	0.091	0.091	0.091	0.092	0.094	0.092	0.092	0.091	0.091	0.092	0.093	0.093	0.091	0.094	0.434	0.125	0.115	0.402	0.095	0.095	0.392	0.119	0.443	0.092	0.091	0.093	0.094	0.429	0.393	0.098	0.094	0.096	0.097	0.402	0.099	0.094	0.091	0.421	0.101	0.095	0.112	0.093	0.148	0.399	0.123	0.095	0.100	0.091	0.092	0.133	0.431	0.097	0.398	0.113	0.449	0.099	0.394	0.095	0.096	0.092	0.093	0.431	0.102	0.103	0.095	0.392	0.097	0.398	0.094	0.095	0.097	0.091	0.093	0.109	0.098	0.388	0.098	0.096	0.098	0.121	0.097	0.127	0.106	0.091	0.093	0.095	0.092	0.092	0.091	0.091	0.093	0.093	0.093	0.092	0.093	0.092
55:00:57	19.9	0.091	0.091	0.091	0.092	0.094	0.092	0.092	0.091	0.092	0.092	0.093	0.094	0.091	0.094	0.452	0.129	0.117	0.417	0.094	0.096	0.409	0.122	0.463	0.092	0.091	0.093	0.094	0.447	0.409	0.098	0.094	0.096	0.098	0.419	0.099	0.094	0.091	0.441	0.101	0.095	0.115	0.094	0.152	0.418	0.127	0.095	0.100	0.091	0.093	0.136	0.451	0.097	0.417	0.115	0.468	0.100	0.411	0.095	0.097	0.092	0.093	0.450	0.103	0.104	0.095	0.410	0.097	0.416	0.094	0.095	0.097	0.091	0.093	0.111	0.099	0.406	0.099	0.096	0.098	0.125	0.097	0.130	0.108	0.091	0.093	0.095	0.092	0.093	0.092	0.091	0.093	0.093	0.093	0.092	0.093	0.092
56:00:57	19.9	0.091	0.091	0.091	0.092	0.094	0.092	0.092	0.091	0.091	0.092	0.093	0.094	0.091	0.094	0.471	0.132	0.119	0.434	0.094	0.096	0.424	0.125	0.482	0.092	0.091	0.093	0.094	0.466	0.428	0.098	0.094	0.096	0.098	0.436	0.099	0.094	0.091	0.459	0.102	0.095	0.117	0.093	0.155	0.436	0.131	0.095	0.100	0.091	0.093	0.139	0.471	0.097	0.432	0.117	0.487	0.101	0.426	0.095	0.097	0.092	0.093	0.468	0.103	0.104	0.095	0.425	0.097	0.434	0.094	0.095	0.097	0.091	0.093	0.112	0.100	0.423	0.099	0.096	0.098	0.128	0.097	0.133	0.110	0.091	0.093	0.095	0.092	0.093	0.091	0.091	0.093	0.093	0.093	0.092	0.093	0.092
57:00:58	19.9	0.091	0.091	0.091	0.092	0.095	0.092	0.091	0.091	0.091	0.092	0.093	0.093	0.091	0.094	0.489	0.135	0.121	0.450	0.095	0.096	0.442	0.128	0.505	0.092	0.091	0.093	0.094	0.484	0.445	0.098	0.094	0.096	0.098	0.453	0.100	0.094	0.091	0.477	0.103	0.095	0.120	0.093	0.158	0.454	0.135	0.095	0.100	0.091	0.092	0.142	0.489	0.098	0.452	0.120	0.508	0.102	0.444	0.095	0.097	0.092	0.093	0.488	0.104	0.105	0.095	0.443	0.097	0.451	0.094	0.095	0.097	0.091	0.093	0.113	0.100	0.441	0.100	0.096	0.098	0.131	0.097	0.136	0.112	0.091	0.093	0.095	0.092	0.092	0.092	0.091	0.093	0.093	0.093	0.092	0.093	0.092
58:00:57	19.9	0.091	0.091	0.091	0.092	0.094	0.092	0.091	0.091	0.091	0.092	0.094	0.093	0.091	0.094	0.508	0.138	0.123	0.468	0.095	0.096	0.460	0.131	0.525	0.092	0.091	0.093	0.094	0.504	0.464	0.098	0.094	0.097	0.098	0.471	0.100	0.094	0.091	0.495	0.104	0.096	0.123	0.094	0.161	0.473	0.139	0.095	0.101	0.091	0.092	0.144	0.507	0.098	0.469	0.122	0.528	0.103	0.461	0.095	0.098	0.092	0.093	0.508	0.105	0.106	0.095	0.460	0.098	0.470	0.094	0.095	0.098	0.091	0.093	0.114	0.100	0.460	0.100	0.096	0.098	0.135	0.097	0.139	0.115	0.091	0.093	0.094	0.092	0.093	0.091	0.091	0.093	0.093	0.093	0.092	0.093	0.091
59:00:59	19.9	0.091	0.091	0.091	0.092	0.094	0.092	0.091	0.091	0.091	0.092	0.093	0.093	0.091	0.094	0.527	0.141	0.125	0.485	0.094	0.096	0.477	0.134	0.540	0.092	0.091	0.093	0.094	0.524	0.482	0.098	0.094	0.097	0.098	0.490	0.101	0.094	0.091	0.517	0.105	0.096	0.125	0.094	0.164	0.492	0.143	0.095	0.101	0.091	0.092	0.148	0.528	0.098	0.488	0.124	0.544	0.104	0.478	0.095	0.098	0.092	0.093	0.529	0.106	0.107	0.095	0.477	0.098	0.488	0.094	0.095	0.098	0.091	0.093	0.116	0.101	0.480	0.101	0.096	0.099	0.138	0.097	0.142	0.117	0.091	0.093	0.095	0.092	0.092	0.091	0.091	0.093	0.093	0.093	0.092	0.093	0.092
60:01:00	19.9	0.091	0.091	0.091	0.092	0.094	0.092	0.092	0.091	0.091	0.093	0.093	0.093	0.091	0.094	0.544	0.145	0.127	0.504	0.095	0.097	0.498	0.137	0.552	0.092	0.091	0.093	0.094	0.542	0.500	0.098	0.094	0.097	0.098	0.511	0.101	0.093	0.091	0.536	0.106	0.096	0.128	0.094	0.167	0.512	0.147	0.095	0.102	0.092	0.093	0.151	0.549	0.099	0.507	0.126	0.552	0.106	0.499	0.095	0.099	0.092	0.093	0.556	0.107	0.109	0.096	0.497	0.099	0.508	0.094	0.096	0.099	0.091	0.093	0.117	0.101	0.501	0.102	0.097	0.099	0.142	0.098	0.145	0.120	0.091	0.093	0.095	0.092	0.093	0.092	0.091	0.093	0.093	0.093	0.092	0.093	0.092
61:01:01	19.8	0.091	0.091	0.091	0.092	0.094	0.092	0.091	0.091	0.091	0.092	0.093	0.093	0.091	0.094	0.556	0.148	0.129	0.522	0.095	0.097	0.516	0.140	0.560	0.092	0.091	0.093	0.094	0.556	0.518	0.098	0.094	0.097	0.098	0.529	0.101	0.093	0.091	0.558	0.107	0.097	0.131	0.094	0.170	0.530	0.151	0.096	0.102	0.091	0.092	0.154	0.562	0.099	0.522	0.128	0.562	0.106	0.515	0.096	0.099	0.092	0.093	0.569	0.108	0.110	0.095	0.513	0.098	0.529	0.094	0.096	0.099	0.091	0.093	0.119	0.102	0.521	0.103	0.097	0.099	0.145	0.098	0.148	0.123	0.091	0.093	0.094	0.092	0.092	0.091	0.092	0.093	0.093	0.093	0.092	0.093	0.091
62:01:02	19.8	0.091	0.091	0.091	0.092	0.095	0.092	0.092	0.091	0.091	0.092	0.093	0.093	0.091	0.095	0.566	0.151	0.131	0.539	0.095	0.097	0.535	0.142	0.567	0.092	0.091	0.093	0.094	0.569	0.538	0.099	0.094	0.098	0.099	0.545	0.102	0.094	0.091	0.571	0.108	0.097	0.133	0.094	0.173	0.547	0.154	0.096	0.103	0.091	0.092	0.157	0.570	0.100	0.538	0.130	0.570	0.108	0.535	0.096	0.100	0.092	0.093	0.577	0.109	0.112	0.095	0.531	0.099	0.542	0.094	0.096	0.100	0.091	0.093	0.121	0.103	0.543	0.104	0.097	0.100	0.148	0.098	0.151	0.126	0.091	0.093	0.095	0.092	0.093	0.091	0.092	0.093	0.093	0.093	0.092	0.093	0.092
63:01:02	19.8	0.091	0.091	0.091	0.092	0.094	0.092	0.092	0.091	0.091	0.092	0.095	0.093	0.091	0.094	0.575	0.155	0.133	0.551	0.095	0.098	0.547	0.145	0.573	0.092	0.091	0.093	0.094	0.578	0.551	0.099	0.095	0.098	0.099	0.554	0.103	0.094	0.091	0.578	0.109	0.097	0.136	0.094	0.175	0.559	0.158	0.096	0.103	0.092	0.092	0.161	0.580	0.100	0.546	0.132	0.576	0.109	0.548	0.096	0.101	0.092	0.093	0.587	0.110	0.113	0.096	0.543	0.099	0.552	0.094	0.096	0.101	0.091	0.093	0.122	0.103	0.559	0.105	0.097	0.100	0.152	0.099	0.155	0.130	0.091	0.093	0.095	0.092	0.093	0.092	0.091	0.093	0.093	0.093	0.092	0.093	0.092
64:01:04	19.8	0.091	0.091	0.091	0.092	0.094	0.092	0.091	0.090	0.091	0.092	0.094	0.093	0.091	0.094	0.581	0.158	0.135	0.561	0.094	0.098	0.556	0.147	0.578	0.092	0.091	0.093	0.094	0.586	0.561	0.099	0.094	0.098	0.099	0.561	0.103	0.093	0.091	0.586	0.110	0.098	0.138	0.094	0.177	0.568	0.161	0.096	0.103	0.091	0.092	0.163	0.587	0.100	0.556	0.134	0.583	0.110	0.556	0.096	0.101	0.092	0.093	0.594	0.111	0.115	0.096	0.551	0.100	0.561	0.095	0.096	0.101	0.091	0.093	0.124	0.104	0.567	0.106	0.097	0.101	0.155	0.098	0.158	0.133	0.091	0.093	0.094	0.092	0.092	0.091	0.091	0.093	0.093	0.093	0.092	0.092	0.091
65:01:05	19.8	0.091	0.091	0.091	0.092	0.094	0.092	0.091	0.091	0.091	0.092	0.094	0.093	0.091	0.094	0.587	0.162	0.137	0.569	0.095	0.098	0.563	0.150	0.584	0.092	0.091	0.093	0.095	0.591	0.569	0.099	0.095	0.099	0.099	0.568	0.104	0.093	0.091	0.595	0.111	0.098	0.141	0.095	0.180	0.575	0.164	0.096	0.104	0.091	0.092	0.167	0.594	0.101	0.564	0.136	0.590	0.111	0.565	0.096	0.102	0.092	0.093	0.601	0.113	0.117	0.096	0.562	0.100	0.567	0.095	0.097	0.102	0.091	0.093	0.125	0.105	0.575	0.107	0.097	0.101	0.158	0.099	0.161	0.136	0.091	0.093	0.095	0.092	0.093	0.091	0.091	0.093	0.093	0.093	0.092	0.093	0.091
66:01:06	19.9	0.090	0.091	0.091	0.092	0.094	0.092	0.091	0.091	0.091	0.092	0.094	0.093	0.091	0.094	0.593	0.165	0.139	0.577	0.095	0.099	0.570	0.153	0.588	0.092	0.091	0.093	0.095	0.598	0.575	0.099	0.095	0.099	0.099	0.573	0.105	0.093	0.091	0.600	0.113	0.099	0.143	0.095	0.184	0.580	0.168	0.096	0.105	0.091	0.092	0.170	0.601	0.102	0.570	0.138	0.595	0.113	0.570	0.097	0.103	0.092	0.093	0.608	0.115	0.120	0.096	0.570	0.101	0.574	0.095	0.097	0.102	0.091	0.093	0.127	0.106	0.621	0.108	0.098	0.102	0.161	0.099	0.165	0.140	0.091	0.093	0.094	0.092	0.093	0.091	0.091	0.093	0.093	0.093	0.092	0.093	0.092
67:01:07	20.0	0.090	0.091	0.091	0.092	0.094	0.091	0.091	0.091	0.091	0.092	0.094	0.093	0.091	0.095	0.599	0.169	0.140	0.582	0.095	0.099	0.575	0.155	0.593	0.092	0.091	0.093	0.095	0.604	0.580	0.099	0.095	0.100	0.099	0.579	0.106	0.093	0.091	0.606	0.114	0.099	0.145	0.095	0.187	0.585	0.170	0.097	0.106	0.091	0.093	0.173	0.609	0.102	0.577	0.141	0.601	0.113	0.577	0.096	0.104	0.092	0.093	0.614	0.117	0.122	0.096	0.577	0.101	0.580	0.095	0.097	0.103	0.091	0.093	0.128	0.107	0.580	0.109	0.098	0.102	0.165	0.099	0.168	0.143	0.091	0.093	0.094	0.092	0.092	0.091	0.091	0.093	0.093	0.093	0.092	0.093	0.091
68:01:07	20.0	0.091	0.091	0.091	0.092	0.094	0.091	0.092	0.090	0.091	0.092	0.094	0.093	0.091	0.094	0.604	0.173	0.142	0.588	0.095	0.100	0.580	0.158	0.597	0.092	0.091	0.093	0.095	0.610	0.586	0.099	0.095	0.100	0.099	0.585	0.107	0.093	0.091	0.612	0.115	0.100	0.148	0.095	0.190	0.591	0.173	0.096	0.106	0.091	0.093	0.176	0.615	0.103	0.582	0.143	0.605	0.115	0.583	0.097	0.105	0.092	0.093	0.621	0.119	0.125	0.096	0.584	0.102	0.586	0.095	0.097	0.104	0.091	0.093	0.130	0.108	0.581	0.109	0.098	0.102	0.168	0.099	0.171	0.147	0.091	0.093	0.094	0.092	0.092	0.091	0.091	0.093	0.093	0.093	0.092	0.092	0.091
69:01:11	20.0	0.091	0.091	0.091	0.092	0.094	0.091	0.091	0.091	0.091	0.092	0.094	0.093	0.091	0.095	0.609	0.177	0.145	0.593	0.095	0.100	0.586	0.161	0.601	0.092	0.091	0.093	0.095	0.614	0.591	0.099	0.095	0.101	0.100	0.590	0.108	0.094	0.091	0.618	0.117	0.102	0.150	0.096	0.193	0.479	0.177	0.097	0.107	0.091	0.093	0.179	0.620	0.105	0.588	0.145	0.611	0.116	0.590	0.097	0.106	0.092	0.093	0.625	0.122	0.129	0.097	0.591	0.103	0.591	0.096	0.098	0.106	0.091	0.093	0.132	0.110	0.581	0.111	0.098	0.103	0.172	0.100	0.174	0.150	0.091	0.093	0.095	0.092	0.092	0.091	0.091	0.093	0.093	0.093	0.092	0.092	0.091
70:01:10	19.9	0.091	0.091	0.091	0.092	0.094	0.092	0.091	0.091	0.091	0.092	0.094	0.093	0.091	0.095	0.614	0.181	0.146	0.598	0.095	0.101	0.591	0.163	0.605	0.092	0.091	0.093	0.095	0.619	0.596	0.100	0.095	0.102	0.100	0.594	0.109	0.094	0.091	0.623	0.119	0.102	0.153	0.096	0.196	0.480	0.180	0.097	0.108	0.091	0.093	0.183	0.625	0.106	0.467	0.147	0.614	0.118	0.594	0.097	0.108	0.092	0.093	0.630	0.125	0.134	0.097	0.598	0.104	0.595	0.096	0.098	0.107	0.091	0.093	0.134	0.111	0.582	0.112	0.099	0.105	0.175	0.100	0.178	0.154	0.091	0.093	0.095	0.092	0.092	0.091	0.091	0.093	0.093	0.093	0.092	0.092	0.091
71:01:10	19.9	0.091	0.091	0.091	0.092	0.094	0.092	0.092	0.091	0.091	0.092	0.094	0.093	0.091	0.095	0.618	0.186	0.148	0.602	0.095	0.102	0.597	0.166	0.609	0.092	0.091	0.094	0.096	0.623	0.698	0.100	0.096	0.103	0.101	0.599	0.111	0.094	0.091	0.629	0.121	0.104	0.156	0.096	0.199	0.482	0.183	0.098	0.109	0.091	0.094	0.186	0.631	0.108	0.469	0.150	0.619	0.119	0.599	0.098	0.110	0.092	0.093	0.637	0.129	0.138	0.097	0.603	0.105	0.600	0.096	0.099	0.108	0.091	0.093	0.136	0.113	0.583	0.113	0.099	0.106	0.178	0.101	0.181	0.157	0.091	0.093	0.094	0.092	0.093	0.092	0.091	0.093	0.093	0.093	0.092	0.093	0.092
72:01:10	19.9	0.090	0.091	0.091	0.092	0.094	0.091	0.091	0.090	0.091	0.092	0.093	0.093	0.091	0.095	0.622	0.190	0.150	0.605	0.097	0.103	0.600	0.169	0.614	0.092	0.091	0.093	0.095	0.628	0.481	0.100	0.095	0.103	0.101	0.603	0.112	0.094	0.091	0.700	0.122	0.105	0.158	0.096	0.202	0.485	0.186	0.098	0.110	0.091	0.093	0.190	0.636	0.109	0.472	0.152	0.622	0.120	0.604	0.098	0.111	0.092	0.093	0.503	0.132	0.143	0.098	0.607	0.106	0.604	0.096	0.099	0.109	0.091	0.093	0.138	0.115	0.585	0.115	0.099	0.107	0.181	0.101	0.185	0.161	0.091	0.093	0.094	0.092	0.092	0.091	0.091	0.093	0.093	0.093	0.092	0.092	0.092

