Time	T° 600	A1	A2	A3	A4	A5	A6	A7	A8	A9	A10	A11	A12	B1	B2	B3	B4	B5	B6	B7	B8	B9	B10	B11	B12	C1	C2	C3	C4	C5	C6	C7	C8	C9	C10	C11	C12	D1	D2	D3	D4	D5	D6	D7	D8	D9	D10	D11	D12	E1	E2	E3	E4	E5	E6	E7	E8	E9	E10	E11	E12	F1	F2	F3	F4	F5	F6	F7	F8	F9	F10	F11	F12	G1	G2	G3	G4	G5	G6	G7	G8	G9	G10	G11	G12	H1	H2	H3	H4	H5	H6	H7	H8	H9	H10	H11	H12
0:00:06	23.5	0.089	0.089	0.091	0.091	0.089	0.090	0.089	0.089	0.091	0.092	0.090	0.089	0.089	0.099	0.101	0.103	0.103	0.104	0.102	0.102	0.102	0.106	0.102	0.090	0.088	0.100	0.105	0.101	0.105	0.102	0.101	0.102	0.104	0.105	0.105	0.090	0.088	0.102	0.101	0.102	0.104	0.101	0.104	0.105	0.107	0.106	0.103	0.090	0.091	0.101	0.104	0.102	0.105	0.105	0.103	0.100	0.102	0.102	0.106	0.089	0.091	0.104	0.104	0.108	0.108	0.107	0.106	0.105	0.106	0.104	0.105	0.089	0.091	0.104	0.102	0.104	0.107	0.107	0.105	0.107	0.108	0.107	0.106	0.089	0.092	0.092	0.093	0.090	0.090	0.093	0.091	0.093	0.092	0.090	0.090	0.091
1:00:06	23.8	0.090	0.089	0.091	0.091	0.090	0.091	0.090	0.090	0.091	0.093	0.091	0.090	0.090	0.106	0.105	0.111	0.108	0.107	0.111	0.112	0.112	0.111	0.107	0.091	0.088	0.107	0.108	0.107	0.110	0.113	0.107	0.110	0.111	0.110	0.113	0.091	0.089	0.109	0.108	0.109	0.111	0.109	0.110	0.110	0.110	0.113	0.110	0.091	0.092	0.110	0.111	0.108	0.106	0.112	0.109	0.107	0.106	0.110	0.114	0.090	0.092	0.113	0.110	0.111	0.110	0.111	0.115	0.109	0.114	0.108	0.113	0.090	0.092	0.112	0.110	0.111	0.115	0.114	0.111	0.114	0.115	0.114	0.113	0.090	0.092	0.092	0.093	0.091	0.090	0.108	0.092	0.093	0.093	0.091	0.090	0.092
2:00:07	23.9	0.090	0.089	0.091	0.091	0.089	0.090	0.090	0.090	0.091	0.093	0.091	0.090	0.090	0.117	0.109	0.123	0.118	0.111	0.123	0.124	0.123	0.121	0.110	0.091	0.088	0.117	0.121	0.112	0.115	0.125	0.114	0.121	0.123	0.115	0.124	0.090	0.089	0.120	0.118	0.120	0.121	0.120	0.121	0.123	0.122	0.127	0.114	0.092	0.092	0.119	0.119	0.119	0.116	0.123	0.113	0.117	0.112	0.121	0.126	0.090	0.092	0.122	0.121	0.121	0.123	0.117	0.127	0.115	0.126	0.113	0.124	0.090	0.093	0.124	0.121	0.124	0.126	0.126	0.115	0.127	0.129	0.127	0.126	0.090	0.093	0.092	0.093	0.091	0.090	0.111	0.092	0.093	0.093	0.091	0.090	0.091
3:00:08	23.9	0.090	0.089	0.091	0.091	0.090	0.091	0.090	0.090	0.091	0.093	0.091	0.090	0.090	0.137	0.115	0.144	0.138	0.115	0.144	0.145	0.145	0.143	0.115	0.091	0.088	0.135	0.141	0.118	0.122	0.147	0.120	0.141	0.145	0.121	0.146	0.091	0.089	0.140	0.139	0.140	0.142	0.140	0.143	0.144	0.145	0.150	0.121	0.092	0.092	0.139	0.140	0.140	0.137	0.144	0.120	0.140	0.119	0.144	0.148	0.090	0.093	0.141	0.140	0.141	0.145	0.124	0.150	0.121	0.150	0.120	0.147	0.090	0.093	0.146	0.142	0.144	0.147	0.150	0.122	0.150	0.153	0.151	0.148	0.090	0.093	0.092	0.094	0.091	0.090	0.109	0.092	0.093	0.093	0.091	0.090	0.092
4:00:09	23.8	0.091	0.089	0.092	0.092	0.090	0.091	0.090	0.091	0.092	0.093	0.091	0.091	0.090	0.173	0.125	0.185	0.170	0.124	0.185	0.184	0.186	0.186	0.126	0.092	0.089	0.169	0.178	0.133	0.129	0.185	0.128	0.180	0.185	0.132	0.182	0.091	0.090	0.175	0.174	0.177	0.177	0.176	0.178	0.178	0.178	0.186	0.131	0.092	0.092	0.172	0.173	0.172	0.173	0.179	0.127	0.175	0.126	0.175	0.182	0.090	0.093	0.180	0.176	0.171	0.180	0.131	0.183	0.130	0.187	0.130	0.180	0.090	0.093	0.177	0.179	0.175	0.180	0.186	0.131	0.185	0.189	0.185	0.181	0.090	0.093	0.093	0.094	0.091	0.090	0.109	0.092	0.094	0.094	0.091	0.091	0.092
5:00:10	23.6	0.090	0.089	0.092	0.092	0.090	0.091	0.090	0.091	0.091	0.093	0.091	0.091	0.090	0.206	0.136	0.210	0.204	0.139	0.210	0.214	0.209	0.213	0.142	0.092	0.088	0.195	0.206	0.151	0.148	0.218	0.144	0.203	0.217	0.150	0.219	0.091	0.090	0.207	0.202	0.209	0.208	0.203	0.207	0.208	0.211	0.216	0.145	0.092	0.092	0.207	0.204	0.203	0.204	0.215	0.142	0.204	0.138	0.207	0.214	0.090	0.092	0.204	0.208	0.202	0.213	0.147	0.222	0.143	0.219	0.144	0.212	0.090	0.093	0.207	0.206	0.208	0.220	0.225	0.142	0.218	0.219	0.218	0.214	0.090	0.093	0.092	0.094	0.091	0.090	0.109	0.092	0.094	0.094	0.091	0.091	0.092
6:00:11	23.4	0.090	0.089	0.092	0.092	0.090	0.091	0.090	0.090	0.092	0.093	0.091	0.090	0.090	0.239	0.144	0.242	0.239	0.144	0.246	0.248	0.242	0.244	0.153	0.092	0.089	0.230	0.250	0.145	0.141	0.274	0.148	0.242	0.251	0.153	0.261	0.091	0.089	0.244	0.241	0.259	0.261	0.255	0.249	0.248	0.256	0.268	0.153	0.092	0.092	0.245	0.242	0.250	0.266	0.269	0.144	0.246	0.143	0.257	0.267	0.090	0.092	0.242	0.253	0.246	0.279	0.152	0.276	0.149	0.263	0.147	0.260	0.090	0.093	0.254	0.248	0.257	0.282	0.268	0.149	0.275	0.262	0.264	0.259	0.090	0.093	0.092	0.093	0.091	0.090	0.111	0.092	0.093	0.093	0.091	0.090	0.092
7:00:12	23.2	0.090	0.089	0.092	0.092	0.090	0.091	0.090	0.091	0.092	0.093	0.092	0.090	0.090	0.310	0.162	0.312	0.296	0.158	0.327	0.324	0.323	0.328	0.162	0.091	0.089	0.298	0.335	0.161	0.154	0.334	0.156	0.304	0.319	0.167	0.317	0.091	0.090	0.318	0.321	0.329	0.317	0.338	0.320	0.320	0.336	0.336	0.167	0.092	0.093	0.329	0.321	0.321	0.314	0.331	0.155	0.315	0.156	0.317	0.327	0.090	0.093	0.324	0.324	0.320	0.328	0.163	0.325	0.163	0.315	0.162	0.316	0.090	0.093	0.324	0.325	0.318	0.307	0.291	0.166	0.333	0.303	0.340	0.323	0.090	0.093	0.092	0.094	0.091	0.090	0.109	0.092	0.093	0.093	0.091	0.091	0.092
8:00:13	23.0	0.091	0.089	0.092	0.092	0.090	0.091	0.090	0.091	0.092	0.094	0.091	0.091	0.091	0.340	0.182	0.335	0.311	0.175	0.357	0.361	0.356	0.360	0.180	0.092	0.089	0.335	0.358	0.180	0.181	0.361	0.181	0.330	0.343	0.181	0.355	0.091	0.090	0.336	0.347	0.355	0.343	0.348	0.351	0.338	0.357	0.362	0.182	0.092	0.093	0.352	0.347	0.342	0.344	0.355	0.166	0.337	0.174	0.342	0.319	0.090	0.093	0.350	0.348	0.343	0.348	0.183	0.357	0.182	0.342	0.182	0.327	0.091	0.094	0.346	0.344	0.328	0.351	0.346	0.186	0.359	0.343	0.370	0.355	0.090	0.093	0.092	0.094	0.091	0.090	0.110	0.092	0.094	0.093	0.091	0.091	0.092
9:00:14	22.7	0.091	0.089	0.092	0.092	0.090	0.091	0.090	0.091	0.092	0.093	0.092	0.091	0.091	0.377	0.202	0.374	0.344	0.202	0.392	0.393	0.387	0.405	0.203	0.092	0.089	0.369	0.393	0.201	0.205	0.398	0.202	0.367	0.383	0.201	0.397	0.091	0.090	0.358	0.380	0.394	0.381	0.386	0.393	0.369	0.397	0.403	0.204	0.092	0.093	0.380	0.389	0.383	0.386	0.394	0.181	0.374	0.193	0.390	0.373	0.090	0.093	0.387	0.387	0.384	0.381	0.205	0.399	0.204	0.390	0.205	0.382	0.091	0.093	0.390	0.387	0.377	0.389	0.388	0.209	0.408	0.397	0.416	0.405	0.091	0.093	0.092	0.094	0.091	0.090	0.110	0.092	0.094	0.093	0.092	0.091	0.092
10:00:15	22.5	0.091	0.089	0.092	0.092	0.090	0.091	0.090	0.091	0.092	0.093	0.092	0.091	0.090	0.411	0.227	0.408	0.401	0.227	0.427	0.432	0.413	0.464	0.229	0.092	0.089	0.404	0.435	0.222	0.230	0.449	0.224	0.415	0.431	0.226	0.461	0.091	0.090	0.382	0.420	0.440	0.423	0.431	0.439	0.406	0.446	0.461	0.234	0.092	0.093	0.416	0.433	0.419	0.429	0.441	0.198	0.413	0.217	0.452	0.444	0.090	0.093	0.428	0.428	0.427	0.432	0.235	0.456	0.231	0.451	0.229	0.448	0.091	0.093	0.448	0.438	0.430	0.446	0.434	0.242	0.463	0.460	0.478	0.459	0.090	0.093	0.092	0.094	0.091	0.090	0.110	0.092	0.094	0.093	0.092	0.091	0.092
11:00:24	22.3	0.090	0.089	0.092	0.092	0.090	0.091	0.090	0.091	0.092	0.093	0.091	0.090	0.090	0.458	0.251	0.464	0.458	0.261	0.478	0.484	0.471	0.508	0.262	0.092	0.089	0.442	0.470	0.251	0.264	0.486	0.256	0.460	0.481	0.258	0.503	0.091	0.090	0.440	0.462	0.484	0.476	0.479	0.479	0.459	0.482	0.506	0.264	0.092	0.093	0.466	0.474	0.465	0.478	0.491	0.223	0.456	0.249	0.494	0.494	0.090	0.093	0.473	0.477	0.473	0.484	0.270	0.505	0.271	0.499	0.255	0.497	0.091	0.093	0.497	0.490	0.483	0.500	0.489	0.281	0.507	0.506	0.523	0.498	0.091	0.093	0.092	0.094	0.091	0.090	0.110	0.092	0.093	0.093	0.092	0.091	0.092
12:00:18	22.0	0.091	0.090	0.092	0.092	0.091	0.091	0.091	0.091	0.092	0.093	0.092	0.091	0.091	0.522	0.292	0.528	0.529	0.306	0.540	0.544	0.530	0.564	0.302	0.092	0.090	0.512	0.538	0.290	0.310	0.554	0.292	0.526	0.546	0.296	0.563	0.091	0.090	0.514	0.523	0.548	0.544	0.548	0.544	0.521	0.551	0.572	0.309	0.092	0.093	0.536	0.540	0.531	0.547	0.560	0.253	0.520	0.289	0.557	0.556	0.091	0.093	0.538	0.541	0.533	0.555	0.312	0.575	0.314	0.572	0.300	0.559	0.091	0.093	0.561	0.553	0.546	0.583	0.573	0.331	0.578	0.578	0.594	0.571	0.091	0.093	0.092	0.094	0.091	0.091	0.111	0.093	0.094	0.094	0.092	0.091	0.093
13:00:18	21.8	0.091	0.090	0.092	0.092	0.091	0.091	0.091	0.091	0.092	0.094	0.092	0.091	0.091	0.599	0.331	0.604	0.604	0.355	0.615	0.619	0.615	0.645	0.352	0.092	0.089	0.591	0.613	0.333	0.352	0.622	0.344	0.606	0.630	0.348	0.645	0.091	0.090	0.593	0.597	0.616	0.612	0.618	0.623	0.601	0.633	0.650	0.364	0.092	0.093	0.613	0.613	0.606	0.616	0.633	0.290	0.599	0.337	0.639	0.639	0.091	0.093	0.615	0.615	0.608	0.624	0.361	0.654	0.364	0.651	0.349	0.646	0.091	0.094	0.641	0.625	0.623	0.660	0.655	0.388	0.659	0.663	0.679	0.654	0.091	0.093	0.093	0.094	0.091	0.091	0.111	0.092	0.094	0.094	0.092	0.091	0.093
14:00:19	21.6	0.091	0.090	0.092	0.092	0.090	0.091	0.091	0.091	0.092	0.094	0.092	0.091	0.091	0.659	0.386	0.661	0.667	0.413	0.674	0.678	0.681	0.708	0.407	0.092	0.089	0.659	0.673	0.388	0.408	0.681	0.394	0.663	0.692	0.406	0.721	0.091	0.090	0.662	0.657	0.673	0.668	0.672	0.686	0.664	0.698	0.715	0.423	0.092	0.093	0.682	0.673	0.665	0.674	0.694	0.328	0.665	0.388	0.702	0.715	0.091	0.093	0.681	0.682	0.670	0.682	0.415	0.717	0.422	0.718	0.411	0.723	0.091	0.094	0.708	0.692	0.686	0.723	0.724	0.449	0.723	0.727	0.748	0.731	0.091	0.093	0.093	0.094	0.091	0.090	0.111	0.092	0.094	0.094	0.092	0.091	0.092
15:00:21	21.3	0.091	0.090	0.092	0.092	0.091	0.091	0.091	0.091	0.092	0.094	0.092	0.091	0.091	0.714	0.443	0.714	0.725	0.477	0.727	0.733	0.738	0.768	0.464	0.092	0.089	0.714	0.722	0.443	0.466	0.730	0.457	0.723	0.750	0.461	0.778	0.091	0.090	0.724	0.710	0.729	0.722	0.722	0.738	0.723	0.755	0.775	0.478	0.092	0.093	0.739	0.726	0.719	0.728	0.749	0.380	0.726	0.446	0.762	0.776	0.091	0.093	0.739	0.738	0.727	0.738	0.472	0.773	0.483	0.777	0.468	0.787	0.091	0.093	0.767	0.751	0.747	0.781	0.783	0.509	0.781	0.787	0.804	0.794	0.091	0.093	0.092	0.094	0.091	0.090	0.111	0.092	0.094	0.094	0.092	0.091	0.092
16:00:21	21.2	0.091	0.089	0.092	0.092	0.091	0.091	0.091	0.091	0.092	0.094	0.092	0.091	0.091	0.765	0.499	0.763	0.776	0.532	0.775	0.781	0.787	0.815	0.520	0.092	0.089	0.764	0.771	0.497	0.522	0.777	0.509	0.774	0.801	0.516	0.830	0.091	0.090	0.778	0.759	0.776	0.768	0.770	0.787	0.773	0.806	0.825	0.540	0.092	0.093	0.794	0.778	0.769	0.777	0.795	0.430	0.778	0.502	0.814	0.831	0.091	0.093	0.796	0.791	0.777	0.785	0.531	0.822	0.540	0.828	0.527	0.842	0.091	0.094	0.819	0.802	0.795	0.831	0.833	0.567	0.830	0.838	0.854	0.846	0.091	0.093	0.092	0.094	0.091	0.090	0.111	0.092	0.094	0.093	0.092	0.091	0.093
17:00:21	21.1	0.091	0.090	0.092	0.092	0.091	0.091	0.091	0.091	0.092	0.094	0.092	0.091	0.091	0.814	0.546	0.810	0.826	0.581	0.820	0.825	0.835	0.865	0.570	0.092	0.089	0.811	0.818	0.549	0.567	0.820	0.564	0.820	0.851	0.573	0.880	0.092	0.090	0.825	0.805	0.824	0.817	0.818	0.835	0.822	0.854	0.874	0.591	0.092	0.093	0.842	0.828	0.817	0.825	0.841	0.483	0.827	0.550	0.865	0.881	0.091	0.093	0.845	0.841	0.828	0.831	0.579	0.868	0.594	0.878	0.578	0.892	0.091	0.094	0.869	0.849	0.843	0.880	0.882	0.619	0.880	0.887	0.909	0.895	0.091	0.093	0.092	0.094	0.091	0.090	0.112	0.092	0.094	0.094	0.092	0.091	0.092
18:00:22	21.2	0.091	0.090	0.092	0.092	0.091	0.092	0.091	0.091	0.092	0.094	0.092	0.091	0.091	0.872	0.592	0.856	0.877	0.622	0.863	0.868	0.887	0.916	0.620	0.092	0.090	0.857	0.864	0.600	0.610	0.761	0.611	0.873	0.760	0.623	0.939	0.092	0.090	0.873	0.853	0.887	0.845	0.842	0.890	0.877	0.915	0.989	0.636	0.092	0.093	0.891	0.873	0.867	0.882	0.898	0.531	0.913	0.601	0.992	0.963	0.091	0.093	0.895	0.888	0.878	0.896	0.620	1.067	0.639	1.095	0.622	1.067	0.091	0.094	0.917	0.896	0.900	0.982	0.958	0.666	0.956	1.098	1.184	1.125	0.091	0.093	0.092	0.094	0.091	0.090	0.112	0.092	0.094	0.094	0.092	0.091	0.092
19:00:24	21.4	0.091	0.090	0.092	0.092	0.091	0.091	0.091	0.091	0.092	0.094	0.092	0.091	0.091	0.902	0.628	0.947	0.904	0.647	0.922	0.956	1.033	1.022	0.661	0.092	0.090	0.851	0.930	0.632	0.647	1.000	0.649	1.065	1.084	0.671	1.182	0.092	0.090	1.116	1.021	1.027	0.982	1.007	1.029	1.044	1.138	1.182	0.674	0.093	0.093	0.973	1.006	0.993	1.010	1.029	0.575	1.091	0.649	1.241	1.172	0.091	0.093	1.038	0.989	1.030	1.006	0.656	1.093	0.686	1.144	0.662	1.081	0.091	0.094	1.022	1.045	1.148	1.062	1.087	0.703	1.099	1.275	1.145	1.301	0.091	0.093	0.093	0.094	0.092	0.090	0.111	0.093	0.094	0.094	0.092	0.091	0.093
20:00:32	21.7	0.090	0.089	0.092	0.092	0.090	0.091	0.090	0.091	0.092	0.093	0.092	0.091	0.091	1.047	0.659	1.019	0.973	0.674	1.054	1.046	1.093	1.110	0.686	0.092	0.089	1.041	1.048	0.667	0.666	1.028	0.681	1.045	1.080	0.708	1.147	0.091	0.090	1.081	1.046	1.021	1.004	1.010	1.060	1.060	1.090	1.116	0.710	0.092	0.093	1.087	1.080	1.048	1.016	1.048	0.611	1.044	0.680	1.104	1.123	0.090	0.093	1.077	1.089	1.063	1.011	0.682	1.064	0.716	1.087	0.701	1.113	0.091	0.094	1.110	1.100	1.090	1.047	1.072	0.735	1.087	1.138	1.111	1.159	0.091	0.093	0.092	0.094	0.091	0.090	0.111	0.092	0.093	0.093	0.092	0.091	0.092
21:00:29	22.1	0.091	0.090	0.092	0.092	0.091	0.091	0.091	0.091	0.092	0.094	0.092	0.091	0.091	1.046	0.684	1.019	0.985	0.702	1.042	1.046	1.074	1.093	0.716	0.092	0.090	1.045	1.036	0.692	0.695	1.036	0.709	1.029	1.063	0.745	1.101	0.092	0.090	1.046	1.024	1.029	1.007	1.011	1.039	1.042	1.065	1.083	0.744	0.093	0.093	1.074	1.042	1.027	1.019	1.050	0.642	1.036	0.706	1.069	1.088	0.091	0.094	1.058	1.053	1.037	1.016	0.711	1.054	0.745	1.070	0.734	1.098	0.091	0.094	1.076	1.070	1.047	1.043	1.067	0.754	1.083	1.074	1.111	1.091	0.091	0.093	0.093	0.094	0.091	0.090	0.111	0.093	0.094	0.094	0.092	0.091	0.093
22:00:27	22.5	0.091	0.090	0.092	0.092	0.091	0.091	0.091	0.091	0.092	0.094	0.092	0.091	0.091	1.055	0.714	1.033	1.002	0.726	1.042	1.052	1.073	1.093	0.748	0.092	0.090	1.056	1.043	0.713	0.712	1.041	0.736	1.033	1.066	0.771	1.100	0.092	0.090	1.052	1.031	1.039	1.013	1.023	1.040	1.041	1.066	1.086	0.774	0.092	0.093	1.080	1.044	1.029	1.026	1.056	0.667	1.042	0.733	1.076	1.095	0.091	0.093	1.067	1.054	1.039	1.022	0.729	1.057	0.765	1.075	0.761	1.103	0.091	0.094	1.081	1.074	1.050	1.047	1.069	0.782	1.087	1.075	1.119	1.094	0.091	0.093	0.092	0.094	0.091	0.091	0.111	0.093	0.094	0.094	0.092	0.091	0.093
23:00:28	22.9	0.091	0.090	0.092	0.092	0.091	0.091	0.091	0.091	0.092	0.094	0.092	0.091	0.091	1.066	0.739	1.046	1.019	0.744	1.049	1.061	1.081	1.101	0.768	0.092	0.090	1.064	1.052	0.727	0.729	1.045	0.748	1.044	1.078	0.789	1.109	0.092	0.090	1.063	1.041	1.048	1.021	1.035	1.051	1.052	1.077	1.099	0.790	0.092	0.093	1.084	1.051	1.038	1.031	1.060	0.686	1.053	0.760	1.091	1.110	0.090	0.093	1.075	1.059	1.049	1.027	0.748	1.065	0.775	1.087	0.783	1.114	0.091	0.094	1.090	1.084	1.060	1.054	1.073	0.795	1.093	1.088	1.127	1.107	0.091	0.093	0.092	0.094	0.091	0.090	0.111	0.092	0.094	0.094	0.092	0.091	0.093
24:00:29	23.1	0.091	0.090	0.092	0.092	0.091	0.091	0.091	0.091	0.092	0.094	0.092	0.091	0.091	1.074	0.754	1.058	1.034	0.752	1.058	1.070	1.089	1.112	0.783	0.092	0.090	1.070	1.060	0.746	0.735	1.049	0.762	1.053	1.085	0.798	1.121	0.092	0.090	1.074	1.051	1.059	1.029	1.043	1.061	1.062	1.085	1.109	0.809	0.093	0.093	1.091	1.060	1.048	1.039	1.063	0.699	1.061	0.774	1.102	1.122	0.091	0.093	1.083	1.067	1.057	1.033	0.764	1.075	0.787	1.098	0.798	1.124	0.091	0.094	1.099	1.093	1.069	1.062	1.079	0.809	1.099	1.101	1.140	1.120	0.091	0.093	0.093	0.094	0.091	0.090	0.111	0.093	0.094	0.094	0.092	0.091	0.093
25:00:29	23.3	0.091	0.090	0.092	0.092	0.091	0.091	0.091	0.091	0.092	0.094	0.092	0.091	0.091	1.081	0.766	1.063	1.044	0.748	1.064	1.074	1.095	1.118	0.798	0.093	0.090	1.076	1.066	0.752	0.731	1.052	0.766	1.059	1.089	0.804	1.125	0.092	0.091	1.080	1.057	1.060	1.031	1.048	1.065	1.067	1.091	1.114	0.811	0.093	0.093	1.097	1.069	1.054	1.040	1.067	0.714	1.065	0.777	1.108	1.128	0.091	0.093	1.091	1.075	1.062	1.036	0.758	1.079	0.778	1.104	0.802	1.130	0.091	0.094	1.106	1.097	1.077	1.066	1.083	0.814	1.115	1.107	1.185	1.126	0.091	0.093	0.092	0.094	0.091	0.090	0.113	0.093	0.094	0.094	0.092	0.091	0.093
26:00:31	23.4	0.091	0.090	0.093	0.092	0.091	0.091	0.091	0.091	0.092	0.094	0.092	0.091	0.091	1.088	0.770	1.069	1.054	0.740	1.070	1.079	1.101	1.123	0.803	0.093	0.090	1.076	1.070	0.758	0.726	1.057	0.765	1.064	1.095	0.803	1.132	0.092	0.090	1.082	1.059	1.066	1.041	1.053	1.071	1.073	1.094	1.119	0.811	0.093	0.094	1.097	1.072	1.059	1.046	1.072	0.710	1.071	0.779	1.113	1.133	0.091	0.093	1.091	1.078	1.067	1.042	0.751	1.099	0.774	1.111	0.801	1.135	0.091	0.094	1.108	1.103	1.081	1.077	1.102	0.810	1.184	1.113	1.206	1.133	0.091	0.093	0.093	0.094	0.091	0.090	0.113	0.093	0.094	0.094	0.092	0.091	0.093
27:00:32	23.5	0.091	0.090	0.092	0.092	0.091	0.091	0.091	0.091	0.092	0.094	0.092	0.091	0.091	1.092	0.772	1.073	1.063	0.730	1.076	1.084	1.105	1.126	0.818	0.092	0.089	1.081	1.073	0.757	0.716	1.064	0.760	1.070	1.102	0.800	1.136	0.091	0.090	1.084	1.062	1.071	1.049	1.058	1.078	1.079	1.099	1.122	0.809	0.093	0.093	1.102	1.075	1.063	1.053	1.078	0.709	1.075	0.776	1.116	1.135	0.091	0.093	1.094	1.080	1.069	1.049	0.743	1.167	0.765	1.148	0.798	1.152	0.091	0.094	1.111	1.104	1.084	1.110	1.191	0.797	1.176	1.121	1.193	1.169	0.091	0.093	0.093	0.094	0.091	0.090	0.111	0.093	0.094	0.094	0.092	0.091	0.093
28:00:33	23.4	0.091	0.090	0.092	0.092	0.091	0.091	0.091	0.091	0.092	0.094	0.092	0.091	0.091	1.097	0.770	1.079	1.076	0.725	1.081	1.090	1.107	1.133	0.809	0.092	0.090	1.085	1.081	0.752	0.705	1.084	0.751	1.078	1.109	0.792	1.161	0.092	0.090	1.085	1.072	1.095	1.069	1.076	1.099	1.089	1.121	1.158	0.804	0.093	0.094	1.107	1.091	1.077	1.071	1.095	0.708	1.105	0.769	1.157	1.173	0.091	0.093	1.098	1.091	1.075	1.053	0.726	1.155	0.753	1.189	0.794	1.242	0.091	0.094	1.109	1.105	1.087	1.136	1.166	0.733	1.161	1.211	1.189	1.212	0.091	0.093	0.092	0.094	0.091	0.090	0.111	0.092	0.094	0.094	0.092	0.091	0.093
29:00:34	23.3	0.092	0.090	0.093	0.092	0.091	0.092	0.091	0.091	0.093	0.094	0.092	0.091	0.091	1.105	0.763	1.088	1.089	0.713	1.092	1.104	1.123	1.143	0.801	0.092	0.090	1.093	1.093	0.747	0.690	1.130	0.743	1.091	1.143	0.785	1.233	0.092	0.091	1.093	1.081	1.139	1.113	1.098	1.142	1.115	1.157	1.226	0.793	0.093	0.094	1.120	1.100	1.093	1.066	1.090	0.706	1.172	0.763	1.224	1.245	0.091	0.094	1.118	1.118	1.105	1.086	0.727	1.167	0.746	1.186	0.783	1.213	0.091	0.094	1.145	1.160	1.160	1.166	1.172	0.773	1.174	1.200	1.200	1.212	0.091	0.093	0.093	0.094	0.092	0.091	0.111	0.093	0.094	0.094	0.092	0.091	0.093
30:00:35	23.1	0.091	0.090	0.092	0.092	0.091	0.092	0.091	0.091	0.092	0.094	0.092	0.091	0.091	1.113	0.762	1.097	1.098	0.703	1.103	1.121	1.141	1.159	0.784	0.092	0.090	1.101	1.105	0.738	0.680	1.101	0.732	1.111	1.206	0.777	1.205	0.092	0.090	1.100	1.092	1.182	1.088	1.121	1.155	1.142	1.199	1.218	0.786	0.093	0.094	1.133	1.113	1.106	1.093	1.112	0.704	1.139	0.750	1.188	1.211	0.091	0.094	1.136	1.141	1.128	1.107	0.717	1.161	0.739	1.186	0.773	1.215	0.091	0.094	1.187	1.214	1.155	1.161	1.166	0.766	1.171	1.198	1.203	1.212	0.091	0.093	0.093	0.094	0.091	0.090	0.111	0.093	0.094	0.094	0.092	0.091	0.092
31:00:35	22.9	0.091	0.090	0.092	0.092	0.091	0.091	0.091	0.091	0.092	0.094	0.092	0.091	0.091	1.125	0.754	1.111	1.111	0.697	1.118	1.147	1.169	1.197	0.781	0.092	0.090	1.116	1.124	0.730	0.672	1.124	0.725	1.151	1.159	0.772	1.202	0.092	0.091	1.119	1.113	1.145	1.105	1.149	1.142	1.190	1.180	1.191	0.779	0.093	0.094	1.156	1.140	1.134	1.116	1.150	0.701	1.143	0.744	1.187	1.209	0.091	0.094	1.164	1.182	1.181	1.121	0.709	1.153	0.736	1.182	0.766	1.210	0.091	0.094	1.230	1.173	1.162	1.160	1.161	0.759	1.174	1.191	1.208	1.210	0.091	0.093	0.092	0.094	0.091	0.090	0.111	0.092	0.094	0.094	0.092	0.091	0.092
32:00:37	22.7	0.091	0.090	0.092	0.092	0.091	0.091	0.091	0.091	0.092	0.094	0.092	0.091	0.091	1.143	0.745	1.131	1.129	0.691	1.147	1.195	1.219	1.240	0.775	0.092	0.090	1.142	1.157	0.723	0.669	1.138	0.719	1.139	1.174	0.766	1.198	0.091	0.091	1.148	1.148	1.152	1.117	1.115	1.150	1.153	1.178	1.188	0.773	0.093	0.094	1.201	1.186	1.181	1.129	1.157	0.692	1.149	0.739	1.186	1.206	0.091	0.093	1.223	1.182	1.153	1.131	0.715	1.153	0.733	1.182	0.764	1.208	0.091	0.094	1.199	1.201	1.169	1.161	1.164	0.758	1.181	1.187	1.221	1.209	0.091	0.093	0.093	0.094	0.091	0.090	0.111	0.093	0.094	0.094	0.092	0.091	0.093
33:00:38	22.5	0.091	0.090	0.092	0.092	0.091	0.092	0.091	0.091	0.092	0.094	0.092	0.091	0.091	1.176	0.741	1.171	1.160	0.689	1.179	1.156	1.172	1.217	0.770	0.093	0.090	1.179	1.201	0.721	0.663	1.146	0.716	1.146	1.181	0.762	1.195	0.091	0.091	1.189	1.187	1.153	1.136	1.144	1.153	1.159	1.176	1.187	0.773	0.093	0.094	1.201	1.146	1.120	1.138	1.163	0.689	1.151	0.730	1.186	1.204	0.091	0.094	1.187	1.180	1.166	1.141	0.712	1.158	0.732	1.186	0.762	1.210	0.091	0.094	1.209	1.200	1.170	1.166	1.173	0.754	1.196	1.185	1.245	1.212	0.091	0.093	0.093	0.094	0.091	0.090	0.111	0.093	0.094	0.094	0.092	0.091	0.093
34:00:39	22.3	0.091	0.090	0.092	0.092	0.091	0.092	0.091	0.091	0.093	0.094	0.092	0.091	0.091	1.168	0.736	1.196	1.112	0.691	1.163	1.181	1.196	1.224	0.766	0.093	0.090	1.213	1.131	0.718	0.665	1.158	0.712	1.165	1.188	0.762	1.195	0.092	0.090	1.146	1.121	1.162	1.153	1.154	1.160	1.169	1.179	1.189	0.772	0.093	0.094	1.200	1.176	1.168	1.151	1.172	0.683	1.157	0.728	1.190	1.206	0.091	0.094	1.201	1.189	1.174	1.155	0.711	1.171	0.735	1.197	0.764	1.216	0.091	0.094	1.210	1.204	1.176	1.181	1.188	0.760	1.224	1.191	1.305	1.223	0.091	0.093	0.093	0.094	0.091	0.090	0.111	0.093	0.094	0.094	0.092	0.091	0.093
35:00:40	22.0	0.091	0.090	0.092	0.092	0.091	0.092	0.091	0.092	0.092	0.094	0.092	0.091	0.092	1.175	0.733	1.153	1.175	0.695	1.190	1.192	1.206	1.226	0.761	0.093	0.090	1.180	1.181	0.715	0.666	1.172	0.712	1.179	1.196	0.764	1.202	0.092	0.090	1.179	1.174	1.171	1.170	1.166	1.172	1.177	1.190	1.199	0.773	0.093	0.094	1.213	1.192	1.189	1.167	1.192	0.683	1.169	0.730	1.198	1.214	0.091	0.093	1.209	1.198	1.187	1.176	0.712	1.189	0.741	1.212	0.769	1.230	0.091	0.094	1.218	1.212	1.188	1.201	1.210	0.764	1.279	1.204	1.363	1.241	0.091	0.093	0.093	0.094	0.091	0.090	0.111	0.093	0.094	0.094	0.092	0.091	0.093
36:00:41	21.8	0.091	0.090	0.093	0.092	0.091	0.091	0.091	0.091	0.093	0.094	0.092	0.091	0.091	1.188	0.734	1.184	1.197	0.700	1.200	1.201	1.213	1.231	0.763	0.093	0.090	1.192	1.199	0.715	0.670	1.185	0.715	1.191	1.206	0.771	1.214	0.092	0.090	1.195	1.186	1.183	1.184	1.179	1.183	1.188	1.201	1.212	0.779	0.093	0.094	1.217	1.201	1.198	1.186	1.206	0.683	1.182	0.735	1.208	1.229	0.091	0.094	1.213	1.201	1.197	1.196	0.717	1.210	0.750	1.233	0.775	1.246	0.091	0.094	1.226	1.215	1.198	1.222	1.233	0.769	1.349	1.221	1.422	1.261	0.091	0.093	0.092	0.094	0.091	0.090	0.112	0.093	0.094	0.094	0.092	0.091	0.093
37:00:42	21.6	0.091	0.090	0.093	0.093	0.091	0.092	0.091	0.091	0.093	0.094	0.092	0.091	0.092	1.211	0.736	1.195	1.202	0.706	1.205	1.212	1.225	1.242	0.769	0.093	0.090	1.207	1.208	0.718	0.678	1.202	0.721	1.201	1.222	0.779	1.228	0.092	0.091	1.209	1.199	1.196	1.199	1.188	1.196	1.201	1.213	1.225	0.788	0.093	0.094	1.224	1.206	1.205	1.204	1.222	0.700	1.197	0.743	1.223	1.240	0.091	0.094	1.222	1.212	1.206	1.214	0.723	1.240	0.760	1.253	0.785	1.262	0.091	0.094	1.232	1.228	1.211	1.240	1.260	0.778	1.340	1.237	1.359	1.282	0.091	0.093	0.093	0.094	0.091	0.091	0.111	0.093	0.094	0.094	0.092	0.091	0.093
38:00:42	21.3	0.091	0.090	0.092	0.092	0.091	0.091	0.091	0.091	0.092	0.094	0.092	0.091	0.091	1.225	0.737	1.203	1.207	0.715	1.213	1.223	1.234	1.252	0.777	0.092	0.090	1.220	1.215	0.720	0.688	1.216	0.729	1.213	1.234	0.791	1.244	0.091	0.090	1.217	1.206	1.208	1.214	1.199	1.212	1.212	1.224	1.241	0.796	0.093	0.093	1.231	1.216	1.213	1.221	1.239	0.705	1.212	0.753	1.237	1.255	0.091	0.093	1.229	1.222	1.213	1.230	0.731	1.299	0.770	1.277	0.795	1.283	0.091	0.094	1.241	1.238	1.223	1.260	1.309	0.787	1.339	1.256	1.352	1.325	0.091	0.093	0.092	0.094	0.091	0.090	0.111	0.092	0.093	0.093	0.092	0.091	0.092
39:00:44	21.1	0.091	0.090	0.092	0.093	0.091	0.092	0.091	0.092	0.093	0.094	0.092	0.091	0.092	1.236	0.743	1.216	1.214	0.724	1.224	1.234	1.243	1.261	0.789	0.093	0.090	1.228	1.224	0.728	0.700	1.233	0.738	1.225	1.247	0.804	1.263	0.092	0.090	1.227	1.216	1.222	1.230	1.211	1.227	1.224	1.236	1.258	0.808	0.093	0.094	1.240	1.227	1.224	1.238	1.256	0.713	1.230	0.763	1.254	1.273	0.091	0.094	1.239	1.233	1.223	1.249	0.741	1.404	0.782	1.338	0.807	1.330	0.091	0.094	1.254	1.249	1.238	1.200	1.326	0.798	1.331	1.278	1.346	1.400	0.091	0.093	0.093	0.095	0.091	0.090	0.111	0.093	0.094	0.094	0.092	0.091	0.093
40:00:45	20.9	0.091	0.090	0.093	0.093	0.091	0.092	0.091	0.092	0.093	0.094	0.092	0.091	0.091	1.251	0.750	1.227	1.223	0.732	1.236	1.242	1.253	1.270	0.799	0.093	0.090	1.240	1.232	0.738	0.710	1.253	0.751	1.239	1.263	0.816	1.283	0.092	0.091	1.239	1.231	1.240	1.248	1.227	1.246	1.241	1.256	1.281	0.820	0.093	0.094	1.253	1.241	1.236	1.258	1.277	0.722	1.252	0.776	1.279	1.301	0.091	0.093	1.251	1.249	1.236	1.268	0.752	1.359	0.794	1.300	0.819	1.395	0.091	0.094	1.270	1.269	1.260	1.320	1.335	0.810	1.338	1.338	1.350	1.396	0.091	0.093	0.093	0.094	0.091	0.091	0.111	0.093	0.094	0.094	0.092	0.091	0.093
41:00:45	20.9	0.091	0.090	0.093	0.092	0.091	0.092	0.091	0.092	0.092	0.094	0.092	0.091	0.092	1.265	0.758	1.238	1.241	0.741	1.254	1.258	1.269	1.286	0.812	0.093	0.090	1.254	1.247	0.749	0.719	1.277	0.762	1.258	1.286	0.828	1.333	0.092	0.090	1.254	1.244	1.260	1.267	1.248	1.271	1.262	1.278	1.310	0.832	0.093	0.094	1.266	1.253	1.247	1.277	1.303	0.736	1.289	0.786	1.314	1.372	0.091	0.094	1.268	1.266	1.251	1.213	0.763	1.349	0.805	1.356	0.832	1.422	0.091	0.094	1.291	1.289	1.288	1.338	1.338	0.821	1.341	1.347	1.354	1.398	0.091	0.093	0.093	0.094	0.091	0.091	0.111	0.093	0.094	0.094	0.092	0.091	0.093
42:00:47	21.0	0.091	0.090	0.093	0.093	0.091	0.092	0.091	0.092	0.093	0.094	0.092	0.092	0.092	1.285	0.766	1.252	1.256	0.748	1.267	1.272	1.282	1.301	0.824	0.093	0.090	1.268	1.262	0.757	0.728	1.308	0.772	1.273	1.303	0.840	1.422	0.092	0.091	1.265	1.255	1.286	1.302	1.261	1.302	1.277	1.305	1.376	0.842	0.093	0.094	1.280	1.268	1.262	1.238	1.335	0.750	1.308	0.799	1.377	1.452	0.091	0.094	1.283	1.285	1.269	1.257	0.773	1.346	0.814	1.380	0.844	1.413	0.092	0.094	1.314	1.314	1.337	1.341	1.342	0.832	1.343	1.396	1.357	1.401	0.091	0.093	0.093	0.095	0.091	0.091	0.111	0.093	0.094	0.094	0.092	0.091	0.093
43:00:47	21.3	0.091	0.090	0.093	0.092	0.091	0.091	0.091	0.091	0.092	0.094	0.092	0.091	0.092	1.294	0.775	1.264	1.267	0.754	1.283	1.287	1.296	1.317	0.834	0.092	0.090	1.278	1.272	0.767	0.734	1.288	0.782	1.286	1.325	0.851	1.377	0.092	0.090	1.276	1.265	1.322	1.264	1.288	1.320	1.304	1.348	1.466	0.852	0.092	0.093	1.292	1.279	1.273	1.272	1.287	0.758	1.340	0.810	1.391	1.393	0.091	0.093	1.295	1.298	1.288	1.296	0.780	1.345	0.823	1.379	0.855	1.407	0.091	0.094	1.345	1.355	1.326	1.342	1.342	0.842	1.347	1.397	1.359	1.394	0.091	0.093	0.093	0.094	0.091	0.090	0.111	0.093	0.094	0.094	0.092	0.091	0.092
44:00:48	21.9	0.092	0.090	0.093	0.093	0.091	0.092	0.091	0.092	0.093	0.095	0.092	0.091	0.092	1.305	0.783	1.279	1.279	0.760	1.295	1.301	1.311	1.333	0.845	0.093	0.090	1.287	1.282	0.777	0.739	1.306	0.792	1.299	1.380	0.861	1.395	0.092	0.091	1.287	1.273	1.301	1.290	1.313	1.307	1.333	1.399	1.402	0.863	0.093	0.094	1.308	1.290	1.285	1.306	1.321	0.767	1.347	0.819	1.389	1.401	0.091	0.094	1.316	1.322	1.315	1.316	0.785	1.347	0.830	1.381	0.865	1.405	0.091	0.094	1.347	1.354	1.353	1.341	1.348	0.849	1.353	1.394	1.368	1.393	0.091	0.093	0.093	0.095	0.091	0.090	0.111	0.093	0.094	0.094	0.092	0.091	0.093
45:00:51	22.5	0.091	0.090	0.093	0.093	0.091	0.092	0.091	0.092	0.093	0.095	0.092	0.091	0.092	1.316	0.789	1.293	1.290	0.762	1.306	1.318	1.337	1.349	0.853	0.093	0.090	1.295	1.293	0.783	0.742	1.336	0.797	1.313	1.379	0.867	1.395	0.092	0.091	1.298	1.285	1.335	1.305	1.337	1.335	1.367	1.408	1.401	0.870	0.093	0.094	1.325	1.303	1.298	1.317	1.340	0.770	1.350	0.826	1.392	1.406	0.091	0.093	1.333	1.350	1.353	1.319	0.789	1.350	0.835	1.383	0.872	1.404	0.091	0.094	1.326	1.365	1.360	1.345	1.351	0.855	1.359	1.393	1.378	1.393	0.091	0.093	0.092	0.094	0.091	0.090	0.111	0.093	0.094	0.094	0.092	0.091	0.093
46:00:55	23.3	0.091	0.090	0.092	0.092	0.091	0.092	0.091	0.091	0.093	0.094	0.092	0.091	0.091	1.327	0.793	1.302	1.299	0.761	1.319	1.344	1.362	1.376	0.860	0.093	0.090	1.305	1.305	0.786	0.741	1.337	0.800	1.342	1.366	0.871	1.393	0.092	0.090	1.309	1.298	1.346	1.321	1.330	1.353	1.349	1.379	1.404	0.875	0.093	0.094	1.343	1.323	1.311	1.333	1.354	0.771	1.357	0.831	1.394	1.407	0.091	0.094	1.356	1.397	1.357	1.330	0.789	1.354	0.837	1.387	0.877	1.405	0.091	0.094	1.371	1.384	1.365	1.350	1.353	0.859	1.371	1.395	1.401	1.396	0.091	0.093	0.092	0.095	0.091	0.091	0.112	0.093	0.094	0.094	0.092	0.091	0.092
47:00:51	24.0	0.091	0.090	0.093	0.093	0.091	0.092	0.091	0.092	0.093	0.095	0.092	0.091	0.092	1.341	0.795	1.316	1.308	0.760	1.343	1.379	1.405	1.450	0.864	0.093	0.090	1.318	1.322	0.787	0.745	1.341	0.801	1.379	1.371	0.873	1.393	0.092	0.091	1.321	1.311	1.351	1.326	1.315	1.359	1.355	1.387	1.406	0.877	0.093	0.094	1.361	1.362	1.358	1.333	1.359	0.768	1.364	0.832	1.398	1.409	0.091	0.094	1.337	1.360	1.368	1.330	0.786	1.358	0.836	1.387	0.879	1.409	0.091	0.094	1.383	1.384	1.368	1.351	1.354	0.861	1.385	1.397	1.432	1.399	0.091	0.093	0.093	0.094	0.091	0.090	0.112	0.093	0.094	0.094	0.092	0.091	0.093
48:00:51	24.6	0.091	0.090	0.093	0.092	0.091	0.092	0.091	0.092	0.093	0.094	0.092	0.091	0.091	1.357	0.794	1.333	1.315	0.756	1.373	1.400	1.383	1.409	0.865	0.093	0.090	1.331	1.345	0.783	0.742	1.345	0.797	1.343	1.383	0.868	1.395	0.092	0.091	1.336	1.360	1.351	1.329	1.340	1.361	1.363	1.387	1.406	0.871	0.093	0.094	1.426	1.383	1.343	1.336	1.363	0.757	1.368	0.826	1.401	1.410	0.091	0.093	1.367	1.393	1.376	1.333	0.778	1.365	0.830	1.391	0.874	1.413	0.091	0.094	1.391	1.402	1.375	1.353	1.355	0.856	1.413	1.402	1.469	1.405	0.091	0.093	0.093	0.094	0.091	0.090	0.112	0.093	0.094	0.094	0.092	0.091	0.093
49:00:52	24.9	0.091	0.090	0.092	0.092	0.091	0.092	0.091	0.091	0.093	0.094	0.092	0.091	0.091	1.373	0.791	1.356	1.321	0.748	1.364	1.352	1.378	1.426	0.862	0.093	0.090	1.361	1.394	0.773	0.740	1.347	0.785	1.357	1.385	0.859	1.396	0.092	0.090	1.365	1.381	1.350	1.330	1.342	1.364	1.370	1.387	1.408	0.863	0.092	0.094	1.379	1.384	1.369	1.332	1.362	0.743	1.371	0.818	1.408	1.414	0.091	0.093	1.401	1.393	1.376	1.334	0.770	1.381	0.819	1.402	0.866	1.416	0.091	0.094	1.396	1.402	1.380	1.356	1.364	0.854	1.441	1.407	1.506	1.412	0.091	0.093	0.092	0.094	0.091	0.090	0.112	0.093	0.094	0.094	0.092	0.091	0.092
50:00:54	25.1	0.091	0.090	0.092	0.093	0.091	0.092	0.091	0.091	0.093	0.094	0.092	0.091	0.092	1.331	0.782	1.356	1.327	0.739	1.321	1.369	1.384	1.419	0.855	0.093	0.090	1.405	1.383	0.761	0.729	1.345	0.773	1.362	1.384	0.846	1.401	0.092	0.091	1.405	1.360	1.346	1.323	1.340	1.361	1.368	1.384	1.407	0.854	0.093	0.094	1.399	1.387	1.365	1.325	1.356	0.726	1.370	0.806	1.408	1.419	0.091	0.094	1.397	1.389	1.374	1.327	0.758	1.393	0.808	1.413	0.854	1.423	0.091	0.094	1.399	1.404	1.381	1.360	1.376	0.847	1.446	1.411	1.496	1.422	0.091	0.093	0.093	0.094	0.091	0.090	0.112	0.093	0.094	0.094	0.092	0.091	0.093
51:00:55	25.1	0.091	0.090	0.093	0.093	0.091	0.092	0.091	0.091	0.093	0.095	0.092	0.091	0.092	1.365	0.769	1.360	1.344	0.729	1.343	1.385	1.387	1.420	0.847	0.093	0.090	1.399	1.402	0.745	0.715	1.339	0.757	1.360	1.381	0.832	1.403	0.092	0.091	1.391	1.357	1.339	1.315	1.333	1.356	1.365	1.380	1.408	0.842	0.093	0.094	1.403	1.383	1.360	1.315	1.347	0.708	1.370	0.793	1.412	1.422	0.091	0.094	1.396	1.384	1.372	1.325	0.743	1.399	0.793	1.423	0.841	1.435	0.091	0.094	1.400	1.407	1.389	1.368	1.399	0.838	1.426	1.415	1.441	1.446	0.091	0.093	0.093	0.095	0.092	0.090	0.112	0.093	0.094	0.094	0.092	0.091	0.092
52:00:57	25.2	0.091	0.090	0.092	0.092	0.091	0.091	0.091	0.091	0.092	0.094	0.092	0.091	0.091	1.399	0.755	1.341	1.378	0.716	1.355	1.381	1.393	1.426	0.836	0.093	0.090	1.408	1.367	0.730	0.701	1.335	0.741	1.354	1.375	0.816	1.407	0.092	0.090	1.365	1.350	1.341	1.308	1.325	1.354	1.358	1.378	1.411	0.831	0.093	0.094	1.411	1.375	1.350	1.310	1.341	0.688	1.367	0.777	1.418	1.433	0.091	0.094	1.402	1.384	1.360	1.318	0.732	1.389	0.779	1.431	0.827	1.462	0.091	0.094	1.410	1.409	1.386	1.377	1.412	0.828	1.423	1.426	1.442	1.483	0.091	0.093	0.092	0.094	0.091	0.090	0.112	0.093	0.094	0.094	0.092	0.091	0.092
53:00:58	25.1	0.091	0.090	0.092	0.092	0.091	0.092	0.091	0.091	0.092	0.094	0.092	0.091	0.091	1.363	0.742	1.340	1.322	0.707	1.373	1.380	1.391	1.422	0.828	0.093	0.090	1.378	1.371	0.713	0.685	1.334	0.729	1.352	1.379	0.801	1.424	0.092	0.090	1.398	1.346	1.330	1.304	1.325	1.341	1.352	1.377	1.419	0.819	0.093	0.094	1.410	1.373	1.345	1.308	1.328	0.673	1.351	0.765	1.418	1.456	0.091	0.094	1.398	1.381	1.357	1.314	0.719	1.371	0.770	1.396	0.816	1.498	0.091	0.094	1.418	1.405	1.374	1.378	1.406	0.821	1.426	1.446	1.463	1.541	0.091	0.093	0.092	0.094	0.091	0.090	0.112	0.092	0.094	0.094	0.092	0.091	0.093
54:00:59	24.8	0.091	0.090	0.093	0.092	0.091	0.092	0.091	0.091	0.093	0.094	0.092	0.091	0.092	1.373	0.730	1.369	1.362	0.701	1.379	1.379	1.390	1.421	0.820	0.093	0.090	1.387	1.363	0.703	0.676	1.341	0.718	1.355	1.387	0.788	1.458	0.091	0.090	1.404	1.344	1.335	1.308	1.329	1.348	1.355	1.382	1.436	0.810	0.093	0.094	1.401	1.362	1.347	1.311	1.335	0.660	1.355	0.754	1.428	1.478	0.091	0.093	1.394	1.375	1.357	1.317	0.712	1.372	0.764	1.400	0.804	1.510	0.091	0.094	1.420	1.413	1.380	1.369	1.400	0.812	1.425	1.466	1.466	1.563	0.091	0.093	0.092	0.094	0.091	0.090	0.112	0.093	0.094	0.093	0.092	0.091	0.092
55:01:00	24.3	0.091	0.090	0.093	0.092	0.091	0.091	0.091	0.091	0.092	0.094	0.092	0.091	0.092	1.405	0.721	1.372	1.358	0.697	1.377	1.376	1.391	1.416	0.814	0.093	0.090	1.404	1.365	0.692	0.670	1.350	0.707	1.356	1.394	0.781	1.493	0.092	0.091	1.398	1.347	1.341	1.313	1.333	1.350	1.358	1.388	1.445	0.803	0.092	0.094	1.397	1.364	1.348	1.315	1.340	0.651	1.357	0.746	1.437	1.504	0.091	0.094	1.407	1.383	1.358	1.320	0.707	1.373	0.753	1.401	0.798	1.527	0.091	0.094	1.433	1.421	1.380	1.369	1.397	0.808	1.423	1.489	1.476	1.508	0.091	0.093	0.093	0.094	0.091	0.090	0.111	0.093	0.094	0.094	0.092	0.091	0.093
56:01:01	24.0	0.091	0.090	0.092	0.092	0.091	0.091	0.091	0.091	0.093	0.094	0.092	0.091	0.091	1.425	0.717	1.373	1.352	0.701	1.378	1.377	1.393	1.417	0.812	0.093	0.090	1.393	1.364	0.686	0.669	1.356	0.709	1.360	1.400	0.777	1.519	0.092	0.091	1.391	1.352	1.343	1.317	1.335	1.353	1.362	1.393	1.456	0.800	0.093	0.094	1.403	1.366	1.351	1.318	1.342	0.649	1.359	0.745	1.444	1.518	0.091	0.094	1.405	1.388	1.361	1.325	0.709	1.375	0.750	1.401	0.798	1.537	0.091	0.094	1.442	1.424	1.380	1.368	1.395	0.807	1.422	1.495	1.466	1.466	0.091	0.093	0.093	0.094	0.091	0.090	0.111	0.092	0.094	0.094	0.092	0.091	0.092
57:01:02	23.8	0.092	0.090	0.093	0.093	0.091	0.092	0.091	0.092	0.093	0.094	0.092	0.092	0.092	1.422	0.714	1.375	1.347	0.703	1.380	1.387	1.402	1.427	0.816	0.093	0.090	1.391	1.365	0.685	0.673	1.335	0.707	1.365	1.404	0.777	1.549	0.092	0.091	1.387	1.359	1.342	1.319	1.336	1.348	1.357	1.386	1.433	0.799	0.093	0.094	1.406	1.380	1.354	1.324	1.342	0.657	1.357	0.748	1.403	1.447	0.091	0.094	1.416	1.392	1.363	1.326	0.712	1.377	0.754	1.400	0.798	1.439	0.091	0.094	1.468	1.415	1.386	1.367	1.383	0.773	1.337	1.416	1.331	1.476	0.092	0.093	0.093	0.094	0.091	0.090	0.110	0.093	0.094	0.094	0.092	0.091	0.093
58:01:03	23.6	0.091	0.090	0.092	0.092	0.091	0.092	0.091	0.091	0.092	0.094	0.092	0.091	0.092	1.431	0.717	1.377	1.346	0.713	1.388	1.399	1.414	1.440	0.820	0.093	0.090	1.395	1.373	0.686	0.676	1.345	0.713	1.372	1.404	0.776	1.563	0.092	0.090	1.391	1.363	1.346	1.323	1.338	1.353	1.361	1.385	1.433	0.801	0.093	0.094	1.429	1.384	1.353	1.327	1.348	0.666	1.364	0.746	1.409	1.446	0.091	0.094	1.420	1.393	1.362	1.325	0.717	1.384	0.758	1.405	0.798	1.442	0.091	0.094	1.446	1.406	1.379	1.361	1.386	0.783	1.421	1.434	1.491	1.477	0.091	0.093	0.093	0.095	0.091	0.090	0.111	0.092	0.094	0.094	0.092	0.091	0.093
59:01:03	23.3	0.091	0.090	0.092	0.092	0.091	0.091	0.091	0.091	0.092	0.094	0.092	0.091	0.091	1.436	0.721	1.382	1.344	0.722	1.392	1.408	1.422	1.450	0.825	0.092	0.089	1.392	1.379	0.687	0.680	1.348	0.718	1.378	1.408	0.775	1.536	0.091	0.090	1.395	1.367	1.354	1.327	1.340	1.355	1.362	1.387	1.431	0.807	0.092	0.093	1.431	1.379	1.356	1.332	1.350	0.672	1.365	0.746	1.408	1.443	0.091	0.093	1.428	1.394	1.367	1.332	0.724	1.389	0.756	1.406	0.796	1.438	0.091	0.094	1.463	1.421	1.393	1.377	1.400	0.810	1.427	1.431	1.490	1.471	0.091	0.093	0.092	0.094	0.091	0.090	0.110	0.092	0.094	0.094	0.092	0.091	0.092
60:01:05	23.0	0.091	0.090	0.093	0.093	0.091	0.092	0.091	0.091	0.092	0.094	0.092	0.091	0.092	1.438	0.725	1.384	1.344	0.729	1.398	1.415	1.431	1.464	0.833	0.093	0.090	1.395	1.384	0.692	0.691	1.347	0.724	1.386	1.405	0.777	1.457	0.092	0.091	1.393	1.371	1.355	1.329	1.343	1.355	1.363	1.387	1.425	0.813	0.093	0.094	1.435	1.384	1.358	1.332	1.352	0.675	1.368	0.752	1.406	1.439	0.091	0.094	1.433	1.399	1.371	1.337	0.731	1.393	0.762	1.410	0.800	1.436	0.091	0.094	1.459	1.422	1.398	1.381	1.404	0.817	1.426	1.428	1.490	1.470	0.091	0.093	0.093	0.095	0.091	0.090	0.110	0.093	0.094	0.094	0.092	0.092	0.093
61:01:05	22.7	0.091	0.090	0.092	0.092	0.091	0.091	0.091	0.091	0.092	0.094	0.092	0.091	0.091	1.439	0.731	1.386	1.344	0.737	1.402	1.421	1.437	1.473	0.839	0.092	0.090	1.395	1.385	0.697	0.698	1.348	0.727	1.389	1.407	0.779	1.453	0.092	0.090	1.395	1.372	1.356	1.331	1.343	1.358	1.364	1.388	1.424	0.816	0.092	0.093	1.438	1.383	1.359	1.333	1.355	0.681	1.369	0.753	1.405	1.436	0.091	0.094	1.438	1.397	1.371	1.338	0.738	1.395	0.762	1.413	0.800	1.434	0.091	0.094	1.459	1.422	1.400	1.381	1.407	0.820	1.426	1.425	1.491	1.464	0.091	0.093	0.092	0.094	0.091	0.090	0.110	0.092	0.094	0.093	0.092	0.091	0.093
62:01:07	22.4	0.091	0.090	0.093	0.093	0.091	0.091	0.091	0.091	0.092	0.094	0.092	0.091	0.091	1.441	0.737	1.388	1.345	0.743	1.407	1.426	1.445	1.486	0.846	0.093	0.090	1.396	1.390	0.702	0.708	1.348	0.733	1.394	1.405	0.783	1.447	0.092	0.091	1.398	1.376	1.359	1.332	1.345	1.361	1.364	1.388	1.409	0.821	0.093	0.094	1.440	1.388	1.362	1.337	1.357	0.686	1.374	0.757	1.404	1.431	0.091	0.094	1.444	1.403	1.377	1.342	0.746	1.397	0.768	1.417	0.806	1.431	0.091	0.094	1.456	1.421	1.404	1.386	1.410	0.825	1.427	1.424	1.495	1.461	0.091	0.093	0.092	0.094	0.091	0.090	0.111	0.093	0.094	0.094	0.092	0.091	0.093
63:01:08	22.2	0.091	0.090	0.093	0.092	0.091	0.092	0.091	0.091	0.092	0.094	0.093	0.091	0.092	1.445	0.738	1.393	1.347	0.748	1.418	1.441	1.456	1.510	0.854	0.093	0.090	1.399	1.396	0.705	0.716	1.350	0.737	1.402	1.396	0.787	1.442	0.092	0.091	1.402	1.385	1.362	1.332	1.343	1.364	1.364	1.389	1.406	0.824	0.093	0.094	1.455	1.399	1.364	1.338	1.357	0.690	1.375	0.763	1.409	1.431	0.091	0.094	1.437	1.403	1.381	1.343	0.753	1.396	0.773	1.424	0.810	1.432	0.091	0.094	1.447	1.426	1.406	1.389	1.412	0.830	1.426	1.426	1.484	1.461	0.091	0.093	0.093	0.094	0.091	0.090	0.111	0.093	0.094	0.094	0.092	0.091	0.093
64:01:10	22.0	0.091	0.090	0.093	0.092	0.091	0.092	0.091	0.091	0.092	0.094	0.092	0.091	0.092	1.452	0.744	1.399	1.352	0.753	1.424	1.450	1.470	1.528	0.862	0.093	0.090	1.401	1.402	0.709	0.722	1.352	0.742	1.409	1.398	0.791	1.446	0.092	0.091	1.406	1.389	1.367	1.333	1.344	1.367	1.367	1.392	1.408	0.830	0.093	0.094	1.465	1.400	1.368	1.339	1.359	0.695	1.378	0.765	1.412	1.431	0.091	0.094	1.450	1.407	1.385	1.344	0.759	1.399	0.777	1.431	0.814	1.433	0.091	0.094	1.448	1.427	1.412	1.393	1.415	0.834	1.427	1.428	1.487	1.460	0.091	0.093	0.093	0.094	0.091	0.090	0.111	0.093	0.094	0.094	0.092	0.091	0.093
65:01:10	21.9	0.091	0.090	0.092	0.092	0.091	0.091	0.091	0.091	0.092	0.094	0.092	0.091	0.092	1.461	0.749	1.402	1.355	0.757	1.429	1.456	1.485	1.542	0.867	0.092	0.090	1.405	1.406	0.713	0.728	1.354	0.747	1.415	1.396	0.793	1.434	0.092	0.090	1.409	1.393	1.371	1.334	1.344	1.370	1.369	1.394	1.410	0.833	0.092	0.093	1.473	1.407	1.370	1.343	1.361	0.698	1.381	0.767	1.416	1.429	0.091	0.093	1.456	1.408	1.391	1.346	0.766	1.400	0.783	1.439	0.817	1.437	0.091	0.094	1.446	1.432	1.419	1.397	1.419	0.836	1.430	1.435	1.471	1.465	0.091	0.093	0.092	0.094	0.091	0.090	0.110	0.092	0.093	0.094	0.092	0.091	0.092
66:01:11	22.0	0.091	0.090	0.092	0.092	0.091	0.091	0.091	0.091	0.092	0.094	0.092	0.091	0.091	1.464	0.755	1.408	1.359	0.759	1.449	1.469	1.505	1.551	0.872	0.092	0.090	1.415	1.417	0.719	0.736	1.354	0.751	1.413	1.387	0.797	1.431	0.092	0.090	1.413	1.405	1.373	1.332	1.343	1.367	1.369	1.391	1.414	0.837	0.092	0.093	1.493	1.417	1.373	1.337	1.355	0.700	1.374	0.769	1.422	1.433	0.091	0.093	1.465	1.408	1.394	1.350	0.770	1.398	0.788	1.438	0.820	1.445	0.091	0.094	1.446	1.436	1.422	1.398	1.421	0.842	1.432	1.441	1.466	1.472	0.091	0.093	0.092	0.094	0.091	0.090	0.110	0.092	0.094	0.093	0.092	0.091	0.092
67:01:13	22.4	0.091	0.090	0.093	0.092	0.091	0.092	0.091	0.092	0.092	0.094	0.092	0.091	0.092	1.475	0.760	1.419	1.363	0.763	1.469	1.470	1.500	1.491	0.876	0.093	0.090	1.449	1.430	0.723	0.743	1.357	0.755	1.384	1.391	0.801	1.432	0.092	0.090	1.428	1.417	1.373	1.334	1.344	1.366	1.372	1.401	1.427	0.842	0.093	0.094	1.520	1.419	1.373	1.338	1.356	0.704	1.375	0.772	1.436	1.444	0.091	0.094	1.463	1.410	1.388	1.348	0.776	1.400	0.793	1.437	0.825	1.460	0.091	0.094	1.456	1.446	1.417	1.400	1.420	0.819	1.432	1.446	1.468	1.482	0.091	0.093	0.092	0.095	0.091	0.090	0.110	0.092	0.094	0.094	0.092	0.091	0.093
68:01:14	22.9	0.091	0.090	0.092	0.092	0.091	0.091	0.091	0.091	0.092	0.094	0.092	0.091	0.092	1.483	0.763	1.432	1.365	0.767	1.482	1.480	1.511	1.484	0.878	0.093	0.090	1.449	1.445	0.728	0.751	1.359	0.757	1.385	1.393	0.800	1.431	0.092	0.090	1.441	1.425	1.376	1.334	1.344	1.370	1.375	1.402	1.435	0.844	0.092	0.094	1.526	1.417	1.377	1.338	1.357	0.703	1.376	0.771	1.449	1.454	0.091	0.093	1.461	1.414	1.392	1.350	0.779	1.401	0.792	1.441	0.825	1.469	0.091	0.094	1.457	1.451	1.420	1.402	1.423	0.848	1.439	1.450	1.467	1.491	0.091	0.093	0.092	0.094	0.091	0.090	0.112	0.092	0.094	0.094	0.092	0.091	0.092
69:01:14	23.5	0.092	0.090	0.093	0.092	0.091	0.092	0.091	0.091	0.093	0.094	0.092	0.091	0.092	1.487	0.766	1.439	1.368	0.768	1.491	1.501	1.498	1.498	0.875	0.093	0.090	1.453	1.454	0.728	0.757	1.361	0.757	1.386	1.392	0.801	1.432	0.092	0.091	1.448	1.433	1.379	1.336	1.345	1.368	1.377	1.403	1.437	0.844	0.093	0.094	1.537	1.422	1.380	1.337	1.357	0.704	1.378	0.770	1.447	1.460	0.091	0.094	1.456	1.417	1.394	1.351	0.781	1.401	0.793	1.442	0.824	1.474	0.091	0.094	1.455	1.456	1.421	1.404	1.423	0.853	1.441	1.452	1.466	1.498	0.091	0.093	0.093	0.094	0.091	0.090	0.110	0.093	0.094	0.094	0.092	0.091	0.093
70:01:21	24.1	0.091	0.090	0.092	0.092	0.091	0.092	0.091	0.091	0.093	0.094	0.092	0.091	0.091	1.494	0.767	1.448	1.372	0.768	1.509	1.512	1.502	1.500	0.874	0.093	0.090	1.464	1.465	0.729	0.761	1.363	0.756	1.387	1.395	0.799	1.439	0.092	0.091	1.458	1.443	1.383	1.336	1.346	1.367	1.376	1.404	1.440	0.841	0.093	0.094	1.557	1.427	1.383	1.337	1.358	0.700	1.377	0.767	1.452	1.468	0.091	0.094	1.460	1.420	1.398	1.353	0.782	1.403	0.792	1.444	0.821	1.481	0.091	0.094	1.458	1.469	1.425	1.406	1.428	0.855	1.443	1.456	1.467	1.506	0.091	0.093	0.093	0.094	0.091	0.090	0.109	0.093	0.094	0.094	0.092	0.091	0.093
71:01:15	24.8	0.091	0.090	0.093	0.092	0.091	0.092	0.091	0.091	0.092	0.094	0.092	0.091	0.092	1.505	0.766	1.466	1.378	0.768	1.530	1.510	1.496	1.469	0.871	0.093	0.090	1.480	1.483	0.728	0.759	1.366	0.757	1.382	1.398	0.796	1.452	0.092	0.090	1.471	1.451	1.387	1.337	1.348	1.369	1.377	1.410	1.444	0.840	0.093	0.094	1.570	1.432	1.387	1.337	1.362	0.698	1.381	0.762	1.459	1.481	0.091	0.094	1.448	1.430	1.408	1.355	0.783	1.405	0.791	1.446	0.818	1.490	0.091	0.094	1.462	1.479	1.428	1.411	1.435	0.854	1.451	1.468	1.473	1.529	0.091	0.093	0.092	0.094	0.091	0.090	0.111	0.092	0.094	0.093	0.092	0.091	0.092
72:01:16	25.3	0.091	0.090	0.092	0.092	0.091	0.091	0.091	0.091	0.092	0.094	0.092	0.091	0.091	1.526	0.767	1.491	1.388	0.767	1.555	1.514	1.486	1.465	0.869	0.093	0.090	1.504	1.505	0.725	0.763	1.374	0.754	1.378	1.402	0.793	1.472	0.092	0.091	1.494	1.465	1.394	1.343	1.352	1.375	1.383	1.418	1.453	0.838	0.093	0.093	1.591	1.442	1.391	1.343	1.364	0.693	1.386	0.758	1.468	1.496	0.091	0.093	1.451	1.437	1.411	1.359	0.783	1.413	0.789	1.453	0.816	1.508	0.091	0.094	1.473	1.493	1.435	1.419	1.442	0.855	1.457	1.481	1.485	1.554	0.091	0.093	0.092	0.094	0.091	0.090	0.111	0.092	0.094	0.094	0.092	0.091	0.092

