Time	T° 600	A1	A2	A3	A4	A5	A6	A7	A8	A9	A10	A11	A12	B1	B2	B3	B4	B5	B6	B7	B8	B9	B10	B11	B12	C1	C2	C3	C4	C5	C6	C7	C8	C9	C10	C11	C12	D1	D2	D3	D4	D5	D6	D7	D8	D9	D10	D11	D12	E1	E2	E3	E4	E5	E6	E7	E8	E9	E10	E11	E12	F1	F2	F3	F4	F5	F6	F7	F8	F9	F10	F11	F12	G1	G2	G3	G4	G5	G6	G7	G8	G9	G10	G11	G12	H1	H2	H3	H4	H5	H6	H7	H8	H9	H10	H11	H12
0:00:06	23.4	0.092	0.091	0.092	0.091	0.096	0.091	0.091	0.090	0.091	0.092	0.090	0.090	0.090	0.103	0.104	0.108	0.106	0.106	0.105	0.107	0.105	0.106	0.106	0.091	0.089	0.105	0.104	0.105	0.110	0.105	0.107	0.106	0.107	0.108	0.105	0.091	0.090	0.105	0.105	0.104	0.108	0.107	0.108	0.107	0.105	0.107	0.105	0.092	0.092	0.108	0.107	0.107	0.108	0.107	0.105	0.105	0.104	0.104	0.105	0.093	0.092	0.107	0.107	0.111	0.111	0.108	0.110	0.108	0.106	0.103	0.103	0.090	0.094	0.106	0.106	0.104	0.107	0.108	0.105	0.108	0.109	0.106	0.105	0.090	0.092	0.091	0.093	0.090	0.090	0.091	0.092	0.093	0.093	0.091	0.090	0.091
1:00:06	23.7	0.092	0.090	0.091	0.091	0.095	0.091	0.091	0.090	0.091	0.092	0.091	0.090	0.090	0.107	0.112	0.115	0.114	0.114	0.110	0.116	0.109	0.115	0.109	0.092	0.089	0.110	0.107	0.112	0.112	0.109	0.111	0.112	0.114	0.109	0.111	0.091	0.090	0.110	0.109	0.106	0.111	0.110	0.111	0.111	0.107	0.113	0.108	0.092	0.093	0.112	0.109	0.112	0.109	0.110	0.109	0.108	0.111	0.110	0.110	0.093	0.093	0.111	0.115	0.115	0.115	0.110	0.116	0.116	0.110	0.107	0.106	0.090	0.093	0.113	0.111	0.108	0.111	0.115	0.110	0.117	0.118	0.113	0.112	0.090	0.092	0.091	0.093	0.090	0.090	0.091	0.092	0.093	0.093	0.091	0.090	0.091
2:00:07	23.9	0.093	0.091	0.092	0.091	0.091	0.091	0.091	0.090	0.091	0.093	0.091	0.091	0.090	0.110	0.125	0.129	0.127	0.126	0.114	0.127	0.114	0.126	0.112	0.092	0.089	0.121	0.112	0.123	0.115	0.113	0.115	0.124	0.125	0.113	0.123	0.091	0.090	0.121	0.119	0.109	0.122	0.122	0.123	0.122	0.110	0.124	0.112	0.092	0.093	0.123	0.112	0.124	0.113	0.115	0.121	0.112	0.122	0.120	0.121	0.093	0.093	0.114	0.126	0.125	0.126	0.113	0.126	0.127	0.114	0.110	0.110	0.090	0.094	0.124	0.115	0.111	0.114	0.129	0.116	0.129	0.131	0.125	0.124	0.090	0.093	0.092	0.093	0.091	0.090	0.091	0.092	0.093	0.093	0.091	0.090	0.091
3:00:08	23.8	0.094	0.091	0.092	0.091	0.091	0.091	0.091	0.090	0.091	0.093	0.091	0.091	0.090	0.115	0.147	0.151	0.152	0.151	0.120	0.150	0.119	0.150	0.117	0.092	0.089	0.141	0.118	0.144	0.121	0.119	0.121	0.144	0.147	0.117	0.144	0.091	0.090	0.140	0.138	0.113	0.144	0.143	0.144	0.142	0.115	0.144	0.117	0.092	0.093	0.141	0.117	0.145	0.118	0.121	0.141	0.117	0.142	0.140	0.142	0.093	0.093	0.121	0.146	0.146	0.147	0.119	0.147	0.146	0.118	0.115	0.114	0.090	0.094	0.144	0.121	0.116	0.120	0.152	0.123	0.149	0.153	0.148	0.147	0.090	0.092	0.092	0.093	0.091	0.090	0.091	0.092	0.093	0.093	0.092	0.090	0.091
4:00:09	23.8	0.096	0.091	0.092	0.091	0.091	0.091	0.091	0.090	0.091	0.093	0.091	0.090	0.090	0.124	0.179	0.182	0.185	0.182	0.130	0.183	0.128	0.183	0.125	0.092	0.089	0.174	0.127	0.176	0.130	0.127	0.129	0.176	0.179	0.124	0.175	0.091	0.090	0.170	0.168	0.120	0.174	0.173	0.174	0.172	0.122	0.176	0.124	0.092	0.093	0.172	0.124	0.174	0.125	0.128	0.173	0.123	0.174	0.168	0.172	0.093	0.093	0.128	0.175	0.174	0.177	0.125	0.174	0.175	0.124	0.122	0.121	0.090	0.094	0.173	0.129	0.124	0.126	0.182	0.130	0.176	0.181	0.179	0.177	0.090	0.092	0.092	0.094	0.091	0.090	0.091	0.092	0.093	0.093	0.091	0.091	0.091
5:00:10	23.6	0.095	0.090	0.091	0.091	0.091	0.091	0.091	0.090	0.091	0.093	0.091	0.090	0.090	0.131	0.205	0.212	0.218	0.215	0.142	0.216	0.146	0.211	0.131	0.092	0.089	0.209	0.140	0.208	0.142	0.143	0.141	0.207	0.213	0.134	0.204	0.091	0.090	0.199	0.199	0.135	0.204	0.204	0.204	0.203	0.134	0.205	0.130	0.092	0.093	0.203	0.134	0.211	0.134	0.136	0.198	0.134	0.204	0.195	0.200	0.093	0.093	0.135	0.209	0.204	0.207	0.136	0.202	0.208	0.129	0.127	0.128	0.090	0.093	0.205	0.136	0.134	0.137	0.216	0.143	0.206	0.211	0.209	0.206	0.090	0.092	0.091	0.093	0.091	0.090	0.091	0.092	0.093	0.093	0.091	0.090	0.091
6:00:11	23.5	0.095	0.090	0.091	0.091	0.091	0.091	0.091	0.090	0.091	0.093	0.091	0.091	0.090	0.141	0.239	0.248	0.258	0.255	0.147	0.261	0.148	0.252	0.140	0.092	0.089	0.252	0.145	0.242	0.147	0.145	0.145	0.248	0.250	0.142	0.243	0.091	0.090	0.236	0.242	0.138	0.239	0.238	0.240	0.241	0.140	0.244	0.138	0.092	0.093	0.239	0.143	0.252	0.141	0.140	0.236	0.139	0.242	0.233	0.238	0.093	0.093	0.143	0.259	0.247	0.248	0.142	0.243	0.249	0.136	0.135	0.137	0.090	0.093	0.244	0.146	0.142	0.146	0.259	0.150	0.247	0.252	0.247	0.248	0.090	0.092	0.091	0.093	0.091	0.090	0.091	0.092	0.093	0.093	0.091	0.090	0.091
7:00:12	23.2	0.095	0.090	0.092	0.091	0.091	0.091	0.091	0.090	0.092	0.093	0.091	0.091	0.090	0.147	0.314	0.315	0.317	0.325	0.154	0.325	0.153	0.332	0.145	0.092	0.089	0.303	0.151	0.307	0.151	0.151	0.151	0.317	0.301	0.146	0.285	0.091	0.090	0.302	0.310	0.146	0.307	0.315	0.311	0.320	0.144	0.290	0.146	0.092	0.093	0.298	0.150	0.307	0.146	0.146	0.311	0.145	0.283	0.278	0.270	0.093	0.093	0.153	0.297	0.306	0.312	0.149	0.310	0.289	0.143	0.143	0.143	0.090	0.094	0.294	0.149	0.150	0.154	0.328	0.160	0.291	0.299	0.287	0.289	0.090	0.092	0.092	0.093	0.091	0.091	0.091	0.092	0.093	0.093	0.092	0.090	0.092
8:00:13	23.0	0.095	0.091	0.092	0.091	0.091	0.091	0.091	0.091	0.092	0.093	0.091	0.091	0.090	0.159	0.319	0.336	0.343	0.347	0.171	0.349	0.164	0.344	0.152	0.092	0.089	0.347	0.167	0.324	0.166	0.169	0.165	0.339	0.320	0.156	0.321	0.091	0.090	0.319	0.325	0.158	0.327	0.336	0.322	0.330	0.158	0.330	0.161	0.092	0.093	0.313	0.164	0.321	0.158	0.157	0.326	0.159	0.311	0.305	0.323	0.093	0.093	0.166	0.326	0.322	0.325	0.162	0.315	0.316	0.153	0.157	0.155	0.091	0.094	0.322	0.160	0.161	0.167	0.335	0.172	0.322	0.333	0.338	0.335	0.090	0.092	0.092	0.093	0.091	0.091	0.091	0.092	0.094	0.093	0.091	0.090	0.092
9:00:14	22.8	0.095	0.091	0.091	0.091	0.091	0.091	0.091	0.090	0.091	0.093	0.091	0.091	0.090	0.173	0.361	0.379	0.387	0.391	0.186	0.393	0.182	0.389	0.164	0.091	0.089	0.389	0.184	0.359	0.182	0.186	0.181	0.382	0.373	0.170	0.379	0.091	0.090	0.366	0.368	0.175	0.372	0.380	0.368	0.368	0.172	0.385	0.176	0.092	0.093	0.358	0.179	0.372	0.174	0.171	0.368	0.173	0.366	0.351	0.379	0.093	0.092	0.182	0.365	0.368	0.376	0.176	0.361	0.374	0.167	0.173	0.167	0.090	0.093	0.361	0.175	0.174	0.180	0.383	0.187	0.368	0.377	0.375	0.376	0.090	0.092	0.091	0.093	0.091	0.090	0.091	0.092	0.093	0.093	0.091	0.090	0.091
10:00:15	22.5	0.095	0.091	0.092	0.091	0.091	0.091	0.091	0.090	0.092	0.093	0.091	0.091	0.090	0.191	0.408	0.433	0.457	0.450	0.209	0.444	0.201	0.440	0.180	0.092	0.089	0.440	0.207	0.413	0.200	0.206	0.199	0.433	0.433	0.188	0.436	0.091	0.090	0.412	0.408	0.192	0.430	0.441	0.413	0.417	0.192	0.448	0.196	0.092	0.093	0.410	0.199	0.424	0.191	0.189	0.421	0.192	0.424	0.413	0.435	0.094	0.093	0.203	0.414	0.403	0.431	0.196	0.407	0.429	0.182	0.194	0.185	0.091	0.094	0.410	0.194	0.192	0.199	0.443	0.211	0.418	0.428	0.446	0.431	0.090	0.093	0.092	0.094	0.091	0.091	0.091	0.092	0.093	0.093	0.092	0.091	0.092
11:00:24	22.3	0.095	0.090	0.091	0.091	0.091	0.091	0.091	0.090	0.091	0.093	0.091	0.091	0.090	0.216	0.470	0.489	0.523	0.511	0.238	0.500	0.225	0.499	0.203	0.092	0.089	0.495	0.236	0.475	0.225	0.232	0.220	0.484	0.489	0.213	0.495	0.091	0.090	0.468	0.464	0.214	0.491	0.497	0.469	0.465	0.219	0.510	0.222	0.093	0.093	0.472	0.229	0.478	0.214	0.213	0.476	0.215	0.487	0.480	0.501	0.094	0.093	0.232	0.464	0.466	0.487	0.223	0.463	0.486	0.200	0.221	0.208	0.091	0.093	0.467	0.218	0.218	0.225	0.499	0.245	0.474	0.488	0.509	0.490	0.090	0.092	0.091	0.094	0.092	0.091	0.091	0.092	0.093	0.093	0.091	0.090	0.092
12:00:17	22.0	0.095	0.090	0.092	0.091	0.091	0.091	0.091	0.090	0.092	0.093	0.091	0.091	0.090	0.251	0.537	0.557	0.603	0.582	0.283	0.567	0.261	0.567	0.237	0.092	0.090	0.553	0.274	0.540	0.259	0.270	0.251	0.548	0.559	0.249	0.570	0.091	0.090	0.542	0.533	0.243	0.566	0.571	0.545	0.537	0.258	0.580	0.256	0.093	0.093	0.543	0.271	0.556	0.245	0.245	0.548	0.249	0.558	0.560	0.571	0.094	0.093	0.270	0.542	0.536	0.556	0.262	0.539	0.561	0.225	0.257	0.239	0.092	0.093	0.540	0.252	0.251	0.261	0.571	0.287	0.556	0.568	0.583	0.559	0.091	0.093	0.092	0.093	0.093	0.091	0.091	0.092	0.093	0.093	0.092	0.091	0.092
13:00:18	21.8	0.094	0.090	0.092	0.091	0.091	0.091	0.091	0.091	0.092	0.093	0.091	0.091	0.091	0.290	0.622	0.634	0.673	0.654	0.325	0.640	0.295	0.643	0.276	0.092	0.089	0.627	0.327	0.619	0.303	0.307	0.289	0.627	0.646	0.286	0.655	0.091	0.090	0.620	0.612	0.284	0.641	0.656	0.624	0.615	0.296	0.665	0.307	0.095	0.093	0.618	0.315	0.640	0.291	0.290	0.626	0.288	0.647	0.643	0.650	0.095	0.093	0.318	0.626	0.617	0.631	0.308	0.619	0.642	0.260	0.306	0.279	0.093	0.093	0.628	0.294	0.295	0.305	0.645	0.341	0.640	0.653	0.664	0.639	0.091	0.092	0.092	0.094	0.096	0.091	0.091	0.092	0.093	0.093	0.091	0.090	0.092
14:00:18	21.6	0.095	0.092	0.092	0.091	0.092	0.092	0.091	0.091	0.092	0.093	0.091	0.091	0.091	0.331	0.686	0.702	0.726	0.715	0.382	0.702	0.335	0.708	0.326	0.092	0.090	0.697	0.381	0.684	0.345	0.357	0.336	0.700	0.723	0.329	0.727	0.091	0.090	0.688	0.681	0.337	0.698	0.717	0.692	0.685	0.353	0.737	0.365	0.098	0.093	0.688	0.361	0.707	0.336	0.343	0.688	0.331	0.719	0.720	0.721	0.099	0.093	0.366	0.699	0.689	0.695	0.364	0.687	0.714	0.306	0.365	0.329	0.096	0.094	0.710	0.344	0.338	0.356	0.706	0.402	0.714	0.727	0.735	0.710	0.090	0.093	0.092	0.094	0.101	0.091	0.092	0.092	0.094	0.094	0.092	0.091	0.092
15:00:20	21.3	0.095	0.092	0.092	0.091	0.092	0.091	0.091	0.091	0.092	0.093	0.093	0.091	0.091	0.379	0.746	0.761	0.779	0.774	0.442	0.759	0.401	0.767	0.383	0.092	0.090	0.758	0.438	0.743	0.404	0.421	0.385	0.759	0.784	0.391	0.788	0.091	0.091	0.753	0.741	0.383	0.757	0.774	0.752	0.742	0.413	0.798	0.430	0.105	0.093	0.752	0.416	0.768	0.388	0.400	0.747	0.389	0.782	0.785	0.780	0.104	0.093	0.425	0.760	0.753	0.756	0.422	0.748	0.776	0.358	0.429	0.389	0.102	0.094	0.775	0.396	0.394	0.410	0.768	0.459	0.777	0.790	0.795	0.771	0.091	0.093	0.092	0.094	0.112	0.091	0.092	0.092	0.094	0.093	0.092	0.091	0.092
16:00:20	21.1	0.095	0.092	0.092	0.091	0.092	0.092	0.091	0.091	0.092	0.093	0.091	0.091	0.091	0.433	0.799	0.812	0.827	0.826	0.500	0.813	0.447	0.823	0.439	0.092	0.090	0.813	0.497	0.798	0.460	0.476	0.447	0.814	0.839	0.444	0.844	0.091	0.090	0.813	0.797	0.440	0.807	0.826	0.808	0.800	0.469	0.854	0.496	0.118	0.093	0.811	0.470	0.823	0.440	0.456	0.806	0.444	0.841	0.846	0.839	0.116	0.093	0.483	0.817	0.809	0.810	0.476	0.808	0.834	0.414	0.495	0.453	0.113	0.094	0.833	0.453	0.448	0.466	0.826	0.513	0.839	0.850	0.854	0.830	0.090	0.093	0.092	0.094	0.135	0.091	0.092	0.092	0.094	0.093	0.092	0.091	0.091
17:00:21	21.1	0.095	0.091	0.092	0.091	0.092	0.091	0.091	0.091	0.092	0.093	0.091	0.091	0.091	0.493	0.850	0.861	0.879	0.876	0.556	0.862	0.507	0.873	0.493	0.092	0.090	0.867	0.549	0.848	0.510	0.528	0.498	0.870	0.922	0.504	0.911	0.091	0.090	0.870	0.851	0.489	0.861	0.878	0.861	0.850	0.525	0.923	0.555	0.146	0.093	0.867	0.521	0.878	0.491	0.510	0.859	0.498	0.902	0.906	0.911	0.141	0.093	0.535	0.873	0.862	0.865	0.529	0.861	0.900	0.470	0.553	0.511	0.139	0.094	0.889	0.507	0.499	0.511	0.885	0.562	0.910	0.916	0.938	0.919	0.091	0.093	0.092	0.094	0.170	0.091	0.091	0.092	0.094	0.093	0.092	0.090	0.091
18:00:22	21.2	0.095	0.091	0.092	0.091	0.092	0.092	0.091	0.091	0.092	0.094	0.091	0.091	0.091	0.539	0.904	0.750	0.858	0.806	0.601	0.774	0.552	0.935	0.545	0.092	0.090	0.984	0.594	0.903	0.559	0.575	0.552	0.950	0.954	0.556	0.900	0.091	0.091	1.015	0.948	0.534	0.902	0.991	0.919	0.914	0.575	0.898	0.608	0.188	0.093	1.021	0.567	1.043	0.538	0.558	0.939	0.546	0.941	0.941	0.838	0.180	0.093	0.584	1.032	1.003	1.049	0.570	0.968	0.952	0.525	0.607	0.567	0.175	0.094	0.956	0.559	0.547	0.562	0.986	0.606	0.948	0.942	0.938	0.890	0.091	0.093	0.092	0.094	0.221	0.091	0.092	0.092	0.094	0.094	0.092	0.091	0.092
19:00:24	21.3	0.096	0.091	0.092	0.091	0.092	0.092	0.091	0.091	0.092	0.093	0.091	0.091	0.091	0.581	1.008	0.983	1.049	0.978	0.632	1.016	0.596	1.083	0.592	0.092	0.090	1.045	0.631	1.066	0.600	0.616	0.589	1.085	1.021	0.600	0.979	0.091	0.091	1.110	1.105	0.580	1.093	1.104	1.130	1.098	0.612	0.993	0.653	0.234	0.093	1.117	0.606	1.018	0.578	0.592	1.151	0.588	1.072	1.060	0.949	0.230	0.093	0.626	1.072	1.075	1.130	0.605	1.082	1.075	0.577	0.647	0.615	0.228	0.094	0.986	0.603	0.587	0.599	1.089	0.641	1.089	1.098	1.031	0.945	0.090	0.093	0.092	0.094	0.282	0.091	0.092	0.092	0.094	0.094	0.092	0.091	0.091
20:00:31	21.7	0.095	0.092	0.092	0.091	0.091	0.092	0.091	0.091	0.092	0.093	0.091	0.091	0.090	0.619	1.040	1.027	1.040	1.034	0.661	1.047	0.633	1.049	0.627	0.092	0.089	1.006	0.657	1.048	0.633	0.646	0.628	1.053	1.013	0.640	0.980	0.091	0.090	1.071	1.081	0.611	1.073	1.068	1.078	1.060	0.655	0.983	0.713	0.299	0.093	1.082	0.640	1.060	0.613	0.629	1.079	0.625	1.066	1.073	0.989	0.291	0.093	0.658	1.053	1.078	1.089	0.641	1.073	1.064	0.619	0.692	0.657	0.283	0.094	1.095	0.637	0.621	0.635	1.079	0.676	1.081	1.089	1.025	0.967	0.090	0.093	0.092	0.094	0.335	0.091	0.091	0.093	0.094	0.093	0.092	0.091	0.091
21:00:26	22.0	0.095	0.091	0.092	0.091	0.092	0.092	0.091	0.091	0.092	0.094	0.092	0.091	0.091	0.647	1.028	1.036	1.035	1.044	0.689	1.048	0.662	1.034	0.657	0.092	0.090	0.983	0.685	1.027	0.662	0.673	0.660	1.040	1.014	0.673	0.979	0.092	0.090	1.050	1.042	0.644	1.051	1.046	1.045	1.038	0.683	0.984	0.754	0.362	0.093	1.052	0.673	1.055	0.643	0.665	1.054	0.653	1.060	1.070	0.993	0.351	0.093	0.691	1.045	1.071	1.057	0.675	1.057	1.058	0.654	0.732	0.706	0.330	0.094	1.086	0.668	0.653	0.665	1.079	0.717	1.079	1.083	1.025	0.991	0.091	0.093	0.092	0.094	0.419	0.091	0.092	0.092	0.094	0.094	0.092	0.091	0.091
22:00:26	22.4	0.096	0.091	0.092	0.091	0.092	0.092	0.092	0.091	0.092	0.094	0.091	0.091	0.091	0.663	1.037	1.046	1.037	1.056	0.730	1.056	0.688	1.045	0.697	0.092	0.090	0.987	0.729	1.041	0.683	0.697	0.677	1.051	1.021	0.681	0.995	0.092	0.091	1.051	1.043	0.674	1.060	1.050	1.052	1.048	0.711	1.002	0.775	0.421	0.093	1.051	0.694	1.059	0.664	0.695	1.062	0.676	1.060	1.070	1.011	0.424	0.094	0.721	1.044	1.080	1.063	0.695	1.067	1.058	0.691	0.762	0.765	0.396	0.094	1.074	0.695	0.686	0.689	1.084	0.746	1.081	1.081	1.037	1.014	0.091	0.093	0.092	0.094	0.530	0.091	0.092	0.093	0.094	0.094	0.092	0.091	0.092
23:00:27	22.8	0.095	0.091	0.092	0.091	0.092	0.092	0.091	0.091	0.092	0.093	0.091	0.091	0.091	0.731	1.047	1.057	1.038	1.062	0.745	1.059	0.704	1.050	0.721	0.092	0.089	0.995	0.743	1.054	0.698	0.730	0.688	1.060	1.031	0.725	1.011	0.091	0.091	1.053	1.054	0.682	1.071	1.059	1.063	1.062	0.744	1.021	0.794	0.502	0.093	1.054	0.722	1.061	0.686	0.731	1.073	0.704	1.057	1.069	1.029	0.505	0.093	0.745	1.041	1.091	1.078	0.719	1.080	1.053	0.713	0.806	0.770	0.473	0.094	1.067	0.707	0.706	0.710	1.086	0.761	1.080	1.078	1.052	1.046	0.091	0.093	0.092	0.094	0.594	0.091	0.091	0.092	0.094	0.094	0.092	0.091	0.091
24:00:28	23.1	0.094	0.091	0.092	0.091	0.092	0.092	0.091	0.091	0.092	0.094	0.092	0.091	0.091	0.764	1.060	1.065	1.044	1.071	0.763	1.069	0.730	1.066	0.752	0.092	0.089	1.015	0.756	1.062	0.723	0.745	0.721	1.068	1.058	0.748	1.032	0.091	0.090	1.062	1.066	0.714	1.080	1.069	1.075	1.076	0.760	1.049	0.827	0.565	0.093	1.064	0.737	1.069	0.711	0.737	1.084	0.717	1.064	1.075	1.052	0.573	0.093	0.765	1.051	1.101	1.087	0.738	1.091	1.062	0.730	0.810	0.786	0.544	0.094	1.070	0.718	0.721	0.729	1.092	0.775	1.086	1.083	1.069	1.051	0.091	0.093	0.092	0.094	0.682	0.091	0.092	0.093	0.094	0.094	0.092	0.091	0.092
25:00:29	23.3	0.094	0.091	0.092	0.091	0.092	0.092	0.091	0.091	0.092	0.093	0.091	0.091	0.091	0.755	1.068	1.072	1.052	1.077	0.765	1.073	0.739	1.076	0.771	0.092	0.089	1.036	0.766	1.069	0.730	0.751	0.730	1.077	1.097	0.764	1.060	0.091	0.090	1.067	1.072	0.721	1.085	1.075	1.083	1.085	0.769	1.029	0.815	0.655	0.093	1.070	0.750	1.074	0.724	0.741	1.092	0.735	1.084	1.085	1.071	0.648	0.093	0.779	1.077	1.106	1.093	0.746	1.098	1.089	0.741	0.812	0.799	0.619	0.094	1.078	0.736	0.733	0.740	1.101	0.773	1.093	1.095	1.049	1.047	0.091	0.093	0.092	0.094	0.771	0.091	0.092	0.093	0.094	0.093	0.092	0.091	0.092
26:00:30	23.4	0.095	0.091	0.092	0.091	0.092	0.092	0.091	0.090	0.092	0.093	0.091	0.091	0.091	0.756	1.073	1.080	1.073	1.083	0.768	1.077	0.751	1.083	0.772	0.092	0.089	1.076	0.746	1.073	0.742	0.757	0.738	1.083	1.049	0.766	1.019	0.091	0.090	1.075	1.078	0.741	1.090	1.086	1.089	1.094	0.769	1.047	0.813	0.743	0.093	1.079	0.763	1.094	0.720	0.750	1.096	0.739	1.106	1.105	1.028	0.726	0.093	0.779	1.143	1.109	1.099	0.751	1.101	1.092	0.747	0.809	0.813	0.706	0.094	1.097	0.748	0.739	0.746	1.137	0.771	1.125	1.093	1.076	1.053	0.090	0.093	0.092	0.094	0.840	0.091	0.091	0.092	0.094	0.093	0.092	0.091	0.092
27:00:31	23.5	0.096	0.091	0.092	0.091	0.092	0.092	0.091	0.091	0.092	0.094	0.092	0.091	0.091	0.767	1.080	1.087	1.119	1.100	0.767	1.086	0.757	1.094	0.778	0.092	0.090	1.057	0.760	1.082	0.742	0.758	0.742	1.093	1.065	0.770	1.051	0.091	0.090	1.118	1.095	0.740	1.104	1.115	1.097	1.101	0.766	1.067	0.809	0.814	0.093	1.109	0.758	1.149	0.729	0.758	1.104	0.734	1.097	1.088	1.068	0.800	0.093	0.781	1.096	1.119	1.111	0.755	1.115	1.107	0.748	0.806	0.842	0.755	0.094	1.096	0.746	0.744	0.747	1.134	0.767	1.120	1.131	1.099	1.080	0.091	0.093	0.092	0.094	0.835	0.091	0.092	0.093	0.094	0.094	0.092	0.091	0.092
28:00:33	23.4	0.096	0.091	0.092	0.092	0.092	0.092	0.091	0.091	0.092	0.094	0.091	0.091	0.091	0.766	1.096	1.095	1.083	1.115	0.765	1.118	0.763	1.116	0.775	0.092	0.090	1.065	0.752	1.091	0.742	0.758	0.744	1.114	1.073	0.767	1.069	0.092	0.091	1.169	1.142	0.743	1.137	1.165	1.102	1.107	0.764	1.086	0.801	0.819	0.094	1.171	0.753	1.122	0.722	0.751	1.116	0.737	1.115	1.141	1.093	0.857	0.094	0.767	1.105	1.153	1.149	0.745	1.146	1.115	0.749	0.793	0.836	0.771	0.094	1.150	0.744	0.743	0.739	1.158	0.759	1.167	1.161	1.121	1.105	0.090	0.093	0.092	0.094	0.881	0.091	0.092	0.092	0.094	0.094	0.092	0.091	0.092
29:00:33	23.3	0.096	0.091	0.092	0.091	0.092	0.092	0.091	0.090	0.092	0.093	0.091	0.091	0.091	0.767	1.122	1.113	1.099	1.145	0.755	1.148	0.762	1.142	0.776	0.092	0.089	1.080	0.744	1.112	0.742	0.751	0.734	1.163	1.085	0.761	1.094	0.091	0.090	1.163	1.192	0.745	1.201	1.145	1.122	1.124	0.754	1.110	0.792	0.855	0.093	1.143	0.743	1.133	0.718	0.744	1.142	0.734	1.122	1.147	1.112	0.901	0.093	0.760	1.105	1.204	1.155	0.743	1.179	1.123	0.754	0.784	0.826	0.815	0.094	1.157	0.741	0.735	0.735	1.156	0.753	1.166	1.164	1.141	1.130	0.090	0.093	0.092	0.094	0.920	0.091	0.092	0.092	0.094	0.094	0.091	0.091	0.091
30:00:34	23.1	0.096	0.092	0.092	0.091	0.092	0.092	0.092	0.091	0.093	0.094	0.091	0.091	0.091	0.760	1.165	1.148	1.104	1.141	0.745	1.143	0.759	1.199	0.775	0.092	0.090	1.095	0.735	1.145	0.729	0.745	0.728	1.139	1.109	0.756	1.117	0.092	0.091	1.160	1.146	0.741	1.161	1.146	1.165	1.164	0.744	1.137	0.782	0.885	0.094	1.165	0.730	1.138	0.712	0.744	1.168	0.728	1.135	1.157	1.135	0.941	0.093	0.749	1.115	1.163	1.171	0.731	1.176	1.138	0.755	0.775	0.819	0.861	0.094	1.164	0.735	0.736	0.731	1.163	0.747	1.169	1.173	1.168	1.155	0.091	0.093	0.092	0.094	0.959	0.091	0.092	0.093	0.094	0.094	0.092	0.091	0.092
31:00:35	22.9	0.096	0.092	0.092	0.091	0.092	0.092	0.091	0.091	0.092	0.094	0.092	0.091	0.091	0.755	1.124	1.164	1.112	1.152	0.736	1.161	0.750	1.162	0.763	0.092	0.090	1.113	0.729	1.176	0.724	0.734	0.726	1.167	1.146	0.745	1.143	0.092	0.091	1.165	1.151	0.732	1.159	1.148	1.151	1.149	0.733	1.172	0.772	0.929	0.093	1.169	0.723	1.144	0.709	0.733	1.170	0.715	1.154	1.173	1.160	0.921	0.093	0.742	1.130	1.190	1.187	0.724	1.185	1.159	0.750	0.769	0.799	0.898	0.094	1.175	0.730	0.729	0.728	1.170	0.741	1.179	1.188	1.200	1.180	0.091	0.093	0.092	0.094	0.994	0.091	0.092	0.092	0.094	0.094	0.092	0.091	0.092
32:00:37	22.7	0.095	0.092	0.092	0.092	0.092	0.092	0.091	0.091	0.092	0.094	0.092	0.091	0.091	0.754	1.138	1.114	1.122	1.158	0.733	1.166	0.744	1.172	0.745	0.092	0.090	1.129	0.742	1.139	0.721	0.727	0.720	1.172	1.188	0.738	1.170	0.092	0.090	1.167	1.156	0.727	1.160	1.152	1.168	1.165	0.732	1.220	0.769	0.960	0.094	1.172	0.721	1.150	0.704	0.731	1.181	0.714	1.172	1.186	1.183	0.929	0.093	0.742	1.150	1.198	1.185	0.717	1.194	1.181	0.746	0.763	0.796	0.932	0.094	1.188	0.725	0.724	0.712	1.181	0.741	1.189	1.204	1.195	1.131	0.091	0.093	0.092	0.094	1.024	0.091	0.092	0.093	0.094	0.094	0.092	0.091	0.091
33:00:37	22.5	0.095	0.091	0.092	0.091	0.092	0.092	0.091	0.091	0.092	0.093	0.091	0.091	0.091	0.743	1.166	1.151	1.136	1.163	0.730	1.174	0.736	1.186	0.745	0.092	0.090	1.152	0.740	1.173	0.714	0.722	0.713	1.176	1.225	0.730	1.202	0.091	0.090	1.176	1.160	0.724	1.161	1.157	1.176	1.173	0.728	1.266	0.767	0.987	0.093	1.179	0.717	1.160	0.704	0.728	1.186	0.709	1.198	1.202	1.210	0.957	0.093	0.740	1.179	1.202	1.192	0.717	1.202	1.211	0.740	0.761	0.787	0.961	0.094	1.207	0.722	0.718	0.713	1.200	0.742	1.206	1.226	1.166	1.139	0.091	0.093	0.092	0.094	1.057	0.091	0.092	0.092	0.094	0.093	0.092	0.091	0.092
34:00:38	22.3	0.095	0.092	0.092	0.092	0.092	0.092	0.091	0.091	0.092	0.094	0.091	0.091	0.091	0.744	1.175	1.176	1.157	1.170	0.730	1.185	0.731	1.200	0.746	0.092	0.090	1.185	0.739	1.181	0.710	0.718	0.710	1.184	1.270	0.726	1.249	0.092	0.091	1.190	1.171	0.737	1.167	1.168	1.186	1.182	0.726	1.194	0.764	1.011	0.093	1.193	0.718	1.176	0.704	0.722	1.193	0.705	1.237	1.224	1.248	0.992	0.093	0.738	1.227	1.211	1.200	0.715	1.213	1.260	0.738	0.764	0.784	0.982	0.094	1.232	0.721	0.715	0.711	1.230	0.745	1.229	1.255	1.210	1.167	0.091	0.093	0.092	0.094	1.041	0.091	0.092	0.093	0.094	0.094	0.092	0.091	0.092
35:00:39	22.0	0.095	0.092	0.092	0.091	0.092	0.092	0.091	0.091	0.092	0.093	0.092	0.091	0.091	0.742	1.186	1.193	1.191	1.185	0.741	1.198	0.728	1.214	0.743	0.092	0.090	1.228	0.741	1.193	0.709	0.718	0.708	1.195	1.258	0.726	1.190	0.092	0.091	1.212	1.188	0.760	1.180	1.191	1.200	1.196	0.729	1.209	0.768	1.034	0.093	1.213	0.723	1.202	0.704	0.726	1.209	0.707	1.292	1.253	1.170	1.029	0.094	0.740	1.298	1.233	1.222	0.717	1.232	1.322	0.736	0.769	0.785	0.975	0.094	1.283	0.725	0.716	0.715	1.272	0.750	1.268	1.302	1.232	1.202	0.091	0.093	0.092	0.094	1.077	0.091	0.092	0.093	0.094	0.094	0.092	0.091	0.092
36:00:39	21.8	0.095	0.092	0.092	0.091	0.092	0.092	0.091	0.091	0.092	0.094	0.091	0.091	0.091	0.740	1.202	1.207	1.229	1.196	0.744	1.217	0.728	1.233	0.744	0.092	0.090	1.282	0.746	1.202	0.709	0.719	0.709	1.210	1.208	0.728	1.220	0.092	0.091	1.226	1.204	0.764	1.192	1.203	1.214	1.208	0.733	1.225	0.771	1.045	0.093	1.231	0.730	1.231	0.708	0.727	1.222	0.709	1.301	1.286	1.222	1.056	0.093	0.740	1.290	1.243	1.233	0.724	1.245	1.256	0.736	0.777	0.788	1.000	0.094	1.272	0.728	0.719	0.718	1.331	0.759	1.313	1.256	1.253	1.228	0.091	0.093	0.092	0.094	1.097	0.091	0.092	0.093	0.094	0.094	0.092	0.091	0.092
37:00:41	21.6	0.095	0.092	0.092	0.092	0.092	0.092	0.092	0.091	0.092	0.094	0.092	0.091	0.091	0.747	1.218	1.218	1.271	1.211	0.750	1.234	0.728	1.248	0.747	0.093	0.090	1.328	0.752	1.214	0.715	0.726	0.715	1.222	1.226	0.736	1.239	0.092	0.091	1.249	1.219	0.766	1.206	1.223	1.227	1.220	0.740	1.237	0.779	1.034	0.094	1.256	0.735	1.272	0.713	0.734	1.232	0.714	1.273	1.351	1.254	1.077	0.093	0.748	1.261	1.257	1.248	0.731	1.258	1.287	0.740	0.786	0.795	1.020	0.094	1.264	0.735	0.723	0.726	1.289	0.770	1.376	1.289	1.269	1.248	0.091	0.093	0.092	0.094	1.112	0.091	0.092	0.093	0.094	0.094	0.092	0.091	0.092
38:00:41	21.3	0.095	0.092	0.092	0.091	0.092	0.092	0.091	0.091	0.092	0.093	0.091	0.091	0.091	0.753	1.233	1.231	1.324	1.227	0.758	1.254	0.735	1.264	0.752	0.092	0.090	1.232	0.759	1.226	0.722	0.732	0.722	1.237	1.234	0.746	1.254	0.092	0.091	1.285	1.252	0.770	1.224	1.257	1.240	1.234	0.749	1.251	0.788	1.060	0.093	1.286	0.746	1.336	0.721	0.739	1.248	0.720	1.289	1.315	1.273	1.099	0.093	0.758	1.264	1.275	1.263	0.739	1.276	1.294	0.744	0.799	0.800	1.040	0.094	1.272	0.767	0.732	0.736	1.310	0.781	1.301	1.314	1.285	1.270	0.091	0.093	0.092	0.094	1.133	0.091	0.092	0.092	0.094	0.094	0.092	0.091	0.092
39:00:43	21.1	0.095	0.091	0.092	0.091	0.092	0.092	0.092	0.091	0.092	0.093	0.092	0.091	0.091	0.759	1.249	1.242	1.359	1.246	0.773	1.281	0.742	1.280	0.760	0.092	0.090	1.259	0.768	1.239	0.731	0.741	0.729	1.254	1.243	0.753	1.266	0.092	0.091	1.339	1.277	0.775	1.248	1.302	1.257	1.248	0.758	1.265	0.798	1.091	0.093	1.335	0.756	1.317	0.731	0.750	1.264	0.730	1.295	1.325	1.286	1.118	0.093	0.768	1.269	1.292	1.287	0.751	1.301	1.299	0.756	0.812	0.811	1.058	0.094	1.300	0.790	0.743	0.747	1.308	0.795	1.334	1.320	1.304	1.290	0.091	0.093	0.092	0.094	1.155	0.091	0.092	0.093	0.094	0.094	0.092	0.091	0.092
40:00:44	20.9	0.095	0.091	0.092	0.091	0.092	0.092	0.091	0.091	0.092	0.093	0.091	0.091	0.091	0.765	1.266	1.258	1.275	1.271	0.783	1.314	0.749	1.299	0.768	0.092	0.090	1.275	0.777	1.254	0.740	0.751	0.739	1.274	1.256	0.763	1.280	0.092	0.090	1.385	1.321	0.781	1.283	1.365	1.275	1.265	0.769	1.280	0.809	1.119	0.093	1.390	0.767	1.308	0.739	0.799	1.283	0.741	1.302	1.328	1.303	1.130	0.093	0.779	1.277	1.324	1.316	0.762	1.333	1.307	0.759	0.826	0.822	1.084	0.094	1.310	0.799	0.755	0.759	1.307	0.808	1.334	1.326	1.324	1.311	0.091	0.093	0.092	0.094	1.183	0.091	0.092	0.092	0.094	0.094	0.092	0.091	0.092
41:00:44	20.9	0.095	0.092	0.092	0.092	0.092	0.092	0.092	0.091	0.092	0.094	0.092	0.091	0.091	0.771	1.287	1.273	1.281	1.307	0.794	1.368	0.759	1.321	0.776	0.092	0.090	1.281	0.787	1.268	0.750	0.760	0.750	1.307	1.274	0.775	1.292	0.092	0.091	1.317	1.300	0.790	1.328	1.304	1.292	1.283	0.781	1.299	0.820	1.137	0.093	1.321	0.778	1.319	0.748	0.809	1.308	0.751	1.312	1.332	1.316	1.119	0.094	0.791	1.285	1.366	1.302	0.774	1.264	1.315	0.767	0.839	0.832	1.103	0.094	1.317	0.814	0.766	0.772	1.314	0.821	1.337	1.335	1.349	1.344	0.091	0.093	0.092	0.094	1.214	0.091	0.092	0.093	0.094	0.094	0.092	0.091	0.093
42:00:46	21.0	0.095	0.092	0.092	0.091	0.092	0.092	0.091	0.091	0.092	0.094	0.091	0.091	0.091	0.780	1.316	1.286	1.286	1.352	0.804	1.333	0.766	1.350	0.787	0.092	0.090	1.286	0.795	1.280	0.760	0.772	0.761	1.364	1.297	0.787	1.311	0.092	0.091	1.332	1.318	0.799	1.378	1.329	1.316	1.306	0.791	1.327	0.830	1.154	0.093	1.341	0.787	1.323	0.766	0.819	1.347	0.761	1.324	1.343	1.333	1.134	0.093	0.802	1.294	1.354	1.312	0.785	1.322	1.327	0.776	0.851	0.843	1.111	0.094	1.329	0.823	0.777	0.784	1.321	0.834	1.352	1.349	1.378	1.336	0.091	0.093	0.092	0.094	1.190	0.091	0.092	0.093	0.094	0.094	0.092	0.091	0.092
43:00:46	21.3	0.095	0.091	0.092	0.091	0.092	0.092	0.092	0.091	0.093	0.094	0.092	0.091	0.091	0.800	1.334	1.303	1.288	1.291	0.814	1.328	0.775	1.276	0.792	0.092	0.090	1.296	0.802	1.304	0.768	0.781	0.771	1.336	1.325	0.797	1.327	0.092	0.091	1.343	1.337	0.803	1.344	1.339	1.303	1.335	0.800	1.355	0.842	1.165	0.093	1.349	0.797	1.331	0.775	0.828	1.295	0.771	1.333	1.353	1.348	1.163	0.093	0.813	1.309	1.350	1.331	0.796	1.350	1.339	0.783	0.863	0.854	1.121	0.094	1.341	0.832	0.790	0.794	1.333	0.845	1.357	1.362	1.390	1.318	0.091	0.093	0.092	0.094	1.242	0.091	0.092	0.092	0.094	0.094	0.092	0.091	0.092
44:00:47	21.8	0.096	0.092	0.093	0.092	0.092	0.092	0.091	0.091	0.092	0.094	0.092	0.091	0.091	0.803	1.301	1.319	1.292	1.308	0.824	1.341	0.783	1.326	0.800	0.092	0.090	1.302	0.808	1.341	0.775	0.790	0.780	1.354	1.351	0.807	1.344	0.092	0.091	1.349	1.342	0.808	1.345	1.343	1.323	1.351	0.810	1.391	0.850	1.164	0.094	1.355	0.806	1.335	0.783	0.836	1.320	0.778	1.340	1.357	1.361	1.181	0.093	0.822	1.318	1.371	1.360	0.806	1.362	1.349	0.792	0.874	0.864	1.138	0.094	1.349	0.842	0.801	0.804	1.339	0.853	1.361	1.373	1.330	1.311	0.091	0.093	0.092	0.094	1.235	0.091	0.092	0.093	0.094	0.094	0.092	0.091	0.091
45:00:49	22.5	0.096	0.091	0.092	0.092	0.092	0.092	0.092	0.091	0.093	0.094	0.092	0.091	0.091	0.806	1.303	1.380	1.295	1.323	0.847	1.352	0.790	1.345	0.805	0.093	0.090	1.317	0.811	1.355	0.781	0.797	0.787	1.365	1.381	0.815	1.362	0.092	0.091	1.349	1.346	0.809	1.351	1.345	1.343	1.333	0.817	1.403	0.855	1.160	0.094	1.356	0.815	1.341	0.791	0.842	1.363	0.786	1.350	1.362	1.370	1.197	0.093	0.832	1.336	1.372	1.365	0.814	1.369	1.362	0.799	0.881	0.871	1.152	0.094	1.363	0.847	0.806	0.813	1.349	0.859	1.366	1.382	1.359	1.328	0.091	0.093	0.092	0.094	1.232	0.091	0.092	0.093	0.094	0.094	0.092	0.091	0.092
46:00:54	23.2	0.096	0.091	0.092	0.092	0.092	0.092	0.092	0.091	0.093	0.094	0.092	0.091	0.091	0.808	1.332	1.300	1.299	1.340	0.851	1.356	0.796	1.354	0.808	0.093	0.090	1.329	0.813	1.328	0.785	0.802	0.793	1.368	1.408	0.820	1.397	0.092	0.091	1.354	1.349	0.808	1.348	1.351	1.360	1.354	0.823	1.372	0.858	1.167	0.094	1.359	0.821	1.350	0.798	0.845	1.371	0.790	1.365	1.367	1.333	1.211	0.094	0.838	1.364	1.376	1.368	0.819	1.376	1.378	0.800	0.885	0.877	1.157	0.094	1.376	0.851	0.817	0.819	1.361	0.863	1.373	1.392	1.371	1.340	0.091	0.093	0.092	0.094	1.231	0.091	0.092	0.093	0.094	0.094	0.092	0.091	0.092
47:00:50	23.9	0.095	0.091	0.092	0.091	0.092	0.092	0.091	0.091	0.092	0.094	0.091	0.091	0.091	0.805	1.353	1.322	1.314	1.347	0.851	1.360	0.795	1.362	0.808	0.092	0.090	1.374	0.813	1.346	0.783	0.802	0.792	1.379	1.373	0.823	1.344	0.091	0.090	1.365	1.361	0.801	1.353	1.362	1.374	1.379	0.840	1.375	0.857	1.187	0.093	1.367	0.825	1.365	0.817	0.843	1.386	0.787	1.369	1.377	1.351	1.223	0.093	0.844	1.377	1.387	1.379	0.819	1.390	1.373	0.799	0.884	0.876	1.160	0.094	1.400	0.854	0.818	0.821	1.390	0.863	1.388	1.373	1.380	1.356	0.091	0.093	0.092	0.094	1.242	0.091	0.091	0.093	0.094	0.094	0.092	0.091	0.091
48:00:50	24.5	0.095	0.091	0.092	0.092	0.092	0.092	0.091	0.091	0.092	0.094	0.092	0.091	0.091	0.805	1.363	1.344	1.336	1.355	0.847	1.368	0.793	1.372	0.809	0.092	0.090	1.402	0.811	1.373	0.778	0.799	0.787	1.382	1.374	0.817	1.356	0.092	0.091	1.365	1.360	0.794	1.358	1.369	1.382	1.384	0.834	1.381	0.851	1.205	0.094	1.371	0.825	1.372	0.816	0.839	1.390	0.782	1.392	1.378	1.386	1.236	0.093	0.843	1.383	1.390	1.381	0.820	1.397	1.400	0.791	0.878	0.870	1.174	0.094	1.418	0.848	0.828	0.819	1.385	0.859	1.408	1.375	1.385	1.369	0.091	0.093	0.092	0.094	1.231	0.091	0.092	0.093	0.094	0.094	0.092	0.091	0.091
49:00:51	24.9	0.095	0.091	0.092	0.091	0.092	0.092	0.092	0.091	0.092	0.094	0.092	0.091	0.091	0.799	1.369	1.362	1.390	1.361	0.839	1.377	0.786	1.380	0.802	0.092	0.090	1.403	0.811	1.380	0.766	0.792	0.777	1.383	1.384	0.807	1.370	0.092	0.090	1.374	1.365	0.782	1.368	1.379	1.384	1.390	0.827	1.385	0.843	1.222	0.093	1.379	0.818	1.390	0.803	0.828	1.392	0.771	1.398	1.388	1.392	1.241	0.093	0.841	1.391	1.396	1.381	0.807	1.395	1.408	0.781	0.868	0.860	1.188	0.094	1.392	0.840	0.809	0.810	1.403	0.850	1.427	1.413	1.387	1.374	0.091	0.093	0.092	0.094	1.240	0.091	0.092	0.093	0.094	0.094	0.092	0.091	0.091
50:00:53	25.1	0.095	0.091	0.092	0.092	0.092	0.092	0.091	0.091	0.092	0.093	0.091	0.091	0.090	0.787	1.369	1.377	1.393	1.370	0.827	1.390	0.776	1.393	0.795	0.092	0.090	1.396	0.809	1.388	0.752	0.777	0.761	1.386	1.398	0.794	1.374	0.091	0.090	1.391	1.382	0.764	1.370	1.382	1.382	1.392	0.810	1.393	0.829	1.239	0.093	1.383	0.813	1.406	0.787	0.812	1.388	0.754	1.406	1.406	1.393	1.246	0.093	0.834	1.389	1.399	1.374	0.794	1.394	1.419	0.766	0.854	0.846	1.208	0.094	1.400	0.827	0.801	0.806	1.420	0.844	1.419	1.424	1.391	1.377	0.091	0.093	0.092	0.094	1.271	0.091	0.091	0.093	0.094	0.094	0.092	0.091	0.092
51:00:54	25.1	0.095	0.090	0.092	0.091	0.092	0.092	0.091	0.091	0.092	0.093	0.091	0.091	0.091	0.776	1.374	1.385	1.408	1.378	0.818	1.395	0.761	1.406	0.782	0.092	0.090	1.394	0.801	1.391	0.737	0.761	0.748	1.388	1.400	0.781	1.377	0.091	0.091	1.393	1.382	0.748	1.371	1.384	1.381	1.389	0.798	1.395	0.817	1.246	0.093	1.394	0.808	1.404	0.768	0.797	1.387	0.744	1.406	1.402	1.392	1.264	0.093	0.823	1.388	1.402	1.393	0.781	1.394	1.413	0.751	0.841	0.828	1.234	0.094	1.403	0.811	0.789	0.797	1.419	0.839	1.427	1.422	1.403	1.389	0.091	0.093	0.092	0.094	1.295	0.091	0.092	0.092	0.094	0.094	0.092	0.091	0.091
52:00:56	25.2	0.095	0.091	0.092	0.092	0.092	0.092	0.092	0.091	0.092	0.094	0.091	0.091	0.091	0.781	1.374	1.382	1.384	1.368	0.805	1.382	0.749	1.413	0.777	0.092	0.090	1.398	0.786	1.389	0.720	0.745	0.729	1.380	1.398	0.769	1.380	0.092	0.091	1.398	1.383	0.731	1.365	1.380	1.372	1.381	0.788	1.393	0.804	1.259	0.094	1.401	0.803	1.401	0.746	0.796	1.379	0.743	1.403	1.399	1.392	1.281	0.093	0.814	1.387	1.399	1.390	0.766	1.388	1.408	0.737	0.832	0.815	1.253	0.094	1.406	0.798	0.786	0.790	1.408	0.828	1.426	1.423	1.406	1.403	0.091	0.093	0.092	0.094	1.263	0.091	0.092	0.093	0.094	0.094	0.092	0.091	0.092
53:00:57	25.1	0.096	0.091	0.092	0.091	0.092	0.092	0.091	0.091	0.092	0.094	0.092	0.091	0.091	0.773	1.380	1.378	1.383	1.363	0.792	1.380	0.734	1.423	0.781	0.093	0.090	1.399	0.772	1.378	0.706	0.731	0.716	1.374	1.391	0.760	1.385	0.092	0.091	1.392	1.375	0.717	1.358	1.376	1.366	1.373	0.771	1.389	0.793	1.270	0.094	1.398	0.789	1.395	0.739	0.781	1.375	0.731	1.396	1.396	1.392	1.310	0.093	0.803	1.383	1.391	1.389	0.758	1.384	1.401	0.722	0.819	0.802	1.271	0.094	1.412	0.787	0.771	0.775	1.415	0.816	1.426	1.422	1.411	1.417	0.091	0.093	0.092	0.094	1.309	0.091	0.092	0.093	0.094	0.094	0.092	0.091	0.092
54:00:58	24.8	0.095	0.091	0.092	0.091	0.092	0.092	0.091	0.091	0.092	0.094	0.091	0.091	0.091	0.776	1.380	1.370	1.379	1.360	0.781	1.377	0.730	1.427	0.780	0.092	0.089	1.397	0.762	1.370	0.695	0.718	0.713	1.373	1.387	0.751	1.387	0.091	0.090	1.391	1.371	0.705	1.356	1.373	1.362	1.368	0.764	1.385	0.786	1.286	0.093	1.399	0.779	1.388	0.731	0.771	1.373	0.723	1.389	1.392	1.388	1.333	0.093	0.796	1.381	1.385	1.385	0.753	1.381	1.397	0.714	0.808	0.797	1.293	0.094	1.418	0.784	0.762	0.771	1.411	0.807	1.424	1.421	1.415	1.419	0.091	0.093	0.092	0.094	1.334	0.091	0.091	0.093	0.094	0.093	0.092	0.091	0.091
55:00:59	24.3	0.096	0.091	0.092	0.091	0.092	0.092	0.091	0.091	0.092	0.094	0.092	0.091	0.091	0.823	1.379	1.367	1.376	1.361	0.778	1.379	0.725	1.437	0.776	0.092	0.090	1.397	0.757	1.369	0.694	0.710	0.703	1.375	1.388	0.748	1.382	0.092	0.091	1.391	1.369	0.699	1.357	1.372	1.363	1.369	0.771	1.382	0.785	1.304	0.094	1.397	0.773	1.384	0.725	0.764	1.373	0.720	1.390	1.391	1.386	1.365	0.093	0.829	1.378	1.385	1.381	0.763	1.381	1.394	0.711	0.804	0.795	1.322	0.094	1.422	0.787	0.764	0.770	1.406	0.804	1.422	1.418	1.420	1.429	0.091	0.093	0.092	0.094	1.362	0.091	0.092	0.093	0.094	0.094	0.092	0.091	0.092
56:01:00	24.1	0.095	0.091	0.092	0.091	0.092	0.092	0.091	0.091	0.092	0.093	0.092	0.091	0.091	0.826	1.380	1.367	1.374	1.364	0.777	1.384	0.724	1.444	0.778	0.092	0.090	1.395	0.755	1.369	0.695	0.709	0.704	1.379	1.391	0.750	1.385	0.091	0.090	1.390	1.371	0.702	1.361	1.375	1.365	1.371	0.767	1.381	0.785	1.322	0.093	1.397	0.778	1.384	0.722	0.763	1.374	0.717	1.390	1.391	1.384	1.386	0.093	0.822	1.378	1.384	1.380	0.764	1.385	1.395	0.710	0.803	0.795	1.350	0.094	1.426	0.785	0.771	0.773	1.406	0.804	1.419	1.418	1.422	1.438	0.091	0.093	0.092	0.094	1.387	0.091	0.092	0.092	0.094	0.094	0.092	0.091	0.092
57:01:01	23.8	0.096	0.091	0.092	0.091	0.092	0.092	0.091	0.091	0.092	0.093	0.091	0.091	0.091	0.832	1.384	1.370	1.375	1.367	0.779	1.386	0.723	1.456	0.783	0.092	0.090	1.397	0.754	1.372	0.694	0.704	0.706	1.381	1.394	0.750	1.387	0.091	0.091	1.394	1.373	0.706	1.363	1.377	1.368	1.374	0.767	1.382	0.788	1.341	0.093	1.398	0.781	1.386	0.728	0.766	1.378	0.720	1.393	1.392	1.381	1.406	0.094	0.826	1.379	1.386	1.382	0.764	1.388	1.397	0.712	0.805	0.798	1.371	0.094	1.428	0.789	0.775	0.777	1.405	0.807	1.420	1.419	1.423	1.443	0.091	0.093	0.092	0.094	1.417	0.091	0.091	0.092	0.094	0.094	0.092	0.091	0.091
58:01:02	23.6	0.096	0.091	0.092	0.092	0.092	0.092	0.091	0.091	0.093	0.094	0.091	0.091	0.091	0.833	1.391	1.375	1.379	1.374	0.781	1.391	0.727	1.470	0.789	0.093	0.090	1.401	0.757	1.375	0.697	0.709	0.712	1.385	1.399	0.756	1.391	0.092	0.091	1.399	1.377	0.708	1.367	1.381	1.373	1.377	0.766	1.386	0.792	1.355	0.094	1.402	0.781	1.388	0.727	0.771	1.382	0.722	1.397	1.396	1.384	1.426	0.093	0.829	1.382	1.390	1.385	0.766	1.394	1.403	0.719	0.804	0.802	1.388	0.094	1.432	0.795	0.778	0.786	1.408	0.812	1.423	1.422	1.427	1.453	0.091	0.093	0.092	0.094	1.446	0.091	0.092	0.093	0.094	0.094	0.092	0.091	0.092
59:01:02	23.3	0.095	0.091	0.092	0.092	0.092	0.092	0.092	0.091	0.092	0.094	0.091	0.091	0.091	0.840	1.396	1.378	1.383	1.379	0.785	1.399	0.738	1.484	0.797	0.092	0.090	1.408	0.761	1.376	0.704	0.710	0.715	1.388	1.405	0.756	1.402	0.092	0.091	1.405	1.383	0.712	1.372	1.384	1.375	1.380	0.768	1.392	0.796	1.373	0.093	1.410	0.786	1.393	0.730	0.776	1.385	0.724	1.402	1.400	1.388	1.441	0.094	0.834	1.389	1.393	1.388	0.769	1.398	1.407	0.725	0.807	0.806	1.405	0.094	1.436	0.802	0.785	0.792	1.414	0.815	1.428	1.427	1.432	1.456	0.091	0.093	0.092	0.094	1.472	0.091	0.092	0.093	0.094	0.094	0.092	0.091	0.092
60:01:04	23.0	0.095	0.091	0.092	0.091	0.092	0.092	0.092	0.091	0.092	0.094	0.092	0.091	0.091	0.844	1.405	1.386	1.392	1.389	0.789	1.409	0.741	1.464	0.806	0.092	0.090	1.416	0.764	1.379	0.705	0.712	0.720	1.393	1.413	0.764	1.412	0.091	0.091	1.412	1.388	0.716	1.376	1.389	1.379	1.383	0.772	1.400	0.800	1.389	0.093	1.417	0.789	1.398	0.731	0.780	1.390	0.729	1.408	1.407	1.396	1.453	0.093	0.838	1.398	1.397	1.393	0.773	1.403	1.415	0.733	0.809	0.813	1.423	0.094	1.443	0.808	0.792	0.802	1.422	0.820	1.435	1.434	1.437	1.464	0.091	0.093	0.092	0.094	1.491	0.091	0.092	0.092	0.094	0.094	0.092	0.091	0.092
61:01:04	22.7	0.095	0.091	0.092	0.092	0.092	0.092	0.091	0.091	0.092	0.094	0.092	0.091	0.091	0.874	1.413	1.392	1.399	1.397	0.795	1.418	0.747	1.452	0.815	0.092	0.090	1.428	0.778	1.382	0.710	0.716	0.725	1.398	1.420	0.768	1.425	0.092	0.091	1.420	1.395	0.720	1.379	1.395	1.383	1.386	0.773	1.408	0.804	1.403	0.094	1.426	0.794	1.403	0.738	0.785	1.394	0.735	1.415	1.414	1.406	1.464	0.094	0.842	1.405	1.403	1.397	0.774	1.408	1.422	0.739	0.813	0.818	1.440	0.094	1.454	0.815	0.798	0.809	1.429	0.824	1.443	1.446	1.445	1.469	0.091	0.093	0.092	0.094	1.510	0.091	0.092	0.093	0.094	0.094	0.092	0.091	0.092
62:01:06	22.4	0.095	0.092	0.093	0.091	0.092	0.092	0.092	0.091	0.092	0.094	0.092	0.091	0.091	0.881	1.423	1.401	1.409	1.413	0.800	1.428	0.754	1.403	0.824	0.093	0.090	1.443	0.782	1.388	0.716	0.723	0.734	1.405	1.432	0.773	1.444	0.091	0.091	1.430	1.403	0.728	1.387	1.401	1.389	1.391	0.776	1.419	0.809	1.419	0.093	1.436	0.799	1.412	0.743	0.791	1.400	0.740	1.425	1.424	1.421	1.476	0.093	0.848	1.420	1.412	1.408	0.782	1.417	1.436	0.745	0.818	0.824	1.456	0.094	1.469	0.821	0.805	0.817	1.445	0.832	1.456	1.461	1.459	1.477	0.091	0.093	0.092	0.094	1.527	0.091	0.092	0.093	0.094	0.094	0.092	0.091	0.092
63:01:07	22.2	0.095	0.091	0.092	0.091	0.092	0.092	0.091	0.091	0.092	0.094	0.091	0.091	0.091	0.887	1.436	1.412	1.424	1.419	0.805	1.434	0.764	1.406	0.832	0.092	0.090	1.460	0.784	1.392	0.718	0.727	0.741	1.414	1.442	0.779	1.459	0.091	0.090	1.442	1.411	0.732	1.394	1.411	1.394	1.397	0.781	1.430	0.812	1.432	0.093	1.447	0.806	1.422	0.750	0.794	1.407	0.743	1.436	1.435	1.436	1.488	0.093	0.853	1.433	1.421	1.417	0.784	1.424	1.447	0.749	0.821	0.832	1.473	0.094	1.488	0.841	0.811	0.826	1.462	0.837	1.473	1.484	1.476	1.482	0.091	0.093	0.092	0.094	1.538	0.091	0.091	0.092	0.094	0.094	0.092	0.091	0.092
64:01:08	22.0	0.095	0.091	0.092	0.091	0.092	0.092	0.091	0.091	0.092	0.093	0.091	0.091	0.091	0.895	1.449	1.425	1.439	1.430	0.811	1.440	0.775	1.411	0.840	0.092	0.090	1.481	0.792	1.400	0.725	0.734	0.747	1.424	1.451	0.783	1.461	0.091	0.090	1.453	1.420	0.738	1.404	1.418	1.401	1.402	0.785	1.438	0.816	1.445	0.093	1.458	0.811	1.431	0.755	0.800	1.415	0.750	1.448	1.445	1.442	1.497	0.093	0.859	1.447	1.428	1.424	0.791	1.431	1.459	0.754	0.827	0.838	1.482	0.094	1.516	0.850	0.817	0.833	1.480	0.843	1.490	1.502	1.491	1.484	0.090	0.093	0.092	0.094	1.547	0.091	0.092	0.092	0.094	0.094	0.092	0.091	0.092
65:01:09	21.9	0.095	0.091	0.092	0.091	0.092	0.092	0.091	0.091	0.092	0.094	0.091	0.091	0.091	0.902	1.453	1.440	1.456	1.442	0.817	1.448	0.776	1.421	0.846	0.092	0.090	1.503	0.797	1.407	0.730	0.737	0.752	1.433	1.462	0.788	1.456	0.092	0.091	1.466	1.431	0.743	1.411	1.428	1.409	1.411	0.788	1.447	0.821	1.454	0.093	1.472	0.816	1.441	0.757	0.803	1.425	0.752	1.456	1.456	1.444	1.501	0.093	0.865	1.461	1.437	1.434	0.794	1.441	1.470	0.759	0.831	0.843	1.493	0.094	1.537	0.855	0.820	0.839	1.502	0.848	1.510	1.525	1.508	1.486	0.091	0.093	0.092	0.094	1.557	0.091	0.091	0.092	0.094	0.094	0.092	0.091	0.092
66:01:10	22.0	0.095	0.091	0.092	0.091	0.092	0.092	0.091	0.091	0.092	0.094	0.091	0.091	0.091	0.906	1.466	1.460	1.481	1.454	0.821	1.459	0.782	1.424	0.852	0.092	0.090	1.534	0.801	1.419	0.734	0.742	0.758	1.444	1.468	0.791	1.446	0.091	0.091	1.483	1.446	0.750	1.424	1.446	1.422	1.423	0.791	1.454	0.826	1.460	0.093	1.490	0.821	1.458	0.761	0.809	1.432	0.755	1.466	1.470	1.448	1.506	0.093	0.871	1.471	1.447	1.442	0.796	1.452	1.479	0.763	0.834	0.849	1.503	0.094	1.543	0.862	0.825	0.844	1.525	0.853	1.534	1.538	1.508	1.501	0.091	0.093	0.092	0.094	1.570	0.091	0.092	0.092	0.094	0.094	0.092	0.091	0.092
67:01:12	22.3	0.095	0.091	0.092	0.092	0.092	0.092	0.092	0.091	0.092	0.094	0.092	0.091	0.091	0.909	1.486	1.482	1.508	1.465	0.823	1.476	0.785	1.426	0.856	0.092	0.090	1.547	0.807	1.438	0.738	0.745	0.760	1.453	1.464	0.792	1.438	0.091	0.090	1.510	1.461	0.754	1.435	1.460	1.432	1.438	0.792	1.452	0.829	1.467	0.093	1.517	0.823	1.477	0.763	0.810	1.441	0.758	1.472	1.482	1.448	1.512	0.093	0.873	1.460	1.459	1.455	0.796	1.462	1.479	0.766	0.835	0.850	1.509	0.094	1.517	0.865	0.830	0.847	1.532	0.856	1.554	1.540	1.476	1.517	0.091	0.093	0.092	0.094	1.575	0.091	0.091	0.093	0.094	0.094	0.092	0.091	0.092
68:01:12	22.8	0.096	0.091	0.093	0.092	0.092	0.092	0.092	0.091	0.092	0.094	0.092	0.091	0.091	0.910	1.478	1.486	1.542	1.482	0.827	1.494	0.787	1.437	0.858	0.092	0.090	1.531	0.809	1.466	0.739	0.746	0.762	1.470	1.458	0.793	1.442	0.092	0.091	1.542	1.491	0.754	1.452	1.481	1.446	1.456	0.791	1.450	0.832	1.473	0.094	1.552	0.827	1.507	0.762	0.810	1.459	0.759	1.469	1.486	1.447	1.520	0.093	0.875	1.456	1.484	1.480	0.799	1.486	1.468	0.769	0.837	0.851	1.517	0.094	1.488	0.869	0.834	0.849	1.509	0.859	1.556	1.518	1.470	1.471	0.091	0.093	0.092	0.094	1.581	0.091	0.092	0.093	0.094	0.094	0.092	0.091	0.092
69:01:12	23.4	0.095	0.091	0.093	0.092	0.092	0.092	0.092	0.091	0.092	0.094	0.092	0.091	0.091	0.909	1.493	1.488	1.567	1.506	0.828	1.512	0.790	1.450	0.859	0.093	0.090	1.482	0.809	1.484	0.735	0.747	0.761	1.486	1.444	0.792	1.441	0.092	0.091	1.575	1.520	0.755	1.469	1.506	1.461	1.472	0.792	1.447	0.831	1.476	0.094	1.518	0.827	1.525	0.762	0.810	1.471	0.759	1.453	1.467	1.448	1.514	0.093	0.874	1.454	1.508	1.492	0.801	1.506	1.446	0.768	0.836	0.851	1.530	0.094	1.506	0.871	0.834	0.849	1.468	0.859	1.484	1.486	1.474	1.466	0.091	0.093	0.092	0.094	1.541	0.091	0.092	0.093	0.094	0.094	0.092	0.091	0.091
70:01:18	24.1	0.095	0.090	0.092	0.091	0.092	0.092	0.091	0.091	0.092	0.093	0.091	0.091	0.091	0.907	1.478	1.448	1.548	1.518	0.828	1.523	0.786	1.459	0.858	0.092	0.089	1.460	0.820	1.492	0.736	0.744	0.760	1.508	1.443	0.789	1.443	0.091	0.090	1.555	1.510	0.750	1.490	1.528	1.469	1.480	0.789	1.444	0.828	1.480	0.093	1.501	0.824	1.533	0.758	0.807	1.452	0.756	1.441	1.468	1.449	1.515	0.093	0.872	1.456	1.506	1.495	0.797	1.478	1.447	0.766	0.832	0.848	1.537	0.094	1.503	0.871	0.833	0.847	1.474	0.858	1.486	1.487	1.481	1.492	0.091	0.093	0.092	0.094	1.552	0.091	0.091	0.092	0.094	0.093	0.092	0.091	0.091
71:01:14	24.7	0.095	0.090	0.092	0.092	0.092	0.092	0.091	0.091	0.092	0.094	0.091	0.091	0.091	0.903	1.467	1.446	1.505	1.545	0.827	1.545	0.783	1.474	0.854	0.092	0.090	1.478	0.822	1.511	0.731	0.741	0.755	1.542	1.441	0.783	1.447	0.091	0.090	1.511	1.475	0.746	1.464	1.458	1.452	1.451	0.783	1.441	0.839	1.485	0.093	1.501	0.823	1.486	0.758	0.804	1.431	0.751	1.440	1.451	1.452	1.528	0.093	0.870	1.457	1.474	1.468	0.796	1.457	1.447	0.763	0.828	0.840	1.541	0.094	1.509	0.869	0.830	0.845	1.472	0.854	1.484	1.487	1.495	1.502	0.091	0.093	0.092	0.094	1.551	0.091	0.091	0.093	0.094	0.094	0.092	0.091	0.092
72:01:15	25.3	0.095	0.091	0.092	0.091	0.092	0.092	0.091	0.091	0.092	0.093	0.091	0.090	0.091	0.897	1.474	1.456	1.508	1.557	0.827	1.556	0.778	1.485	0.851	0.092	0.089	1.481	0.822	1.528	0.725	0.735	0.753	1.550	1.445	0.779	1.449	0.091	0.090	1.492	1.466	0.742	1.466	1.444	1.463	1.448	0.781	1.446	0.844	1.481	0.093	1.492	0.818	1.485	0.752	0.798	1.434	0.746	1.441	1.448	1.457	1.537	0.093	0.867	1.455	1.476	1.476	0.790	1.453	1.449	0.758	0.821	0.835	1.543	0.094	1.507	0.865	0.826	0.839	1.469	0.848	1.482	1.485	1.497	1.507	0.091	0.093	0.092	0.094	1.552	0.091	0.091	0.092	0.094	0.094	0.092	0.091	0.091

