Time	T° 600	A1	A2	A3	A4	A5	A6	A7	A8	A9	A10	A11	A12	B1	B2	B3	B4	B5	B6	B7	B8	B9	B10	B11	B12	C1	C2	C3	C4	C5	C6	C7	C8	C9	C10	C11	C12	D1	D2	D3	D4	D5	D6	D7	D8	D9	D10	D11	D12	E1	E2	E3	E4	E5	E6	E7	E8	E9	E10	E11	E12	F1	F2	F3	F4	F5	F6	F7	F8	F9	F10	F11	F12	G1	G2	G3	G4	G5	G6	G7	G8	G9	G10	G11	G12	H1	H2	H3	H4	H5	H6	H7	H8	H9	H10	H11	H12
0:00:06	23.3	0.090	0.089	0.091	0.094	0.093	0.093	0.090	0.090	0.090	0.092	0.089	0.091	0.090	0.109	0.107	0.110	0.108	0.105	0.105	0.107	0.107	0.106	0.108	0.091	0.089	0.109	0.110	0.108	0.106	0.109	0.108	0.104	0.107	0.110	0.107	0.091	0.088	0.108	0.106	0.108	0.106	0.107	0.107	0.106	0.109	0.109	0.109	0.092	0.091	0.113	0.107	0.108	0.108	0.106	0.105	0.104	0.105	0.108	0.108	0.089	0.092	0.110	0.110	0.106	0.110	0.106	0.105	0.105	0.106	0.107	0.110	0.090	0.092	0.108	0.109	0.105	0.107	0.106	0.107	0.107	0.107	0.110	0.108	0.089	0.094	0.091	0.093	0.091	0.090	0.090	0.092	0.093	0.093	0.091	0.089	0.090
1:00:06	23.7	0.090	0.089	0.091	0.094	0.093	0.092	0.089	0.090	0.090	0.092	0.089	0.091	0.090	0.110	0.108	0.112	0.112	0.109	0.107	0.110	0.108	0.107	0.108	0.091	0.089	0.111	0.115	0.110	0.110	0.110	0.109	0.106	0.109	0.111	0.108	0.091	0.088	0.113	0.110	0.109	0.109	0.110	0.108	0.107	0.110	0.109	0.107	0.091	0.091	0.116	0.111	0.110	0.113	0.110	0.109	0.106	0.109	0.107	0.108	0.089	0.092	0.114	0.113	0.110	0.109	0.110	0.111	0.109	0.110	0.110	0.111	0.090	0.092	0.109	0.110	0.110	0.111	0.111	0.111	0.113	0.114	0.112	0.110	0.090	0.093	0.091	0.093	0.091	0.090	0.090	0.092	0.093	0.092	0.091	0.089	0.090
2:00:07	23.8	0.090	0.090	0.092	0.094	0.093	0.093	0.090	0.090	0.091	0.092	0.090	0.092	0.090	0.121	0.112	0.116	0.122	0.118	0.116	0.119	0.117	0.116	0.117	0.091	0.089	0.115	0.125	0.113	0.119	0.119	0.118	0.113	0.118	0.120	0.117	0.092	0.089	0.113	0.112	0.113	0.118	0.119	0.116	0.117	0.120	0.120	0.116	0.092	0.091	0.117	0.113	0.119	0.120	0.116	0.116	0.114	0.116	0.116	0.117	0.089	0.092	0.115	0.117	0.118	0.118	0.117	0.119	0.118	0.119	0.119	0.121	0.090	0.092	0.111	0.115	0.120	0.121	0.122	0.122	0.124	0.125	0.123	0.121	0.090	0.093	0.091	0.093	0.091	0.090	0.090	0.092	0.093	0.093	0.091	0.090	0.090
3:00:08	23.8	0.090	0.090	0.092	0.094	0.093	0.093	0.090	0.090	0.091	0.092	0.090	0.091	0.090	0.139	0.117	0.121	0.141	0.137	0.135	0.137	0.136	0.134	0.135	0.092	0.089	0.121	0.145	0.119	0.138	0.136	0.136	0.127	0.135	0.138	0.134	0.092	0.089	0.118	0.117	0.118	0.136	0.137	0.134	0.133	0.137	0.137	0.133	0.092	0.091	0.123	0.118	0.137	0.139	0.134	0.133	0.132	0.134	0.134	0.134	0.089	0.092	0.122	0.122	0.136	0.135	0.135	0.137	0.137	0.137	0.138	0.142	0.091	0.092	0.116	0.119	0.141	0.141	0.144	0.144	0.147	0.147	0.146	0.143	0.090	0.094	0.091	0.093	0.091	0.090	0.090	0.092	0.093	0.093	0.091	0.090	0.091
4:00:09	23.8	0.090	0.090	0.092	0.094	0.093	0.093	0.090	0.090	0.091	0.092	0.090	0.092	0.090	0.172	0.125	0.128	0.177	0.174	0.167	0.169	0.167	0.166	0.171	0.092	0.089	0.129	0.177	0.126	0.169	0.168	0.171	0.159	0.169	0.172	0.168	0.092	0.089	0.126	0.123	0.126	0.168	0.171	0.166	0.162	0.173	0.172	0.166	0.092	0.092	0.130	0.125	0.170	0.168	0.165	0.166	0.160	0.167	0.167	0.165	0.090	0.093	0.129	0.129	0.166	0.161	0.166	0.167	0.167	0.169	0.172	0.175	0.091	0.092	0.122	0.126	0.174	0.172	0.178	0.178	0.179	0.179	0.182	0.177	0.090	0.094	0.091	0.093	0.092	0.090	0.090	0.092	0.093	0.093	0.091	0.090	0.091
5:00:10	23.6	0.090	0.089	0.091	0.093	0.092	0.092	0.089	0.090	0.091	0.092	0.090	0.091	0.090	0.209	0.136	0.136	0.201	0.197	0.196	0.198	0.198	0.198	0.202	0.091	0.089	0.135	0.210	0.132	0.198	0.196	0.201	0.184	0.195	0.201	0.198	0.092	0.089	0.133	0.131	0.134	0.201	0.202	0.194	0.191	0.203	0.201	0.195	0.092	0.091	0.137	0.135	0.199	0.197	0.191	0.193	0.190	0.191	0.192	0.198	0.090	0.092	0.136	0.140	0.194	0.192	0.195	0.197	0.196	0.194	0.196	0.204	0.090	0.092	0.135	0.138	0.200	0.202	0.209	0.209	0.212	0.211	0.211	0.207	0.090	0.094	0.091	0.093	0.091	0.090	0.090	0.092	0.093	0.093	0.091	0.090	0.090
6:00:10	23.5	0.090	0.090	0.092	0.094	0.093	0.093	0.090	0.090	0.091	0.092	0.090	0.092	0.090	0.249	0.164	0.160	0.240	0.234	0.233	0.240	0.243	0.240	0.238	0.092	0.090	0.145	0.248	0.140	0.235	0.231	0.241	0.220	0.235	0.244	0.238	0.092	0.089	0.145	0.141	0.142	0.247	0.239	0.231	0.236	0.245	0.242	0.229	0.092	0.091	0.146	0.145	0.237	0.237	0.224	0.231	0.238	0.226	0.231	0.232	0.090	0.092	0.144	0.149	0.228	0.229	0.234	0.239	0.232	0.230	0.235	0.239	0.091	0.092	0.154	0.145	0.232	0.234	0.244	0.245	0.251	0.247	0.246	0.241	0.090	0.093	0.091	0.093	0.091	0.090	0.090	0.092	0.093	0.093	0.091	0.090	0.091
7:00:11	23.2	0.090	0.090	0.092	0.094	0.093	0.093	0.090	0.090	0.091	0.092	0.090	0.092	0.090	0.327	0.164	0.157	0.300	0.295	0.308	0.322	0.313	0.307	0.309	0.092	0.090	0.151	0.307	0.149	0.308	0.321	0.322	0.299	0.309	0.322	0.316	0.092	0.089	0.151	0.153	0.151	0.314	0.310	0.302	0.317	0.320	0.322	0.304	0.092	0.092	0.152	0.151	0.310	0.314	0.305	0.323	0.318	0.299	0.294	0.303	0.090	0.093	0.151	0.158	0.293	0.292	0.304	0.317	0.322	0.313	0.306	0.330	0.091	0.092	0.154	0.153	0.295	0.301	0.306	0.320	0.315	0.313	0.306	0.325	0.090	0.094	0.091	0.093	0.092	0.090	0.090	0.093	0.093	0.093	0.091	0.090	0.091
8:00:13	23.0	0.090	0.090	0.092	0.094	0.093	0.093	0.090	0.090	0.091	0.092	0.090	0.092	0.090	0.360	0.170	0.170	0.337	0.331	0.335	0.345	0.329	0.334	0.343	0.092	0.090	0.168	0.364	0.163	0.322	0.344	0.344	0.306	0.342	0.361	0.312	0.092	0.089	0.165	0.166	0.166	0.350	0.355	0.326	0.341	0.356	0.358	0.325	0.092	0.091	0.165	0.166	0.322	0.333	0.312	0.337	0.345	0.322	0.312	0.318	0.090	0.093	0.165	0.172	0.311	0.301	0.304	0.351	0.349	0.308	0.310	0.325	0.091	0.092	0.165	0.166	0.307	0.312	0.320	0.335	0.335	0.332	0.359	0.353	0.090	0.094	0.091	0.093	0.092	0.090	0.090	0.092	0.093	0.093	0.092	0.090	0.091
9:00:13	22.7	0.090	0.090	0.092	0.094	0.093	0.093	0.090	0.090	0.091	0.093	0.090	0.092	0.090	0.405	0.189	0.189	0.369	0.362	0.368	0.377	0.365	0.369	0.382	0.092	0.090	0.184	0.399	0.178	0.359	0.378	0.384	0.346	0.369	0.384	0.350	0.092	0.089	0.183	0.182	0.184	0.381	0.381	0.355	0.374	0.384	0.389	0.366	0.092	0.091	0.183	0.180	0.360	0.376	0.350	0.375	0.380	0.366	0.356	0.359	0.090	0.093	0.184	0.187	0.347	0.343	0.344	0.370	0.372	0.352	0.347	0.358	0.091	0.093	0.176	0.182	0.345	0.354	0.366	0.376	0.376	0.363	0.387	0.377	0.090	0.094	0.091	0.093	0.092	0.091	0.090	0.093	0.093	0.093	0.091	0.090	0.091
10:00:15	22.5	0.090	0.090	0.092	0.094	0.093	0.093	0.090	0.090	0.091	0.092	0.090	0.092	0.091	0.460	0.212	0.210	0.396	0.404	0.410	0.418	0.406	0.397	0.396	0.092	0.090	0.205	0.452	0.195	0.386	0.406	0.411	0.385	0.408	0.423	0.388	0.092	0.089	0.207	0.202	0.206	0.425	0.414	0.395	0.431	0.434	0.436	0.418	0.092	0.092	0.207	0.202	0.393	0.426	0.382	0.423	0.430	0.415	0.416	0.402	0.090	0.093	0.209	0.210	0.377	0.404	0.377	0.400	0.411	0.381	0.390	0.396	0.091	0.093	0.193	0.205	0.377	0.380	0.404	0.418	0.434	0.406	0.423	0.406	0.090	0.093	0.091	0.093	0.092	0.091	0.091	0.093	0.094	0.093	0.091	0.090	0.091
11:00:18	22.3	0.090	0.090	0.092	0.094	0.093	0.093	0.090	0.090	0.091	0.092	0.090	0.092	0.091	0.507	0.233	0.235	0.450	0.456	0.469	0.471	0.470	0.461	0.454	0.092	0.090	0.235	0.509	0.218	0.442	0.453	0.466	0.445	0.464	0.476	0.458	0.093	0.089	0.233	0.228	0.239	0.479	0.465	0.458	0.488	0.486	0.484	0.467	0.092	0.092	0.232	0.224	0.453	0.484	0.452	0.468	0.489	0.476	0.476	0.452	0.090	0.093	0.235	0.232	0.434	0.458	0.434	0.461	0.462	0.445	0.455	0.454	0.091	0.092	0.211	0.234	0.433	0.437	0.462	0.472	0.484	0.466	0.480	0.471	0.090	0.093	0.091	0.093	0.092	0.091	0.091	0.092	0.093	0.093	0.091	0.090	0.091
12:00:17	22.0	0.090	0.090	0.092	0.094	0.093	0.093	0.090	0.090	0.091	0.093	0.090	0.092	0.091	0.572	0.263	0.269	0.519	0.523	0.531	0.539	0.536	0.527	0.521	0.092	0.090	0.273	0.575	0.250	0.510	0.509	0.523	0.511	0.526	0.537	0.531	0.092	0.089	0.270	0.263	0.274	0.536	0.529	0.526	0.548	0.543	0.546	0.531	0.092	0.092	0.271	0.259	0.523	0.550	0.523	0.531	0.552	0.541	0.540	0.522	0.090	0.093	0.273	0.265	0.505	0.525	0.501	0.529	0.530	0.522	0.528	0.523	0.091	0.093	0.236	0.270	0.508	0.506	0.539	0.542	0.555	0.539	0.551	0.548	0.091	0.094	0.091	0.093	0.092	0.091	0.091	0.093	0.094	0.093	0.092	0.091	0.091
13:00:17	21.8	0.090	0.090	0.092	0.094	0.092	0.093	0.090	0.090	0.091	0.092	0.090	0.092	0.090	0.652	0.301	0.311	0.599	0.601	0.613	0.622	0.623	0.618	0.618	0.092	0.090	0.317	0.651	0.285	0.593	0.589	0.602	0.589	0.606	0.621	0.617	0.092	0.089	0.313	0.305	0.326	0.610	0.607	0.615	0.629	0.621	0.630	0.621	0.092	0.092	0.316	0.297	0.605	0.635	0.604	0.610	0.632	0.623	0.624	0.615	0.090	0.093	0.318	0.307	0.586	0.607	0.587	0.611	0.611	0.611	0.618	0.619	0.090	0.093	0.267	0.311	0.592	0.596	0.626	0.624	0.638	0.626	0.632	0.633	0.090	0.093	0.091	0.093	0.091	0.091	0.090	0.092	0.093	0.093	0.092	0.090	0.091
14:00:18	21.6	0.090	0.090	0.092	0.094	0.093	0.093	0.090	0.091	0.091	0.093	0.090	0.092	0.091	0.726	0.354	0.355	0.664	0.663	0.681	0.693	0.696	0.697	0.699	0.092	0.091	0.370	0.726	0.331	0.655	0.655	0.669	0.657	0.675	0.689	0.692	0.092	0.090	0.364	0.358	0.375	0.671	0.675	0.687	0.700	0.691	0.703	0.700	0.092	0.092	0.370	0.346	0.675	0.711	0.679	0.679	0.701	0.697	0.698	0.700	0.090	0.093	0.369	0.354	0.662	0.680	0.664	0.683	0.684	0.691	0.698	0.702	0.091	0.093	0.306	0.360	0.672	0.672	0.698	0.693	0.711	0.703	0.709	0.713	0.090	0.094	0.091	0.093	0.092	0.091	0.091	0.093	0.094	0.094	0.092	0.091	0.092
15:00:19	21.3	0.090	0.090	0.092	0.094	0.093	0.093	0.090	0.090	0.091	0.092	0.090	0.092	0.090	0.779	0.400	0.417	0.722	0.722	0.745	0.753	0.760	0.764	0.761	0.092	0.090	0.428	0.780	0.384	0.715	0.712	0.731	0.718	0.736	0.749	0.757	0.092	0.089	0.420	0.418	0.440	0.729	0.734	0.750	0.760	0.750	0.762	0.765	0.092	0.092	0.429	0.397	0.732	0.772	0.743	0.744	0.761	0.756	0.758	0.766	0.090	0.093	0.427	0.409	0.724	0.744	0.727	0.742	0.747	0.756	0.768	0.767	0.091	0.093	0.353	0.423	0.738	0.740	0.760	0.759	0.770	0.767	0.770	0.778	0.090	0.093	0.091	0.093	0.092	0.091	0.091	0.092	0.093	0.093	0.091	0.090	0.091
16:00:20	21.1	0.091	0.090	0.092	0.094	0.093	0.093	0.090	0.091	0.091	0.093	0.091	0.092	0.091	0.819	0.454	0.480	0.773	0.778	0.804	0.814	0.818	0.822	0.825	0.092	0.091	0.492	0.836	0.451	0.767	0.763	0.784	0.776	0.791	0.805	0.824	0.092	0.090	0.479	0.486	0.494	0.785	0.789	0.809	0.820	0.809	0.824	0.828	0.092	0.092	0.488	0.464	0.784	0.829	0.798	0.805	0.822	0.817	0.819	0.828	0.090	0.093	0.483	0.471	0.777	0.804	0.783	0.800	0.804	0.821	0.832	0.832	0.091	0.093	0.402	0.484	0.793	0.796	0.813	0.816	0.833	0.832	0.830	0.837	0.091	0.094	0.091	0.094	0.092	0.091	0.091	0.093	0.094	0.093	0.092	0.091	0.091
17:00:21	21.1	0.090	0.090	0.092	0.094	0.093	0.093	0.090	0.091	0.091	0.093	0.091	0.092	0.091	0.885	0.507	0.534	0.825	0.834	0.859	0.872	0.875	0.881	0.884	0.092	0.091	0.549	0.920	0.507	0.821	0.825	0.847	0.832	0.848	0.857	0.877	0.093	0.090	0.535	0.549	0.549	0.841	0.843	0.869	0.877	0.862	0.877	0.883	0.092	0.092	0.547	0.518	0.842	0.890	0.856	0.864	0.878	0.873	0.874	0.880	0.090	0.094	0.544	0.530	0.838	0.868	0.846	0.866	0.873	0.879	0.888	0.890	0.091	0.093	0.456	0.545	0.859	0.866	0.882	0.888	0.919	0.932	0.912	0.912	0.091	0.093	0.091	0.093	0.092	0.091	0.091	0.093	0.093	0.093	0.092	0.091	0.092
18:00:21	21.1	0.090	0.090	0.092	0.094	0.093	0.093	0.090	0.091	0.092	0.093	0.091	0.092	0.091	0.950	0.554	0.583	0.880	0.896	0.917	0.928	0.926	0.935	0.939	0.093	0.091	0.597	1.037	0.563	0.879	0.898	0.920	0.877	0.906	0.922	0.941	0.093	0.090	0.581	0.603	0.600	0.891	0.899	0.951	0.929	0.914	0.929	0.935	0.092	0.092	0.602	0.570	0.899	1.008	0.915	0.928	0.951	0.983	0.941	0.934	0.090	0.093	0.599	0.582	0.903	1.035	0.935	0.987	1.048	0.999	1.012	0.987	0.091	0.093	0.513	0.600	0.931	1.014	1.095	1.056	1.124	1.151	1.133	1.075	0.091	0.094	0.092	0.094	0.092	0.091	0.091	0.093	0.094	0.094	0.092	0.091	0.092
19:00:23	21.3	0.090	0.090	0.092	0.094	0.093	0.092	0.090	0.090	0.091	0.092	0.090	0.092	0.091	1.030	0.598	0.626	0.918	1.088	1.069	0.995	1.045	1.000	0.979	0.092	0.090	0.640	1.065	0.610	0.937	1.049	1.133	1.043	1.071	1.092	1.079	0.092	0.089	0.621	0.646	0.642	1.101	1.180	1.108	1.114	1.056	1.118	1.107	0.092	0.092	0.647	0.614	1.102	1.113	1.168	1.050	1.032	1.129	1.046	1.199	0.090	0.093	0.644	0.624	1.133	1.156	1.122	1.163	1.111	1.186	1.088	1.154	0.091	0.092	0.559	0.647	1.119	1.215	1.194	1.174	1.136	1.074	1.195	1.065	0.090	0.093	0.091	0.093	0.091	0.091	0.090	0.092	0.093	0.093	0.092	0.091	0.091
20:00:30	21.6	0.090	0.090	0.092	0.094	0.093	0.093	0.090	0.091	0.091	0.093	0.091	0.092	0.091	1.010	0.631	0.663	1.055	1.061	1.053	1.060	1.082	1.077	1.084	0.093	0.091	0.681	1.034	0.647	1.044	1.058	1.085	1.039	1.083	1.088	1.118	0.093	0.090	0.660	0.683	0.678	1.083	1.101	1.086	1.083	1.079	1.081	1.110	0.092	0.093	0.685	0.648	1.080	1.089	1.092	1.066	1.066	1.087	1.063	1.108	0.090	0.094	0.683	0.665	1.099	1.073	1.074	1.079	1.051	1.098	1.100	1.115	0.091	0.093	0.603	0.688	1.103	1.096	1.069	1.071	1.052	1.080	1.102	1.111	0.091	0.094	0.092	0.094	0.092	0.091	0.091	0.093	0.094	0.094	0.092	0.091	0.092
21:00:25	21.9	0.090	0.090	0.092	0.094	0.093	0.093	0.090	0.091	0.091	0.093	0.091	0.092	0.091	1.013	0.657	0.693	1.061	1.032	1.035	1.048	1.053	1.064	1.065	0.093	0.091	0.714	1.032	0.680	1.051	1.047	1.050	1.031	1.052	1.056	1.091	0.093	0.090	0.688	0.717	0.702	1.049	1.052	1.056	1.056	1.056	1.061	1.080	0.092	0.092	0.720	0.676	1.056	1.072	1.051	1.066	1.061	1.063	1.060	1.069	0.090	0.093	0.723	0.696	1.058	1.051	1.051	1.052	1.038	1.063	1.077	1.085	0.091	0.093	0.633	0.722	1.074	1.055	1.058	1.053	1.057	1.084	1.074	1.105	0.091	0.094	0.092	0.094	0.092	0.091	0.091	0.093	0.094	0.094	0.092	0.091	0.092
22:00:26	22.3	0.090	0.090	0.092	0.095	0.093	0.093	0.090	0.091	0.092	0.093	0.091	0.093	0.091	1.018	0.679	0.690	1.069	1.044	1.049	1.066	1.061	1.073	1.075	0.093	0.091	0.731	1.037	0.705	1.064	1.057	1.052	1.042	1.052	1.058	1.089	0.093	0.090	0.722	0.742	0.730	1.055	1.057	1.067	1.060	1.059	1.067	1.080	0.093	0.093	0.756	0.704	1.066	1.076	1.057	1.075	1.071	1.071	1.069	1.072	0.090	0.094	0.740	0.728	1.063	1.062	1.061	1.059	1.053	1.068	1.081	1.090	0.091	0.094	0.664	0.726	1.078	1.061	1.068	1.061	1.070	1.092	1.085	1.113	0.091	0.094	0.092	0.094	0.092	0.091	0.091	0.093	0.094	0.094	0.092	0.091	0.092
23:00:26	22.7	0.090	0.090	0.092	0.094	0.093	0.093	0.090	0.091	0.092	0.093	0.091	0.092	0.091	1.024	0.703	0.714	1.075	1.060	1.061	1.076	1.073	1.086	1.088	0.093	0.091	0.780	1.055	0.715	1.072	1.069	1.063	1.052	1.061	1.068	1.102	0.093	0.089	0.730	0.772	0.745	1.067	1.068	1.080	1.072	1.069	1.079	1.091	0.092	0.093	0.779	0.739	1.077	1.086	1.074	1.085	1.082	1.085	1.081	1.086	0.090	0.093	0.736	0.741	1.073	1.077	1.073	1.072	1.068	1.081	1.093	1.102	0.091	0.093	0.687	0.746	1.090	1.079	1.080	1.077	1.084	1.102	1.099	1.122	0.091	0.094	0.091	0.093	0.092	0.091	0.091	0.093	0.094	0.094	0.092	0.091	0.091
24:00:27	23.1	0.091	0.090	0.092	0.094	0.094	0.093	0.090	0.091	0.092	0.093	0.091	0.092	0.091	1.038	0.722	0.725	1.080	1.068	1.070	1.085	1.084	1.095	1.099	0.093	0.091	0.744	1.086	0.729	1.078	1.078	1.074	1.061	1.071	1.078	1.112	0.093	0.090	0.741	0.788	0.762	1.078	1.080	1.092	1.083	1.079	1.090	1.102	0.092	0.093	0.761	0.738	1.087	1.093	1.086	1.094	1.093	1.096	1.091	1.097	0.090	0.093	0.759	0.749	1.083	1.088	1.080	1.083	1.079	1.094	1.103	1.113	0.091	0.093	0.711	0.772	1.101	1.091	1.091	1.089	1.093	1.112	1.110	1.130	0.091	0.094	0.092	0.094	0.092	0.091	0.091	0.093	0.094	0.094	0.092	0.091	0.092
25:00:28	23.2	0.090	0.090	0.092	0.094	0.093	0.093	0.090	0.091	0.092	0.093	0.091	0.092	0.091	1.079	0.730	0.745	1.083	1.074	1.078	1.092	1.093	1.103	1.109	0.093	0.091	0.766	1.139	0.730	1.082	1.083	1.079	1.061	1.075	1.084	1.121	0.093	0.090	0.752	0.798	0.778	1.083	1.083	1.097	1.091	1.085	1.098	1.111	0.092	0.092	0.769	0.744	1.091	1.100	1.095	1.099	1.100	1.102	1.098	1.106	0.090	0.094	0.774	0.764	1.091	1.093	1.083	1.090	1.087	1.103	1.112	1.121	0.091	0.093	0.722	0.793	1.110	1.100	1.096	1.099	1.103	1.121	1.119	1.139	0.091	0.094	0.091	0.094	0.092	0.091	0.091	0.093	0.094	0.094	0.092	0.091	0.092
26:00:29	23.4	0.091	0.090	0.092	0.094	0.093	0.093	0.090	0.091	0.091	0.093	0.091	0.092	0.091	1.105	0.735	0.746	1.087	1.077	1.082	1.096	1.097	1.106	1.111	0.093	0.091	0.776	1.095	0.740	1.084	1.087	1.082	1.067	1.081	1.087	1.122	0.093	0.090	0.759	0.806	0.776	1.086	1.087	1.102	1.093	1.089	1.101	1.115	0.092	0.092	0.775	0.750	1.092	1.102	1.097	1.105	1.104	1.104	1.102	1.110	0.090	0.093	0.781	0.767	1.093	1.099	1.087	1.094	1.090	1.107	1.115	1.125	0.091	0.093	0.727	0.785	1.115	1.105	1.100	1.103	1.109	1.132	1.125	1.145	0.091	0.093	0.091	0.094	0.092	0.091	0.091	0.093	0.094	0.094	0.092	0.091	0.091
27:00:30	23.4	0.090	0.090	0.092	0.094	0.093	0.093	0.090	0.091	0.091	0.093	0.091	0.092	0.091	1.073	0.745	0.754	1.090	1.080	1.087	1.101	1.100	1.111	1.114	0.093	0.090	0.782	1.109	0.745	1.088	1.091	1.086	1.070	1.085	1.091	1.126	0.093	0.090	0.757	0.809	0.777	1.089	1.087	1.108	1.098	1.092	1.104	1.117	0.093	0.093	0.775	0.763	1.094	1.110	1.099	1.109	1.110	1.107	1.107	1.114	0.090	0.094	0.782	0.767	1.095	1.103	1.087	1.099	1.096	1.110	1.121	1.131	0.091	0.093	0.735	0.786	1.120	1.108	1.107	1.111	1.127	1.161	1.148	1.160	0.091	0.093	0.091	0.093	0.092	0.091	0.091	0.093	0.094	0.093	0.092	0.091	0.091
28:00:32	23.4	0.090	0.090	0.092	0.094	0.093	0.093	0.090	0.091	0.092	0.093	0.090	0.092	0.091	1.077	0.748	0.754	1.095	1.085	1.093	1.107	1.106	1.118	1.121	0.093	0.091	0.774	1.114	0.742	1.092	1.096	1.091	1.076	1.090	1.098	1.134	0.093	0.090	0.759	0.813	0.770	1.092	1.089	1.113	1.103	1.097	1.108	1.121	0.092	0.092	0.788	0.755	1.097	1.141	1.103	1.113	1.115	1.113	1.115	1.120	0.090	0.093	0.785	0.764	1.099	1.125	1.094	1.109	1.125	1.128	1.145	1.153	0.091	0.093	0.755	0.786	1.127	1.126	1.145	1.158	1.215	1.228	1.239	1.226	0.091	0.093	0.091	0.094	0.092	0.091	0.091	0.093	0.094	0.094	0.092	0.091	0.092
29:00:32	23.3	0.090	0.090	0.092	0.094	0.093	0.093	0.090	0.091	0.091	0.093	0.091	0.092	0.091	1.087	0.748	0.754	1.101	1.094	1.105	1.118	1.114	1.126	1.129	0.093	0.091	0.778	1.122	0.742	1.098	1.106	1.102	1.088	1.103	1.120	1.157	0.093	0.090	0.753	0.811	0.765	1.098	1.096	1.124	1.112	1.105	1.119	1.130	0.093	0.092	0.786	0.754	1.104	1.194	1.113	1.123	1.127	1.131	1.128	1.131	0.090	0.093	0.781	0.759	1.107	1.181	1.120	1.148	1.185	1.186	1.212	1.212	0.091	0.093	0.750	0.779	1.142	1.177	1.236	1.252	1.187	1.212	1.218	1.257	0.091	0.093	0.091	0.093	0.092	0.091	0.091	0.093	0.094	0.093	0.092	0.091	0.091
30:00:33	23.1	0.090	0.090	0.092	0.094	0.093	0.093	0.090	0.091	0.091	0.093	0.090	0.092	0.091	1.103	0.745	0.748	1.113	1.108	1.135	1.138	1.125	1.140	1.142	0.093	0.090	0.765	1.142	0.743	1.109	1.139	1.143	1.121	1.149	1.180	1.214	0.092	0.090	0.749	0.802	0.756	1.112	1.123	1.146	1.135	1.129	1.153	1.165	0.092	0.092	0.781	0.748	1.119	1.173	1.142	1.150	1.160	1.168	1.168	1.160	0.090	0.093	0.776	0.754	1.125	1.184	1.181	1.212	1.188	1.189	1.196	1.179	0.091	0.093	0.755	0.775	1.174	1.243	1.192	1.184	1.198	1.206	1.206	1.223	0.091	0.093	0.091	0.093	0.092	0.091	0.091	0.093	0.094	0.093	0.092	0.091	0.091
31:00:34	22.9	0.091	0.090	0.092	0.095	0.093	0.093	0.090	0.091	0.092	0.093	0.091	0.093	0.091	1.122	0.746	0.745	1.134	1.149	1.192	1.194	1.151	1.176	1.172	0.093	0.091	0.764	1.172	0.738	1.132	1.192	1.197	1.103	1.208	1.174	1.190	0.093	0.090	0.742	0.794	0.747	1.152	1.164	1.202	1.178	1.175	1.204	1.237	0.093	0.093	0.776	0.736	1.160	1.189	1.192	1.198	1.213	1.192	1.162	1.217	0.090	0.094	0.768	0.755	1.167	1.190	1.149	1.170	1.174	1.187	1.197	1.205	0.091	0.094	0.738	0.765	1.234	1.209	1.195	1.191	1.198	1.212	1.206	1.224	0.091	0.094	0.092	0.094	0.092	0.091	0.091	0.093	0.094	0.094	0.092	0.091	0.092
32:00:35	22.7	0.091	0.091	0.092	0.094	0.093	0.093	0.090	0.091	0.092	0.093	0.091	0.093	0.091	1.158	0.740	0.739	1.192	1.121	1.151	1.154	1.193	1.191	1.178	0.093	0.091	0.754	1.210	0.735	1.146	1.169	1.163	1.141	1.171	1.180	1.218	0.093	0.090	0.734	0.785	0.741	1.119	1.141	1.208	1.160	1.150	1.171	1.196	0.093	0.093	0.767	0.736	1.140	1.201	1.171	1.181	1.179	1.182	1.182	1.205	0.090	0.094	0.759	0.747	1.155	1.205	1.185	1.191	1.188	1.199	1.205	1.212	0.091	0.093	0.734	0.758	1.225	1.230	1.207	1.202	1.208	1.227	1.212	1.231	0.091	0.094	0.092	0.094	0.092	0.091	0.091	0.093	0.094	0.094	0.092	0.091	0.092
33:00:36	22.5	0.091	0.090	0.092	0.094	0.093	0.093	0.090	0.091	0.092	0.093	0.091	0.093	0.091	1.194	0.732	0.732	1.168	1.176	1.191	1.201	1.199	1.214	1.210	0.093	0.091	0.789	1.253	0.730	1.160	1.186	1.183	1.162	1.182	1.186	1.220	0.093	0.090	0.732	0.781	0.736	1.172	1.168	1.205	1.188	1.179	1.195	1.203	0.093	0.093	0.761	0.731	1.180	1.199	1.182	1.201	1.195	1.194	1.199	1.211	0.090	0.094	0.754	0.741	1.189	1.207	1.190	1.193	1.193	1.203	1.206	1.211	0.092	0.093	0.733	0.756	1.229	1.224	1.202	1.202	1.210	1.230	1.213	1.233	0.091	0.094	0.092	0.094	0.092	0.091	0.091	0.093	0.094	0.094	0.092	0.091	0.092
34:00:37	22.3	0.090	0.090	0.092	0.094	0.093	0.093	0.090	0.091	0.091	0.093	0.091	0.092	0.091	1.263	0.726	0.729	1.200	1.194	1.198	1.208	1.206	1.215	1.220	0.093	0.091	0.779	1.302	0.727	1.191	1.196	1.196	1.174	1.191	1.191	1.225	0.093	0.090	0.725	0.790	0.733	1.188	1.179	1.222	1.198	1.188	1.201	1.211	0.092	0.093	0.779	0.728	1.197	1.208	1.200	1.213	1.207	1.206	1.209	1.226	0.090	0.093	0.743	0.741	1.207	1.194	1.184	1.185	1.198	1.215	1.222	1.227	0.091	0.093	0.733	0.750	1.254	1.230	1.205	1.149	1.197	1.236	1.227	1.253	0.091	0.093	0.091	0.094	0.092	0.091	0.091	0.093	0.094	0.094	0.092	0.091	0.091
35:00:38	22.0	0.091	0.090	0.092	0.095	0.094	0.093	0.090	0.091	0.092	0.093	0.091	0.092	0.091	1.313	0.724	0.732	1.210	1.200	1.210	1.223	1.217	1.225	1.230	0.093	0.091	0.781	1.347	0.739	1.201	1.209	1.208	1.190	1.203	1.206	1.234	0.093	0.090	0.729	0.815	0.734	1.200	1.192	1.233	1.208	1.199	1.210	1.220	0.093	0.093	0.756	0.730	1.214	1.220	1.218	1.222	1.216	1.215	1.219	1.230	0.090	0.094	0.750	0.740	1.217	1.231	1.211	1.210	1.216	1.227	1.231	1.238	0.091	0.093	0.723	0.754	1.252	1.230	1.213	1.210	1.232	1.254	1.241	1.264	0.091	0.094	0.092	0.094	0.092	0.091	0.091	0.093	0.094	0.094	0.092	0.091	0.092
36:00:38	21.8	0.090	0.090	0.092	0.094	0.093	0.093	0.090	0.091	0.092	0.093	0.091	0.092	0.091	1.267	0.717	0.732	1.217	1.209	1.218	1.230	1.226	1.235	1.238	0.093	0.091	0.785	1.257	0.743	1.210	1.219	1.218	1.201	1.214	1.217	1.243	0.093	0.090	0.748	0.817	0.739	1.208	1.201	1.241	1.216	1.208	1.219	1.228	0.093	0.093	0.748	0.750	1.206	1.222	1.221	1.230	1.226	1.227	1.230	1.238	0.090	0.093	0.731	0.743	1.134	1.118	1.104	1.155	1.223	1.237	1.244	1.252	0.091	0.093	0.725	0.738	1.183	1.097	1.040	1.047	1.133	1.225	1.254	1.279	0.091	0.094	0.091	0.094	0.092	0.091	0.091	0.093	0.094	0.094	0.092	0.091	0.092
37:00:39	21.6	0.091	0.090	0.092	0.094	0.093	0.093	0.090	0.091	0.091	0.093	0.091	0.092	0.091	1.265	0.721	0.736	1.226	1.216	1.228	1.236	1.233	1.242	1.244	0.093	0.091	0.790	1.278	0.749	1.219	1.228	1.225	1.210	1.222	1.224	1.251	0.093	0.090	0.748	0.825	0.748	1.219	1.210	1.247	1.223	1.216	1.225	1.235	0.093	0.093	0.759	0.752	1.230	1.240	1.236	1.239	1.233	1.235	1.239	1.242	0.090	0.094	0.756	0.749	1.224	1.242	1.224	1.231	1.235	1.246	1.250	1.258	0.091	0.093	0.723	0.761	1.253	1.247	1.232	1.238	1.258	1.283	1.271	1.292	0.091	0.093	0.091	0.094	0.092	0.091	0.091	0.093	0.094	0.094	0.092	0.091	0.091
38:00:40	21.3	0.090	0.090	0.092	0.094	0.093	0.093	0.090	0.091	0.092	0.093	0.091	0.093	0.092	1.266	0.724	0.745	1.232	1.223	1.234	1.241	1.239	1.248	1.248	0.093	0.091	0.816	1.275	0.756	1.228	1.238	1.234	1.222	1.230	1.232	1.259	0.093	0.090	0.754	0.831	0.755	1.227	1.219	1.256	1.232	1.224	1.232	1.241	0.093	0.093	0.763	0.762	1.238	1.251	1.244	1.245	1.242	1.244	1.247	1.249	0.091	0.094	0.763	0.773	1.232	1.252	1.235	1.240	1.244	1.257	1.259	1.269	0.091	0.093	0.727	0.770	1.262	1.256	1.243	1.249	1.273	1.309	1.292	1.312	0.091	0.094	0.092	0.094	0.092	0.091	0.091	0.093	0.094	0.094	0.092	0.091	0.092
39:00:41	21.1	0.091	0.090	0.092	0.094	0.093	0.093	0.090	0.091	0.091	0.093	0.091	0.092	0.091	1.269	0.727	0.755	1.242	1.232	1.242	1.250	1.247	1.257	1.255	0.093	0.091	0.820	1.277	0.782	1.238	1.248	1.244	1.233	1.241	1.243	1.270	0.093	0.090	0.774	0.843	0.764	1.236	1.228	1.265	1.241	1.234	1.243	1.251	0.093	0.093	0.771	0.767	1.246	1.262	1.252	1.256	1.250	1.254	1.258	1.258	0.090	0.093	0.771	0.799	1.237	1.262	1.243	1.250	1.255	1.270	1.273	1.283	0.091	0.093	0.735	0.790	1.268	1.267	1.256	1.263	1.294	1.344	1.323	1.341	0.091	0.093	0.092	0.094	0.092	0.091	0.091	0.093	0.094	0.094	0.092	0.091	0.092
40:00:43	20.9	0.091	0.090	0.092	0.094	0.093	0.093	0.090	0.091	0.092	0.093	0.091	0.092	0.091	1.273	0.734	0.765	1.252	1.240	1.250	1.258	1.254	1.265	1.261	0.093	0.091	0.827	1.281	0.790	1.246	1.258	1.252	1.242	1.248	1.252	1.281	0.093	0.090	0.785	0.851	0.774	1.244	1.237	1.270	1.249	1.242	1.249	1.259	0.093	0.092	0.779	0.778	1.254	1.274	1.259	1.267	1.258	1.264	1.267	1.266	0.090	0.094	0.782	0.808	1.244	1.274	1.251	1.260	1.268	1.281	1.286	1.299	0.091	0.093	0.743	0.815	1.275	1.280	1.270	1.279	1.343	1.356	1.380	1.413	0.091	0.093	0.091	0.094	0.092	0.091	0.091	0.093	0.094	0.094	0.092	0.091	0.092
41:00:43	20.8	0.091	0.090	0.092	0.095	0.093	0.093	0.090	0.091	0.092	0.093	0.091	0.092	0.091	1.277	0.741	0.782	1.265	1.255	1.263	1.268	1.263	1.274	1.272	0.093	0.091	0.836	1.285	0.800	1.261	1.273	1.263	1.253	1.260	1.264	1.296	0.093	0.090	0.794	0.860	0.786	1.258	1.250	1.281	1.259	1.253	1.257	1.272	0.093	0.093	0.791	0.785	1.268	1.298	1.270	1.279	1.267	1.276	1.279	1.279	0.090	0.094	0.792	0.818	1.256	1.289	1.265	1.272	1.290	1.298	1.307	1.340	0.092	0.093	0.753	0.827	1.292	1.298	1.309	1.329	1.432	1.377	1.345	1.363	0.091	0.093	0.092	0.094	0.092	0.091	0.091	0.093	0.094	0.094	0.092	0.091	0.092
42:00:45	20.9	0.091	0.091	0.092	0.094	0.094	0.093	0.091	0.091	0.092	0.093	0.091	0.093	0.091	1.288	0.749	0.796	1.284	1.274	1.281	1.285	1.279	1.290	1.289	0.093	0.091	0.848	1.291	0.810	1.277	1.291	1.279	1.272	1.277	1.282	1.324	0.093	0.090	0.804	0.869	0.797	1.273	1.266	1.295	1.272	1.267	1.271	1.288	0.093	0.093	0.799	0.803	1.280	1.339	1.283	1.294	1.280	1.291	1.297	1.296	0.091	0.094	0.802	0.829	1.271	1.334	1.281	1.293	1.343	1.343	1.377	1.401	0.092	0.093	0.763	0.840	1.313	1.365	1.368	1.357	1.377	1.371	1.380	1.395	0.091	0.094	0.092	0.094	0.092	0.091	0.091	0.093	0.094	0.094	0.092	0.091	0.092
43:00:44	21.2	0.091	0.090	0.092	0.094	0.093	0.093	0.090	0.090	0.091	0.093	0.090	0.092	0.091	1.293	0.756	0.807	1.299	1.285	1.294	1.298	1.294	1.305	1.306	0.093	0.091	0.856	1.302	0.819	1.288	1.305	1.289	1.280	1.288	1.300	1.364	0.093	0.090	0.812	0.877	0.807	1.283	1.276	1.305	1.282	1.278	1.283	1.303	0.093	0.093	0.810	0.818	1.290	1.380	1.294	1.306	1.291	1.303	1.309	1.309	0.090	0.093	0.814	0.838	1.280	1.371	1.295	1.313	1.377	1.399	1.434	1.347	0.091	0.093	0.772	0.850	1.325	1.391	1.429	1.367	1.365	1.372	1.383	1.392	0.091	0.093	0.091	0.094	0.092	0.091	0.091	0.093	0.094	0.094	0.092	0.091	0.092
44:00:46	21.7	0.090	0.090	0.092	0.094	0.093	0.093	0.090	0.091	0.092	0.093	0.091	0.092	0.091	1.301	0.764	0.817	1.310	1.295	1.305	1.308	1.303	1.316	1.319	0.093	0.091	0.862	1.312	0.827	1.298	1.316	1.298	1.290	1.298	1.336	1.420	0.093	0.090	0.821	0.884	0.815	1.293	1.285	1.313	1.291	1.286	1.292	1.319	0.093	0.093	0.818	0.823	1.300	1.348	1.304	1.315	1.301	1.318	1.324	1.324	0.090	0.094	0.823	0.846	1.291	1.419	1.326	1.361	1.418	1.381	1.360	1.374	0.091	0.093	0.782	0.861	1.340	1.329	1.362	1.363	1.363	1.373	1.386	1.392	0.091	0.094	0.091	0.094	0.092	0.091	0.091	0.093	0.094	0.094	0.092	0.091	0.092
45:00:48	22.3	0.091	0.090	0.092	0.095	0.094	0.093	0.090	0.091	0.092	0.093	0.091	0.092	0.091	1.316	0.773	0.827	1.326	1.308	1.330	1.323	1.315	1.328	1.334	0.093	0.091	0.867	1.349	0.834	1.313	1.347	1.323	1.329	1.351	1.443	1.363	0.093	0.090	0.829	0.895	0.823	1.307	1.298	1.326	1.309	1.301	1.339	1.396	0.093	0.093	0.825	0.828	1.315	1.377	1.333	1.333	1.334	1.373	1.372	1.374	0.091	0.094	0.834	0.858	1.325	1.408	1.337	1.366	1.383	1.404	1.388	1.400	0.091	0.093	0.792	0.871	1.289	1.378	1.383	1.374	1.375	1.385	1.391	1.394	0.091	0.094	0.092	0.094	0.092	0.091	0.091	0.093	0.094	0.094	0.092	0.091	0.092
46:00:51	23.0	0.091	0.091	0.093	0.095	0.093	0.093	0.090	0.091	0.092	0.093	0.091	0.092	0.092	1.332	0.779	0.832	1.347	1.343	1.389	1.388	1.333	1.357	1.367	0.093	0.091	0.872	1.395	0.838	1.328	1.391	1.396	1.364	1.389	1.363	1.402	0.093	0.090	0.835	0.898	0.835	1.328	1.344	1.350	1.349	1.348	1.391	1.422	0.093	0.093	0.830	0.832	1.338	1.403	1.320	1.379	1.367	1.408	1.390	1.380	0.091	0.094	0.838	0.867	1.372	1.402	1.355	1.377	1.380	1.403	1.402	1.403	0.091	0.093	0.797	0.865	1.368	1.409	1.388	1.387	1.384	1.394	1.399	1.401	0.091	0.094	0.091	0.094	0.092	0.091	0.091	0.093	0.094	0.094	0.092	0.091	0.092
47:00:49	23.8	0.091	0.091	0.092	0.095	0.094	0.093	0.091	0.091	0.092	0.093	0.091	0.093	0.091	1.340	0.782	0.835	1.373	1.365	1.391	1.434	1.351	1.418	1.389	0.093	0.091	0.875	1.428	0.837	1.357	1.332	1.402	1.334	1.387	1.380	1.410	0.093	0.090	0.837	0.892	0.835	1.366	1.391	1.379	1.395	1.398	1.456	1.397	0.093	0.093	0.833	0.833	1.329	1.405	1.371	1.373	1.438	1.363	1.376	1.394	0.090	0.094	0.844	0.867	1.410	1.403	1.387	1.396	1.386	1.410	1.410	1.409	0.092	0.093	0.803	0.878	1.395	1.404	1.393	1.395	1.390	1.407	1.404	1.406	0.091	0.094	0.092	0.094	0.092	0.091	0.091	0.093	0.094	0.094	0.092	0.091	0.091
48:00:49	24.4	0.090	0.090	0.092	0.094	0.093	0.093	0.090	0.091	0.091	0.093	0.091	0.092	0.091	1.351	0.779	0.833	1.316	1.327	1.404	1.462	1.396	1.400	1.349	0.093	0.091	0.871	1.429	0.833	1.408	1.360	1.391	1.351	1.383	1.389	1.411	0.093	0.090	0.834	0.886	0.831	1.414	1.390	1.425	1.403	1.393	1.389	1.402	0.093	0.093	0.829	0.828	1.356	1.403	1.387	1.397	1.379	1.387	1.398	1.412	0.090	0.093	0.840	0.866	1.371	1.402	1.394	1.399	1.387	1.412	1.407	1.411	0.091	0.093	0.802	0.874	1.409	1.407	1.394	1.396	1.395	1.417	1.409	1.408	0.090	0.093	0.091	0.094	0.092	0.091	0.090	0.093	0.094	0.093	0.092	0.091	0.091
49:00:50	24.8	0.090	0.090	0.092	0.094	0.093	0.093	0.090	0.091	0.092	0.093	0.091	0.092	0.091	1.378	0.774	0.827	1.361	1.379	1.384	1.385	1.367	1.373	1.404	0.093	0.091	0.861	1.401	0.826	1.351	1.374	1.386	1.357	1.386	1.390	1.410	0.093	0.090	0.828	0.872	0.837	1.353	1.354	1.379	1.376	1.378	1.396	1.401	0.093	0.093	0.821	0.818	1.390	1.401	1.393	1.386	1.394	1.398	1.404	1.417	0.090	0.094	0.832	0.857	1.395	1.401	1.389	1.402	1.393	1.412	1.408	1.414	0.091	0.093	0.800	0.867	1.416	1.406	1.392	1.399	1.401	1.422	1.416	1.414	0.091	0.094	0.092	0.094	0.092	0.091	0.091	0.093	0.094	0.094	0.092	0.091	0.091
50:00:52	25.0	0.091	0.091	0.093	0.095	0.093	0.094	0.091	0.091	0.092	0.093	0.091	0.093	0.091	1.355	0.765	0.817	1.379	1.375	1.393	1.403	1.404	1.401	1.402	0.093	0.091	0.851	1.406	0.815	1.384	1.382	1.397	1.358	1.388	1.389	1.410	0.093	0.090	0.818	0.859	0.814	1.392	1.374	1.410	1.384	1.386	1.396	1.401	0.093	0.093	0.811	0.807	1.395	1.398	1.388	1.394	1.403	1.396	1.407	1.422	0.090	0.094	0.821	0.845	1.403	1.401	1.387	1.401	1.397	1.412	1.407	1.419	0.092	0.093	0.794	0.856	1.427	1.410	1.393	1.402	1.409	1.429	1.426	1.428	0.091	0.094	0.092	0.094	0.092	0.091	0.091	0.093	0.094	0.094	0.092	0.091	0.091
51:00:53	25.1	0.090	0.091	0.092	0.094	0.093	0.094	0.090	0.091	0.091	0.093	0.091	0.092	0.091	1.341	0.755	0.805	1.385	1.383	1.396	1.406	1.408	1.402	1.410	0.093	0.091	0.836	1.404	0.800	1.386	1.380	1.390	1.356	1.383	1.383	1.409	0.093	0.090	0.804	0.840	0.800	1.395	1.377	1.405	1.374	1.379	1.390	1.397	0.093	0.093	0.797	0.789	1.397	1.396	1.382	1.393	1.397	1.389	1.401	1.419	0.090	0.094	0.808	0.831	1.400	1.398	1.378	1.392	1.399	1.408	1.406	1.420	0.092	0.093	0.784	0.864	1.428	1.409	1.391	1.405	1.409	1.436	1.431	1.436	0.091	0.094	0.092	0.094	0.092	0.091	0.091	0.093	0.094	0.094	0.092	0.091	0.092
52:00:55	25.1	0.090	0.090	0.092	0.094	0.093	0.093	0.090	0.091	0.092	0.093	0.091	0.092	0.091	1.403	0.740	0.791	1.389	1.385	1.395	1.401	1.405	1.394	1.413	0.093	0.091	0.821	1.403	0.784	1.386	1.375	1.382	1.348	1.372	1.375	1.404	0.093	0.090	0.789	0.822	0.787	1.391	1.370	1.396	1.364	1.369	1.379	1.397	0.093	0.093	0.783	0.772	1.390	1.389	1.375	1.389	1.386	1.380	1.392	1.423	0.090	0.094	0.795	0.816	1.393	1.397	1.371	1.385	1.395	1.403	1.406	1.427	0.091	0.093	0.772	0.851	1.435	1.409	1.397	1.413	1.416	1.445	1.446	1.458	0.091	0.093	0.092	0.094	0.092	0.091	0.090	0.093	0.094	0.093	0.092	0.091	0.091
53:00:56	25.1	0.091	0.091	0.092	0.095	0.094	0.094	0.090	0.091	0.092	0.093	0.091	0.092	0.091	1.421	0.727	0.781	1.388	1.381	1.390	1.394	1.398	1.389	1.414	0.093	0.091	0.805	1.450	0.770	1.377	1.372	1.375	1.343	1.365	1.374	1.403	0.093	0.090	0.774	0.806	0.776	1.382	1.363	1.385	1.357	1.360	1.370	1.393	0.093	0.093	0.773	0.759	1.379	1.382	1.369	1.386	1.377	1.379	1.384	1.417	0.090	0.094	0.785	0.823	1.384	1.397	1.367	1.385	1.388	1.397	1.407	1.436	0.091	0.093	0.772	0.843	1.434	1.414	1.402	1.415	1.421	1.452	1.464	1.478	0.091	0.094	0.092	0.094	0.092	0.091	0.091	0.093	0.094	0.094	0.092	0.091	0.091
54:00:56	24.8	0.091	0.090	0.092	0.095	0.093	0.093	0.090	0.091	0.091	0.093	0.091	0.092	0.091	1.439	0.720	0.770	1.387	1.376	1.383	1.385	1.391	1.383	1.412	0.093	0.091	0.794	1.445	0.769	1.366	1.372	1.375	1.344	1.366	1.377	1.411	0.093	0.090	0.763	0.800	0.765	1.372	1.358	1.378	1.356	1.357	1.367	1.390	0.093	0.093	0.765	0.749	1.371	1.381	1.370	1.385	1.373	1.378	1.380	1.410	0.090	0.094	0.776	0.820	1.377	1.392	1.376	1.389	1.386	1.397	1.411	1.445	0.091	0.093	0.760	0.844	1.433	1.420	1.409	1.423	1.427	1.454	1.474	1.499	0.091	0.094	0.092	0.094	0.092	0.091	0.090	0.093	0.094	0.094	0.092	0.091	0.092
55:00:57	24.4	0.091	0.090	0.092	0.094	0.093	0.093	0.090	0.091	0.091	0.093	0.090	0.092	0.091	1.439	0.716	0.764	1.385	1.373	1.380	1.382	1.384	1.384	1.409	0.093	0.091	0.789	1.444	0.760	1.361	1.376	1.377	1.349	1.369	1.382	1.420	0.093	0.090	0.754	0.820	0.758	1.369	1.360	1.377	1.358	1.359	1.370	1.394	0.093	0.092	0.760	0.742	1.372	1.385	1.376	1.386	1.375	1.382	1.385	1.411	0.090	0.094	0.771	0.815	1.376	1.395	1.377	1.396	1.389	1.402	1.418	1.458	0.091	0.093	0.759	0.837	1.434	1.430	1.426	1.440	1.436	1.460	1.485	1.527	0.091	0.093	0.091	0.094	0.091	0.091	0.091	0.092	0.094	0.093	0.092	0.091	0.091
56:00:58	24.1	0.091	0.090	0.092	0.094	0.093	0.093	0.091	0.091	0.092	0.093	0.091	0.092	0.091	1.443	0.717	0.765	1.388	1.378	1.383	1.382	1.384	1.385	1.409	0.093	0.091	0.790	1.452	0.756	1.365	1.383	1.384	1.355	1.377	1.390	1.435	0.093	0.090	0.750	0.835	0.758	1.372	1.365	1.380	1.367	1.367	1.379	1.401	0.093	0.093	0.759	0.744	1.379	1.391	1.383	1.391	1.380	1.389	1.394	1.415	0.090	0.094	0.770	0.816	1.381	1.405	1.386	1.405	1.395	1.412	1.426	1.478	0.091	0.093	0.760	0.837	1.443	1.453	1.445	1.453	1.441	1.462	1.500	1.548	0.091	0.094	0.092	0.094	0.092	0.091	0.091	0.093	0.094	0.094	0.092	0.091	0.092
57:01:00	23.9	0.091	0.090	0.092	0.094	0.093	0.093	0.090	0.090	0.091	0.093	0.091	0.092	0.091	1.444	0.721	0.764	1.392	1.384	1.385	1.384	1.383	1.388	1.412	0.093	0.091	0.790	1.453	0.758	1.367	1.388	1.386	1.359	1.383	1.397	1.439	0.093	0.090	0.751	0.839	0.761	1.377	1.369	1.382	1.368	1.369	1.382	1.406	0.093	0.093	0.760	0.747	1.384	1.394	1.388	1.397	1.386	1.396	1.402	1.423	0.090	0.093	0.772	0.819	1.386	1.408	1.391	1.410	1.400	1.418	1.435	1.492	0.091	0.093	0.767	0.841	1.448	1.468	1.453	1.459	1.443	1.467	1.506	1.551	0.091	0.093	0.091	0.093	0.091	0.091	0.091	0.093	0.094	0.094	0.092	0.091	0.092
58:01:01	23.6	0.091	0.090	0.092	0.094	0.093	0.093	0.090	0.091	0.091	0.093	0.091	0.092	0.091	1.488	0.727	0.766	1.396	1.386	1.387	1.384	1.383	1.389	1.412	0.093	0.091	0.794	1.454	0.761	1.369	1.391	1.387	1.361	1.386	1.399	1.447	0.093	0.090	0.754	0.846	0.764	1.378	1.370	1.381	1.369	1.371	1.385	1.413	0.093	0.093	0.766	0.750	1.386	1.395	1.391	1.399	1.389	1.398	1.404	1.426	0.090	0.094	0.775	0.818	1.390	1.412	1.395	1.413	1.403	1.421	1.438	1.503	0.091	0.093	0.786	0.844	1.455	1.473	1.458	1.464	1.444	1.472	1.509	1.483	0.091	0.093	0.091	0.094	0.092	0.091	0.091	0.093	0.094	0.094	0.092	0.091	0.091
59:01:01	23.3	0.091	0.090	0.092	0.094	0.093	0.093	0.090	0.091	0.091	0.093	0.091	0.092	0.091	1.480	0.730	0.771	1.401	1.395	1.391	1.388	1.385	1.391	1.415	0.093	0.091	0.800	1.463	0.773	1.369	1.393	1.390	1.365	1.389	1.404	1.456	0.093	0.090	0.757	0.859	0.768	1.379	1.370	1.382	1.369	1.373	1.386	1.423	0.093	0.093	0.774	0.755	1.392	1.399	1.395	1.400	1.391	1.401	1.408	1.433	0.090	0.094	0.779	0.822	1.393	1.417	1.400	1.417	1.408	1.426	1.445	1.515	0.091	0.093	0.801	0.852	1.474	1.484	1.472	1.470	1.447	1.475	1.484	1.456	0.091	0.093	0.092	0.094	0.092	0.091	0.091	0.093	0.094	0.094	0.092	0.091	0.092
60:01:02	23.0	0.091	0.090	0.092	0.094	0.093	0.093	0.090	0.090	0.092	0.093	0.091	0.092	0.091	1.485	0.739	0.775	1.406	1.401	1.398	1.392	1.388	1.396	1.419	0.093	0.091	0.809	1.467	0.778	1.372	1.397	1.393	1.369	1.394	1.410	1.471	0.093	0.090	0.764	0.857	0.772	1.381	1.372	1.385	1.373	1.374	1.390	1.437	0.093	0.092	0.784	0.763	1.395	1.404	1.399	1.402	1.393	1.406	1.413	1.440	0.090	0.093	0.787	0.826	1.400	1.425	1.406	1.424	1.413	1.433	1.452	1.529	0.091	0.093	0.812	0.858	1.491	1.498	1.480	1.471	1.450	1.472	1.424	1.452	0.091	0.093	0.091	0.094	0.092	0.091	0.091	0.093	0.094	0.094	0.092	0.091	0.092
61:01:03	22.7	0.091	0.090	0.092	0.094	0.093	0.093	0.090	0.091	0.091	0.093	0.091	0.092	0.091	1.492	0.746	0.783	1.417	1.420	1.413	1.403	1.394	1.408	1.425	0.093	0.091	0.817	1.470	0.786	1.382	1.410	1.409	1.381	1.408	1.428	1.498	0.093	0.090	0.771	0.860	0.778	1.394	1.387	1.399	1.393	1.391	1.405	1.464	0.093	0.093	0.795	0.773	1.415	1.421	1.416	1.416	1.410	1.419	1.430	1.462	0.090	0.094	0.795	0.829	1.427	1.444	1.424	1.446	1.430	1.448	1.472	1.500	0.091	0.093	0.822	0.864	1.520	1.514	1.481	1.419	1.407	1.416	1.418	1.454	0.091	0.094	0.091	0.094	0.092	0.091	0.091	0.093	0.094	0.093	0.092	0.091	0.091
62:01:05	22.4	0.091	0.090	0.092	0.094	0.093	0.093	0.090	0.091	0.091	0.093	0.091	0.092	0.091	1.499	0.753	0.787	1.431	1.437	1.428	1.416	1.401	1.423	1.443	0.093	0.091	0.837	1.473	0.798	1.393	1.424	1.425	1.395	1.423	1.444	1.528	0.093	0.090	0.777	0.863	0.783	1.404	1.399	1.418	1.400	1.403	1.421	1.490	0.093	0.093	0.811	0.781	1.426	1.438	1.430	1.428	1.426	1.435	1.449	1.487	0.090	0.093	0.805	0.834	1.438	1.460	1.439	1.461	1.447	1.466	1.492	1.513	0.091	0.093	0.833	0.870	1.517	1.510	1.490	1.409	1.408	1.426	1.422	1.451	0.091	0.094	0.091	0.094	0.092	0.091	0.091	0.093	0.094	0.094	0.092	0.091	0.092
63:01:05	22.2	0.090	0.090	0.092	0.094	0.093	0.093	0.091	0.091	0.092	0.093	0.091	0.093	0.091	1.507	0.760	0.797	1.449	1.450	1.440	1.429	1.411	1.444	1.463	0.093	0.091	0.848	1.463	0.803	1.403	1.432	1.435	1.406	1.436	1.463	1.548	0.093	0.090	0.788	0.866	0.787	1.417	1.410	1.427	1.413	1.413	1.436	1.517	0.093	0.093	0.829	0.789	1.437	1.445	1.441	1.435	1.435	1.447	1.466	1.520	0.091	0.094	0.814	0.840	1.454	1.447	1.440	1.481	1.454	1.470	1.512	1.438	0.091	0.093	0.842	0.878	1.461	1.447	1.414	1.415	1.417	1.438	1.432	1.459	0.091	0.094	0.092	0.094	0.092	0.091	0.091	0.093	0.094	0.094	0.092	0.091	0.092
64:01:07	22.0	0.091	0.091	0.092	0.095	0.093	0.093	0.091	0.091	0.091	0.093	0.091	0.092	0.091	1.532	0.771	0.804	1.489	1.442	1.470	1.478	1.438	1.449	1.509	0.093	0.091	0.853	1.446	0.810	1.430	1.400	1.425	1.318	1.327	1.331	1.450	0.093	0.090	0.798	0.871	0.794	1.425	1.392	1.455	1.348	1.316	1.341	1.416	0.093	0.093	0.847	0.796	1.418	1.415	1.381	1.399	1.399	1.398	1.417	1.459	0.091	0.094	0.824	0.848	1.444	1.368	1.379	1.390	1.387	1.383	1.359	1.301	0.092	0.093	0.850	0.883	1.455	1.429	1.354	1.337	1.345	1.420	1.381	1.344	0.091	0.094	0.091	0.094	0.092	0.091	0.091	0.093	0.094	0.094	0.092	0.091	0.092
65:01:07	21.9	0.091	0.090	0.092	0.094	0.093	0.093	0.090	0.091	0.092	0.093	0.091	0.092	0.091	1.550	0.780	0.809	1.513	1.489	1.486	1.497	1.480	1.490	1.550	0.093	0.091	0.861	1.453	0.813	1.458	1.429	1.462	1.404	1.413	1.425	1.455	0.093	0.090	0.809	0.872	0.797	1.445	1.434	1.470	1.412	1.413	1.417	1.488	0.093	0.093	0.858	0.802	1.440	1.426	1.406	1.419	1.423	1.421	1.427	1.482	0.090	0.094	0.836	0.853	1.466	1.436	1.416	1.422	1.419	1.436	1.450	1.465	0.092	0.093	0.860	0.889	1.469	1.460	1.435	1.437	1.439	1.455	1.463	1.476	0.091	0.094	0.092	0.094	0.092	0.091	0.091	0.093	0.094	0.094	0.092	0.091	0.092
66:01:08	22.0	0.090	0.090	0.092	0.094	0.093	0.093	0.090	0.090	0.092	0.093	0.091	0.092	0.091	1.554	0.784	0.812	1.521	1.481	1.485	1.504	1.484	1.490	1.554	0.093	0.091	0.866	1.453	0.814	1.467	1.424	1.463	1.399	1.406	1.418	1.448	0.093	0.090	0.817	0.874	0.799	1.445	1.435	1.476	1.405	1.407	1.412	1.485	0.093	0.092	0.877	0.804	1.437	1.422	1.403	1.414	1.418	1.415	1.421	1.476	0.090	0.093	0.858	0.855	1.459	1.433	1.411	1.418	1.413	1.432	1.443	1.460	0.091	0.093	0.863	0.893	1.463	1.457	1.432	1.436	1.437	1.452	1.460	1.476	0.091	0.093	0.092	0.093	0.092	0.091	0.091	0.093	0.094	0.094	0.092	0.091	0.092
67:01:10	22.2	0.091	0.090	0.092	0.094	0.093	0.093	0.090	0.091	0.091	0.093	0.091	0.092	0.091	1.540	0.790	0.816	1.528	1.484	1.487	1.510	1.486	1.490	1.560	0.093	0.091	0.875	1.453	0.815	1.470	1.422	1.461	1.393	1.398	1.410	1.440	0.093	0.090	0.823	0.880	0.800	1.448	1.436	1.482	1.399	1.401	1.406	1.479	0.093	0.093	0.901	0.806	1.436	1.418	1.400	1.410	1.411	1.410	1.413	1.470	0.090	0.094	0.870	0.856	1.460	1.428	1.406	1.412	1.407	1.425	1.435	1.453	0.092	0.093	0.868	0.895	1.455	1.450	1.429	1.431	1.434	1.448	1.455	1.474	0.091	0.094	0.091	0.094	0.092	0.091	0.091	0.093	0.094	0.094	0.092	0.091	0.091
68:01:11	22.6	0.091	0.090	0.092	0.095	0.093	0.093	0.090	0.091	0.091	0.093	0.091	0.092	0.091	1.499	0.792	0.815	1.538	1.485	1.474	1.516	1.490	1.489	1.568	0.093	0.091	0.879	1.452	0.815	1.472	1.418	1.461	1.390	1.389	1.400	1.433	0.093	0.090	0.828	0.883	0.800	1.448	1.434	1.490	1.392	1.391	1.398	1.475	0.093	0.093	0.907	0.806	1.432	1.414	1.395	1.404	1.405	1.403	1.408	1.461	0.090	0.094	0.876	0.855	1.458	1.423	1.401	1.404	1.401	1.417	1.426	1.450	0.092	0.093	0.870	0.896	1.452	1.448	1.426	1.429	1.431	1.446	1.453	1.473	0.091	0.094	0.092	0.093	0.092	0.091	0.091	0.093	0.094	0.094	0.092	0.091	0.092
69:01:10	23.2	0.090	0.090	0.092	0.094	0.093	0.093	0.090	0.091	0.091	0.093	0.091	0.092	0.091	1.493	0.793	0.814	1.552	1.488	1.480	1.522	1.498	1.492	1.580	0.093	0.091	0.883	1.451	0.814	1.479	1.414	1.457	1.383	1.380	1.392	1.428	0.093	0.090	0.834	0.881	0.799	1.451	1.436	1.495	1.386	1.383	1.391	1.473	0.093	0.093	0.911	0.804	1.432	1.409	1.387	1.397	1.397	1.395	1.402	1.456	0.090	0.093	0.879	0.855	1.458	1.418	1.396	1.397	1.394	1.411	1.419	1.444	0.091	0.093	0.870	0.894	1.447	1.443	1.423	1.426	1.430	1.445	1.451	1.474	0.091	0.093	0.092	0.094	0.092	0.091	0.090	0.093	0.094	0.094	0.092	0.091	0.092
70:01:13	23.9	0.091	0.090	0.092	0.094	0.093	0.093	0.090	0.091	0.091	0.093	0.091	0.092	0.091	1.488	0.792	0.811	1.566	1.487	1.476	1.532	1.509	1.508	1.592	0.093	0.091	0.885	1.456	0.810	1.487	1.404	1.456	1.380	1.373	1.385	1.424	0.093	0.090	0.836	0.878	0.794	1.451	1.436	1.502	1.379	1.373	1.386	1.468	0.093	0.093	0.912	0.803	1.426	1.406	1.382	1.391	1.390	1.390	1.398	1.456	0.090	0.093	0.879	0.854	1.440	1.417	1.388	1.392	1.387	1.405	1.413	1.444	0.091	0.093	0.871	0.894	1.449	1.444	1.422	1.426	1.431	1.444	1.451	1.479	0.091	0.094	0.091	0.094	0.092	0.091	0.091	0.093	0.094	0.093	0.092	0.091	0.091
71:01:13	24.6	0.090	0.090	0.092	0.094	0.093	0.093	0.090	0.090	0.091	0.092	0.091	0.092	0.091	1.471	0.790	0.808	1.573	1.487	1.475	1.542	1.522	1.518	1.590	0.093	0.090	0.888	1.464	0.806	1.499	1.404	1.459	1.378	1.371	1.385	1.427	0.093	0.090	0.838	0.873	0.790	1.457	1.444	1.516	1.378	1.370	1.384	1.459	0.093	0.093	0.917	0.798	1.424	1.408	1.380	1.389	1.390	1.389	1.398	1.460	0.090	0.093	0.880	0.854	1.428	1.419	1.387	1.391	1.387	1.405	1.412	1.448	0.091	0.093	0.869	0.892	1.452	1.446	1.426	1.428	1.434	1.449	1.455	1.491	0.091	0.093	0.091	0.093	0.091	0.090	0.090	0.093	0.094	0.094	0.092	0.090	0.091
72:01:14	25.2	0.091	0.090	0.092	0.095	0.093	0.093	0.090	0.091	0.092	0.093	0.091	0.092	0.091	1.470	0.788	0.806	1.573	1.499	1.483	1.561	1.548	1.533	1.599	0.093	0.091	0.888	1.476	0.802	1.516	1.395	1.462	1.379	1.373	1.387	1.430	0.093	0.090	0.841	0.869	0.786	1.471	1.456	1.532	1.380	1.374	1.388	1.455	0.093	0.093	0.919	0.792	1.426	1.411	1.383	1.395	1.391	1.392	1.401	1.457	0.090	0.094	0.878	0.853	1.401	1.418	1.391	1.395	1.390	1.408	1.416	1.455	0.091	0.093	0.864	0.887	1.455	1.450	1.429	1.433	1.440	1.456	1.461	1.505	0.091	0.094	0.092	0.094	0.092	0.091	0.091	0.093	0.094	0.094	0.092	0.091	0.091

