Time	T° 600	A1	A2	A3	A4	A5	A6	A7	A8	A9	A10	A11	A12	B1	B2	B3	B4	B5	B6	B7	B8	B9	B10	B11	B12	C1	C2	C3	C4	C5	C6	C7	C8	C9	C10	C11	C12	D1	D2	D3	D4	D5	D6	D7	D8	D9	D10	D11	D12	E1	E2	E3	E4	E5	E6	E7	E8	E9	E10	E11	E12	F1	F2	F3	F4	F5	F6	F7	F8	F9	F10	F11	F12	G1	G2	G3	G4	G5	G6	G7	G8	G9	G10	G11	G12	H1	H2	H3	H4	H5	H6	H7	H8	H9	H10	H11	H12
0:00:06	20.0	0.091	0.092	0.094	0.096	0.095	0.093	0.093	0.092	0.092	0.093	0.093	0.093	0.091	0.094	0.094	0.094	0.097	0.095	0.095	0.095	0.095	0.097	0.096	0.093	0.092	0.094	0.097	0.094	0.094	0.100	0.095	0.097	0.095	0.098	0.098	0.092	0.092	0.094	0.095	0.096	0.094	0.094	0.101	0.094	0.095	0.099	0.098	0.091	0.091	0.096	0.096	0.094	0.094	0.095	0.095	0.093	0.094	0.095	0.094	0.091	0.091	0.097	0.098	0.096	0.095	0.095	0.097	0.094	0.096	0.095	0.095	0.091	0.098	0.095	0.098	0.097	0.096	0.101	0.098	0.099	0.094	0.097	0.094	0.091	0.091	0.094	0.093	0.092	0.095	0.092	0.092	0.093	0.092	0.092	0.094	0.094
1:00:04	20.0	0.092	0.093	0.094	0.096	0.095	0.093	0.093	0.092	0.093	0.093	0.093	0.093	0.091	0.095	0.095	0.094	0.097	0.095	0.095	0.096	0.096	0.097	0.096	0.093	0.092	0.094	0.099	0.094	0.095	0.101	0.096	0.097	0.095	0.098	0.098	0.092	0.092	0.095	0.095	0.098	0.097	0.095	0.102	0.095	0.095	0.099	0.097	0.091	0.091	0.097	0.097	0.095	0.095	0.096	0.096	0.094	0.094	0.095	0.095	0.092	0.092	0.098	0.098	0.096	0.096	0.095	0.096	0.094	0.096	0.095	0.095	0.091	0.098	0.096	0.098	0.097	0.097	0.101	0.100	0.099	0.095	0.097	0.095	0.091	0.092	0.094	0.093	0.092	0.094	0.093	0.092	0.093	0.092	0.092	0.094	0.093
2:00:05	20.0	0.091	0.092	0.094	0.096	0.095	0.093	0.093	0.092	0.092	0.093	0.092	0.093	0.091	0.095	0.095	0.095	0.098	0.095	0.095	0.095	0.096	0.098	0.096	0.093	0.092	0.094	0.100	0.094	0.095	0.103	0.096	0.097	0.095	0.098	0.099	0.096	0.092	0.095	0.095	0.099	0.099	0.095	0.103	0.095	0.095	0.099	0.098	0.091	0.091	0.097	0.097	0.095	0.095	0.096	0.098	0.094	0.094	0.095	0.095	0.091	0.092	0.098	0.098	0.097	0.096	0.095	0.097	0.094	0.097	0.095	0.095	0.091	0.098	0.096	0.098	0.097	0.096	0.103	0.099	0.099	0.095	0.098	0.095	0.091	0.091	0.093	0.093	0.092	0.094	0.093	0.092	0.092	0.092	0.092	0.094	0.093
3:00:06	19.9	0.092	0.092	0.094	0.096	0.095	0.094	0.093	0.092	0.093	0.093	0.093	0.093	0.091	0.095	0.095	0.095	0.098	0.095	0.096	0.096	0.097	0.098	0.096	0.093	0.092	0.095	0.102	0.095	0.095	0.104	0.096	0.097	0.096	0.099	0.099	0.093	0.092	0.096	0.096	0.098	0.101	0.095	0.104	0.095	0.096	0.100	0.098	0.092	0.092	0.097	0.098	0.095	0.095	0.096	0.099	0.094	0.095	0.096	0.096	0.092	0.092	0.098	0.098	0.097	0.096	0.096	0.097	0.094	0.097	0.096	0.095	0.091	0.098	0.096	0.098	0.098	0.097	0.107	0.102	0.100	0.095	0.098	0.096	0.092	0.092	0.094	0.093	0.092	0.094	0.093	0.092	0.093	0.092	0.092	0.095	0.094
4:00:07	19.8	0.092	0.093	0.094	0.096	0.095	0.093	0.093	0.092	0.093	0.093	0.093	0.093	0.091	0.095	0.095	0.095	0.098	0.096	0.096	0.096	0.097	0.098	0.097	0.093	0.092	0.095	0.102	0.095	0.095	0.105	0.096	0.097	0.096	0.099	0.099	0.093	0.092	0.096	0.096	0.100	0.103	0.096	0.105	0.096	0.096	0.101	0.098	0.091	0.092	0.098	0.098	0.096	0.095	0.097	0.099	0.095	0.095	0.096	0.096	0.092	0.092	0.099	0.099	0.097	0.097	0.096	0.097	0.095	0.098	0.095	0.096	0.092	0.098	0.096	0.099	0.098	0.097	0.100	0.100	0.100	0.095	0.098	0.096	0.091	0.092	0.094	0.093	0.092	0.094	0.093	0.092	0.093	0.092	0.092	0.094	0.094
5:00:07	19.8	0.092	0.092	0.094	0.096	0.095	0.093	0.093	0.092	0.093	0.093	0.093	0.093	0.091	0.096	0.095	0.095	0.099	0.096	0.097	0.096	0.097	0.099	0.097	0.093	0.092	0.096	0.103	0.095	0.095	0.105	0.096	0.097	0.097	0.099	0.100	0.092	0.092	0.096	0.096	0.101	0.102	0.096	0.105	0.096	0.097	0.100	0.098	0.091	0.091	0.098	0.098	0.096	0.095	0.097	0.099	0.095	0.095	0.097	0.096	0.092	0.092	0.099	0.099	0.097	0.097	0.096	0.098	0.095	0.098	0.095	0.097	0.091	0.098	0.096	0.099	0.098	0.098	0.102	0.098	0.100	0.096	0.098	0.096	0.091	0.092	0.094	0.093	0.092	0.094	0.093	0.092	0.092	0.092	0.092	0.094	0.094
6:00:09	19.7	0.093	0.093	0.094	0.096	0.096	0.093	0.093	0.093	0.093	0.094	0.093	0.093	0.091	0.096	0.096	0.096	0.099	0.096	0.097	0.097	0.098	0.100	0.097	0.093	0.092	0.096	0.104	0.095	0.095	0.107	0.097	0.098	0.097	0.099	0.100	0.093	0.093	0.097	0.097	0.103	0.104	0.097	0.106	0.097	0.097	0.101	0.099	0.092	0.092	0.099	0.099	0.097	0.096	0.097	0.099	0.096	0.095	0.097	0.097	0.092	0.092	0.100	0.099	0.099	0.098	0.096	0.098	0.095	0.099	0.096	0.097	0.091	0.098	0.097	0.099	0.099	0.099	0.105	0.100	0.101	0.096	0.099	0.098	0.092	0.092	0.094	0.093	0.092	0.094	0.093	0.092	0.092	0.092	0.095	0.094	0.094
7:00:10	19.6	0.092	0.092	0.094	0.096	0.095	0.093	0.093	0.092	0.093	0.094	0.093	0.093	0.091	0.097	0.096	0.096	0.099	0.096	0.098	0.098	0.098	0.100	0.097	0.093	0.092	0.097	0.104	0.095	0.095	0.109	0.096	0.098	0.098	0.099	0.100	0.093	0.092	0.097	0.097	0.103	0.106	0.098	0.107	0.097	0.098	0.102	0.099	0.092	0.091	0.099	0.099	0.097	0.096	0.098	0.099	0.096	0.095	0.098	0.098	0.091	0.092	0.100	0.100	0.099	0.099	0.096	0.098	0.095	0.099	0.096	0.098	0.091	0.098	0.097	0.100	0.099	0.099	0.108	0.100	0.102	0.096	0.100	0.098	0.092	0.092	0.094	0.093	0.092	0.095	0.093	0.092	0.092	0.092	0.092	0.094	0.094
8:00:10	19.6	0.092	0.092	0.094	0.096	0.095	0.093	0.093	0.092	0.093	0.093	0.093	0.093	0.091	0.097	0.096	0.097	0.100	0.096	0.099	0.099	0.099	0.101	0.097	0.093	0.092	0.097	0.106	0.095	0.095	0.109	0.096	0.099	0.098	0.099	0.101	0.093	0.092	0.098	0.097	0.105	0.108	0.098	0.109	0.098	0.099	0.104	0.099	0.092	0.091	0.100	0.100	0.098	0.097	0.098	0.099	0.097	0.095	0.099	0.099	0.092	0.092	0.100	0.100	0.099	0.099	0.097	0.099	0.095	0.100	0.096	0.099	0.091	0.098	0.098	0.100	0.100	0.100	0.113	0.100	0.103	0.097	0.100	0.099	0.091	0.091	0.094	0.093	0.092	0.094	0.093	0.092	0.092	0.092	0.092	0.094	0.094
9:00:11	19.5	0.092	0.093	0.094	0.096	0.095	0.093	0.093	0.092	0.093	0.093	0.093	0.093	0.091	0.098	0.096	0.098	0.100	0.096	0.100	0.099	0.100	0.102	0.097	0.093	0.092	0.098	0.106	0.095	0.095	0.110	0.097	0.100	0.100	0.100	0.102	0.092	0.092	0.098	0.098	0.105	0.106	0.099	0.113	0.099	0.100	0.106	0.100	0.091	0.091	0.100	0.100	0.098	0.098	0.099	0.100	0.098	0.096	0.100	0.101	0.092	0.092	0.101	0.101	0.100	0.100	0.097	0.100	0.096	0.101	0.096	0.100	0.091	0.098	0.098	0.101	0.101	0.101	0.103	0.098	0.104	0.098	0.102	0.100	0.092	0.092	0.094	0.093	0.092	0.095	0.093	0.092	0.093	0.092	0.092	0.094	0.094
10:00:12	19.4	0.092	0.093	0.095	0.096	0.095	0.094	0.093	0.093	0.093	0.094	0.093	0.093	0.091	0.099	0.097	0.099	0.101	0.097	0.102	0.101	0.102	0.104	0.098	0.093	0.093	0.099	0.109	0.096	0.096	0.111	0.097	0.101	0.101	0.100	0.102	0.093	0.093	0.099	0.099	0.107	0.105	0.101	0.114	0.101	0.102	0.108	0.101	0.092	0.092	0.101	0.101	0.099	0.098	0.101	0.100	0.100	0.096	0.102	0.102	0.092	0.092	0.102	0.102	0.101	0.102	0.097	0.101	0.096	0.104	0.097	0.102	0.092	0.098	0.099	0.102	0.102	0.103	0.108	0.098	0.106	0.099	0.104	0.102	0.092	0.092	0.094	0.093	0.093	0.095	0.093	0.092	0.092	0.092	0.092	0.094	0.094
11:00:13	19.4	0.092	0.093	0.094	0.096	0.095	0.093	0.093	0.092	0.093	0.094	0.093	0.093	0.091	0.100	0.097	0.100	0.101	0.097	0.103	0.102	0.103	0.105	0.098	0.093	0.093	0.100	0.110	0.096	0.096	0.112	0.097	0.102	0.103	0.100	0.103	0.093	0.092	0.100	0.099	0.109	0.111	0.102	0.111	0.102	0.104	0.111	0.102	0.092	0.092	0.102	0.102	0.100	0.099	0.102	0.100	0.101	0.096	0.104	0.105	0.092	0.092	0.103	0.103	0.102	0.103	0.097	0.101	0.096	0.106	0.097	0.103	0.092	0.098	0.100	0.103	0.103	0.104	0.113	0.098	0.109	0.100	0.106	0.105	0.092	0.092	0.094	0.094	0.093	0.095	0.093	0.092	0.093	0.092	0.093	0.094	0.094
12:00:15	19.3	0.092	0.093	0.094	0.096	0.095	0.094	0.093	0.092	0.093	0.093	0.093	0.093	0.091	0.101	0.097	0.102	0.102	0.097	0.105	0.104	0.106	0.107	0.098	0.093	0.093	0.101	0.111	0.096	0.095	0.113	0.097	0.103	0.105	0.100	0.104	0.093	0.092	0.100	0.100	0.109	0.109	0.103	0.116	0.104	0.106	0.112	0.101	0.092	0.091	0.103	0.104	0.101	0.100	0.103	0.100	0.103	0.097	0.106	0.107	0.092	0.092	0.104	0.105	0.103	0.104	0.097	0.101	0.096	0.108	0.097	0.106	0.092	0.098	0.101	0.104	0.104	0.106	0.111	0.098	0.111	0.101	0.108	0.107	0.092	0.092	0.094	0.093	0.092	0.094	0.093	0.092	0.093	0.092	0.092	0.094	0.094
13:00:15	19.2	0.092	0.093	0.094	0.096	0.095	0.093	0.093	0.093	0.093	0.094	0.093	0.093	0.091	0.103	0.097	0.104	0.103	0.097	0.107	0.106	0.108	0.110	0.098	0.093	0.093	0.102	0.113	0.096	0.096	0.115	0.097	0.105	0.107	0.101	0.105	0.093	0.092	0.102	0.101	0.111	0.110	0.105	0.116	0.106	0.109	0.112	0.103	0.092	0.092	0.104	0.106	0.102	0.101	0.104	0.101	0.106	0.097	0.109	0.110	0.092	0.092	0.105	0.106	0.105	0.106	0.097	0.103	0.097	0.112	0.097	0.108	0.092	0.098	0.102	0.105	0.105	0.108	0.113	0.098	0.113	0.103	0.111	0.109	0.092	0.092	0.094	0.093	0.092	0.094	0.093	0.092	0.093	0.092	0.093	0.094	0.094
14:00:16	19.2	0.091	0.092	0.094	0.096	0.095	0.093	0.093	0.092	0.093	0.094	0.093	0.093	0.091	0.105	0.097	0.107	0.103	0.097	0.110	0.109	0.111	0.113	0.098	0.093	0.092	0.103	0.116	0.096	0.095	0.117	0.097	0.107	0.110	0.101	0.106	0.093	0.092	0.103	0.102	0.110	0.107	0.107	0.121	0.109	0.112	0.116	0.102	0.092	0.091	0.106	0.107	0.104	0.102	0.106	0.101	0.109	0.097	0.112	0.114	0.092	0.092	0.106	0.108	0.107	0.108	0.098	0.104	0.097	0.113	0.097	0.111	0.091	0.098	0.102	0.107	0.106	0.110	0.120	0.098	0.115	0.106	0.116	0.112	0.092	0.092	0.094	0.094	0.092	0.094	0.093	0.092	0.093	0.092	0.093	0.094	0.094
15:00:17	19.4	0.092	0.092	0.094	0.096	0.095	0.094	0.093	0.092	0.093	0.093	0.093	0.093	0.091	0.107	0.097	0.109	0.104	0.098	0.113	0.112	0.114	0.117	0.098	0.093	0.093	0.105	0.115	0.096	0.095	0.118	0.097	0.109	0.114	0.101	0.108	0.093	0.093	0.105	0.104	0.117	0.108	0.109	0.122	0.112	0.117	0.121	0.104	0.092	0.092	0.108	0.110	0.106	0.104	0.108	0.101	0.112	0.097	0.117	0.118	0.092	0.092	0.108	0.110	0.109	0.110	0.098	0.105	0.097	0.117	0.097	0.115	0.092	0.098	0.104	0.109	0.108	0.113	0.115	0.098	0.118	0.109	0.118	0.116	0.092	0.092	0.094	0.093	0.092	0.094	0.093	0.092	0.093	0.092	0.092	0.094	0.094
16:00:19	19.6	0.092	0.093	0.094	0.096	0.096	0.094	0.093	0.093	0.093	0.093	0.093	0.093	0.091	0.110	0.097	0.113	0.105	0.098	0.116	0.115	0.117	0.121	0.099	0.093	0.093	0.108	0.119	0.096	0.095	0.121	0.097	0.112	0.117	0.101	0.110	0.093	0.092	0.108	0.106	0.120	0.117	0.112	0.124	0.116	0.121	0.125	0.106	0.092	0.091	0.111	0.113	0.109	0.106	0.110	0.101	0.116	0.098	0.121	0.122	0.092	0.092	0.110	0.113	0.111	0.113	0.098	0.106	0.097	0.121	0.098	0.118	0.091	0.098	0.106	0.111	0.111	0.117	0.117	0.098	0.121	0.112	0.123	0.120	0.092	0.092	0.094	0.093	0.093	0.094	0.093	0.092	0.093	0.092	0.092	0.094	0.094
17:00:19	19.7	0.091	0.092	0.094	0.096	0.095	0.093	0.093	0.092	0.093	0.093	0.093	0.093	0.091	0.113	0.098	0.117	0.107	0.098	0.119	0.119	0.122	0.126	0.099	0.093	0.093	0.110	0.118	0.096	0.095	0.123	0.096	0.115	0.122	0.101	0.112	0.093	0.092	0.110	0.109	0.120	0.114	0.115	0.126	0.119	0.126	0.133	0.105	0.092	0.091	0.114	0.117	0.111	0.108	0.112	0.102	0.121	0.098	0.126	0.127	0.091	0.092	0.112	0.116	0.114	0.116	0.098	0.107	0.098	0.125	0.098	0.123	0.091	0.098	0.107	0.114	0.114	0.121	0.124	0.098	0.123	0.115	0.128	0.124	0.091	0.092	0.094	0.093	0.092	0.094	0.093	0.092	0.093	0.092	0.092	0.094	0.094
18:00:22	19.7	0.092	0.092	0.094	0.096	0.095	0.093	0.093	0.092	0.093	0.093	0.093	0.093	0.091	0.116	0.098	0.122	0.108	0.097	0.123	0.124	0.127	0.132	0.099	0.093	0.092	0.113	0.124	0.096	0.095	0.125	0.097	0.118	0.126	0.101	0.115	0.093	0.092	0.113	0.112	0.124	0.113	0.118	0.129	0.123	0.130	0.136	0.107	0.092	0.091	0.117	0.122	0.114	0.110	0.115	0.102	0.125	0.098	0.130	0.131	0.092	0.092	0.115	0.119	0.116	0.119	0.098	0.109	0.098	0.130	0.098	0.127	0.091	0.098	0.109	0.117	0.116	0.125	0.126	0.097	0.126	0.119	0.136	0.128	0.092	0.092	0.094	0.093	0.092	0.095	0.093	0.092	0.093	0.092	0.092	0.094	0.093
19:00:21	19.6	0.092	0.093	0.094	0.096	0.095	0.093	0.093	0.092	0.093	0.093	0.093	0.093	0.091	0.120	0.098	0.127	0.110	0.098	0.129	0.129	0.131	0.137	0.099	0.093	0.092	0.116	0.127	0.096	0.095	0.127	0.097	0.122	0.130	0.101	0.117	0.093	0.092	0.115	0.116	0.130	0.115	0.122	0.134	0.126	0.133	0.138	0.106	0.092	0.092	0.120	0.125	0.118	0.113	0.118	0.102	0.128	0.099	0.134	0.135	0.092	0.092	0.117	0.121	0.119	0.122	0.099	0.110	0.098	0.137	0.098	0.132	0.091	0.098	0.111	0.119	0.118	0.128	0.129	0.097	0.131	0.124	0.141	0.133	0.092	0.092	0.094	0.093	0.092	0.094	0.093	0.092	0.092	0.092	0.093	0.094	0.094
20:00:21	19.5	0.091	0.092	0.094	0.096	0.095	0.093	0.093	0.092	0.093	0.093	0.092	0.092	0.090	0.124	0.098	0.130	0.113	0.097	0.134	0.134	0.136	0.141	0.099	0.093	0.092	0.118	0.126	0.096	0.095	0.129	0.096	0.126	0.133	0.101	0.120	0.092	0.092	0.118	0.119	0.127	0.118	0.124	0.137	0.129	0.136	0.141	0.108	0.091	0.091	0.122	0.127	0.121	0.116	0.121	0.102	0.131	0.098	0.137	0.139	0.091	0.092	0.119	0.123	0.121	0.124	0.098	0.112	0.098	0.144	0.098	0.136	0.091	0.098	0.113	0.121	0.120	0.130	0.135	0.097	0.137	0.128	0.145	0.137	0.091	0.091	0.094	0.093	0.092	0.094	0.092	0.092	0.092	0.092	0.092	0.094	0.094
21:00:22	19.5	0.092	0.092	0.094	0.096	0.096	0.094	0.093	0.093	0.093	0.093	0.093	0.093	0.091	0.128	0.098	0.135	0.115	0.098	0.139	0.138	0.140	0.145	0.099	0.093	0.093	0.122	0.129	0.096	0.096	0.133	0.097	0.129	0.136	0.102	0.123	0.093	0.092	0.121	0.123	0.129	0.123	0.128	0.141	0.133	0.140	0.143	0.109	0.092	0.092	0.126	0.130	0.124	0.120	0.125	0.102	0.134	0.099	0.140	0.142	0.092	0.092	0.122	0.125	0.124	0.127	0.099	0.115	0.098	0.148	0.099	0.140	0.092	0.098	0.116	0.124	0.123	0.133	0.138	0.097	0.141	0.132	0.150	0.141	0.092	0.092	0.094	0.094	0.093	0.094	0.093	0.092	0.093	0.092	0.093	0.094	0.094
22:00:23	19.4	0.092	0.092	0.094	0.096	0.095	0.093	0.093	0.092	0.093	0.093	0.093	0.093	0.091	0.132	0.098	0.139	0.119	0.098	0.144	0.142	0.144	0.148	0.099	0.093	0.092	0.125	0.134	0.096	0.096	0.137	0.097	0.133	0.139	0.102	0.126	0.093	0.093	0.125	0.126	0.133	0.126	0.132	0.144	0.135	0.143	0.146	0.110	0.092	0.091	0.130	0.133	0.127	0.124	0.127	0.102	0.137	0.100	0.142	0.145	0.092	0.092	0.126	0.127	0.127	0.130	0.099	0.118	0.099	0.150	0.099	0.143	0.091	0.098	0.119	0.126	0.126	0.136	0.141	0.097	0.144	0.136	0.151	0.145	0.092	0.092	0.094	0.093	0.093	0.094	0.092	0.092	0.093	0.092	0.095	0.094	0.094
23:00:24	19.5	0.092	0.092	0.094	0.096	0.095	0.094	0.093	0.092	0.093	0.093	0.093	0.093	0.091	0.135	0.098	0.142	0.122	0.097	0.148	0.146	0.148	0.152	0.100	0.093	0.093	0.129	0.139	0.096	0.096	0.141	0.097	0.136	0.142	0.102	0.129	0.093	0.092	0.129	0.129	0.136	0.128	0.136	0.148	0.138	0.145	0.147	0.108	0.092	0.091	0.133	0.136	0.130	0.128	0.131	0.102	0.140	0.099	0.145	0.148	0.092	0.092	0.129	0.129	0.130	0.133	0.099	0.122	0.099	0.152	0.099	0.147	0.092	0.098	0.123	0.129	0.129	0.140	0.144	0.097	0.147	0.139	0.154	0.148	0.092	0.092	0.094	0.093	0.092	0.094	0.093	0.092	0.093	0.092	0.092	0.094	0.094
24:00:25	19.5	0.091	0.092	0.094	0.096	0.095	0.094	0.093	0.092	0.092	0.093	0.093	0.093	0.091	0.139	0.097	0.146	0.126	0.097	0.153	0.150	0.151	0.156	0.100	0.093	0.093	0.133	0.142	0.096	0.095	0.144	0.096	0.139	0.145	0.102	0.132	0.093	0.092	0.133	0.132	0.140	0.132	0.140	0.152	0.141	0.148	0.150	0.108	0.091	0.091	0.138	0.138	0.134	0.133	0.136	0.103	0.143	0.100	0.148	0.151	0.092	0.092	0.133	0.131	0.133	0.137	0.099	0.126	0.099	0.155	0.099	0.151	0.091	0.098	0.128	0.131	0.133	0.143	0.147	0.097	0.149	0.142	0.155	0.152	0.091	0.092	0.094	0.093	0.092	0.094	0.093	0.092	0.092	0.092	0.092	0.094	0.094
25:00:26	19.5	0.091	0.092	0.094	0.096	0.095	0.093	0.093	0.092	0.093	0.093	0.093	0.093	0.091	0.142	0.097	0.150	0.131	0.097	0.159	0.153	0.155	0.160	0.100	0.093	0.092	0.137	0.144	0.096	0.096	0.149	0.096	0.142	0.149	0.103	0.135	0.093	0.092	0.137	0.135	0.142	0.134	0.146	0.156	0.143	0.152	0.154	0.108	0.092	0.091	0.142	0.141	0.137	0.138	0.140	0.103	0.146	0.100	0.151	0.156	0.092	0.092	0.137	0.133	0.137	0.141	0.099	0.131	0.099	0.158	0.099	0.155	0.091	0.098	0.132	0.134	0.137	0.147	0.152	0.097	0.152	0.146	0.158	0.156	0.091	0.092	0.094	0.093	0.092	0.094	0.092	0.092	0.092	0.092	0.092	0.094	0.094
26:00:28	19.5	0.092	0.092	0.094	0.096	0.095	0.094	0.093	0.092	0.093	0.093	0.093	0.093	0.091	0.146	0.097	0.154	0.136	0.097	0.165	0.158	0.160	0.164	0.100	0.093	0.092	0.142	0.147	0.096	0.096	0.154	0.096	0.145	0.153	0.103	0.138	0.092	0.092	0.142	0.138	0.146	0.137	0.152	0.161	0.147	0.156	0.157	0.109	0.092	0.091	0.147	0.144	0.141	0.143	0.146	0.103	0.150	0.100	0.154	0.161	0.092	0.091	0.142	0.136	0.141	0.146	0.099	0.136	0.099	0.161	0.099	0.160	0.091	0.098	0.137	0.137	0.142	0.152	0.155	0.097	0.154	0.150	0.161	0.161	0.091	0.092	0.094	0.093	0.092	0.094	0.093	0.092	0.092	0.092	0.092	0.094	0.093
27:00:28	19.4	0.092	0.092	0.094	0.096	0.095	0.094	0.093	0.092	0.093	0.093	0.093	0.093	0.091	0.150	0.097	0.158	0.142	0.097	0.171	0.163	0.165	0.170	0.100	0.093	0.092	0.147	0.152	0.096	0.096	0.160	0.096	0.150	0.158	0.103	0.142	0.093	0.092	0.147	0.141	0.150	0.142	0.159	0.168	0.151	0.160	0.161	0.109	0.091	0.092	0.153	0.148	0.146	0.149	0.152	0.103	0.154	0.101	0.159	0.167	0.092	0.092	0.147	0.139	0.147	0.152	0.100	0.142	0.099	0.165	0.100	0.166	0.092	0.098	0.142	0.140	0.147	0.158	0.160	0.097	0.157	0.154	0.165	0.167	0.092	0.092	0.094	0.093	0.093	0.094	0.093	0.092	0.092	0.092	0.093	0.094	0.094
28:00:28	19.4	0.091	0.092	0.094	0.096	0.095	0.094	0.093	0.092	0.093	0.093	0.093	0.093	0.091	0.154	0.097	0.162	0.148	0.097	0.179	0.167	0.170	0.175	0.100	0.093	0.092	0.154	0.158	0.096	0.096	0.166	0.096	0.154	0.163	0.103	0.146	0.093	0.092	0.153	0.145	0.153	0.147	0.167	0.175	0.155	0.164	0.163	0.108	0.091	0.091	0.159	0.152	0.151	0.156	0.159	0.103	0.158	0.101	0.163	0.173	0.092	0.092	0.153	0.143	0.152	0.159	0.099	0.148	0.099	0.169	0.099	0.172	0.091	0.098	0.148	0.144	0.153	0.164	0.165	0.097	0.160	0.160	0.167	0.173	0.092	0.092	0.094	0.093	0.092	0.094	0.093	0.092	0.093	0.092	0.092	0.094	0.094
29:00:29	19.3	0.092	0.092	0.094	0.096	0.095	0.093	0.093	0.092	0.092	0.093	0.093	0.093	0.091	0.161	0.097	0.168	0.155	0.097	0.187	0.173	0.176	0.181	0.101	0.093	0.092	0.161	0.165	0.096	0.096	0.174	0.096	0.159	0.170	0.103	0.151	0.093	0.092	0.160	0.149	0.158	0.152	0.176	0.182	0.161	0.170	0.168	0.109	0.091	0.091	0.167	0.157	0.158	0.163	0.167	0.103	0.164	0.101	0.168	0.180	0.092	0.092	0.159	0.147	0.159	0.167	0.100	0.155	0.100	0.174	0.100	0.179	0.092	0.098	0.155	0.149	0.160	0.171	0.170	0.097	0.163	0.165	0.171	0.181	0.092	0.092	0.094	0.093	0.093	0.094	0.093	0.092	0.093	0.092	0.092	0.094	0.094
30:00:31	19.2	0.092	0.093	0.094	0.096	0.096	0.094	0.094	0.093	0.093	0.093	0.093	0.093	0.091	0.167	0.097	0.174	0.163	0.097	0.196	0.178	0.181	0.187	0.101	0.093	0.092	0.170	0.172	0.096	0.096	0.183	0.096	0.166	0.177	0.104	0.156	0.093	0.092	0.168	0.154	0.163	0.159	0.185	0.190	0.167	0.175	0.173	0.108	0.092	0.091	0.176	0.163	0.165	0.170	0.177	0.104	0.170	0.102	0.174	0.188	0.092	0.092	0.167	0.153	0.167	0.176	0.100	0.162	0.100	0.180	0.100	0.188	0.092	0.098	0.163	0.154	0.168	0.180	0.177	0.097	0.167	0.172	0.176	0.190	0.092	0.092	0.094	0.093	0.093	0.094	0.093	0.092	0.092	0.092	0.094	0.094	0.093
31:00:32	19.2	0.092	0.092	0.094	0.096	0.095	0.093	0.093	0.093	0.093	0.093	0.093	0.093	0.091	0.174	0.097	0.180	0.171	0.097	0.204	0.185	0.188	0.195	0.101	0.093	0.092	0.179	0.180	0.096	0.096	0.193	0.096	0.172	0.184	0.104	0.162	0.093	0.092	0.176	0.159	0.168	0.167	0.195	0.199	0.173	0.181	0.179	0.108	0.091	0.092	0.186	0.169	0.172	0.178	0.187	0.103	0.176	0.102	0.180	0.196	0.091	0.092	0.175	0.159	0.175	0.186	0.100	0.169	0.100	0.186	0.100	0.196	0.091	0.098	0.170	0.160	0.177	0.189	0.185	0.097	0.172	0.179	0.182	0.198	0.092	0.092	0.094	0.093	0.093	0.094	0.093	0.092	0.093	0.092	0.093	0.094	0.094
32:00:32	19.2	0.092	0.092	0.094	0.096	0.095	0.094	0.093	0.092	0.093	0.093	0.093	0.093	0.091	0.182	0.097	0.187	0.179	0.097	0.214	0.191	0.195	0.202	0.101	0.093	0.092	0.190	0.189	0.096	0.096	0.203	0.096	0.179	0.191	0.104	0.169	0.093	0.092	0.186	0.165	0.175	0.175	0.205	0.208	0.179	0.187	0.186	0.108	0.092	0.091	0.196	0.177	0.180	0.186	0.196	0.103	0.183	0.102	0.187	0.205	0.092	0.091	0.184	0.165	0.185	0.197	0.100	0.176	0.100	0.192	0.100	0.204	0.091	0.098	0.180	0.167	0.187	0.198	0.195	0.097	0.178	0.186	0.189	0.207	0.091	0.092	0.094	0.094	0.092	0.094	0.093	0.092	0.093	0.092	0.093	0.094	0.094
33:00:33	19.1	0.092	0.092	0.094	0.096	0.095	0.093	0.093	0.092	0.092	0.093	0.093	0.093	0.091	0.190	0.097	0.194	0.188	0.097	0.223	0.198	0.202	0.209	0.101	0.093	0.092	0.201	0.198	0.096	0.096	0.214	0.096	0.187	0.199	0.104	0.177	0.093	0.092	0.196	0.171	0.183	0.185	0.215	0.218	0.187	0.194	0.193	0.108	0.091	0.091	0.207	0.185	0.189	0.195	0.207	0.103	0.190	0.102	0.194	0.214	0.091	0.092	0.194	0.173	0.195	0.207	0.100	0.185	0.100	0.199	0.100	0.214	0.091	0.098	0.190	0.176	0.198	0.208	0.207	0.097	0.184	0.194	0.197	0.216	0.091	0.092	0.094	0.093	0.092	0.094	0.093	0.092	0.092	0.092	0.093	0.094	0.094
34:00:35	19.1	0.091	0.092	0.094	0.096	0.095	0.094	0.093	0.092	0.092	0.093	0.093	0.093	0.091	0.199	0.097	0.202	0.198	0.096	0.234	0.206	0.211	0.219	0.101	0.093	0.092	0.213	0.209	0.095	0.097	0.226	0.096	0.195	0.207	0.104	0.185	0.093	0.092	0.207	0.179	0.190	0.196	0.225	0.228	0.194	0.201	0.202	0.108	0.091	0.091	0.218	0.193	0.199	0.205	0.219	0.103	0.198	0.102	0.201	0.223	0.091	0.092	0.205	0.181	0.206	0.219	0.099	0.194	0.100	0.207	0.100	0.223	0.091	0.098	0.202	0.185	0.209	0.218	0.219	0.097	0.192	0.202	0.205	0.227	0.091	0.092	0.094	0.093	0.092	0.094	0.092	0.092	0.092	0.092	0.092	0.094	0.093
35:00:35	19.1	0.092	0.093	0.094	0.096	0.095	0.094	0.094	0.093	0.093	0.094	0.093	0.093	0.091	0.208	0.097	0.211	0.208	0.097	0.244	0.214	0.220	0.229	0.101	0.093	0.092	0.225	0.221	0.096	0.097	0.238	0.096	0.205	0.217	0.104	0.196	0.093	0.093	0.219	0.187	0.199	0.207	0.235	0.239	0.203	0.209	0.210	0.108	0.092	0.092	0.230	0.202	0.210	0.215	0.230	0.104	0.206	0.103	0.210	0.234	0.092	0.092	0.218	0.191	0.217	0.231	0.100	0.204	0.100	0.216	0.100	0.233	0.092	0.098	0.215	0.194	0.221	0.229	0.231	0.097	0.201	0.211	0.215	0.237	0.092	0.092	0.094	0.093	0.093	0.094	0.093	0.092	0.093	0.092	0.093	0.094	0.094
36:00:36	19.1	0.092	0.092	0.094	0.096	0.095	0.093	0.093	0.092	0.092	0.093	0.093	0.093	0.091	0.218	0.096	0.219	0.219	0.096	0.254	0.222	0.229	0.238	0.101	0.093	0.092	0.237	0.232	0.095	0.097	0.250	0.096	0.214	0.225	0.104	0.207	0.093	0.092	0.231	0.196	0.209	0.219	0.245	0.250	0.211	0.216	0.220	0.108	0.091	0.091	0.241	0.211	0.220	0.226	0.242	0.103	0.213	0.102	0.218	0.243	0.091	0.091	0.230	0.201	0.228	0.243	0.099	0.217	0.100	0.224	0.100	0.243	0.091	0.098	0.227	0.204	0.233	0.239	0.244	0.097	0.209	0.220	0.224	0.247	0.091	0.092	0.094	0.093	0.092	0.094	0.093	0.092	0.092	0.092	0.092	0.094	0.093
37:00:36	19.1	0.091	0.092	0.094	0.096	0.095	0.093	0.093	0.092	0.092	0.093	0.093	0.093	0.091	0.228	0.096	0.228	0.230	0.096	0.264	0.232	0.239	0.248	0.101	0.093	0.092	0.249	0.245	0.095	0.097	0.262	0.096	0.223	0.234	0.104	0.219	0.093	0.092	0.242	0.205	0.220	0.232	0.255	0.261	0.220	0.226	0.230	0.108	0.091	0.091	0.252	0.220	0.231	0.237	0.253	0.103	0.222	0.102	0.227	0.254	0.092	0.092	0.243	0.212	0.239	0.254	0.099	0.230	0.100	0.233	0.100	0.253	0.091	0.098	0.241	0.216	0.245	0.250	0.257	0.096	0.219	0.230	0.235	0.258	0.092	0.092	0.094	0.093	0.092	0.094	0.093	0.092	0.092	0.092	0.092	0.094	0.093
38:00:37	19.1	0.092	0.092	0.094	0.096	0.095	0.094	0.093	0.093	0.093	0.093	0.093	0.093	0.091	0.238	0.097	0.237	0.243	0.096	0.276	0.242	0.250	0.259	0.101	0.093	0.092	0.261	0.259	0.095	0.097	0.274	0.096	0.233	0.243	0.105	0.232	0.093	0.092	0.256	0.216	0.232	0.247	0.266	0.272	0.228	0.235	0.240	0.107	0.092	0.091	0.264	0.230	0.244	0.249	0.263	0.103	0.231	0.103	0.237	0.265	0.092	0.092	0.257	0.223	0.251	0.266	0.099	0.247	0.100	0.242	0.100	0.264	0.092	0.098	0.255	0.228	0.258	0.262	0.272	0.097	0.231	0.240	0.245	0.270	0.091	0.092	0.094	0.093	0.093	0.094	0.093	0.092	0.093	0.092	0.092	0.094	0.093
39:00:39	19.1	0.092	0.092	0.094	0.096	0.095	0.094	0.093	0.093	0.093	0.093	0.093	0.093	0.091	0.249	0.097	0.247	0.255	0.097	0.286	0.252	0.261	0.269	0.101	0.093	0.092	0.273	0.273	0.095	0.097	0.285	0.096	0.242	0.253	0.105	0.245	0.092	0.092	0.268	0.225	0.244	0.260	0.276	0.284	0.237	0.244	0.250	0.107	0.092	0.091	0.275	0.240	0.256	0.261	0.275	0.103	0.239	0.102	0.246	0.275	0.092	0.092	0.271	0.235	0.263	0.277	0.099	0.264	0.100	0.251	0.099	0.275	0.091	0.098	0.267	0.239	0.269	0.273	0.284	0.097	0.241	0.250	0.256	0.281	0.091	0.092	0.094	0.093	0.092	0.094	0.093	0.092	0.093	0.092	0.092	0.094	0.094
40:00:39	19.2	0.091	0.092	0.094	0.096	0.095	0.093	0.093	0.092	0.093	0.093	0.093	0.093	0.091	0.259	0.096	0.256	0.267	0.096	0.297	0.262	0.270	0.279	0.101	0.093	0.092	0.284	0.285	0.095	0.097	0.296	0.096	0.252	0.261	0.104	0.259	0.093	0.092	0.281	0.236	0.256	0.273	0.286	0.295	0.246	0.254	0.260	0.107	0.091	0.091	0.287	0.249	0.268	0.274	0.286	0.104	0.248	0.103	0.256	0.285	0.092	0.092	0.284	0.246	0.274	0.288	0.099	0.282	0.100	0.261	0.100	0.285	0.091	0.098	0.281	0.251	0.281	0.285	0.297	0.097	0.252	0.261	0.267	0.293	0.092	0.092	0.094	0.093	0.092	0.094	0.093	0.092	0.092	0.092	0.093	0.094	0.094
41:00:40	19.2	0.091	0.092	0.094	0.096	0.095	0.094	0.093	0.092	0.093	0.093	0.093	0.093	0.091	0.270	0.096	0.266	0.280	0.096	0.309	0.272	0.281	0.289	0.101	0.093	0.092	0.295	0.298	0.095	0.097	0.308	0.096	0.261	0.271	0.104	0.274	0.093	0.092	0.294	0.247	0.267	0.288	0.296	0.306	0.256	0.264	0.271	0.107	0.092	0.091	0.298	0.259	0.281	0.287	0.297	0.103	0.257	0.103	0.265	0.296	0.092	0.092	0.297	0.257	0.286	0.299	0.099	0.298	0.100	0.271	0.100	0.296	0.092	0.098	0.294	0.262	0.293	0.297	0.309	0.097	0.264	0.271	0.278	0.304	0.091	0.092	0.094	0.093	0.092	0.094	0.093	0.092	0.092	0.092	0.092	0.094	0.093
42:00:41	19.2	0.091	0.092	0.094	0.096	0.095	0.093	0.093	0.092	0.092	0.093	0.093	0.093	0.091	0.281	0.097	0.276	0.294	0.096	0.319	0.282	0.291	0.299	0.101	0.093	0.092	0.304	0.311	0.095	0.097	0.319	0.096	0.270	0.281	0.105	0.287	0.093	0.092	0.306	0.257	0.279	0.301	0.307	0.317	0.265	0.274	0.280	0.107	0.091	0.091	0.308	0.268	0.293	0.299	0.309	0.103	0.267	0.103	0.275	0.305	0.092	0.092	0.309	0.267	0.296	0.310	0.099	0.313	0.100	0.281	0.099	0.306	0.091	0.098	0.307	0.273	0.304	0.310	0.322	0.097	0.274	0.281	0.290	0.317	0.092	0.092	0.094	0.093	0.093	0.094	0.093	0.092	0.093	0.092	0.092	0.094	0.093
43:00:43	19.1	0.092	0.093	0.094	0.096	0.095	0.094	0.093	0.093	0.093	0.093	0.093	0.093	0.091	0.291	0.097	0.284	0.308	0.096	0.332	0.293	0.302	0.311	0.101	0.093	0.092	0.315	0.322	0.095	0.097	0.330	0.096	0.280	0.291	0.105	0.301	0.093	0.093	0.318	0.268	0.291	0.314	0.320	0.329	0.277	0.284	0.291	0.107	0.092	0.091	0.318	0.278	0.306	0.314	0.320	0.104	0.277	0.103	0.285	0.315	0.092	0.092	0.321	0.278	0.309	0.322	0.099	0.328	0.100	0.291	0.100	0.316	0.092	0.098	0.319	0.283	0.317	0.322	0.334	0.097	0.287	0.294	0.302	0.330	0.092	0.092	0.094	0.094	0.093	0.094	0.093	0.092	0.092	0.092	0.093	0.094	0.094
44:00:45	19.0	0.092	0.092	0.094	0.096	0.095	0.094	0.093	0.093	0.093	0.093	0.093	0.093	0.091	0.301	0.097	0.295	0.321	0.096	0.342	0.303	0.313	0.320	0.102	0.093	0.092	0.324	0.334	0.095	0.097	0.342	0.096	0.290	0.301	0.105	0.312	0.092	0.092	0.329	0.278	0.302	0.327	0.331	0.341	0.288	0.294	0.302	0.106	0.092	0.092	0.329	0.287	0.319	0.325	0.331	0.104	0.286	0.103	0.294	0.326	0.092	0.092	0.333	0.289	0.320	0.333	0.099	0.341	0.100	0.301	0.099	0.326	0.092	0.098	0.333	0.293	0.327	0.334	0.346	0.097	0.298	0.304	0.314	0.342	0.092	0.092	0.094	0.094	0.093	0.095	0.093	0.092	0.093	0.093	0.093	0.094	0.094
45:00:45	19.0	0.092	0.093	0.094	0.096	0.095	0.094	0.094	0.092	0.093	0.093	0.093	0.093	0.091	0.311	0.097	0.304	0.332	0.096	0.353	0.312	0.323	0.329	0.101	0.093	0.092	0.335	0.345	0.095	0.097	0.352	0.096	0.300	0.311	0.105	0.323	0.093	0.092	0.340	0.289	0.313	0.340	0.344	0.352	0.299	0.304	0.312	0.106	0.092	0.092	0.340	0.296	0.332	0.340	0.342	0.103	0.296	0.103	0.303	0.336	0.092	0.092	0.345	0.301	0.331	0.345	0.099	0.354	0.099	0.311	0.099	0.338	0.091	0.098	0.346	0.304	0.339	0.347	0.357	0.097	0.309	0.317	0.325	0.355	0.092	0.092	0.094	0.093	0.093	0.095	0.093	0.092	0.093	0.092	0.093	0.094	0.093
46:00:45	18.9	0.092	0.092	0.094	0.096	0.095	0.093	0.094	0.093	0.093	0.093	0.093	0.093	0.091	0.320	0.096	0.313	0.345	0.096	0.364	0.322	0.332	0.340	0.101	0.093	0.092	0.346	0.355	0.095	0.097	0.362	0.096	0.310	0.321	0.104	0.334	0.093	0.092	0.352	0.299	0.325	0.352	0.354	0.363	0.309	0.313	0.323	0.106	0.092	0.091	0.352	0.306	0.344	0.352	0.354	0.104	0.307	0.103	0.314	0.345	0.092	0.092	0.356	0.311	0.344	0.358	0.099	0.367	0.099	0.322	0.100	0.349	0.092	0.098	0.358	0.315	0.350	0.359	0.369	0.097	0.321	0.329	0.335	0.367	0.092	0.092	0.094	0.094	0.093	0.095	0.093	0.092	0.092	0.092	0.093	0.094	0.094
47:00:46	18.9	0.092	0.092	0.094	0.096	0.095	0.094	0.093	0.092	0.093	0.093	0.093	0.093	0.091	0.331	0.096	0.322	0.355	0.096	0.374	0.330	0.341	0.348	0.101	0.093	0.092	0.360	0.366	0.095	0.097	0.371	0.095	0.320	0.331	0.104	0.345	0.093	0.092	0.363	0.310	0.335	0.363	0.365	0.373	0.319	0.322	0.333	0.105	0.091	0.091	0.364	0.315	0.356	0.366	0.365	0.104	0.316	0.103	0.323	0.359	0.092	0.092	0.369	0.323	0.354	0.369	0.099	0.379	0.099	0.331	0.099	0.361	0.091	0.098	0.370	0.326	0.362	0.370	0.381	0.097	0.331	0.340	0.345	0.379	0.092	0.092	0.094	0.093	0.092	0.094	0.093	0.092	0.092	0.092	0.092	0.094	0.094
48:00:47	19.0	0.092	0.092	0.094	0.096	0.095	0.093	0.093	0.093	0.092	0.093	0.093	0.093	0.090	0.342	0.096	0.332	0.365	0.096	0.382	0.341	0.350	0.357	0.101	0.093	0.092	0.372	0.379	0.095	0.097	0.382	0.095	0.329	0.342	0.104	0.355	0.092	0.092	0.376	0.321	0.346	0.375	0.377	0.383	0.329	0.332	0.343	0.105	0.092	0.091	0.375	0.326	0.368	0.379	0.375	0.103	0.326	0.103	0.331	0.369	0.091	0.092	0.382	0.333	0.365	0.381	0.099	0.390	0.099	0.341	0.099	0.373	0.091	0.098	0.382	0.337	0.372	0.380	0.393	0.097	0.342	0.352	0.357	0.392	0.091	0.092	0.094	0.093	0.093	0.094	0.093	0.092	0.092	0.092	0.092	0.094	0.094
49:00:48	19.1	0.092	0.092	0.094	0.096	0.095	0.094	0.093	0.092	0.093	0.093	0.093	0.093	0.091	0.352	0.096	0.341	0.377	0.096	0.393	0.350	0.359	0.366	0.101	0.093	0.092	0.382	0.388	0.095	0.097	0.392	0.096	0.340	0.351	0.104	0.364	0.093	0.092	0.385	0.331	0.355	0.386	0.388	0.393	0.338	0.341	0.353	0.105	0.092	0.091	0.386	0.335	0.380	0.390	0.387	0.104	0.336	0.102	0.341	0.380	0.092	0.092	0.394	0.345	0.376	0.392	0.099	0.402	0.099	0.352	0.099	0.383	0.091	0.098	0.395	0.347	0.383	0.390	0.403	0.097	0.352	0.364	0.367	0.404	0.092	0.092	0.094	0.093	0.092	0.094	0.093	0.092	0.092	0.092	0.093	0.094	0.094
50:00:48	19.1	0.092	0.092	0.094	0.096	0.095	0.094	0.093	0.092	0.093	0.093	0.093	0.093	0.091	0.365	0.097	0.351	0.389	0.096	0.404	0.360	0.370	0.376	0.101	0.093	0.092	0.394	0.399	0.095	0.097	0.403	0.095	0.351	0.362	0.104	0.374	0.093	0.092	0.398	0.343	0.365	0.397	0.398	0.405	0.350	0.349	0.363	0.105	0.092	0.091	0.399	0.346	0.391	0.404	0.398	0.104	0.347	0.102	0.350	0.389	0.092	0.092	0.403	0.355	0.389	0.404	0.099	0.412	0.099	0.362	0.099	0.393	0.091	0.098	0.406	0.358	0.395	0.401	0.414	0.097	0.364	0.375	0.378	0.415	0.091	0.092	0.094	0.094	0.093	0.095	0.093	0.092	0.093	0.092	0.093	0.094	0.094
51:00:50	19.2	0.091	0.092	0.094	0.096	0.095	0.093	0.094	0.092	0.093	0.093	0.093	0.093	0.091	0.375	0.097	0.361	0.401	0.096	0.415	0.369	0.378	0.386	0.101	0.093	0.092	0.404	0.407	0.095	0.096	0.412	0.095	0.361	0.372	0.104	0.381	0.093	0.092	0.407	0.350	0.375	0.407	0.409	0.414	0.358	0.359	0.372	0.105	0.091	0.091	0.410	0.357	0.402	0.416	0.409	0.104	0.355	0.102	0.359	0.399	0.092	0.092	0.413	0.365	0.398	0.415	0.099	0.423	0.099	0.372	0.099	0.403	0.091	0.098	0.420	0.370	0.406	0.410	0.424	0.097	0.375	0.385	0.388	0.426	0.091	0.092	0.094	0.093	0.092	0.094	0.093	0.092	0.092	0.092	0.092	0.094	0.094
52:00:50	19.2	0.092	0.092	0.094	0.096	0.095	0.094	0.093	0.092	0.093	0.093	0.093	0.093	0.091	0.384	0.097	0.371	0.412	0.096	0.424	0.380	0.387	0.395	0.101	0.093	0.093	0.416	0.416	0.095	0.096	0.422	0.096	0.371	0.382	0.104	0.390	0.093	0.092	0.420	0.362	0.385	0.418	0.419	0.423	0.369	0.369	0.382	0.105	0.092	0.092	0.421	0.366	0.413	0.428	0.420	0.105	0.367	0.102	0.368	0.408	0.092	0.092	0.425	0.376	0.408	0.425	0.099	0.432	0.099	0.382	0.099	0.412	0.091	0.098	0.430	0.382	0.418	0.421	0.436	0.097	0.386	0.395	0.398	0.438	0.092	0.092	0.094	0.094	0.093	0.095	0.093	0.092	0.092	0.093	0.092	0.094	0.094
53:00:51	19.3	0.091	0.092	0.094	0.096	0.095	0.094	0.093	0.093	0.093	0.093	0.093	0.093	0.091	0.393	0.097	0.381	0.423	0.096	0.433	0.388	0.396	0.404	0.101	0.093	0.093	0.425	0.428	0.095	0.097	0.432	0.095	0.382	0.392	0.104	0.398	0.093	0.092	0.431	0.373	0.395	0.429	0.428	0.432	0.378	0.378	0.390	0.105	0.091	0.091	0.432	0.376	0.423	0.438	0.431	0.105	0.376	0.102	0.378	0.419	0.092	0.092	0.437	0.385	0.419	0.435	0.099	0.442	0.099	0.391	0.099	0.423	0.092	0.098	0.444	0.392	0.430	0.430	0.446	0.097	0.397	0.403	0.408	0.448	0.091	0.092	0.094	0.093	0.093	0.094	0.093	0.092	0.093	0.093	0.093	0.094	0.093
54:00:53	19.3	0.091	0.092	0.094	0.096	0.095	0.094	0.093	0.092	0.093	0.093	0.093	0.092	0.091	0.400	0.097	0.388	0.431	0.096	0.441	0.396	0.403	0.411	0.101	0.093	0.092	0.436	0.436	0.095	0.096	0.441	0.096	0.390	0.400	0.104	0.406	0.092	0.092	0.441	0.381	0.405	0.439	0.438	0.441	0.387	0.385	0.399	0.104	0.092	0.091	0.443	0.386	0.435	0.448	0.441	0.105	0.386	0.102	0.386	0.428	0.092	0.092	0.448	0.392	0.427	0.445	0.099	0.451	0.098	0.399	0.098	0.432	0.091	0.098	0.455	0.403	0.441	0.442	0.457	0.097	0.407	0.411	0.417	0.459	0.092	0.092	0.094	0.094	0.092	0.094	0.093	0.092	0.093	0.092	0.092	0.094	0.094
55:00:53	19.3	0.091	0.092	0.094	0.096	0.095	0.094	0.093	0.093	0.093	0.093	0.093	0.093	0.091	0.410	0.097	0.397	0.442	0.096	0.452	0.403	0.411	0.419	0.101	0.093	0.092	0.446	0.447	0.095	0.096	0.450	0.096	0.398	0.409	0.104	0.414	0.093	0.092	0.450	0.391	0.414	0.448	0.448	0.451	0.395	0.395	0.408	0.104	0.092	0.092	0.454	0.396	0.445	0.457	0.451	0.106	0.394	0.102	0.395	0.439	0.092	0.092	0.459	0.403	0.437	0.454	0.099	0.461	0.098	0.409	0.099	0.442	0.092	0.098	0.465	0.413	0.453	0.454	0.467	0.097	0.416	0.420	0.426	0.470	0.092	0.092	0.094	0.094	0.092	0.095	0.093	0.092	0.093	0.092	0.093	0.094	0.094
56:00:54	19.3	0.092	0.092	0.094	0.096	0.096	0.094	0.093	0.093	0.093	0.094	0.093	0.093	0.091	0.418	0.097	0.406	0.452	0.096	0.461	0.413	0.421	0.428	0.101	0.093	0.093	0.457	0.458	0.095	0.096	0.461	0.096	0.407	0.418	0.104	0.423	0.093	0.092	0.461	0.400	0.422	0.458	0.458	0.460	0.404	0.403	0.415	0.104	0.092	0.092	0.465	0.405	0.456	0.465	0.461	0.106	0.403	0.102	0.405	0.450	0.092	0.092	0.468	0.412	0.448	0.463	0.099	0.471	0.098	0.418	0.098	0.453	0.092	0.098	0.476	0.422	0.464	0.464	0.477	0.097	0.425	0.428	0.435	0.480	0.092	0.092	0.094	0.094	0.093	0.094	0.093	0.092	0.093	0.092	0.093	0.094	0.094
57:00:55	19.3	0.092	0.092	0.094	0.096	0.095	0.094	0.094	0.092	0.093	0.093	0.093	0.093	0.091	0.428	0.097	0.415	0.460	0.096	0.469	0.420	0.427	0.436	0.101	0.093	0.092	0.466	0.468	0.095	0.096	0.469	0.096	0.415	0.426	0.104	0.432	0.093	0.092	0.470	0.409	0.431	0.467	0.466	0.469	0.412	0.411	0.423	0.104	0.092	0.092	0.475	0.413	0.467	0.476	0.470	0.106	0.414	0.101	0.413	0.458	0.092	0.092	0.479	0.419	0.455	0.474	0.099	0.481	0.098	0.425	0.098	0.463	0.091	0.098	0.485	0.431	0.474	0.472	0.488	0.097	0.434	0.435	0.443	0.490	0.092	0.092	0.094	0.094	0.092	0.094	0.093	0.092	0.093	0.092	0.092	0.094	0.093
58:00:56	19.3	0.091	0.092	0.094	0.096	0.095	0.094	0.093	0.092	0.092	0.093	0.093	0.093	0.091	0.435	0.097	0.422	0.467	0.096	0.476	0.427	0.433	0.443	0.101	0.093	0.092	0.475	0.477	0.094	0.096	0.479	0.095	0.423	0.435	0.103	0.441	0.093	0.092	0.482	0.417	0.441	0.478	0.477	0.479	0.422	0.420	0.433	0.103	0.092	0.091	0.485	0.422	0.476	0.485	0.480	0.107	0.422	0.101	0.422	0.469	0.092	0.092	0.490	0.429	0.466	0.483	0.098	0.491	0.098	0.434	0.098	0.472	0.091	0.098	0.497	0.440	0.484	0.480	0.498	0.097	0.442	0.442	0.452	0.499	0.092	0.092	0.094	0.093	0.093	0.094	0.093	0.092	0.093	0.092	0.093	0.094	0.094
59:00:57	19.3	0.092	0.092	0.094	0.096	0.095	0.094	0.100	0.092	0.093	0.093	0.093	0.093	0.091	0.444	0.098	0.431	0.476	0.096	0.487	0.434	0.441	0.452	0.101	0.093	0.093	0.485	0.485	0.095	0.096	0.489	0.096	0.431	0.443	0.103	0.447	0.093	0.092	0.491	0.427	0.449	0.487	0.488	0.488	0.430	0.429	0.442	0.104	0.092	0.091	0.496	0.431	0.485	0.495	0.492	0.108	0.431	0.101	0.430	0.480	0.092	0.092	0.500	0.438	0.476	0.495	0.099	0.501	0.098	0.443	0.098	0.483	0.092	0.098	0.506	0.449	0.495	0.490	0.509	0.096	0.451	0.450	0.462	0.508	0.092	0.092	0.094	0.094	0.093	0.095	0.093	0.092	0.092	0.092	0.093	0.094	0.094
60:00:58	19.4	0.092	0.092	0.094	0.096	0.095	0.094	0.100	0.092	0.093	0.093	0.093	0.093	0.091	0.453	0.098	0.438	0.485	0.096	0.496	0.442	0.448	0.459	0.101	0.093	0.092	0.494	0.495	0.095	0.096	0.500	0.095	0.440	0.451	0.103	0.456	0.093	0.092	0.501	0.435	0.459	0.496	0.497	0.500	0.439	0.438	0.449	0.103	0.092	0.092	0.505	0.441	0.495	0.504	0.500	0.109	0.440	0.101	0.439	0.489	0.092	0.092	0.510	0.445	0.488	0.504	0.099	0.511	0.098	0.451	0.098	0.491	0.092	0.098	0.515	0.458	0.505	0.500	0.518	0.097	0.460	0.457	0.470	0.517	0.092	0.092	0.094	0.093	0.093	0.094	0.093	0.092	0.093	0.092	0.093	0.094	0.094
61:00:58	19.4	0.092	0.092	0.094	0.096	0.095	0.093	0.102	0.092	0.093	0.093	0.093	0.093	0.091	0.461	0.098	0.447	0.494	0.096	0.508	0.451	0.456	0.468	0.101	0.093	0.093	0.503	0.503	0.094	0.096	0.508	0.095	0.447	0.460	0.103	0.464	0.093	0.092	0.510	0.444	0.467	0.505	0.506	0.509	0.446	0.446	0.458	0.103	0.091	0.091	0.514	0.449	0.505	0.515	0.509	0.111	0.448	0.101	0.448	0.499	0.092	0.092	0.520	0.454	0.496	0.512	0.098	0.519	0.097	0.459	0.098	0.502	0.092	0.098	0.524	0.466	0.515	0.508	0.528	0.096	0.467	0.465	0.478	0.527	0.091	0.092	0.094	0.093	0.093	0.095	0.093	0.092	0.092	0.092	0.093	0.094	0.093
62:01:00	19.4	0.091	0.092	0.094	0.096	0.095	0.093	0.102	0.092	0.093	0.093	0.093	0.093	0.091	0.468	0.099	0.454	0.502	0.096	0.515	0.458	0.464	0.476	0.101	0.093	0.092	0.512	0.512	0.094	0.096	0.518	0.096	0.455	0.468	0.103	0.472	0.092	0.092	0.518	0.452	0.476	0.515	0.517	0.517	0.454	0.455	0.467	0.103	0.092	0.091	0.523	0.458	0.514	0.524	0.518	0.113	0.457	0.101	0.455	0.509	0.091	0.092	0.528	0.461	0.506	0.523	0.098	0.528	0.098	0.468	0.098	0.510	0.091	0.098	0.532	0.475	0.523	0.516	0.538	0.097	0.477	0.473	0.487	0.536	0.092	0.092	0.094	0.093	0.093	0.094	0.093	0.092	0.093	0.092	0.093	0.094	0.094
63:01:01	19.4	0.091	0.092	0.094	0.096	0.095	0.093	0.102	0.092	0.093	0.093	0.093	0.093	0.091	0.477	0.099	0.461	0.511	0.096	0.522	0.466	0.470	0.485	0.100	0.093	0.092	0.521	0.522	0.094	0.096	0.527	0.095	0.463	0.476	0.103	0.481	0.093	0.092	0.527	0.461	0.485	0.524	0.525	0.526	0.462	0.464	0.475	0.103	0.092	0.091	0.532	0.466	0.524	0.533	0.527	0.115	0.465	0.101	0.463	0.517	0.091	0.092	0.537	0.471	0.514	0.532	0.098	0.538	0.097	0.476	0.097	0.519	0.092	0.098	0.539	0.482	0.532	0.523	0.547	0.096	0.484	0.480	0.496	0.544	0.091	0.092	0.094	0.093	0.093	0.095	0.093	0.092	0.092	0.092	0.093	0.094	0.093
64:01:02	19.4	0.092	0.092	0.094	0.096	0.095	0.094	0.102	0.093	0.093	0.093	0.093	0.093	0.091	0.485	0.100	0.469	0.519	0.096	0.532	0.472	0.478	0.493	0.100	0.093	0.093	0.531	0.530	0.094	0.096	0.534	0.096	0.471	0.483	0.103	0.490	0.093	0.092	0.536	0.469	0.492	0.535	0.534	0.535	0.470	0.470	0.484	0.103	0.092	0.092	0.542	0.475	0.532	0.541	0.535	0.118	0.474	0.101	0.472	0.527	0.092	0.092	0.546	0.478	0.524	0.540	0.098	0.548	0.097	0.484	0.098	0.528	0.092	0.098	0.550	0.490	0.542	0.533	0.557	0.097	0.492	0.489	0.504	0.553	0.092	0.092	0.094	0.093	0.093	0.095	0.093	0.092	0.093	0.093	0.093	0.094	0.093
65:01:03	19.4	0.091	0.092	0.094	0.096	0.095	0.093	0.102	0.092	0.093	0.093	0.093	0.093	0.091	0.492	0.101	0.476	0.528	0.096	0.544	0.479	0.485	0.502	0.101	0.093	0.092	0.541	0.539	0.094	0.096	0.544	0.096	0.478	0.491	0.103	0.498	0.092	0.092	0.544	0.476	0.500	0.545	0.543	0.544	0.477	0.480	0.491	0.102	0.091	0.091	0.551	0.481	0.543	0.551	0.544	0.121	0.482	0.100	0.480	0.537	0.092	0.092	0.555	0.487	0.531	0.550	0.098	0.558	0.097	0.492	0.097	0.538	0.091	0.098	0.560	0.500	0.552	0.545	0.568	0.097	0.500	0.496	0.513	0.565	0.092	0.092	0.094	0.093	0.093	0.094	0.093	0.092	0.093	0.092	0.093	0.094	0.094
66:01:02	19.4	0.091	0.092	0.094	0.096	0.095	0.093	0.102	0.092	0.092	0.093	0.093	0.093	0.091	0.500	0.101	0.482	0.536	0.096	0.551	0.486	0.492	0.508	0.100	0.093	0.093	0.551	0.550	0.094	0.096	0.554	0.095	0.485	0.498	0.103	0.509	0.093	0.092	0.554	0.482	0.507	0.556	0.552	0.553	0.484	0.486	0.498	0.102	0.092	0.091	0.562	0.490	0.551	0.560	0.554	0.125	0.488	0.100	0.488	0.546	0.092	0.092	0.566	0.495	0.542	0.559	0.098	0.566	0.097	0.500	0.097	0.546	0.091	0.098	0.572	0.507	0.562	0.554	0.579	0.096	0.507	0.503	0.521	0.571	0.091	0.092	0.094	0.093	0.093	0.094	0.093	0.092	0.092	0.092	0.092	0.094	0.093
67:01:04	19.5	0.092	0.093	0.094	0.096	0.095	0.094	0.102	0.092	0.093	0.093	0.093	0.093	0.091	0.506	0.103	0.489	0.545	0.096	0.561	0.492	0.497	0.515	0.101	0.093	0.093	0.561	0.561	0.094	0.096	0.564	0.096	0.491	0.506	0.103	0.517	0.093	0.092	0.564	0.490	0.517	0.566	0.562	0.564	0.491	0.494	0.506	0.102	0.092	0.092	0.571	0.497	0.561	0.570	0.562	0.129	0.496	0.100	0.493	0.555	0.092	0.092	0.575	0.501	0.551	0.569	0.098	0.578	0.097	0.507	0.097	0.554	0.092	0.098	0.581	0.512	0.570	0.565	0.589	0.097	0.514	0.508	0.528	0.580	0.092	0.092	0.094	0.094	0.093	0.094	0.093	0.092	0.093	0.093	0.093	0.094	0.093
68:01:04	19.5	0.092	0.092	0.094	0.096	0.095	0.094	0.101	0.092	0.093	0.093	0.093	0.093	0.091	0.513	0.105	0.495	0.552	0.096	0.569	0.500	0.504	0.523	0.100	0.093	0.092	0.569	0.572	0.094	0.096	0.573	0.096	0.497	0.512	0.103	0.527	0.092	0.092	0.573	0.495	0.524	0.576	0.571	0.572	0.497	0.501	0.513	0.102	0.092	0.091	0.580	0.504	0.571	0.579	0.571	0.132	0.502	0.100	0.500	0.563	0.092	0.092	0.583	0.508	0.559	0.580	0.098	0.586	0.097	0.514	0.097	0.562	0.091	0.098	0.591	0.518	0.578	0.574	0.601	0.097	0.521	0.515	0.534	0.587	0.092	0.092	0.094	0.094	0.093	0.095	0.093	0.092	0.093	0.092	0.092	0.094	0.093
69:01:05	19.5	0.092	0.093	0.094	0.096	0.095	0.094	0.094	0.093	0.093	0.094	0.093	0.093	0.091	0.519	0.107	0.502	0.559	0.097	0.578	0.506	0.510	0.530	0.100	0.093	0.093	0.577	0.581	0.094	0.096	0.583	0.096	0.503	0.519	0.103	0.536	0.093	0.092	0.580	0.501	0.533	0.586	0.580	0.580	0.503	0.509	0.521	0.102	0.092	0.091	0.589	0.511	0.579	0.588	0.580	0.136	0.510	0.100	0.507	0.573	0.092	0.092	0.592	0.516	0.568	0.588	0.098	0.596	0.097	0.521	0.097	0.570	0.092	0.098	0.601	0.524	0.587	0.585	0.608	0.097	0.529	0.520	0.542	0.595	0.092	0.092	0.094	0.094	0.093	0.095	0.093	0.092	0.093	0.092	0.093	0.094	0.094
70:01:07	19.5	0.092	0.092	0.094	0.097	0.095	0.094	0.094	0.092	0.093	0.093	0.093	0.093	0.091	0.521	0.108	0.506	0.566	0.096	0.584	0.512	0.517	0.537	0.101	0.093	0.093	0.582	0.588	0.094	0.096	0.589	0.096	0.508	0.526	0.103	0.546	0.093	0.092	0.586	0.506	0.540	0.594	0.587	0.590	0.509	0.517	0.529	0.102	0.092	0.092	0.593	0.516	0.584	0.596	0.587	0.140	0.516	0.100	0.514	0.581	0.092	0.092	0.597	0.520	0.575	0.595	0.098	0.602	0.097	0.529	0.097	0.577	0.092	0.098	0.602	0.528	0.592	0.590	0.615	0.097	0.535	0.527	0.549	0.599	0.092	0.092	0.094	0.094	0.093	0.095	0.093	0.092	0.093	0.092	0.093	0.094	0.094
71:01:08	19.5	0.092	0.093	0.094	0.096	0.095	0.094	0.094	0.093	0.093	0.094	0.093	0.093	0.091	0.530	0.113	0.513	0.576	0.097	0.596	0.520	0.524	0.544	0.101	0.094	0.093	0.595	0.601	0.094	0.097	0.601	0.096	0.515	0.534	0.103	0.556	0.093	0.092	0.599	0.514	0.550	0.606	0.598	0.598	0.517	0.524	0.538	0.102	0.092	0.092	0.609	0.526	0.595	0.607	0.597	0.143	0.524	0.100	0.520	0.591	0.092	0.092	0.610	0.528	0.587	0.608	0.099	0.614	0.097	0.538	0.097	0.585	0.092	0.098	0.615	0.536	0.605	0.601	0.627	0.097	0.545	0.533	0.557	0.610	0.092	0.092	0.094	0.094	0.093	0.095	0.093	0.092	0.093	0.093	0.093	0.094	0.093
72:01:09	19.4	0.092	0.093	0.094	0.096	0.095	0.094	0.093	0.092	0.093	0.093	0.093	0.093	0.091	0.538	0.116	0.518	0.583	0.097	0.603	0.526	0.530	0.552	0.100	0.093	0.093	0.603	0.609	0.094	0.097	0.608	0.096	0.521	0.541	0.102	0.566	0.092	0.092	0.606	0.519	0.559	0.615	0.605	0.607	0.522	0.531	0.544	0.102	0.092	0.092	0.617	0.533	0.603	0.614	0.605	0.146	0.532	0.099	0.526	0.599	0.092	0.092	0.618	0.534	0.593	0.616	0.098	0.622	0.097	0.545	0.096	0.592	0.092	0.098	0.623	0.542	0.611	0.610	0.636	0.097	0.551	0.539	0.564	0.619	0.092	0.092	0.094	0.094	0.093	0.095	0.093	0.092	0.093	0.092	0.093	0.094	0.093

