Time	T° 600	A1	A2	A3	A4	A5	A6	A7	A8	A9	A10	A11	A12	B1	B2	B3	B4	B5	B6	B7	B8	B9	B10	B11	B12	C1	C2	C3	C4	C5	C6	C7	C8	C9	C10	C11	C12	D1	D2	D3	D4	D5	D6	D7	D8	D9	D10	D11	D12	E1	E2	E3	E4	E5	E6	E7	E8	E9	E10	E11	E12	F1	F2	F3	F4	F5	F6	F7	F8	F9	F10	F11	F12	G1	G2	G3	G4	G5	G6	G7	G8	G9	G10	G11	G12	H1	H2	H3	H4	H5	H6	H7	H8	H9	H10	H11	H12
0:00:06	19.1	0.092	0.093	0.093	0.093	0.093	0.092	0.091	0.092	0.092	0.092	0.093	0.094	0.091	0.097	0.096	0.099	0.098	0.096	0.097	0.098	0.096	0.100	0.099	0.095	0.092	0.098	0.100	0.099	0.099	0.096	0.096	0.097	0.099	0.099	0.098	0.094	0.093	0.098	0.098	0.099	0.095	0.095	0.096	0.098	0.098	0.099	0.098	0.094	0.092	0.099	0.101	0.095	0.095	0.094	0.097	0.095	0.096	0.098	0.097	0.093	0.095	0.102	0.100	0.097	0.098	0.097	0.100	0.098	0.098	0.099	0.098	0.093	0.094	0.101	0.104	0.099	0.098	0.097	0.099	0.099	0.099	0.099	0.097	0.093	0.093	0.093	0.092	0.091	0.092	0.092	0.092	0.093	0.094	0.096	0.094	0.092
1:00:04	19.3	0.092	0.093	0.093	0.093	0.094	0.092	0.092	0.092	0.092	0.092	0.093	0.094	0.091	0.099	0.097	0.101	0.098	0.098	0.098	0.098	0.098	0.100	0.100	0.095	0.092	0.099	0.103	0.102	0.100	0.097	0.097	0.098	0.099	0.099	0.100	0.094	0.093	0.099	0.100	0.102	0.096	0.097	0.097	0.100	0.099	0.100	0.099	0.094	0.092	0.101	0.102	0.097	0.096	0.096	0.098	0.096	0.097	0.098	0.098	0.093	0.095	0.103	0.101	0.098	0.098	0.098	0.100	0.099	0.098	0.099	0.098	0.093	0.096	0.101	0.106	0.100	0.099	0.098	0.099	0.099	0.100	0.099	0.098	0.092	0.093	0.094	0.093	0.092	0.092	0.092	0.093	0.093	0.094	0.095	0.094	0.092
2:00:05	19.3	0.092	0.093	0.093	0.093	0.094	0.093	0.092	0.092	0.093	0.093	0.094	0.095	0.091	0.101	0.097	0.102	0.099	0.099	0.099	0.099	0.099	0.100	0.101	0.095	0.092	0.100	0.106	0.103	0.101	0.098	0.098	0.099	0.101	0.101	0.101	0.095	0.094	0.100	0.102	0.103	0.097	0.098	0.098	0.101	0.100	0.100	0.100	0.094	0.093	0.102	0.104	0.098	0.098	0.097	0.099	0.097	0.098	0.099	0.099	0.093	0.095	0.105	0.103	0.099	0.099	0.099	0.101	0.100	0.099	0.099	0.099	0.093	0.096	0.104	0.108	0.101	0.099	0.099	0.100	0.100	0.101	0.100	0.099	0.093	0.094	0.094	0.094	0.093	0.093	0.093	0.093	0.094	0.094	0.095	0.094	0.093
3:00:06	19.3	0.092	0.093	0.093	0.093	0.094	0.093	0.092	0.092	0.093	0.093	0.094	0.095	0.092	0.102	0.097	0.103	0.101	0.101	0.100	0.100	0.100	0.102	0.102	0.095	0.093	0.100	0.107	0.104	0.102	0.100	0.100	0.101	0.102	0.102	0.102	0.095	0.094	0.100	0.103	0.102	0.099	0.099	0.099	0.102	0.102	0.102	0.102	0.094	0.093	0.101	0.103	0.100	0.100	0.099	0.101	0.099	0.099	0.101	0.100	0.093	0.095	0.105	0.103	0.101	0.100	0.100	0.102	0.101	0.101	0.101	0.101	0.093	0.096	0.103	0.107	0.102	0.101	0.100	0.101	0.102	0.102	0.101	0.100	0.093	0.094	0.094	0.093	0.093	0.093	0.093	0.093	0.094	0.094	0.096	0.094	0.093
4:00:08	19.3	0.092	0.093	0.093	0.093	0.094	0.093	0.092	0.092	0.093	0.093	0.094	0.095	0.092	0.104	0.097	0.103	0.103	0.104	0.104	0.103	0.103	0.105	0.105	0.095	0.093	0.101	0.108	0.105	0.106	0.103	0.103	0.104	0.105	0.105	0.105	0.095	0.093	0.100	0.101	0.106	0.102	0.102	0.102	0.104	0.105	0.105	0.104	0.094	0.093	0.103	0.105	0.103	0.102	0.101	0.105	0.102	0.102	0.103	0.103	0.093	0.095	0.104	0.103	0.103	0.102	0.103	0.105	0.103	0.103	0.103	0.103	0.093	0.096	0.104	0.107	0.104	0.103	0.103	0.104	0.104	0.105	0.103	0.103	0.093	0.094	0.095	0.094	0.093	0.093	0.093	0.093	0.094	0.094	0.095	0.094	0.093
5:00:08	19.3	0.092	0.093	0.093	0.094	0.094	0.093	0.092	0.092	0.093	0.093	0.094	0.095	0.092	0.109	0.097	0.103	0.108	0.110	0.109	0.107	0.107	0.110	0.110	0.095	0.093	0.102	0.116	0.107	0.110	0.108	0.108	0.108	0.110	0.110	0.110	0.095	0.093	0.101	0.107	0.105	0.107	0.107	0.107	0.108	0.109	0.110	0.109	0.094	0.093	0.102	0.107	0.107	0.107	0.106	0.109	0.107	0.107	0.109	0.108	0.093	0.095	0.104	0.104	0.107	0.107	0.106	0.108	0.108	0.108	0.108	0.109	0.092	0.096	0.103	0.107	0.107	0.107	0.107	0.108	0.109	0.109	0.106	0.107	0.093	0.094	0.095	0.094	0.093	0.093	0.093	0.093	0.094	0.094	0.095	0.094	0.093
6:00:09	19.3	0.093	0.093	0.094	0.094	0.094	0.093	0.092	0.092	0.093	0.093	0.094	0.095	0.092	0.116	0.098	0.103	0.116	0.119	0.117	0.116	0.116	0.118	0.117	0.095	0.093	0.102	0.122	0.107	0.118	0.116	0.117	0.117	0.119	0.118	0.118	0.095	0.094	0.101	0.104	0.111	0.114	0.115	0.115	0.115	0.117	0.117	0.117	0.095	0.094	0.108	0.109	0.116	0.115	0.114	0.117	0.116	0.115	0.117	0.116	0.093	0.096	0.105	0.105	0.113	0.113	0.113	0.115	0.115	0.115	0.116	0.120	0.093	0.097	0.105	0.107	0.114	0.114	0.113	0.114	0.117	0.117	0.114	0.115	0.093	0.094	0.095	0.094	0.093	0.094	0.093	0.094	0.094	0.095	0.096	0.094	0.093
7:00:11	19.2	0.092	0.093	0.094	0.094	0.094	0.093	0.092	0.093	0.093	0.093	0.094	0.095	0.092	0.128	0.098	0.103	0.128	0.134	0.132	0.129	0.129	0.132	0.130	0.095	0.093	0.102	0.134	0.107	0.131	0.130	0.131	0.131	0.133	0.131	0.130	0.095	0.094	0.102	0.104	0.108	0.128	0.127	0.128	0.127	0.131	0.130	0.129	0.095	0.094	0.106	0.108	0.129	0.128	0.127	0.131	0.130	0.128	0.130	0.130	0.093	0.096	0.106	0.105	0.123	0.125	0.125	0.126	0.127	0.129	0.130	0.138	0.093	0.096	0.105	0.108	0.124	0.126	0.124	0.125	0.129	0.128	0.125	0.129	0.093	0.094	0.095	0.094	0.093	0.093	0.093	0.093	0.094	0.094	0.096	0.094	0.093
8:00:12	19.2	0.093	0.094	0.094	0.094	0.094	0.094	0.093	0.092	0.093	0.094	0.094	0.095	0.092	0.147	0.098	0.104	0.149	0.159	0.157	0.151	0.150	0.155	0.152	0.095	0.093	0.103	0.156	0.108	0.153	0.153	0.156	0.157	0.157	0.154	0.151	0.095	0.094	0.102	0.104	0.105	0.150	0.149	0.150	0.146	0.154	0.151	0.151	0.095	0.094	0.103	0.107	0.152	0.151	0.151	0.154	0.155	0.151	0.154	0.155	0.093	0.095	0.107	0.105	0.142	0.145	0.145	0.146	0.148	0.152	0.153	0.170	0.093	0.098	0.104	0.108	0.142	0.145	0.144	0.143	0.150	0.149	0.144	0.152	0.093	0.094	0.095	0.094	0.093	0.093	0.093	0.093	0.094	0.094	0.096	0.094	0.093
9:00:14	19.1	0.092	0.093	0.094	0.094	0.094	0.093	0.092	0.092	0.094	0.093	0.094	0.095	0.092	0.174	0.099	0.105	0.178	0.194	0.193	0.184	0.183	0.188	0.187	0.095	0.093	0.103	0.187	0.107	0.186	0.187	0.192	0.190	0.192	0.189	0.183	0.095	0.094	0.102	0.105	0.106	0.186	0.183	0.183	0.176	0.189	0.181	0.185	0.095	0.094	0.103	0.107	0.186	0.185	0.186	0.187	0.191	0.184	0.190	0.192	0.093	0.095	0.108	0.105	0.170	0.174	0.174	0.178	0.181	0.191	0.195	0.208	0.093	0.098	0.103	0.110	0.172	0.178	0.175	0.175	0.184	0.180	0.173	0.186	0.093	0.094	0.095	0.094	0.093	0.093	0.093	0.093	0.094	0.094	0.096	0.094	0.093
10:00:14	19.0	0.092	0.094	0.093	0.093	0.094	0.093	0.092	0.092	0.093	0.093	0.094	0.095	0.092	0.213	0.099	0.106	0.221	0.242	0.241	0.229	0.233	0.237	0.229	0.095	0.093	0.103	0.223	0.107	0.229	0.233	0.238	0.233	0.232	0.231	0.224	0.095	0.094	0.102	0.106	0.108	0.233	0.227	0.231	0.215	0.233	0.223	0.232	0.094	0.094	0.103	0.108	0.223	0.234	0.236	0.226	0.244	0.227	0.236	0.239	0.093	0.095	0.107	0.105	0.207	0.210	0.210	0.225	0.226	0.239	0.246	0.250	0.092	0.098	0.103	0.110	0.213	0.221	0.218	0.223	0.222	0.221	0.219	0.225	0.093	0.094	0.095	0.094	0.093	0.093	0.093	0.093	0.094	0.094	0.095	0.094	0.093
11:00:16	18.9	0.092	0.093	0.094	0.094	0.094	0.093	0.092	0.092	0.093	0.093	0.094	0.095	0.092	0.253	0.099	0.107	0.249	0.264	0.271	0.258	0.260	0.277	0.284	0.095	0.093	0.104	0.256	0.107	0.259	0.260	0.272	0.256	0.255	0.265	0.249	0.095	0.094	0.102	0.107	0.107	0.256	0.259	0.255	0.248	0.265	0.265	0.263	0.095	0.094	0.104	0.109	0.252	0.266	0.276	0.252	0.270	0.258	0.268	0.290	0.093	0.095	0.107	0.105	0.234	0.237	0.236	0.260	0.254	0.283	0.291	0.276	0.093	0.098	0.103	0.111	0.251	0.252	0.247	0.251	0.254	0.249	0.248	0.257	0.093	0.094	0.095	0.094	0.093	0.093	0.094	0.093	0.094	0.094	0.096	0.094	0.093
12:00:17	18.9	0.092	0.093	0.094	0.094	0.095	0.093	0.092	0.092	0.093	0.093	0.094	0.095	0.092	0.282	0.099	0.108	0.285	0.305	0.337	0.287	0.291	0.333	0.334	0.095	0.093	0.104	0.298	0.107	0.287	0.308	0.311	0.320	0.301	0.295	0.297	0.095	0.094	0.103	0.106	0.107	0.295	0.304	0.296	0.280	0.285	0.286	0.308	0.095	0.093	0.105	0.109	0.276	0.309	0.318	0.280	0.327	0.308	0.317	0.347	0.093	0.095	0.107	0.105	0.271	0.276	0.279	0.308	0.302	0.313	0.334	0.331	0.093	0.098	0.103	0.111	0.288	0.303	0.274	0.295	0.315	0.305	0.283	0.297	0.093	0.095	0.095	0.094	0.093	0.093	0.094	0.093	0.094	0.094	0.095	0.094	0.093
13:00:17	18.8	0.092	0.093	0.094	0.094	0.094	0.094	0.093	0.092	0.093	0.093	0.094	0.095	0.092	0.347	0.099	0.108	0.339	0.363	0.406	0.355	0.353	0.384	0.390	0.095	0.093	0.104	0.335	0.107	0.330	0.361	0.350	0.368	0.355	0.362	0.363	0.095	0.094	0.103	0.106	0.106	0.331	0.371	0.370	0.318	0.343	0.343	0.374	0.095	0.094	0.106	0.109	0.324	0.338	0.357	0.339	0.379	0.362	0.335	0.414	0.093	0.095	0.107	0.104	0.324	0.326	0.328	0.356	0.352	0.371	0.376	0.398	0.093	0.098	0.104	0.110	0.328	0.347	0.330	0.344	0.373	0.359	0.333	0.356	0.093	0.095	0.095	0.094	0.093	0.093	0.093	0.094	0.094	0.094	0.095	0.094	0.093
14:00:18	18.8	0.092	0.094	0.094	0.094	0.095	0.094	0.093	0.093	0.093	0.094	0.094	0.095	0.092	0.387	0.099	0.108	0.365	0.383	0.408	0.376	0.386	0.396	0.404	0.095	0.093	0.103	0.385	0.108	0.366	0.379	0.372	0.385	0.377	0.378	0.379	0.095	0.094	0.103	0.107	0.107	0.368	0.392	0.391	0.351	0.366	0.370	0.379	0.095	0.094	0.107	0.109	0.363	0.367	0.380	0.370	0.386	0.379	0.363	0.404	0.093	0.095	0.108	0.104	0.337	0.350	0.347	0.357	0.364	0.382	0.386	0.398	0.093	0.098	0.104	0.110	0.360	0.363	0.351	0.365	0.381	0.383	0.369	0.382	0.093	0.095	0.095	0.094	0.093	0.094	0.094	0.094	0.094	0.095	0.095	0.094	0.094
15:00:20	18.8	0.092	0.094	0.093	0.094	0.094	0.094	0.093	0.093	0.093	0.094	0.094	0.095	0.092	0.451	0.100	0.107	0.400	0.417	0.448	0.432	0.430	0.452	0.475	0.095	0.093	0.103	0.441	0.108	0.460	0.434	0.409	0.436	0.432	0.440	0.442	0.095	0.094	0.103	0.106	0.107	0.442	0.456	0.451	0.395	0.430	0.433	0.443	0.095	0.094	0.106	0.109	0.431	0.437	0.449	0.438	0.436	0.438	0.419	0.468	0.093	0.095	0.108	0.104	0.380	0.393	0.390	0.396	0.410	0.442	0.434	0.458	0.093	0.098	0.104	0.109	0.398	0.410	0.400	0.410	0.445	0.449	0.453	0.444	0.093	0.095	0.095	0.094	0.093	0.094	0.094	0.094	0.094	0.095	0.096	0.094	0.093
16:00:19	18.9	0.092	0.094	0.094	0.094	0.094	0.094	0.093	0.092	0.093	0.093	0.094	0.095	0.092	0.516	0.100	0.107	0.482	0.428	0.441	0.442	0.451	0.477	0.520	0.095	0.093	0.104	0.472	0.108	0.484	0.434	0.406	0.446	0.455	0.470	0.487	0.095	0.094	0.102	0.107	0.108	0.418	0.426	0.421	0.431	0.457	0.450	0.464	0.094	0.093	0.106	0.108	0.437	0.473	0.462	0.496	0.467	0.485	0.464	0.539	0.093	0.095	0.108	0.105	0.432	0.482	0.479	0.435	0.455	0.464	0.435	0.513	0.093	0.098	0.105	0.109	0.492	0.467	0.462	0.429	0.471	0.502	0.468	0.516	0.093	0.095	0.095	0.094	0.093	0.093	0.093	0.094	0.094	0.094	0.095	0.094	0.093
17:00:21	19.0	0.092	0.094	0.094	0.094	0.095	0.094	0.093	0.093	0.093	0.093	0.094	0.095	0.092	0.527	0.100	0.107	0.497	0.478	0.469	0.454	0.483	0.521	0.543	0.096	0.093	0.105	0.519	0.109	0.515	0.483	0.446	0.472	0.490	0.491	0.522	0.095	0.094	0.103	0.107	0.108	0.476	0.482	0.479	0.474	0.484	0.468	0.496	0.095	0.094	0.106	0.108	0.483	0.507	0.503	0.516	0.505	0.507	0.536	0.541	0.093	0.095	0.108	0.106	0.455	0.513	0.479	0.493	0.493	0.519	0.478	0.528	0.093	0.098	0.105	0.109	0.510	0.491	0.496	0.489	0.522	0.546	0.480	0.531	0.093	0.095	0.095	0.094	0.094	0.094	0.094	0.095	0.094	0.095	0.096	0.094	0.094
18:00:22	19.2	0.092	0.094	0.093	0.094	0.094	0.094	0.093	0.092	0.093	0.093	0.094	0.095	0.092	0.535	0.100	0.107	0.545	0.510	0.521	0.499	0.525	0.564	0.591	0.095	0.093	0.105	0.539	0.108	0.531	0.513	0.491	0.517	0.525	0.536	0.567	0.095	0.094	0.102	0.107	0.110	0.503	0.512	0.512	0.530	0.521	0.526	0.555	0.094	0.094	0.106	0.108	0.513	0.524	0.531	0.541	0.527	0.540	0.580	0.591	0.093	0.095	0.108	0.106	0.506	0.545	0.516	0.525	0.536	0.547	0.519	0.572	0.092	0.099	0.106	0.109	0.544	0.539	0.543	0.536	0.563	0.575	0.524	0.584	0.093	0.095	0.095	0.094	0.094	0.094	0.094	0.094	0.094	0.094	0.096	0.094	0.094
19:00:23	19.3	0.092	0.094	0.094	0.094	0.095	0.094	0.093	0.092	0.093	0.094	0.094	0.095	0.092	0.577	0.100	0.108	0.616	0.580	0.584	0.563	0.596	0.627	0.654	0.096	0.094	0.105	0.596	0.109	0.585	0.579	0.557	0.577	0.595	0.603	0.636	0.095	0.094	0.103	0.108	0.111	0.561	0.570	0.566	0.591	0.589	0.600	0.626	0.095	0.094	0.107	0.108	0.567	0.573	0.577	0.578	0.577	0.605	0.642	0.657	0.093	0.096	0.108	0.107	0.567	0.594	0.573	0.586	0.598	0.601	0.582	0.638	0.093	0.099	0.107	0.110	0.601	0.592	0.593	0.590	0.621	0.622	0.593	0.640	0.093	0.095	0.095	0.094	0.094	0.094	0.094	0.095	0.094	0.095	0.096	0.094	0.095
20:00:28	19.6	0.092	0.094	0.094	0.094	0.094	0.094	0.093	0.092	0.093	0.094	0.094	0.095	0.092	0.643	0.100	0.107	0.679	0.648	0.654	0.639	0.667	0.697	0.714	0.096	0.093	0.105	0.656	0.109	0.648	0.645	0.628	0.648	0.663	0.668	0.697	0.095	0.094	0.103	0.108	0.111	0.626	0.645	0.637	0.659	0.662	0.668	0.690	0.095	0.094	0.107	0.108	0.635	0.641	0.645	0.642	0.654	0.668	0.713	0.723	0.093	0.095	0.108	0.107	0.641	0.662	0.646	0.658	0.665	0.681	0.662	0.715	0.093	0.098	0.108	0.111	0.669	0.665	0.663	0.665	0.690	0.694	0.671	0.715	0.093	0.095	0.095	0.094	0.094	0.094	0.094	0.094	0.094	0.095	0.096	0.094	0.094
21:00:25	20.0	0.092	0.094	0.094	0.094	0.094	0.094	0.093	0.092	0.093	0.093	0.094	0.095	0.092	0.691	0.100	0.108	0.722	0.696	0.709	0.693	0.719	0.751	0.760	0.096	0.093	0.105	0.701	0.109	0.695	0.690	0.680	0.701	0.709	0.719	0.747	0.095	0.094	0.103	0.108	0.110	0.674	0.699	0.696	0.712	0.712	0.726	0.746	0.095	0.094	0.108	0.108	0.684	0.688	0.697	0.692	0.713	0.717	0.767	0.775	0.093	0.095	0.108	0.107	0.696	0.714	0.702	0.709	0.723	0.733	0.725	0.766	0.093	0.099	0.109	0.111	0.728	0.719	0.719	0.722	0.742	0.751	0.736	0.769	0.093	0.095	0.095	0.094	0.094	0.094	0.094	0.095	0.095	0.095	0.096	0.094	0.095
22:00:26	20.3	0.092	0.094	0.094	0.094	0.094	0.094	0.093	0.092	0.093	0.093	0.094	0.095	0.092	0.736	0.100	0.109	0.776	0.753	0.769	0.757	0.771	0.802	0.808	0.095	0.094	0.106	0.745	0.109	0.751	0.742	0.739	0.761	0.760	0.772	0.798	0.095	0.094	0.103	0.109	0.110	0.728	0.755	0.757	0.772	0.766	0.784	0.802	0.095	0.094	0.109	0.108	0.739	0.743	0.752	0.747	0.768	0.765	0.821	0.827	0.093	0.095	0.108	0.109	0.757	0.766	0.763	0.770	0.781	0.791	0.787	0.817	0.093	0.098	0.109	0.112	0.787	0.774	0.776	0.782	0.795	0.807	0.802	0.824	0.093	0.095	0.095	0.094	0.094	0.094	0.093	0.095	0.095	0.095	0.096	0.094	0.094
23:00:27	20.6	0.092	0.094	0.094	0.094	0.094	0.094	0.093	0.092	0.093	0.094	0.094	0.095	0.092	0.788	0.101	0.109	0.838	0.814	0.824	0.819	0.823	0.859	0.861	0.095	0.094	0.106	0.792	0.109	0.816	0.803	0.808	0.823	0.816	0.833	0.853	0.095	0.094	0.104	0.109	0.108	0.784	0.812	0.827	0.834	0.825	0.845	0.858	0.095	0.094	0.109	0.109	0.793	0.795	0.810	0.811	0.824	0.822	0.882	0.883	0.093	0.095	0.109	0.109	0.822	0.827	0.829	0.832	0.844	0.851	0.849	0.875	0.093	0.099	0.109	0.113	0.850	0.835	0.839	0.847	0.855	0.869	0.866	0.885	0.093	0.095	0.095	0.094	0.094	0.094	0.094	0.095	0.095	0.095	0.096	0.094	0.095
24:00:27	20.8	0.092	0.094	0.094	0.094	0.094	0.094	0.093	0.092	0.093	0.094	0.094	0.095	0.092	0.841	0.101	0.109	0.910	0.875	0.885	0.876	0.888	0.897	0.923	0.095	0.094	0.106	0.842	0.108	0.883	0.864	0.864	0.877	0.884	0.900	0.913	0.095	0.094	0.104	0.110	0.108	0.850	0.877	0.886	0.901	0.892	0.924	0.924	0.095	0.094	0.109	0.109	0.856	0.857	0.871	0.870	0.884	0.887	1.001	0.971	0.093	0.095	0.109	0.109	0.891	0.893	0.900	0.900	0.908	0.925	0.906	0.939	0.093	0.099	0.109	0.113	0.917	0.901	0.909	0.915	0.943	0.973	0.983	0.951	0.093	0.095	0.095	0.094	0.094	0.095	0.094	0.094	0.095	0.095	0.096	0.094	0.094
25:00:29	20.7	0.092	0.094	0.094	0.094	0.094	0.094	0.092	0.092	0.093	0.093	0.094	0.095	0.092	0.850	0.101	0.109	0.983	0.921	0.933	0.932	0.965	0.975	0.965	0.095	0.093	0.106	0.868	0.108	0.906	0.846	0.896	0.950	1.007	1.003	0.991	0.095	0.093	0.104	0.111	0.109	0.836	0.846	0.853	0.926	0.958	0.973	0.989	0.094	0.094	0.110	0.109	0.787	0.781	0.911	0.893	1.006	1.089	1.026	1.026	0.092	0.095	0.108	0.109	0.931	0.946	0.962	0.954	0.974	0.975	1.051	1.014	0.092	0.099	0.109	0.115	0.887	0.941	0.924	0.904	1.061	1.040	1.038	1.083	0.093	0.095	0.095	0.094	0.094	0.095	0.094	0.095	0.095	0.095	0.096	0.094	0.094
26:00:29	20.4	0.092	0.095	0.094	0.094	0.095	0.094	0.093	0.092	0.093	0.094	0.094	0.095	0.092	1.010	0.102	0.110	1.061	1.039	1.047	1.030	1.040	1.029	1.026	0.096	0.094	0.107	1.057	0.109	1.054	1.013	1.018	1.033	1.066	1.070	1.059	0.095	0.094	0.104	0.112	0.109	1.010	1.044	1.048	1.040	1.071	1.040	1.042	0.095	0.094	0.111	0.110	1.000	1.017	1.036	1.041	1.072	1.067	1.090	1.059	0.093	0.095	0.109	0.109	1.034	1.052	1.054	1.052	1.052	1.054	1.085	1.077	0.093	0.099	0.110	0.116	1.068	1.068	1.066	1.065	1.066	1.082	1.073	1.088	0.093	0.096	0.095	0.094	0.094	0.095	0.094	0.095	0.095	0.095	0.096	0.094	0.095
27:00:31	20.1	0.092	0.094	0.093	0.094	0.094	0.094	0.093	0.092	0.093	0.094	0.094	0.095	0.092	1.072	0.102	0.110	1.053	1.056	1.070	1.046	1.058	1.051	1.047	0.095	0.093	0.106	1.080	0.110	1.081	1.053	1.057	1.056	1.080	1.080	1.070	0.095	0.093	0.104	0.113	0.109	1.056	1.093	1.090	1.062	1.084	1.059	1.065	0.094	0.094	0.110	0.110	1.063	1.070	1.082	1.077	1.088	1.054	1.086	1.062	0.093	0.095	0.109	0.109	1.081	1.076	1.086	1.079	1.065	1.073	1.090	1.079	0.092	0.098	0.111	0.115	1.115	1.092	1.088	1.099	1.073	1.090	1.071	1.078	0.092	0.095	0.095	0.094	0.094	0.094	0.093	0.094	0.095	0.095	0.096	0.094	0.094
28:00:32	19.9	0.092	0.094	0.094	0.094	0.095	0.094	0.093	0.092	0.094	0.094	0.095	0.095	0.092	1.090	0.102	0.112	1.063	1.073	1.087	1.060	1.069	1.070	1.065	0.096	0.094	0.107	1.091	0.110	1.097	1.068	1.075	1.071	1.090	1.093	1.083	0.095	0.094	0.105	0.113	0.110	1.072	1.109	1.105	1.081	1.099	1.077	1.084	0.095	0.094	0.111	0.111	1.080	1.087	1.098	1.093	1.100	1.066	1.094	1.073	0.093	0.095	0.109	0.109	1.100	1.093	1.106	1.095	1.085	1.090	1.103	1.091	0.093	0.099	0.111	0.114	1.134	1.110	1.105	1.117	1.090	1.106	1.085	1.091	0.093	0.096	0.095	0.094	0.094	0.095	0.094	0.095	0.095	0.096	0.096	0.095	0.094
29:00:32	19.6	0.092	0.094	0.094	0.093	0.094	0.094	0.092	0.092	0.093	0.093	0.094	0.095	0.092	1.103	0.102	0.111	1.073	1.082	1.105	1.074	1.085	1.082	1.081	0.095	0.093	0.107	1.094	0.111	1.104	1.077	1.088	1.086	1.103	1.104	1.093	0.095	0.094	0.104	0.113	0.110	1.079	1.114	1.119	1.096	1.113	1.097	1.100	0.094	0.094	0.111	0.110	1.090	1.094	1.105	1.108	1.112	1.080	1.106	1.086	0.092	0.095	0.109	0.109	1.112	1.103	1.119	1.108	1.101	1.103	1.115	1.100	0.092	0.098	0.111	0.113	1.144	1.121	1.115	1.125	1.101	1.118	1.100	1.103	0.092	0.095	0.094	0.094	0.094	0.095	0.093	0.094	0.095	0.095	0.095	0.094	0.094
30:00:34	19.6	0.092	0.094	0.094	0.094	0.095	0.095	0.093	0.092	0.094	0.093	0.095	0.095	0.092	1.113	0.103	0.112	1.085	1.094	1.118	1.087	1.099	1.098	1.097	0.096	0.094	0.107	1.099	0.112	1.112	1.085	1.097	1.096	1.114	1.117	1.105	0.096	0.094	0.104	0.114	0.111	1.085	1.118	1.125	1.109	1.126	1.112	1.116	0.095	0.094	0.112	0.111	1.093	1.096	1.110	1.118	1.122	1.093	1.121	1.101	0.093	0.095	0.109	0.109	1.124	1.111	1.132	1.121	1.116	1.116	1.129	1.113	0.093	0.099	0.111	0.114	1.149	1.127	1.123	1.132	1.113	1.130	1.115	1.115	0.093	0.095	0.095	0.095	0.094	0.095	0.094	0.094	0.095	0.096	0.096	0.094	0.095
31:00:34	19.5	0.092	0.094	0.094	0.094	0.095	0.095	0.093	0.092	0.094	0.094	0.094	0.095	0.092	1.120	0.103	0.113	1.098	1.105	1.129	1.098	1.109	1.110	1.108	0.095	0.094	0.107	1.105	0.111	1.119	1.092	1.106	1.105	1.122	1.127	1.115	0.095	0.094	0.105	0.114	0.112	1.091	1.123	1.133	1.121	1.134	1.125	1.128	0.095	0.094	0.112	0.111	1.098	1.101	1.115	1.123	1.129	1.104	1.133	1.112	0.093	0.095	0.110	0.109	1.131	1.120	1.141	1.130	1.126	1.127	1.141	1.125	0.093	0.100	0.112	0.114	1.155	1.134	1.132	1.139	1.125	1.142	1.128	1.128	0.093	0.096	0.095	0.095	0.094	0.095	0.094	0.095	0.095	0.095	0.096	0.094	0.094
32:00:35	19.5	0.092	0.094	0.094	0.094	0.095	0.094	0.093	0.092	0.094	0.094	0.094	0.095	0.092	1.128	0.103	0.114	1.108	1.116	1.139	1.109	1.119	1.123	1.119	0.095	0.094	0.108	1.111	0.112	1.127	1.100	1.113	1.111	1.128	1.137	1.127	0.095	0.094	0.105	0.115	0.112	1.096	1.129	1.139	1.129	1.142	1.133	1.139	0.095	0.094	0.112	0.111	1.102	1.106	1.121	1.130	1.135	1.113	1.143	1.124	0.093	0.095	0.110	0.109	1.140	1.129	1.150	1.140	1.135	1.136	1.150	1.136	0.093	0.099	0.112	0.114	1.162	1.140	1.139	1.146	1.134	1.151	1.139	1.139	0.093	0.096	0.095	0.095	0.094	0.096	0.094	0.095	0.095	0.096	0.096	0.094	0.094
33:00:37	19.5	0.092	0.094	0.094	0.094	0.095	0.095	0.093	0.092	0.094	0.094	0.095	0.095	0.092	1.138	0.104	0.115	1.117	1.127	1.150	1.124	1.131	1.130	1.125	0.096	0.094	0.109	1.122	0.113	1.135	1.111	1.125	1.125	1.136	1.144	1.135	0.095	0.094	0.105	0.115	0.113	1.102	1.136	1.153	1.136	1.148	1.140	1.146	0.095	0.094	0.113	0.112	1.106	1.111	1.130	1.140	1.140	1.120	1.152	1.133	0.093	0.095	0.110	0.110	1.148	1.136	1.156	1.146	1.141	1.144	1.158	1.147	0.093	0.099	0.112	0.114	1.170	1.148	1.147	1.153	1.144	1.160	1.151	1.149	0.093	0.096	0.095	0.094	0.094	0.095	0.094	0.095	0.095	0.096	0.096	0.095	0.095
34:00:37	19.5	0.092	0.094	0.094	0.094	0.095	0.095	0.093	0.092	0.094	0.094	0.094	0.095	0.092	1.145	0.104	0.116	1.124	1.136	1.156	1.132	1.137	1.138	1.131	0.096	0.094	0.109	1.132	0.114	1.144	1.118	1.133	1.131	1.141	1.149	1.142	0.095	0.094	0.106	0.116	0.114	1.109	1.144	1.157	1.141	1.153	1.145	1.152	0.095	0.094	0.113	0.112	1.113	1.119	1.137	1.143	1.143	1.125	1.160	1.141	0.093	0.095	0.110	0.110	1.155	1.142	1.163	1.152	1.146	1.149	1.164	1.155	0.093	0.100	0.112	0.115	1.178	1.154	1.153	1.160	1.151	1.166	1.160	1.157	0.093	0.096	0.095	0.095	0.094	0.095	0.094	0.096	0.095	0.096	0.096	0.095	0.095
35:00:38	19.5	0.092	0.094	0.094	0.094	0.095	0.095	0.093	0.092	0.094	0.094	0.094	0.095	0.092	1.151	0.104	0.117	1.130	1.143	1.162	1.139	1.144	1.145	1.138	0.095	0.094	0.110	1.148	0.115	1.151	1.125	1.138	1.137	1.146	1.154	1.149	0.095	0.094	0.105	0.117	0.115	1.114	1.150	1.163	1.146	1.157	1.149	1.157	0.095	0.094	0.114	0.112	1.120	1.125	1.141	1.148	1.146	1.129	1.166	1.151	0.093	0.095	0.111	0.111	1.160	1.145	1.167	1.157	1.150	1.153	1.168	1.164	0.093	0.100	0.112	0.115	1.187	1.161	1.161	1.169	1.161	1.179	1.172	1.170	0.093	0.096	0.095	0.095	0.094	0.095	0.094	0.095	0.095	0.096	0.096	0.094	0.095
36:00:37	19.5	0.092	0.095	0.094	0.094	0.095	0.094	0.093	0.092	0.093	0.094	0.095	0.095	0.092	1.160	0.104	0.118	1.133	1.145	1.163	1.141	1.149	1.162	1.148	0.096	0.094	0.110	1.178	0.117	1.154	1.127	1.137	1.138	1.152	1.161	1.158	0.095	0.094	0.106	0.118	0.116	1.118	1.155	1.165	1.148	1.164	1.154	1.162	0.095	0.094	0.114	0.113	1.125	1.129	1.145	1.150	1.153	1.138	1.177	1.164	0.093	0.095	0.111	0.111	1.165	1.150	1.171	1.160	1.153	1.157	1.171	1.171	0.093	0.100	0.112	0.116	1.191	1.163	1.163	1.171	1.168	1.187	1.182	1.177	0.093	0.096	0.095	0.094	0.094	0.096	0.094	0.095	0.095	0.096	0.096	0.095	0.095
37:00:39	19.5	0.092	0.094	0.094	0.094	0.095	0.095	0.093	0.093	0.093	0.094	0.095	0.095	0.092	1.172	0.105	0.120	1.136	1.151	1.167	1.148	1.152	1.176	1.152	0.096	0.094	0.111	1.172	0.118	1.160	1.133	1.143	1.143	1.154	1.163	1.166	0.096	0.094	0.107	0.119	0.117	1.121	1.159	1.169	1.149	1.165	1.155	1.164	0.095	0.094	0.114	0.113	1.129	1.132	1.150	1.153	1.156	1.143	1.186	1.180	0.093	0.095	0.111	0.112	1.167	1.152	1.172	1.161	1.155	1.160	1.175	1.178	0.093	0.099	0.112	0.117	1.198	1.167	1.169	1.177	1.178	1.198	1.191	1.188	0.093	0.096	0.095	0.095	0.094	0.096	0.094	0.095	0.095	0.096	0.096	0.094	0.095
38:00:41	19.5	0.093	0.094	0.094	0.094	0.095	0.095	0.094	0.093	0.094	0.094	0.095	0.095	0.093	1.196	0.106	0.121	1.136	1.150	1.167	1.148	1.157	1.198	1.166	0.096	0.094	0.111	1.185	0.120	1.160	1.130	1.140	1.141	1.158	1.168	1.177	0.096	0.094	0.107	0.120	0.120	1.123	1.160	1.168	1.151	1.171	1.158	1.168	0.095	0.094	0.114	0.114	1.132	1.135	1.150	1.155	1.166	1.156	1.201	1.202	0.093	0.096	0.112	0.112	1.168	1.159	1.176	1.165	1.157	1.162	1.179	1.189	0.093	0.100	0.112	0.118	1.203	1.172	1.173	1.180	1.168	1.198	1.205	1.209	0.093	0.096	0.095	0.095	0.094	0.095	0.094	0.095	0.095	0.096	0.096	0.095	0.095
39:00:41	19.5	0.092	0.094	0.094	0.094	0.095	0.095	0.093	0.092	0.093	0.094	0.094	0.095	0.092	1.176	0.106	0.122	1.142	1.153	1.169	1.151	1.164	1.155	1.167	0.096	0.094	0.113	1.178	0.123	1.162	1.134	1.142	1.148	1.165	1.177	1.143	0.095	0.094	0.107	0.121	0.121	1.126	1.162	1.171	1.155	1.178	1.165	1.176	0.095	0.094	0.115	0.115	1.135	1.137	1.155	1.162	1.185	1.134	1.214	1.146	0.093	0.095	0.112	0.113	1.171	1.169	1.178	1.167	1.160	1.169	1.188	1.193	0.093	0.099	0.112	0.118	1.210	1.180	1.182	1.186	1.152	1.171	1.162	1.170	0.093	0.096	0.095	0.094	0.095	0.096	0.094	0.095	0.095	0.096	0.096	0.094	0.095
40:00:43	19.6	0.092	0.094	0.094	0.094	0.095	0.095	0.093	0.092	0.093	0.094	0.094	0.095	0.092	1.182	0.106	0.124	1.147	1.155	1.173	1.155	1.182	1.158	1.137	0.096	0.094	0.114	1.172	0.126	1.165	1.136	1.146	1.154	1.181	1.191	1.150	0.095	0.094	0.107	0.123	0.124	1.130	1.166	1.176	1.164	1.192	1.175	1.188	0.095	0.094	0.115	0.116	1.139	1.141	1.161	1.173	1.160	1.136	1.200	1.161	0.093	0.095	0.112	0.114	1.177	1.186	1.184	1.175	1.168	1.180	1.200	1.151	0.093	0.100	0.113	0.119	1.190	1.189	1.202	1.198	1.147	1.163	1.176	1.175	0.093	0.096	0.095	0.095	0.095	0.096	0.094	0.095	0.095	0.095	0.096	0.094	0.095
41:00:43	19.6	0.092	0.094	0.094	0.094	0.095	0.095	0.093	0.092	0.094	0.094	0.095	0.095	0.092	1.193	0.107	0.127	1.166	1.165	1.184	1.175	1.210	1.163	1.160	0.096	0.094	0.116	1.176	0.129	1.175	1.148	1.159	1.176	1.208	1.170	1.169	0.095	0.094	0.108	0.125	0.126	1.138	1.175	1.193	1.177	1.206	1.190	1.203	0.095	0.095	0.116	0.117	1.148	1.148	1.186	1.204	1.186	1.165	1.186	1.172	0.093	0.095	0.113	0.115	1.187	1.175	1.192	1.183	1.177	1.201	1.217	1.175	0.093	0.099	0.113	0.120	1.183	1.184	1.156	1.200	1.156	1.181	1.190	1.183	0.093	0.096	0.095	0.095	0.095	0.095	0.094	0.095	0.095	0.096	0.096	0.095	0.095
42:00:45	19.8	0.092	0.094	0.094	0.094	0.095	0.094	0.093	0.092	0.093	0.094	0.094	0.095	0.092	1.198	0.108	0.130	1.194	1.162	1.133	1.156	1.175	1.172	1.168	0.096	0.094	0.117	1.180	0.133	1.172	1.160	1.172	1.167	1.163	1.184	1.180	0.096	0.094	0.109	0.127	0.130	1.120	1.182	1.208	1.191	1.172	1.212	1.223	0.095	0.095	0.117	0.119	1.140	1.142	1.164	1.182	1.192	1.176	1.206	1.179	0.093	0.095	0.114	0.116	1.201	1.152	1.205	1.195	1.190	1.215	1.238	1.191	0.093	0.099	0.114	0.122	1.212	1.166	1.169	1.178	1.176	1.206	1.197	1.199	0.093	0.096	0.095	0.094	0.094	0.095	0.094	0.095	0.095	0.096	0.096	0.094	0.095
43:00:46	20.1	0.092	0.094	0.094	0.094	0.095	0.095	0.093	0.092	0.093	0.094	0.094	0.095	0.092	1.200	0.109	0.133	1.188	1.137	1.165	1.152	1.164	1.186	1.178	0.096	0.094	0.119	1.188	0.138	1.159	1.139	1.192	1.154	1.160	1.190	1.188	0.095	0.094	0.109	0.130	0.135	1.127	1.147	1.174	1.211	1.190	1.225	1.175	0.095	0.094	0.118	0.121	1.140	1.132	1.196	1.198	1.194	1.184	1.215	1.189	0.093	0.095	0.114	0.118	1.202	1.188	1.222	1.214	1.212	1.199	1.206	1.207	0.093	0.099	0.115	0.123	1.230	1.188	1.192	1.192	1.205	1.218	1.210	1.214	0.093	0.096	0.095	0.094	0.095	0.095	0.094	0.096	0.095	0.096	0.096	0.095	0.095
44:00:53	20.4	0.092	0.094	0.094	0.094	0.095	0.095	0.093	0.092	0.094	0.093	0.095	0.095	0.092	1.200	0.110	0.138	1.192	1.163	1.177	1.177	1.172	1.194	1.191	0.096	0.094	0.122	1.196	0.145	1.189	1.154	1.153	1.184	1.195	1.197	1.211	0.095	0.094	0.110	0.134	0.141	1.140	1.177	1.216	1.222	1.212	1.186	1.194	0.095	0.094	0.119	0.123	1.146	1.160	1.198	1.201	1.193	1.186	1.218	1.194	0.093	0.095	0.115	0.120	1.198	1.215	1.234	1.220	1.183	1.191	1.208	1.221	0.093	0.099	0.116	0.125	1.247	1.227	1.227	1.233	1.225	1.234	1.224	1.222	0.093	0.096	0.095	0.094	0.095	0.095	0.094	0.096	0.095	0.096	0.096	0.094	0.095
45:00:47	20.7	0.092	0.094	0.094	0.094	0.094	0.094	0.093	0.092	0.093	0.093	0.094	0.095	0.092	1.205	0.111	0.142	1.205	1.192	1.210	1.197	1.198	1.214	1.204	0.096	0.094	0.124	1.206	0.153	1.198	1.187	1.197	1.196	1.214	1.227	1.221	0.095	0.093	0.111	0.137	0.150	1.166	1.207	1.229	1.220	1.221	1.194	1.210	0.094	0.094	0.120	0.126	1.157	1.180	1.203	1.207	1.199	1.194	1.222	1.200	0.093	0.095	0.116	0.122	1.198	1.216	1.227	1.210	1.181	1.191	1.227	1.227	0.092	0.100	0.116	0.127	1.255	1.229	1.233	1.242	1.231	1.239	1.235	1.228	0.093	0.096	0.095	0.094	0.094	0.095	0.094	0.095	0.095	0.095	0.096	0.094	0.095
46:00:48	20.9	0.092	0.094	0.093	0.093	0.094	0.094	0.093	0.092	0.093	0.093	0.094	0.095	0.092	1.212	0.112	0.148	1.211	1.222	1.233	1.218	1.221	1.226	1.225	0.095	0.093	0.127	1.222	0.164	1.225	1.206	1.222	1.208	1.228	1.245	1.232	0.095	0.094	0.111	0.141	0.161	1.187	1.231	1.232	1.202	1.232	1.210	1.223	0.094	0.094	0.121	0.129	1.193	1.206	1.209	1.213	1.206	1.202	1.228	1.210	0.092	0.095	0.116	0.124	1.236	1.222	1.230	1.225	1.213	1.238	1.254	1.236	0.092	0.098	0.117	0.129	1.264	1.233	1.240	1.248	1.240	1.248	1.240	1.240	0.092	0.095	0.095	0.094	0.094	0.094	0.093	0.095	0.094	0.095	0.096	0.094	0.094
47:00:48	21.0	0.092	0.094	0.094	0.094	0.095	0.094	0.093	0.092	0.093	0.093	0.094	0.095	0.092	1.224	0.114	0.156	1.222	1.237	1.246	1.228	1.240	1.240	1.241	0.095	0.094	0.132	1.248	0.177	1.238	1.214	1.228	1.215	1.240	1.255	1.246	0.095	0.094	0.113	0.145	0.176	1.199	1.238	1.238	1.236	1.247	1.244	1.236	0.095	0.094	0.122	0.135	1.207	1.217	1.216	1.222	1.217	1.217	1.238	1.223	0.092	0.095	0.118	0.128	1.264	1.230	1.259	1.244	1.263	1.257	1.263	1.248	0.093	0.098	0.118	0.133	1.281	1.250	1.251	1.257	1.255	1.261	1.250	1.252	0.092	0.095	0.095	0.095	0.094	0.095	0.094	0.095	0.095	0.095	0.096	0.094	0.095
48:00:50	21.0	0.092	0.094	0.094	0.094	0.095	0.095	0.093	0.092	0.093	0.093	0.094	0.095	0.092	1.238	0.116	0.166	1.238	1.243	1.255	1.240	1.255	1.255	1.253	0.095	0.094	0.136	1.253	0.193	1.249	1.224	1.236	1.228	1.251	1.270	1.261	0.095	0.094	0.114	0.151	0.194	1.211	1.249	1.245	1.273	1.262	1.260	1.250	0.095	0.094	0.124	0.141	1.220	1.229	1.230	1.232	1.230	1.236	1.252	1.239	0.092	0.095	0.120	0.132	1.270	1.241	1.296	1.277	1.269	1.267	1.274	1.262	0.092	0.100	0.119	0.137	1.296	1.265	1.262	1.272	1.272	1.281	1.269	1.273	0.093	0.096	0.095	0.094	0.094	0.095	0.094	0.096	0.095	0.096	0.096	0.094	0.095
49:00:51	21.0	0.092	0.094	0.094	0.094	0.095	0.094	0.093	0.092	0.093	0.093	0.094	0.095	0.092	1.258	0.119	0.178	1.241	1.258	1.270	1.254	1.268	1.276	1.269	0.095	0.094	0.141	1.260	0.211	1.264	1.235	1.244	1.242	1.265	1.284	1.279	0.095	0.094	0.115	0.158	0.216	1.223	1.261	1.255	1.284	1.278	1.274	1.262	0.094	0.094	0.126	0.148	1.231	1.236	1.244	1.246	1.248	1.257	1.271	1.266	0.092	0.095	0.122	0.136	1.278	1.254	1.307	1.288	1.278	1.278	1.285	1.281	0.093	0.099	0.120	0.141	1.307	1.277	1.275	1.288	1.288	1.303	1.297	1.295	0.093	0.096	0.095	0.094	0.094	0.094	0.094	0.095	0.095	0.096	0.096	0.094	0.095
50:00:52	20.8	0.092	0.094	0.094	0.093	0.094	0.094	0.092	0.092	0.093	0.093	0.094	0.095	0.092	1.286	0.123	0.192	1.253	1.273	1.283	1.268	1.282	1.299	1.283	0.095	0.094	0.147	1.278	0.232	1.278	1.248	1.259	1.257	1.281	1.294	1.294	0.095	0.094	0.117	0.165	0.242	1.238	1.275	1.274	1.292	1.295	1.285	1.274	0.094	0.094	0.127	0.156	1.243	1.249	1.261	1.265	1.272	1.278	1.290	1.298	0.092	0.095	0.123	0.142	1.289	1.271	1.315	1.297	1.288	1.288	1.296	1.302	0.093	0.098	0.121	0.148	1.316	1.288	1.288	1.299	1.314	1.332	1.323	1.318	0.093	0.095	0.095	0.094	0.094	0.094	0.094	0.094	0.095	0.095	0.096	0.094	0.094
51:00:53	20.6	0.092	0.094	0.093	0.094	0.095	0.094	0.093	0.092	0.093	0.093	0.094	0.095	0.092	1.301	0.127	0.207	1.267	1.287	1.296	1.281	1.295	1.333	1.299	0.096	0.094	0.153	1.310	0.252	1.290	1.263	1.270	1.271	1.297	1.307	1.314	0.095	0.094	0.118	0.174	0.270	1.251	1.290	1.291	1.303	1.311	1.298	1.286	0.095	0.094	0.129	0.165	1.257	1.263	1.276	1.283	1.293	1.300	1.314	1.339	0.092	0.095	0.126	0.150	1.298	1.288	1.327	1.307	1.299	1.298	1.310	1.327	0.093	0.100	0.122	0.155	1.330	1.301	1.302	1.313	1.340	1.357	1.346	1.350	0.092	0.096	0.094	0.094	0.094	0.095	0.094	0.096	0.095	0.095	0.096	0.094	0.094
52:00:54	20.3	0.092	0.094	0.094	0.094	0.095	0.094	0.093	0.092	0.093	0.093	0.094	0.095	0.092	1.280	0.132	0.224	1.283	1.303	1.313	1.300	1.312	1.361	1.319	0.095	0.094	0.161	1.321	0.264	1.306	1.280	1.289	1.290	1.312	1.322	1.340	0.095	0.094	0.120	0.184	0.290	1.268	1.305	1.310	1.310	1.326	1.311	1.301	0.094	0.094	0.131	0.177	1.273	1.281	1.295	1.305	1.311	1.323	1.341	1.361	0.092	0.095	0.130	0.159	1.311	1.301	1.328	1.318	1.311	1.311	1.324	1.353	0.092	0.099	0.123	0.164	1.351	1.318	1.323	1.330	1.361	1.383	1.369	1.368	0.092	0.095	0.095	0.094	0.094	0.095	0.094	0.095	0.095	0.095	0.096	0.094	0.094
53:00:55	20.1	0.092	0.094	0.093	0.094	0.095	0.094	0.093	0.092	0.094	0.094	0.094	0.095	0.092	1.313	0.138	0.246	1.296	1.318	1.328	1.315	1.327	1.390	1.346	0.095	0.094	0.171	1.327	0.262	1.321	1.294	1.303	1.306	1.326	1.337	1.344	0.095	0.093	0.123	0.195	0.290	1.283	1.318	1.327	1.321	1.339	1.322	1.317	0.095	0.094	0.133	0.191	1.286	1.294	1.309	1.321	1.329	1.348	1.369	1.382	0.092	0.095	0.135	0.170	1.323	1.320	1.340	1.330	1.324	1.324	1.339	1.380	0.093	0.100	0.125	0.175	1.369	1.337	1.343	1.344	1.346	1.377	1.387	1.361	0.093	0.096	0.095	0.094	0.094	0.095	0.094	0.096	0.095	0.096	0.096	0.094	0.094
54:00:56	20.0	0.092	0.094	0.093	0.094	0.095	0.094	0.093	0.092	0.093	0.093	0.094	0.095	0.092	1.331	0.145	0.260	1.309	1.333	1.345	1.332	1.340	1.335	1.341	0.095	0.094	0.181	1.336	0.251	1.337	1.308	1.316	1.319	1.341	1.352	1.317	0.095	0.094	0.125	0.207	0.288	1.299	1.331	1.337	1.334	1.355	1.337	1.331	0.094	0.094	0.136	0.204	1.300	1.307	1.322	1.334	1.351	1.354	1.395	1.336	0.092	0.095	0.141	0.182	1.322	1.339	1.350	1.340	1.335	1.337	1.352	1.366	0.093	0.099	0.127	0.186	1.387	1.358	1.363	1.363	1.336	1.351	1.354	1.363	0.093	0.096	0.095	0.094	0.094	0.095	0.094	0.094	0.095	0.095	0.096	0.094	0.095
55:00:55	19.8	0.092	0.094	0.094	0.094	0.095	0.094	0.093	0.092	0.093	0.093	0.094	0.095	0.092	1.335	0.152	0.270	1.326	1.349	1.360	1.348	1.356	1.346	1.317	0.095	0.094	0.193	1.343	0.255	1.350	1.322	1.330	1.333	1.355	1.367	1.320	0.095	0.094	0.128	0.221	0.294	1.315	1.345	1.351	1.341	1.368	1.349	1.347	0.095	0.094	0.138	0.221	1.316	1.322	1.338	1.350	1.375	1.332	1.410	1.343	0.093	0.095	0.151	0.196	1.336	1.358	1.360	1.350	1.345	1.350	1.368	1.343	0.093	0.098	0.128	0.199	1.417	1.377	1.387	1.381	1.335	1.361	1.368	1.361	0.093	0.096	0.095	0.094	0.094	0.094	0.094	0.095	0.095	0.096	0.096	0.094	0.095
56:00:57	19.6	0.092	0.094	0.094	0.094	0.095	0.094	0.093	0.092	0.093	0.093	0.094	0.095	0.092	1.359	0.161	0.277	1.351	1.367	1.379	1.365	1.373	1.353	1.338	0.095	0.094	0.204	1.355	0.258	1.370	1.337	1.343	1.350	1.372	1.384	1.341	0.095	0.094	0.132	0.236	0.305	1.333	1.360	1.364	1.353	1.384	1.362	1.365	0.094	0.094	0.141	0.240	1.333	1.338	1.355	1.369	1.348	1.343	1.417	1.351	0.092	0.095	0.164	0.212	1.353	1.378	1.373	1.362	1.359	1.368	1.387	1.367	0.093	0.098	0.130	0.212	1.374	1.380	1.394	1.403	1.343	1.360	1.382	1.372	0.093	0.096	0.095	0.094	0.094	0.095	0.094	0.095	0.095	0.095	0.096	0.094	0.095
57:00:59	19.5	0.092	0.094	0.094	0.094	0.095	0.095	0.093	0.092	0.094	0.093	0.094	0.095	0.092	1.373	0.171	0.281	1.397	1.385	1.396	1.383	1.363	1.361	1.352	0.096	0.094	0.218	1.366	0.283	1.388	1.352	1.357	1.365	1.388	1.387	1.361	0.095	0.094	0.136	0.252	0.327	1.349	1.374	1.378	1.362	1.400	1.375	1.384	0.095	0.094	0.143	0.255	1.265	1.353	1.373	1.389	1.375	1.357	1.403	1.361	0.093	0.095	0.179	0.235	1.365	1.392	1.384	1.373	1.369	1.382	1.404	1.380	0.093	0.098	0.132	0.228	1.390	1.403	1.416	1.402	1.358	1.380	1.384	1.380	0.093	0.096	0.095	0.094	0.094	0.094	0.093	0.094	0.095	0.096	0.096	0.094	0.095
58:01:00	19.5	0.092	0.094	0.094	0.094	0.095	0.095	0.093	0.092	0.094	0.094	0.095	0.095	0.092	1.384	0.183	0.292	1.385	1.404	1.416	1.338	1.384	1.369	1.358	0.095	0.094	0.233	1.380	0.311	1.317	1.369	1.373	1.385	1.407	1.366	1.367	0.096	0.094	0.140	0.269	0.356	1.275	1.389	1.393	1.370	1.415	1.388	1.406	0.095	0.095	0.147	0.268	1.296	1.371	1.363	1.340	1.382	1.366	1.404	1.372	0.093	0.095	0.197	0.259	1.380	1.413	1.393	1.383	1.380	1.398	1.421	1.392	0.093	0.099	0.134	0.246	1.399	1.399	1.372	1.380	1.375	1.405	1.392	1.395	0.093	0.096	0.095	0.094	0.094	0.094	0.094	0.095	0.095	0.095	0.096	0.094	0.095
59:01:01	19.5	0.092	0.094	0.094	0.094	0.095	0.095	0.093	0.092	0.093	0.093	0.094	0.095	0.092	1.393	0.195	0.291	1.355	1.316	1.345	1.360	1.368	1.387	1.370	0.095	0.094	0.245	1.391	0.343	1.344	1.382	1.385	1.406	1.392	1.382	1.379	0.095	0.094	0.151	0.282	0.388	1.296	1.404	1.406	1.381	1.418	1.400	1.408	0.094	0.094	0.150	0.275	1.321	1.333	1.349	1.365	1.386	1.383	1.411	1.380	0.092	0.095	0.215	0.271	1.393	1.379	1.403	1.393	1.390	1.412	1.439	1.399	0.093	0.099	0.137	0.261	1.419	1.386	1.376	1.377	1.387	1.417	1.400	1.406	0.093	0.096	0.095	0.094	0.094	0.094	0.093	0.095	0.095	0.095	0.096	0.094	0.095
60:01:01	19.5	0.092	0.094	0.093	0.094	0.094	0.094	0.093	0.092	0.093	0.093	0.094	0.095	0.092	1.401	0.208	0.288	1.365	1.330	1.372	1.366	1.367	1.394	1.386	0.095	0.094	0.254	1.405	0.376	1.354	1.344	1.399	1.360	1.371	1.395	1.396	0.095	0.094	0.189	0.291	0.426	1.323	1.402	1.414	1.390	1.400	1.411	1.375	0.095	0.094	0.154	0.281	1.334	1.335	1.371	1.382	1.391	1.389	1.422	1.391	0.092	0.095	0.231	0.285	1.409	1.379	1.413	1.403	1.401	1.425	1.453	1.415	0.093	0.098	0.139	0.273	1.422	1.399	1.397	1.398	1.409	1.424	1.409	1.414	0.093	0.096	0.095	0.094	0.094	0.094	0.093	0.095	0.095	0.095	0.096	0.094	0.095
61:01:02	19.5	0.092	0.094	0.094	0.094	0.095	0.095	0.093	0.092	0.094	0.093	0.094	0.095	0.092	1.409	0.224	0.307	1.393	1.371	1.386	1.384	1.384	1.404	1.400	0.096	0.094	0.261	1.421	0.413	1.385	1.349	1.416	1.369	1.379	1.405	1.405	0.095	0.094	0.163	0.297	0.468	1.345	1.374	1.425	1.400	1.397	1.426	1.392	0.095	0.094	0.158	0.291	1.338	1.347	1.388	1.399	1.397	1.396	1.426	1.398	0.093	0.095	0.240	0.287	1.401	1.390	1.425	1.414	1.412	1.424	1.415	1.423	0.092	0.098	0.142	0.281	1.457	1.415	1.410	1.410	1.418	1.433	1.415	1.423	0.093	0.096	0.095	0.094	0.094	0.094	0.094	0.095	0.095	0.096	0.096	0.094	0.095
62:01:03	19.5	0.092	0.094	0.094	0.094	0.095	0.095	0.093	0.092	0.093	0.093	0.094	0.095	0.092	1.420	0.239	0.331	1.412	1.394	1.408	1.402	1.408	1.419	1.412	0.095	0.094	0.263	1.440	0.455	1.398	1.355	1.383	1.390	1.390	1.411	1.419	0.095	0.094	0.173	0.301	0.518	1.359	1.379	1.389	1.410	1.409	1.442	1.408	0.095	0.094	0.163	0.306	1.348	1.365	1.400	1.406	1.405	1.404	1.433	1.405	0.092	0.095	0.247	0.291	1.413	1.418	1.436	1.425	1.422	1.431	1.429	1.430	0.093	0.098	0.145	0.288	1.461	1.438	1.426	1.435	1.428	1.440	1.426	1.432	0.093	0.096	0.095	0.094	0.094	0.094	0.094	0.095	0.095	0.096	0.096	0.094	0.095
63:01:05	19.5	0.092	0.094	0.094	0.094	0.095	0.095	0.093	0.092	0.094	0.094	0.094	0.095	0.092	1.433	0.251	0.360	1.423	1.412	1.433	1.416	1.418	1.431	1.420	0.095	0.094	0.264	1.407	0.505	1.413	1.382	1.390	1.403	1.402	1.419	1.430	0.096	0.094	0.188	0.304	0.570	1.365	1.395	1.413	1.421	1.416	1.417	1.417	0.095	0.094	0.168	0.289	1.378	1.381	1.408	1.411	1.410	1.409	1.441	1.414	0.093	0.095	0.255	0.286	1.419	1.427	1.450	1.437	1.429	1.427	1.435	1.438	0.093	0.099	0.149	0.298	1.462	1.444	1.433	1.444	1.439	1.449	1.433	1.441	0.093	0.096	0.095	0.095	0.094	0.094	0.094	0.095	0.095	0.096	0.096	0.094	0.095
64:01:05	19.6	0.092	0.094	0.093	0.093	0.094	0.094	0.092	0.092	0.093	0.093	0.094	0.095	0.092	1.443	0.258	0.387	1.427	1.437	1.448	1.426	1.425	1.436	1.428	0.095	0.094	0.269	1.418	0.555	1.435	1.404	1.390	1.415	1.416	1.430	1.437	0.095	0.093	0.212	0.312	0.620	1.389	1.407	1.432	1.431	1.425	1.414	1.428	0.094	0.094	0.173	0.293	1.390	1.395	1.415	1.414	1.414	1.413	1.444	1.423	0.092	0.095	0.260	0.279	1.417	1.435	1.463	1.448	1.441	1.428	1.434	1.446	0.093	0.098	0.152	0.308	1.464	1.448	1.440	1.449	1.446	1.456	1.438	1.447	0.092	0.096	0.095	0.094	0.094	0.094	0.093	0.094	0.095	0.095	0.096	0.094	0.095
65:01:06	19.8	0.092	0.094	0.093	0.094	0.095	0.095	0.093	0.092	0.094	0.093	0.094	0.095	0.092	1.453	0.262	0.418	1.432	1.444	1.457	1.434	1.437	1.443	1.433	0.096	0.094	0.287	1.407	0.611	1.441	1.415	1.410	1.422	1.428	1.443	1.442	0.095	0.094	0.208	0.321	0.660	1.402	1.418	1.437	1.444	1.433	1.421	1.435	0.095	0.094	0.179	0.315	1.400	1.409	1.419	1.418	1.419	1.418	1.449	1.429	0.092	0.095	0.267	0.309	1.424	1.441	1.442	1.442	1.414	1.437	1.444	1.452	0.093	0.099	0.157	0.315	1.468	1.453	1.446	1.455	1.452	1.463	1.443	1.454	0.093	0.096	0.095	0.094	0.094	0.094	0.094	0.095	0.095	0.095	0.096	0.094	0.095
66:01:10	20.2	0.092	0.094	0.094	0.094	0.095	0.095	0.093	0.092	0.093	0.093	0.094	0.095	0.092	1.461	0.267	0.453	1.435	1.449	1.463	1.439	1.440	1.449	1.439	0.095	0.094	0.294	1.398	0.647	1.448	1.421	1.423	1.428	1.436	1.452	1.448	0.095	0.094	0.268	0.309	0.716	1.405	1.427	1.440	1.452	1.442	1.428	1.440	0.095	0.094	0.187	0.346	1.407	1.414	1.421	1.421	1.424	1.421	1.453	1.434	0.092	0.095	0.274	0.339	1.432	1.446	1.453	1.443	1.418	1.435	1.451	1.457	0.092	0.099	0.162	0.316	1.473	1.457	1.452	1.461	1.458	1.470	1.447	1.460	0.093	0.097	0.095	0.094	0.094	0.094	0.094	0.095	0.095	0.096	0.096	0.094	0.095
67:01:11	20.7	0.092	0.094	0.094	0.094	0.095	0.095	0.093	0.092	0.094	0.093	0.094	0.095	0.092	1.470	0.276	0.499	1.442	1.455	1.466	1.445	1.444	1.448	1.443	0.096	0.094	0.308	1.405	0.680	1.455	1.430	1.435	1.435	1.442	1.456	1.453	0.095	0.094	0.321	0.325	0.782	1.411	1.438	1.448	1.457	1.446	1.432	1.444	0.095	0.095	0.195	0.382	1.412	1.421	1.428	1.426	1.427	1.425	1.457	1.440	0.092	0.095	0.283	0.376	1.451	1.449	1.459	1.447	1.422	1.437	1.456	1.462	0.093	0.099	0.168	0.338	1.478	1.461	1.456	1.467	1.464	1.476	1.451	1.465	0.093	0.097	0.095	0.094	0.094	0.094	0.094	0.095	0.095	0.096	0.096	0.094	0.095
68:01:24	21.1	0.092	0.094	0.094	0.094	0.095	0.095	0.093	0.092	0.093	0.093	0.094	0.095	0.092	1.482	0.296	0.550	1.446	1.461	1.470	1.448	1.446	1.452	1.450	0.095	0.094	0.333	1.422	0.762	1.461	1.435	1.444	1.438	1.443	1.456	1.458	0.095	0.094	0.315	0.351	0.878	1.417	1.447	1.450	1.460	1.447	1.436	1.448	0.095	0.094	0.205	0.416	1.417	1.426	1.433	1.431	1.427	1.430	1.460	1.446	0.092	0.095	0.293	0.417	1.460	1.451	1.464	1.455	1.425	1.444	1.460	1.467	0.093	0.099	0.174	0.361	1.482	1.465	1.463	1.472	1.470	1.482	1.454	1.472	0.093	0.097	0.095	0.094	0.094	0.094	0.094	0.095	0.095	0.095	0.096	0.094	0.095
69:01:11	21.6	0.092	0.094	0.093	0.094	0.094	0.095	0.092	0.092	0.093	0.093	0.094	0.095	0.092	1.496	0.294	0.612	1.450	1.464	1.472	1.451	1.450	1.458	1.457	0.095	0.093	0.355	1.440	0.845	1.464	1.437	1.448	1.439	1.446	1.458	1.463	0.095	0.093	0.270	0.381	0.922	1.421	1.453	1.452	1.464	1.451	1.439	1.452	0.094	0.094	0.216	0.453	1.422	1.429	1.438	1.434	1.430	1.433	1.463	1.452	0.092	0.095	0.310	0.460	1.466	1.454	1.468	1.457	1.428	1.447	1.463	1.472	0.092	0.099	0.182	0.394	1.488	1.468	1.468	1.477	1.475	1.487	1.458	1.483	0.092	0.097	0.095	0.094	0.094	0.094	0.093	0.094	0.095	0.096	0.096	0.094	0.095
70:01:11	22.1	0.092	0.094	0.094	0.094	0.095	0.094	0.093	0.092	0.093	0.093	0.094	0.095	0.092	1.403	0.304	0.653	1.457	1.471	1.474	1.453	1.452	1.465	1.466	0.095	0.094	0.385	1.495	0.895	1.472	1.443	1.454	1.440	1.446	1.460	1.470	0.095	0.094	0.295	0.413	0.924	1.430	1.459	1.456	1.462	1.453	1.442	1.457	0.094	0.095	0.230	0.497	1.431	1.436	1.442	1.437	1.430	1.436	1.467	1.460	0.092	0.095	0.346	0.505	1.480	1.456	1.468	1.456	1.432	1.452	1.466	1.480	0.093	0.099	0.192	0.431	1.497	1.474	1.474	1.482	1.485	1.496	1.469	1.494	0.092	0.097	0.095	0.094	0.094	0.094	0.094	0.095	0.095	0.096	0.096	0.094	0.095
71:01:12	22.4	0.092	0.093	0.094	0.094	0.094	0.094	0.092	0.092	0.093	0.093	0.094	0.095	0.091	1.412	0.327	0.726	1.466	1.478	1.478	1.459	1.458	1.474	1.477	0.095	0.094	0.417	1.505	0.905	1.477	1.445	1.455	1.438	1.446	1.462	1.478	0.095	0.094	0.308	0.453	0.929	1.435	1.462	1.455	1.461	1.452	1.445	1.462	0.094	0.095	0.244	0.563	1.443	1.441	1.447	1.436	1.430	1.440	1.471	1.468	0.092	0.095	0.382	0.572	1.486	1.460	1.471	1.461	1.436	1.456	1.470	1.489	0.092	0.099	0.203	0.471	1.507	1.484	1.484	1.490	1.494	1.504	1.476	1.507	0.092	0.097	0.094	0.094	0.094	0.094	0.093	0.094	0.094	0.095	0.096	0.094	0.094
72:01:13	22.5	0.092	0.094	0.094	0.093	0.094	0.094	0.092	0.092	0.093	0.093	0.094	0.095	0.092	1.437	0.359	0.752	1.473	1.485	1.485	1.464	1.464	1.484	1.487	0.095	0.094	0.450	1.513	0.913	1.484	1.448	1.456	1.442	1.451	1.468	1.485	0.095	0.094	0.316	0.492	0.936	1.441	1.462	1.454	1.464	1.454	1.449	1.467	0.094	0.095	0.258	0.604	1.452	1.446	1.446	1.437	1.430	1.445	1.473	1.477	0.092	0.095	0.424	0.629	1.492	1.465	1.479	1.467	1.442	1.459	1.474	1.496	0.092	0.098	0.212	0.511	1.514	1.490	1.490	1.496	1.500	1.515	1.485	1.524	0.092	0.097	0.094	0.094	0.094	0.094	0.093	0.095	0.094	0.096	0.096	0.094	0.095

