Time	T° 600	A1	A2	A3	A4	A5	A6	A7	A8	A9	A10	A11	A12	B1	B2	B3	B4	B5	B6	B7	B8	B9	B10	B11	B12	C1	C2	C3	C4	C5	C6	C7	C8	C9	C10	C11	C12	D1	D2	D3	D4	D5	D6	D7	D8	D9	D10	D11	D12	E1	E2	E3	E4	E5	E6	E7	E8	E9	E10	E11	E12	F1	F2	F3	F4	F5	F6	F7	F8	F9	F10	F11	F12	G1	G2	G3	G4	G5	G6	G7	G8	G9	G10	G11	G12	H1	H2	H3	H4	H5	H6	H7	H8	H9	H10	H11	H12
0:00:06	18.1	0.090	0.091	0.090	0.092	0.092	0.094	0.090	0.089	0.090	0.091	0.091	0.092	0.090	0.090	0.090	0.090	0.093	0.092	0.090	0.091	0.090	0.090	0.090	0.092	0.091	0.092	0.091	0.091	0.092	0.092	0.091	0.092	0.093	0.094	0.092	0.092	0.090	0.092	0.091	0.090	0.089	0.089	0.090	0.092	0.090	0.090	0.092	0.090	0.092	0.095	0.093	0.091	0.090	0.089	0.089	0.088	0.089	0.089	0.089	0.091	0.092	0.094	0.094	0.094	0.091	0.091	0.093	0.091	0.091	0.091	0.090	0.090	0.092	0.095	0.093	0.093	0.092	0.092	0.092	0.093	0.094	0.091	0.090	0.089	0.092	0.093	0.091	0.091	0.090	0.090	0.092	0.093	0.092	0.092	0.091	0.090
1:00:05	19.1	0.091	0.091	0.091	0.092	0.092	0.094	0.091	0.090	0.090	0.091	0.091	0.092	0.090	0.091	0.091	0.091	0.094	0.093	0.091	0.092	0.092	0.091	0.092	0.092	0.091	0.093	0.092	0.091	0.093	0.094	0.092	0.093	0.095	0.094	0.093	0.093	0.091	0.092	0.092	0.091	0.090	0.090	0.092	0.093	0.092	0.091	0.094	0.091	0.093	0.095	0.094	0.092	0.092	0.090	0.090	0.089	0.091	0.091	0.091	0.092	0.093	0.095	0.095	0.095	0.092	0.091	0.093	0.092	0.092	0.092	0.091	0.090	0.093	0.096	0.094	0.093	0.092	0.093	0.093	0.094	0.095	0.092	0.092	0.090	0.092	0.094	0.092	0.092	0.090	0.091	0.092	0.093	0.093	0.093	0.092	0.091
2:00:05	19.6	0.091	0.092	0.091	0.092	0.093	0.094	0.091	0.090	0.091	0.092	0.092	0.093	0.090	0.092	0.091	0.091	0.094	0.093	0.091	0.092	0.092	0.092	0.092	0.092	0.091	0.093	0.093	0.092	0.094	0.094	0.092	0.093	0.095	0.095	0.093	0.093	0.091	0.093	0.092	0.092	0.090	0.091	0.092	0.093	0.092	0.092	0.094	0.091	0.092	0.095	0.094	0.092	0.092	0.091	0.090	0.090	0.091	0.091	0.091	0.092	0.093	0.096	0.095	0.095	0.092	0.092	0.093	0.092	0.092	0.092	0.092	0.091	0.093	0.096	0.094	0.094	0.092	0.093	0.093	0.094	0.095	0.092	0.092	0.090	0.093	0.094	0.092	0.092	0.091	0.091	0.092	0.094	0.093	0.093	0.092	0.091
3:00:05	19.7	0.091	0.092	0.091	0.093	0.093	0.094	0.091	0.091	0.091	0.092	0.092	0.093	0.091	0.092	0.092	0.091	0.094	0.093	0.092	0.093	0.093	0.092	0.092	0.093	0.091	0.094	0.093	0.092	0.094	0.094	0.092	0.094	0.095	0.095	0.094	0.094	0.091	0.093	0.092	0.092	0.091	0.091	0.092	0.094	0.093	0.092	0.094	0.091	0.093	0.096	0.094	0.092	0.092	0.091	0.091	0.090	0.091	0.092	0.092	0.092	0.093	0.096	0.095	0.095	0.092	0.092	0.093	0.093	0.092	0.092	0.092	0.091	0.093	0.096	0.094	0.093	0.093	0.093	0.093	0.095	0.096	0.093	0.092	0.091	0.093	0.095	0.092	0.092	0.092	0.091	0.093	0.094	0.093	0.093	0.092	0.091
4:00:07	19.8	0.091	0.092	0.091	0.093	0.093	0.094	0.091	0.091	0.091	0.092	0.092	0.093	0.090	0.092	0.092	0.092	0.094	0.094	0.092	0.093	0.093	0.092	0.093	0.094	0.091	0.094	0.093	0.092	0.094	0.094	0.092	0.094	0.095	0.095	0.094	0.094	0.091	0.093	0.093	0.092	0.091	0.091	0.093	0.094	0.092	0.092	0.095	0.091	0.093	0.096	0.094	0.093	0.093	0.091	0.091	0.090	0.091	0.092	0.092	0.092	0.093	0.096	0.096	0.095	0.093	0.092	0.094	0.093	0.092	0.092	0.092	0.091	0.093	0.096	0.095	0.094	0.093	0.093	0.093	0.095	0.096	0.093	0.092	0.091	0.093	0.095	0.092	0.092	0.092	0.091	0.093	0.094	0.093	0.093	0.092	0.092
5:00:08	19.9	0.091	0.092	0.092	0.093	0.093	0.094	0.091	0.091	0.091	0.092	0.092	0.093	0.091	0.092	0.092	0.092	0.095	0.094	0.092	0.093	0.093	0.092	0.093	0.097	0.091	0.094	0.093	0.092	0.094	0.095	0.092	0.094	0.096	0.095	0.094	0.094	0.091	0.093	0.093	0.092	0.091	0.092	0.093	0.094	0.093	0.092	0.095	0.092	0.094	0.096	0.094	0.093	0.093	0.091	0.091	0.090	0.092	0.092	0.092	0.093	0.093	0.096	0.096	0.095	0.093	0.092	0.094	0.093	0.093	0.092	0.092	0.091	0.093	0.096	0.094	0.094	0.093	0.094	0.093	0.095	0.096	0.093	0.093	0.091	0.093	0.094	0.092	0.092	0.092	0.091	0.093	0.094	0.093	0.093	0.092	0.092
6:00:09	19.8	0.091	0.092	0.091	0.092	0.093	0.095	0.091	0.091	0.091	0.092	0.092	0.093	0.090	0.092	0.092	0.092	0.095	0.094	0.092	0.093	0.093	0.092	0.093	0.093	0.091	0.094	0.093	0.092	0.094	0.094	0.092	0.094	0.095	0.095	0.094	0.094	0.091	0.093	0.093	0.092	0.091	0.091	0.093	0.094	0.093	0.092	0.095	0.092	0.093	0.096	0.094	0.093	0.093	0.091	0.091	0.090	0.092	0.092	0.092	0.092	0.093	0.096	0.096	0.095	0.092	0.092	0.094	0.093	0.093	0.092	0.092	0.091	0.093	0.096	0.094	0.094	0.093	0.094	0.094	0.095	0.096	0.093	0.092	0.091	0.093	0.094	0.092	0.092	0.092	0.091	0.093	0.094	0.093	0.093	0.092	0.092
7:00:10	19.8	0.092	0.092	0.091	0.092	0.093	0.094	0.091	0.091	0.091	0.092	0.092	0.093	0.091	0.093	0.092	0.092	0.095	0.094	0.092	0.093	0.093	0.093	0.093	0.093	0.091	0.094	0.094	0.092	0.094	0.095	0.093	0.094	0.096	0.095	0.094	0.094	0.091	0.093	0.093	0.092	0.092	0.092	0.093	0.094	0.093	0.093	0.095	0.092	0.093	0.096	0.094	0.093	0.093	0.091	0.091	0.091	0.092	0.092	0.092	0.093	0.093	0.096	0.095	0.096	0.093	0.092	0.094	0.093	0.093	0.092	0.092	0.091	0.093	0.096	0.095	0.094	0.093	0.094	0.094	0.095	0.096	0.093	0.092	0.091	0.093	0.094	0.092	0.092	0.092	0.091	0.093	0.094	0.093	0.093	0.092	0.092
8:00:11	19.7	0.092	0.092	0.091	0.093	0.093	0.095	0.091	0.091	0.091	0.092	0.092	0.093	0.091	0.093	0.092	0.092	0.095	0.094	0.092	0.093	0.094	0.093	0.093	0.093	0.092	0.094	0.094	0.093	0.094	0.095	0.093	0.094	0.096	0.095	0.094	0.094	0.091	0.093	0.093	0.092	0.091	0.092	0.093	0.094	0.093	0.093	0.095	0.092	0.094	0.096	0.095	0.093	0.093	0.092	0.091	0.090	0.092	0.092	0.092	0.093	0.094	0.096	0.096	0.096	0.093	0.092	0.094	0.093	0.093	0.092	0.092	0.091	0.093	0.096	0.095	0.094	0.093	0.094	0.094	0.095	0.097	0.093	0.093	0.091	0.093	0.095	0.092	0.092	0.093	0.092	0.093	0.094	0.093	0.093	0.092	0.092
9:00:12	19.7	0.092	0.092	0.091	0.093	0.093	0.095	0.092	0.091	0.091	0.092	0.093	0.094	0.091	0.093	0.093	0.093	0.095	0.095	0.093	0.094	0.094	0.093	0.094	0.094	0.092	0.095	0.094	0.093	0.094	0.095	0.093	0.095	0.096	0.096	0.094	0.095	0.092	0.094	0.093	0.093	0.092	0.092	0.094	0.095	0.094	0.093	0.095	0.092	0.094	0.096	0.095	0.093	0.094	0.092	0.091	0.091	0.092	0.093	0.093	0.093	0.094	0.097	0.096	0.096	0.094	0.093	0.094	0.093	0.094	0.093	0.093	0.091	0.093	0.097	0.095	0.094	0.094	0.095	0.094	0.095	0.097	0.094	0.094	0.091	0.094	0.095	0.093	0.093	0.093	0.092	0.093	0.094	0.094	0.093	0.093	0.092
10:00:12	19.7	0.092	0.092	0.091	0.093	0.093	0.094	0.092	0.091	0.091	0.093	0.093	0.093	0.091	0.093	0.093	0.093	0.095	0.095	0.093	0.094	0.095	0.093	0.094	0.093	0.092	0.095	0.094	0.093	0.095	0.095	0.093	0.095	0.096	0.096	0.095	0.094	0.092	0.094	0.093	0.093	0.092	0.092	0.094	0.095	0.094	0.093	0.096	0.092	0.094	0.096	0.095	0.093	0.094	0.092	0.092	0.091	0.092	0.093	0.093	0.093	0.093	0.097	0.096	0.096	0.093	0.093	0.095	0.093	0.093	0.093	0.093	0.091	0.093	0.097	0.095	0.095	0.094	0.094	0.094	0.095	0.097	0.094	0.094	0.091	0.094	0.095	0.092	0.092	0.092	0.091	0.093	0.094	0.094	0.093	0.093	0.092
11:00:13	19.7	0.092	0.093	0.091	0.093	0.094	0.095	0.092	0.091	0.091	0.093	0.093	0.094	0.091	0.094	0.093	0.093	0.096	0.095	0.093	0.094	0.095	0.094	0.094	0.095	0.092	0.095	0.094	0.093	0.095	0.096	0.094	0.095	0.097	0.096	0.095	0.094	0.092	0.094	0.094	0.093	0.092	0.093	0.094	0.095	0.094	0.093	0.096	0.092	0.093	0.097	0.095	0.093	0.094	0.093	0.092	0.092	0.093	0.093	0.093	0.093	0.094	0.097	0.097	0.096	0.094	0.093	0.095	0.093	0.094	0.093	0.093	0.092	0.094	0.097	0.095	0.095	0.094	0.095	0.094	0.096	0.098	0.094	0.094	0.091	0.094	0.095	0.093	0.093	0.092	0.092	0.093	0.094	0.094	0.093	0.093	0.092
12:00:14	19.7	0.092	0.092	0.092	0.093	0.093	0.095	0.092	0.091	0.091	0.092	0.092	0.094	0.091	0.094	0.093	0.094	0.096	0.095	0.094	0.094	0.095	0.094	0.094	0.101	0.092	0.096	0.095	0.093	0.095	0.096	0.093	0.095	0.097	0.096	0.095	0.094	0.092	0.095	0.094	0.093	0.092	0.093	0.094	0.095	0.094	0.094	0.096	0.092	0.093	0.097	0.095	0.094	0.094	0.093	0.092	0.091	0.092	0.094	0.093	0.093	0.094	0.098	0.097	0.096	0.094	0.093	0.095	0.093	0.094	0.093	0.093	0.091	0.094	0.097	0.096	0.095	0.094	0.095	0.094	0.096	0.098	0.094	0.094	0.091	0.094	0.095	0.093	0.093	0.092	0.092	0.093	0.094	0.094	0.093	0.093	0.092
13:00:15	19.7	0.092	0.092	0.091	0.093	0.093	0.096	0.092	0.091	0.091	0.092	0.093	0.094	0.091	0.094	0.093	0.094	0.096	0.095	0.094	0.095	0.096	0.094	0.094	0.100	0.092	0.096	0.095	0.093	0.095	0.096	0.093	0.095	0.097	0.096	0.095	0.094	0.092	0.095	0.094	0.093	0.092	0.093	0.095	0.096	0.095	0.094	0.096	0.092	0.093	0.097	0.096	0.094	0.094	0.093	0.092	0.092	0.093	0.093	0.093	0.093	0.094	0.098	0.097	0.096	0.094	0.093	0.095	0.093	0.094	0.093	0.094	0.091	0.094	0.097	0.096	0.096	0.095	0.095	0.094	0.096	0.098	0.094	0.094	0.091	0.094	0.095	0.093	0.093	0.092	0.092	0.093	0.094	0.094	0.093	0.093	0.092
14:00:16	19.7	0.092	0.092	0.092	0.093	0.094	0.095	0.092	0.091	0.091	0.093	0.093	0.094	0.091	0.095	0.093	0.094	0.096	0.095	0.094	0.095	0.096	0.094	0.094	0.101	0.092	0.096	0.095	0.093	0.095	0.097	0.093	0.096	0.097	0.096	0.096	0.094	0.092	0.095	0.094	0.094	0.093	0.094	0.095	0.096	0.094	0.094	0.096	0.092	0.093	0.097	0.096	0.094	0.095	0.093	0.092	0.092	0.093	0.094	0.094	0.093	0.094	0.098	0.097	0.097	0.094	0.093	0.096	0.094	0.095	0.093	0.094	0.091	0.094	0.098	0.096	0.095	0.095	0.096	0.094	0.096	0.099	0.095	0.095	0.092	0.094	0.095	0.093	0.093	0.092	0.092	0.093	0.094	0.094	0.093	0.093	0.092
15:00:17	19.7	0.092	0.092	0.092	0.093	0.094	0.096	0.092	0.091	0.092	0.093	0.093	0.094	0.091	0.095	0.094	0.095	0.097	0.095	0.094	0.095	0.097	0.095	0.094	0.099	0.092	0.097	0.096	0.094	0.095	0.097	0.094	0.096	0.098	0.097	0.096	0.094	0.092	0.095	0.095	0.094	0.094	0.094	0.095	0.096	0.095	0.095	0.096	0.092	0.093	0.097	0.096	0.095	0.095	0.094	0.092	0.093	0.093	0.094	0.094	0.094	0.094	0.099	0.098	0.097	0.095	0.093	0.096	0.094	0.095	0.093	0.094	0.092	0.094	0.098	0.096	0.096	0.095	0.096	0.095	0.097	0.099	0.095	0.095	0.092	0.094	0.095	0.093	0.093	0.092	0.092	0.093	0.094	0.094	0.094	0.093	0.092
16:00:18	19.6	0.092	0.092	0.092	0.093	0.094	0.096	0.092	0.091	0.091	0.093	0.093	0.094	0.091	0.095	0.093	0.095	0.097	0.095	0.095	0.095	0.097	0.095	0.094	0.099	0.092	0.097	0.096	0.094	0.095	0.097	0.094	0.096	0.098	0.097	0.096	0.094	0.092	0.095	0.095	0.095	0.093	0.095	0.096	0.096	0.095	0.095	0.096	0.092	0.093	0.098	0.097	0.095	0.095	0.094	0.092	0.093	0.093	0.094	0.094	0.094	0.094	0.099	0.098	0.097	0.095	0.093	0.097	0.094	0.095	0.093	0.094	0.091	0.094	0.099	0.097	0.096	0.095	0.096	0.095	0.097	0.099	0.095	0.095	0.092	0.094	0.095	0.093	0.093	0.092	0.092	0.093	0.094	0.093	0.093	0.093	0.092
17:00:19	19.6	0.092	0.093	0.092	0.093	0.094	0.096	0.092	0.091	0.091	0.092	0.093	0.094	0.091	0.096	0.094	0.096	0.098	0.096	0.096	0.096	0.098	0.096	0.095	0.100	0.092	0.097	0.097	0.094	0.096	0.098	0.094	0.097	0.099	0.097	0.097	0.094	0.092	0.096	0.095	0.095	0.094	0.095	0.096	0.097	0.096	0.095	0.096	0.092	0.093	0.098	0.097	0.095	0.096	0.094	0.093	0.093	0.093	0.095	0.095	0.093	0.094	0.099	0.099	0.098	0.095	0.093	0.097	0.094	0.096	0.093	0.095	0.091	0.094	0.099	0.097	0.097	0.096	0.097	0.095	0.097	0.100	0.096	0.095	0.092	0.094	0.095	0.093	0.093	0.092	0.092	0.093	0.094	0.094	0.094	0.093	0.092
18:00:20	19.7	0.092	0.093	0.092	0.093	0.094	0.096	0.092	0.091	0.092	0.093	0.093	0.094	0.091	0.096	0.094	0.096	0.098	0.096	0.096	0.096	0.098	0.096	0.095	0.101	0.092	0.098	0.097	0.094	0.096	0.099	0.094	0.097	0.099	0.097	0.097	0.094	0.092	0.097	0.096	0.096	0.095	0.096	0.097	0.097	0.096	0.096	0.096	0.092	0.093	0.099	0.098	0.095	0.097	0.095	0.093	0.094	0.093	0.095	0.095	0.093	0.094	0.100	0.099	0.098	0.096	0.094	0.098	0.094	0.097	0.094	0.095	0.092	0.094	0.099	0.098	0.097	0.097	0.098	0.095	0.098	0.101	0.097	0.096	0.092	0.094	0.095	0.093	0.093	0.092	0.092	0.094	0.094	0.094	0.094	0.093	0.093
19:00:27	19.8	0.093	0.093	0.092	0.093	0.094	0.096	0.092	0.091	0.092	0.093	0.093	0.094	0.092	0.097	0.094	0.097	0.098	0.096	0.096	0.097	0.099	0.097	0.095	0.102	0.092	0.099	0.098	0.095	0.096	0.099	0.095	0.098	0.100	0.097	0.098	0.094	0.092	0.097	0.096	0.096	0.095	0.097	0.098	0.098	0.097	0.097	0.097	0.093	0.093	0.100	0.098	0.096	0.098	0.096	0.093	0.094	0.093	0.096	0.096	0.093	0.094	0.101	0.100	0.099	0.097	0.094	0.099	0.094	0.097	0.094	0.096	0.092	0.094	0.100	0.098	0.098	0.097	0.099	0.095	0.098	0.101	0.097	0.096	0.092	0.094	0.095	0.093	0.094	0.092	0.092	0.094	0.094	0.094	0.094	0.093	0.093
20:00:22	20.1	0.092	0.092	0.092	0.093	0.094	0.095	0.092	0.091	0.091	0.093	0.093	0.094	0.091	0.097	0.094	0.097	0.099	0.096	0.097	0.097	0.100	0.098	0.095	0.102	0.092	0.099	0.098	0.094	0.096	0.100	0.095	0.098	0.101	0.097	0.098	0.094	0.092	0.098	0.097	0.097	0.096	0.097	0.098	0.098	0.098	0.097	0.096	0.092	0.093	0.100	0.099	0.097	0.098	0.097	0.093	0.095	0.094	0.097	0.097	0.093	0.094	0.101	0.101	0.099	0.097	0.094	0.099	0.094	0.098	0.094	0.096	0.091	0.094	0.100	0.099	0.098	0.098	0.099	0.095	0.099	0.102	0.098	0.096	0.091	0.094	0.095	0.093	0.094	0.092	0.092	0.093	0.094	0.094	0.094	0.093	0.093
21:00:22	20.2	0.093	0.093	0.092	0.093	0.094	0.096	0.092	0.092	0.092	0.093	0.093	0.094	0.092	0.098	0.094	0.098	0.100	0.096	0.098	0.098	0.101	0.099	0.095	0.102	0.092	0.100	0.099	0.095	0.096	0.101	0.095	0.099	0.102	0.097	0.099	0.094	0.092	0.099	0.097	0.098	0.097	0.099	0.100	0.099	0.098	0.098	0.097	0.092	0.093	0.101	0.100	0.098	0.099	0.098	0.093	0.096	0.094	0.098	0.098	0.093	0.094	0.102	0.102	0.100	0.098	0.094	0.100	0.095	0.099	0.094	0.097	0.092	0.094	0.102	0.100	0.100	0.099	0.100	0.095	0.099	0.103	0.099	0.097	0.092	0.094	0.096	0.093	0.094	0.092	0.092	0.094	0.094	0.094	0.094	0.093	0.093
22:00:24	20.4	0.092	0.092	0.091	0.093	0.094	0.096	0.092	0.091	0.091	0.093	0.093	0.094	0.091	0.099	0.094	0.099	0.100	0.096	0.099	0.099	0.102	0.100	0.095	0.102	0.092	0.100	0.100	0.095	0.096	0.102	0.095	0.099	0.103	0.097	0.100	0.094	0.092	0.100	0.098	0.099	0.097	0.099	0.100	0.100	0.099	0.099	0.096	0.092	0.093	0.101	0.100	0.098	0.100	0.099	0.093	0.096	0.094	0.099	0.098	0.093	0.094	0.103	0.102	0.100	0.099	0.094	0.101	0.094	0.100	0.094	0.098	0.091	0.094	0.102	0.100	0.100	0.100	0.101	0.095	0.100	0.104	0.099	0.098	0.091	0.094	0.095	0.092	0.093	0.092	0.092	0.093	0.094	0.093	0.094	0.093	0.092
23:00:25	20.5	0.093	0.092	0.092	0.093	0.094	0.096	0.092	0.091	0.091	0.092	0.093	0.094	0.091	0.100	0.094	0.100	0.101	0.096	0.100	0.100	0.103	0.101	0.095	0.102	0.092	0.101	0.101	0.095	0.096	0.103	0.095	0.100	0.104	0.097	0.101	0.094	0.092	0.101	0.099	0.100	0.099	0.100	0.102	0.101	0.101	0.100	0.097	0.092	0.093	0.102	0.101	0.099	0.101	0.100	0.093	0.097	0.094	0.100	0.100	0.093	0.094	0.104	0.103	0.101	0.100	0.094	0.102	0.095	0.101	0.094	0.099	0.091	0.094	0.103	0.101	0.101	0.101	0.102	0.095	0.101	0.106	0.101	0.099	0.092	0.094	0.095	0.093	0.094	0.092	0.092	0.093	0.094	0.094	0.094	0.093	0.093
24:00:25	20.5	0.092	0.093	0.092	0.093	0.094	0.096	0.092	0.091	0.092	0.093	0.093	0.094	0.091	0.102	0.094	0.101	0.102	0.096	0.102	0.101	0.105	0.102	0.095	0.102	0.092	0.102	0.103	0.095	0.096	0.105	0.095	0.102	0.105	0.097	0.103	0.094	0.092	0.102	0.100	0.102	0.100	0.102	0.103	0.102	0.102	0.102	0.097	0.092	0.093	0.104	0.103	0.100	0.103	0.101	0.094	0.099	0.094	0.101	0.102	0.093	0.094	0.105	0.105	0.103	0.102	0.094	0.104	0.095	0.103	0.095	0.100	0.092	0.094	0.105	0.103	0.103	0.102	0.104	0.096	0.102	0.107	0.102	0.100	0.092	0.094	0.096	0.093	0.093	0.092	0.092	0.093	0.094	0.094	0.094	0.093	0.092
25:00:26	20.6	0.093	0.092	0.092	0.093	0.094	0.096	0.092	0.091	0.091	0.093	0.093	0.094	0.091	0.103	0.094	0.103	0.103	0.097	0.104	0.102	0.108	0.105	0.095	0.102	0.092	0.104	0.104	0.095	0.096	0.106	0.096	0.103	0.107	0.098	0.104	0.094	0.092	0.104	0.101	0.103	0.102	0.104	0.105	0.104	0.104	0.103	0.097	0.092	0.093	0.105	0.104	0.102	0.104	0.103	0.094	0.100	0.094	0.103	0.104	0.093	0.094	0.107	0.107	0.104	0.103	0.095	0.106	0.095	0.105	0.094	0.102	0.091	0.094	0.106	0.104	0.105	0.104	0.106	0.096	0.104	0.109	0.104	0.102	0.092	0.094	0.095	0.092	0.093	0.092	0.092	0.093	0.094	0.094	0.094	0.093	0.092
26:00:28	20.6	0.093	0.093	0.091	0.093	0.095	0.096	0.092	0.091	0.092	0.093	0.094	0.094	0.091	0.105	0.095	0.105	0.105	0.097	0.106	0.104	0.111	0.107	0.095	0.103	0.092	0.106	0.106	0.096	0.097	0.109	0.096	0.105	0.110	0.098	0.106	0.094	0.093	0.106	0.103	0.106	0.103	0.106	0.108	0.106	0.106	0.106	0.097	0.092	0.093	0.107	0.106	0.103	0.107	0.106	0.094	0.102	0.095	0.105	0.106	0.093	0.094	0.109	0.109	0.106	0.106	0.095	0.109	0.095	0.108	0.095	0.104	0.092	0.094	0.109	0.106	0.107	0.106	0.108	0.096	0.106	0.112	0.106	0.103	0.092	0.094	0.095	0.093	0.094	0.092	0.092	0.094	0.094	0.094	0.094	0.093	0.093
27:00:29	20.5	0.092	0.092	0.091	0.093	0.094	0.095	0.092	0.091	0.092	0.093	0.093	0.094	0.091	0.107	0.095	0.107	0.107	0.097	0.108	0.106	0.114	0.110	0.095	0.104	0.092	0.108	0.108	0.095	0.096	0.111	0.096	0.107	0.112	0.098	0.108	0.094	0.092	0.108	0.104	0.108	0.106	0.108	0.110	0.108	0.108	0.108	0.097	0.092	0.093	0.109	0.108	0.105	0.109	0.108	0.094	0.104	0.095	0.107	0.108	0.093	0.094	0.111	0.111	0.107	0.108	0.094	0.111	0.095	0.110	0.095	0.105	0.091	0.094	0.111	0.108	0.108	0.109	0.111	0.096	0.107	0.114	0.109	0.105	0.091	0.094	0.095	0.093	0.093	0.092	0.092	0.093	0.094	0.094	0.093	0.093	0.092
28:00:29	20.2	0.092	0.092	0.092	0.093	0.094	0.095	0.092	0.091	0.092	0.093	0.093	0.094	0.092	0.110	0.095	0.109	0.109	0.097	0.111	0.108	0.117	0.113	0.095	0.102	0.092	0.110	0.111	0.096	0.096	0.115	0.096	0.110	0.115	0.098	0.111	0.094	0.092	0.111	0.107	0.111	0.108	0.112	0.113	0.111	0.111	0.111	0.097	0.092	0.093	0.112	0.111	0.107	0.112	0.111	0.094	0.106	0.095	0.110	0.111	0.093	0.094	0.113	0.115	0.110	0.111	0.095	0.114	0.095	0.113	0.095	0.108	0.092	0.094	0.113	0.111	0.111	0.112	0.114	0.096	0.109	0.117	0.111	0.108	0.092	0.094	0.095	0.093	0.093	0.091	0.092	0.093	0.094	0.094	0.094	0.093	0.092
29:00:29	20.0	0.092	0.092	0.092	0.093	0.094	0.095	0.092	0.091	0.092	0.092	0.093	0.094	0.091	0.113	0.095	0.113	0.111	0.098	0.115	0.111	0.122	0.117	0.096	0.102	0.092	0.113	0.114	0.096	0.097	0.118	0.096	0.113	0.119	0.099	0.115	0.094	0.092	0.115	0.109	0.115	0.112	0.115	0.117	0.114	0.115	0.115	0.097	0.092	0.093	0.116	0.114	0.110	0.116	0.115	0.095	0.110	0.095	0.114	0.115	0.093	0.094	0.116	0.118	0.112	0.115	0.095	0.118	0.095	0.117	0.096	0.111	0.091	0.094	0.117	0.114	0.114	0.115	0.118	0.096	0.112	0.121	0.115	0.110	0.091	0.094	0.095	0.093	0.094	0.092	0.092	0.093	0.094	0.094	0.094	0.093	0.093
30:00:30	20.0	0.093	0.093	0.091	0.093	0.094	0.096	0.092	0.091	0.092	0.093	0.094	0.094	0.091	0.117	0.095	0.116	0.115	0.098	0.120	0.115	0.127	0.121	0.096	0.104	0.092	0.116	0.118	0.096	0.097	0.123	0.097	0.116	0.124	0.099	0.118	0.094	0.092	0.119	0.112	0.119	0.115	0.119	0.122	0.117	0.119	0.119	0.098	0.092	0.093	0.119	0.117	0.113	0.120	0.119	0.095	0.114	0.096	0.118	0.119	0.093	0.094	0.120	0.122	0.115	0.119	0.095	0.122	0.096	0.121	0.096	0.114	0.092	0.094	0.120	0.117	0.118	0.119	0.122	0.097	0.115	0.125	0.119	0.114	0.092	0.094	0.096	0.093	0.093	0.092	0.092	0.094	0.094	0.094	0.094	0.093	0.093
31:00:32	20.1	0.092	0.092	0.092	0.093	0.094	0.095	0.092	0.091	0.091	0.093	0.093	0.094	0.091	0.120	0.095	0.120	0.118	0.098	0.125	0.118	0.133	0.126	0.096	0.104	0.092	0.120	0.123	0.097	0.097	0.128	0.098	0.120	0.129	0.099	0.123	0.094	0.092	0.123	0.115	0.124	0.119	0.125	0.127	0.122	0.125	0.124	0.098	0.092	0.093	0.123	0.122	0.117	0.126	0.125	0.095	0.118	0.096	0.123	0.124	0.093	0.094	0.125	0.128	0.119	0.124	0.096	0.128	0.096	0.127	0.096	0.118	0.091	0.094	0.125	0.121	0.122	0.124	0.127	0.097	0.119	0.131	0.124	0.117	0.092	0.094	0.095	0.093	0.093	0.092	0.092	0.093	0.094	0.093	0.094	0.093	0.093
32:00:32	20.1	0.092	0.092	0.091	0.093	0.094	0.095	0.092	0.091	0.091	0.093	0.093	0.094	0.091	0.126	0.095	0.125	0.122	0.098	0.130	0.122	0.141	0.133	0.096	0.103	0.091	0.125	0.128	0.097	0.096	0.134	0.098	0.124	0.135	0.099	0.127	0.094	0.092	0.129	0.120	0.130	0.124	0.130	0.133	0.127	0.131	0.130	0.098	0.092	0.093	0.128	0.127	0.121	0.132	0.131	0.096	0.122	0.096	0.129	0.131	0.093	0.094	0.130	0.134	0.123	0.130	0.095	0.134	0.096	0.132	0.096	0.123	0.091	0.094	0.131	0.126	0.127	0.129	0.133	0.096	0.124	0.137	0.129	0.122	0.091	0.094	0.095	0.092	0.093	0.092	0.092	0.093	0.094	0.094	0.093	0.093	0.092
33:00:34	20.1	0.093	0.092	0.091	0.093	0.094	0.096	0.092	0.091	0.091	0.093	0.093	0.094	0.091	0.132	0.096	0.132	0.127	0.099	0.138	0.128	0.149	0.141	0.096	0.103	0.092	0.131	0.135	0.098	0.097	0.141	0.098	0.130	0.142	0.099	0.134	0.094	0.092	0.136	0.125	0.138	0.130	0.138	0.140	0.133	0.138	0.137	0.098	0.092	0.093	0.135	0.134	0.127	0.140	0.139	0.096	0.129	0.097	0.136	0.138	0.093	0.094	0.137	0.141	0.129	0.137	0.096	0.141	0.097	0.139	0.097	0.128	0.092	0.094	0.137	0.132	0.133	0.136	0.140	0.097	0.129	0.144	0.136	0.128	0.092	0.094	0.095	0.093	0.093	0.092	0.092	0.094	0.094	0.094	0.094	0.093	0.093
34:00:36	20.1	0.092	0.092	0.092	0.093	0.094	0.095	0.092	0.091	0.092	0.093	0.094	0.094	0.091	0.140	0.096	0.141	0.134	0.099	0.147	0.135	0.159	0.150	0.097	0.102	0.092	0.137	0.144	0.098	0.097	0.150	0.099	0.137	0.151	0.100	0.141	0.094	0.092	0.144	0.131	0.147	0.138	0.146	0.149	0.140	0.147	0.146	0.098	0.092	0.093	0.143	0.141	0.133	0.148	0.148	0.097	0.136	0.098	0.145	0.147	0.093	0.094	0.144	0.150	0.135	0.146	0.096	0.150	0.097	0.148	0.098	0.134	0.091	0.094	0.145	0.140	0.141	0.144	0.148	0.097	0.135	0.153	0.144	0.134	0.092	0.094	0.095	0.093	0.093	0.092	0.092	0.094	0.094	0.094	0.094	0.093	0.092
35:00:36	20.1	0.092	0.092	0.091	0.093	0.094	0.095	0.092	0.091	0.092	0.093	0.094	0.094	0.092	0.151	0.096	0.151	0.141	0.100	0.158	0.144	0.170	0.160	0.097	0.103	0.092	0.146	0.154	0.099	0.097	0.159	0.100	0.145	0.160	0.100	0.150	0.094	0.092	0.154	0.138	0.156	0.147	0.156	0.158	0.148	0.156	0.156	0.098	0.092	0.093	0.152	0.151	0.141	0.158	0.157	0.097	0.145	0.098	0.154	0.157	0.093	0.094	0.154	0.160	0.143	0.155	0.097	0.159	0.097	0.157	0.098	0.142	0.092	0.094	0.155	0.148	0.149	0.153	0.158	0.097	0.142	0.163	0.154	0.142	0.092	0.094	0.095	0.093	0.093	0.092	0.092	0.094	0.094	0.094	0.094	0.094	0.093
36:00:36	20.1	0.093	0.093	0.092	0.093	0.094	0.095	0.092	0.091	0.092	0.093	0.094	0.094	0.091	0.162	0.097	0.162	0.150	0.101	0.168	0.154	0.180	0.171	0.097	0.103	0.092	0.156	0.165	0.099	0.098	0.169	0.101	0.154	0.170	0.101	0.160	0.094	0.092	0.165	0.146	0.166	0.158	0.165	0.167	0.157	0.165	0.166	0.099	0.093	0.093	0.163	0.161	0.150	0.168	0.167	0.098	0.154	0.099	0.164	0.169	0.093	0.094	0.164	0.171	0.152	0.165	0.097	0.168	0.098	0.167	0.099	0.152	0.092	0.094	0.165	0.158	0.159	0.163	0.168	0.098	0.151	0.172	0.164	0.152	0.092	0.094	0.096	0.093	0.093	0.092	0.092	0.094	0.095	0.094	0.094	0.094	0.093
37:00:38	20.0	0.092	0.092	0.091	0.093	0.094	0.095	0.092	0.091	0.091	0.093	0.093	0.094	0.091	0.173	0.097	0.171	0.161	0.101	0.178	0.163	0.190	0.182	0.097	0.103	0.092	0.167	0.176	0.100	0.098	0.179	0.101	0.163	0.181	0.101	0.171	0.094	0.092	0.175	0.155	0.175	0.168	0.175	0.176	0.166	0.174	0.175	0.099	0.092	0.093	0.173	0.170	0.159	0.179	0.177	0.098	0.162	0.100	0.174	0.180	0.093	0.094	0.174	0.180	0.162	0.175	0.098	0.178	0.098	0.178	0.100	0.161	0.092	0.094	0.175	0.167	0.169	0.172	0.177	0.098	0.160	0.182	0.174	0.161	0.091	0.094	0.095	0.093	0.093	0.092	0.092	0.093	0.094	0.093	0.094	0.093	0.092
38:00:39	20.0	0.092	0.093	0.092	0.093	0.094	0.095	0.092	0.091	0.092	0.093	0.093	0.094	0.091	0.185	0.097	0.182	0.172	0.102	0.190	0.174	0.204	0.194	0.097	0.103	0.092	0.179	0.190	0.101	0.098	0.191	0.103	0.172	0.192	0.102	0.183	0.094	0.092	0.187	0.166	0.187	0.180	0.190	0.190	0.176	0.189	0.187	0.099	0.093	0.093	0.184	0.181	0.170	0.191	0.189	0.100	0.174	0.101	0.186	0.191	0.093	0.094	0.185	0.193	0.172	0.186	0.098	0.189	0.099	0.190	0.101	0.172	0.092	0.094	0.188	0.178	0.180	0.183	0.189	0.098	0.170	0.194	0.187	0.173	0.091	0.094	0.096	0.093	0.093	0.092	0.092	0.093	0.094	0.094	0.094	0.093	0.093
39:00:39	19.9	0.092	0.092	0.092	0.093	0.094	0.096	0.092	0.091	0.092	0.093	0.094	0.094	0.091	0.203	0.098	0.196	0.183	0.103	0.200	0.185	0.218	0.206	0.098	0.103	0.091	0.192	0.205	0.102	0.099	0.202	0.104	0.184	0.203	0.103	0.198	0.094	0.092	0.200	0.175	0.201	0.191	0.199	0.201	0.190	0.200	0.198	0.099	0.092	0.093	0.197	0.192	0.181	0.201	0.198	0.101	0.185	0.102	0.198	0.203	0.093	0.094	0.198	0.206	0.183	0.198	0.099	0.202	0.100	0.201	0.102	0.185	0.092	0.094	0.200	0.189	0.190	0.195	0.202	0.098	0.181	0.206	0.200	0.185	0.092	0.094	0.095	0.093	0.093	0.092	0.092	0.093	0.094	0.094	0.094	0.093	0.092
40:00:40	19.9	0.092	0.092	0.091	0.093	0.094	0.095	0.092	0.091	0.091	0.093	0.093	0.094	0.091	0.216	0.098	0.209	0.193	0.103	0.212	0.196	0.229	0.219	0.098	0.103	0.092	0.204	0.217	0.103	0.099	0.214	0.105	0.195	0.214	0.103	0.209	0.094	0.092	0.213	0.188	0.213	0.203	0.208	0.212	0.201	0.209	0.207	0.099	0.092	0.093	0.209	0.203	0.194	0.210	0.209	0.102	0.196	0.103	0.208	0.213	0.093	0.094	0.210	0.217	0.194	0.210	0.099	0.213	0.100	0.213	0.104	0.198	0.091	0.094	0.211	0.200	0.202	0.208	0.215	0.099	0.194	0.221	0.212	0.198	0.091	0.094	0.095	0.093	0.093	0.092	0.092	0.093	0.094	0.094	0.094	0.093	0.092
41:00:41	19.9	0.093	0.093	0.091	0.093	0.094	0.095	0.092	0.091	0.092	0.093	0.093	0.094	0.092	0.230	0.098	0.224	0.205	0.105	0.225	0.208	0.239	0.231	0.098	0.101	0.091	0.216	0.225	0.104	0.099	0.226	0.107	0.206	0.225	0.104	0.220	0.095	0.092	0.225	0.202	0.226	0.210	0.220	0.222	0.212	0.221	0.219	0.100	0.092	0.093	0.221	0.216	0.207	0.223	0.221	0.103	0.207	0.105	0.219	0.225	0.093	0.094	0.225	0.229	0.207	0.222	0.100	0.227	0.101	0.226	0.106	0.210	0.092	0.094	0.225	0.213	0.214	0.220	0.229	0.099	0.206	0.232	0.225	0.209	0.092	0.094	0.095	0.093	0.093	0.092	0.092	0.093	0.094	0.094	0.094	0.093	0.092
42:00:41	20.0	0.092	0.092	0.091	0.093	0.094	0.095	0.092	0.091	0.092	0.093	0.093	0.094	0.091	0.240	0.099	0.236	0.219	0.106	0.240	0.221	0.255	0.243	0.099	0.100	0.092	0.229	0.235	0.106	0.100	0.239	0.109	0.219	0.237	0.105	0.231	0.095	0.092	0.241	0.212	0.240	0.222	0.232	0.236	0.220	0.232	0.233	0.100	0.092	0.093	0.236	0.232	0.217	0.235	0.233	0.105	0.218	0.107	0.231	0.238	0.093	0.094	0.239	0.245	0.217	0.234	0.101	0.241	0.102	0.239	0.108	0.221	0.092	0.094	0.238	0.227	0.227	0.234	0.243	0.099	0.221	0.246	0.238	0.223	0.092	0.094	0.095	0.093	0.093	0.092	0.092	0.093	0.094	0.094	0.094	0.093	0.092
43:00:43	20.1	0.092	0.093	0.092	0.093	0.094	0.095	0.093	0.092	0.092	0.093	0.093	0.094	0.092	0.250	0.100	0.246	0.230	0.108	0.251	0.235	0.267	0.258	0.100	0.101	0.092	0.238	0.248	0.108	0.100	0.256	0.111	0.233	0.251	0.107	0.247	0.095	0.092	0.251	0.222	0.253	0.235	0.243	0.249	0.232	0.244	0.247	0.101	0.093	0.094	0.247	0.243	0.228	0.249	0.246	0.107	0.232	0.109	0.244	0.253	0.093	0.094	0.249	0.256	0.231	0.247	0.102	0.256	0.103	0.253	0.111	0.232	0.092	0.094	0.252	0.242	0.240	0.247	0.258	0.100	0.234	0.261	0.251	0.235	0.092	0.094	0.095	0.093	0.093	0.092	0.092	0.094	0.094	0.094	0.094	0.093	0.092
44:00:43	20.0	0.092	0.092	0.091	0.093	0.094	0.095	0.092	0.091	0.092	0.093	0.093	0.094	0.091	0.262	0.100	0.256	0.241	0.110	0.264	0.245	0.277	0.271	0.100	0.101	0.092	0.247	0.263	0.110	0.101	0.269	0.114	0.246	0.265	0.109	0.260	0.095	0.092	0.262	0.234	0.266	0.249	0.257	0.263	0.246	0.257	0.259	0.101	0.092	0.093	0.260	0.256	0.241	0.263	0.260	0.109	0.242	0.112	0.257	0.266	0.093	0.094	0.263	0.271	0.243	0.260	0.103	0.269	0.105	0.267	0.113	0.245	0.091	0.094	0.267	0.256	0.254	0.263	0.272	0.100	0.247	0.274	0.265	0.248	0.092	0.094	0.095	0.093	0.093	0.092	0.092	0.094	0.094	0.094	0.094	0.093	0.092
45:00:44	20.0	0.092	0.092	0.092	0.093	0.094	0.094	0.092	0.091	0.092	0.093	0.093	0.094	0.092	0.274	0.102	0.269	0.253	0.113	0.279	0.258	0.291	0.286	0.101	0.100	0.092	0.262	0.278	0.112	0.102	0.284	0.117	0.260	0.281	0.110	0.273	0.095	0.092	0.276	0.248	0.281	0.263	0.271	0.277	0.260	0.272	0.274	0.101	0.092	0.094	0.275	0.270	0.254	0.278	0.275	0.113	0.255	0.115	0.272	0.280	0.093	0.094	0.277	0.285	0.257	0.274	0.105	0.283	0.106	0.282	0.117	0.258	0.091	0.094	0.281	0.271	0.268	0.278	0.287	0.101	0.261	0.287	0.280	0.262	0.092	0.094	0.095	0.093	0.093	0.092	0.092	0.094	0.094	0.094	0.094	0.093	0.092
46:00:45	19.9	0.092	0.092	0.092	0.093	0.094	0.095	0.092	0.091	0.092	0.093	0.093	0.094	0.092	0.290	0.102	0.284	0.268	0.115	0.294	0.271	0.307	0.300	0.101	0.100	0.092	0.275	0.291	0.115	0.102	0.300	0.121	0.274	0.296	0.113	0.287	0.095	0.092	0.291	0.261	0.296	0.277	0.286	0.292	0.273	0.287	0.289	0.102	0.093	0.094	0.289	0.285	0.267	0.294	0.290	0.115	0.269	0.119	0.288	0.296	0.093	0.094	0.292	0.299	0.270	0.289	0.107	0.299	0.108	0.298	0.121	0.272	0.092	0.094	0.296	0.286	0.282	0.293	0.302	0.101	0.275	0.303	0.295	0.277	0.092	0.094	0.095	0.093	0.093	0.092	0.092	0.094	0.095	0.094	0.094	0.094	0.092
47:00:49	20.0	0.092	0.093	0.092	0.093	0.094	0.095	0.092	0.091	0.092	0.093	0.094	0.094	0.091	0.305	0.104	0.298	0.283	0.118	0.309	0.284	0.323	0.316	0.102	0.100	0.092	0.288	0.307	0.118	0.103	0.316	0.124	0.287	0.312	0.115	0.303	0.095	0.092	0.306	0.274	0.311	0.292	0.301	0.307	0.286	0.302	0.306	0.102	0.092	0.093	0.303	0.297	0.280	0.309	0.306	0.118	0.282	0.122	0.303	0.311	0.093	0.094	0.307	0.315	0.283	0.304	0.109	0.315	0.110	0.314	0.124	0.287	0.092	0.094	0.311	0.302	0.296	0.307	0.317	0.102	0.288	0.318	0.311	0.292	0.092	0.094	0.095	0.093	0.093	0.092	0.092	0.094	0.094	0.094	0.094	0.093	0.092
48:00:48	20.0	0.092	0.093	0.091	0.093	0.094	0.095	0.092	0.091	0.092	0.093	0.093	0.094	0.092	0.321	0.105	0.315	0.297	0.121	0.325	0.298	0.339	0.333	0.103	0.100	0.092	0.302	0.322	0.122	0.104	0.332	0.128	0.301	0.327	0.117	0.318	0.095	0.092	0.321	0.288	0.327	0.306	0.316	0.322	0.301	0.318	0.323	0.103	0.093	0.093	0.318	0.312	0.293	0.324	0.320	0.122	0.297	0.126	0.320	0.326	0.093	0.094	0.322	0.331	0.297	0.319	0.112	0.331	0.112	0.329	0.128	0.301	0.092	0.094	0.327	0.316	0.310	0.324	0.333	0.102	0.302	0.333	0.326	0.306	0.092	0.094	0.095	0.093	0.093	0.092	0.092	0.093	0.094	0.094	0.094	0.093	0.092
49:00:50	20.1	0.092	0.092	0.092	0.093	0.094	0.095	0.092	0.091	0.092	0.093	0.093	0.094	0.091	0.338	0.106	0.331	0.313	0.125	0.343	0.313	0.357	0.350	0.105	0.100	0.092	0.318	0.338	0.126	0.105	0.350	0.132	0.317	0.345	0.120	0.336	0.095	0.093	0.337	0.301	0.345	0.322	0.333	0.339	0.317	0.335	0.340	0.104	0.092	0.093	0.335	0.329	0.309	0.341	0.339	0.125	0.313	0.129	0.337	0.343	0.093	0.094	0.339	0.348	0.311	0.336	0.113	0.347	0.116	0.346	0.133	0.316	0.092	0.094	0.345	0.332	0.325	0.338	0.350	0.103	0.318	0.350	0.344	0.322	0.092	0.094	0.095	0.093	0.093	0.092	0.092	0.093	0.094	0.094	0.093	0.093	0.092
50:00:49	20.1	0.091	0.092	0.091	0.093	0.094	0.095	0.092	0.091	0.091	0.093	0.093	0.094	0.091	0.354	0.108	0.348	0.328	0.129	0.360	0.329	0.373	0.367	0.105	0.100	0.091	0.333	0.355	0.129	0.106	0.367	0.135	0.333	0.363	0.122	0.352	0.095	0.093	0.352	0.315	0.362	0.337	0.351	0.356	0.331	0.352	0.358	0.104	0.092	0.092	0.352	0.345	0.323	0.358	0.356	0.128	0.329	0.133	0.355	0.360	0.093	0.093	0.353	0.366	0.327	0.353	0.115	0.365	0.118	0.362	0.136	0.333	0.091	0.094	0.362	0.349	0.341	0.356	0.366	0.103	0.333	0.367	0.360	0.338	0.092	0.094	0.095	0.092	0.093	0.092	0.092	0.093	0.094	0.094	0.094	0.093	0.092
51:00:50	19.9	0.092	0.093	0.092	0.093	0.094	0.094	0.092	0.091	0.092	0.093	0.093	0.094	0.092	0.372	0.110	0.365	0.345	0.132	0.379	0.345	0.393	0.386	0.107	0.101	0.092	0.349	0.373	0.133	0.108	0.387	0.138	0.352	0.383	0.125	0.370	0.095	0.093	0.371	0.331	0.381	0.353	0.368	0.374	0.348	0.369	0.376	0.105	0.092	0.093	0.370	0.363	0.340	0.376	0.375	0.131	0.345	0.137	0.373	0.378	0.093	0.094	0.371	0.385	0.342	0.371	0.118	0.384	0.123	0.381	0.141	0.350	0.092	0.094	0.381	0.367	0.357	0.372	0.385	0.104	0.349	0.385	0.379	0.355	0.092	0.094	0.095	0.093	0.093	0.092	0.092	0.094	0.094	0.094	0.093	0.093	0.092
52:00:51	19.9	0.092	0.092	0.091	0.093	0.094	0.095	0.093	0.092	0.092	0.093	0.093	0.094	0.091	0.389	0.112	0.382	0.362	0.136	0.398	0.360	0.413	0.404	0.108	0.100	0.092	0.366	0.391	0.137	0.110	0.406	0.142	0.368	0.401	0.127	0.390	0.095	0.093	0.390	0.345	0.400	0.370	0.386	0.391	0.365	0.389	0.394	0.106	0.093	0.093	0.390	0.381	0.355	0.396	0.394	0.135	0.361	0.140	0.391	0.396	0.093	0.094	0.390	0.401	0.358	0.389	0.120	0.403	0.126	0.400	0.145	0.367	0.092	0.094	0.398	0.385	0.375	0.390	0.401	0.105	0.366	0.404	0.397	0.373	0.092	0.094	0.095	0.093	0.093	0.092	0.092	0.094	0.095	0.094	0.094	0.093	0.093
53:00:52	19.9	0.092	0.093	0.092	0.093	0.094	0.095	0.092	0.091	0.092	0.093	0.093	0.094	0.091	0.406	0.113	0.400	0.378	0.140	0.415	0.379	0.431	0.423	0.110	0.099	0.092	0.383	0.409	0.141	0.112	0.425	0.145	0.386	0.421	0.130	0.409	0.095	0.094	0.408	0.362	0.420	0.387	0.406	0.411	0.380	0.407	0.413	0.107	0.092	0.093	0.406	0.400	0.371	0.414	0.414	0.138	0.379	0.143	0.410	0.414	0.093	0.094	0.406	0.420	0.375	0.408	0.123	0.422	0.130	0.417	0.148	0.383	0.092	0.094	0.416	0.403	0.391	0.407	0.419	0.106	0.383	0.423	0.416	0.390	0.092	0.094	0.095	0.093	0.093	0.092	0.092	0.094	0.094	0.094	0.093	0.093	0.092
54:00:53	19.9	0.092	0.092	0.091	0.093	0.094	0.095	0.092	0.091	0.092	0.093	0.093	0.094	0.091	0.422	0.115	0.418	0.395	0.143	0.434	0.397	0.451	0.442	0.112	0.099	0.092	0.399	0.428	0.144	0.115	0.445	0.148	0.404	0.441	0.132	0.428	0.095	0.094	0.427	0.379	0.437	0.405	0.426	0.430	0.399	0.427	0.431	0.108	0.092	0.093	0.423	0.418	0.388	0.432	0.431	0.141	0.396	0.147	0.428	0.433	0.093	0.094	0.423	0.439	0.392	0.426	0.125	0.441	0.134	0.436	0.152	0.401	0.092	0.094	0.433	0.419	0.409	0.423	0.436	0.107	0.399	0.441	0.434	0.408	0.092	0.094	0.095	0.093	0.093	0.092	0.092	0.094	0.094	0.094	0.094	0.093	0.092
55:00:55	19.9	0.092	0.092	0.092	0.093	0.094	0.095	0.092	0.091	0.092	0.093	0.093	0.094	0.091	0.440	0.118	0.435	0.411	0.147	0.452	0.415	0.470	0.460	0.114	0.099	0.092	0.416	0.445	0.148	0.118	0.464	0.152	0.423	0.462	0.135	0.447	0.095	0.093	0.446	0.395	0.457	0.422	0.446	0.447	0.418	0.447	0.449	0.109	0.092	0.093	0.442	0.435	0.405	0.450	0.452	0.144	0.413	0.150	0.447	0.452	0.093	0.094	0.441	0.458	0.410	0.445	0.127	0.461	0.138	0.456	0.156	0.418	0.092	0.094	0.451	0.438	0.427	0.442	0.454	0.109	0.416	0.458	0.453	0.425	0.092	0.094	0.095	0.093	0.093	0.092	0.092	0.093	0.094	0.094	0.094	0.093	0.093
56:00:55	19.8	0.092	0.092	0.091	0.093	0.094	0.095	0.092	0.091	0.092	0.093	0.093	0.094	0.091	0.459	0.120	0.453	0.428	0.150	0.471	0.433	0.492	0.480	0.115	0.099	0.092	0.434	0.463	0.151	0.121	0.483	0.155	0.442	0.483	0.138	0.467	0.095	0.094	0.464	0.412	0.477	0.440	0.467	0.466	0.436	0.468	0.468	0.111	0.092	0.093	0.462	0.455	0.422	0.469	0.472	0.147	0.431	0.153	0.466	0.472	0.093	0.094	0.459	0.477	0.428	0.464	0.129	0.481	0.142	0.476	0.160	0.437	0.092	0.094	0.470	0.456	0.444	0.460	0.472	0.110	0.433	0.478	0.471	0.443	0.092	0.094	0.095	0.093	0.093	0.092	0.092	0.094	0.094	0.094	0.093	0.093	0.092
57:00:56	19.8	0.092	0.093	0.091	0.093	0.094	0.094	0.092	0.091	0.091	0.093	0.094	0.094	0.091	0.475	0.122	0.472	0.447	0.153	0.490	0.451	0.513	0.502	0.117	0.098	0.092	0.453	0.482	0.155	0.124	0.504	0.158	0.461	0.504	0.140	0.486	0.094	0.093	0.483	0.429	0.498	0.458	0.488	0.485	0.455	0.489	0.490	0.112	0.092	0.093	0.481	0.473	0.438	0.490	0.493	0.150	0.450	0.156	0.487	0.494	0.093	0.094	0.478	0.498	0.445	0.485	0.132	0.501	0.146	0.497	0.163	0.456	0.092	0.094	0.488	0.475	0.461	0.479	0.491	0.111	0.450	0.497	0.491	0.460	0.092	0.094	0.095	0.093	0.093	0.092	0.092	0.094	0.094	0.094	0.093	0.093	0.092
58:00:55	19.8	0.092	0.093	0.092	0.093	0.095	0.095	0.093	0.092	0.092	0.093	0.093	0.094	0.092	0.495	0.126	0.492	0.464	0.157	0.510	0.470	0.533	0.524	0.120	0.099	0.092	0.471	0.500	0.158	0.128	0.525	0.162	0.481	0.527	0.143	0.507	0.095	0.093	0.502	0.448	0.518	0.478	0.511	0.507	0.474	0.512	0.512	0.114	0.093	0.093	0.500	0.493	0.455	0.512	0.515	0.154	0.469	0.159	0.509	0.515	0.094	0.094	0.497	0.516	0.462	0.505	0.134	0.522	0.151	0.518	0.167	0.474	0.092	0.094	0.506	0.492	0.479	0.498	0.511	0.113	0.468	0.517	0.509	0.477	0.092	0.094	0.095	0.093	0.093	0.092	0.092	0.094	0.095	0.095	0.093	0.094	0.093
59:00:57	19.8	0.092	0.092	0.092	0.094	0.094	0.095	0.093	0.091	0.092	0.093	0.093	0.094	0.091	0.514	0.128	0.511	0.482	0.161	0.531	0.489	0.550	0.542	0.122	0.100	0.092	0.489	0.520	0.162	0.131	0.545	0.165	0.501	0.547	0.146	0.527	0.095	0.093	0.523	0.467	0.537	0.497	0.533	0.526	0.496	0.533	0.532	0.116	0.093	0.093	0.520	0.512	0.473	0.532	0.536	0.157	0.489	0.163	0.528	0.534	0.094	0.094	0.515	0.535	0.480	0.525	0.137	0.542	0.155	0.540	0.171	0.493	0.092	0.094	0.526	0.511	0.497	0.517	0.531	0.115	0.485	0.537	0.530	0.496	0.092	0.094	0.095	0.093	0.093	0.092	0.092	0.094	0.094	0.094	0.093	0.094	0.093
60:00:58	19.8	0.092	0.092	0.092	0.093	0.094	0.095	0.093	0.092	0.092	0.094	0.093	0.094	0.092	0.534	0.132	0.531	0.501	0.164	0.548	0.509	0.565	0.559	0.124	0.098	0.092	0.508	0.539	0.165	0.135	0.563	0.168	0.521	0.565	0.149	0.546	0.095	0.092	0.541	0.485	0.554	0.517	0.553	0.543	0.516	0.553	0.550	0.118	0.093	0.093	0.541	0.533	0.491	0.550	0.556	0.161	0.510	0.166	0.545	0.551	0.093	0.094	0.536	0.552	0.500	0.542	0.140	0.559	0.159	0.557	0.175	0.513	0.092	0.094	0.544	0.531	0.516	0.534	0.548	0.117	0.502	0.555	0.547	0.516	0.092	0.094	0.095	0.093	0.093	0.092	0.092	0.094	0.094	0.094	0.093	0.093	0.092
61:00:59	19.8	0.092	0.092	0.092	0.093	0.094	0.095	0.093	0.091	0.092	0.093	0.093	0.094	0.091	0.552	0.135	0.549	0.520	0.168	0.563	0.528	0.579	0.572	0.127	0.099	0.092	0.527	0.557	0.168	0.138	0.577	0.172	0.539	0.581	0.152	0.563	0.095	0.092	0.557	0.503	0.565	0.535	0.571	0.559	0.535	0.569	0.566	0.120	0.092	0.093	0.558	0.551	0.510	0.565	0.572	0.164	0.527	0.169	0.562	0.566	0.093	0.094	0.553	0.563	0.517	0.555	0.143	0.573	0.163	0.570	0.178	0.532	0.092	0.094	0.557	0.545	0.533	0.548	0.562	0.119	0.521	0.567	0.560	0.535	0.092	0.094	0.095	0.093	0.093	0.092	0.092	0.094	0.094	0.094	0.093	0.093	0.093
62:01:00	19.8	0.092	0.093	0.092	0.093	0.095	0.095	0.093	0.092	0.092	0.093	0.093	0.094	0.092	0.568	0.138	0.563	0.538	0.171	0.576	0.546	0.589	0.582	0.129	0.099	0.092	0.546	0.571	0.172	0.141	0.589	0.176	0.556	0.595	0.155	0.576	0.095	0.092	0.569	0.522	0.575	0.549	0.586	0.575	0.553	0.584	0.579	0.123	0.093	0.093	0.570	0.562	0.528	0.577	0.584	0.169	0.545	0.172	0.574	0.579	0.093	0.094	0.565	0.574	0.533	0.567	0.146	0.584	0.166	0.581	0.183	0.551	0.092	0.094	0.568	0.558	0.547	0.559	0.573	0.121	0.539	0.578	0.571	0.554	0.092	0.094	0.095	0.093	0.093	0.092	0.092	0.094	0.094	0.094	0.093	0.093	0.093
63:01:00	19.8	0.092	0.092	0.092	0.093	0.094	0.095	0.092	0.091	0.092	0.093	0.093	0.094	0.091	0.581	0.142	0.577	0.553	0.175	0.585	0.560	0.596	0.588	0.132	0.100	0.092	0.558	0.582	0.175	0.144	0.598	0.180	0.569	0.604	0.158	0.586	0.095	0.092	0.579	0.540	0.583	0.563	0.598	0.586	0.568	0.596	0.587	0.126	0.092	0.093	0.580	0.573	0.543	0.587	0.595	0.172	0.561	0.175	0.583	0.587	0.094	0.094	0.575	0.581	0.548	0.576	0.149	0.592	0.170	0.589	0.187	0.566	0.092	0.094	0.576	0.568	0.559	0.569	0.581	0.124	0.553	0.584	0.579	0.568	0.092	0.094	0.095	0.093	0.093	0.092	0.092	0.094	0.094	0.094	0.093	0.094	0.092
64:01:02	19.8	0.092	0.092	0.092	0.093	0.094	0.095	0.093	0.091	0.092	0.093	0.093	0.094	0.091	0.591	0.146	0.588	0.565	0.179	0.592	0.573	0.602	0.595	0.135	0.099	0.092	0.569	0.590	0.179	0.148	0.604	0.184	0.581	0.612	0.162	0.595	0.095	0.092	0.587	0.553	0.589	0.573	0.607	0.596	0.583	0.605	0.595	0.129	0.092	0.093	0.587	0.581	0.555	0.594	0.603	0.177	0.573	0.179	0.591	0.594	0.093	0.094	0.583	0.587	0.559	0.582	0.153	0.599	0.173	0.596	0.191	0.577	0.092	0.094	0.583	0.577	0.568	0.576	0.588	0.127	0.563	0.590	0.584	0.578	0.092	0.094	0.095	0.093	0.093	0.092	0.092	0.094	0.094	0.094	0.093	0.093	0.092
65:01:03	19.7	0.092	0.093	0.092	0.093	0.094	0.094	0.093	0.091	0.092	0.093	0.093	0.094	0.092	0.597	0.150	0.597	0.574	0.183	0.599	0.583	0.608	0.601	0.138	0.100	0.092	0.579	0.597	0.182	0.151	0.612	0.189	0.589	0.618	0.165	0.602	0.095	0.092	0.593	0.564	0.596	0.580	0.616	0.604	0.595	0.613	0.603	0.133	0.093	0.093	0.593	0.588	0.564	0.603	0.611	0.182	0.582	0.184	0.600	0.602	0.093	0.094	0.589	0.593	0.569	0.588	0.156	0.605	0.178	0.603	0.196	0.587	0.092	0.094	0.589	0.584	0.575	0.582	0.593	0.130	0.572	0.595	0.590	0.586	0.092	0.095	0.095	0.093	0.093	0.092	0.092	0.094	0.094	0.094	0.093	0.093	0.092
66:01:04	19.8	0.092	0.092	0.091	0.093	0.094	0.094	0.092	0.091	0.091	0.093	0.093	0.094	0.091	0.604	0.155	0.601	0.581	0.187	0.606	0.591	0.613	0.607	0.141	0.099	0.091	0.586	0.604	0.186	0.154	0.617	0.194	0.595	0.625	0.169	0.610	0.095	0.092	0.599	0.573	0.602	0.588	0.624	0.613	0.602	0.620	0.610	0.137	0.092	0.093	0.599	0.594	0.571	0.609	0.619	0.187	0.590	0.187	0.607	0.608	0.093	0.094	0.595	0.598	0.575	0.595	0.160	0.610	0.182	0.609	0.200	0.595	0.092	0.094	0.595	0.591	0.581	0.589	0.599	0.134	0.579	0.600	0.597	0.591	0.091	0.094	0.095	0.093	0.093	0.092	0.092	0.093	0.094	0.094	0.093	0.093	0.092
67:01:05	20.0	0.092	0.092	0.091	0.093	0.094	0.095	0.093	0.091	0.091	0.093	0.093	0.094	0.092	0.610	0.160	0.608	0.589	0.191	0.612	0.488	0.618	0.611	0.145	0.099	0.092	0.592	0.612	0.191	0.158	0.623	0.199	0.602	0.631	0.173	0.616	0.095	0.092	0.605	0.580	0.607	0.596	0.631	0.620	0.610	0.626	0.616	0.142	0.092	0.093	0.604	0.600	0.578	0.616	0.626	0.192	0.597	0.191	0.613	0.614	0.093	0.094	0.602	0.604	0.582	0.600	0.164	0.616	0.186	0.614	0.204	0.602	0.092	0.094	0.602	0.597	0.588	0.594	0.605	0.138	0.585	0.607	0.604	0.598	0.092	0.094	0.095	0.093	0.093	0.092	0.092	0.094	0.094	0.094	0.093	0.093	0.092
68:01:05	20.0	0.092	0.092	0.092	0.093	0.094	0.094	0.092	0.091	0.092	0.093	0.093	0.094	0.092	0.614	0.166	0.613	0.596	0.197	0.616	0.489	0.622	0.616	0.150	0.101	0.092	0.598	0.616	0.195	0.161	0.628	0.205	0.607	0.635	0.177	0.620	0.095	0.092	0.610	0.587	0.612	0.603	0.637	0.626	0.617	0.631	0.622	0.148	0.092	0.093	0.608	0.605	0.585	0.622	0.632	0.199	0.605	0.197	0.618	0.623	0.093	0.094	0.606	0.610	0.588	0.606	0.169	0.621	0.191	0.619	0.209	0.608	0.092	0.094	0.607	0.603	0.594	0.600	0.610	0.143	0.591	0.613	0.608	0.604	0.092	0.094	0.095	0.093	0.093	0.092	0.092	0.094	0.094	0.094	0.093	0.093	0.093
69:01:09	19.9	0.092	0.092	0.091	0.093	0.094	0.094	0.093	0.091	0.092	0.093	0.093	0.094	0.091	0.623	0.171	0.617	0.601	0.201	0.621	0.491	0.626	0.619	0.154	0.100	0.092	0.603	0.623	0.200	0.165	0.631	0.211	0.612	0.640	0.183	0.625	0.095	0.092	0.614	0.593	0.616	0.609	0.643	0.632	0.623	0.636	0.626	0.154	0.092	0.093	0.614	0.609	0.591	0.627	0.637	0.206	0.612	0.202	0.624	0.495	0.093	0.094	0.610	0.615	0.595	0.610	0.174	0.626	0.195	0.625	0.215	0.613	0.092	0.094	0.611	0.608	0.601	0.605	0.614	0.148	0.596	0.617	0.613	0.495	0.092	0.094	0.095	0.093	0.093	0.092	0.092	0.094	0.094	0.094	0.093	0.094	0.093
70:01:08	19.9	0.092	0.092	0.092	0.093	0.094	0.094	0.092	0.091	0.091	0.093	0.093	0.094	0.091	0.818	0.178	0.623	0.605	0.207	0.624	0.493	0.630	0.623	0.159	0.101	0.092	0.608	0.625	0.205	0.168	0.636	0.219	0.616	0.644	0.188	0.629	0.095	0.092	0.619	0.599	0.621	0.614	0.647	0.637	0.627	0.639	0.631	0.161	0.092	0.093	0.618	0.614	0.595	0.632	0.642	0.212	0.616	0.208	0.628	0.497	0.093	0.094	0.613	0.620	0.599	0.615	0.179	0.630	0.200	0.629	0.220	0.618	0.092	0.094	0.616	0.613	0.606	0.610	0.618	0.154	0.601	0.621	0.617	0.496	0.092	0.094	0.095	0.093	0.093	0.092	0.092	0.093	0.094	0.094	0.093	0.093	0.092
71:01:08	19.9	0.092	0.092	0.092	0.093	0.094	0.094	0.092	0.091	0.092	0.093	0.093	0.094	0.092	0.501	0.185	0.647	0.609	0.213	0.888	0.495	0.634	0.627	0.164	0.098	0.092	0.615	0.629	0.211	0.172	0.640	0.226	0.620	0.648	0.194	0.634	0.095	0.092	0.624	0.604	0.625	0.619	0.652	0.641	0.632	0.913	0.635	0.168	0.093	0.093	0.622	0.620	0.600	0.636	0.647	0.220	0.621	0.214	0.633	0.498	0.093	0.094	0.618	0.625	0.605	0.620	0.185	0.635	0.205	0.634	0.226	0.622	0.092	0.094	0.621	0.618	0.611	0.615	0.623	0.160	0.607	0.741	0.622	0.498	0.092	0.094	0.095	0.093	0.093	0.092	0.092	0.094	0.094	0.094	0.093	0.093	0.093
72:01:09	19.8	0.091	0.092	0.092	0.093	0.094	0.094	0.092	0.091	0.091	0.093	0.092	0.094	0.091	0.504	0.191	0.792	0.611	0.219	0.500	0.496	0.638	0.631	0.169	0.096	0.091	0.633	0.632	0.217	0.176	0.644	0.234	0.623	0.652	0.199	0.637	0.095	0.091	0.627	0.607	0.629	0.623	0.655	0.647	0.636	0.504	0.639	0.176	0.092	0.093	0.627	0.624	0.603	0.640	0.651	0.228	0.626	0.220	0.637	0.501	0.093	0.093	0.623	0.629	0.610	0.625	0.191	0.639	0.210	0.638	0.232	0.626	0.091	0.093	0.626	0.622	0.614	0.618	0.627	0.167	0.610	0.500	0.625	0.500	0.091	0.094	0.095	0.092	0.093	0.092	0.092	0.093	0.094	0.094	0.093	0.093	0.092

