Time	T° 600	A1	A2	A3	A4	A5	A6	A7	A8	A9	A10	A11	A12	B1	B2	B3	B4	B5	B6	B7	B8	B9	B10	B11	B12	C1	C2	C3	C4	C5	C6	C7	C8	C9	C10	C11	C12	D1	D2	D3	D4	D5	D6	D7	D8	D9	D10	D11	D12	E1	E2	E3	E4	E5	E6	E7	E8	E9	E10	E11	E12	F1	F2	F3	F4	F5	F6	F7	F8	F9	F10	F11	F12	G1	G2	G3	G4	G5	G6	G7	G8	G9	G10	G11	G12	H1	H2	H3	H4	H5	H6	H7	H8	H9	H10	H11	H12
0:00:06	19.0	0.092	0.094	0.095	0.095	0.095	0.095	0.094	0.093	0.093	0.094	0.095	0.093	0.092	0.131	0.125	0.122	0.097	0.099	0.098	0.100	0.098	0.099	0.099	0.092	0.092	0.126	0.132	0.126	0.097	0.098	0.097	0.098	0.097	0.099	0.099	0.092	0.093	0.123	0.122	0.126	0.095	0.098	0.097	0.097	0.097	0.098	0.101	0.092	0.093	0.124	0.123	0.097	0.096	0.097	0.096	0.096	0.096	0.096	0.096	0.092	0.093	0.121	0.123	0.098	0.097	0.098	0.097	0.097	0.097	0.097	0.097	0.092	0.092	0.137	0.125	0.099	0.098	0.098	0.100	0.102	0.098	0.096	0.097	0.092	0.093	0.093	0.094	0.095	0.094	0.094	0.093	0.093	0.094	0.093	0.094	0.094
1:00:06	19.6	0.092	0.094	0.096	0.095	0.096	0.095	0.094	0.094	0.094	0.095	0.095	0.094	0.092	0.137	0.129	0.128	0.098	0.099	0.099	0.101	0.098	0.100	0.100	0.093	0.092	0.131	0.138	0.131	0.097	0.098	0.097	0.098	0.098	0.100	0.099	0.093	0.093	0.130	0.127	0.130	0.096	0.099	0.098	0.098	0.098	0.099	0.101	0.092	0.093	0.129	0.129	0.098	0.097	0.098	0.097	0.097	0.097	0.098	0.097	0.093	0.093	0.125	0.131	0.099	0.098	0.099	0.098	0.098	0.097	0.098	0.097	0.093	0.093	0.142	0.128	0.100	0.098	0.098	0.100	0.103	0.099	0.097	0.097	0.092	0.093	0.094	0.094	0.095	0.094	0.094	0.093	0.093	0.094	0.094	0.094	0.094
2:00:08	20.0	0.092	0.094	0.096	0.096	0.095	0.095	0.094	0.094	0.094	0.095	0.096	0.094	0.092	0.144	0.134	0.133	0.099	0.100	0.099	0.102	0.099	0.100	0.100	0.093	0.092	0.136	0.147	0.138	0.098	0.099	0.098	0.099	0.098	0.100	0.100	0.093	0.093	0.136	0.132	0.139	0.096	0.099	0.099	0.099	0.099	0.100	0.103	0.092	0.093	0.136	0.133	0.098	0.097	0.098	0.097	0.097	0.098	0.098	0.097	0.093	0.093	0.131	0.137	0.100	0.099	0.100	0.099	0.099	0.098	0.099	0.098	0.093	0.093	0.149	0.133	0.100	0.099	0.099	0.101	0.104	0.099	0.098	0.099	0.093	0.093	0.094	0.094	0.095	0.095	0.094	0.094	0.093	0.094	0.093	0.095	0.094
3:00:07	20.4	0.092	0.094	0.095	0.095	0.096	0.094	0.094	0.094	0.094	0.095	0.095	0.094	0.092	0.152	0.138	0.138	0.099	0.101	0.100	0.102	0.100	0.101	0.101	0.092	0.092	0.143	0.152	0.141	0.098	0.100	0.099	0.100	0.099	0.101	0.101	0.092	0.093	0.142	0.137	0.145	0.097	0.100	0.100	0.099	0.099	0.100	0.104	0.092	0.093	0.141	0.139	0.099	0.098	0.099	0.098	0.098	0.098	0.099	0.098	0.092	0.093	0.136	0.141	0.100	0.099	0.100	0.099	0.100	0.099	0.099	0.098	0.092	0.092	0.154	0.139	0.101	0.099	0.100	0.102	0.105	0.100	0.098	0.099	0.092	0.093	0.093	0.094	0.094	0.094	0.094	0.093	0.093	0.094	0.093	0.094	0.094
4:00:08	20.6	0.092	0.094	0.095	0.095	0.095	0.094	0.094	0.094	0.094	0.095	0.095	0.094	0.092	0.165	0.143	0.142	0.101	0.105	0.101	0.103	0.101	0.102	0.102	0.092	0.092	0.145	0.157	0.145	0.100	0.101	0.100	0.101	0.100	0.102	0.102	0.092	0.092	0.151	0.141	0.149	0.098	0.101	0.101	0.101	0.101	0.101	0.105	0.092	0.093	0.147	0.142	0.100	0.099	0.100	0.099	0.099	0.099	0.100	0.099	0.092	0.093	0.141	0.146	0.102	0.101	0.102	0.101	0.101	0.101	0.100	0.099	0.092	0.093	0.160	0.144	0.102	0.101	0.101	0.104	0.106	0.101	0.100	0.100	0.092	0.093	0.093	0.094	0.095	0.094	0.094	0.093	0.093	0.094	0.093	0.095	0.094
5:00:09	20.6	0.092	0.094	0.096	0.095	0.096	0.095	0.094	0.094	0.094	0.095	0.095	0.094	0.092	0.175	0.147	0.148	0.102	0.106	0.103	0.105	0.102	0.103	0.103	0.093	0.092	0.152	0.162	0.150	0.101	0.103	0.101	0.103	0.102	0.103	0.103	0.093	0.093	0.166	0.146	0.155	0.100	0.103	0.103	0.102	0.102	0.102	0.108	0.093	0.093	0.152	0.147	0.102	0.101	0.102	0.100	0.101	0.101	0.102	0.100	0.093	0.093	0.146	0.153	0.103	0.102	0.103	0.102	0.103	0.102	0.102	0.101	0.092	0.093	0.167	0.149	0.104	0.103	0.103	0.106	0.108	0.103	0.101	0.102	0.092	0.093	0.094	0.094	0.095	0.094	0.094	0.093	0.093	0.094	0.093	0.094	0.095
6:00:12	20.6	0.093	0.095	0.095	0.095	0.096	0.095	0.094	0.094	0.094	0.095	0.096	0.094	0.092	0.184	0.151	0.152	0.103	0.108	0.105	0.106	0.104	0.105	0.104	0.093	0.092	0.164	0.167	0.154	0.103	0.104	0.103	0.105	0.104	0.105	0.105	0.093	0.093	0.164	0.151	0.161	0.101	0.104	0.104	0.104	0.104	0.104	0.110	0.092	0.093	0.155	0.152	0.103	0.102	0.103	0.102	0.102	0.102	0.103	0.102	0.093	0.093	0.151	0.159	0.105	0.103	0.105	0.103	0.105	0.104	0.104	0.103	0.092	0.093	0.172	0.154	0.105	0.104	0.105	0.107	0.109	0.105	0.103	0.104	0.092	0.093	0.094	0.094	0.095	0.094	0.094	0.093	0.093	0.094	0.093	0.094	0.094
7:00:14	20.5	0.093	0.095	0.096	0.095	0.096	0.095	0.094	0.094	0.094	0.095	0.096	0.094	0.092	0.185	0.155	0.156	0.106	0.111	0.108	0.109	0.106	0.107	0.106	0.093	0.092	0.167	0.173	0.159	0.105	0.106	0.105	0.107	0.106	0.108	0.107	0.093	0.093	0.176	0.156	0.166	0.103	0.107	0.106	0.106	0.107	0.107	0.113	0.093	0.093	0.163	0.157	0.105	0.104	0.105	0.104	0.104	0.105	0.106	0.105	0.093	0.093	0.158	0.163	0.107	0.106	0.106	0.105	0.107	0.106	0.107	0.105	0.093	0.093	0.178	0.161	0.108	0.106	0.107	0.109	0.112	0.108	0.106	0.106	0.093	0.093	0.094	0.094	0.095	0.095	0.094	0.093	0.093	0.094	0.094	0.095	0.095
8:00:14	20.4	0.093	0.094	0.095	0.095	0.096	0.094	0.094	0.094	0.094	0.095	0.095	0.094	0.092	0.197	0.160	0.162	0.108	0.113	0.111	0.111	0.109	0.110	0.109	0.092	0.092	0.169	0.179	0.164	0.107	0.109	0.108	0.110	0.109	0.110	0.109	0.093	0.093	0.178	0.161	0.171	0.105	0.110	0.109	0.109	0.109	0.109	0.117	0.092	0.093	0.170	0.162	0.108	0.106	0.107	0.106	0.106	0.107	0.109	0.107	0.093	0.093	0.161	0.168	0.109	0.107	0.108	0.107	0.109	0.108	0.109	0.107	0.093	0.093	0.184	0.165	0.110	0.108	0.109	0.113	0.114	0.111	0.109	0.108	0.092	0.093	0.094	0.093	0.095	0.095	0.094	0.093	0.093	0.094	0.094	0.094	0.094
9:00:16	20.4	0.093	0.094	0.096	0.095	0.096	0.095	0.094	0.094	0.094	0.095	0.095	0.094	0.092	0.214	0.165	0.167	0.112	0.117	0.115	0.115	0.113	0.114	0.113	0.093	0.092	0.174	0.185	0.170	0.111	0.112	0.112	0.115	0.114	0.115	0.113	0.092	0.093	0.180	0.167	0.177	0.108	0.113	0.112	0.113	0.113	0.113	0.121	0.093	0.093	0.175	0.169	0.111	0.109	0.111	0.110	0.109	0.111	0.113	0.111	0.093	0.093	0.172	0.178	0.112	0.112	0.112	0.111	0.113	0.113	0.113	0.111	0.093	0.093	0.190	0.171	0.114	0.113	0.113	0.117	0.118	0.114	0.113	0.112	0.093	0.093	0.094	0.094	0.095	0.094	0.094	0.093	0.093	0.094	0.094	0.095	0.094
10:00:15	20.4	0.094	0.095	0.096	0.096	0.096	0.095	0.094	0.094	0.094	0.095	0.095	0.094	0.092	0.221	0.171	0.174	0.116	0.121	0.121	0.120	0.119	0.120	0.118	0.093	0.092	0.183	0.194	0.176	0.115	0.118	0.117	0.120	0.119	0.121	0.117	0.093	0.093	0.183	0.173	0.183	0.113	0.118	0.118	0.118	0.118	0.119	0.127	0.092	0.093	0.183	0.175	0.116	0.114	0.116	0.114	0.114	0.116	0.118	0.117	0.093	0.094	0.177	0.186	0.117	0.116	0.117	0.116	0.118	0.118	0.119	0.116	0.093	0.093	0.200	0.178	0.119	0.117	0.118	0.123	0.124	0.120	0.118	0.117	0.092	0.093	0.094	0.094	0.095	0.094	0.094	0.093	0.093	0.094	0.094	0.095	0.094
11:00:17	20.4	0.094	0.095	0.096	0.096	0.096	0.095	0.094	0.095	0.094	0.095	0.096	0.094	0.092	0.233	0.179	0.181	0.123	0.129	0.128	0.127	0.127	0.129	0.125	0.093	0.093	0.194	0.202	0.184	0.121	0.124	0.125	0.128	0.127	0.129	0.126	0.093	0.093	0.188	0.180	0.189	0.119	0.124	0.125	0.124	0.126	0.126	0.136	0.093	0.093	0.195	0.181	0.123	0.120	0.123	0.121	0.120	0.123	0.126	0.124	0.093	0.094	0.186	0.190	0.123	0.122	0.123	0.122	0.125	0.126	0.127	0.123	0.093	0.093	0.208	0.186	0.126	0.125	0.126	0.133	0.131	0.127	0.125	0.127	0.093	0.093	0.094	0.094	0.095	0.094	0.094	0.094	0.093	0.094	0.094	0.095	0.095
12:00:18	20.4	0.093	0.095	0.096	0.096	0.096	0.095	0.094	0.094	0.094	0.095	0.096	0.094	0.092	0.230	0.189	0.187	0.131	0.138	0.138	0.136	0.137	0.138	0.133	0.093	0.093	0.201	0.209	0.193	0.128	0.133	0.134	0.139	0.137	0.139	0.135	0.093	0.093	0.196	0.186	0.195	0.126	0.133	0.133	0.134	0.136	0.137	0.146	0.093	0.093	0.203	0.188	0.131	0.128	0.131	0.130	0.128	0.134	0.136	0.134	0.093	0.094	0.195	0.197	0.130	0.130	0.131	0.131	0.135	0.136	0.137	0.132	0.093	0.093	0.215	0.195	0.135	0.135	0.135	0.143	0.140	0.137	0.135	0.133	0.093	0.093	0.094	0.094	0.095	0.095	0.094	0.094	0.093	0.094	0.094	0.095	0.095
13:00:19	20.5	0.093	0.095	0.095	0.096	0.096	0.095	0.094	0.094	0.094	0.095	0.096	0.094	0.092	0.242	0.197	0.194	0.143	0.149	0.149	0.146	0.149	0.150	0.142	0.093	0.092	0.208	0.218	0.200	0.139	0.145	0.143	0.148	0.147	0.148	0.147	0.093	0.093	0.206	0.194	0.202	0.135	0.143	0.143	0.144	0.146	0.149	0.157	0.093	0.093	0.211	0.197	0.141	0.138	0.140	0.141	0.139	0.143	0.145	0.145	0.093	0.094	0.201	0.204	0.140	0.139	0.140	0.139	0.145	0.146	0.148	0.144	0.093	0.093	0.224	0.202	0.145	0.146	0.144	0.153	0.151	0.148	0.145	0.143	0.093	0.094	0.094	0.094	0.095	0.095	0.094	0.094	0.093	0.094	0.094	0.095	0.095
14:00:19	20.5	0.093	0.095	0.096	0.095	0.096	0.095	0.094	0.094	0.094	0.095	0.096	0.094	0.092	0.253	0.206	0.202	0.152	0.160	0.162	0.157	0.160	0.163	0.147	0.093	0.092	0.218	0.227	0.207	0.150	0.158	0.157	0.162	0.162	0.164	0.162	0.093	0.093	0.216	0.201	0.209	0.144	0.153	0.154	0.158	0.162	0.166	0.180	0.093	0.093	0.219	0.203	0.153	0.148	0.148	0.150	0.149	0.155	0.160	0.161	0.093	0.094	0.209	0.212	0.149	0.147	0.147	0.147	0.156	0.159	0.163	0.156	0.093	0.093	0.232	0.211	0.159	0.159	0.156	0.171	0.164	0.162	0.157	0.156	0.093	0.093	0.094	0.094	0.095	0.094	0.094	0.094	0.093	0.094	0.123	0.095	0.095
15:00:21	20.6	0.093	0.095	0.096	0.096	0.096	0.095	0.094	0.095	0.094	0.095	0.096	0.094	0.092	0.265	0.217	0.209	0.167	0.175	0.180	0.174	0.179	0.187	0.154	0.093	0.092	0.229	0.236	0.216	0.165	0.178	0.174	0.179	0.180	0.183	0.186	0.093	0.093	0.227	0.208	0.216	0.161	0.172	0.176	0.178	0.183	0.185	0.201	0.093	0.093	0.228	0.211	0.168	0.163	0.164	0.169	0.167	0.175	0.182	0.183	0.093	0.094	0.218	0.220	0.161	0.162	0.162	0.157	0.174	0.179	0.186	0.179	0.093	0.093	0.242	0.218	0.173	0.175	0.173	0.191	0.184	0.182	0.176	0.170	0.093	0.094	0.094	0.094	0.095	0.095	0.094	0.094	0.093	0.094	0.109	0.095	0.095
16:00:22	20.6	0.093	0.095	0.096	0.096	0.096	0.095	0.094	0.094	0.094	0.095	0.096	0.094	0.092	0.276	0.228	0.219	0.188	0.199	0.198	0.194	0.197	0.208	0.163	0.093	0.093	0.240	0.247	0.227	0.180	0.192	0.189	0.194	0.193	0.199	0.203	0.093	0.093	0.238	0.216	0.226	0.176	0.191	0.191	0.194	0.198	0.201	0.216	0.092	0.093	0.238	0.221	0.186	0.181	0.180	0.190	0.184	0.192	0.199	0.200	0.093	0.094	0.228	0.228	0.179	0.179	0.179	0.170	0.192	0.194	0.201	0.197	0.093	0.093	0.253	0.228	0.191	0.195	0.190	0.208	0.203	0.198	0.192	0.184	0.093	0.094	0.094	0.094	0.095	0.095	0.095	0.093	0.093	0.094	0.094	0.095	0.095
17:00:22	20.7	0.093	0.095	0.096	0.096	0.096	0.095	0.094	0.094	0.094	0.095	0.096	0.094	0.092	0.288	0.239	0.229	0.205	0.222	0.223	0.217	0.222	0.228	0.168	0.093	0.092	0.252	0.260	0.239	0.195	0.206	0.207	0.213	0.210	0.218	0.222	0.093	0.093	0.248	0.224	0.235	0.189	0.206	0.207	0.212	0.216	0.221	0.243	0.093	0.093	0.251	0.231	0.204	0.196	0.195	0.207	0.203	0.212	0.220	0.219	0.093	0.094	0.239	0.238	0.196	0.196	0.195	0.184	0.210	0.213	0.223	0.219	0.093	0.093	0.264	0.239	0.208	0.211	0.205	0.230	0.223	0.221	0.214	0.207	0.093	0.094	0.094	0.094	0.095	0.094	0.094	0.094	0.093	0.094	0.093	0.095	0.095
18:00:23	20.7	0.093	0.095	0.095	0.096	0.096	0.095	0.094	0.095	0.094	0.095	0.095	0.094	0.092	0.302	0.250	0.239	0.228	0.245	0.242	0.235	0.246	0.251	0.181	0.093	0.092	0.264	0.274	0.252	0.213	0.222	0.225	0.232	0.229	0.240	0.248	0.093	0.093	0.261	0.234	0.245	0.204	0.226	0.227	0.233	0.237	0.245	0.268	0.093	0.093	0.263	0.242	0.224	0.213	0.211	0.230	0.224	0.236	0.243	0.244	0.093	0.094	0.249	0.248	0.214	0.213	0.213	0.202	0.232	0.234	0.249	0.246	0.093	0.093	0.276	0.251	0.227	0.231	0.225	0.252	0.249	0.246	0.239	0.234	0.093	0.093	0.094	0.094	0.095	0.095	0.095	0.094	0.093	0.094	0.095	0.095	0.094
19:00:26	20.8	0.094	0.095	0.096	0.096	0.096	0.095	0.095	0.095	0.094	0.095	0.095	0.095	0.092	0.318	0.261	0.251	0.247	0.261	0.253	0.250	0.268	0.274	0.204	0.094	0.093	0.278	0.288	0.266	0.232	0.239	0.239	0.252	0.249	0.260	0.275	0.093	0.093	0.274	0.245	0.256	0.224	0.246	0.248	0.258	0.260	0.270	0.293	0.093	0.093	0.277	0.253	0.247	0.233	0.233	0.254	0.247	0.260	0.267	0.269	0.093	0.094	0.262	0.259	0.235	0.235	0.237	0.224	0.258	0.258	0.273	0.271	0.093	0.093	0.289	0.264	0.250	0.254	0.249	0.274	0.274	0.270	0.265	0.261	0.093	0.094	0.094	0.094	0.095	0.095	0.095	0.094	0.094	0.094	0.099	0.095	0.095
20:00:29	20.8	0.094	0.095	0.096	0.096	0.096	0.095	0.094	0.094	0.094	0.095	0.095	0.094	0.092	0.330	0.274	0.264	0.262	0.274	0.264	0.265	0.283	0.291	0.223	0.093	0.093	0.291	0.303	0.279	0.249	0.254	0.252	0.269	0.267	0.276	0.295	0.093	0.093	0.289	0.257	0.267	0.245	0.265	0.270	0.279	0.278	0.292	0.313	0.093	0.094	0.290	0.264	0.262	0.253	0.257	0.278	0.268	0.280	0.287	0.289	0.093	0.094	0.275	0.270	0.254	0.257	0.260	0.247	0.277	0.279	0.294	0.290	0.093	0.093	0.302	0.277	0.268	0.273	0.269	0.290	0.294	0.290	0.286	0.284	0.093	0.093	0.094	0.094	0.095	0.095	0.094	0.094	0.093	0.094	0.108	0.095	0.095
21:00:27	20.8	0.094	0.095	0.096	0.096	0.096	0.095	0.095	0.095	0.094	0.095	0.095	0.094	0.092	0.346	0.287	0.276	0.278	0.296	0.282	0.285	0.301	0.310	0.246	0.094	0.093	0.305	0.319	0.292	0.268	0.275	0.272	0.286	0.287	0.294	0.316	0.093	0.093	0.303	0.268	0.278	0.268	0.288	0.292	0.304	0.297	0.311	0.333	0.093	0.093	0.305	0.276	0.279	0.275	0.280	0.303	0.293	0.301	0.306	0.306	0.093	0.094	0.288	0.282	0.276	0.282	0.283	0.270	0.301	0.302	0.315	0.309	0.093	0.093	0.316	0.289	0.290	0.295	0.293	0.313	0.316	0.311	0.309	0.305	0.093	0.094	0.094	0.094	0.095	0.095	0.094	0.094	0.094	0.094	0.118	0.095	0.095
22:00:28	20.8	0.093	0.095	0.096	0.096	0.096	0.095	0.094	0.095	0.094	0.095	0.094	0.094	0.092	0.362	0.298	0.289	0.299	0.315	0.299	0.304	0.321	0.329	0.268	0.093	0.093	0.319	0.334	0.306	0.290	0.295	0.291	0.304	0.306	0.315	0.337	0.093	0.093	0.319	0.280	0.291	0.291	0.309	0.313	0.325	0.317	0.331	0.353	0.093	0.093	0.320	0.288	0.299	0.296	0.303	0.326	0.312	0.324	0.326	0.325	0.093	0.094	0.303	0.294	0.298	0.304	0.305	0.290	0.319	0.323	0.334	0.328	0.093	0.093	0.330	0.303	0.311	0.314	0.314	0.332	0.333	0.330	0.328	0.325	0.093	0.094	0.094	0.094	0.095	0.095	0.094	0.094	0.093	0.094	0.124	0.095	0.095
23:00:28	20.9	0.093	0.095	0.096	0.096	0.096	0.095	0.094	0.095	0.094	0.095	0.095	0.094	0.092	0.379	0.309	0.303	0.315	0.333	0.316	0.323	0.339	0.347	0.288	0.093	0.092	0.334	0.352	0.321	0.310	0.315	0.307	0.322	0.325	0.333	0.356	0.093	0.093	0.333	0.292	0.304	0.311	0.328	0.332	0.342	0.337	0.352	0.372	0.093	0.093	0.335	0.302	0.319	0.317	0.322	0.348	0.332	0.342	0.344	0.342	0.093	0.094	0.318	0.307	0.315	0.324	0.326	0.309	0.339	0.342	0.353	0.346	0.092	0.093	0.343	0.317	0.327	0.333	0.332	0.350	0.351	0.349	0.348	0.346	0.092	0.094	0.094	0.094	0.095	0.094	0.094	0.094	0.093	0.094	0.141	0.095	0.095
24:00:31	21.0	0.094	0.095	0.096	0.096	0.096	0.095	0.095	0.095	0.094	0.095	0.095	0.094	0.092	0.399	0.320	0.319	0.334	0.351	0.335	0.342	0.358	0.365	0.309	0.094	0.093	0.350	0.370	0.336	0.329	0.335	0.328	0.340	0.344	0.352	0.376	0.093	0.093	0.350	0.306	0.319	0.331	0.347	0.352	0.362	0.355	0.370	0.391	0.093	0.093	0.353	0.317	0.337	0.336	0.343	0.369	0.353	0.361	0.363	0.359	0.094	0.094	0.334	0.321	0.333	0.344	0.346	0.330	0.359	0.361	0.372	0.365	0.093	0.093	0.359	0.332	0.346	0.351	0.351	0.370	0.370	0.369	0.366	0.364	0.093	0.094	0.094	0.094	0.095	0.095	0.095	0.094	0.094	0.094	0.133	0.095	0.095
25:00:30	21.1	0.094	0.095	0.096	0.096	0.096	0.095	0.095	0.095	0.095	0.095	0.095	0.094	0.092	0.418	0.331	0.333	0.355	0.373	0.355	0.364	0.379	0.387	0.330	0.093	0.093	0.367	0.387	0.352	0.350	0.354	0.347	0.361	0.364	0.374	0.395	0.093	0.093	0.366	0.322	0.333	0.352	0.367	0.374	0.382	0.375	0.391	0.412	0.093	0.094	0.369	0.331	0.355	0.357	0.363	0.390	0.375	0.383	0.383	0.380	0.093	0.094	0.349	0.337	0.352	0.363	0.366	0.349	0.380	0.382	0.392	0.386	0.093	0.093	0.375	0.348	0.365	0.371	0.370	0.390	0.391	0.389	0.387	0.385	0.093	0.094	0.094	0.094	0.095	0.095	0.095	0.094	0.094	0.094	0.147	0.095	0.095
26:00:31	21.3	0.094	0.095	0.096	0.096	0.096	0.095	0.095	0.095	0.094	0.095	0.095	0.094	0.092	0.437	0.342	0.350	0.377	0.396	0.378	0.386	0.403	0.410	0.353	0.093	0.093	0.385	0.407	0.367	0.371	0.376	0.369	0.382	0.385	0.398	0.419	0.093	0.093	0.382	0.336	0.349	0.373	0.387	0.396	0.404	0.397	0.412	0.436	0.092	0.093	0.386	0.346	0.374	0.377	0.384	0.413	0.399	0.406	0.406	0.404	0.093	0.094	0.366	0.352	0.373	0.385	0.388	0.372	0.403	0.404	0.414	0.408	0.093	0.093	0.392	0.365	0.386	0.392	0.392	0.413	0.414	0.412	0.409	0.409	0.093	0.094	0.094	0.094	0.095	0.095	0.095	0.094	0.093	0.094	0.150	0.095	0.095
27:00:32	21.4	0.094	0.095	0.096	0.096	0.096	0.095	0.094	0.094	0.094	0.095	0.095	0.094	0.092	0.459	0.354	0.366	0.402	0.422	0.402	0.412	0.428	0.435	0.378	0.093	0.093	0.403	0.427	0.385	0.394	0.400	0.393	0.406	0.409	0.423	0.445	0.093	0.093	0.399	0.352	0.365	0.397	0.411	0.420	0.428	0.421	0.437	0.462	0.093	0.093	0.404	0.362	0.396	0.400	0.407	0.436	0.423	0.430	0.431	0.431	0.093	0.094	0.382	0.369	0.394	0.407	0.410	0.395	0.426	0.429	0.439	0.436	0.093	0.093	0.410	0.382	0.410	0.415	0.415	0.438	0.438	0.436	0.434	0.435	0.093	0.094	0.093	0.094	0.095	0.094	0.094	0.094	0.093	0.094	0.165	0.095	0.095
28:00:33	21.6	0.094	0.095	0.096	0.096	0.096	0.095	0.094	0.095	0.094	0.095	0.095	0.095	0.092	0.480	0.366	0.382	0.430	0.452	0.429	0.439	0.455	0.460	0.407	0.093	0.093	0.422	0.449	0.402	0.416	0.425	0.418	0.431	0.436	0.450	0.472	0.093	0.093	0.418	0.370	0.382	0.424	0.436	0.446	0.453	0.447	0.465	0.487	0.093	0.093	0.421	0.379	0.420	0.426	0.434	0.464	0.450	0.456	0.457	0.459	0.094	0.094	0.399	0.386	0.417	0.432	0.435	0.419	0.451	0.455	0.463	0.463	0.093	0.093	0.425	0.398	0.435	0.441	0.441	0.466	0.464	0.464	0.461	0.461	0.093	0.094	0.094	0.094	0.095	0.095	0.095	0.094	0.093	0.094	0.197	0.095	0.095
29:00:34	21.6	0.093	0.095	0.097	0.096	0.096	0.095	0.094	0.094	0.094	0.095	0.095	0.094	0.092	0.504	0.380	0.400	0.457	0.480	0.456	0.467	0.483	0.489	0.434	0.093	0.093	0.441	0.470	0.420	0.440	0.452	0.446	0.458	0.463	0.479	0.501	0.093	0.093	0.436	0.386	0.399	0.451	0.462	0.474	0.480	0.475	0.493	0.517	0.092	0.093	0.439	0.396	0.447	0.452	0.460	0.492	0.478	0.484	0.486	0.488	0.093	0.094	0.416	0.402	0.443	0.459	0.462	0.447	0.479	0.483	0.491	0.493	0.093	0.093	0.442	0.414	0.462	0.470	0.470	0.493	0.494	0.491	0.489	0.489	0.093	0.094	0.094	0.094	0.095	0.095	0.096	0.093	0.093	0.094	0.222	0.095	0.095
30:00:35	21.7	0.094	0.095	0.097	0.096	0.096	0.095	0.094	0.095	0.094	0.095	0.095	0.094	0.092	0.528	0.395	0.418	0.485	0.508	0.483	0.495	0.511	0.517	0.463	0.093	0.093	0.459	0.489	0.437	0.466	0.479	0.474	0.485	0.490	0.509	0.532	0.093	0.093	0.454	0.403	0.418	0.478	0.489	0.502	0.509	0.503	0.524	0.546	0.093	0.093	0.456	0.413	0.472	0.481	0.489	0.521	0.507	0.513	0.514	0.519	0.093	0.094	0.434	0.420	0.469	0.487	0.490	0.474	0.508	0.511	0.519	0.522	0.093	0.093	0.460	0.434	0.489	0.498	0.499	0.521	0.521	0.520	0.518	0.519	0.093	0.094	0.094	0.094	0.095	0.095	0.095	0.094	0.093	0.094	0.234	0.095	0.095
31:00:37	21.6	0.094	0.095	0.097	0.096	0.096	0.095	0.094	0.094	0.094	0.095	0.095	0.094	0.092	0.555	0.409	0.436	0.512	0.537	0.512	0.525	0.543	0.546	0.494	0.093	0.093	0.477	0.511	0.454	0.492	0.506	0.501	0.513	0.519	0.537	0.563	0.093	0.093	0.472	0.421	0.436	0.505	0.516	0.530	0.538	0.533	0.553	0.579	0.093	0.093	0.474	0.429	0.499	0.509	0.519	0.551	0.536	0.541	0.544	0.551	0.093	0.094	0.451	0.438	0.496	0.514	0.519	0.502	0.537	0.541	0.549	0.552	0.093	0.093	0.476	0.450	0.517	0.527	0.529	0.551	0.551	0.549	0.549	0.549	0.093	0.094	0.094	0.094	0.095	0.095	0.095	0.093	0.093	0.094	0.256	0.095	0.095
32:00:38	21.5	0.093	0.094	0.098	0.096	0.096	0.096	0.095	0.095	0.094	0.095	0.095	0.094	0.092	0.578	0.425	0.454	0.542	0.566	0.543	0.554	0.572	0.579	0.525	0.093	0.093	0.496	0.529	0.469	0.519	0.535	0.530	0.540	0.550	0.567	0.597	0.093	0.093	0.492	0.438	0.455	0.534	0.546	0.562	0.570	0.565	0.584	0.613	0.093	0.093	0.493	0.447	0.527	0.539	0.550	0.581	0.566	0.571	0.574	0.582	0.093	0.094	0.469	0.455	0.524	0.543	0.550	0.532	0.566	0.573	0.580	0.582	0.093	0.093	0.493	0.467	0.543	0.556	0.557	0.580	0.580	0.579	0.580	0.580	0.093	0.094	0.094	0.094	0.095	0.095	0.095	0.094	0.093	0.094	0.272	0.095	0.095
33:00:37	21.3	0.093	0.095	0.098	0.096	0.096	0.096	0.094	0.095	0.094	0.095	0.095	0.094	0.092	0.605	0.439	0.471	0.573	0.600	0.576	0.586	0.613	0.617	0.558	0.093	0.093	0.515	0.553	0.485	0.548	0.565	0.559	0.569	0.589	0.595	0.628	0.093	0.093	0.511	0.453	0.471	0.565	0.578	0.593	0.604	0.599	0.619	0.639	0.093	0.093	0.508	0.462	0.560	0.570	0.584	0.611	0.600	0.604	0.604	0.618	0.093	0.094	0.484	0.472	0.551	0.573	0.584	0.563	0.601	0.611	0.618	0.616	0.093	0.093	0.510	0.480	0.569	0.583	0.591	0.608	0.613	0.614	0.609	0.614	0.093	0.094	0.094	0.094	0.095	0.095	0.094	0.094	0.093	0.094	0.286	0.095	0.095
34:00:41	21.1	0.093	0.095	0.099	0.096	0.096	0.095	0.094	0.094	0.094	0.095	0.095	0.094	0.092	0.632	0.455	0.488	0.606	0.630	0.608	0.617	0.645	0.642	0.590	0.093	0.092	0.534	0.569	0.501	0.578	0.597	0.590	0.603	0.620	0.626	0.660	0.093	0.093	0.530	0.468	0.488	0.595	0.609	0.624	0.631	0.629	0.650	0.671	0.093	0.093	0.525	0.478	0.586	0.602	0.616	0.644	0.635	0.633	0.636	0.648	0.093	0.094	0.500	0.486	0.580	0.604	0.617	0.594	0.636	0.643	0.648	0.653	0.093	0.093	0.526	0.495	0.599	0.611	0.621	0.640	0.640	0.649	0.639	0.642	0.093	0.094	0.093	0.094	0.095	0.094	0.094	0.094	0.093	0.094	0.301	0.095	0.095
35:00:42	21.0	0.094	0.095	0.100	0.096	0.096	0.095	0.094	0.095	0.094	0.095	0.095	0.094	0.092	0.658	0.470	0.503	0.635	0.665	0.637	0.645	0.674	0.671	0.620	0.093	0.092	0.554	0.587	0.517	0.606	0.626	0.623	0.631	0.648	0.654	0.701	0.093	0.093	0.549	0.483	0.506	0.627	0.636	0.653	0.662	0.660	0.680	0.701	0.093	0.094	0.541	0.491	0.615	0.636	0.645	0.672	0.661	0.664	0.666	0.679	0.093	0.094	0.514	0.502	0.604	0.631	0.647	0.622	0.665	0.672	0.676	0.685	0.093	0.093	0.542	0.510	0.626	0.640	0.651	0.669	0.670	0.674	0.667	0.670	0.093	0.094	0.094	0.094	0.095	0.095	0.094	0.094	0.093	0.094	0.316	0.095	0.095
36:00:41	20.8	0.094	0.094	0.101	0.096	0.096	0.095	0.094	0.094	0.094	0.095	0.095	0.094	0.092	0.682	0.485	0.519	0.663	0.692	0.678	0.673	0.701	0.699	0.649	0.093	0.093	0.573	0.602	0.532	0.636	0.654	0.650	0.663	0.677	0.681	0.726	0.093	0.093	0.569	0.496	0.524	0.653	0.665	0.680	0.686	0.684	0.707	0.730	0.093	0.093	0.556	0.506	0.642	0.668	0.675	0.697	0.686	0.690	0.693	0.704	0.093	0.094	0.529	0.517	0.630	0.660	0.677	0.650	0.691	0.698	0.703	0.710	0.093	0.093	0.557	0.523	0.656	0.666	0.680	0.695	0.695	0.701	0.694	0.698	0.093	0.093	0.093	0.094	0.095	0.095	0.094	0.093	0.093	0.094	0.330	0.095	0.095
37:00:42	20.5	0.094	0.095	0.103	0.096	0.096	0.095	0.094	0.094	0.094	0.095	0.095	0.094	0.092	0.708	0.500	0.533	0.690	0.718	0.693	0.710	0.729	0.729	0.675	0.093	0.093	0.592	0.620	0.545	0.661	0.681	0.676	0.688	0.703	0.707	0.751	0.093	0.093	0.589	0.509	0.539	0.681	0.691	0.706	0.713	0.710	0.733	0.754	0.093	0.094	0.568	0.520	0.665	0.695	0.699	0.723	0.713	0.717	0.719	0.729	0.093	0.094	0.541	0.530	0.654	0.686	0.704	0.676	0.718	0.726	0.732	0.735	0.093	0.093	0.571	0.535	0.680	0.694	0.705	0.719	0.720	0.727	0.719	0.722	0.093	0.094	0.094	0.094	0.095	0.095	0.094	0.094	0.093	0.094	0.342	0.095	0.095
38:00:51	20.4	0.094	0.095	0.105	0.096	0.096	0.096	0.094	0.095	0.094	0.095	0.095	0.094	0.092	0.729	0.512	0.545	0.720	0.741	0.717	0.727	0.753	0.750	0.702	0.093	0.093	0.608	0.635	0.557	0.684	0.707	0.700	0.715	0.726	0.732	0.777	0.093	0.093	0.606	0.521	0.553	0.705	0.714	0.731	0.737	0.734	0.759	0.778	0.093	0.094	0.580	0.533	0.688	0.722	0.728	0.748	0.736	0.739	0.746	0.755	0.093	0.094	0.552	0.544	0.678	0.712	0.732	0.701	0.743	0.748	0.758	0.761	0.093	0.093	0.584	0.547	0.703	0.714	0.729	0.744	0.743	0.754	0.742	0.745	0.093	0.094	0.094	0.094	0.095	0.095	0.095	0.094	0.093	0.094	0.351	0.095	0.095
39:00:44	20.2	0.094	0.095	0.107	0.096	0.096	0.096	0.095	0.095	0.094	0.095	0.095	0.094	0.093	0.746	0.526	0.560	0.744	0.762	0.739	0.750	0.774	0.772	0.727	0.093	0.093	0.623	0.646	0.571	0.712	0.731	0.722	0.737	0.749	0.757	0.805	0.093	0.093	0.622	0.532	0.567	0.740	0.737	0.753	0.758	0.766	0.786	0.802	0.093	0.094	0.591	0.547	0.711	0.743	0.747	0.770	0.757	0.772	0.771	0.775	0.093	0.094	0.562	0.553	0.699	0.736	0.754	0.723	0.765	0.779	0.780	0.783	0.093	0.093	0.594	0.558	0.724	0.735	0.753	0.765	0.765	0.777	0.766	0.767	0.093	0.094	0.094	0.094	0.095	0.095	0.095	0.094	0.094	0.094	0.361	0.096	0.095
40:00:45	20.1	0.094	0.095	0.110	0.096	0.096	0.096	0.094	0.095	0.094	0.095	0.095	0.094	0.092	0.758	0.539	0.570	0.764	0.781	0.764	0.771	0.796	0.810	0.749	0.093	0.093	0.636	0.661	0.580	0.734	0.762	0.743	0.759	0.769	0.777	0.825	0.093	0.093	0.637	0.542	0.580	0.761	0.756	0.773	0.780	0.789	0.806	0.823	0.093	0.094	0.600	0.557	0.734	0.764	0.773	0.790	0.777	0.793	0.792	0.798	0.093	0.094	0.568	0.564	0.718	0.757	0.776	0.745	0.786	0.799	0.810	0.804	0.093	0.093	0.601	0.566	0.744	0.759	0.775	0.787	0.784	0.798	0.788	0.786	0.093	0.094	0.094	0.094	0.095	0.095	0.095	0.094	0.093	0.094	0.366	0.095	0.095
41:00:47	20.1	0.094	0.095	0.113	0.096	0.096	0.096	0.095	0.095	0.094	0.095	0.095	0.094	0.093	0.768	0.551	0.579	0.785	0.802	0.786	0.792	0.820	0.832	0.773	0.093	0.093	0.647	0.671	0.590	0.752	0.782	0.763	0.779	0.790	0.800	0.852	0.093	0.093	0.649	0.553	0.590	0.782	0.781	0.794	0.799	0.807	0.827	0.840	0.093	0.094	0.607	0.568	0.752	0.783	0.789	0.809	0.795	0.810	0.812	0.814	0.093	0.094	0.575	0.572	0.746	0.776	0.798	0.767	0.812	0.818	0.827	0.822	0.093	0.093	0.610	0.574	0.767	0.779	0.795	0.810	0.808	0.823	0.807	0.808	0.093	0.094	0.094	0.094	0.095	0.095	0.094	0.094	0.093	0.094	0.371	0.095	0.095
42:00:49	20.1	0.094	0.095	0.117	0.096	0.096	0.096	0.094	0.094	0.094	0.095	0.095	0.094	0.092	0.775	0.561	0.588	0.809	0.823	0.832	0.814	0.839	0.878	0.795	0.093	0.093	0.656	0.686	0.599	0.772	0.802	0.783	0.804	0.809	0.856	0.863	0.093	0.093	0.660	0.559	0.598	0.802	0.836	0.813	0.820	0.836	0.867	0.897	0.093	0.094	0.613	0.576	0.772	0.804	0.809	0.830	0.813	0.831	0.831	0.831	0.093	0.094	0.578	0.578	0.776	0.801	0.818	0.787	0.872	0.838	0.845	0.836	0.093	0.093	0.615	0.581	0.789	0.798	0.815	0.828	0.827	0.839	0.827	0.828	0.093	0.094	0.094	0.094	0.095	0.094	0.094	0.094	0.093	0.094	0.380	0.095	0.095
43:00:50	20.1	0.093	0.095	0.117	0.096	0.096	0.096	0.095	0.094	0.094	0.095	0.095	0.094	0.092	0.780	0.571	0.595	0.829	0.843	0.806	0.833	0.896	0.846	0.816	0.093	0.093	0.665	0.690	0.604	0.791	0.821	0.801	0.818	0.827	0.815	0.932	0.093	0.093	0.670	0.565	0.605	0.821	0.970	0.832	0.841	0.997	0.909	0.886	0.093	0.094	0.617	0.585	0.790	0.823	0.827	0.846	0.830	0.848	0.851	0.846	0.093	0.094	0.583	0.585	0.796	0.824	0.837	0.808	0.852	0.855	0.862	0.850	0.093	0.093	0.619	0.584	0.808	0.821	0.834	0.849	0.861	0.858	0.845	0.848	0.093	0.095	0.094	0.094	0.095	0.095	0.094	0.094	0.093	0.094	0.401	0.095	0.095
44:00:50	20.1	0.094	0.095	0.119	0.096	0.096	0.096	0.094	0.095	0.094	0.095	0.095	0.094	0.093	0.786	0.579	0.602	0.851	0.834	0.806	0.853	0.954	0.873	0.829	0.093	0.093	0.673	0.699	0.611	0.809	0.840	0.822	0.839	0.853	0.824	0.865	0.093	0.093	0.678	0.571	0.605	0.842	0.948	0.850	0.858	0.965	0.962	1.054	0.093	0.095	0.619	0.592	0.783	0.843	1.081	0.863	0.847	0.876	0.850	0.834	0.093	0.094	0.584	0.589	0.815	0.843	0.856	0.831	0.841	0.902	1.043	0.867	0.093	0.093	0.622	0.587	0.826	0.840	0.853	0.835	0.903	0.893	0.862	0.867	0.093	0.095	0.094	0.094	0.095	0.095	0.094	0.094	0.093	0.094	0.406	0.096	0.095
45:00:51	20.0	0.094	0.095	0.122	0.096	0.096	0.096	0.095	0.095	0.094	0.095	0.095	0.094	0.093	0.790	0.586	0.607	0.883	0.960	0.878	0.872	0.866	0.883	0.843	0.094	0.093	0.677	0.706	0.615	0.825	0.857	0.836	0.860	0.835	0.838	0.876	0.093	0.093	0.685	0.574	0.610	0.859	0.960	0.874	0.873	0.976	1.054	1.015	0.093	0.095	0.621	0.596	0.879	0.860	1.009	0.879	0.862	1.006	0.873	0.846	0.093	0.094	0.584	0.593	0.832	0.853	0.871	0.847	0.863	0.910	1.032	0.882	0.093	0.093	0.624	0.590	0.846	0.857	0.869	0.852	0.894	0.865	0.883	0.884	0.093	0.095	0.094	0.094	0.095	0.095	0.095	0.094	0.093	0.094	0.399	0.095	0.095
46:00:53	20.0	0.094	0.095	0.124	0.096	0.096	0.096	0.095	0.095	0.094	0.095	0.095	0.094	0.092	0.792	0.592	0.610	0.908	0.944	0.910	0.882	0.984	0.896	0.856	0.093	0.093	0.680	0.714	0.617	0.840	0.872	0.851	0.879	0.851	0.850	0.885	0.093	0.093	0.690	0.576	0.613	0.873	0.971	0.843	0.885	0.984	1.010	1.021	0.093	0.096	0.622	0.600	0.888	0.877	1.012	0.903	0.875	0.995	0.904	0.857	0.093	0.094	0.585	0.596	0.856	0.832	0.885	0.861	0.873	0.917	1.038	0.860	0.093	0.093	0.624	0.591	0.860	0.873	0.885	0.862	0.902	0.920	0.918	0.897	0.093	0.096	0.094	0.094	0.095	0.095	0.095	0.094	0.093	0.095	0.405	0.095	0.095
47:00:52	20.0	0.094	0.096	0.130	0.096	0.096	0.096	0.094	0.095	0.094	0.095	0.095	0.094	0.093	0.796	0.596	0.612	0.916	0.873	0.918	0.891	0.994	0.907	0.864	0.093	0.093	0.684	0.720	0.619	0.852	0.885	0.861	0.964	0.872	0.860	0.896	0.093	0.093	0.694	0.578	0.614	0.884	0.984	0.850	0.898	0.994	1.016	1.029	0.093	0.096	0.622	0.602	0.898	0.891	1.019	0.944	0.888	1.004	0.913	0.867	0.093	0.094	0.585	0.596	1.013	1.026	0.898	0.871	0.883	0.927	1.048	0.871	0.093	0.093	0.626	0.591	0.870	0.886	0.898	0.906	0.911	0.952	0.924	0.909	0.093	0.096	0.094	0.094	0.095	0.095	0.095	0.094	0.093	0.094	0.411	0.095	0.095
48:00:55	19.9	0.094	0.095	0.134	0.096	0.096	0.096	0.095	0.095	0.094	0.095	0.095	0.094	0.093	0.799	0.600	0.614	0.894	0.868	0.924	0.902	1.002	0.920	0.872	0.093	0.093	0.687	0.725	0.620	0.863	0.896	0.870	0.934	0.882	0.872	0.904	0.093	0.093	0.698	0.580	0.616	0.895	0.994	0.860	0.937	1.007	1.022	1.036	0.093	0.097	0.621	0.603	0.909	0.903	1.024	0.939	0.901	1.011	0.922	0.877	0.093	0.094	0.584	0.597	0.992	1.011	0.908	0.879	0.893	0.937	1.055	0.877	0.093	0.093	0.626	0.591	0.878	0.897	0.908	0.909	0.918	0.958	0.940	0.920	0.093	0.097	0.094	0.094	0.095	0.095	0.095	0.094	0.093	0.094	0.415	0.095	0.095
49:00:57	19.9	0.094	0.096	0.140	0.096	0.096	0.096	0.095	0.095	0.094	0.095	0.095	0.094	0.092	0.804	0.602	0.616	0.876	0.968	0.931	0.916	1.011	0.930	0.884	0.093	0.093	0.689	0.730	0.620	0.872	0.903	0.881	0.941	0.896	0.881	0.914	0.093	0.094	0.701	0.580	0.616	0.904	1.003	0.871	0.884	1.017	1.028	1.042	0.093	0.098	0.621	0.604	0.917	0.913	1.028	0.944	0.909	1.018	0.932	0.885	0.093	0.094	0.585	0.596	0.995	1.016	0.919	0.891	0.901	0.945	1.063	0.884	0.093	0.093	0.627	0.590	0.889	0.911	0.919	0.919	0.925	0.966	0.948	0.930	0.093	0.098	0.094	0.094	0.095	0.095	0.095	0.094	0.094	0.094	0.422	0.095	0.095
50:01:04	19.9	0.094	0.096	0.143	0.096	0.096	0.096	0.095	0.094	0.094	0.095	0.095	0.094	0.092	0.798	0.603	0.617	0.882	0.969	0.938	0.926	1.017	0.939	0.894	0.093	0.092	0.692	0.733	0.620	0.880	0.927	0.892	0.924	0.904	0.890	0.921	0.093	0.093	0.704	0.580	0.616	0.912	1.010	0.881	0.895	1.018	1.031	1.045	0.093	0.099	0.619	0.602	0.927	0.924	1.032	0.947	0.917	1.022	0.938	0.892	0.093	0.094	0.584	0.597	1.000	1.021	0.927	0.898	0.908	0.950	1.067	0.893	0.093	0.093	0.627	0.591	0.897	0.947	0.927	0.962	0.929	0.972	0.954	0.939	0.093	0.098	0.094	0.094	0.095	0.095	0.095	0.094	0.093	0.094	0.428	0.095	0.095
51:00:58	20.1	0.094	0.096	0.149	0.096	0.096	0.096	0.095	0.095	0.095	0.095	0.095	0.094	0.092	0.790	0.604	0.617	0.899	0.977	0.944	0.936	1.024	0.947	0.905	0.093	0.093	0.695	0.736	0.619	0.891	0.988	0.900	0.920	0.913	0.897	0.930	0.093	0.093	0.707	0.580	0.616	0.919	1.018	0.889	0.938	1.022	1.035	1.048	0.093	0.101	0.619	0.603	0.933	0.934	1.036	0.957	0.937	1.027	0.944	0.903	0.093	0.094	0.583	0.596	1.006	1.027	0.939	0.905	0.915	0.956	1.071	0.900	0.093	0.093	0.626	0.589	0.906	1.024	0.937	0.960	0.936	0.980	0.960	0.948	0.093	0.100	0.094	0.094	0.095	0.095	0.094	0.094	0.093	0.094	0.431	0.095	0.095
52:00:59	20.3	0.094	0.097	0.159	0.096	0.096	0.096	0.094	0.095	0.094	0.095	0.095	0.094	0.093	0.790	0.604	0.618	0.912	0.983	0.951	0.968	1.030	0.955	0.914	0.093	0.093	0.699	0.737	0.619	0.903	1.000	0.908	0.914	0.921	0.903	0.940	0.093	0.093	0.711	0.579	0.615	0.926	1.023	0.897	0.937	1.026	1.036	1.051	0.093	0.103	0.618	0.601	0.940	0.943	1.038	0.963	0.954	1.033	0.949	0.912	0.093	0.094	0.582	0.596	1.009	1.033	1.047	0.912	0.920	0.961	1.075	0.907	0.093	0.093	0.627	0.588	0.917	0.994	0.943	0.976	0.940	0.986	0.965	0.957	0.093	0.101	0.094	0.094	0.095	0.095	0.095	0.094	0.093	0.094	0.437	0.095	0.095
53:01:00	20.4	0.094	0.098	0.160	0.096	0.096	0.096	0.095	0.095	0.094	0.095	0.095	0.094	0.092	0.789	0.604	0.618	0.920	0.987	0.959	1.008	1.035	0.961	0.924	0.093	0.093	0.704	0.739	0.619	0.911	1.030	0.915	0.916	0.929	0.913	0.947	0.093	0.093	0.715	0.580	0.615	0.934	1.028	0.902	0.941	1.031	1.038	1.053	0.093	0.105	0.617	0.601	0.946	0.950	1.040	0.966	0.965	1.037	0.954	0.916	0.093	0.094	0.582	0.598	1.012	1.037	1.015	0.921	0.927	0.965	1.079	0.913	0.093	0.093	0.627	0.587	0.937	0.982	0.951	0.981	0.945	0.993	0.971	0.964	0.093	0.103	0.094	0.094	0.095	0.095	0.095	0.094	0.093	0.094	0.440	0.095	0.095
54:01:00	20.4	0.094	0.098	0.166	0.096	0.096	0.096	0.095	0.095	0.094	0.095	0.095	0.094	0.092	0.789	0.604	0.619	0.928	0.988	0.965	0.984	1.040	0.967	0.929	0.093	0.093	0.709	0.736	0.619	0.917	1.054	0.924	0.919	0.935	0.919	0.953	0.093	0.093	0.720	0.580	0.615	0.951	1.031	0.908	0.944	1.035	1.039	1.054	0.093	0.108	0.617	0.600	0.952	0.956	1.040	0.969	1.009	1.039	0.959	0.922	0.093	0.094	0.582	0.597	1.015	1.038	0.958	0.961	0.931	0.971	1.081	0.918	0.093	0.093	0.626	0.587	1.007	0.978	0.957	0.985	0.949	1.005	0.973	0.970	0.093	0.106	0.094	0.094	0.095	0.095	0.094	0.094	0.094	0.094	0.445	0.095	0.095
55:01:01	20.3	0.094	0.099	0.172	0.096	0.096	0.096	0.095	0.094	0.094	0.095	0.095	0.094	0.092	0.790	0.605	0.620	0.931	0.990	0.970	1.004	1.044	0.972	0.936	0.094	0.093	0.713	0.739	0.620	0.925	0.905	0.943	0.923	0.940	0.925	0.958	0.093	0.093	0.726	0.580	0.616	0.905	1.033	0.913	0.949	1.040	1.040	1.054	0.093	0.112	0.619	0.600	0.955	0.959	1.042	0.974	1.028	1.042	0.962	0.924	0.093	0.094	0.583	0.598	1.018	1.041	0.941	0.891	0.939	0.978	1.081	0.924	0.093	0.093	0.628	0.588	1.047	0.973	0.963	0.989	0.951	1.007	0.978	0.976	0.093	0.109	0.094	0.094	0.095	0.095	0.095	0.094	0.094	0.094	0.461	0.095	0.095
56:01:04	20.2	0.094	0.101	0.185	0.096	0.096	0.096	0.095	0.095	0.095	0.095	0.095	0.094	0.092	0.791	0.606	0.621	0.937	0.991	0.977	0.992	1.047	0.976	0.941	0.094	0.093	0.718	0.741	0.621	0.928	0.909	0.963	0.930	0.945	0.928	0.962	0.094	0.094	0.731	0.582	0.616	0.905	1.051	0.916	0.954	1.041	1.040	1.055	0.093	0.116	0.619	0.601	0.960	0.965	1.043	0.980	0.918	1.046	0.965	0.927	0.093	0.094	0.584	0.599	1.019	1.043	0.929	0.893	0.944	0.984	1.084	0.929	0.093	0.093	0.629	0.590	1.066	0.969	0.967	0.992	0.954	1.006	0.982	0.981	0.093	0.113	0.094	0.095	0.095	0.095	0.095	0.094	0.094	0.095	0.479	0.095	0.095
57:01:05	20.2	0.094	0.102	0.199	0.096	0.097	0.096	0.095	0.095	0.095	0.095	0.095	0.095	0.093	0.791	0.606	0.624	0.942	0.992	0.980	1.019	1.049	0.981	0.945	0.094	0.093	0.723	0.742	0.623	0.933	0.915	1.000	0.932	0.949	0.935	0.968	0.094	0.094	0.736	0.584	0.618	0.910	1.034	0.918	0.958	1.044	1.041	1.055	0.093	0.122	0.622	0.602	0.963	0.967	1.045	0.975	0.919	1.047	0.970	0.927	0.094	0.094	0.586	0.602	1.020	1.044	0.929	0.892	0.950	0.988	1.084	0.933	0.093	0.093	0.631	0.590	1.068	0.967	0.970	0.996	0.956	1.013	0.986	0.984	0.093	0.118	0.094	0.095	0.095	0.095	0.095	0.094	0.094	0.095	0.485	0.095	0.096
58:01:03	20.1	0.094	0.105	0.217	0.096	0.096	0.096	0.095	0.095	0.095	0.095	0.095	0.095	0.093	0.791	0.607	0.624	0.945	0.992	0.982	1.025	1.051	0.984	0.949	0.094	0.093	0.729	0.741	0.625	0.934	0.919	0.996	0.937	0.952	0.938	0.969	0.094	0.094	0.763	0.586	0.620	0.915	1.035	0.920	0.963	1.045	1.041	1.055	0.093	0.128	0.624	0.604	0.966	0.970	1.044	0.973	0.924	1.042	0.974	0.930	0.093	0.094	0.590	0.603	1.021	1.045	0.932	0.893	0.956	0.992	1.086	0.936	0.093	0.093	0.633	0.592	0.934	0.964	0.974	0.999	0.959	1.017	0.988	0.988	0.093	0.124	0.094	0.095	0.095	0.095	0.095	0.094	0.094	0.095	0.458	0.095	0.095
59:01:05	20.0	0.094	0.107	0.239	0.096	0.096	0.096	0.095	0.095	0.094	0.095	0.095	0.094	0.093	0.792	0.609	0.627	0.948	0.992	0.986	1.030	1.051	0.985	0.951	0.093	0.093	0.732	0.742	0.627	0.936	0.921	0.984	0.940	0.956	0.940	0.972	0.094	0.094	0.821	0.589	0.622	0.918	1.034	0.922	0.966	1.046	1.041	1.054	0.093	0.136	0.627	0.605	0.968	0.972	1.045	0.980	0.924	1.042	0.976	0.932	0.093	0.094	0.593	0.605	1.020	1.046	0.931	0.896	0.961	0.993	1.087	0.938	0.093	0.093	0.634	0.593	0.912	0.948	0.975	1.001	0.960	1.020	0.988	0.988	0.093	0.132	0.094	0.094	0.095	0.095	0.095	0.094	0.093	0.094	0.459	0.095	0.095
60:01:08	20.0	0.094	0.111	0.257	0.096	0.097	0.096	0.095	0.095	0.095	0.095	0.095	0.095	0.093	0.794	0.611	0.629	0.951	0.993	0.987	1.033	1.052	0.988	0.955	0.094	0.093	0.736	0.743	0.629	0.939	0.923	0.992	0.943	0.958	0.943	0.975	0.094	0.094	0.821	0.591	0.624	0.922	1.035	0.924	0.970	1.048	1.041	1.054	0.093	0.147	0.630	0.607	0.970	0.973	1.044	0.982	0.925	1.043	0.980	0.934	0.094	0.094	0.594	0.607	1.020	1.046	0.934	0.914	0.966	0.995	1.088	0.940	0.093	0.093	0.637	0.594	0.917	0.937	0.976	1.004	0.964	1.022	0.989	0.992	0.093	0.142	0.094	0.095	0.095	0.095	0.095	0.094	0.094	0.095	0.461	0.095	0.096
61:01:07	20.0	0.094	0.116	0.275	0.096	0.096	0.096	0.095	0.095	0.094	0.095	0.095	0.094	0.093	0.795	0.613	0.632	0.954	0.993	0.988	1.035	1.054	0.990	0.955	0.093	0.093	0.740	0.744	0.632	0.941	0.925	0.986	0.945	0.961	0.943	0.976	0.094	0.094	0.802	0.595	0.627	0.925	1.035	0.924	0.973	1.048	1.042	1.054	0.093	0.159	0.633	0.609	0.971	0.974	1.044	0.982	0.926	1.041	0.983	0.936	0.094	0.094	0.596	0.609	1.018	1.045	0.935	0.897	0.970	0.996	1.086	0.940	0.093	0.093	0.639	0.595	0.919	0.933	0.977	1.006	0.966	1.022	0.989	0.992	0.093	0.155	0.094	0.095	0.096	0.095	0.095	0.094	0.094	0.095	0.483	0.095	0.095
62:01:08	19.9	0.094	0.122	0.293	0.096	0.096	0.096	0.095	0.095	0.094	0.095	0.095	0.094	0.092	0.794	0.615	0.633	0.955	0.993	0.991	1.037	1.054	0.992	0.958	0.093	0.093	0.743	0.746	0.635	0.943	0.926	0.990	0.948	0.961	0.943	0.977	0.093	0.093	0.799	0.598	0.630	0.927	1.035	0.924	0.975	1.048	1.042	1.054	0.093	0.168	0.637	0.611	0.972	0.975	1.043	0.982	0.927	1.041	0.985	0.936	0.093	0.094	0.597	0.612	1.018	1.045	0.937	0.898	0.973	0.996	1.101	0.942	0.093	0.093	0.641	0.598	0.921	0.935	0.978	1.009	0.967	1.023	0.989	0.994	0.093	0.170	0.094	0.095	0.095	0.095	0.095	0.094	0.093	0.094	0.553	0.095	0.095
63:01:10	19.9	0.094	0.131	0.313	0.096	0.096	0.097	0.095	0.095	0.095	0.095	0.095	0.095	0.093	0.795	0.617	0.634	0.957	0.993	0.994	1.038	1.054	0.994	0.959	0.094	0.093	0.744	0.747	0.639	0.943	0.928	0.990	0.950	0.964	0.944	0.980	0.094	0.094	0.823	0.602	0.632	0.929	1.036	0.924	0.976	1.050	1.042	1.052	0.094	0.172	0.640	0.613	0.974	0.976	1.043	0.981	0.928	1.041	0.986	0.938	0.094	0.094	0.599	0.614	1.017	1.045	0.939	1.094	0.976	0.996	1.079	0.943	0.093	0.093	0.642	0.599	0.922	0.936	0.978	1.011	0.969	1.024	0.990	0.996	0.093	0.189	0.094	0.095	0.096	0.095	0.095	0.094	0.094	0.094	0.499	0.095	0.095
64:01:11	19.8	0.094	0.143	0.333	0.096	0.096	0.096	0.095	0.095	0.094	0.095	0.095	0.094	0.093	0.797	0.618	0.635	0.958	0.993	0.995	1.039	1.055	0.995	0.960	0.094	0.093	0.748	0.749	0.642	0.943	0.928	0.992	0.950	0.966	0.946	0.981	0.094	0.094	0.795	0.607	0.635	0.930	1.036	0.925	0.978	1.050	1.043	1.051	0.093	0.178	0.643	0.616	0.973	0.978	1.043	0.982	0.928	1.041	0.988	0.939	0.094	0.094	0.601	0.616	1.016	1.044	0.940	1.081	0.979	0.997	1.076	0.944	0.093	0.093	0.644	0.599	0.922	0.937	0.978	1.012	0.969	1.024	0.990	0.996	0.093	0.204	0.094	0.094	0.095	0.095	0.095	0.094	0.094	0.094	0.555	0.095	0.096
65:01:10	19.8	0.094	0.154	0.342	0.096	0.096	0.097	0.095	0.095	0.095	0.095	0.095	0.094	0.093	0.798	0.621	0.637	0.960	0.992	0.996	1.039	1.054	0.995	0.961	0.094	0.093	0.752	0.753	0.643	0.944	0.930	0.990	0.952	0.968	0.945	0.981	0.094	0.094	0.807	0.610	0.636	0.931	1.035	0.926	0.979	1.049	1.043	1.049	0.093	0.188	0.647	0.617	0.973	0.979	1.042	0.983	0.928	1.040	0.988	0.938	0.094	0.094	0.604	0.618	1.014	1.042	0.940	1.053	0.982	0.999	1.075	0.944	0.093	0.093	0.646	0.601	0.923	0.940	0.979	1.014	0.969	1.025	0.991	0.997	0.093	0.223	0.094	0.095	0.096	0.095	0.095	0.094	0.094	0.095	0.554	0.095	0.096
66:01:12	19.7	0.094	0.168	0.363	0.096	0.096	0.096	0.094	0.095	0.094	0.095	0.095	0.094	0.092	0.801	0.622	0.638	0.961	0.992	0.997	1.042	1.054	0.993	0.962	0.094	0.093	0.754	0.752	0.645	0.945	0.931	0.990	0.952	0.968	0.944	0.981	0.093	0.093	0.792	0.612	0.638	0.932	1.035	0.925	0.981	1.048	1.043	1.048	0.093	0.204	0.649	0.618	0.968	0.980	1.042	0.988	0.928	1.037	0.990	0.939	0.093	0.094	0.605	0.620	1.011	1.041	0.941	1.098	0.984	0.999	1.074	0.944	0.093	0.093	0.649	0.601	0.924	0.939	0.978	1.014	0.968	1.025	0.991	0.998	0.093	0.273	0.094	0.094	0.095	0.095	0.095	0.094	0.094	0.094	0.507	0.095	0.095
67:01:14	19.6	0.094	0.179	0.381	0.096	0.096	0.096	0.095	0.095	0.094	0.095	0.095	0.095	0.093	0.803	0.625	0.639	0.962	0.992	0.998	1.043	1.053	0.994	0.964	0.094	0.093	0.756	0.753	0.649	0.945	0.932	0.989	0.954	0.968	0.943	0.981	0.094	0.093	0.819	0.616	0.640	0.934	1.035	0.926	0.981	1.048	1.045	1.047	0.093	0.226	0.653	0.620	0.967	0.982	1.042	0.983	0.928	1.036	0.990	0.940	0.093	0.094	0.607	0.622	1.011	1.042	0.941	1.101	0.984	1.001	1.074	0.944	0.093	0.093	0.649	0.603	0.925	0.941	0.979	1.015	0.967	1.025	0.992	0.999	0.093	0.314	0.094	0.095	0.095	0.095	0.095	0.094	0.093	0.095	0.512	0.095	0.096
68:01:13	19.5	0.094	0.192	0.389	0.096	0.096	0.096	0.094	0.094	0.094	0.095	0.095	0.094	0.093	0.805	0.626	0.640	0.962	0.991	0.999	1.043	1.053	0.993	0.964	0.093	0.093	0.756	0.755	0.650	0.946	0.933	0.989	0.955	0.968	0.942	0.983	0.094	0.093	0.822	0.617	0.642	0.936	1.034	0.927	0.981	1.048	1.044	1.045	0.093	0.252	0.655	0.620	0.965	0.984	1.042	0.983	0.928	1.035	0.992	0.940	0.093	0.094	0.609	0.623	1.009	1.040	0.941	1.100	0.983	1.002	1.072	0.943	0.093	0.093	0.653	0.605	0.925	0.941	0.979	1.016	0.966	1.026	0.992	1.000	0.093	0.337	0.094	0.094	0.095	0.095	0.095	0.094	0.093	0.094	0.643	0.095	0.095
69:01:15	19.5	0.094	0.193	0.410	0.096	0.097	0.097	0.095	0.095	0.095	0.095	0.095	0.094	0.092	0.810	0.628	0.642	0.963	0.992	0.999	1.045	1.053	0.992	0.965	0.094	0.093	0.759	0.757	0.653	0.947	0.935	0.994	0.956	0.967	0.940	0.982	0.094	0.094	0.794	0.621	0.644	0.937	1.034	0.926	0.982	1.047	1.044	1.044	0.093	0.282	0.658	0.623	0.964	0.987	1.041	0.985	0.928	1.034	0.993	0.941	0.094	0.094	0.611	0.626	1.008	1.040	0.941	1.101	0.983	1.002	1.071	0.944	0.093	0.094	0.656	0.607	0.926	0.942	0.980	1.018	0.967	1.028	0.991	1.001	0.093	0.367	0.094	0.095	0.096	0.095	0.095	0.094	0.094	0.095	0.666	0.095	0.096
70:01:16	19.6	0.094	0.196	0.417	0.096	0.096	0.096	0.095	0.095	0.095	0.095	0.095	0.094	0.093	0.812	0.630	0.644	0.962	0.990	0.998	1.044	1.053	0.991	0.967	0.094	0.093	0.761	0.759	0.654	0.948	0.936	0.992	0.956	0.966	0.941	0.982	0.094	0.094	0.826	0.622	0.645	0.936	1.033	0.927	0.981	1.044	1.046	1.044	0.093	0.306	0.662	0.625	0.962	0.988	1.040	0.985	0.928	1.033	0.994	0.941	0.094	0.094	0.612	0.627	1.006	1.039	0.941	1.099	0.982	1.002	1.070	0.944	0.093	0.093	0.658	0.609	0.926	0.943	0.980	1.020	0.966	1.028	0.991	1.002	0.093	0.397	0.094	0.095	0.095	0.095	0.095	0.094	0.093	0.094	0.692	0.095	0.095
71:01:19	19.7	0.094	0.202	0.435	0.096	0.096	0.096	0.095	0.095	0.095	0.095	0.095	0.094	0.093	0.814	0.630	0.644	0.963	0.989	0.998	1.047	1.052	0.989	0.968	0.093	0.093	0.763	0.760	0.655	0.949	0.937	0.993	0.955	0.968	0.941	0.983	0.094	0.094	0.802	0.624	0.649	0.936	1.032	0.929	0.980	1.043	1.045	1.043	0.093	0.331	0.663	0.627	0.961	0.991	1.042	0.986	0.928	1.032	0.995	0.942	0.093	0.094	0.614	0.630	1.003	1.040	0.943	1.102	0.981	1.002	1.068	0.944	0.093	0.093	0.663	0.612	0.926	0.943	0.981	1.020	0.967	1.028	0.991	1.003	0.093	0.409	0.094	0.095	0.095	0.095	0.095	0.094	0.094	0.094	0.554	0.095	0.095
72:01:22	19.7	0.094	0.213	0.451	0.096	0.096	0.096	0.095	0.094	0.094	0.095	0.095	0.094	0.093	0.816	0.632	0.646	0.963	0.989	0.997	1.048	1.048	0.987	0.968	0.093	0.093	0.765	0.763	0.657	0.949	0.938	0.991	0.955	0.967	0.941	0.982	0.093	0.093	0.824	0.623	0.649	0.937	1.032	0.929	0.979	1.041	1.045	1.040	0.093	0.363	0.664	0.629	0.960	0.992	1.042	0.986	0.927	1.030	0.995	0.942	0.093	0.094	0.617	0.633	1.002	1.036	0.942	1.108	0.975	1.001	1.066	0.944	0.093	0.093	0.664	0.611	0.922	0.943	0.981	1.020	0.967	1.028	0.989	1.003	0.093	0.414	0.094	0.094	0.095	0.095	0.095	0.094	0.093	0.094	0.707	0.095	0.095

