Time	T° 600	A1	A2	A3	A4	A5	A6	A7	A8	A9	A10	A11	A12	B1	B2	B3	B4	B5	B6	B7	B8	B9	B10	B11	B12	C1	C2	C3	C4	C5	C6	C7	C8	C9	C10	C11	C12	D1	D2	D3	D4	D5	D6	D7	D8	D9	D10	D11	D12	E1	E2	E3	E4	E5	E6	E7	E8	E9	E10	E11	E12	F1	F2	F3	F4	F5	F6	F7	F8	F9	F10	F11	F12	G1	G2	G3	G4	G5	G6	G7	G8	G9	G10	G11	G12	H1	H2	H3	H4	H5	H6	H7	H8	H9	H10	H11	H12
0:00:06	18.9	0.092	0.094	0.092	0.093	0.094	0.093	0.094	0.093	0.092	0.093	0.094	0.094	0.092	0.096	0.142	0.125	0.122	0.144	0.098	0.128	0.120	0.145	0.127	0.092	0.093	0.122	0.123	0.132	0.135	0.132	0.128	0.128	0.100	0.100	0.099	0.092	0.092	0.134	0.099	0.099	0.095	0.122	0.124	0.138	0.097	0.123	0.140	0.092	0.092	0.117	0.098	0.135	0.129	0.136	0.130	0.144	0.130	0.123	0.132	0.092	0.093	0.131	0.132	0.126	0.120	0.135	0.148	0.140	0.130	0.121	0.130	0.092	0.093	0.133	0.126	0.128	0.119	0.156	0.153	0.153	0.123	0.121	0.156	0.092	0.093	0.093	0.095	0.094	0.094	0.096	0.095	0.095	0.094	0.095	0.093	0.094
1:00:05	19.6	0.092	0.094	0.092	0.093	0.095	0.093	0.094	0.093	0.093	0.093	0.094	0.094	0.093	0.097	0.148	0.128	0.126	0.154	0.099	0.133	0.124	0.153	0.134	0.092	0.092	0.128	0.127	0.138	0.142	0.138	0.133	0.133	0.102	0.101	0.100	0.092	0.092	0.139	0.100	0.101	0.096	0.128	0.129	0.143	0.099	0.128	0.147	0.092	0.092	0.120	0.100	0.143	0.134	0.140	0.134	0.148	0.136	0.129	0.138	0.092	0.093	0.138	0.138	0.135	0.124	0.139	0.158	0.147	0.134	0.125	0.134	0.092	0.092	0.139	0.130	0.133	0.123	0.165	0.160	0.160	0.126	0.125	0.162	0.092	0.093	0.093	0.095	0.094	0.094	0.096	0.095	0.095	0.094	0.095	0.094	0.093
2:00:07	20.0	0.092	0.094	0.092	0.093	0.095	0.093	0.094	0.093	0.092	0.093	0.094	0.094	0.092	0.098	0.160	0.133	0.130	0.160	0.101	0.140	0.129	0.162	0.141	0.093	0.092	0.136	0.132	0.146	0.148	0.145	0.138	0.137	0.103	0.102	0.100	0.092	0.092	0.146	0.102	0.102	0.097	0.137	0.133	0.148	0.099	0.138	0.154	0.092	0.092	0.124	0.101	0.153	0.140	0.146	0.138	0.155	0.142	0.135	0.144	0.092	0.093	0.149	0.145	0.142	0.130	0.143	0.165	0.157	0.139	0.129	0.138	0.092	0.093	0.147	0.136	0.138	0.127	0.177	0.166	0.164	0.131	0.130	0.169	0.092	0.093	0.093	0.095	0.094	0.094	0.096	0.095	0.095	0.094	0.095	0.094	0.094
3:00:06	20.3	0.092	0.094	0.092	0.093	0.095	0.093	0.094	0.093	0.093	0.093	0.094	0.094	0.092	0.099	0.163	0.139	0.136	0.170	0.103	0.144	0.134	0.170	0.150	0.092	0.093	0.140	0.137	0.154	0.158	0.150	0.143	0.142	0.105	0.104	0.101	0.093	0.092	0.151	0.103	0.105	0.098	0.141	0.138	0.154	0.100	0.144	0.160	0.092	0.092	0.128	0.103	0.161	0.144	0.151	0.143	0.167	0.148	0.140	0.150	0.092	0.093	0.154	0.149	0.146	0.135	0.149	0.172	0.164	0.144	0.133	0.143	0.092	0.093	0.156	0.140	0.143	0.132	0.186	0.173	0.171	0.136	0.135	0.177	0.092	0.093	0.093	0.095	0.094	0.094	0.096	0.096	0.095	0.095	0.095	0.094	0.094
4:00:07	20.5	0.092	0.094	0.092	0.093	0.095	0.093	0.093	0.093	0.093	0.093	0.094	0.094	0.093	0.101	0.172	0.143	0.141	0.175	0.105	0.149	0.140	0.178	0.158	0.093	0.093	0.143	0.141	0.159	0.164	0.153	0.148	0.147	0.108	0.106	0.102	0.092	0.092	0.156	0.106	0.107	0.099	0.145	0.142	0.161	0.102	0.150	0.167	0.092	0.092	0.133	0.104	0.168	0.149	0.157	0.148	0.175	0.153	0.145	0.155	0.092	0.092	0.169	0.154	0.150	0.139	0.155	0.177	0.166	0.149	0.138	0.148	0.093	0.093	0.161	0.146	0.149	0.137	0.196	0.181	0.180	0.142	0.140	0.186	0.092	0.093	0.093	0.095	0.094	0.094	0.096	0.096	0.095	0.094	0.095	0.094	0.094
5:00:08	20.6	0.092	0.094	0.093	0.093	0.094	0.093	0.094	0.093	0.093	0.093	0.094	0.094	0.092	0.102	0.180	0.148	0.146	0.184	0.108	0.153	0.144	0.185	0.166	0.093	0.092	0.149	0.146	0.165	0.165	0.158	0.153	0.152	0.110	0.109	0.104	0.093	0.092	0.162	0.109	0.111	0.101	0.149	0.147	0.167	0.104	0.156	0.174	0.092	0.092	0.138	0.107	0.174	0.155	0.162	0.155	0.182	0.160	0.151	0.160	0.093	0.092	0.161	0.162	0.156	0.145	0.161	0.186	0.171	0.155	0.143	0.154	0.093	0.093	0.168	0.151	0.153	0.141	0.212	0.189	0.186	0.148	0.144	0.195	0.092	0.093	0.093	0.095	0.094	0.094	0.096	0.096	0.095	0.094	0.095	0.094	0.093
6:00:11	20.5	0.092	0.094	0.092	0.093	0.095	0.093	0.094	0.093	0.093	0.093	0.094	0.094	0.092	0.104	0.190	0.154	0.151	0.190	0.112	0.159	0.149	0.190	0.173	0.093	0.093	0.155	0.153	0.170	0.174	0.163	0.159	0.156	0.114	0.113	0.106	0.092	0.092	0.169	0.113	0.115	0.104	0.155	0.153	0.174	0.107	0.162	0.182	0.092	0.092	0.142	0.110	0.178	0.161	0.168	0.161	0.186	0.165	0.156	0.167	0.092	0.093	0.172	0.170	0.163	0.151	0.168	0.193	0.178	0.161	0.148	0.160	0.093	0.093	0.171	0.157	0.160	0.146	0.222	0.196	0.195	0.154	0.150	0.204	0.092	0.093	0.093	0.095	0.094	0.094	0.095	0.096	0.095	0.094	0.095	0.094	0.094
7:00:13	20.5	0.092	0.094	0.093	0.093	0.095	0.093	0.094	0.093	0.093	0.093	0.094	0.094	0.093	0.108	0.192	0.160	0.156	0.196	0.117	0.166	0.154	0.198	0.179	0.093	0.093	0.162	0.160	0.176	0.183	0.168	0.165	0.161	0.118	0.119	0.108	0.093	0.092	0.175	0.118	0.121	0.107	0.159	0.158	0.181	0.111	0.167	0.190	0.092	0.092	0.147	0.114	0.192	0.167	0.176	0.167	0.194	0.172	0.163	0.174	0.092	0.093	0.176	0.177	0.169	0.156	0.176	0.197	0.183	0.167	0.153	0.165	0.093	0.093	0.175	0.165	0.167	0.152	0.227	0.202	0.198	0.161	0.157	0.214	0.092	0.094	0.093	0.095	0.094	0.094	0.096	0.097	0.095	0.094	0.095	0.094	0.094
8:00:13	20.4	0.092	0.094	0.093	0.093	0.095	0.093	0.094	0.093	0.093	0.093	0.094	0.094	0.093	0.111	0.200	0.166	0.161	0.201	0.124	0.172	0.159	0.204	0.187	0.093	0.093	0.168	0.168	0.182	0.190	0.173	0.173	0.167	0.124	0.126	0.111	0.093	0.092	0.185	0.125	0.127	0.111	0.164	0.164	0.193	0.117	0.174	0.198	0.092	0.092	0.153	0.119	0.199	0.173	0.184	0.174	0.201	0.179	0.168	0.179	0.092	0.093	0.189	0.181	0.172	0.161	0.183	0.207	0.191	0.173	0.159	0.172	0.093	0.093	0.188	0.172	0.174	0.159	0.240	0.208	0.206	0.167	0.163	0.225	0.092	0.093	0.093	0.095	0.094	0.094	0.096	0.097	0.095	0.094	0.095	0.094	0.093
9:00:14	20.4	0.093	0.094	0.093	0.093	0.095	0.094	0.094	0.093	0.093	0.093	0.094	0.094	0.093	0.115	0.209	0.173	0.168	0.210	0.131	0.181	0.166	0.211	0.193	0.093	0.093	0.176	0.178	0.192	0.199	0.180	0.182	0.174	0.133	0.134	0.116	0.093	0.093	0.191	0.132	0.135	0.116	0.173	0.169	0.201	0.124	0.182	0.208	0.093	0.092	0.160	0.128	0.205	0.181	0.193	0.183	0.210	0.186	0.174	0.186	0.093	0.093	0.189	0.190	0.182	0.168	0.191	0.214	0.198	0.181	0.163	0.178	0.093	0.093	0.197	0.182	0.182	0.167	0.248	0.216	0.215	0.173	0.169	0.233	0.092	0.093	0.093	0.095	0.094	0.094	0.095	0.097	0.095	0.095	0.095	0.094	0.094
10:00:15	20.4	0.092	0.094	0.092	0.093	0.095	0.094	0.094	0.093	0.093	0.093	0.094	0.094	0.092	0.122	0.222	0.179	0.174	0.218	0.138	0.189	0.174	0.220	0.201	0.093	0.093	0.183	0.184	0.199	0.205	0.186	0.190	0.182	0.141	0.141	0.121	0.092	0.092	0.197	0.140	0.145	0.122	0.184	0.179	0.209	0.132	0.193	0.220	0.092	0.092	0.166	0.136	0.216	0.189	0.200	0.189	0.219	0.194	0.180	0.192	0.093	0.093	0.213	0.198	0.188	0.175	0.199	0.224	0.211	0.188	0.168	0.185	0.093	0.093	0.201	0.192	0.190	0.175	0.255	0.223	0.220	0.181	0.176	0.241	0.092	0.094	0.093	0.095	0.094	0.094	0.096	0.097	0.095	0.095	0.095	0.094	0.094
11:00:17	20.4	0.093	0.095	0.093	0.093	0.095	0.094	0.094	0.093	0.093	0.094	0.095	0.094	0.093	0.129	0.224	0.188	0.184	0.230	0.149	0.199	0.184	0.230	0.213	0.093	0.093	0.193	0.192	0.207	0.215	0.195	0.200	0.191	0.152	0.152	0.128	0.093	0.093	0.207	0.152	0.160	0.130	0.188	0.188	0.219	0.141	0.201	0.228	0.093	0.092	0.173	0.147	0.217	0.196	0.207	0.196	0.231	0.201	0.190	0.199	0.093	0.093	0.209	0.206	0.196	0.181	0.207	0.233	0.218	0.195	0.175	0.193	0.093	0.093	0.210	0.199	0.197	0.182	0.272	0.229	0.228	0.189	0.183	0.252	0.092	0.094	0.093	0.095	0.095	0.095	0.096	0.098	0.095	0.095	0.095	0.094	0.094
12:00:17	20.4	0.093	0.094	0.093	0.093	0.095	0.094	0.094	0.093	0.093	0.093	0.094	0.094	0.093	0.137	0.229	0.198	0.193	0.240	0.164	0.208	0.193	0.237	0.222	0.093	0.093	0.200	0.199	0.215	0.225	0.201	0.209	0.198	0.164	0.165	0.136	0.093	0.092	0.213	0.171	0.173	0.138	0.196	0.194	0.228	0.151	0.209	0.234	0.093	0.092	0.182	0.161	0.225	0.204	0.215	0.204	0.238	0.208	0.197	0.207	0.093	0.093	0.221	0.214	0.202	0.189	0.214	0.239	0.223	0.203	0.182	0.200	0.093	0.093	0.218	0.206	0.206	0.188	0.273	0.236	0.232	0.196	0.190	0.260	0.092	0.093	0.093	0.095	0.094	0.094	0.095	0.098	0.095	0.095	0.095	0.094	0.094
13:00:17	20.4	0.093	0.094	0.093	0.093	0.095	0.094	0.094	0.093	0.093	0.094	0.095	0.094	0.093	0.148	0.239	0.208	0.203	0.251	0.178	0.217	0.201	0.243	0.231	0.093	0.093	0.209	0.207	0.222	0.234	0.210	0.220	0.206	0.181	0.179	0.142	0.093	0.093	0.221	0.187	0.186	0.147	0.207	0.201	0.236	0.162	0.219	0.244	0.093	0.092	0.191	0.175	0.238	0.212	0.223	0.212	0.244	0.217	0.205	0.215	0.093	0.093	0.225	0.224	0.209	0.197	0.222	0.246	0.233	0.214	0.189	0.207	0.093	0.093	0.226	0.215	0.214	0.194	0.280	0.244	0.240	0.206	0.196	0.270	0.092	0.094	0.093	0.095	0.094	0.094	0.095	0.098	0.095	0.095	0.095	0.094	0.094
14:00:19	20.5	0.093	0.095	0.093	0.093	0.095	0.094	0.094	0.094	0.093	0.094	0.094	0.096	0.093	0.168	0.245	0.219	0.211	0.260	0.192	0.226	0.210	0.251	0.236	0.093	0.093	0.218	0.216	0.232	0.244	0.220	0.230	0.214	0.194	0.193	0.156	0.093	0.093	0.231	0.200	0.200	0.161	0.215	0.210	0.245	0.176	0.228	0.255	0.092	0.092	0.199	0.189	0.246	0.223	0.232	0.222	0.250	0.226	0.214	0.223	0.093	0.093	0.232	0.234	0.217	0.205	0.231	0.254	0.238	0.224	0.198	0.216	0.093	0.093	0.235	0.225	0.223	0.202	0.289	0.252	0.252	0.215	0.203	0.281	0.092	0.094	0.093	0.095	0.094	0.094	0.095	0.097	0.095	0.095	0.095	0.094	0.094
15:00:20	20.6	0.093	0.094	0.093	0.093	0.095	0.094	0.094	0.093	0.093	0.093	0.094	0.094	0.093	0.189	0.253	0.228	0.219	0.271	0.206	0.235	0.221	0.260	0.243	0.093	0.093	0.228	0.227	0.241	0.257	0.229	0.241	0.222	0.204	0.205	0.178	0.093	0.092	0.239	0.208	0.212	0.176	0.221	0.219	0.254	0.193	0.236	0.265	0.093	0.092	0.206	0.202	0.252	0.233	0.243	0.230	0.257	0.234	0.222	0.229	0.093	0.093	0.244	0.242	0.225	0.213	0.241	0.263	0.248	0.233	0.206	0.227	0.093	0.093	0.246	0.237	0.235	0.213	0.299	0.261	0.259	0.227	0.212	0.294	0.092	0.094	0.093	0.095	0.094	0.094	0.095	0.095	0.095	0.095	0.095	0.094	0.094
16:00:21	20.6	0.092	0.094	0.093	0.093	0.095	0.094	0.094	0.094	0.093	0.094	0.095	0.094	0.093	0.203	0.263	0.239	0.228	0.282	0.218	0.246	0.232	0.270	0.251	0.093	0.093	0.238	0.239	0.252	0.270	0.238	0.253	0.231	0.215	0.217	0.203	0.093	0.092	0.248	0.221	0.224	0.188	0.229	0.227	0.265	0.207	0.244	0.279	0.093	0.092	0.215	0.212	0.265	0.244	0.254	0.240	0.266	0.245	0.231	0.237	0.093	0.093	0.257	0.254	0.235	0.223	0.251	0.276	0.259	0.243	0.216	0.237	0.093	0.093	0.257	0.251	0.247	0.224	0.311	0.271	0.267	0.238	0.223	0.307	0.093	0.093	0.093	0.095	0.094	0.094	0.096	0.095	0.095	0.095	0.095	0.094	0.094
17:00:21	20.7	0.093	0.095	0.093	0.094	0.095	0.095	0.094	0.094	0.093	0.094	0.094	0.095	0.093	0.212	0.273	0.251	0.236	0.293	0.229	0.255	0.244	0.282	0.261	0.093	0.093	0.248	0.250	0.265	0.284	0.247	0.265	0.241	0.228	0.227	0.221	0.093	0.093	0.257	0.233	0.236	0.196	0.238	0.237	0.278	0.217	0.253	0.293	0.093	0.093	0.225	0.222	0.276	0.257	0.265	0.250	0.277	0.256	0.239	0.245	0.093	0.093	0.272	0.267	0.245	0.234	0.262	0.289	0.270	0.254	0.226	0.247	0.093	0.094	0.269	0.267	0.258	0.235	0.322	0.281	0.277	0.251	0.232	0.320	0.093	0.094	0.093	0.095	0.094	0.094	0.095	0.096	0.095	0.095	0.095	0.094	0.094
18:00:22	20.7	0.093	0.095	0.093	0.093	0.095	0.095	0.094	0.093	0.093	0.094	0.095	0.094	0.093	0.224	0.283	0.263	0.247	0.305	0.242	0.267	0.256	0.295	0.272	0.093	0.093	0.261	0.260	0.279	0.299	0.258	0.278	0.251	0.242	0.239	0.232	0.093	0.092	0.266	0.246	0.249	0.207	0.249	0.247	0.289	0.226	0.265	0.307	0.093	0.093	0.237	0.236	0.289	0.270	0.276	0.261	0.288	0.268	0.249	0.253	0.093	0.093	0.285	0.281	0.257	0.246	0.272	0.301	0.281	0.266	0.236	0.257	0.093	0.093	0.280	0.281	0.270	0.246	0.335	0.293	0.286	0.261	0.241	0.333	0.092	0.094	0.093	0.095	0.094	0.095	0.095	0.095	0.095	0.095	0.095	0.094	0.094
19:00:25	20.7	0.093	0.095	0.093	0.093	0.095	0.095	0.094	0.093	0.093	0.094	0.094	0.094	0.093	0.236	0.294	0.274	0.258	0.319	0.256	0.280	0.268	0.309	0.283	0.093	0.093	0.274	0.271	0.293	0.315	0.269	0.292	0.260	0.257	0.252	0.243	0.093	0.093	0.278	0.259	0.263	0.221	0.260	0.258	0.302	0.238	0.278	0.323	0.093	0.092	0.248	0.252	0.302	0.283	0.289	0.272	0.299	0.280	0.261	0.261	0.093	0.093	0.301	0.294	0.270	0.257	0.284	0.316	0.293	0.279	0.247	0.268	0.093	0.093	0.292	0.296	0.283	0.256	0.350	0.306	0.297	0.274	0.251	0.348	0.092	0.094	0.093	0.095	0.095	0.094	0.096	0.096	0.095	0.095	0.095	0.094	0.094
20:00:28	20.8	0.093	0.094	0.092	0.093	0.095	0.094	0.094	0.093	0.093	0.094	0.094	0.094	0.093	0.247	0.306	0.283	0.271	0.332	0.271	0.293	0.280	0.323	0.295	0.093	0.093	0.287	0.283	0.309	0.331	0.279	0.306	0.270	0.270	0.264	0.254	0.093	0.092	0.289	0.273	0.276	0.235	0.272	0.270	0.316	0.253	0.292	0.337	0.093	0.092	0.259	0.265	0.319	0.297	0.302	0.283	0.312	0.293	0.272	0.272	0.093	0.093	0.319	0.309	0.283	0.269	0.295	0.331	0.306	0.293	0.259	0.279	0.093	0.093	0.305	0.311	0.297	0.267	0.365	0.320	0.310	0.286	0.260	0.365	0.092	0.094	0.093	0.095	0.094	0.094	0.095	0.095	0.095	0.095	0.095	0.094	0.094
21:00:26	20.8	0.093	0.095	0.093	0.094	0.095	0.095	0.094	0.094	0.093	0.094	0.095	0.095	0.093	0.259	0.321	0.294	0.282	0.347	0.285	0.306	0.292	0.338	0.310	0.093	0.093	0.301	0.296	0.327	0.348	0.291	0.321	0.281	0.285	0.276	0.265	0.093	0.092	0.302	0.288	0.287	0.250	0.285	0.281	0.330	0.266	0.308	0.351	0.093	0.093	0.272	0.276	0.335	0.315	0.316	0.295	0.325	0.307	0.286	0.284	0.093	0.093	0.334	0.324	0.297	0.282	0.308	0.348	0.318	0.307	0.271	0.290	0.093	0.093	0.318	0.326	0.311	0.278	0.379	0.333	0.321	0.297	0.271	0.382	0.093	0.094	0.093	0.095	0.094	0.095	0.095	0.095	0.095	0.095	0.095	0.094	0.094
22:00:27	20.8	0.093	0.095	0.093	0.094	0.095	0.095	0.094	0.094	0.094	0.094	0.095	0.094	0.093	0.272	0.335	0.305	0.292	0.363	0.301	0.321	0.307	0.352	0.326	0.093	0.093	0.316	0.309	0.343	0.363	0.304	0.336	0.292	0.298	0.288	0.277	0.093	0.092	0.315	0.303	0.299	0.263	0.297	0.293	0.344	0.276	0.323	0.367	0.093	0.092	0.283	0.288	0.353	0.331	0.332	0.309	0.338	0.321	0.298	0.296	0.093	0.093	0.352	0.341	0.312	0.295	0.321	0.365	0.332	0.321	0.285	0.303	0.093	0.093	0.332	0.341	0.326	0.289	0.395	0.348	0.334	0.311	0.281	0.398	0.093	0.094	0.093	0.095	0.095	0.094	0.095	0.096	0.095	0.095	0.095	0.094	0.094
23:00:27	20.9	0.093	0.094	0.093	0.093	0.095	0.095	0.094	0.093	0.093	0.093	0.094	0.094	0.093	0.284	0.348	0.315	0.304	0.380	0.314	0.334	0.320	0.366	0.342	0.093	0.093	0.331	0.323	0.359	0.380	0.317	0.353	0.305	0.312	0.300	0.289	0.093	0.092	0.328	0.318	0.311	0.274	0.311	0.305	0.359	0.288	0.339	0.383	0.092	0.092	0.296	0.301	0.370	0.346	0.346	0.322	0.352	0.337	0.311	0.308	0.093	0.093	0.369	0.357	0.327	0.308	0.333	0.382	0.345	0.335	0.299	0.315	0.093	0.093	0.347	0.358	0.340	0.302	0.412	0.363	0.347	0.324	0.293	0.416	0.092	0.093	0.093	0.095	0.094	0.094	0.095	0.095	0.095	0.095	0.095	0.094	0.094
24:00:30	21.0	0.092	0.094	0.093	0.093	0.095	0.095	0.094	0.093	0.093	0.093	0.095	0.094	0.093	0.298	0.364	0.327	0.316	0.398	0.329	0.349	0.337	0.383	0.359	0.093	0.093	0.347	0.338	0.379	0.397	0.331	0.370	0.316	0.330	0.313	0.303	0.093	0.092	0.341	0.331	0.322	0.286	0.325	0.320	0.374	0.301	0.355	0.401	0.093	0.092	0.309	0.312	0.388	0.363	0.362	0.336	0.365	0.353	0.324	0.322	0.093	0.093	0.385	0.375	0.344	0.322	0.347	0.401	0.359	0.350	0.315	0.328	0.093	0.093	0.362	0.373	0.356	0.315	0.428	0.379	0.361	0.338	0.305	0.434	0.092	0.094	0.093	0.095	0.094	0.094	0.095	0.095	0.095	0.095	0.095	0.094	0.094
25:00:29	21.1	0.093	0.094	0.093	0.093	0.095	0.094	0.094	0.093	0.093	0.093	0.095	0.095	0.093	0.312	0.381	0.340	0.328	0.417	0.343	0.365	0.353	0.401	0.376	0.093	0.093	0.363	0.354	0.398	0.416	0.346	0.389	0.330	0.347	0.328	0.316	0.093	0.093	0.355	0.348	0.336	0.299	0.342	0.335	0.391	0.314	0.373	0.419	0.093	0.093	0.322	0.327	0.408	0.381	0.379	0.351	0.381	0.371	0.338	0.336	0.093	0.093	0.405	0.393	0.360	0.336	0.361	0.419	0.375	0.366	0.330	0.341	0.093	0.093	0.378	0.392	0.373	0.329	0.446	0.395	0.376	0.353	0.319	0.454	0.092	0.094	0.093	0.095	0.094	0.094	0.095	0.095	0.095	0.095	0.095	0.094	0.094
26:00:30	21.3	0.093	0.094	0.093	0.093	0.095	0.094	0.094	0.093	0.093	0.094	0.095	0.094	0.093	0.327	0.397	0.354	0.342	0.435	0.358	0.381	0.370	0.420	0.396	0.093	0.093	0.383	0.370	0.419	0.435	0.361	0.407	0.344	0.364	0.343	0.331	0.093	0.092	0.370	0.364	0.350	0.313	0.358	0.350	0.410	0.328	0.392	0.439	0.092	0.092	0.334	0.341	0.428	0.399	0.395	0.367	0.398	0.389	0.352	0.350	0.093	0.093	0.423	0.414	0.378	0.351	0.375	0.439	0.391	0.382	0.347	0.354	0.093	0.093	0.395	0.408	0.389	0.343	0.465	0.411	0.392	0.368	0.333	0.478	0.092	0.094	0.093	0.095	0.094	0.094	0.095	0.095	0.095	0.095	0.095	0.094	0.093
27:00:31	21.4	0.093	0.095	0.093	0.094	0.095	0.095	0.094	0.094	0.093	0.094	0.095	0.094	0.093	0.342	0.415	0.369	0.355	0.454	0.375	0.398	0.386	0.438	0.416	0.093	0.093	0.403	0.388	0.440	0.454	0.378	0.428	0.359	0.382	0.359	0.346	0.093	0.093	0.386	0.382	0.365	0.329	0.375	0.367	0.429	0.343	0.412	0.460	0.093	0.093	0.350	0.355	0.451	0.418	0.413	0.384	0.414	0.410	0.366	0.366	0.093	0.093	0.444	0.436	0.397	0.368	0.390	0.461	0.408	0.398	0.364	0.370	0.093	0.094	0.413	0.427	0.406	0.360	0.486	0.429	0.408	0.383	0.348	0.498	0.093	0.094	0.093	0.096	0.094	0.094	0.095	0.095	0.095	0.095	0.095	0.094	0.094
28:00:32	21.6	0.093	0.094	0.093	0.093	0.095	0.095	0.094	0.093	0.093	0.094	0.095	0.094	0.093	0.358	0.431	0.384	0.370	0.475	0.390	0.414	0.402	0.460	0.439	0.093	0.092	0.423	0.403	0.462	0.477	0.395	0.448	0.371	0.401	0.375	0.361	0.093	0.092	0.401	0.400	0.380	0.344	0.393	0.385	0.447	0.358	0.431	0.483	0.093	0.092	0.364	0.371	0.474	0.437	0.430	0.400	0.433	0.429	0.382	0.380	0.093	0.093	0.468	0.458	0.416	0.384	0.405	0.483	0.425	0.417	0.382	0.383	0.093	0.093	0.430	0.444	0.424	0.375	0.507	0.446	0.425	0.399	0.363	0.520	0.092	0.093	0.093	0.095	0.094	0.094	0.096	0.096	0.095	0.095	0.095	0.094	0.094
29:00:33	21.6	0.093	0.094	0.093	0.093	0.095	0.095	0.094	0.094	0.093	0.094	0.095	0.094	0.093	0.374	0.451	0.399	0.385	0.498	0.406	0.434	0.421	0.480	0.463	0.093	0.093	0.447	0.421	0.486	0.499	0.413	0.468	0.387	0.421	0.389	0.379	0.093	0.093	0.417	0.419	0.396	0.361	0.411	0.403	0.467	0.374	0.455	0.505	0.093	0.093	0.380	0.387	0.499	0.458	0.449	0.416	0.451	0.452	0.399	0.397	0.093	0.093	0.492	0.482	0.437	0.400	0.421	0.506	0.444	0.435	0.401	0.398	0.093	0.093	0.449	0.464	0.443	0.390	0.530	0.465	0.441	0.415	0.378	0.545	0.092	0.094	0.093	0.095	0.094	0.094	0.095	0.095	0.095	0.095	0.095	0.094	0.094
30:00:34	21.7	0.093	0.095	0.093	0.093	0.095	0.095	0.094	0.094	0.094	0.094	0.095	0.095	0.093	0.392	0.470	0.416	0.401	0.519	0.421	0.451	0.438	0.502	0.484	0.093	0.093	0.470	0.440	0.511	0.517	0.430	0.490	0.402	0.440	0.405	0.397	0.093	0.093	0.435	0.440	0.412	0.381	0.432	0.420	0.486	0.390	0.478	0.530	0.093	0.093	0.395	0.403	0.524	0.477	0.467	0.433	0.470	0.476	0.416	0.413	0.093	0.093	0.517	0.504	0.457	0.417	0.437	0.527	0.462	0.454	0.419	0.413	0.093	0.093	0.468	0.483	0.463	0.407	0.553	0.483	0.458	0.432	0.394	0.570	0.093	0.094	0.093	0.095	0.094	0.094	0.095	0.096	0.095	0.095	0.095	0.095	0.094
31:00:36	21.6	0.092	0.094	0.093	0.093	0.095	0.095	0.094	0.093	0.093	0.094	0.094	0.094	0.092	0.410	0.490	0.431	0.415	0.543	0.437	0.468	0.455	0.526	0.507	0.093	0.093	0.493	0.459	0.536	0.538	0.449	0.509	0.417	0.460	0.421	0.415	0.093	0.092	0.451	0.460	0.429	0.399	0.451	0.437	0.506	0.406	0.502	0.553	0.092	0.092	0.410	0.420	0.550	0.496	0.486	0.450	0.489	0.499	0.433	0.428	0.093	0.093	0.541	0.526	0.479	0.434	0.453	0.551	0.482	0.473	0.437	0.427	0.093	0.093	0.488	0.502	0.482	0.422	0.581	0.503	0.476	0.449	0.410	0.594	0.092	0.093	0.093	0.095	0.094	0.094	0.094	0.095	0.095	0.095	0.095	0.094	0.094
32:00:37	21.5	0.093	0.094	0.093	0.093	0.095	0.095	0.094	0.093	0.094	0.093	0.095	0.095	0.092	0.427	0.510	0.447	0.429	0.567	0.453	0.486	0.473	0.549	0.533	0.093	0.093	0.516	0.477	0.563	0.560	0.467	0.531	0.433	0.480	0.438	0.434	0.093	0.093	0.469	0.480	0.446	0.418	0.471	0.454	0.525	0.424	0.526	0.578	0.093	0.093	0.425	0.439	0.576	0.517	0.505	0.467	0.510	0.525	0.450	0.445	0.093	0.093	0.567	0.547	0.500	0.449	0.469	0.573	0.500	0.492	0.455	0.443	0.093	0.093	0.507	0.521	0.499	0.438	0.603	0.519	0.494	0.466	0.425	0.622	0.092	0.094	0.093	0.095	0.094	0.094	0.095	0.095	0.095	0.095	0.095	0.094	0.094
33:00:36	21.3	0.093	0.094	0.093	0.094	0.095	0.095	0.094	0.094	0.094	0.094	0.094	0.094	0.093	0.446	0.529	0.463	0.445	0.591	0.469	0.504	0.492	0.574	0.558	0.093	0.093	0.541	0.494	0.588	0.582	0.487	0.549	0.448	0.501	0.453	0.454	0.093	0.093	0.486	0.501	0.463	0.438	0.491	0.472	0.543	0.440	0.552	0.603	0.093	0.093	0.438	0.457	0.604	0.534	0.522	0.483	0.529	0.549	0.467	0.461	0.093	0.093	0.591	0.572	0.521	0.466	0.484	0.595	0.518	0.510	0.474	0.456	0.093	0.093	0.528	0.539	0.519	0.454	0.630	0.536	0.510	0.483	0.441	0.647	0.093	0.094	0.093	0.095	0.094	0.094	0.095	0.095	0.095	0.095	0.095	0.094	0.094
34:00:40	21.1	0.093	0.095	0.093	0.093	0.095	0.095	0.095	0.093	0.094	0.094	0.095	0.094	0.093	0.464	0.546	0.478	0.459	0.619	0.483	0.521	0.509	0.598	0.584	0.093	0.093	0.566	0.512	0.616	0.604	0.504	0.568	0.463	0.519	0.469	0.474	0.093	0.093	0.505	0.524	0.480	0.456	0.511	0.485	0.561	0.457	0.577	0.626	0.093	0.093	0.452	0.475	0.633	0.551	0.541	0.498	0.549	0.575	0.483	0.476	0.093	0.093	0.619	0.593	0.543	0.481	0.500	0.613	0.536	0.529	0.493	0.471	0.093	0.093	0.545	0.558	0.535	0.470	0.654	0.552	0.526	0.498	0.457	0.674	0.093	0.094	0.093	0.095	0.095	0.094	0.095	0.095	0.095	0.095	0.095	0.094	0.094
35:00:41	21.0	0.092	0.094	0.093	0.093	0.095	0.095	0.094	0.094	0.094	0.094	0.094	0.094	0.093	0.482	0.565	0.495	0.473	0.646	0.499	0.536	0.526	0.626	0.609	0.093	0.093	0.591	0.529	0.642	0.622	0.522	0.586	0.478	0.538	0.482	0.494	0.093	0.092	0.521	0.545	0.497	0.476	0.532	0.501	0.578	0.475	0.602	0.651	0.093	0.093	0.466	0.495	0.661	0.567	0.559	0.514	0.569	0.600	0.498	0.492	0.093	0.093	0.643	0.613	0.563	0.495	0.515	0.631	0.554	0.546	0.510	0.485	0.093	0.093	0.564	0.574	0.552	0.484	0.678	0.566	0.542	0.513	0.470	0.700	0.092	0.094	0.093	0.095	0.094	0.094	0.095	0.095	0.095	0.095	0.095	0.094	0.094
36:00:40	20.8	0.093	0.094	0.092	0.093	0.095	0.096	0.094	0.094	0.094	0.093	0.094	0.094	0.092	0.503	0.586	0.508	0.487	0.671	0.514	0.549	0.542	0.648	0.637	0.093	0.093	0.615	0.546	0.669	0.642	0.539	0.605	0.493	0.558	0.495	0.514	0.093	0.092	0.540	0.566	0.511	0.496	0.549	0.516	0.596	0.494	0.629	0.677	0.093	0.093	0.479	0.513	0.689	0.583	0.575	0.527	0.589	0.625	0.512	0.509	0.093	0.093	0.667	0.632	0.584	0.509	0.530	0.649	0.558	0.563	0.528	0.498	0.093	0.093	0.580	0.590	0.569	0.500	0.704	0.576	0.556	0.528	0.486	0.729	0.092	0.094	0.093	0.095	0.094	0.094	0.095	0.095	0.095	0.095	0.095	0.094	0.094
37:00:40	20.5	0.093	0.094	0.093	0.093	0.095	0.095	0.094	0.093	0.095	0.094	0.094	0.094	0.093	0.521	0.606	0.522	0.501	0.697	0.532	0.566	0.561	0.675	0.662	0.093	0.093	0.639	0.562	0.694	0.660	0.554	0.620	0.507	0.577	0.508	0.539	0.093	0.092	0.555	0.579	0.525	0.522	0.562	0.529	0.610	0.512	0.654	0.702	0.093	0.093	0.491	0.533	0.713	0.599	0.591	0.542	0.606	0.650	0.524	0.522	0.093	0.093	0.690	0.652	0.602	0.521	0.543	0.664	0.570	0.580	0.543	0.512	0.093	0.093	0.597	0.605	0.584	0.514	0.729	0.588	0.570	0.541	0.499	0.752	0.092	0.094	0.093	0.095	0.094	0.094	0.095	0.095	0.095	0.095	0.095	0.094	0.094
38:00:50	20.4	0.093	0.095	0.093	0.093	0.095	0.095	0.094	0.094	0.095	0.094	0.095	0.094	0.093	0.540	0.622	0.535	0.511	0.718	0.548	0.580	0.577	0.704	0.689	0.093	0.093	0.659	0.577	0.714	0.675	0.568	0.634	0.518	0.592	0.518	0.559	0.093	0.093	0.568	0.594	0.535	0.542	0.574	0.542	0.625	0.531	0.681	0.727	0.093	0.093	0.503	0.549	0.738	0.613	0.604	0.554	0.623	0.676	0.538	0.536	0.093	0.093	0.714	0.667	0.620	0.532	0.554	0.674	0.584	0.595	0.559	0.524	0.093	0.093	0.612	0.620	0.599	0.526	0.753	0.597	0.581	0.553	0.510	0.775	0.093	0.094	0.093	0.095	0.094	0.094	0.095	0.095	0.095	0.095	0.095	0.094	0.094
39:00:42	20.2	0.092	0.095	0.093	0.093	0.095	0.096	0.094	0.093	0.095	0.093	0.094	0.094	0.093	0.557	0.640	0.547	0.524	0.745	0.560	0.590	0.592	0.726	0.712	0.093	0.093	0.674	0.590	0.735	0.690	0.577	0.649	0.530	0.607	0.531	0.581	0.093	0.093	0.582	0.609	0.545	0.569	0.581	0.553	0.638	0.550	0.703	0.749	0.093	0.093	0.512	0.569	0.755	0.626	0.619	0.565	0.639	0.699	0.548	0.547	0.093	0.093	0.731	0.684	0.632	0.542	0.564	0.688	0.595	0.607	0.574	0.536	0.093	0.093	0.622	0.630	0.614	0.537	0.771	0.604	0.590	0.561	0.522	0.792	0.092	0.094	0.093	0.095	0.094	0.094	0.095	0.096	0.095	0.095	0.095	0.094	0.094
40:00:44	20.1	0.093	0.095	0.093	0.093	0.095	0.096	0.094	0.093	0.096	0.094	0.095	0.094	0.093	0.578	0.654	0.557	0.536	0.761	0.568	0.597	0.607	0.746	0.731	0.093	0.093	0.690	0.604	0.750	0.699	0.589	0.661	0.541	0.621	0.543	0.600	0.093	0.092	0.591	0.623	0.556	0.586	0.589	0.563	0.651	0.569	0.724	0.767	0.093	0.093	0.520	0.580	0.770	0.638	0.632	0.574	0.653	0.720	0.559	0.559	0.093	0.093	0.747	0.694	0.646	0.549	0.574	0.700	0.603	0.620	0.589	0.546	0.093	0.093	0.634	0.642	0.625	0.546	0.788	0.610	0.599	0.570	0.531	0.807	0.093	0.094	0.093	0.095	0.095	0.094	0.095	0.096	0.095	0.095	0.095	0.094	0.094
41:00:46	20.1	0.093	0.095	0.093	0.093	0.095	0.096	0.094	0.093	0.097	0.094	0.095	0.094	0.093	0.602	0.667	0.567	0.546	0.782	0.575	0.605	0.621	0.764	0.746	0.093	0.093	0.700	0.615	0.761	0.708	0.597	0.673	0.550	0.634	0.552	0.622	0.093	0.093	0.598	0.635	0.564	0.568	0.597	0.571	0.661	0.591	0.741	0.784	0.093	0.093	0.528	0.587	0.781	0.650	0.643	0.581	0.664	0.740	0.568	0.567	0.093	0.093	0.761	0.705	0.658	0.555	0.579	0.712	0.609	0.633	0.602	0.554	0.093	0.093	0.645	0.653	0.636	0.555	0.802	0.614	0.607	0.577	0.539	0.820	0.093	0.094	0.093	0.095	0.095	0.094	0.096	0.096	0.095	0.095	0.095	0.094	0.094
42:00:48	20.1	0.093	0.095	0.093	0.093	0.095	0.096	0.094	0.094	0.098	0.094	0.095	0.095	0.093	0.620	0.680	0.575	0.552	0.792	0.576	0.612	0.633	0.781	0.758	0.093	0.093	0.718	0.627	0.774	0.716	0.604	0.682	0.558	0.647	0.562	0.639	0.094	0.093	0.606	0.647	0.573	0.568	0.605	0.578	0.671	0.610	0.753	0.795	0.093	0.094	0.534	0.597	0.788	0.659	0.653	0.587	0.675	0.758	0.575	0.575	0.093	0.093	0.770	0.715	0.668	0.559	0.585	0.722	0.615	0.644	0.613	0.562	0.093	0.093	0.655	0.661	0.646	0.562	0.811	0.618	0.613	0.581	0.546	0.830	0.093	0.094	0.093	0.095	0.095	0.095	0.096	0.096	0.095	0.095	0.096	0.094	0.094
43:00:49	20.1	0.092	0.094	0.093	0.093	0.095	0.096	0.094	0.093	0.099	0.093	0.094	0.094	0.093	0.653	0.691	0.581	0.559	0.801	0.586	0.618	0.643	0.790	0.769	0.093	0.093	0.736	0.636	0.780	0.721	0.608	0.692	0.564	0.655	0.571	0.628	0.093	0.092	0.609	0.657	0.582	0.575	0.611	0.583	0.680	0.581	0.763	0.805	0.093	0.094	0.537	0.609	0.795	0.668	0.662	0.591	0.684	0.770	0.580	0.581	0.092	0.093	0.780	0.722	0.677	0.563	0.589	0.731	0.620	0.652	0.624	0.567	0.093	0.093	0.664	0.670	0.656	0.567	0.820	0.621	0.618	0.585	0.551	0.839	0.093	0.094	0.093	0.095	0.094	0.094	0.095	0.095	0.095	0.095	0.095	0.094	0.094
44:00:49	20.0	0.093	0.095	0.093	0.094	0.095	0.096	0.094	0.094	0.101	0.094	0.095	0.095	0.093	0.644	0.701	0.588	0.566	0.813	0.593	0.623	0.654	0.801	0.777	0.093	0.093	0.746	0.646	0.787	0.728	0.613	0.700	0.568	0.665	0.577	0.652	0.094	0.093	0.603	0.666	0.588	0.582	0.614	0.589	0.688	0.586	0.770	0.812	0.093	0.094	0.541	0.612	0.802	0.675	0.671	0.594	0.693	0.781	0.586	0.588	0.093	0.093	0.788	0.730	0.684	0.565	0.592	0.738	0.623	0.662	0.632	0.571	0.093	0.093	0.674	0.676	0.664	0.572	0.827	0.623	0.622	0.588	0.555	0.848	0.093	0.094	0.093	0.095	0.095	0.095	0.095	0.096	0.095	0.095	0.096	0.094	0.094
45:00:50	20.0	0.093	0.095	0.093	0.094	0.095	0.095	0.095	0.094	0.102	0.094	0.095	0.095	0.093	0.655	0.706	0.592	0.568	0.821	0.599	0.628	0.661	0.809	0.784	0.093	0.093	0.754	0.654	0.791	0.732	0.614	0.706	0.571	0.673	0.583	0.655	0.094	0.093	0.601	0.674	0.591	0.588	0.616	0.591	0.694	0.589	0.778	0.821	0.093	0.095	0.543	0.618	0.808	0.683	0.678	0.596	0.700	0.794	0.589	0.591	0.093	0.093	0.797	0.733	0.691	0.567	0.595	0.740	0.633	0.667	0.642	0.573	0.093	0.093	0.679	0.680	0.672	0.573	0.834	0.623	0.625	0.590	0.556	0.854	0.092	0.094	0.093	0.096	0.095	0.095	0.095	0.095	0.095	0.095	0.095	0.094	0.094
46:00:52	20.0	0.093	0.095	0.093	0.093	0.096	0.096	0.094	0.094	0.105	0.094	0.094	0.095	0.093	0.657	0.713	0.594	0.570	0.830	0.604	0.632	0.669	0.817	0.792	0.094	0.093	0.761	0.661	0.797	0.736	0.619	0.712	0.574	0.681	0.587	0.658	0.094	0.093	0.602	0.678	0.595	0.592	0.622	0.593	0.700	0.594	0.784	0.827	0.093	0.095	0.544	0.621	0.813	0.688	0.682	0.597	0.707	0.805	0.592	0.596	0.093	0.093	0.804	0.739	0.696	0.568	0.594	0.746	0.634	0.673	0.651	0.576	0.093	0.093	0.690	0.685	0.678	0.575	0.838	0.625	0.628	0.592	0.558	0.860	0.093	0.094	0.093	0.096	0.095	0.095	0.095	0.096	0.095	0.095	0.096	0.095	0.094
47:00:51	20.0	0.093	0.094	0.093	0.093	0.095	0.096	0.094	0.093	0.108	0.094	0.095	0.094	0.093	0.658	0.717	0.596	0.572	0.838	0.609	0.634	0.676	0.822	0.799	0.093	0.093	0.753	0.666	0.801	0.739	0.620	0.716	0.575	0.686	0.592	0.661	0.094	0.092	0.606	0.683	0.599	0.596	0.629	0.595	0.704	0.596	0.789	0.832	0.093	0.096	0.545	0.627	0.816	0.692	0.688	0.598	0.712	0.796	0.594	0.598	0.093	0.093	0.811	0.739	0.704	0.568	0.596	0.752	0.635	0.679	0.655	0.576	0.093	0.093	0.693	0.688	0.684	0.575	0.843	0.625	0.629	0.590	0.558	0.865	0.093	0.094	0.093	0.095	0.095	0.094	0.095	0.095	0.095	0.095	0.095	0.094	0.094
48:00:54	19.9	0.093	0.094	0.093	0.093	0.095	0.096	0.094	0.093	0.113	0.094	0.094	0.094	0.093	0.658	0.721	0.598	0.572	0.844	0.613	0.636	0.678	0.829	0.803	0.093	0.093	0.757	0.671	0.804	0.744	0.621	0.718	0.575	0.686	0.595	0.663	0.094	0.093	0.609	0.689	0.602	0.599	0.629	0.597	0.706	0.600	0.793	0.837	0.093	0.097	0.543	0.630	0.820	0.695	0.690	0.598	0.716	0.803	0.594	0.597	0.093	0.093	0.816	0.744	0.713	0.569	0.595	0.753	0.636	0.683	0.662	0.577	0.093	0.093	0.696	0.691	0.687	0.576	0.845	0.626	0.631	0.592	0.558	0.868	0.092	0.094	0.093	0.095	0.094	0.094	0.095	0.095	0.095	0.095	0.095	0.094	0.094
49:00:56	19.9	0.093	0.095	0.093	0.093	0.095	0.096	0.094	0.093	0.119	0.094	0.095	0.094	0.093	0.658	0.725	0.599	0.573	0.849	0.616	0.639	0.683	0.834	0.808	0.093	0.093	0.766	0.675	0.808	0.746	0.621	0.720	0.576	0.691	0.598	0.664	0.094	0.093	0.610	0.693	0.607	0.602	0.630	0.598	0.709	0.603	0.798	0.841	0.093	0.098	0.544	0.635	0.824	0.699	0.694	0.598	0.722	0.796	0.595	0.597	0.093	0.093	0.820	0.746	0.718	0.568	0.596	0.758	0.638	0.687	0.666	0.577	0.093	0.093	0.680	0.693	0.690	0.576	0.848	0.626	0.632	0.591	0.558	0.871	0.093	0.094	0.093	0.096	0.095	0.095	0.095	0.095	0.095	0.095	0.095	0.095	0.094
50:00:59	19.9	0.093	0.095	0.093	0.094	0.095	0.096	0.094	0.094	0.126	0.094	0.095	0.094	0.093	0.657	0.729	0.599	0.573	0.853	0.617	0.640	0.686	0.838	0.811	0.093	0.093	0.761	0.677	0.809	0.749	0.622	0.722	0.576	0.695	0.600	0.665	0.094	0.093	0.611	0.698	0.610	0.602	0.626	0.599	0.711	0.607	0.801	0.845	0.093	0.099	0.544	0.639	0.827	0.701	0.697	0.599	0.726	0.802	0.596	0.598	0.093	0.093	0.824	0.750	0.722	0.569	0.598	0.759	0.639	0.689	0.670	0.577	0.093	0.093	0.695	0.696	0.693	0.576	0.849	0.626	0.631	0.591	0.556	0.873	0.093	0.094	0.093	0.096	0.095	0.094	0.095	0.095	0.095	0.095	0.095	0.095	0.094
51:00:57	20.0	0.092	0.094	0.093	0.093	0.095	0.096	0.094	0.094	0.136	0.094	0.094	0.094	0.093	0.659	0.731	0.599	0.572	0.855	0.619	0.640	0.690	0.840	0.813	0.093	0.093	0.774	0.681	0.810	0.753	0.622	0.723	0.576	0.698	0.601	0.665	0.095	0.093	0.613	0.702	0.615	0.604	0.625	0.599	0.710	0.609	0.802	0.847	0.093	0.101	0.544	0.644	0.829	0.702	0.698	0.598	0.731	0.806	0.597	0.597	0.093	0.093	0.827	0.754	0.724	0.568	0.597	0.761	0.638	0.691	0.673	0.576	0.093	0.093	0.659	0.698	0.694	0.576	0.850	0.625	0.630	0.591	0.555	0.874	0.092	0.094	0.093	0.095	0.095	0.095	0.095	0.095	0.095	0.095	0.095	0.094	0.094
52:00:58	20.3	0.093	0.094	0.093	0.093	0.095	0.097	0.094	0.093	0.148	0.094	0.094	0.094	0.093	0.661	0.733	0.597	0.570	0.870	0.621	0.639	0.690	0.842	0.815	0.093	0.093	0.771	0.682	0.811	0.757	0.623	0.725	0.575	0.701	0.601	0.664	0.095	0.093	0.618	0.707	0.619	0.606	0.625	0.599	0.712	0.612	0.802	0.847	0.093	0.103	0.543	0.646	0.830	0.704	0.700	0.600	0.734	0.811	0.595	0.596	0.093	0.093	0.829	0.757	0.679	0.567	0.598	0.762	0.639	0.692	0.675	0.575	0.093	0.093	0.645	0.699	0.697	0.575	0.852	0.626	0.628	0.591	0.555	0.874	0.093	0.094	0.093	0.095	0.095	0.094	0.095	0.095	0.095	0.095	0.095	0.094	0.094
53:00:58	20.4	0.093	0.094	0.093	0.093	0.095	0.097	0.094	0.093	0.162	0.094	0.095	0.094	0.093	0.665	0.735	0.597	0.569	0.860	0.623	0.641	0.692	0.863	0.815	0.093	0.093	0.773	0.685	0.811	0.759	0.623	0.726	0.574	0.702	0.604	0.664	0.096	0.093	0.649	0.711	0.624	0.609	0.624	0.600	0.712	0.613	0.804	0.846	0.093	0.106	0.542	0.649	0.832	0.705	0.700	0.599	0.737	0.814	0.595	0.596	0.093	0.093	0.830	0.761	0.674	0.567	0.599	0.763	0.637	0.694	0.677	0.575	0.093	0.093	0.626	0.702	0.696	0.574	0.851	0.626	0.626	0.591	0.554	0.874	0.092	0.094	0.093	0.095	0.095	0.095	0.095	0.095	0.095	0.095	0.096	0.094	0.094
54:00:59	20.4	0.093	0.094	0.093	0.093	0.095	0.096	0.094	0.094	0.178	0.094	0.095	0.094	0.093	0.668	0.738	0.597	0.568	0.874	0.627	0.642	0.694	0.866	0.816	0.093	0.093	0.773	0.687	0.813	0.762	0.621	0.727	0.573	0.706	0.605	0.666	0.097	0.093	0.643	0.716	0.629	0.610	0.624	0.602	0.713	0.614	0.805	0.846	0.093	0.110	0.544	0.651	0.835	0.707	0.703	0.601	0.740	0.776	0.596	0.594	0.093	0.093	0.832	0.763	0.672	0.567	0.600	0.766	0.638	0.695	0.679	0.574	0.093	0.093	0.745	0.706	0.699	0.574	0.852	0.627	0.626	0.591	0.553	0.874	0.093	0.094	0.093	0.095	0.094	0.094	0.095	0.095	0.095	0.095	0.095	0.094	0.094
55:01:00	20.3	0.093	0.095	0.093	0.093	0.095	0.097	0.094	0.094	0.188	0.094	0.095	0.095	0.093	0.671	0.743	0.598	0.568	0.785	0.630	0.645	0.697	0.878	0.817	0.093	0.093	0.773	0.689	0.815	0.766	0.622	0.730	0.572	0.707	0.607	0.664	0.097	0.093	0.640	0.721	0.632	0.612	0.624	0.604	0.714	0.615	0.808	0.847	0.093	0.114	0.544	0.652	0.837	0.709	0.706	0.601	0.743	0.793	0.597	0.592	0.093	0.093	0.836	0.767	0.722	0.569	0.601	0.770	0.638	0.698	0.681	0.574	0.093	0.093	0.777	0.708	0.701	0.575	0.853	0.628	0.626	0.592	0.554	0.875	0.093	0.094	0.093	0.096	0.095	0.094	0.095	0.095	0.095	0.095	0.095	0.094	0.094
56:01:03	20.3	0.093	0.094	0.093	0.094	0.095	0.096	0.095	0.094	0.193	0.094	0.095	0.094	0.093	0.669	0.743	0.599	0.568	0.756	0.633	0.648	0.698	0.760	0.820	0.093	0.093	0.774	0.693	0.818	0.765	0.623	0.733	0.573	0.709	0.608	0.666	0.098	0.093	0.641	0.725	0.640	0.615	0.625	0.606	0.716	0.617	0.808	0.849	0.093	0.120	0.545	0.656	0.839	0.712	0.708	0.603	0.747	0.791	0.598	0.592	0.093	0.093	0.842	0.769	0.730	0.570	0.602	0.771	0.640	0.700	0.682	0.574	0.093	0.093	0.777	0.712	0.702	0.576	0.855	0.629	0.626	0.594	0.554	0.877	0.092	0.094	0.093	0.096	0.094	0.095	0.095	0.095	0.095	0.095	0.095	0.094	0.094
57:01:04	20.2	0.093	0.095	0.093	0.094	0.096	0.097	0.094	0.094	0.192	0.094	0.094	0.094	0.093	0.669	0.745	0.601	0.569	0.753	0.634	0.651	0.700	0.762	0.824	0.093	0.093	0.772	0.695	0.821	0.779	0.628	0.736	0.574	0.712	0.611	0.666	0.100	0.092	0.643	0.731	0.645	0.618	0.626	0.608	0.717	0.620	0.810	0.851	0.093	0.126	0.547	0.659	0.841	0.713	0.711	0.605	0.751	0.793	0.599	0.591	0.093	0.093	0.846	0.772	0.732	0.573	0.603	0.771	0.641	0.701	0.684	0.575	0.093	0.093	0.783	0.716	0.704	0.577	0.857	0.631	0.627	0.595	0.555	0.880	0.093	0.094	0.093	0.095	0.095	0.095	0.095	0.095	0.095	0.095	0.095	0.094	0.094
58:01:02	20.1	0.093	0.094	0.093	0.093	0.095	0.096	0.095	0.094	0.207	0.094	0.095	0.094	0.093	0.670	0.759	0.604	0.570	0.756	0.636	0.653	0.703	0.761	0.828	0.093	0.093	0.773	0.698	0.823	0.782	0.630	0.738	0.575	0.713	0.613	0.668	0.102	0.093	0.643	0.734	0.649	0.621	0.627	0.612	0.719	0.621	0.811	0.852	0.093	0.134	0.550	0.660	0.843	0.716	0.714	0.606	0.755	0.790	0.601	0.591	0.093	0.093	0.850	0.773	0.734	0.574	0.606	0.773	0.643	0.705	0.687	0.577	0.093	0.093	0.785	0.719	0.704	0.578	0.859	0.634	0.627	0.597	0.556	0.882	0.093	0.094	0.093	0.095	0.095	0.095	0.095	0.095	0.095	0.095	0.095	0.095	0.094
59:01:04	20.0	0.093	0.095	0.093	0.094	0.096	0.097	0.095	0.094	0.238	0.094	0.095	0.095	0.093	0.672	0.790	0.606	0.571	0.755	0.639	0.656	0.706	0.757	0.831	0.093	0.093	0.772	0.702	0.825	0.782	0.632	0.741	0.577	0.716	0.616	0.668	0.105	0.093	0.644	0.737	0.651	0.625	0.628	0.616	0.720	0.623	0.812	0.853	0.093	0.145	0.552	0.664	0.846	0.719	0.715	0.607	0.759	0.793	0.604	0.592	0.093	0.093	0.854	0.776	0.738	0.577	0.609	0.776	0.645	0.707	0.689	0.578	0.094	0.094	0.786	0.723	0.706	0.581	0.861	0.636	0.629	0.599	0.559	0.884	0.093	0.094	0.094	0.096	0.095	0.095	0.095	0.096	0.096	0.095	0.096	0.095	0.094
60:01:07	19.9	0.093	0.094	0.093	0.093	0.096	0.096	0.094	0.094	0.273	0.094	0.095	0.094	0.093	0.672	0.807	0.610	0.572	0.755	0.639	0.658	0.708	0.767	0.835	0.093	0.093	0.772	0.705	0.831	0.783	0.634	0.743	0.578	0.717	0.618	0.669	0.108	0.093	0.646	0.739	0.654	0.624	0.630	0.618	0.721	0.625	0.814	0.857	0.093	0.157	0.554	0.666	0.848	0.721	0.717	0.609	0.762	0.794	0.605	0.591	0.093	0.093	0.857	0.777	0.738	0.579	0.612	0.777	0.645	0.708	0.691	0.579	0.093	0.093	0.786	0.725	0.706	0.582	0.862	0.638	0.630	0.601	0.560	0.887	0.092	0.094	0.093	0.095	0.095	0.095	0.095	0.096	0.095	0.095	0.095	0.094	0.094
61:01:06	20.0	0.093	0.095	0.094	0.094	0.096	0.097	0.095	0.094	0.306	0.094	0.095	0.094	0.093	0.674	0.816	0.613	0.574	0.755	0.641	0.661	0.708	0.767	0.837	0.093	0.093	0.772	0.708	0.834	0.781	0.633	0.745	0.579	0.718	0.620	0.670	0.112	0.093	0.645	0.742	0.654	0.626	0.632	0.621	0.722	0.625	0.816	0.859	0.093	0.164	0.555	0.669	0.850	0.721	0.718	0.611	0.765	0.794	0.608	0.590	0.093	0.094	0.860	0.778	0.744	0.581	0.614	0.778	0.647	0.710	0.692	0.581	0.093	0.093	0.787	0.728	0.707	0.583	0.865	0.639	0.632	0.604	0.562	0.889	0.093	0.094	0.093	0.096	0.095	0.095	0.095	0.095	0.095	0.095	0.095	0.095	0.094
62:01:07	19.9	0.093	0.095	0.093	0.094	0.095	0.097	0.094	0.094	0.338	0.094	0.095	0.094	0.093	0.676	0.816	0.617	0.575	0.758	0.644	0.666	0.713	0.766	0.840	0.093	0.093	0.778	0.709	0.838	0.782	0.637	0.748	0.580	0.720	0.623	0.670	0.117	0.093	0.646	0.747	0.658	0.627	0.638	0.624	0.723	0.628	0.817	0.861	0.093	0.172	0.558	0.673	0.852	0.725	0.720	0.612	0.766	0.798	0.609	0.590	0.093	0.093	0.864	0.778	0.746	0.581	0.617	0.781	0.649	0.710	0.693	0.581	0.094	0.093	0.788	0.733	0.706	0.585	0.867	0.648	0.634	0.605	0.565	0.892	0.093	0.094	0.094	0.095	0.095	0.095	0.095	0.095	0.095	0.095	0.095	0.095	0.094
63:01:08	19.9	0.093	0.094	0.093	0.093	0.095	0.096	0.095	0.093	0.366	0.094	0.094	0.094	0.093	0.677	0.816	0.619	0.575	0.759	0.645	0.668	0.714	0.765	0.842	0.093	0.093	0.777	0.711	0.839	0.781	0.637	0.750	0.581	0.721	0.624	0.672	0.124	0.092	0.646	0.747	0.658	0.628	0.638	0.626	0.722	0.625	0.818	0.864	0.093	0.178	0.560	0.674	0.851	0.725	0.720	0.614	0.770	0.797	0.611	0.588	0.093	0.093	0.868	0.780	0.749	0.584	0.619	0.785	0.649	0.712	0.695	0.583	0.093	0.093	0.788	0.738	0.706	0.587	0.868	0.649	0.635	0.609	0.566	0.896	0.092	0.094	0.093	0.095	0.095	0.095	0.095	0.095	0.095	0.095	0.095	0.094	0.094
64:01:09	19.8	0.093	0.095	0.093	0.094	0.096	0.097	0.095	0.094	0.396	0.094	0.095	0.095	0.093	0.679	0.822	0.622	0.578	0.761	0.645	0.672	0.716	0.766	0.846	0.094	0.093	0.778	0.712	0.842	0.784	0.639	0.752	0.582	0.723	0.625	0.671	0.132	0.093	0.649	0.750	0.662	0.629	0.640	0.629	0.724	0.627	0.820	0.866	0.093	0.188	0.563	0.673	0.853	0.727	0.724	0.618	0.773	0.805	0.614	0.590	0.093	0.094	0.874	0.783	0.751	0.585	0.621	0.785	0.650	0.715	0.696	0.584	0.093	0.093	0.790	0.742	0.709	0.589	0.871	0.650	0.637	0.611	0.567	0.900	0.093	0.094	0.093	0.096	0.095	0.095	0.095	0.096	0.095	0.095	0.096	0.095	0.094
65:01:09	19.8	0.093	0.094	0.093	0.093	0.095	0.096	0.094	0.093	0.418	0.094	0.095	0.094	0.093	0.683	0.814	0.624	0.580	0.763	0.646	0.675	0.719	0.766	0.849	0.093	0.093	0.780	0.715	0.845	0.785	0.641	0.753	0.583	0.725	0.625	0.673	0.141	0.093	0.648	0.752	0.663	0.628	0.640	0.631	0.724	0.627	0.823	0.868	0.093	0.204	0.565	0.676	0.855	0.727	0.725	0.619	0.775	0.820	0.615	0.595	0.093	0.093	0.878	0.786	0.754	0.586	0.624	0.788	0.651	0.716	0.698	0.585	0.093	0.093	0.789	0.747	0.710	0.590	0.874	0.654	0.638	0.612	0.568	0.904	0.093	0.094	0.093	0.096	0.095	0.095	0.095	0.095	0.095	0.095	0.095	0.094	0.094
66:01:11	19.7	0.093	0.094	0.093	0.094	0.095	0.097	0.094	0.093	0.435	0.094	0.095	0.094	0.093	0.685	0.822	0.627	0.581	0.763	0.650	0.676	0.720	0.767	0.852	0.093	0.093	0.781	0.717	0.849	0.786	0.642	0.756	0.585	0.727	0.627	0.675	0.154	0.093	0.650	0.756	0.666	0.629	0.642	0.634	0.726	0.630	0.825	0.870	0.093	0.220	0.568	0.678	0.857	0.729	0.727	0.620	0.779	0.824	0.617	0.726	0.093	0.093	0.883	0.788	0.757	0.589	0.626	0.792	0.651	0.717	0.700	0.586	0.093	0.093	0.790	0.753	0.711	0.592	0.876	0.660	0.639	0.615	0.570	0.907	0.093	0.094	0.093	0.095	0.095	0.095	0.095	0.095	0.095	0.095	0.095	0.094	0.094
67:01:13	19.6	0.093	0.095	0.093	0.093	0.096	0.096	0.094	0.094	0.452	0.094	0.095	0.094	0.093	0.687	0.824	0.630	0.582	0.764	0.652	0.679	0.724	0.767	0.853	0.093	0.093	0.782	0.721	0.852	0.792	0.643	0.759	0.588	0.728	0.627	0.675	0.166	0.093	0.651	0.757	0.671	0.631	0.644	0.637	0.728	0.632	0.828	0.873	0.093	0.238	0.571	0.681	0.859	0.733	0.730	0.622	0.783	0.826	0.620	0.691	0.093	0.093	0.889	0.791	0.761	0.592	0.630	0.795	0.653	0.720	0.702	0.587	0.093	0.093	0.791	0.757	0.713	0.594	0.880	0.658	0.640	0.619	0.572	0.912	0.093	0.094	0.093	0.095	0.095	0.095	0.096	0.096	0.095	0.095	0.096	0.094	0.094
68:01:12	19.5	0.093	0.095	0.093	0.093	0.095	0.096	0.094	0.093	0.466	0.094	0.095	0.094	0.093	0.691	0.828	0.631	0.582	0.766	0.652	0.680	0.727	0.768	0.856	0.093	0.093	0.784	0.723	0.856	0.791	0.644	0.761	0.589	0.731	0.627	0.675	0.174	0.093	0.654	0.758	0.677	0.633	0.646	0.638	0.729	0.634	0.830	0.875	0.093	0.260	0.573	0.685	0.861	0.733	0.731	0.623	0.785	0.827	0.623	0.782	0.093	0.093	0.894	0.794	0.762	0.594	0.628	0.799	0.655	0.721	0.704	0.589	0.093	0.093	0.793	0.761	0.714	0.595	0.884	0.663	0.641	0.620	0.574	0.915	0.092	0.094	0.093	0.095	0.094	0.094	0.096	0.096	0.095	0.095	0.095	0.094	0.094
69:01:14	19.5	0.093	0.095	0.094	0.094	0.096	0.097	0.095	0.094	0.479	0.094	0.095	0.095	0.094	0.692	0.834	0.635	0.584	0.767	0.654	0.683	0.730	0.769	0.858	0.094	0.093	0.786	0.727	0.859	0.794	0.645	0.763	0.592	0.734	0.630	0.676	0.182	0.093	0.655	0.763	0.679	0.632	0.647	0.641	0.731	0.640	0.834	0.878	0.094	0.283	0.577	0.684	0.866	0.736	0.734	0.626	0.789	0.831	0.625	0.657	0.094	0.094	0.899	0.797	0.768	0.597	0.631	0.802	0.655	0.723	0.706	0.591	0.094	0.094	0.792	0.765	0.715	0.598	0.888	0.667	0.644	0.621	0.576	0.919	0.093	0.094	0.094	0.096	0.095	0.095	0.096	0.096	0.096	0.096	0.096	0.095	0.094
70:01:14	19.6	0.093	0.095	0.093	0.093	0.095	0.096	0.094	0.093	0.488	0.094	0.094	0.094	0.093	0.693	0.842	0.637	0.585	0.769	0.654	0.683	0.732	0.769	0.861	0.093	0.093	0.788	0.729	0.860	0.795	0.646	0.766	0.593	0.735	0.633	0.675	0.191	0.093	0.657	0.768	0.679	0.633	0.649	0.642	0.732	0.637	0.837	0.880	0.093	0.308	0.576	0.687	0.869	0.739	0.736	0.629	0.793	0.832	0.627	0.610	0.093	0.093	0.903	0.799	0.772	0.597	0.630	0.806	0.654	0.724	0.709	0.592	0.093	0.093	0.791	0.772	0.716	0.600	0.891	0.661	0.646	0.624	0.578	0.923	0.092	0.094	0.093	0.095	0.095	0.095	0.096	0.096	0.095	0.095	0.095	0.094	0.094
71:01:18	19.7	0.093	0.095	0.093	0.093	0.096	0.096	0.095	0.094	0.508	0.094	0.094	0.094	0.093	0.694	0.837	0.638	0.587	0.769	0.657	0.687	0.736	0.772	0.863	0.093	0.093	0.790	0.732	0.862	0.798	0.646	0.769	0.593	0.737	0.633	0.676	0.202	0.093	0.656	0.768	0.682	0.634	0.649	0.644	0.734	0.649	0.841	0.883	0.093	0.338	0.581	0.687	0.873	0.741	0.741	0.631	0.794	0.835	0.628	0.615	0.093	0.093	0.910	0.800	0.777	0.601	0.632	0.810	0.656	0.727	0.711	0.594	0.093	0.093	0.792	0.775	0.717	0.601	0.894	0.669	0.648	0.628	0.580	0.927	0.093	0.094	0.093	0.095	0.095	0.095	0.095	0.096	0.095	0.095	0.096	0.094	0.094
72:01:21	19.7	0.093	0.094	0.093	0.093	0.095	0.096	0.094	0.093	0.521	0.093	0.094	0.094	0.093	0.693	0.836	0.639	0.586	0.769	0.658	0.687	0.738	0.773	0.864	0.093	0.093	0.791	0.733	0.864	0.799	0.647	0.771	0.594	0.738	0.634	0.675	0.222	0.092	0.656	0.771	0.684	0.633	0.650	0.646	0.735	0.647	0.844	0.885	0.093	0.377	0.586	0.688	0.876	0.743	0.742	0.633	0.796	0.838	0.631	0.615	0.093	0.093	0.912	0.803	0.779	0.602	0.633	0.809	0.656	0.729	0.713	0.594	0.093	0.093	0.791	0.782	0.718	0.603	0.897	0.667	0.649	0.628	0.579	0.932	0.092	0.094	0.093	0.095	0.095	0.094	0.096	0.096	0.095	0.095	0.095	0.094	0.094

