Time	T° 600	A1	A2	A3	A4	A5	A6	A7	A8	A9	A10	A11	A12	B1	B2	B3	B4	B5	B6	B7	B8	B9	B10	B11	B12	C1	C2	C3	C4	C5	C6	C7	C8	C9	C10	C11	C12	D1	D2	D3	D4	D5	D6	D7	D8	D9	D10	D11	D12	E1	E2	E3	E4	E5	E6	E7	E8	E9	E10	E11	E12	F1	F2	F3	F4	F5	F6	F7	F8	F9	F10	F11	F12	G1	G2	G3	G4	G5	G6	G7	G8	G9	G10	G11	G12	H1	H2	H3	H4	H5	H6	H7	H8	H9	H10	H11	H12
0:00:06	20.0	0.090	0.092	0.093	0.091	0.092	0.093	0.091	0.090	0.090	0.091	0.092	0.091	0.089	0.094	0.095	0.093	0.096	0.099	0.096	0.097	0.097	0.097	0.097	0.090	0.090	0.094	0.096	0.095	0.095	0.097	0.095	0.096	0.096	0.096	0.097	0.090	0.090	0.094	0.093	0.096	0.092	0.094	0.094	0.095	0.094	0.097	0.096	0.090	0.090	0.093	0.096	0.097	0.097	0.094	0.095	0.092	0.094	0.095	0.095	0.090	0.090	0.096	0.099	0.095	0.096	0.095	0.096	0.095	0.095	0.095	0.094	0.089	0.090	0.098	0.097	0.097	0.096	0.095	0.097	0.095	0.095	0.094	0.095	0.089	0.090	0.091	0.092	0.091	0.091	0.091	0.091	0.092	0.093	0.092	0.094	0.090
1:00:04	19.8	0.090	0.092	0.093	0.092	0.092	0.093	0.091	0.091	0.090	0.091	0.092	0.091	0.089	0.095	0.096	0.095	0.097	0.102	0.096	0.097	0.099	0.099	0.098	0.090	0.090	0.095	0.097	0.096	0.096	0.099	0.097	0.098	0.098	0.099	0.099	0.090	0.090	0.094	0.094	0.097	0.093	0.096	0.095	0.096	0.096	0.098	0.098	0.091	0.090	0.094	0.097	0.098	0.098	0.095	0.097	0.093	0.097	0.096	0.097	0.090	0.090	0.098	0.098	0.097	0.098	0.097	0.097	0.097	0.096	0.097	0.096	0.090	0.091	0.095	0.105	0.097	0.097	0.096	0.099	0.096	0.096	0.096	0.096	0.090	0.091	0.091	0.092	0.091	0.092	0.092	0.091	0.092	0.093	0.092	0.095	0.091
2:00:05	19.8	0.090	0.091	0.093	0.092	0.092	0.093	0.091	0.091	0.090	0.091	0.092	0.091	0.089	0.096	0.097	0.095	0.097	0.103	0.097	0.098	0.100	0.099	0.099	0.090	0.090	0.096	0.097	0.097	0.098	0.100	0.098	0.099	0.099	0.100	0.099	0.090	0.090	0.094	0.094	0.098	0.093	0.098	0.095	0.096	0.096	0.099	0.098	0.091	0.090	0.094	0.097	0.099	0.099	0.095	0.098	0.093	0.097	0.097	0.098	0.090	0.090	0.099	0.098	0.097	0.098	0.098	0.098	0.098	0.097	0.098	0.097	0.090	0.091	0.095	0.099	0.098	0.097	0.097	0.100	0.096	0.097	0.096	0.096	0.090	0.091	0.091	0.092	0.092	0.092	0.092	0.092	0.093	0.092	0.092	0.094	0.091
3:00:07	19.6	0.090	0.091	0.093	0.092	0.092	0.092	0.091	0.091	0.090	0.091	0.092	0.091	0.089	0.096	0.098	0.095	0.097	0.105	0.097	0.099	0.101	0.099	0.100	0.090	0.090	0.096	0.097	0.098	0.099	0.102	0.099	0.101	0.100	0.100	0.099	0.090	0.090	0.094	0.094	0.099	0.094	0.099	0.095	0.096	0.096	0.099	0.099	0.090	0.090	0.094	0.097	0.100	0.100	0.095	0.099	0.093	0.097	0.097	0.098	0.090	0.090	0.099	0.098	0.099	0.099	0.099	0.099	0.099	0.097	0.098	0.098	0.089	0.091	0.095	0.100	0.098	0.098	0.097	0.102	0.096	0.098	0.096	0.096	0.090	0.091	0.091	0.092	0.091	0.091	0.092	0.091	0.092	0.093	0.091	0.094	0.090
4:00:07	19.3	0.090	0.091	0.093	0.091	0.092	0.093	0.091	0.091	0.090	0.091	0.092	0.091	0.089	0.096	0.099	0.095	0.098	0.106	0.099	0.100	0.102	0.099	0.101	0.090	0.090	0.097	0.098	0.100	0.100	0.103	0.100	0.101	0.100	0.101	0.100	0.090	0.090	0.095	0.095	0.100	0.094	0.100	0.096	0.097	0.096	0.100	0.099	0.090	0.090	0.095	0.098	0.100	0.101	0.096	0.099	0.094	0.098	0.098	0.099	0.090	0.090	0.100	0.099	0.100	0.100	0.101	0.100	0.101	0.098	0.098	0.099	0.089	0.091	0.095	0.102	0.098	0.098	0.098	0.104	0.096	0.098	0.096	0.097	0.090	0.091	0.091	0.092	0.091	0.091	0.092	0.091	0.092	0.093	0.091	0.095	0.091
5:00:08	19.2	0.090	0.091	0.093	0.092	0.092	0.092	0.091	0.091	0.090	0.091	0.092	0.091	0.089	0.097	0.102	0.096	0.099	0.109	0.100	0.102	0.103	0.100	0.101	0.090	0.090	0.098	0.099	0.101	0.102	0.106	0.101	0.102	0.102	0.103	0.101	0.090	0.090	0.096	0.096	0.101	0.095	0.102	0.096	0.098	0.097	0.102	0.100	0.091	0.090	0.096	0.099	0.101	0.102	0.097	0.101	0.095	0.099	0.099	0.100	0.090	0.090	0.101	0.100	0.100	0.102	0.102	0.102	0.102	0.099	0.099	0.100	0.090	0.091	0.096	0.103	0.099	0.099	0.099	0.106	0.097	0.099	0.097	0.098	0.090	0.091	0.091	0.092	0.091	0.092	0.092	0.092	0.092	0.093	0.092	0.094	0.091
6:00:08	19.2	0.091	0.091	0.093	0.091	0.092	0.093	0.092	0.091	0.090	0.091	0.092	0.091	0.089	0.099	0.105	0.098	0.100	0.110	0.102	0.105	0.105	0.102	0.103	0.090	0.090	0.100	0.100	0.105	0.105	0.108	0.103	0.105	0.104	0.105	0.103	0.091	0.090	0.097	0.097	0.103	0.096	0.104	0.098	0.099	0.099	0.103	0.102	0.091	0.090	0.097	0.102	0.103	0.104	0.098	0.103	0.096	0.101	0.101	0.102	0.090	0.090	0.102	0.101	0.101	0.103	0.105	0.103	0.105	0.101	0.101	0.102	0.090	0.091	0.098	0.106	0.101	0.100	0.100	0.109	0.099	0.101	0.099	0.099	0.090	0.091	0.091	0.092	0.092	0.092	0.092	0.092	0.092	0.094	0.092	0.094	0.091
7:00:09	19.2	0.091	0.091	0.093	0.091	0.092	0.092	0.092	0.091	0.090	0.091	0.092	0.091	0.090	0.101	0.107	0.100	0.102	0.114	0.107	0.108	0.108	0.104	0.106	0.090	0.091	0.102	0.103	0.107	0.108	0.111	0.107	0.108	0.108	0.108	0.105	0.091	0.090	0.099	0.099	0.105	0.098	0.108	0.100	0.102	0.101	0.106	0.105	0.091	0.090	0.099	0.104	0.105	0.107	0.100	0.106	0.098	0.104	0.103	0.105	0.090	0.090	0.104	0.104	0.102	0.106	0.109	0.106	0.108	0.103	0.103	0.105	0.090	0.091	0.100	0.109	0.103	0.102	0.102	0.112	0.101	0.103	0.100	0.101	0.090	0.091	0.091	0.092	0.091	0.092	0.092	0.092	0.093	0.094	0.093	0.095	0.091
8:00:11	19.2	0.091	0.091	0.093	0.091	0.093	0.092	0.092	0.091	0.091	0.091	0.092	0.091	0.089	0.105	0.112	0.104	0.106	0.118	0.110	0.112	0.112	0.107	0.111	0.091	0.090	0.105	0.106	0.111	0.112	0.115	0.110	0.111	0.111	0.112	0.109	0.091	0.090	0.102	0.102	0.109	0.102	0.111	0.103	0.105	0.104	0.109	0.109	0.091	0.090	0.102	0.108	0.109	0.112	0.103	0.110	0.101	0.108	0.106	0.109	0.090	0.090	0.108	0.107	0.106	0.110	0.113	0.110	0.113	0.107	0.107	0.109	0.090	0.091	0.103	0.112	0.106	0.106	0.106	0.116	0.104	0.107	0.104	0.104	0.090	0.091	0.091	0.092	0.092	0.092	0.092	0.092	0.093	0.094	0.093	0.094	0.091
9:00:12	19.2	0.091	0.092	0.093	0.092	0.093	0.091	0.092	0.091	0.091	0.092	0.092	0.091	0.090	0.111	0.120	0.110	0.112	0.124	0.115	0.117	0.118	0.112	0.117	0.091	0.090	0.110	0.112	0.119	0.119	0.121	0.117	0.119	0.117	0.119	0.116	0.091	0.090	0.108	0.108	0.115	0.107	0.117	0.110	0.111	0.109	0.114	0.115	0.091	0.090	0.107	0.115	0.115	0.119	0.109	0.117	0.107	0.114	0.112	0.115	0.090	0.090	0.115	0.114	0.112	0.116	0.119	0.116	0.120	0.112	0.113	0.115	0.090	0.091	0.108	0.118	0.111	0.111	0.112	0.122	0.109	0.112	0.109	0.109	0.090	0.091	0.091	0.092	0.092	0.092	0.092	0.092	0.093	0.094	0.093	0.095	0.091
10:00:12	19.2	0.091	0.091	0.093	0.092	0.093	0.091	0.092	0.091	0.091	0.091	0.092	0.091	0.089	0.120	0.131	0.119	0.121	0.133	0.126	0.127	0.129	0.121	0.129	0.091	0.090	0.119	0.122	0.131	0.128	0.131	0.127	0.130	0.127	0.130	0.126	0.091	0.090	0.117	0.116	0.125	0.116	0.126	0.118	0.120	0.117	0.123	0.125	0.091	0.090	0.114	0.125	0.124	0.127	0.117	0.127	0.114	0.123	0.121	0.125	0.090	0.090	0.125	0.123	0.121	0.126	0.129	0.125	0.128	0.120	0.123	0.124	0.090	0.099	0.115	0.127	0.120	0.119	0.120	0.131	0.117	0.122	0.117	0.118	0.090	0.091	0.091	0.092	0.092	0.092	0.092	0.091	0.093	0.092	0.092	0.095	0.091
11:00:13	19.2	0.090	0.091	0.093	0.092	0.093	0.092	0.092	0.091	0.090	0.091	0.092	0.091	0.089	0.133	0.143	0.133	0.135	0.146	0.140	0.141	0.142	0.135	0.141	0.090	0.090	0.130	0.133	0.142	0.140	0.143	0.138	0.141	0.139	0.141	0.138	0.091	0.090	0.128	0.129	0.137	0.129	0.137	0.132	0.133	0.130	0.133	0.136	0.091	0.090	0.126	0.136	0.136	0.138	0.130	0.138	0.127	0.133	0.132	0.135	0.090	0.090	0.135	0.134	0.132	0.137	0.137	0.136	0.138	0.130	0.133	0.135	0.090	0.097	0.128	0.138	0.133	0.131	0.132	0.142	0.129	0.133	0.130	0.130	0.090	0.091	0.091	0.092	0.092	0.092	0.092	0.092	0.093	0.093	0.092	0.095	0.091
12:00:15	19.2	0.091	0.091	0.094	0.092	0.093	0.091	0.092	0.091	0.090	0.091	0.092	0.091	0.090	0.144	0.154	0.144	0.148	0.156	0.152	0.154	0.154	0.149	0.155	0.091	0.090	0.140	0.143	0.151	0.151	0.153	0.148	0.155	0.151	0.153	0.150	0.091	0.090	0.141	0.140	0.147	0.141	0.147	0.143	0.144	0.142	0.143	0.148	0.091	0.090	0.138	0.146	0.146	0.148	0.141	0.149	0.139	0.144	0.142	0.147	0.090	0.090	0.147	0.144	0.141	0.146	0.147	0.145	0.148	0.141	0.144	0.147	0.090	0.096	0.140	0.149	0.145	0.143	0.143	0.151	0.141	0.146	0.143	0.144	0.090	0.091	0.091	0.092	0.092	0.092	0.092	0.092	0.093	0.093	0.092	0.095	0.091
13:00:15	19.2	0.091	0.092	0.093	0.091	0.094	0.092	0.092	0.091	0.091	0.092	0.093	0.091	0.090	0.157	0.167	0.157	0.160	0.170	0.164	0.165	0.167	0.162	0.170	0.091	0.090	0.153	0.154	0.165	0.163	0.165	0.160	0.165	0.164	0.166	0.163	0.091	0.090	0.153	0.153	0.159	0.154	0.158	0.156	0.157	0.154	0.155	0.162	0.091	0.090	0.150	0.159	0.158	0.161	0.153	0.163	0.151	0.156	0.155	0.162	0.090	0.090	0.159	0.159	0.154	0.157	0.159	0.157	0.160	0.153	0.157	0.160	0.090	0.096	0.152	0.162	0.157	0.154	0.156	0.163	0.154	0.161	0.158	0.159	0.090	0.091	0.092	0.092	0.092	0.092	0.092	0.092	0.093	0.094	0.092	0.095	0.091
14:00:16	19.2	0.091	0.091	0.093	0.092	0.093	0.095	0.092	0.091	0.091	0.091	0.092	0.091	0.089	0.171	0.185	0.172	0.175	0.187	0.181	0.180	0.182	0.176	0.188	0.090	0.090	0.168	0.167	0.182	0.180	0.179	0.176	0.180	0.176	0.183	0.178	0.091	0.090	0.168	0.167	0.174	0.168	0.173	0.171	0.173	0.169	0.169	0.177	0.091	0.090	0.164	0.176	0.173	0.177	0.168	0.179	0.166	0.172	0.170	0.177	0.090	0.090	0.174	0.173	0.168	0.172	0.175	0.173	0.178	0.168	0.172	0.175	0.090	0.095	0.166	0.177	0.172	0.168	0.171	0.178	0.169	0.175	0.174	0.174	0.090	0.091	0.092	0.092	0.092	0.092	0.092	0.092	0.092	0.093	0.092	0.095	0.091
15:00:18	19.1	0.091	0.092	0.094	0.092	0.094	0.094	0.092	0.091	0.091	0.092	0.093	0.091	0.090	0.188	0.207	0.190	0.193	0.210	0.200	0.199	0.205	0.194	0.210	0.091	0.091	0.184	0.183	0.203	0.203	0.198	0.195	0.200	0.195	0.205	0.198	0.091	0.090	0.188	0.185	0.192	0.185	0.192	0.190	0.193	0.186	0.187	0.195	0.091	0.090	0.180	0.197	0.191	0.198	0.184	0.201	0.184	0.192	0.189	0.195	0.090	0.091	0.194	0.190	0.186	0.190	0.195	0.191	0.199	0.185	0.191	0.194	0.090	0.096	0.182	0.196	0.191	0.185	0.188	0.198	0.187	0.195	0.193	0.191	0.090	0.092	0.091	0.093	0.092	0.092	0.092	0.092	0.093	0.093	0.092	0.095	0.091
16:00:17	19.1	0.091	0.091	0.093	0.092	0.094	0.093	0.092	0.091	0.090	0.091	0.092	0.091	0.090	0.209	0.237	0.212	0.216	0.241	0.228	0.223	0.236	0.217	0.241	0.090	0.090	0.208	0.204	0.233	0.231	0.224	0.221	0.225	0.218	0.234	0.224	0.091	0.090	0.210	0.204	0.215	0.205	0.217	0.211	0.217	0.206	0.209	0.219	0.091	0.090	0.199	0.226	0.214	0.226	0.205	0.230	0.205	0.219	0.212	0.218	0.090	0.090	0.219	0.212	0.209	0.212	0.222	0.213	0.225	0.206	0.214	0.217	0.090	0.096	0.201	0.220	0.215	0.205	0.210	0.222	0.208	0.218	0.214	0.213	0.090	0.091	0.091	0.092	0.092	0.091	0.092	0.092	0.092	0.092	0.092	0.095	0.091
17:00:18	19.1	0.091	0.091	0.093	0.092	0.094	0.091	0.092	0.091	0.091	0.091	0.092	0.091	0.089	0.244	0.284	0.250	0.253	0.292	0.273	0.261	0.283	0.252	0.290	0.090	0.090	0.245	0.236	0.280	0.277	0.264	0.263	0.264	0.254	0.282	0.262	0.091	0.090	0.245	0.237	0.251	0.236	0.255	0.247	0.255	0.237	0.242	0.256	0.091	0.090	0.229	0.269	0.250	0.270	0.236	0.274	0.237	0.259	0.247	0.252	0.090	0.090	0.259	0.246	0.242	0.248	0.265	0.247	0.266	0.237	0.247	0.253	0.090	0.095	0.229	0.254	0.251	0.235	0.242	0.258	0.240	0.255	0.244	0.245	0.090	0.091	0.091	0.092	0.092	0.091	0.092	0.091	0.092	0.092	0.092	0.095	0.091
18:00:19	19.1	0.091	0.091	0.094	0.092	0.094	0.094	0.092	0.091	0.091	0.091	0.093	0.091	0.089	0.293	0.345	0.301	0.305	0.358	0.329	0.314	0.344	0.308	0.355	0.090	0.090	0.298	0.282	0.342	0.339	0.320	0.321	0.320	0.307	0.346	0.316	0.091	0.090	0.298	0.282	0.304	0.283	0.309	0.297	0.309	0.284	0.288	0.308	0.091	0.090	0.274	0.328	0.299	0.328	0.285	0.332	0.284	0.313	0.298	0.303	0.090	0.090	0.315	0.293	0.292	0.300	0.322	0.295	0.323	0.285	0.296	0.302	0.090	0.095	0.271	0.304	0.307	0.281	0.290	0.312	0.286	0.308	0.289	0.292	0.090	0.091	0.092	0.092	0.092	0.092	0.092	0.092	0.093	0.093	0.092	0.095	0.091
19:00:20	19.1	0.091	0.092	0.093	0.092	0.094	0.093	0.092	0.091	0.091	0.092	0.093	0.091	0.090	0.353	0.415	0.363	0.365	0.431	0.392	0.377	0.414	0.378	0.426	0.091	0.091	0.363	0.338	0.409	0.407	0.383	0.383	0.380	0.369	0.416	0.379	0.091	0.091	0.364	0.341	0.365	0.343	0.373	0.356	0.375	0.341	0.345	0.368	0.091	0.090	0.333	0.398	0.360	0.396	0.346	0.397	0.344	0.379	0.361	0.364	0.090	0.090	0.382	0.352	0.352	0.361	0.389	0.353	0.391	0.344	0.357	0.364	0.090	0.094	0.327	0.363	0.373	0.342	0.350	0.373	0.347	0.370	0.348	0.350	0.090	0.091	0.091	0.092	0.092	0.092	0.092	0.092	0.093	0.093	0.092	0.095	0.091
20:00:21	19.2	0.091	0.092	0.093	0.092	0.094	0.091	0.092	0.091	0.091	0.092	0.093	0.091	0.090	0.413	0.491	0.423	0.434	0.508	0.459	0.441	0.483	0.445	0.500	0.091	0.091	0.425	0.396	0.480	0.479	0.452	0.448	0.446	0.442	0.490	0.446	0.091	0.090	0.437	0.404	0.432	0.408	0.440	0.422	0.446	0.406	0.406	0.433	0.091	0.090	0.394	0.470	0.428	0.466	0.406	0.466	0.408	0.449	0.425	0.424	0.090	0.091	0.451	0.417	0.414	0.426	0.461	0.417	0.460	0.410	0.422	0.431	0.090	0.095	0.386	0.427	0.442	0.402	0.413	0.439	0.416	0.440	0.414	0.417	0.090	0.091	0.092	0.092	0.092	0.092	0.092	0.092	0.093	0.093	0.092	0.095	0.091
21:00:22	19.2	0.091	0.092	0.094	0.092	0.093	0.091	0.092	0.091	0.091	0.092	0.093	0.092	0.090	0.475	0.563	0.489	0.501	0.577	0.518	0.513	0.554	0.505	0.570	0.091	0.091	0.488	0.462	0.546	0.548	0.516	0.511	0.513	0.512	0.559	0.510	0.091	0.090	0.505	0.472	0.496	0.474	0.503	0.487	0.516	0.476	0.470	0.494	0.091	0.090	0.458	0.544	0.493	0.535	0.478	0.538	0.479	0.518	0.492	0.488	0.090	0.091	0.522	0.483	0.479	0.487	0.529	0.480	0.527	0.473	0.486	0.496	0.090	0.095	0.448	0.497	0.513	0.467	0.482	0.505	0.478	0.507	0.477	0.490	0.090	0.091	0.092	0.093	0.092	0.092	0.092	0.092	0.093	0.093	0.092	0.095	0.091
22:00:23	19.2	0.091	0.092	0.094	0.091	0.093	0.091	0.092	0.091	0.091	0.092	0.093	0.092	0.090	0.543	0.631	0.547	0.567	0.643	0.584	0.579	0.625	0.576	0.646	0.091	0.091	0.547	0.527	0.618	0.620	0.576	0.574	0.577	0.577	0.628	0.577	0.091	0.090	0.569	0.532	0.561	0.534	0.566	0.544	0.586	0.539	0.539	0.560	0.091	0.090	0.521	0.613	0.556	0.599	0.538	0.616	0.546	0.591	0.555	0.552	0.090	0.091	0.600	0.544	0.541	0.553	0.598	0.542	0.602	0.532	0.555	0.563	0.090	0.094	0.520	0.562	0.579	0.528	0.546	0.562	0.546	0.571	0.543	0.546	0.090	0.091	0.092	0.092	0.092	0.092	0.092	0.092	0.093	0.093	0.093	0.095	0.091
23:00:26	19.2	0.091	0.092	0.094	0.091	0.092	0.091	0.092	0.091	0.091	0.092	0.092	0.091	0.090	0.604	0.697	0.610	0.628	0.706	0.644	0.638	0.692	0.637	0.709	0.091	0.091	0.601	0.590	0.683	0.690	0.638	0.637	0.640	0.643	0.695	0.641	0.091	0.090	0.635	0.589	0.623	0.591	0.623	0.605	0.651	0.599	0.595	0.623	0.091	0.090	0.586	0.675	0.619	0.665	0.602	0.684	0.606	0.655	0.615	0.615	0.090	0.091	0.665	0.607	0.603	0.616	0.663	0.600	0.669	0.599	0.620	0.624	0.090	0.094	0.583	0.625	0.643	0.588	0.605	0.627	0.598	0.629	0.606	0.607	0.090	0.091	0.092	0.092	0.092	0.092	0.092	0.092	0.093	0.094	0.092	0.095	0.091
24:00:25	19.1	0.091	0.092	0.093	0.091	0.092	0.091	0.092	0.091	0.091	0.091	0.093	0.091	0.090	0.658	0.760	0.673	0.676	0.767	0.702	0.694	0.751	0.691	0.772	0.091	0.090	0.651	0.640	0.746	0.750	0.693	0.686	0.691	0.695	0.756	0.702	0.091	0.090	0.700	0.643	0.675	0.646	0.676	0.666	0.715	0.658	0.650	0.679	0.091	0.090	0.631	0.737	0.675	0.726	0.662	0.738	0.661	0.720	0.672	0.674	0.090	0.090	0.725	0.663	0.650	0.661	0.722	0.654	0.730	0.657	0.674	0.686	0.090	0.094	0.639	0.682	0.703	0.641	0.662	0.682	0.656	0.688	0.671	0.666	0.090	0.091	0.091	0.092	0.092	0.092	0.092	0.092	0.093	0.093	0.092	0.095	0.091
25:00:26	18.9	0.091	0.092	0.093	0.092	0.093	0.092	0.092	0.091	0.091	0.092	0.092	0.092	0.090	0.709	0.806	0.721	0.725	0.817	0.746	0.748	0.808	0.741	0.825	0.091	0.091	0.702	0.696	0.798	0.804	0.745	0.736	0.743	0.742	0.808	0.750	0.091	0.091	0.755	0.694	0.728	0.697	0.725	0.714	0.775	0.711	0.705	0.729	0.091	0.090	0.687	0.791	0.722	0.781	0.713	0.793	0.715	0.772	0.723	0.727	0.090	0.090	0.778	0.711	0.697	0.712	0.770	0.705	0.784	0.709	0.728	0.736	0.090	0.095	0.693	0.723	0.758	0.697	0.709	0.732	0.710	0.740	0.720	0.721	0.090	0.091	0.092	0.092	0.092	0.092	0.092	0.092	0.093	0.094	0.093	0.095	0.091
26:00:26	18.8	0.091	0.091	0.094	0.091	0.092	0.094	0.092	0.091	0.091	0.091	0.092	0.091	0.090	0.750	0.855	0.764	0.773	0.864	0.791	0.788	0.855	0.787	0.869	0.091	0.091	0.749	0.737	0.843	0.853	0.790	0.779	0.782	0.789	0.854	0.791	0.091	0.090	0.809	0.745	0.767	0.743	0.765	0.764	0.826	0.751	0.742	0.775	0.091	0.090	0.739	0.836	0.758	0.830	0.763	0.844	0.767	0.821	0.769	0.776	0.090	0.090	0.823	0.751	0.742	0.752	0.815	0.750	0.831	0.753	0.774	0.780	0.090	0.095	0.739	0.763	0.803	0.737	0.761	0.776	0.758	0.784	0.768	0.761	0.090	0.091	0.092	0.092	0.092	0.092	0.092	0.092	0.093	0.094	0.093	0.095	0.091
27:00:28	18.8	0.091	0.092	0.094	0.091	0.092	0.094	0.092	0.091	0.091	0.092	0.092	0.092	0.090	0.788	0.895	0.810	0.817	0.904	0.836	0.827	0.898	0.829	0.908	0.091	0.091	0.792	0.784	0.887	0.899	0.836	0.825	0.821	0.832	0.899	0.836	0.091	0.090	0.855	0.788	0.807	0.789	0.807	0.810	0.874	0.797	0.783	0.818	0.091	0.090	0.786	0.881	0.792	0.875	0.801	0.883	0.808	0.865	0.812	0.814	0.090	0.090	0.868	0.791	0.779	0.787	0.858	0.792	0.876	0.797	0.819	0.817	0.090	0.093	0.785	0.804	0.854	0.777	0.797	0.814	0.797	0.823	0.808	0.806	0.090	0.091	0.092	0.092	0.092	0.092	0.092	0.092	0.093	0.093	0.092	0.095	0.091
28:00:29	18.9	0.091	0.092	0.094	0.092	0.093	0.093	0.092	0.091	0.091	0.091	0.092	0.092	0.090	0.830	0.931	0.849	0.859	0.942	0.870	0.866	0.935	0.868	0.944	0.091	0.091	0.832	0.826	0.925	0.942	0.878	0.861	0.856	0.872	0.934	0.874	0.091	0.090	0.898	0.834	0.850	0.830	0.848	0.851	0.915	0.840	0.827	0.861	0.091	0.090	0.828	0.922	0.829	0.915	0.845	0.926	0.852	0.904	0.854	0.853	0.090	0.091	0.911	0.834	0.825	0.828	0.898	0.836	0.918	0.840	0.861	0.859	0.090	0.095	0.829	0.842	0.896	0.825	0.835	0.854	0.841	0.865	0.847	0.849	0.090	0.091	0.092	0.092	0.092	0.092	0.092	0.092	0.093	0.093	0.092	0.095	0.091
29:00:29	19.0	0.091	0.092	0.094	0.091	0.093	0.091	0.092	0.091	0.091	0.091	0.092	0.091	0.090	0.870	0.962	0.883	0.891	0.971	0.898	0.897	0.966	0.897	0.979	0.091	0.091	0.867	0.861	0.958	0.976	0.911	0.891	0.884	0.901	0.968	0.907	0.091	0.090	0.935	0.870	0.883	0.865	0.882	0.884	0.949	0.877	0.864	0.893	0.091	0.090	0.867	0.959	0.866	0.950	0.886	0.961	0.887	0.938	0.892	0.888	0.090	0.090	0.951	0.872	0.861	0.859	0.935	0.870	0.951	0.877	0.898	0.892	0.090	0.095	0.873	0.876	0.933	0.867	0.868	0.884	0.876	0.897	0.881	0.883	0.090	0.091	0.092	0.092	0.092	0.092	0.092	0.092	0.093	0.093	0.092	0.095	0.091
30:00:30	19.0	0.091	0.092	0.094	0.092	0.096	0.091	0.092	0.091	0.091	0.092	0.093	0.091	0.090	0.902	0.982	0.911	0.919	0.992	0.918	0.922	0.991	0.923	1.001	0.091	0.091	0.897	0.887	0.977	1.002	0.936	0.916	0.906	0.927	0.992	0.933	0.091	0.091	0.966	0.898	0.910	0.894	0.911	0.914	0.975	0.908	0.892	0.918	0.091	0.090	0.902	0.985	0.893	0.974	0.916	0.979	0.914	0.963	0.920	0.916	0.090	0.091	0.984	0.901	0.884	0.889	0.957	0.898	0.978	0.908	0.926	0.923	0.090	0.094	0.907	0.904	0.961	0.899	0.894	0.909	0.906	0.926	0.914	0.910	0.090	0.091	0.092	0.092	0.092	0.092	0.093	0.092	0.093	0.093	0.092	0.095	0.091
31:00:32	19.0	0.091	0.092	0.094	0.092	0.094	0.092	0.092	0.091	0.091	0.092	0.092	0.092	0.090	0.926	1.000	0.934	0.941	1.007	0.934	0.942	1.004	0.943	1.020	0.091	0.090	0.920	0.913	0.992	1.020	0.957	0.933	0.924	0.947	1.007	0.954	0.091	0.090	0.985	0.922	0.932	0.915	0.934	0.934	0.993	0.930	0.913	0.938	0.091	0.090	0.929	1.003	0.915	0.991	0.938	0.996	0.940	0.979	0.942	0.935	0.090	0.090	1.004	0.921	0.904	0.909	0.974	0.920	0.998	0.932	0.951	0.945	0.090	0.094	0.937	0.926	0.980	0.927	0.919	0.934	0.928	0.946	0.939	0.935	0.090	0.092	0.092	0.092	0.092	0.092	0.092	0.092	0.093	0.093	0.092	0.095	0.091
32:00:32	19.1	0.091	0.092	0.094	0.092	0.095	0.093	0.092	0.091	0.091	0.092	0.093	0.092	0.090	0.941	1.012	0.949	0.952	1.017	0.946	0.958	1.016	0.960	1.033	0.091	0.091	0.935	0.930	1.008	1.034	0.971	0.948	0.935	0.962	1.018	0.969	0.091	0.090	1.001	0.939	0.949	0.932	0.950	0.951	1.008	0.950	0.930	0.952	0.091	0.090	0.950	1.015	0.931	1.004	0.955	1.010	0.960	0.994	0.959	0.951	0.090	0.090	1.019	0.938	0.921	0.925	0.991	0.940	1.009	0.950	0.967	0.964	0.090	0.094	0.960	0.943	0.995	0.947	0.934	0.949	0.945	0.963	0.962	0.954	0.090	0.091	0.092	0.092	0.092	0.092	0.093	0.092	0.093	0.093	0.092	0.095	0.091
33:00:33	19.1	0.091	0.092	0.094	0.092	0.094	0.094	0.092	0.091	0.091	0.092	0.092	0.091	0.090	0.954	1.023	0.961	0.962	1.028	0.960	0.969	1.027	0.972	1.044	0.091	0.091	0.947	0.945	1.023	1.045	0.983	0.962	0.944	0.975	1.030	0.979	0.091	0.091	1.012	0.951	0.967	0.944	0.965	0.961	1.021	0.961	0.943	0.967	0.091	0.090	0.962	1.025	0.945	1.015	0.968	1.024	0.972	1.008	0.974	0.966	0.090	0.091	1.031	0.954	0.935	0.935	1.006	0.954	1.020	0.965	0.980	0.977	0.090	0.095	0.976	0.957	1.009	0.961	0.947	0.961	0.958	0.979	0.976	0.964	0.090	0.091	0.092	0.093	0.092	0.092	0.092	0.092	0.093	0.093	0.092	0.095	0.091
34:00:34	19.1	0.091	0.092	0.094	0.091	0.093	0.093	0.092	0.091	0.091	0.091	0.092	0.091	0.090	0.966	1.033	0.969	0.970	1.037	0.968	0.978	1.036	0.979	1.055	0.091	0.091	0.960	0.957	1.030	1.053	0.994	0.971	0.951	0.984	1.038	0.990	0.091	0.090	1.021	0.961	0.975	0.954	0.975	0.968	1.029	0.972	0.957	0.979	0.091	0.090	0.972	1.035	0.957	1.028	0.980	1.034	0.983	1.020	0.988	0.976	0.090	0.090	1.039	0.964	0.947	0.948	1.020	0.968	1.031	0.977	0.993	0.989	0.090	0.094	0.987	0.966	1.021	0.971	0.960	0.973	0.968	0.989	0.988	0.976	0.090	0.091	0.092	0.092	0.092	0.092	0.092	0.092	0.093	0.093	0.092	0.095	0.091
35:00:34	19.1	0.091	0.092	0.094	0.091	0.092	0.091	0.092	0.091	0.090	0.092	0.092	0.092	0.089	0.976	1.043	0.977	0.978	1.043	0.974	0.986	1.043	0.989	1.064	0.091	0.090	0.968	0.970	1.040	1.062	1.001	0.979	0.956	0.991	1.047	0.996	0.091	0.090	1.030	0.968	0.985	0.962	0.984	0.976	1.039	0.980	0.968	0.987	0.091	0.090	0.981	1.044	0.967	1.040	0.990	1.046	0.990	1.029	0.995	0.984	0.090	0.091	1.047	0.975	0.959	0.958	1.031	0.980	1.042	0.987	1.003	0.995	0.090	0.096	0.999	0.980	1.031	0.982	0.971	0.984	0.975	0.995	0.997	0.984	0.090	0.092	0.092	0.092	0.092	0.092	0.092	0.092	0.093	0.093	0.092	0.095	0.091
36:00:36	19.1	0.091	0.092	0.094	0.091	0.093	0.092	0.092	0.091	0.091	0.092	0.092	0.091	0.090	0.987	1.052	0.984	0.983	1.053	0.980	0.995	1.051	0.997	1.071	0.091	0.091	0.979	0.980	1.051	1.070	1.008	0.986	0.963	0.998	1.057	1.004	0.091	0.090	1.039	0.976	0.993	0.969	0.992	0.982	1.047	0.987	0.977	0.994	0.091	0.090	0.989	1.052	0.978	1.053	0.997	1.054	0.996	1.041	1.004	0.991	0.090	0.091	1.056	0.984	0.970	0.969	1.042	0.993	1.049	0.996	1.012	1.002	0.090	0.093	1.009	0.992	1.040	0.990	0.982	0.994	0.982	1.003	1.003	0.991	0.090	0.092	0.092	0.093	0.092	0.092	0.092	0.092	0.093	0.093	0.093	0.095	0.091
37:00:36	19.1	0.091	0.092	0.094	0.092	0.093	0.093	0.092	0.091	0.091	0.092	0.092	0.091	0.090	0.997	1.060	0.990	0.989	1.061	0.984	1.000	1.058	1.003	1.077	0.091	0.091	0.988	0.988	1.060	1.077	1.014	0.990	0.968	1.003	1.065	1.009	0.091	0.090	1.045	0.982	0.997	0.975	0.999	0.987	1.054	0.993	0.987	0.999	0.091	0.090	0.998	1.060	0.986	1.062	1.003	1.062	1.004	1.050	1.011	0.997	0.090	0.091	1.063	0.995	0.978	0.982	1.054	1.002	1.057	1.001	1.018	1.007	0.090	0.094	1.018	1.003	1.049	0.997	0.992	1.002	0.988	1.008	1.011	0.998	0.090	0.091	0.092	0.092	0.092	0.092	0.092	0.092	0.093	0.093	0.092	0.095	0.091
38:00:37	19.1	0.091	0.092	0.094	0.091	0.093	0.094	0.092	0.091	0.091	0.092	0.093	0.091	0.090	1.003	1.067	0.994	0.992	1.068	0.988	1.002	1.065	1.008	1.083	0.091	0.091	0.996	0.996	1.066	1.085	1.018	0.993	0.970	1.007	1.071	1.011	0.091	0.091	1.052	0.989	1.003	0.980	1.004	0.992	1.059	0.998	0.993	1.004	0.091	0.090	1.003	1.066	0.993	1.071	1.008	1.069	1.008	1.058	1.016	1.002	0.090	0.091	1.071	1.002	0.989	0.991	1.060	1.010	1.065	1.009	1.025	1.013	0.090	0.094	1.024	1.013	1.060	1.004	1.003	1.009	0.995	1.014	1.017	1.003	0.090	0.092	0.092	0.093	0.092	0.092	0.092	0.092	0.093	0.094	0.093	0.095	0.091
39:00:39	19.1	0.091	0.092	0.094	0.092	0.094	0.093	0.092	0.092	0.091	0.092	0.093	0.092	0.090	1.008	1.073	0.997	0.994	1.075	0.990	1.003	1.069	1.010	1.087	0.091	0.091	1.004	1.002	1.072	1.092	1.021	0.993	0.971	1.010	1.078	1.013	0.091	0.091	1.058	0.993	1.008	0.983	1.008	0.996	1.065	1.002	0.999	1.006	0.091	0.090	1.008	1.074	1.000	1.079	1.011	1.077	1.013	1.065	1.020	1.006	0.091	0.091	1.078	1.009	0.994	0.999	1.069	1.017	1.071	1.014	1.028	1.016	0.090	0.094	1.028	1.020	1.067	1.009	1.011	1.013	0.999	1.017	1.021	1.006	0.091	0.092	0.092	0.093	0.092	0.092	0.092	0.092	0.093	0.093	0.092	0.095	0.091
40:00:39	19.0	0.091	0.091	0.094	0.092	0.094	0.092	0.092	0.091	0.090	0.091	0.092	0.091	0.090	1.013	1.077	0.998	0.994	1.076	0.990	1.002	1.073	1.011	1.089	0.091	0.090	1.007	1.006	1.078	1.095	1.020	0.993	0.969	1.009	1.080	1.012	0.091	0.090	1.062	0.996	1.009	0.985	1.010	0.997	1.068	1.002	1.003	1.007	0.091	0.090	1.010	1.078	1.004	1.086	1.011	1.082	1.014	1.072	1.022	1.008	0.090	0.091	1.082	1.014	0.999	1.004	1.076	1.020	1.076	1.016	1.031	1.017	0.090	0.092	1.031	1.025	1.073	1.012	1.017	1.015	1.001	1.018	1.025	1.008	0.090	0.091	0.092	0.092	0.092	0.092	0.092	0.092	0.093	0.093	0.092	0.095	0.091
41:00:41	19.0	0.091	0.092	0.094	0.092	0.095	0.092	0.092	0.091	0.091	0.092	0.093	0.091	0.090	1.015	1.081	0.998	0.994	1.078	0.988	1.000	1.077	1.011	1.090	0.091	0.091	1.006	1.009	1.082	1.097	1.017	0.989	0.966	1.008	1.082	1.010	0.091	0.091	1.065	0.998	1.009	0.984	1.010	0.997	1.071	1.004	1.005	1.006	0.091	0.090	1.010	1.079	1.006	1.094	1.011	1.087	1.016	1.078	1.023	1.009	0.090	0.091	1.089	1.017	1.004	1.008	1.083	1.022	1.079	1.017	1.032	1.018	0.090	0.093	1.032	1.029	1.080	1.013	1.020	1.016	1.004	1.020	1.025	1.009	0.090	0.091	0.092	0.093	0.093	0.092	0.092	0.092	0.093	0.093	0.093	0.095	0.091
42:00:41	18.9	0.091	0.092	0.094	0.092	0.094	0.095	0.092	0.092	0.091	0.092	0.093	0.092	0.090	1.015	1.082	0.996	0.991	1.076	0.986	0.995	1.079	1.010	1.088	0.091	0.091	1.007	1.010	1.085	1.097	1.015	0.987	0.962	1.006	1.083	1.008	0.091	0.091	1.066	0.997	1.006	0.983	1.009	0.995	1.073	1.002	1.006	1.004	0.091	0.091	1.009	1.083	1.008	1.099	1.009	1.091	1.014	1.083	1.021	1.006	0.091	0.091	1.093	1.018	1.006	1.011	1.089	1.022	1.082	1.017	1.031	1.016	0.091	0.094	1.032	1.029	1.085	1.014	1.020	1.015	1.003	1.017	1.025	1.008	0.091	0.092	0.092	0.093	0.093	0.092	0.093	0.092	0.093	0.093	0.092	0.095	0.092
43:00:42	18.9	0.091	0.092	0.094	0.091	0.093	0.093	0.092	0.091	0.091	0.092	0.093	0.091	0.090	1.012	1.082	0.992	0.988	1.077	0.980	0.989	1.078	1.006	1.086	0.091	0.090	1.004	1.007	1.084	1.095	1.010	0.981	0.956	1.001	1.082	1.000	0.091	0.091	1.068	0.996	1.000	0.980	1.005	0.992	1.072	0.998	1.002	1.000	0.091	0.090	1.005	1.083	1.007	1.100	1.005	1.093	1.011	1.085	1.016	1.003	0.090	0.090	1.097	1.017	1.006	1.011	1.093	1.018	1.082	1.013	1.027	1.013	0.090	0.093	1.029	1.030	1.088	1.011	1.019	1.011	1.001	1.014	1.023	1.005	0.090	0.091	0.092	0.092	0.092	0.092	0.092	0.092	0.093	0.094	0.092	0.095	0.091
44:00:44	18.9	0.091	0.092	0.094	0.091	0.093	0.092	0.092	0.092	0.091	0.092	0.093	0.091	0.090	1.010	1.080	0.986	0.982	1.078	0.972	0.979	1.075	1.003	1.084	0.091	0.091	1.001	1.003	1.085	1.093	1.003	0.973	0.949	0.994	1.079	0.996	0.091	0.091	1.066	0.992	0.993	0.975	0.998	0.985	1.072	0.994	0.998	0.994	0.091	0.090	1.000	1.085	1.005	1.102	1.001	1.093	1.005	1.084	1.011	0.997	0.091	0.091	1.098	1.013	1.006	1.010	1.095	1.012	1.082	1.008	1.022	1.008	0.090	0.094	1.023	1.027	1.093	1.008	1.017	1.007	0.999	1.009	1.020	1.003	0.090	0.092	0.092	0.093	0.092	0.092	0.093	0.092	0.093	0.094	0.092	0.095	0.091
45:00:44	18.9	0.091	0.092	0.094	0.091	0.092	0.093	0.092	0.092	0.091	0.092	0.093	0.091	0.090	1.004	1.076	0.979	0.975	1.076	0.962	0.969	1.072	0.997	1.080	0.091	0.091	0.998	0.995	1.081	1.089	0.994	0.965	0.941	0.987	1.073	0.987	0.091	0.091	1.062	0.987	0.985	0.969	0.990	0.978	1.069	0.987	0.990	0.986	0.091	0.090	0.993	1.083	1.001	1.102	0.995	1.091	0.999	1.083	1.003	0.990	0.090	0.091	1.099	1.007	1.004	1.007	1.095	1.004	1.079	1.001	1.013	1.000	0.090	0.094	1.017	1.023	1.092	1.004	1.012	1.000	0.993	1.002	1.015	0.997	0.090	0.091	0.092	0.093	0.092	0.092	0.092	0.092	0.093	0.094	0.092	0.095	0.091
46:00:45	18.9	0.091	0.092	0.094	0.092	0.093	0.094	0.092	0.092	0.091	0.092	0.093	0.092	0.090	0.996	1.072	0.969	0.968	1.074	0.952	0.958	1.067	0.989	1.075	0.091	0.091	0.992	0.986	1.077	1.080	0.985	0.956	0.930	0.978	1.069	0.978	0.091	0.091	1.061	0.980	0.975	0.961	0.980	0.969	1.065	0.979	0.983	0.977	0.091	0.090	0.985	1.084	0.995	1.098	0.989	1.088	0.991	1.079	0.994	0.982	0.091	0.091	1.096	1.000	1.002	0.999	1.093	0.995	1.073	0.991	1.003	0.990	0.090	0.094	1.010	1.017	1.093	0.999	1.004	0.992	0.987	0.994	1.007	0.991	0.091	0.092	0.092	0.093	0.092	0.092	0.093	0.092	0.093	0.094	0.093	0.095	0.092
47:00:56	19.0	0.091	0.092	0.094	0.091	0.093	0.092	0.092	0.092	0.091	0.092	0.092	0.091	0.090	0.989	1.067	0.961	0.959	1.069	0.942	0.945	1.058	0.980	1.068	0.091	0.091	0.985	0.976	1.069	1.072	0.973	0.944	0.920	0.968	1.063	0.967	0.091	0.090	1.056	0.971	0.964	0.953	0.970	0.958	1.058	0.970	0.972	0.966	0.091	0.090	0.976	1.080	0.987	1.093	0.979	1.082	0.981	1.073	0.983	0.972	0.091	0.090	1.094	0.990	0.993	0.991	1.089	0.983	1.068	0.980	0.994	0.980	0.090	0.094	1.002	1.007	1.091	0.991	0.996	0.984	0.978	0.985	0.997	0.982	0.091	0.091	0.092	0.092	0.092	0.092	0.093	0.092	0.093	0.094	0.092	0.095	0.091
48:00:46	19.2	0.091	0.092	0.094	0.093	0.094	0.091	0.092	0.091	0.091	0.092	0.092	0.092	0.090	0.981	1.060	0.951	0.948	1.061	0.930	0.934	1.051	0.972	1.062	0.091	0.091	0.979	0.965	1.061	1.061	0.960	0.933	0.909	0.957	1.054	0.955	0.091	0.090	1.049	0.961	0.952	0.943	0.956	0.947	1.049	0.959	0.962	0.954	0.091	0.090	0.967	1.074	0.978	1.084	0.971	1.074	0.970	1.064	0.972	0.959	0.090	0.090	1.089	0.979	0.984	0.979	1.081	0.972	1.059	0.969	0.982	0.970	0.090	0.094	0.991	0.993	1.086	0.983	0.987	0.972	0.968	0.977	0.988	0.971	0.090	0.091	0.092	0.093	0.092	0.092	0.092	0.092	0.093	0.093	0.093	0.095	0.091
49:00:51	19.3	0.091	0.092	0.094	0.091	0.095	0.093	0.092	0.091	0.091	0.092	0.092	0.091	0.090	0.972	1.050	0.943	0.940	1.051	0.920	0.925	1.040	0.961	1.051	0.091	0.090	0.970	0.954	1.050	1.049	0.947	0.921	0.900	0.947	1.044	0.944	0.091	0.091	1.042	0.949	0.940	0.933	0.946	0.935	1.040	0.951	0.952	0.943	0.091	0.090	0.958	1.067	0.970	1.075	0.961	1.064	0.959	1.055	0.963	0.948	0.090	0.090	1.083	0.967	0.972	0.968	1.072	0.958	1.049	0.958	0.971	0.960	0.090	0.093	0.980	0.983	1.081	0.975	0.977	0.963	0.959	0.967	0.978	0.963	0.090	0.091	0.092	0.093	0.092	0.092	0.092	0.092	0.093	0.092	0.093	0.095	0.091
50:00:48	19.5	0.091	0.092	0.094	0.091	0.093	0.091	0.092	0.092	0.091	0.092	0.093	0.092	0.090	0.964	1.038	0.935	0.931	1.034	0.909	0.917	1.028	0.952	1.040	0.091	0.091	0.961	0.944	1.038	1.036	0.935	0.911	0.890	0.936	1.029	0.938	0.091	0.091	1.032	0.937	0.930	0.925	0.933	0.923	1.029	0.942	0.942	0.933	0.091	0.090	0.951	1.055	0.958	1.062	0.952	1.050	0.949	1.044	0.953	0.940	0.090	0.091	1.073	0.956	0.960	0.955	1.061	0.947	1.041	0.948	0.964	0.949	0.090	0.095	0.969	0.975	1.079	0.965	0.965	0.953	0.949	0.958	0.968	0.954	0.090	0.091	0.092	0.092	0.093	0.092	0.092	0.092	0.093	0.093	0.092	0.095	0.091
51:00:49	19.5	0.091	0.092	0.094	0.092	0.093	0.091	0.092	0.091	0.091	0.092	0.093	0.092	0.090	0.956	1.023	0.928	0.925	1.018	0.902	0.909	1.016	0.943	1.028	0.091	0.091	0.955	0.937	1.023	1.018	0.923	0.901	0.885	0.928	1.014	0.930	0.091	0.091	1.023	0.926	0.919	0.916	0.924	0.912	1.015	0.936	0.932	0.924	0.091	0.090	0.944	1.044	0.951	1.047	0.942	1.035	0.938	1.028	0.945	0.930	0.090	0.091	1.063	0.945	0.949	0.945	1.049	0.935	1.025	0.939	0.955	0.942	0.090	0.094	0.959	0.966	1.067	0.957	0.954	0.947	0.941	0.951	0.959	0.946	0.090	0.092	0.092	0.093	0.092	0.092	0.093	0.092	0.093	0.093	0.093	0.096	0.092
52:00:50	19.5	0.091	0.092	0.094	0.091	0.093	0.091	0.092	0.092	0.091	0.092	0.093	0.091	0.090	0.951	1.006	0.925	0.921	1.000	0.894	0.905	1.001	0.935	1.016	0.091	0.091	0.948	0.930	1.006	1.003	0.911	0.893	0.878	0.921	0.999	0.926	0.091	0.090	1.011	0.914	0.911	0.909	0.915	0.903	1.002	0.929	0.925	0.916	0.091	0.090	0.938	1.027	0.942	1.028	0.934	1.016	0.930	1.013	0.938	0.922	0.090	0.091	1.051	0.937	0.937	0.934	1.032	0.925	1.011	0.931	0.949	0.934	0.090	0.092	0.951	0.961	1.054	0.947	0.947	0.940	0.932	0.943	0.951	0.939	0.090	0.092	0.092	0.093	0.092	0.092	0.093	0.092	0.093	0.093	0.093	0.096	0.091
53:00:52	19.5	0.091	0.092	0.094	0.091	0.093	0.091	0.092	0.091	0.091	0.091	0.092	0.091	0.090	0.946	0.989	0.922	0.917	0.983	0.891	0.901	0.988	0.929	1.005	0.091	0.091	0.944	0.924	0.989	0.984	0.902	0.886	0.875	0.915	0.983	0.923	0.091	0.090	0.997	0.904	0.904	0.903	0.907	0.895	0.988	0.924	0.918	0.909	0.091	0.090	0.934	1.011	0.935	1.010	0.928	0.994	0.923	0.997	0.932	0.917	0.090	0.090	1.038	0.929	0.926	0.928	1.015	0.918	0.995	0.925	0.944	0.928	0.090	0.093	0.944	0.956	1.035	0.941	0.940	0.935	0.924	0.937	0.947	0.935	0.090	0.091	0.092	0.092	0.092	0.092	0.092	0.092	0.093	0.093	0.092	0.095	0.091
54:00:52	19.5	0.091	0.092	0.094	0.091	0.095	0.091	0.092	0.092	0.091	0.092	0.093	0.092	0.090	0.945	0.978	0.922	0.918	0.968	0.889	0.901	0.979	0.925	0.996	0.091	0.091	0.943	0.922	0.978	0.971	0.897	0.884	0.875	0.912	0.972	0.924	0.091	0.090	0.989	0.898	0.899	0.900	0.904	0.889	0.977	0.924	0.915	0.906	0.091	0.090	0.934	0.997	0.932	0.995	0.924	0.976	0.919	0.982	0.930	0.914	0.090	0.091	1.025	0.924	0.919	0.924	1.002	0.912	0.982	0.922	0.943	0.926	0.090	0.094	0.939	0.953	1.021	0.936	0.937	0.934	0.922	0.936	0.945	0.934	0.090	0.092	0.092	0.093	0.093	0.092	0.092	0.092	0.093	0.093	0.093	0.095	0.091
55:00:53	19.4	0.095	0.092	0.094	0.092	0.093	0.091	0.092	0.092	0.091	0.092	0.093	0.092	0.090	0.944	0.968	0.924	0.920	0.955	0.889	0.902	0.972	0.923	0.989	0.091	0.091	0.944	0.921	0.968	0.963	0.893	0.881	0.876	0.911	0.963	0.925	0.091	0.091	0.981	0.892	0.897	0.896	0.900	0.887	0.969	0.923	0.913	0.905	0.091	0.090	0.934	0.983	0.931	0.982	0.922	0.960	0.916	0.971	0.927	0.913	0.090	0.091	1.015	0.920	0.911	0.923	0.989	0.909	0.971	0.921	0.943	0.925	0.090	0.094	0.937	0.952	1.005	0.932	0.931	0.931	0.917	0.934	0.944	0.932	0.090	0.092	0.092	0.093	0.093	0.092	0.093	0.092	0.093	0.093	0.093	0.095	0.091
56:00:54	19.3	0.096	0.092	0.094	0.093	0.093	0.091	0.092	0.092	0.091	0.091	0.093	0.091	0.090	0.945	0.963	0.929	0.925	0.948	0.892	0.905	0.968	0.924	0.986	0.091	0.091	0.946	0.925	0.964	0.958	0.895	0.883	0.880	0.912	0.958	0.929	0.091	0.091	0.976	0.890	0.898	0.897	0.902	0.885	0.963	0.926	0.914	0.906	0.091	0.090	0.939	0.976	0.933	0.975	0.925	0.951	0.917	0.963	0.929	0.913	0.090	0.091	1.005	0.922	0.909	0.926	0.981	0.910	0.965	0.922	0.945	0.926	0.091	0.094	0.936	0.952	0.992	0.930	0.931	0.930	0.917	0.935	0.946	0.935	0.090	0.092	0.092	0.093	0.093	0.092	0.092	0.092	0.093	0.093	0.092	0.095	0.091
57:00:54	19.1	0.092	0.092	0.094	0.092	0.093	0.091	0.092	0.091	0.091	0.092	0.093	0.092	0.090	0.947	0.962	0.939	0.933	0.947	0.899	0.914	0.969	0.929	0.987	0.091	0.091	0.951	0.931	0.964	0.957	0.901	0.891	0.889	0.918	0.958	0.939	0.091	0.090	0.973	0.893	0.903	0.902	0.907	0.891	0.961	0.934	0.920	0.913	0.091	0.090	0.947	0.973	0.939	0.972	0.932	0.946	0.923	0.961	0.934	0.918	0.090	0.091	1.001	0.930	0.912	0.935	0.977	0.915	0.962	0.928	0.952	0.933	0.090	0.094	0.941	0.956	0.985	0.933	0.936	0.936	0.920	0.942	0.950	0.940	0.090	0.092	0.092	0.093	0.092	0.092	0.093	0.092	0.093	0.093	0.092	0.095	0.091
58:00:55	19.1	0.092	0.092	0.094	0.092	0.095	0.091	0.092	0.092	0.091	0.092	0.093	0.092	0.090	0.952	0.963	0.950	0.941	0.947	0.909	0.923	0.972	0.935	0.989	0.091	0.091	0.962	0.939	0.966	0.958	0.910	0.900	0.898	0.925	0.961	0.947	0.091	0.091	0.974	0.899	0.911	0.908	0.913	0.899	0.961	0.941	0.926	0.922	0.091	0.090	0.957	0.974	0.946	0.972	0.941	0.944	0.928	0.959	0.940	0.925	0.090	0.091	0.997	0.939	0.920	0.941	0.977	0.923	0.962	0.935	0.960	0.940	0.091	0.095	0.945	0.961	0.981	0.936	0.942	0.941	0.926	0.948	0.956	0.947	0.091	0.092	0.092	0.093	0.093	0.092	0.093	0.092	0.093	0.094	0.092	0.095	0.092
59:00:57	19.2	0.091	0.092	0.094	0.092	0.093	0.091	0.092	0.092	0.091	0.091	0.093	0.092	0.090	0.960	0.969	0.962	0.952	0.951	0.923	0.936	0.975	0.943	0.991	0.091	0.090	0.971	0.949	0.970	0.965	0.922	0.912	0.910	0.936	0.964	0.957	0.091	0.091	0.979	0.907	0.920	0.918	0.923	0.911	0.966	0.951	0.934	0.933	0.091	0.090	0.969	0.978	0.957	0.975	0.954	0.946	0.938	0.962	0.950	0.936	0.090	0.091	0.998	0.951	0.930	0.952	0.979	0.933	0.965	0.942	0.969	0.948	0.090	0.092	0.949	0.967	0.981	0.947	0.950	0.951	0.935	0.958	0.965	0.955	0.090	0.092	0.092	0.093	0.093	0.092	0.093	0.092	0.093	0.093	0.092	0.095	0.092
60:00:57	19.2	0.091	0.092	0.094	0.092	0.093	0.091	0.092	0.091	0.091	0.092	0.092	0.092	0.090	0.965	0.977	0.976	0.965	0.960	0.937	0.950	0.983	0.952	0.997	0.091	0.090	0.984	0.958	0.979	0.974	0.936	0.924	0.920	0.946	0.972	0.968	0.091	0.090	0.987	0.920	0.931	0.929	0.934	0.925	0.973	0.961	0.946	0.944	0.091	0.090	0.981	0.987	0.968	0.984	0.967	0.952	0.950	0.967	0.960	0.945	0.090	0.091	0.998	0.963	0.941	0.961	0.985	0.945	0.970	0.954	0.980	0.958	0.090	0.094	0.958	0.974	0.983	0.955	0.960	0.960	0.944	0.969	0.972	0.965	0.090	0.092	0.092	0.092	0.092	0.092	0.093	0.092	0.093	0.094	0.092	0.095	0.091
61:00:59	19.2	0.099	0.092	0.094	0.092	0.093	0.091	0.092	0.091	0.091	0.092	0.092	0.091	0.090	0.974	0.988	0.993	0.978	0.974	0.952	0.964	0.995	0.967	1.005	0.091	0.091	0.998	0.970	0.988	0.985	0.953	0.941	0.939	0.957	0.984	0.978	0.091	0.090	0.996	0.937	0.946	0.941	0.946	0.941	0.985	0.973	0.956	0.958	0.091	0.090	0.995	0.997	0.981	0.993	0.984	0.961	0.963	0.975	0.970	0.960	0.090	0.091	1.008	0.980	0.959	0.976	0.991	0.959	0.980	0.964	0.993	0.970	0.090	0.094	0.969	0.984	0.989	0.968	0.973	0.970	0.958	0.981	0.984	0.976	0.090	0.091	0.092	0.092	0.092	0.092	0.092	0.092	0.093	0.093	0.092	0.095	0.091
62:00:59	19.2	0.091	0.092	0.094	0.092	0.095	0.091	0.092	0.091	0.091	0.092	0.092	0.092	0.090	0.985	1.003	1.008	0.992	0.989	0.969	0.976	1.009	0.980	1.014	0.091	0.090	1.011	0.984	1.000	1.000	0.971	0.958	0.951	0.971	0.998	0.990	0.091	0.091	1.008	0.956	0.959	0.956	0.960	0.957	1.000	0.984	0.970	0.974	0.091	0.090	1.008	1.012	0.996	1.005	1.003	0.973	0.976	0.985	0.981	0.974	0.090	0.091	1.020	0.995	0.979	0.992	1.003	0.973	0.992	0.975	1.004	0.983	0.090	0.094	0.979	0.996	0.998	0.983	0.988	0.983	0.973	0.995	0.997	0.988	0.090	0.092	0.092	0.092	0.093	0.092	0.092	0.092	0.093	0.094	0.093	0.095	0.091
63:01:00	19.2	0.096	0.092	0.094	0.092	0.094	0.091	0.092	0.092	0.091	0.092	0.093	0.092	0.090	0.996	1.020	1.023	1.006	1.007	0.984	0.989	1.025	0.993	1.027	0.091	0.091	1.024	0.996	1.013	1.016	0.989	0.975	0.964	0.982	1.014	1.000	0.091	0.091	1.021	0.975	0.972	0.972	0.975	0.974	1.017	0.994	0.982	0.987	0.091	0.090	1.022	1.030	1.008	1.020	1.018	0.989	0.990	0.998	0.992	0.985	0.090	0.091	1.030	1.011	0.994	1.007	1.016	0.989	1.008	0.988	1.016	0.996	0.090	0.094	0.990	1.008	1.010	0.999	1.000	0.993	0.989	1.009	1.009	0.999	0.090	0.092	0.092	0.093	0.093	0.092	0.093	0.092	0.093	0.094	0.093	0.095	0.091
64:01:01	19.2	0.091	0.092	0.094	0.092	0.093	0.091	0.092	0.091	0.091	0.092	0.093	0.091	0.090	1.005	1.038	1.036	1.019	1.028	0.997	1.002	1.043	1.008	1.040	0.091	0.090	1.037	1.010	1.028	1.035	1.005	0.991	0.976	0.995	1.032	1.010	0.091	0.091	1.036	0.993	0.985	0.987	0.988	0.989	1.036	1.005	0.993	1.001	0.091	0.090	1.036	1.048	1.022	1.037	1.033	1.006	1.001	1.011	1.003	0.996	0.090	0.091	1.046	1.025	1.012	1.023	1.031	1.004	1.024	1.001	1.027	1.006	0.090	0.094	1.001	1.020	1.025	1.015	1.014	1.004	1.006	1.022	1.024	1.009	0.090	0.092	0.092	0.093	0.093	0.092	0.092	0.092	0.093	0.093	0.092	0.095	0.091
65:01:01	19.2	0.091	0.092	0.094	0.092	0.094	0.091	0.092	0.092	0.091	0.092	0.092	0.092	0.090	1.015	1.058	1.048	1.032	1.049	1.012	1.013	1.060	1.022	1.055	0.091	0.091	1.048	1.021	1.043	1.054	1.021	1.004	0.989	1.005	1.049	1.020	0.091	0.091	1.053	1.015	0.998	1.001	0.998	1.006	1.055	1.016	1.006	1.015	0.091	0.090	1.049	1.066	1.035	1.055	1.048	1.025	1.012	1.026	1.015	1.007	0.090	0.091	1.063	1.039	1.031	1.036	1.048	1.018	1.041	1.013	1.037	1.018	0.090	0.094	1.012	1.032	1.040	1.032	1.027	1.015	1.022	1.035	1.036	1.019	0.090	0.092	0.092	0.093	0.092	0.092	0.092	0.092	0.093	0.093	0.092	0.095	0.091
66:01:02	19.2	0.094	0.092	0.094	0.092	0.094	0.091	0.092	0.091	0.091	0.092	0.092	0.092	0.090	1.024	1.075	1.057	1.043	1.069	1.026	1.024	1.078	1.033	1.070	0.090	0.090	1.058	1.032	1.060	1.072	1.037	1.017	1.000	1.015	1.067	1.028	0.091	0.091	1.069	1.034	1.010	1.014	1.012	1.020	1.072	1.024	1.015	1.027	0.091	0.090	1.061	1.087	1.046	1.070	1.061	1.045	1.022	1.040	1.024	1.019	0.090	0.091	1.080	1.052	1.047	1.049	1.064	1.031	1.058	1.023	1.048	1.028	0.090	0.094	1.020	1.044	1.057	1.045	1.038	1.026	1.036	1.047	1.045	1.029	0.090	0.092	0.092	0.093	0.092	0.092	0.092	0.092	0.093	0.093	0.093	0.095	0.091
67:01:04	19.2	0.091	0.092	0.094	0.092	0.093	0.091	0.092	0.091	0.091	0.092	0.093	0.091	0.090	1.033	1.092	1.064	1.055	1.087	1.039	1.033	1.093	1.045	1.085	0.091	0.091	1.068	1.042	1.075	1.088	1.053	1.029	1.010	1.023	1.082	1.037	0.091	0.091	1.084	1.050	1.020	1.026	1.022	1.033	1.089	1.032	1.025	1.037	0.091	0.090	1.071	1.105	1.057	1.087	1.070	1.063	1.032	1.055	1.032	1.028	0.090	0.091	1.099	1.064	1.064	1.060	1.081	1.044	1.074	1.034	1.057	1.038	0.091	0.094	1.032	1.055	1.074	1.059	1.050	1.034	1.048	1.056	1.054	1.037	0.090	0.092	0.092	0.093	0.093	0.092	0.093	0.092	0.093	0.093	0.092	0.095	0.091
68:01:07	19.2	0.091	0.092	0.094	0.092	0.093	0.091	0.092	0.092	0.091	0.092	0.093	0.092	0.090	1.044	1.107	1.072	1.065	1.105	1.052	1.042	1.106	1.055	1.101	0.091	0.091	1.078	1.051	1.091	1.102	1.060	1.039	1.016	1.031	1.098	1.044	0.091	0.091	1.098	1.064	1.030	1.037	1.033	1.043	1.104	1.039	1.032	1.046	0.091	0.090	1.078	1.122	1.066	1.101	1.080	1.080	1.039	1.070	1.037	1.037	0.090	0.091	1.116	1.075	1.080	1.069	1.096	1.056	1.089	1.043	1.066	1.054	0.090	0.094	1.042	1.065	1.090	1.069	1.060	1.043	1.060	1.067	1.064	1.047	0.091	0.092	0.092	0.093	0.093	0.093	0.093	0.092	0.094	0.093	0.092	0.095	0.092
69:01:06	19.3	0.091	0.092	0.094	0.092	0.095	0.091	0.092	0.092	0.091	0.092	0.093	0.092	0.090	1.052	1.122	1.081	1.075	1.122	1.062	1.049	1.119	1.066	1.116	0.091	0.091	1.085	1.058	1.105	1.116	1.071	1.048	1.024	1.038	1.112	1.054	0.091	0.091	1.112	1.075	1.040	1.044	1.041	1.052	1.119	1.045	1.040	1.057	0.092	0.090	1.085	1.138	1.076	1.115	1.087	1.096	1.048	1.082	1.044	1.048	0.090	0.091	1.131	1.083	1.093	1.079	1.110	1.067	1.102	1.053	1.076	1.059	0.091	0.095	1.052	1.075	1.105	1.079	1.070	1.052	1.069	1.078	1.074	1.058	0.090	0.092	0.092	0.093	0.093	0.092	0.093	0.092	0.093	0.093	0.093	0.095	0.092
70:01:06	19.3	0.091	0.092	0.094	0.093	0.094	0.091	0.092	0.092	0.091	0.091	0.092	0.091	0.090	1.066	1.134	1.087	1.084	1.137	1.073	1.056	1.130	1.075	1.132	0.091	0.091	1.095	1.063	1.116	1.127	1.075	1.052	1.029	1.043	1.124	1.063	0.091	0.090	1.124	1.085	1.044	1.050	1.047	1.058	1.127	1.048	1.045	1.067	0.091	0.090	1.092	1.152	1.079	1.123	1.091	1.110	1.054	1.093	1.051	1.057	0.090	0.091	1.147	1.094	1.104	1.086	1.121	1.074	1.115	1.058	1.082	1.067	0.090	0.095	1.062	1.084	1.121	1.089	1.081	1.060	1.079	1.087	1.083	1.067	0.090	0.092	0.092	0.093	0.092	0.092	0.092	0.092	0.093	0.094	0.093	0.095	0.091
71:01:11	19.5	0.101	0.092	0.094	0.092	0.093	0.091	0.092	0.091	0.091	0.091	0.092	0.092	0.090	1.076	1.144	1.094	1.093	1.150	1.082	1.063	1.140	1.084	1.146	0.091	0.090	1.103	1.068	1.127	1.138	1.081	1.057	1.031	1.046	1.136	1.071	0.091	0.091	1.138	1.094	1.050	1.055	1.053	1.063	1.135	1.051	1.048	1.075	0.091	0.090	1.095	1.166	1.084	1.133	1.094	1.122	1.059	1.103	1.052	1.064	0.090	0.091	1.163	1.100	1.114	1.091	1.133	1.080	1.126	1.063	1.087	1.073	0.090	0.095	1.072	1.091	1.133	1.096	1.089	1.067	1.087	1.095	1.091	1.076	0.090	0.092	0.092	0.093	0.093	0.092	0.092	0.092	0.093	0.093	0.092	0.095	0.091
72:01:08	19.7	0.091	0.092	0.094	0.092	0.094	0.091	0.092	0.092	0.091	0.091	0.092	0.091	0.090	1.083	1.157	1.101	1.101	1.163	1.090	1.070	1.150	1.092	1.159	0.091	0.091	1.110	1.073	1.138	1.147	1.090	1.067	1.036	1.049	1.147	1.079	0.091	0.090	1.148	1.101	1.053	1.058	1.057	1.069	1.143	1.055	1.054	1.084	0.091	0.090	1.100	1.178	1.087	1.143	1.097	1.135	1.064	1.113	1.060	1.074	0.091	0.091	1.175	1.107	1.123	1.099	1.144	1.089	1.137	1.069	1.091	1.082	0.090	0.092	1.083	1.101	1.145	1.105	1.100	1.074	1.097	1.102	1.098	1.085	0.090	0.092	0.092	0.093	0.093	0.092	0.092	0.092	0.093	0.093	0.092	0.095	0.091

