Time	T° 600	A1	A2	A3	A4	A5	A6	A7	A8	A9	A10	A11	A12	B1	B2	B3	B4	B5	B6	B7	B8	B9	B10	B11	B12	C1	C2	C3	C4	C5	C6	C7	C8	C9	C10	C11	C12	D1	D2	D3	D4	D5	D6	D7	D8	D9	D10	D11	D12	E1	E2	E3	E4	E5	E6	E7	E8	E9	E10	E11	E12	F1	F2	F3	F4	F5	F6	F7	F8	F9	F10	F11	F12	G1	G2	G3	G4	G5	G6	G7	G8	G9	G10	G11	G12	H1	H2	H3	H4	H5	H6	H7	H8	H9	H10	H11	H12
0:00:06	20.0	0.091	0.091	0.093	0.092	0.093	0.091	0.091	0.092	0.091	0.091	0.092	0.091	0.093	0.095	0.095	0.095	0.098	0.099	0.096	0.096	0.100	0.097	0.096	0.093	0.092	0.097	0.096	0.097	0.099	0.099	0.097	0.099	0.097	0.097	0.097	0.091	0.099	0.093	0.093	0.097	0.092	0.098	0.094	0.096	0.095	0.097	0.096	0.091	0.090	0.093	0.096	0.099	0.097	0.095	0.096	0.092	0.096	0.095	0.095	0.090	0.091	0.097	0.097	0.097	0.099	0.097	0.102	0.096	0.095	0.095	0.095	0.091	0.091	0.093	0.099	0.098	0.098	0.096	0.100	0.095	0.095	0.095	0.094	0.090	0.091	0.093	0.092	0.092	0.093	0.093	0.092	0.093	0.091	0.091	0.094	0.092
1:00:05	20.0	0.091	0.091	0.094	0.092	0.093	0.091	0.091	0.092	0.091	0.091	0.092	0.092	0.094	0.095	0.096	0.094	0.097	0.100	0.096	0.097	0.100	0.097	0.096	0.093	0.092	0.097	0.095	0.097	0.098	0.099	0.098	0.098	0.097	0.097	0.097	0.091	0.098	0.094	0.094	0.097	0.093	0.099	0.094	0.096	0.096	0.097	0.096	0.091	0.090	0.094	0.096	0.100	0.097	0.095	0.096	0.093	0.096	0.095	0.096	0.090	0.091	0.098	0.099	0.097	0.099	0.098	0.100	0.097	0.095	0.096	0.096	0.090	0.092	0.093	0.099	0.098	0.098	0.096	0.100	0.095	0.095	0.095	0.094	0.091	0.091	0.093	0.092	0.092	0.092	0.092	0.092	0.092	0.091	0.091	0.094	0.092
2:00:06	20.0	0.091	0.092	0.094	0.092	0.093	0.091	0.091	0.092	0.091	0.092	0.092	0.092	0.094	0.100	0.098	0.095	0.098	0.100	0.097	0.098	0.101	0.098	0.097	0.093	0.092	0.098	0.096	0.097	0.099	0.102	0.097	0.099	0.098	0.097	0.097	0.092	0.098	0.094	0.095	0.097	0.093	0.100	0.095	0.097	0.096	0.098	0.097	0.091	0.090	0.094	0.096	0.101	0.098	0.095	0.097	0.093	0.097	0.096	0.096	0.091	0.091	0.100	0.101	0.098	0.099	0.099	0.096	0.097	0.096	0.096	0.096	0.091	0.092	0.094	0.101	0.099	0.098	0.096	0.101	0.096	0.095	0.095	0.095	0.090	0.091	0.094	0.092	0.093	0.092	0.093	0.092	0.092	0.092	0.092	0.094	0.092
3:00:06	19.9	0.091	0.091	0.093	0.092	0.093	0.091	0.091	0.092	0.091	0.091	0.092	0.092	0.094	0.096	0.100	0.095	0.098	0.100	0.097	0.097	0.101	0.097	0.097	0.093	0.092	0.099	0.098	0.097	0.099	0.101	0.098	0.100	0.097	0.097	0.097	0.091	0.099	0.095	0.094	0.096	0.093	0.100	0.095	0.097	0.096	0.097	0.097	0.091	0.090	0.094	0.097	0.100	0.098	0.095	0.097	0.093	0.096	0.096	0.096	0.091	0.091	0.100	0.102	0.098	0.099	0.098	0.097	0.097	0.096	0.096	0.096	0.090	0.092	0.094	0.101	0.099	0.098	0.096	0.101	0.096	0.095	0.095	0.094	0.090	0.091	0.093	0.091	0.092	0.093	0.093	0.092	0.093	0.092	0.091	0.094	0.092
4:00:07	19.8	0.091	0.092	0.094	0.092	0.093	0.092	0.091	0.092	0.091	0.092	0.092	0.092	0.093	0.097	0.098	0.095	0.098	0.101	0.097	0.097	0.102	0.098	0.098	0.093	0.092	0.099	0.096	0.098	0.099	0.101	0.098	0.099	0.097	0.098	0.097	0.092	0.098	0.095	0.095	0.096	0.093	0.101	0.095	0.097	0.097	0.098	0.097	0.091	0.090	0.094	0.097	0.100	0.099	0.096	0.097	0.094	0.097	0.096	0.096	0.091	0.091	0.099	0.102	0.099	0.101	0.099	0.097	0.097	0.096	0.096	0.096	0.090	0.092	0.094	0.101	0.099	0.098	0.097	0.102	0.096	0.096	0.095	0.095	0.091	0.091	0.093	0.092	0.092	0.092	0.093	0.092	0.093	0.092	0.092	0.094	0.092
5:00:08	19.8	0.091	0.092	0.094	0.092	0.093	0.091	0.091	0.093	0.091	0.092	0.093	0.092	0.094	0.098	0.100	0.095	0.099	0.102	0.097	0.098	0.102	0.098	0.098	0.093	0.092	0.099	0.096	0.099	0.099	0.102	0.100	0.099	0.098	0.098	0.098	0.092	0.099	0.095	0.095	0.096	0.094	0.101	0.095	0.098	0.097	0.098	0.097	0.092	0.090	0.095	0.098	0.100	0.100	0.096	0.098	0.094	0.097	0.097	0.097	0.090	0.091	0.098	0.105	0.099	0.100	0.099	0.097	0.098	0.096	0.096	0.096	0.092	0.092	0.094	0.101	0.100	0.098	0.097	0.102	0.096	0.096	0.096	0.095	0.091	0.091	0.094	0.092	0.092	0.093	0.092	0.092	0.093	0.092	0.092	0.094	0.092
6:00:10	19.7	0.091	0.092	0.093	0.092	0.093	0.091	0.091	0.092	0.091	0.091	0.092	0.091	0.093	0.097	0.104	0.095	0.099	0.101	0.097	0.098	0.102	0.098	0.098	0.093	0.092	0.099	0.101	0.099	0.100	0.103	0.098	0.098	0.098	0.099	0.098	0.091	0.099	0.095	0.095	0.096	0.094	0.102	0.095	0.098	0.096	0.097	0.097	0.091	0.090	0.095	0.098	0.100	0.100	0.096	0.098	0.094	0.097	0.097	0.097	0.090	0.091	0.101	0.104	0.099	0.102	0.099	0.097	0.098	0.096	0.096	0.097	0.090	0.091	0.094	0.101	0.100	0.098	0.097	0.102	0.096	0.096	0.096	0.095	0.090	0.091	0.093	0.092	0.092	0.092	0.093	0.092	0.092	0.091	0.092	0.094	0.092
7:00:11	19.6	0.092	0.092	0.094	0.092	0.093	0.092	0.091	0.093	0.091	0.091	0.092	0.092	0.094	0.099	0.099	0.096	0.099	0.103	0.097	0.098	0.103	0.099	0.099	0.093	0.092	0.099	0.096	0.099	0.101	0.101	0.098	0.100	0.098	0.100	0.098	0.092	0.099	0.096	0.095	0.097	0.094	0.101	0.096	0.099	0.097	0.097	0.098	0.092	0.090	0.095	0.099	0.101	0.101	0.097	0.099	0.094	0.098	0.097	0.097	0.091	0.091	0.103	0.101	0.099	0.101	0.102	0.097	0.099	0.096	0.097	0.097	0.091	0.092	0.095	0.100	0.100	0.098	0.098	0.106	0.097	0.097	0.096	0.095	0.091	0.092	0.093	0.092	0.093	0.093	0.093	0.092	0.093	0.092	0.092	0.094	0.092
8:00:10	19.6	0.092	0.092	0.094	0.092	0.093	0.092	0.092	0.092	0.091	0.092	0.093	0.092	0.094	0.100	0.101	0.095	0.100	0.104	0.098	0.098	0.103	0.099	0.100	0.093	0.092	0.099	0.096	0.099	0.100	0.104	0.098	0.099	0.098	0.100	0.099	0.092	0.099	0.097	0.095	0.097	0.094	0.102	0.096	0.100	0.097	0.098	0.098	0.091	0.091	0.095	0.099	0.102	0.102	0.097	0.101	0.095	0.099	0.098	0.098	0.091	0.091	0.103	0.102	0.099	0.102	0.105	0.098	0.099	0.097	0.097	0.098	0.091	0.092	0.095	0.101	0.101	0.098	0.098	0.105	0.097	0.097	0.096	0.096	0.091	0.092	0.094	0.092	0.093	0.093	0.093	0.092	0.093	0.092	0.092	0.094	0.092
9:00:12	19.5	0.091	0.091	0.094	0.092	0.093	0.091	0.091	0.093	0.091	0.091	0.092	0.092	0.094	0.102	0.103	0.095	0.099	0.102	0.098	0.098	0.104	0.099	0.100	0.093	0.092	0.100	0.102	0.100	0.100	0.102	0.098	0.099	0.098	0.101	0.099	0.092	0.099	0.097	0.095	0.097	0.094	0.099	0.096	0.100	0.098	0.099	0.098	0.091	0.090	0.095	0.100	0.102	0.102	0.097	0.102	0.095	0.100	0.098	0.098	0.090	0.091	0.101	0.101	0.100	0.101	0.102	0.098	0.100	0.097	0.097	0.099	0.090	0.091	0.094	0.101	0.101	0.098	0.097	0.105	0.097	0.097	0.096	0.096	0.090	0.092	0.093	0.092	0.093	0.092	0.093	0.092	0.093	0.092	0.092	0.094	0.092
10:00:13	19.4	0.091	0.092	0.094	0.092	0.093	0.092	0.091	0.093	0.091	0.092	0.093	0.092	0.094	0.103	0.102	0.096	0.100	0.104	0.097	0.099	0.105	0.100	0.102	0.093	0.092	0.097	0.098	0.101	0.101	0.106	0.098	0.102	0.098	0.102	0.099	0.092	0.099	0.098	0.096	0.098	0.095	0.102	0.097	0.102	0.098	0.099	0.099	0.092	0.091	0.095	0.102	0.102	0.104	0.097	0.103	0.095	0.101	0.098	0.098	0.091	0.091	0.104	0.103	0.101	0.104	0.104	0.099	0.102	0.097	0.098	0.099	0.091	0.092	0.095	0.102	0.102	0.098	0.099	0.108	0.097	0.097	0.097	0.096	0.091	0.092	0.093	0.092	0.093	0.093	0.093	0.092	0.093	0.092	0.092	0.094	0.092
11:00:14	19.4	0.092	0.092	0.094	0.092	0.093	0.092	0.091	0.092	0.091	0.091	0.093	0.092	0.094	0.106	0.102	0.096	0.100	0.103	0.098	0.099	0.106	0.100	0.103	0.093	0.093	0.099	0.097	0.102	0.103	0.103	0.098	0.102	0.098	0.103	0.099	0.092	0.099	0.099	0.096	0.097	0.095	0.099	0.097	0.104	0.098	0.098	0.099	0.092	0.091	0.095	0.103	0.102	0.106	0.097	0.105	0.095	0.102	0.099	0.099	0.091	0.091	0.106	0.103	0.101	0.102	0.109	0.099	0.104	0.098	0.098	0.099	0.091	0.092	0.095	0.102	0.102	0.098	0.098	0.109	0.098	0.098	0.097	0.096	0.091	0.092	0.093	0.092	0.093	0.093	0.093	0.092	0.093	0.092	0.092	0.094	0.092
12:00:16	19.3	0.092	0.092	0.094	0.092	0.093	0.091	0.091	0.092	0.091	0.092	0.093	0.092	0.094	0.102	0.103	0.096	0.100	0.106	0.099	0.100	0.107	0.100	0.104	0.093	0.092	0.096	0.102	0.103	0.104	0.104	0.099	0.101	0.098	0.105	0.100	0.092	0.099	0.100	0.096	0.098	0.095	0.101	0.097	0.106	0.099	0.099	0.099	0.091	0.090	0.095	0.104	0.103	0.106	0.097	0.107	0.095	0.104	0.100	0.099	0.091	0.091	0.108	0.101	0.102	0.101	0.109	0.099	0.106	0.098	0.099	0.100	0.091	0.091	0.095	0.102	0.103	0.098	0.098	0.108	0.098	0.098	0.097	0.097	0.091	0.092	0.093	0.092	0.093	0.093	0.093	0.092	0.093	0.092	0.092	0.094	0.092
13:00:16	19.2	0.091	0.092	0.094	0.092	0.093	0.092	0.091	0.092	0.091	0.092	0.093	0.092	0.094	0.103	0.103	0.096	0.100	0.107	0.099	0.100	0.109	0.100	0.107	0.093	0.092	0.096	0.100	0.105	0.106	0.103	0.100	0.101	0.099	0.108	0.100	0.092	0.099	0.102	0.096	0.098	0.095	0.099	0.098	0.108	0.099	0.098	0.100	0.091	0.090	0.095	0.105	0.103	0.108	0.098	0.109	0.096	0.106	0.100	0.099	0.091	0.091	0.108	0.103	0.101	0.102	0.113	0.100	0.109	0.098	0.099	0.099	0.091	0.091	0.095	0.103	0.103	0.098	0.098	0.108	0.098	0.099	0.097	0.097	0.091	0.092	0.093	0.092	0.093	0.093	0.093	0.092	0.093	0.092	0.092	0.094	0.092
14:00:17	19.3	0.092	0.092	0.094	0.092	0.093	0.092	0.091	0.093	0.091	0.091	0.093	0.092	0.094	0.100	0.105	0.096	0.100	0.108	0.099	0.100	0.110	0.100	0.110	0.093	0.092	0.096	0.100	0.108	0.108	0.105	0.099	0.100	0.099	0.110	0.101	0.092	0.099	0.103	0.096	0.098	0.095	0.100	0.097	0.111	0.099	0.098	0.100	0.091	0.090	0.095	0.106	0.103	0.109	0.098	0.112	0.096	0.108	0.101	0.100	0.091	0.091	0.110	0.099	0.102	0.102	0.110	0.099	0.112	0.099	0.099	0.100	0.091	0.091	0.095	0.103	0.104	0.098	0.098	0.108	0.098	0.099	0.098	0.097	0.091	0.092	0.093	0.092	0.093	0.093	0.093	0.092	0.093	0.092	0.092	0.094	0.092
15:00:18	19.4	0.092	0.092	0.094	0.092	0.093	0.092	0.091	0.092	0.091	0.092	0.093	0.092	0.094	0.102	0.106	0.096	0.100	0.110	0.099	0.100	0.112	0.101	0.113	0.093	0.092	0.095	0.100	0.110	0.110	0.103	0.100	0.100	0.099	0.113	0.101	0.092	0.099	0.106	0.096	0.099	0.095	0.099	0.098	0.115	0.099	0.098	0.101	0.092	0.091	0.095	0.108	0.104	0.110	0.098	0.115	0.096	0.111	0.101	0.100	0.091	0.091	0.109	0.102	0.102	0.102	0.110	0.100	0.115	0.099	0.100	0.101	0.090	0.092	0.095	0.103	0.105	0.098	0.098	0.108	0.099	0.099	0.098	0.097	0.091	0.092	0.093	0.092	0.093	0.093	0.093	0.092	0.093	0.092	0.093	0.094	0.092
16:00:19	19.6	0.092	0.092	0.094	0.092	0.093	0.092	0.092	0.092	0.091	0.092	0.093	0.092	0.094	0.101	0.107	0.096	0.100	0.111	0.099	0.100	0.114	0.101	0.116	0.093	0.092	0.096	0.102	0.111	0.111	0.104	0.101	0.100	0.099	0.116	0.101	0.092	0.098	0.109	0.096	0.099	0.095	0.099	0.098	0.119	0.100	0.098	0.101	0.092	0.091	0.096	0.109	0.105	0.111	0.098	0.118	0.097	0.115	0.102	0.101	0.091	0.092	0.116	0.105	0.102	0.101	0.113	0.101	0.118	0.100	0.101	0.101	0.091	0.092	0.095	0.103	0.108	0.098	0.098	0.109	0.099	0.100	0.099	0.098	0.091	0.092	0.093	0.092	0.093	0.093	0.093	0.092	0.093	0.092	0.092	0.095	0.092
17:00:20	19.7	0.091	0.092	0.094	0.092	0.093	0.092	0.091	0.092	0.091	0.092	0.092	0.091	0.093	0.102	0.111	0.096	0.100	0.115	0.100	0.100	0.115	0.101	0.119	0.093	0.092	0.096	0.102	0.114	0.112	0.102	0.100	0.101	0.099	0.120	0.101	0.091	0.099	0.113	0.096	0.098	0.095	0.100	0.098	0.123	0.100	0.099	0.102	0.091	0.090	0.096	0.111	0.103	0.113	0.098	0.121	0.098	0.118	0.102	0.101	0.091	0.091	0.113	0.102	0.101	0.100	0.115	0.100	0.122	0.100	0.101	0.102	0.091	0.092	0.095	0.104	0.109	0.098	0.097	0.109	0.099	0.100	0.099	0.098	0.090	0.092	0.093	0.092	0.093	0.092	0.093	0.092	0.093	0.092	0.091	0.094	0.092
18:00:22	19.7	0.092	0.092	0.093	0.092	0.093	0.091	0.091	0.092	0.091	0.091	0.093	0.092	0.094	0.100	0.111	0.096	0.100	0.117	0.101	0.100	0.117	0.102	0.125	0.093	0.092	0.096	0.101	0.118	0.114	0.105	0.102	0.102	0.099	0.125	0.102	0.092	0.098	0.117	0.097	0.098	0.095	0.099	0.099	0.128	0.100	0.100	0.102	0.091	0.090	0.096	0.112	0.106	0.115	0.098	0.125	0.097	0.123	0.104	0.102	0.091	0.091	0.114	0.106	0.102	0.100	0.122	0.102	0.127	0.101	0.102	0.102	0.091	0.091	0.095	0.104	0.111	0.098	0.097	0.109	0.100	0.100	0.099	0.098	0.090	0.092	0.093	0.092	0.092	0.093	0.093	0.092	0.093	0.092	0.092	0.094	0.092
19:00:21	19.6	0.091	0.092	0.094	0.092	0.093	0.091	0.091	0.092	0.091	0.092	0.092	0.092	0.094	0.100	0.115	0.096	0.100	0.115	0.102	0.101	0.120	0.102	0.131	0.093	0.092	0.096	0.100	0.121	0.115	0.104	0.101	0.103	0.099	0.130	0.103	0.092	0.099	0.121	0.097	0.099	0.095	0.100	0.099	0.132	0.101	0.099	0.102	0.091	0.090	0.096	0.112	0.105	0.116	0.098	0.130	0.097	0.128	0.104	0.102	0.091	0.091	0.118	0.105	0.101	0.100	0.124	0.100	0.131	0.101	0.102	0.102	0.091	0.092	0.095	0.104	0.112	0.097	0.097	0.109	0.099	0.099	0.099	0.098	0.091	0.092	0.093	0.092	0.093	0.093	0.093	0.092	0.093	0.092	0.092	0.094	0.092
20:00:22	19.5	0.092	0.092	0.094	0.092	0.093	0.091	0.091	0.092	0.091	0.092	0.093	0.092	0.094	0.099	0.117	0.096	0.100	0.123	0.101	0.101	0.124	0.102	0.138	0.092	0.093	0.096	0.098	0.124	0.120	0.108	0.102	0.103	0.100	0.135	0.103	0.092	0.098	0.125	0.097	0.099	0.095	0.100	0.099	0.136	0.101	0.099	0.103	0.091	0.090	0.096	0.114	0.104	0.118	0.098	0.134	0.097	0.132	0.105	0.103	0.090	0.091	0.116	0.105	0.100	0.099	0.126	0.101	0.137	0.101	0.102	0.103	0.092	0.092	0.095	0.105	0.114	0.098	0.097	0.108	0.100	0.100	0.100	0.099	0.090	0.092	0.093	0.092	0.093	0.093	0.092	0.092	0.093	0.092	0.092	0.094	0.092
21:00:23	19.5	0.091	0.092	0.093	0.092	0.093	0.092	0.091	0.092	0.091	0.091	0.092	0.092	0.094	0.098	0.116	0.096	0.100	0.126	0.102	0.101	0.127	0.102	0.142	0.093	0.092	0.096	0.098	0.131	0.119	0.105	0.103	0.101	0.100	0.139	0.104	0.092	0.098	0.128	0.097	0.099	0.095	0.100	0.099	0.139	0.101	0.099	0.104	0.091	0.090	0.096	0.116	0.103	0.121	0.098	0.136	0.098	0.136	0.106	0.103	0.090	0.091	0.121	0.104	0.100	0.099	0.133	0.100	0.139	0.102	0.103	0.103	0.091	0.092	0.095	0.104	0.116	0.097	0.097	0.108	0.100	0.100	0.100	0.099	0.091	0.092	0.093	0.092	0.092	0.093	0.092	0.092	0.093	0.092	0.092	0.094	0.092
22:00:24	19.5	0.092	0.092	0.094	0.092	0.094	0.092	0.092	0.092	0.091	0.092	0.093	0.092	0.094	0.098	0.118	0.096	0.100	0.129	0.102	0.101	0.131	0.102	0.147	0.093	0.092	0.096	0.098	0.135	0.120	0.105	0.104	0.101	0.100	0.143	0.105	0.092	0.098	0.132	0.097	0.100	0.095	0.102	0.100	0.143	0.102	0.099	0.104	0.092	0.091	0.096	0.117	0.104	0.124	0.099	0.139	0.098	0.140	0.106	0.104	0.091	0.091	0.120	0.102	0.100	0.099	0.135	0.100	0.142	0.102	0.103	0.104	0.091	0.091	0.095	0.105	0.119	0.097	0.097	0.109	0.100	0.100	0.100	0.099	0.091	0.092	0.093	0.092	0.093	0.093	0.093	0.092	0.093	0.092	0.092	0.094	0.092
23:00:25	19.5	0.092	0.092	0.094	0.092	0.093	0.092	0.092	0.092	0.091	0.091	0.092	0.092	0.093	0.096	0.124	0.096	0.100	0.130	0.102	0.099	0.135	0.102	0.152	0.093	0.092	0.096	0.097	0.138	0.124	0.103	0.103	0.100	0.101	0.147	0.105	0.092	0.098	0.135	0.097	0.101	0.095	0.103	0.100	0.146	0.102	0.098	0.105	0.091	0.090	0.096	0.119	0.105	0.127	0.099	0.142	0.098	0.141	0.106	0.104	0.090	0.091	0.122	0.103	0.099	0.098	0.139	0.100	0.143	0.103	0.104	0.105	0.091	0.091	0.095	0.103	0.122	0.097	0.097	0.108	0.101	0.100	0.100	0.099	0.091	0.092	0.093	0.092	0.093	0.093	0.093	0.092	0.093	0.092	0.091	0.094	0.092
24:00:26	19.5	0.091	0.092	0.094	0.092	0.094	0.091	0.091	0.092	0.091	0.091	0.093	0.092	0.094	0.096	0.124	0.096	0.100	0.134	0.102	0.099	0.139	0.102	0.156	0.093	0.092	0.096	0.096	0.141	0.130	0.103	0.103	0.101	0.101	0.150	0.105	0.091	0.098	0.138	0.097	0.100	0.096	0.104	0.100	0.149	0.102	0.098	0.105	0.091	0.090	0.095	0.122	0.105	0.130	0.099	0.145	0.099	0.144	0.106	0.105	0.090	0.091	0.124	0.102	0.099	0.098	0.143	0.099	0.146	0.103	0.104	0.105	0.091	0.092	0.095	0.103	0.126	0.097	0.097	0.106	0.101	0.099	0.101	0.100	0.091	0.092	0.093	0.092	0.093	0.093	0.092	0.092	0.093	0.092	0.092	0.094	0.092
25:00:27	19.5	0.091	0.092	0.094	0.092	0.093	0.091	0.091	0.092	0.091	0.091	0.092	0.092	0.094	0.096	0.132	0.096	0.100	0.142	0.103	0.100	0.142	0.102	0.161	0.093	0.092	0.096	0.096	0.143	0.131	0.101	0.103	0.105	0.101	0.154	0.105	0.092	0.098	0.141	0.097	0.100	0.096	0.101	0.101	0.152	0.103	0.097	0.106	0.091	0.090	0.095	0.124	0.104	0.134	0.099	0.149	0.099	0.146	0.105	0.105	0.090	0.091	0.125	0.100	0.099	0.098	0.143	0.099	0.147	0.103	0.105	0.105	0.091	0.091	0.094	0.102	0.131	0.097	0.097	0.104	0.101	0.099	0.101	0.100	0.090	0.092	0.093	0.092	0.093	0.092	0.092	0.092	0.093	0.091	0.091	0.094	0.092
26:00:28	19.5	0.092	0.092	0.094	0.092	0.094	0.092	0.091	0.092	0.091	0.091	0.093	0.092	0.094	0.096	0.132	0.096	0.100	0.146	0.103	0.100	0.148	0.103	0.166	0.093	0.092	0.096	0.097	0.145	0.138	0.102	0.103	0.104	0.101	0.159	0.106	0.092	0.098	0.145	0.097	0.102	0.096	0.100	0.101	0.156	0.103	0.098	0.107	0.091	0.091	0.096	0.127	0.103	0.138	0.099	0.153	0.100	0.150	0.106	0.106	0.091	0.091	0.126	0.099	0.099	0.098	0.146	0.099	0.154	0.103	0.106	0.106	0.091	0.092	0.095	0.102	0.136	0.098	0.097	0.105	0.102	0.100	0.101	0.100	0.091	0.092	0.093	0.092	0.093	0.093	0.093	0.092	0.093	0.092	0.092	0.094	0.092
27:00:29	19.5	0.092	0.092	0.094	0.092	0.094	0.092	0.092	0.093	0.092	0.092	0.093	0.092	0.094	0.098	0.134	0.096	0.100	0.153	0.102	0.099	0.152	0.103	0.172	0.093	0.092	0.096	0.097	0.151	0.141	0.102	0.102	0.101	0.101	0.164	0.107	0.092	0.098	0.149	0.097	0.101	0.096	0.100	0.101	0.160	0.104	0.098	0.108	0.092	0.091	0.096	0.129	0.103	0.144	0.099	0.158	0.101	0.153	0.107	0.107	0.091	0.092	0.128	0.099	0.099	0.098	0.151	0.099	0.154	0.104	0.106	0.106	0.091	0.092	0.095	0.102	0.141	0.097	0.097	0.110	0.102	0.100	0.101	0.101	0.091	0.092	0.093	0.092	0.093	0.093	0.093	0.092	0.093	0.092	0.092	0.094	0.092
28:00:29	19.4	0.091	0.092	0.094	0.092	0.094	0.092	0.091	0.092	0.091	0.092	0.093	0.092	0.094	0.095	0.136	0.096	0.100	0.161	0.100	0.100	0.157	0.104	0.177	0.093	0.092	0.096	0.096	0.154	0.146	0.102	0.102	0.101	0.100	0.165	0.107	0.092	0.099	0.153	0.097	0.101	0.096	0.100	0.101	0.164	0.104	0.098	0.108	0.092	0.090	0.095	0.132	0.101	0.148	0.099	0.164	0.101	0.155	0.107	0.108	0.091	0.091	0.130	0.098	0.099	0.097	0.157	0.099	0.157	0.104	0.106	0.106	0.091	0.092	0.094	0.101	0.146	0.097	0.097	0.109	0.102	0.099	0.101	0.101	0.091	0.092	0.093	0.092	0.093	0.093	0.093	0.092	0.093	0.092	0.092	0.094	0.092
29:00:30	19.3	0.091	0.092	0.094	0.092	0.094	0.091	0.091	0.093	0.091	0.092	0.093	0.092	0.094	0.097	0.140	0.095	0.100	0.169	0.099	0.101	0.161	0.104	0.184	0.093	0.092	0.095	0.096	0.159	0.152	0.103	0.102	0.102	0.101	0.170	0.109	0.092	0.098	0.157	0.097	0.102	0.096	0.102	0.102	0.169	0.104	0.097	0.108	0.092	0.090	0.095	0.136	0.100	0.155	0.099	0.172	0.102	0.159	0.107	0.107	0.091	0.091	0.133	0.097	0.099	0.097	0.164	0.099	0.161	0.104	0.106	0.107	0.091	0.091	0.094	0.101	0.153	0.097	0.097	0.107	0.102	0.100	0.101	0.101	0.090	0.092	0.093	0.092	0.093	0.093	0.093	0.092	0.093	0.092	0.092	0.094	0.092
30:00:32	19.3	0.091	0.092	0.094	0.092	0.093	0.091	0.091	0.092	0.091	0.092	0.093	0.092	0.094	0.096	0.144	0.095	0.099	0.175	0.100	0.100	0.167	0.103	0.190	0.092	0.092	0.095	0.096	0.162	0.158	0.102	0.102	0.102	0.101	0.175	0.108	0.092	0.098	0.163	0.097	0.101	0.096	0.101	0.102	0.174	0.105	0.097	0.108	0.091	0.090	0.095	0.141	0.100	0.162	0.099	0.180	0.101	0.163	0.107	0.107	0.091	0.091	0.137	0.097	0.099	0.097	0.169	0.099	0.166	0.104	0.106	0.107	0.091	0.092	0.094	0.100	0.159	0.097	0.096	0.107	0.102	0.099	0.102	0.101	0.091	0.092	0.093	0.092	0.093	0.092	0.093	0.092	0.093	0.092	0.092	0.094	0.092
31:00:33	19.2	0.092	0.092	0.094	0.092	0.093	0.091	0.091	0.092	0.091	0.091	0.093	0.092	0.094	0.094	0.149	0.095	0.099	0.182	0.099	0.099	0.172	0.104	0.197	0.093	0.092	0.095	0.095	0.167	0.165	0.103	0.102	0.102	0.101	0.181	0.109	0.091	0.098	0.169	0.096	0.101	0.096	0.102	0.102	0.180	0.105	0.097	0.109	0.091	0.090	0.095	0.145	0.101	0.169	0.099	0.190	0.101	0.168	0.107	0.108	0.091	0.091	0.141	0.097	0.098	0.097	0.176	0.099	0.171	0.104	0.107	0.108	0.091	0.092	0.094	0.100	0.166	0.097	0.096	0.107	0.102	0.100	0.102	0.102	0.090	0.092	0.093	0.092	0.093	0.093	0.093	0.092	0.093	0.092	0.092	0.094	0.092
32:00:33	19.2	0.091	0.092	0.094	0.092	0.094	0.091	0.091	0.092	0.091	0.091	0.093	0.092	0.094	0.096	0.155	0.095	0.099	0.192	0.099	0.099	0.179	0.104	0.205	0.093	0.092	0.097	0.095	0.174	0.172	0.102	0.102	0.104	0.101	0.187	0.109	0.092	0.098	0.175	0.096	0.101	0.096	0.102	0.102	0.186	0.105	0.097	0.110	0.091	0.090	0.095	0.151	0.101	0.177	0.099	0.200	0.101	0.173	0.107	0.109	0.091	0.091	0.146	0.096	0.098	0.097	0.184	0.099	0.177	0.104	0.106	0.108	0.091	0.092	0.094	0.099	0.173	0.097	0.096	0.106	0.102	0.099	0.102	0.102	0.090	0.092	0.093	0.092	0.093	0.093	0.092	0.092	0.093	0.092	0.092	0.094	0.092
33:00:34	19.2	0.091	0.092	0.094	0.092	0.094	0.091	0.091	0.092	0.091	0.091	0.092	0.092	0.093	0.095	0.161	0.095	0.099	0.203	0.099	0.101	0.186	0.104	0.213	0.093	0.092	0.095	0.095	0.182	0.180	0.102	0.102	0.102	0.100	0.194	0.109	0.092	0.097	0.183	0.096	0.100	0.096	0.100	0.102	0.192	0.106	0.097	0.110	0.091	0.090	0.095	0.157	0.100	0.186	0.099	0.210	0.101	0.180	0.107	0.108	0.090	0.091	0.151	0.095	0.098	0.097	0.193	0.099	0.185	0.104	0.106	0.108	0.091	0.091	0.094	0.099	0.181	0.098	0.096	0.106	0.103	0.099	0.102	0.102	0.091	0.092	0.093	0.092	0.093	0.093	0.093	0.092	0.093	0.092	0.092	0.094	0.092
34:00:36	19.1	0.092	0.092	0.094	0.092	0.094	0.091	0.092	0.092	0.091	0.091	0.093	0.092	0.094	0.094	0.169	0.095	0.099	0.217	0.098	0.101	0.195	0.104	0.222	0.093	0.092	0.096	0.095	0.190	0.189	0.102	0.102	0.101	0.101	0.202	0.110	0.092	0.098	0.191	0.096	0.100	0.096	0.100	0.102	0.200	0.106	0.097	0.111	0.092	0.090	0.095	0.164	0.100	0.196	0.099	0.221	0.101	0.187	0.108	0.108	0.091	0.091	0.157	0.096	0.098	0.097	0.204	0.099	0.193	0.104	0.107	0.108	0.091	0.091	0.093	0.099	0.190	0.097	0.096	0.106	0.103	0.099	0.102	0.102	0.090	0.092	0.093	0.092	0.093	0.093	0.093	0.092	0.093	0.092	0.092	0.094	0.092
35:00:36	19.1	0.091	0.092	0.094	0.092	0.093	0.092	0.091	0.092	0.091	0.091	0.092	0.092	0.094	0.094	0.177	0.095	0.099	0.230	0.098	0.101	0.204	0.104	0.231	0.093	0.092	0.095	0.095	0.199	0.198	0.101	0.102	0.102	0.102	0.210	0.109	0.092	0.098	0.200	0.096	0.100	0.096	0.101	0.103	0.208	0.106	0.097	0.111	0.092	0.090	0.095	0.171	0.100	0.206	0.099	0.234	0.101	0.196	0.108	0.108	0.091	0.091	0.164	0.096	0.098	0.097	0.216	0.099	0.202	0.104	0.107	0.108	0.091	0.091	0.093	0.098	0.199	0.097	0.096	0.105	0.103	0.099	0.102	0.102	0.091	0.092	0.093	0.092	0.093	0.093	0.093	0.092	0.093	0.092	0.091	0.094	0.092
36:00:36	19.1	0.091	0.092	0.094	0.092	0.093	0.092	0.091	0.092	0.091	0.091	0.093	0.092	0.094	0.094	0.187	0.095	0.099	0.244	0.099	0.101	0.215	0.104	0.242	0.093	0.092	0.096	0.094	0.208	0.209	0.102	0.102	0.103	0.102	0.219	0.110	0.092	0.098	0.209	0.096	0.099	0.096	0.102	0.103	0.217	0.107	0.097	0.111	0.091	0.090	0.095	0.180	0.099	0.219	0.099	0.245	0.101	0.204	0.107	0.109	0.091	0.091	0.171	0.096	0.098	0.097	0.227	0.099	0.212	0.104	0.107	0.108	0.091	0.091	0.093	0.098	0.208	0.098	0.096	0.105	0.103	0.099	0.103	0.103	0.091	0.092	0.093	0.092	0.093	0.093	0.093	0.092	0.093	0.092	0.092	0.094	0.092
37:00:37	19.1	0.091	0.092	0.094	0.092	0.093	0.091	0.091	0.092	0.091	0.091	0.092	0.092	0.094	0.094	0.197	0.095	0.099	0.257	0.100	0.100	0.226	0.103	0.253	0.093	0.091	0.094	0.094	0.219	0.221	0.100	0.100	0.101	0.101	0.229	0.110	0.092	0.099	0.219	0.096	0.099	0.096	0.100	0.103	0.225	0.107	0.096	0.110	0.091	0.090	0.094	0.189	0.099	0.232	0.099	0.257	0.101	0.215	0.108	0.109	0.091	0.091	0.179	0.095	0.098	0.097	0.241	0.099	0.223	0.104	0.107	0.108	0.091	0.091	0.093	0.098	0.218	0.097	0.096	0.105	0.103	0.099	0.102	0.103	0.090	0.091	0.093	0.092	0.093	0.093	0.093	0.092	0.093	0.092	0.091	0.094	0.092
38:00:38	19.1	0.091	0.092	0.094	0.092	0.094	0.092	0.092	0.092	0.091	0.091	0.093	0.092	0.094	0.094	0.209	0.095	0.099	0.271	0.101	0.101	0.239	0.104	0.264	0.093	0.092	0.095	0.094	0.230	0.234	0.101	0.099	0.103	0.101	0.239	0.110	0.092	0.098	0.230	0.096	0.099	0.096	0.102	0.103	0.234	0.107	0.096	0.111	0.092	0.090	0.095	0.201	0.099	0.246	0.099	0.269	0.101	0.225	0.108	0.109	0.091	0.091	0.189	0.095	0.098	0.097	0.255	0.099	0.234	0.104	0.107	0.109	0.091	0.092	0.093	0.098	0.230	0.097	0.096	0.104	0.103	0.099	0.103	0.103	0.091	0.092	0.093	0.092	0.093	0.093	0.093	0.092	0.093	0.092	0.092	0.094	0.092
39:00:40	19.1	0.091	0.092	0.094	0.092	0.094	0.092	0.091	0.092	0.091	0.091	0.092	0.092	0.094	0.094	0.223	0.095	0.099	0.285	0.099	0.099	0.253	0.103	0.276	0.093	0.091	0.094	0.094	0.241	0.248	0.100	0.099	0.102	0.101	0.250	0.110	0.092	0.097	0.240	0.096	0.098	0.096	0.101	0.103	0.244	0.107	0.096	0.111	0.091	0.090	0.095	0.215	0.099	0.260	0.099	0.281	0.101	0.236	0.108	0.108	0.091	0.091	0.200	0.095	0.098	0.097	0.269	0.099	0.246	0.104	0.106	0.109	0.091	0.091	0.093	0.098	0.241	0.097	0.096	0.104	0.103	0.099	0.102	0.103	0.091	0.092	0.093	0.092	0.093	0.093	0.093	0.092	0.093	0.092	0.092	0.094	0.092
40:00:40	19.2	0.092	0.092	0.094	0.092	0.094	0.092	0.091	0.092	0.091	0.092	0.093	0.092	0.094	0.094	0.237	0.095	0.099	0.299	0.097	0.100	0.267	0.103	0.288	0.093	0.092	0.095	0.094	0.253	0.263	0.100	0.100	0.101	0.102	0.260	0.110	0.093	0.099	0.251	0.096	0.098	0.096	0.100	0.103	0.253	0.107	0.096	0.111	0.091	0.091	0.095	0.229	0.099	0.275	0.099	0.294	0.101	0.248	0.108	0.109	0.091	0.092	0.213	0.095	0.098	0.097	0.283	0.099	0.257	0.104	0.107	0.108	0.091	0.092	0.093	0.098	0.254	0.097	0.096	0.104	0.103	0.099	0.103	0.104	0.091	0.092	0.093	0.092	0.093	0.093	0.093	0.092	0.093	0.092	0.092	0.094	0.092
41:00:41	19.3	0.092	0.092	0.094	0.092	0.094	0.092	0.092	0.092	0.092	0.092	0.093	0.092	0.094	0.094	0.253	0.095	0.099	0.312	0.099	0.099	0.281	0.103	0.301	0.093	0.092	0.094	0.094	0.266	0.277	0.100	0.100	0.100	0.101	0.272	0.110	0.092	0.099	0.261	0.096	0.098	0.096	0.098	0.104	0.263	0.108	0.096	0.111	0.092	0.091	0.095	0.245	0.099	0.290	0.099	0.306	0.101	0.257	0.108	0.109	0.091	0.091	0.227	0.095	0.099	0.097	0.296	0.099	0.269	0.104	0.106	0.109	0.091	0.092	0.093	0.098	0.267	0.098	0.096	0.104	0.103	0.099	0.103	0.103	0.091	0.092	0.093	0.092	0.093	0.093	0.093	0.092	0.093	0.092	0.092	0.094	0.092
42:00:42	19.2	0.092	0.092	0.094	0.092	0.094	0.092	0.091	0.092	0.091	0.091	0.093	0.092	0.094	0.094	0.269	0.095	0.099	0.325	0.099	0.098	0.295	0.102	0.313	0.093	0.092	0.094	0.094	0.277	0.291	0.100	0.099	0.101	0.101	0.283	0.109	0.092	0.098	0.271	0.096	0.099	0.096	0.100	0.104	0.273	0.107	0.096	0.111	0.092	0.091	0.094	0.261	0.099	0.303	0.099	0.320	0.101	0.267	0.108	0.109	0.091	0.091	0.243	0.095	0.098	0.097	0.308	0.099	0.280	0.104	0.106	0.109	0.092	0.091	0.093	0.098	0.279	0.097	0.096	0.104	0.103	0.098	0.103	0.103	0.091	0.092	0.093	0.092	0.093	0.093	0.093	0.092	0.093	0.092	0.092	0.094	0.092
43:00:44	19.1	0.092	0.092	0.094	0.092	0.094	0.092	0.091	0.092	0.091	0.091	0.093	0.092	0.094	0.094	0.284	0.094	0.099	0.338	0.097	0.099	0.310	0.103	0.325	0.093	0.091	0.094	0.094	0.291	0.307	0.099	0.098	0.100	0.101	0.295	0.110	0.092	0.099	0.281	0.096	0.098	0.096	0.099	0.104	0.282	0.108	0.097	0.111	0.092	0.090	0.094	0.275	0.099	0.318	0.099	0.332	0.101	0.278	0.108	0.108	0.091	0.091	0.259	0.095	0.098	0.097	0.321	0.099	0.292	0.104	0.106	0.109	0.091	0.092	0.093	0.098	0.290	0.097	0.096	0.103	0.103	0.099	0.103	0.104	0.091	0.092	0.093	0.092	0.093	0.093	0.093	0.092	0.093	0.092	0.092	0.094	0.092
44:00:45	19.1	0.091	0.092	0.094	0.092	0.093	0.091	0.091	0.092	0.091	0.091	0.092	0.092	0.094	0.093	0.299	0.094	0.099	0.349	0.098	0.098	0.322	0.102	0.335	0.092	0.091	0.094	0.094	0.303	0.322	0.098	0.099	0.100	0.100	0.306	0.109	0.092	0.099	0.291	0.095	0.097	0.096	0.098	0.104	0.292	0.108	0.096	0.110	0.091	0.090	0.094	0.289	0.099	0.330	0.098	0.344	0.101	0.289	0.107	0.108	0.090	0.091	0.274	0.095	0.097	0.097	0.333	0.098	0.303	0.103	0.106	0.108	0.091	0.091	0.093	0.097	0.303	0.097	0.096	0.103	0.103	0.098	0.102	0.104	0.090	0.092	0.093	0.092	0.093	0.093	0.092	0.092	0.093	0.091	0.091	0.094	0.092
45:00:45	19.0	0.091	0.092	0.094	0.092	0.094	0.091	0.091	0.092	0.091	0.091	0.092	0.092	0.094	0.094	0.314	0.094	0.099	0.361	0.098	0.097	0.334	0.102	0.347	0.093	0.091	0.094	0.094	0.315	0.337	0.099	0.098	0.100	0.100	0.317	0.109	0.092	0.099	0.301	0.096	0.097	0.096	0.098	0.105	0.300	0.108	0.096	0.110	0.092	0.090	0.094	0.303	0.098	0.344	0.099	0.356	0.101	0.300	0.108	0.108	0.090	0.091	0.292	0.095	0.098	0.097	0.345	0.098	0.314	0.103	0.106	0.108	0.091	0.091	0.093	0.097	0.316	0.097	0.096	0.103	0.103	0.098	0.103	0.104	0.090	0.092	0.093	0.092	0.093	0.093	0.093	0.092	0.093	0.092	0.091	0.094	0.092
46:00:47	18.9	0.091	0.092	0.094	0.092	0.094	0.092	0.092	0.092	0.091	0.091	0.093	0.092	0.094	0.094	0.328	0.095	0.099	0.371	0.097	0.097	0.344	0.103	0.357	0.093	0.092	0.094	0.094	0.327	0.351	0.099	0.099	0.100	0.101	0.328	0.110	0.092	0.100	0.311	0.095	0.097	0.096	0.097	0.105	0.310	0.108	0.096	0.111	0.092	0.091	0.094	0.315	0.099	0.358	0.099	0.368	0.101	0.312	0.108	0.108	0.091	0.092	0.308	0.095	0.098	0.097	0.357	0.099	0.325	0.103	0.106	0.108	0.091	0.092	0.093	0.097	0.328	0.097	0.096	0.103	0.103	0.099	0.103	0.105	0.091	0.092	0.093	0.092	0.093	0.093	0.093	0.092	0.093	0.092	0.092	0.094	0.092
47:00:47	19.0	0.091	0.092	0.094	0.092	0.093	0.092	0.091	0.092	0.091	0.091	0.093	0.092	0.094	0.094	0.341	0.095	0.099	0.381	0.097	0.096	0.355	0.102	0.367	0.093	0.092	0.094	0.094	0.337	0.363	0.099	0.098	0.100	0.101	0.338	0.110	0.092	0.099	0.321	0.095	0.097	0.096	0.097	0.106	0.319	0.108	0.096	0.111	0.091	0.090	0.094	0.327	0.099	0.371	0.099	0.380	0.101	0.322	0.108	0.108	0.091	0.091	0.323	0.095	0.098	0.097	0.368	0.099	0.336	0.103	0.105	0.108	0.091	0.091	0.093	0.097	0.342	0.097	0.096	0.103	0.103	0.099	0.103	0.105	0.091	0.092	0.093	0.092	0.093	0.093	0.093	0.092	0.093	0.092	0.092	0.094	0.092
48:00:48	19.0	0.092	0.092	0.094	0.092	0.094	0.092	0.092	0.092	0.091	0.091	0.093	0.092	0.094	0.094	0.354	0.094	0.099	0.391	0.096	0.096	0.366	0.102	0.377	0.093	0.092	0.094	0.094	0.348	0.375	0.099	0.098	0.100	0.100	0.347	0.109	0.092	0.098	0.331	0.095	0.097	0.096	0.097	0.106	0.329	0.108	0.096	0.110	0.092	0.090	0.094	0.339	0.099	0.383	0.099	0.390	0.101	0.332	0.108	0.108	0.091	0.091	0.337	0.095	0.097	0.097	0.380	0.099	0.346	0.103	0.105	0.108	0.091	0.092	0.093	0.098	0.355	0.097	0.096	0.103	0.103	0.099	0.103	0.105	0.091	0.092	0.094	0.092	0.093	0.093	0.093	0.092	0.093	0.092	0.092	0.094	0.092
49:00:49	19.1	0.091	0.092	0.094	0.092	0.094	0.092	0.092	0.092	0.091	0.091	0.093	0.092	0.094	0.094	0.366	0.094	0.099	0.403	0.097	0.097	0.376	0.102	0.386	0.093	0.091	0.094	0.094	0.357	0.386	0.099	0.097	0.099	0.100	0.358	0.109	0.092	0.098	0.340	0.095	0.097	0.096	0.097	0.106	0.338	0.108	0.096	0.110	0.091	0.090	0.094	0.351	0.098	0.395	0.099	0.402	0.101	0.343	0.108	0.108	0.091	0.091	0.349	0.095	0.097	0.097	0.390	0.098	0.356	0.102	0.105	0.108	0.091	0.091	0.093	0.097	0.368	0.097	0.096	0.103	0.102	0.098	0.103	0.105	0.090	0.092	0.093	0.092	0.093	0.093	0.093	0.092	0.093	0.092	0.092	0.094	0.092
50:00:49	19.2	0.091	0.092	0.094	0.092	0.093	0.092	0.092	0.092	0.091	0.091	0.093	0.092	0.093	0.094	0.377	0.095	0.099	0.412	0.096	0.096	0.386	0.102	0.396	0.093	0.092	0.093	0.094	0.368	0.398	0.098	0.097	0.099	0.100	0.367	0.109	0.092	0.098	0.350	0.095	0.096	0.096	0.097	0.106	0.347	0.108	0.096	0.110	0.091	0.090	0.094	0.362	0.099	0.407	0.099	0.412	0.101	0.353	0.107	0.108	0.091	0.091	0.362	0.095	0.097	0.097	0.401	0.099	0.366	0.103	0.105	0.108	0.091	0.092	0.093	0.097	0.380	0.098	0.096	0.103	0.102	0.098	0.103	0.105	0.090	0.092	0.093	0.092	0.093	0.092	0.093	0.092	0.093	0.092	0.092	0.094	0.092
51:00:51	19.2	0.092	0.092	0.094	0.092	0.094	0.092	0.092	0.092	0.091	0.091	0.093	0.092	0.094	0.094	0.388	0.094	0.099	0.422	0.096	0.096	0.396	0.101	0.405	0.093	0.092	0.094	0.094	0.377	0.409	0.098	0.097	0.099	0.100	0.377	0.109	0.092	0.099	0.360	0.095	0.096	0.096	0.097	0.107	0.356	0.108	0.096	0.110	0.092	0.090	0.094	0.373	0.099	0.418	0.099	0.423	0.101	0.363	0.107	0.108	0.091	0.091	0.373	0.095	0.097	0.098	0.411	0.099	0.376	0.103	0.105	0.108	0.091	0.091	0.093	0.097	0.390	0.098	0.096	0.103	0.102	0.098	0.103	0.105	0.091	0.092	0.093	0.092	0.093	0.093	0.093	0.092	0.093	0.092	0.092	0.094	0.092
52:00:51	19.3	0.091	0.092	0.094	0.092	0.093	0.091	0.091	0.092	0.091	0.091	0.093	0.092	0.093	0.094	0.397	0.094	0.099	0.431	0.096	0.096	0.405	0.101	0.413	0.093	0.091	0.093	0.094	0.387	0.418	0.098	0.097	0.099	0.099	0.386	0.108	0.092	0.100	0.370	0.095	0.096	0.096	0.097	0.108	0.365	0.108	0.096	0.110	0.091	0.090	0.094	0.384	0.098	0.429	0.099	0.433	0.101	0.372	0.107	0.107	0.090	0.091	0.384	0.095	0.097	0.097	0.420	0.098	0.387	0.102	0.104	0.108	0.091	0.091	0.093	0.097	0.401	0.098	0.096	0.103	0.102	0.098	0.102	0.105	0.090	0.092	0.093	0.092	0.093	0.093	0.093	0.092	0.093	0.092	0.092	0.094	0.092
53:00:52	19.3	0.091	0.092	0.094	0.092	0.094	0.091	0.091	0.092	0.091	0.091	0.092	0.092	0.094	0.094	0.406	0.094	0.099	0.439	0.096	0.096	0.414	0.101	0.421	0.093	0.092	0.094	0.094	0.395	0.428	0.098	0.097	0.098	0.099	0.394	0.108	0.092	0.099	0.381	0.095	0.096	0.096	0.097	0.108	0.374	0.108	0.096	0.110	0.091	0.091	0.094	0.395	0.099	0.439	0.099	0.445	0.101	0.381	0.107	0.107	0.091	0.091	0.395	0.095	0.097	0.097	0.430	0.099	0.397	0.102	0.104	0.108	0.091	0.092	0.093	0.097	0.412	0.098	0.096	0.103	0.102	0.098	0.103	0.105	0.091	0.092	0.093	0.092	0.093	0.093	0.093	0.092	0.093	0.092	0.092	0.094	0.092
54:00:54	19.3	0.092	0.092	0.094	0.092	0.094	0.092	0.091	0.092	0.091	0.091	0.093	0.092	0.093	0.093	0.417	0.094	0.099	0.449	0.096	0.096	0.422	0.100	0.431	0.093	0.091	0.093	0.094	0.405	0.438	0.098	0.097	0.098	0.099	0.403	0.109	0.092	0.100	0.389	0.095	0.096	0.096	0.097	0.109	0.383	0.108	0.096	0.110	0.092	0.090	0.094	0.405	0.098	0.448	0.099	0.455	0.100	0.390	0.107	0.107	0.091	0.091	0.406	0.095	0.097	0.098	0.439	0.098	0.407	0.102	0.104	0.107	0.091	0.092	0.092	0.097	0.422	0.098	0.096	0.103	0.102	0.098	0.103	0.105	0.091	0.092	0.093	0.092	0.093	0.093	0.093	0.092	0.093	0.092	0.092	0.094	0.092
55:00:54	19.3	0.091	0.092	0.094	0.092	0.094	0.092	0.091	0.092	0.091	0.091	0.093	0.092	0.093	0.093	0.424	0.094	0.100	0.457	0.096	0.096	0.430	0.101	0.439	0.093	0.092	0.093	0.094	0.413	0.447	0.098	0.097	0.099	0.099	0.412	0.108	0.092	0.100	0.399	0.095	0.096	0.096	0.097	0.110	0.392	0.108	0.096	0.109	0.091	0.090	0.094	0.414	0.098	0.459	0.100	0.464	0.100	0.399	0.107	0.107	0.091	0.091	0.416	0.095	0.097	0.098	0.450	0.099	0.416	0.102	0.104	0.107	0.091	0.092	0.092	0.097	0.434	0.098	0.096	0.103	0.102	0.098	0.102	0.105	0.091	0.092	0.093	0.092	0.093	0.093	0.093	0.092	0.093	0.092	0.092	0.094	0.092
56:00:55	19.3	0.091	0.092	0.094	0.092	0.094	0.092	0.092	0.092	0.091	0.091	0.093	0.092	0.094	0.094	0.434	0.095	0.100	0.467	0.096	0.096	0.438	0.101	0.447	0.093	0.092	0.093	0.094	0.421	0.455	0.098	0.097	0.099	0.099	0.420	0.109	0.092	0.099	0.409	0.094	0.096	0.096	0.097	0.111	0.401	0.108	0.096	0.109	0.091	0.090	0.094	0.423	0.098	0.467	0.100	0.475	0.100	0.408	0.107	0.107	0.091	0.092	0.427	0.095	0.097	0.098	0.460	0.099	0.426	0.102	0.103	0.107	0.091	0.092	0.093	0.097	0.443	0.098	0.097	0.103	0.102	0.098	0.103	0.106	0.091	0.092	0.093	0.092	0.093	0.093	0.093	0.092	0.093	0.092	0.092	0.094	0.092
57:00:56	19.3	0.092	0.092	0.094	0.092	0.094	0.092	0.091	0.092	0.091	0.091	0.092	0.092	0.094	0.094	0.443	0.094	0.100	0.474	0.096	0.096	0.451	0.101	0.455	0.092	0.092	0.093	0.094	0.429	0.464	0.099	0.097	0.098	0.099	0.427	0.109	0.092	0.099	0.417	0.094	0.096	0.096	0.097	0.113	0.408	0.108	0.096	0.109	0.092	0.090	0.094	0.432	0.098	0.477	0.100	0.484	0.100	0.416	0.106	0.107	0.091	0.091	0.437	0.095	0.097	0.098	0.469	0.099	0.434	0.102	0.103	0.107	0.091	0.092	0.093	0.097	0.453	0.098	0.097	0.103	0.102	0.098	0.103	0.106	0.091	0.092	0.093	0.092	0.093	0.093	0.093	0.092	0.093	0.092	0.092	0.094	0.092
58:00:57	19.4	0.092	0.092	0.094	0.092	0.094	0.092	0.092	0.092	0.091	0.092	0.093	0.092	0.094	0.094	0.450	0.094	0.101	0.482	0.096	0.096	0.453	0.100	0.462	0.093	0.092	0.093	0.094	0.436	0.474	0.099	0.097	0.099	0.099	0.435	0.109	0.092	0.099	0.428	0.094	0.096	0.096	0.097	0.115	0.418	0.107	0.096	0.109	0.091	0.090	0.093	0.440	0.098	0.487	0.101	0.494	0.100	0.423	0.106	0.107	0.090	0.091	0.448	0.095	0.097	0.098	0.478	0.099	0.443	0.102	0.103	0.107	0.091	0.092	0.093	0.097	0.463	0.098	0.097	0.103	0.101	0.098	0.102	0.106	0.091	0.092	0.093	0.093	0.093	0.093	0.093	0.092	0.093	0.092	0.092	0.094	0.092
59:00:58	19.4	0.092	0.092	0.094	0.092	0.094	0.092	0.092	0.092	0.091	0.092	0.093	0.092	0.093	0.094	0.459	0.094	0.102	0.493	0.096	0.096	0.458	0.100	0.470	0.093	0.092	0.093	0.094	0.445	0.483	0.098	0.097	0.099	0.099	0.443	0.109	0.092	0.099	0.437	0.095	0.096	0.097	0.097	0.117	0.425	0.107	0.096	0.109	0.092	0.090	0.093	0.449	0.098	0.497	0.101	0.504	0.100	0.432	0.106	0.107	0.091	0.091	0.458	0.095	0.097	0.098	0.489	0.099	0.451	0.101	0.103	0.107	0.091	0.092	0.093	0.097	0.472	0.098	0.097	0.103	0.102	0.098	0.102	0.107	0.091	0.092	0.093	0.092	0.093	0.093	0.093	0.092	0.093	0.092	0.092	0.094	0.092
60:00:59	19.4	0.092	0.092	0.094	0.092	0.093	0.091	0.091	0.092	0.091	0.091	0.092	0.092	0.094	0.094	0.468	0.094	0.104	0.502	0.096	0.096	0.465	0.101	0.477	0.093	0.092	0.093	0.094	0.452	0.491	0.099	0.096	0.098	0.099	0.450	0.109	0.092	0.099	0.446	0.094	0.096	0.097	0.097	0.119	0.433	0.107	0.096	0.108	0.091	0.090	0.093	0.458	0.098	0.506	0.102	0.515	0.100	0.440	0.106	0.106	0.090	0.091	0.467	0.095	0.097	0.098	0.499	0.099	0.461	0.101	0.102	0.107	0.090	0.092	0.093	0.097	0.483	0.098	0.096	0.103	0.101	0.098	0.102	0.107	0.091	0.092	0.093	0.092	0.093	0.092	0.093	0.092	0.093	0.092	0.092	0.094	0.092
61:00:59	19.4	0.091	0.092	0.094	0.092	0.093	0.091	0.091	0.092	0.091	0.091	0.093	0.092	0.093	0.093	0.475	0.094	0.105	0.512	0.095	0.096	0.472	0.101	0.485	0.092	0.092	0.093	0.094	0.461	0.502	0.099	0.097	0.099	0.099	0.459	0.109	0.092	0.099	0.455	0.094	0.096	0.097	0.097	0.121	0.441	0.107	0.096	0.108	0.091	0.091	0.093	0.466	0.097	0.516	0.102	0.523	0.099	0.448	0.106	0.106	0.090	0.091	0.476	0.094	0.097	0.098	0.510	0.099	0.469	0.101	0.102	0.106	0.090	0.092	0.092	0.097	0.491	0.098	0.097	0.102	0.101	0.098	0.102	0.107	0.090	0.092	0.093	0.092	0.093	0.093	0.093	0.092	0.093	0.092	0.092	0.094	0.092
62:01:00	19.4	0.091	0.092	0.094	0.092	0.094	0.092	0.091	0.092	0.091	0.091	0.093	0.092	0.093	0.094	0.482	0.094	0.108	0.520	0.096	0.096	0.479	0.101	0.494	0.092	0.092	0.093	0.094	0.467	0.511	0.099	0.097	0.099	0.099	0.466	0.110	0.092	0.098	0.464	0.094	0.096	0.098	0.097	0.124	0.450	0.107	0.096	0.108	0.092	0.090	0.093	0.475	0.097	0.526	0.104	0.533	0.099	0.457	0.106	0.106	0.091	0.091	0.486	0.095	0.097	0.098	0.518	0.100	0.478	0.101	0.102	0.106	0.091	0.092	0.093	0.097	0.502	0.098	0.097	0.102	0.101	0.098	0.102	0.109	0.091	0.092	0.093	0.092	0.093	0.093	0.093	0.092	0.093	0.092	0.092	0.094	0.092
63:01:02	19.4	0.091	0.092	0.094	0.092	0.094	0.092	0.091	0.092	0.091	0.092	0.092	0.092	0.094	0.093	0.488	0.095	0.111	0.531	0.096	0.096	0.487	0.101	0.501	0.093	0.092	0.093	0.094	0.475	0.521	0.100	0.097	0.099	0.099	0.474	0.110	0.093	0.098	0.472	0.094	0.096	0.099	0.097	0.126	0.458	0.107	0.096	0.108	0.091	0.090	0.093	0.484	0.098	0.535	0.106	0.543	0.099	0.465	0.106	0.106	0.091	0.091	0.496	0.095	0.097	0.098	0.528	0.100	0.487	0.101	0.102	0.107	0.091	0.092	0.093	0.097	0.512	0.098	0.097	0.102	0.101	0.098	0.102	0.109	0.090	0.092	0.093	0.092	0.093	0.093	0.093	0.092	0.093	0.092	0.092	0.094	0.092
64:01:03	19.5	0.092	0.092	0.094	0.092	0.094	0.091	0.092	0.092	0.091	0.092	0.093	0.092	0.094	0.094	0.496	0.095	0.115	0.538	0.096	0.096	0.492	0.101	0.509	0.093	0.092	0.093	0.094	0.483	0.530	0.101	0.097	0.099	0.099	0.482	0.110	0.092	0.098	0.481	0.094	0.096	0.100	0.097	0.129	0.466	0.107	0.096	0.108	0.092	0.091	0.093	0.492	0.097	0.544	0.108	0.551	0.099	0.472	0.105	0.106	0.091	0.091	0.505	0.095	0.097	0.098	0.538	0.100	0.496	0.101	0.102	0.107	0.091	0.092	0.093	0.097	0.522	0.098	0.098	0.103	0.101	0.098	0.102	0.110	0.091	0.092	0.093	0.092	0.093	0.093	0.093	0.092	0.093	0.092	0.092	0.094	0.092
65:01:04	19.5	0.091	0.092	0.094	0.092	0.093	0.092	0.091	0.092	0.091	0.091	0.093	0.092	0.094	0.094	0.504	0.094	0.118	0.548	0.096	0.096	0.499	0.101	0.516	0.093	0.092	0.093	0.093	0.490	0.539	0.102	0.097	0.100	0.099	0.489	0.110	0.092	0.098	0.488	0.094	0.096	0.101	0.097	0.131	0.474	0.107	0.096	0.107	0.091	0.090	0.093	0.500	0.097	0.554	0.110	0.561	0.099	0.480	0.105	0.105	0.091	0.091	0.514	0.095	0.096	0.098	0.546	0.101	0.504	0.101	0.102	0.106	0.091	0.091	0.093	0.097	0.531	0.098	0.097	0.102	0.101	0.097	0.102	0.112	0.091	0.092	0.093	0.092	0.093	0.093	0.092	0.092	0.093	0.092	0.092	0.094	0.092
66:01:03	19.5	0.091	0.092	0.094	0.092	0.094	0.091	0.091	0.092	0.091	0.091	0.092	0.092	0.093	0.094	0.513	0.094	0.123	0.557	0.097	0.096	0.505	0.102	0.522	0.092	0.092	0.093	0.094	0.498	0.549	0.105	0.098	0.101	0.099	0.495	0.110	0.092	0.099	0.496	0.094	0.096	0.103	0.098	0.134	0.482	0.107	0.096	0.107	0.091	0.090	0.093	0.509	0.097	0.562	0.113	0.571	0.099	0.488	0.105	0.106	0.091	0.091	0.523	0.095	0.097	0.098	0.557	0.102	0.512	0.101	0.101	0.106	0.091	0.092	0.092	0.097	0.539	0.098	0.098	0.102	0.101	0.097	0.102	0.114	0.091	0.092	0.093	0.092	0.093	0.093	0.093	0.092	0.093	0.092	0.092	0.094	0.092
67:01:05	19.5	0.092	0.092	0.094	0.092	0.094	0.092	0.092	0.092	0.091	0.091	0.093	0.092	0.094	0.093	0.519	0.094	0.128	0.566	0.097	0.096	0.511	0.102	0.530	0.092	0.092	0.094	0.094	0.504	0.558	0.107	0.098	0.101	0.099	0.502	0.110	0.092	0.098	0.503	0.094	0.096	0.105	0.098	0.137	0.490	0.106	0.096	0.107	0.092	0.090	0.093	0.516	0.097	0.570	0.116	0.579	0.099	0.496	0.105	0.105	0.091	0.091	0.531	0.095	0.096	0.099	0.565	0.103	0.520	0.100	0.101	0.106	0.091	0.092	0.093	0.097	0.547	0.098	0.098	0.102	0.101	0.097	0.102	0.115	0.091	0.092	0.093	0.092	0.093	0.093	0.093	0.092	0.093	0.092	0.092	0.094	0.092
68:01:05	19.5	0.091	0.092	0.094	0.092	0.093	0.091	0.091	0.092	0.091	0.091	0.092	0.092	0.094	0.094	0.525	0.094	0.133	0.575	0.097	0.096	0.517	0.103	0.536	0.092	0.092	0.093	0.094	0.512	0.568	0.110	0.098	0.102	0.099	0.508	0.111	0.092	0.098	0.511	0.094	0.095	0.108	0.098	0.139	0.497	0.107	0.096	0.107	0.091	0.090	0.093	0.523	0.097	0.580	0.119	0.588	0.099	0.502	0.105	0.105	0.090	0.091	0.538	0.095	0.096	0.099	0.574	0.104	0.528	0.100	0.101	0.106	0.090	0.091	0.093	0.097	0.556	0.098	0.099	0.102	0.100	0.097	0.101	0.117	0.090	0.092	0.093	0.092	0.093	0.093	0.093	0.092	0.093	0.092	0.092	0.094	0.092
69:01:06	19.5	0.092	0.092	0.094	0.092	0.094	0.092	0.091	0.092	0.091	0.092	0.093	0.092	0.094	0.093	0.530	0.095	0.140	0.584	0.099	0.096	0.523	0.104	0.542	0.092	0.092	0.093	0.094	0.517	0.575	0.114	0.099	0.104	0.099	0.514	0.111	0.092	0.098	0.518	0.094	0.095	0.111	0.099	0.142	0.504	0.107	0.096	0.107	0.091	0.090	0.093	0.530	0.097	0.588	0.123	0.596	0.099	0.508	0.105	0.105	0.091	0.091	0.546	0.095	0.096	0.100	0.584	0.107	0.536	0.100	0.101	0.106	0.091	0.092	0.093	0.097	0.563	0.099	0.100	0.103	0.101	0.097	0.102	0.120	0.091	0.092	0.093	0.092	0.093	0.093	0.093	0.092	0.093	0.092	0.092	0.094	0.092
70:01:08	19.5	0.092	0.092	0.094	0.092	0.094	0.092	0.092	0.092	0.091	0.092	0.093	0.092	0.094	0.094	0.536	0.094	0.146	0.592	0.100	0.096	0.528	0.104	0.549	0.093	0.092	0.093	0.094	0.523	0.584	0.118	0.100	0.106	0.099	0.521	0.111	0.092	0.099	0.525	0.094	0.096	0.114	0.100	0.145	0.511	0.106	0.096	0.107	0.092	0.090	0.093	0.537	0.097	0.597	0.128	0.605	0.099	0.515	0.105	0.105	0.091	0.091	0.554	0.095	0.097	0.102	0.593	0.110	0.543	0.100	0.101	0.106	0.091	0.092	0.093	0.097	0.572	0.099	0.102	0.103	0.101	0.097	0.102	0.124	0.091	0.092	0.093	0.092	0.093	0.093	0.093	0.092	0.093	0.092	0.092	0.094	0.092
71:01:09	19.5	0.092	0.091	0.094	0.092	0.094	0.092	0.091	0.092	0.091	0.091	0.092	0.092	0.093	0.093	0.542	0.095	0.153	0.601	0.102	0.097	0.534	0.105	0.555	0.092	0.092	0.093	0.094	0.530	0.592	0.123	0.102	0.108	0.099	0.526	0.112	0.092	0.099	0.531	0.094	0.095	0.118	0.101	0.147	0.517	0.106	0.096	0.107	0.091	0.090	0.093	0.544	0.097	0.605	0.131	0.610	0.099	0.522	0.104	0.104	0.090	0.091	0.561	0.095	0.096	0.103	0.602	0.113	0.551	0.100	0.101	0.105	0.091	0.092	0.093	0.097	0.580	0.099	0.103	0.104	0.100	0.097	0.101	0.127	0.090	0.092	0.093	0.092	0.093	0.093	0.092	0.092	0.093	0.092	0.091	0.094	0.092
72:01:10	19.5	0.091	0.091	0.094	0.092	0.094	0.092	0.091	0.092	0.091	0.091	0.092	0.092	0.093	0.093	0.547	0.095	0.159	0.610	0.106	0.097	0.538	0.106	0.561	0.092	0.092	0.093	0.094	0.536	0.601	0.129	0.104	0.111	0.100	0.534	0.112	0.092	0.097	0.537	0.094	0.095	0.121	0.103	0.149	0.525	0.106	0.096	0.106	0.091	0.090	0.093	0.551	0.097	0.613	0.135	0.618	0.098	0.527	0.104	0.104	0.090	0.091	0.569	0.095	0.096	0.106	0.610	0.116	0.559	0.100	0.101	0.106	0.091	0.091	0.092	0.097	0.589	0.100	0.106	0.105	0.100	0.097	0.101	0.131	0.090	0.092	0.093	0.092	0.093	0.093	0.093	0.092	0.093	0.092	0.092	0.094	0.092

