Time	T° 600	A1	A2	A3	A4	A5	A6	A7	A8	A9	A10	A11	A12	B1	B2	B3	B4	B5	B6	B7	B8	B9	B10	B11	B12	C1	C2	C3	C4	C5	C6	C7	C8	C9	C10	C11	C12	D1	D2	D3	D4	D5	D6	D7	D8	D9	D10	D11	D12	E1	E2	E3	E4	E5	E6	E7	E8	E9	E10	E11	E12	F1	F2	F3	F4	F5	F6	F7	F8	F9	F10	F11	F12	G1	G2	G3	G4	G5	G6	G7	G8	G9	G10	G11	G12	H1	H2	H3	H4	H5	H6	H7	H8	H9	H10	H11	H12
0:00:06	20.0	0.091	0.093	0.093	0.092	0.092	0.092	0.092	0.092	0.095	0.092	0.093	0.092	0.091	0.094	0.096	0.096	0.100	0.098	0.100	0.096	0.097	0.097	0.096	0.092	0.092	0.097	0.094	0.094	0.094	0.095	0.098	0.095	0.098	0.097	0.098	0.091	0.091	0.093	0.096	0.094	0.095	0.098	0.095	0.096	0.097	0.098	0.097	0.091	0.092	0.095	0.097	0.096	0.096	0.100	0.095	0.093	0.096	0.095	0.094	0.096	0.092	0.097	0.102	0.096	0.096	0.097	0.094	0.096	0.095	0.096	0.094	0.091	0.091	0.098	0.101	0.097	0.098	0.096	0.096	0.097	0.094	0.096	0.096	0.091	0.091	0.093	0.093	0.093	0.092	0.093	0.092	0.094	0.092	0.093	0.094	0.092
1:00:05	20.0	0.091	0.093	0.093	0.092	0.092	0.091	0.092	0.092	0.091	0.092	0.093	0.092	0.091	0.094	0.096	0.096	0.100	0.099	0.100	0.097	0.097	0.097	0.096	0.092	0.092	0.097	0.094	0.094	0.094	0.095	0.098	0.095	0.099	0.097	0.098	0.091	0.091	0.094	0.096	0.093	0.096	0.098	0.095	0.096	0.097	0.099	0.097	0.091	0.091	0.095	0.097	0.096	0.096	0.102	0.095	0.093	0.097	0.095	0.095	0.096	0.092	0.097	0.103	0.097	0.096	0.096	0.094	0.097	0.096	0.095	0.095	0.091	0.091	0.099	0.101	0.096	0.097	0.096	0.096	0.097	0.094	0.096	0.096	0.090	0.091	0.093	0.093	0.093	0.092	0.092	0.092	0.093	0.092	0.093	0.094	0.092
2:00:05	20.0	0.091	0.093	0.093	0.092	0.093	0.091	0.092	0.092	0.092	0.092	0.093	0.092	0.091	0.094	0.097	0.096	0.100	0.099	0.101	0.098	0.097	0.098	0.096	0.092	0.092	0.098	0.094	0.095	0.095	0.096	0.099	0.096	0.100	0.097	0.099	0.091	0.091	0.094	0.097	0.094	0.096	0.100	0.096	0.096	0.097	0.101	0.097	0.091	0.092	0.095	0.097	0.097	0.096	0.103	0.095	0.094	0.098	0.095	0.095	0.096	0.092	0.098	0.104	0.097	0.096	0.097	0.094	0.098	0.097	0.096	0.095	0.091	0.091	0.100	0.102	0.097	0.098	0.097	0.096	0.097	0.095	0.097	0.097	0.091	0.091	0.093	0.093	0.093	0.092	0.093	0.092	0.094	0.092	0.094	0.094	0.092
3:00:06	19.9	0.091	0.093	0.093	0.092	0.092	0.091	0.092	0.092	0.094	0.092	0.093	0.092	0.091	0.095	0.097	0.097	0.102	0.101	0.102	0.098	0.097	0.098	0.096	0.092	0.092	0.099	0.094	0.095	0.095	0.096	0.100	0.096	0.101	0.097	0.099	0.091	0.091	0.094	0.098	0.094	0.097	0.100	0.096	0.096	0.098	0.101	0.097	0.091	0.092	0.096	0.097	0.097	0.097	0.103	0.096	0.094	0.099	0.095	0.095	0.097	0.092	0.098	0.106	0.097	0.097	0.097	0.094	0.098	0.097	0.096	0.095	0.091	0.091	0.101	0.103	0.097	0.098	0.098	0.097	0.098	0.095	0.097	0.097	0.091	0.091	0.093	0.093	0.093	0.093	0.092	0.092	0.094	0.092	0.094	0.094	0.092
4:00:07	19.8	0.091	0.092	0.093	0.092	0.092	0.091	0.092	0.092	0.092	0.092	0.093	0.092	0.090	0.095	0.098	0.097	0.104	0.101	0.103	0.099	0.097	0.098	0.096	0.092	0.092	0.100	0.095	0.095	0.095	0.096	0.101	0.096	0.100	0.097	0.100	0.091	0.091	0.095	0.099	0.094	0.098	0.101	0.096	0.097	0.098	0.102	0.097	0.091	0.092	0.096	0.097	0.097	0.097	0.105	0.096	0.094	0.099	0.096	0.095	0.097	0.092	0.098	0.107	0.097	0.097	0.097	0.095	0.099	0.098	0.096	0.095	0.091	0.091	0.100	0.104	0.097	0.098	0.098	0.097	0.098	0.095	0.097	0.098	0.091	0.091	0.093	0.093	0.093	0.093	0.093	0.092	0.093	0.092	0.093	0.094	0.092
5:00:08	19.8	0.091	0.092	0.093	0.092	0.092	0.091	0.092	0.092	0.092	0.092	0.093	0.092	0.090	0.095	0.099	0.097	0.104	0.100	0.104	0.099	0.097	0.099	0.096	0.092	0.092	0.101	0.095	0.096	0.095	0.096	0.100	0.096	0.100	0.097	0.100	0.091	0.091	0.095	0.099	0.094	0.098	0.102	0.096	0.097	0.098	0.103	0.097	0.091	0.092	0.096	0.097	0.097	0.097	0.104	0.096	0.094	0.101	0.096	0.096	0.096	0.092	0.098	0.108	0.098	0.097	0.097	0.095	0.098	0.098	0.096	0.095	0.091	0.091	0.103	0.104	0.097	0.098	0.098	0.097	0.098	0.096	0.097	0.098	0.091	0.091	0.093	0.093	0.093	0.092	0.092	0.092	0.093	0.092	0.093	0.094	0.092
6:00:09	19.7	0.091	0.093	0.093	0.092	0.092	0.092	0.092	0.092	0.093	0.092	0.093	0.092	0.091	0.095	0.099	0.098	0.102	0.102	0.103	0.100	0.097	0.099	0.097	0.092	0.092	0.101	0.095	0.096	0.095	0.096	0.102	0.097	0.101	0.098	0.101	0.092	0.091	0.096	0.100	0.094	0.099	0.103	0.097	0.098	0.098	0.104	0.097	0.092	0.093	0.097	0.098	0.098	0.098	0.105	0.097	0.095	0.102	0.097	0.097	0.097	0.092	0.099	0.110	0.098	0.097	0.097	0.095	0.098	0.099	0.096	0.095	0.091	0.091	0.102	0.104	0.097	0.098	0.099	0.097	0.099	0.097	0.098	0.099	0.091	0.091	0.093	0.093	0.093	0.092	0.092	0.092	0.094	0.092	0.094	0.094	0.092
7:00:10	19.7	0.091	0.093	0.093	0.093	0.092	0.092	0.092	0.092	0.093	0.092	0.093	0.092	0.091	0.095	0.100	0.098	0.101	0.105	0.103	0.100	0.097	0.100	0.097	0.092	0.092	0.103	0.095	0.097	0.096	0.096	0.101	0.098	0.101	0.098	0.102	0.091	0.091	0.096	0.100	0.094	0.100	0.103	0.097	0.098	0.098	0.106	0.097	0.092	0.093	0.098	0.098	0.099	0.098	0.105	0.097	0.094	0.103	0.097	0.097	0.096	0.092	0.098	0.111	0.098	0.097	0.098	0.095	0.098	0.099	0.097	0.096	0.091	0.091	0.100	0.103	0.097	0.098	0.099	0.097	0.100	0.097	0.100	0.099	0.091	0.091	0.093	0.093	0.094	0.093	0.092	0.092	0.094	0.092	0.093	0.094	0.092
8:00:10	19.6	0.091	0.092	0.093	0.092	0.092	0.091	0.092	0.092	0.092	0.092	0.093	0.092	0.090	0.095	0.100	0.098	0.101	0.104	0.103	0.101	0.097	0.100	0.097	0.092	0.092	0.101	0.095	0.097	0.095	0.097	0.101	0.098	0.102	0.098	0.103	0.091	0.091	0.096	0.100	0.094	0.099	0.104	0.098	0.098	0.098	0.108	0.097	0.091	0.092	0.098	0.097	0.100	0.098	0.108	0.098	0.095	0.104	0.098	0.098	0.096	0.092	0.099	0.111	0.099	0.098	0.097	0.095	0.099	0.098	0.097	0.096	0.091	0.091	0.101	0.105	0.097	0.098	0.099	0.097	0.100	0.098	0.100	0.100	0.091	0.091	0.093	0.092	0.093	0.092	0.092	0.092	0.093	0.092	0.093	0.094	0.092
9:00:12	19.5	0.091	0.092	0.093	0.092	0.093	0.092	0.092	0.092	0.094	0.092	0.093	0.092	0.090	0.095	0.101	0.099	0.103	0.103	0.109	0.102	0.098	0.101	0.097	0.092	0.092	0.102	0.095	0.098	0.096	0.097	0.101	0.099	0.103	0.098	0.104	0.091	0.091	0.097	0.101	0.094	0.100	0.106	0.098	0.099	0.098	0.110	0.097	0.091	0.093	0.099	0.098	0.102	0.098	0.108	0.099	0.095	0.106	0.099	0.099	0.096	0.092	0.098	0.113	0.099	0.098	0.097	0.095	0.099	0.099	0.097	0.096	0.091	0.091	0.105	0.104	0.097	0.098	0.099	0.097	0.101	0.099	0.102	0.102	0.091	0.091	0.093	0.093	0.094	0.093	0.092	0.092	0.094	0.092	0.093	0.094	0.092
10:00:12	19.4	0.091	0.092	0.093	0.092	0.092	0.092	0.092	0.092	0.094	0.092	0.093	0.092	0.090	0.096	0.102	0.100	0.104	0.107	0.107	0.103	0.098	0.102	0.097	0.092	0.092	0.107	0.096	0.099	0.096	0.097	0.100	0.101	0.104	0.098	0.106	0.092	0.091	0.098	0.102	0.094	0.100	0.107	0.099	0.100	0.099	0.112	0.097	0.092	0.093	0.101	0.108	0.102	0.098	0.109	0.101	0.095	0.108	0.101	0.101	0.096	0.092	0.099	0.113	0.100	0.099	0.098	0.096	0.099	0.100	0.098	0.096	0.091	0.091	0.107	0.105	0.097	0.098	0.100	0.098	0.102	0.101	0.104	0.104	0.091	0.091	0.093	0.093	0.094	0.092	0.093	0.092	0.094	0.092	0.094	0.094	0.092
11:00:13	19.4	0.091	0.093	0.093	0.092	0.093	0.092	0.092	0.092	0.094	0.092	0.093	0.092	0.090	0.095	0.104	0.101	0.105	0.108	0.105	0.105	0.098	0.104	0.097	0.092	0.092	0.102	0.096	0.099	0.096	0.097	0.101	0.102	0.112	0.099	0.107	0.091	0.091	0.099	0.102	0.094	0.100	0.108	0.101	0.102	0.099	0.113	0.097	0.092	0.093	0.102	0.109	0.102	0.097	0.109	0.102	0.095	0.109	0.103	0.102	0.097	0.092	0.099	0.112	0.100	0.099	0.097	0.096	0.100	0.100	0.098	0.097	0.091	0.091	0.106	0.104	0.097	0.098	0.101	0.097	0.104	0.103	0.106	0.106	0.091	0.091	0.093	0.093	0.094	0.092	0.093	0.092	0.094	0.092	0.094	0.094	0.092
12:00:15	19.3	0.091	0.093	0.093	0.092	0.093	0.091	0.092	0.092	0.094	0.092	0.093	0.092	0.090	0.096	0.105	0.102	0.106	0.107	0.108	0.106	0.098	0.105	0.097	0.092	0.092	0.110	0.096	0.100	0.096	0.098	0.101	0.104	0.114	0.099	0.110	0.091	0.091	0.100	0.103	0.094	0.100	0.110	0.102	0.104	0.099	0.115	0.097	0.091	0.093	0.103	0.110	0.102	0.097	0.108	0.104	0.095	0.111	0.106	0.104	0.096	0.092	0.099	0.115	0.101	0.100	0.098	0.096	0.101	0.100	0.098	0.097	0.091	0.091	0.105	0.102	0.097	0.098	0.101	0.098	0.105	0.105	0.109	0.109	0.091	0.091	0.093	0.093	0.093	0.093	0.093	0.092	0.094	0.092	0.093	0.094	0.092
13:00:16	19.3	0.091	0.093	0.093	0.093	0.093	0.092	0.092	0.093	0.094	0.092	0.093	0.093	0.091	0.096	0.107	0.103	0.108	0.111	0.108	0.108	0.099	0.108	0.098	0.093	0.092	0.107	0.096	0.102	0.096	0.098	0.100	0.107	0.113	0.099	0.112	0.092	0.092	0.101	0.103	0.095	0.102	0.112	0.104	0.106	0.099	0.118	0.097	0.092	0.094	0.104	0.110	0.103	0.097	0.109	0.107	0.096	0.114	0.109	0.107	0.096	0.092	0.099	0.113	0.102	0.101	0.098	0.096	0.102	0.101	0.099	0.098	0.091	0.091	0.107	0.102	0.097	0.098	0.102	0.098	0.108	0.108	0.113	0.112	0.091	0.092	0.094	0.093	0.094	0.093	0.093	0.092	0.094	0.093	0.094	0.094	0.092
14:00:16	19.3	0.091	0.092	0.093	0.092	0.092	0.091	0.092	0.092	0.091	0.092	0.093	0.092	0.090	0.096	0.108	0.104	0.109	0.111	0.104	0.109	0.099	0.110	0.097	0.092	0.092	0.111	0.095	0.103	0.096	0.097	0.100	0.109	0.114	0.099	0.114	0.091	0.091	0.102	0.104	0.094	0.101	0.113	0.106	0.107	0.099	0.120	0.097	0.091	0.093	0.106	0.098	0.103	0.096	0.109	0.109	0.095	0.117	0.112	0.110	0.097	0.092	0.099	0.118	0.103	0.101	0.098	0.097	0.102	0.101	0.099	0.097	0.091	0.091	0.108	0.101	0.097	0.098	0.103	0.098	0.110	0.111	0.116	0.115	0.091	0.091	0.093	0.093	0.093	0.093	0.092	0.092	0.093	0.092	0.093	0.094	0.092
15:00:18	19.5	0.091	0.093	0.093	0.093	0.093	0.092	0.092	0.093	0.092	0.092	0.093	0.093	0.091	0.096	0.110	0.105	0.113	0.112	0.106	0.111	0.099	0.113	0.098	0.092	0.092	0.108	0.096	0.104	0.096	0.098	0.100	0.112	0.120	0.099	0.117	0.091	0.092	0.105	0.106	0.094	0.102	0.115	0.108	0.111	0.100	0.123	0.097	0.092	0.093	0.109	0.099	0.104	0.096	0.109	0.112	0.096	0.119	0.117	0.114	0.096	0.092	0.099	0.119	0.104	0.103	0.098	0.098	0.104	0.102	0.099	0.098	0.091	0.091	0.110	0.101	0.097	0.098	0.104	0.098	0.113	0.116	0.121	0.119	0.091	0.091	0.093	0.093	0.094	0.093	0.093	0.092	0.094	0.092	0.094	0.094	0.092
16:00:19	19.6	0.091	0.093	0.093	0.092	0.092	0.091	0.092	0.092	0.092	0.092	0.093	0.092	0.090	0.096	0.113	0.107	0.117	0.114	0.108	0.112	0.099	0.116	0.098	0.092	0.092	0.109	0.096	0.106	0.096	0.098	0.100	0.116	0.119	0.100	0.120	0.091	0.092	0.107	0.107	0.094	0.103	0.117	0.111	0.113	0.100	0.128	0.097	0.092	0.093	0.112	0.099	0.106	0.096	0.108	0.115	0.096	0.123	0.122	0.118	0.096	0.092	0.099	0.118	0.106	0.104	0.098	0.098	0.105	0.102	0.100	0.098	0.091	0.091	0.111	0.100	0.096	0.098	0.105	0.098	0.117	0.120	0.126	0.123	0.091	0.091	0.093	0.093	0.094	0.092	0.093	0.092	0.094	0.092	0.093	0.094	0.092
17:00:20	19.7	0.091	0.093	0.093	0.093	0.093	0.092	0.092	0.092	0.092	0.092	0.093	0.092	0.091	0.096	0.115	0.109	0.120	0.114	0.104	0.115	0.099	0.120	0.099	0.092	0.092	0.113	0.096	0.108	0.096	0.098	0.099	0.120	0.125	0.100	0.125	0.091	0.091	0.110	0.108	0.094	0.105	0.120	0.114	0.117	0.100	0.133	0.097	0.092	0.094	0.116	0.099	0.107	0.096	0.109	0.119	0.096	0.128	0.127	0.124	0.096	0.092	0.099	0.122	0.108	0.106	0.099	0.099	0.107	0.101	0.100	0.098	0.091	0.091	0.112	0.101	0.097	0.098	0.107	0.099	0.121	0.126	0.131	0.127	0.091	0.092	0.093	0.093	0.094	0.093	0.093	0.092	0.094	0.093	0.094	0.094	0.092
18:00:22	19.7	0.091	0.093	0.093	0.092	0.092	0.092	0.092	0.092	0.092	0.092	0.093	0.092	0.090	0.096	0.118	0.111	0.119	0.116	0.102	0.117	0.099	0.124	0.099	0.092	0.092	0.111	0.096	0.110	0.096	0.098	0.099	0.125	0.125	0.100	0.130	0.091	0.091	0.113	0.110	0.094	0.106	0.123	0.117	0.121	0.100	0.134	0.097	0.092	0.093	0.120	0.099	0.108	0.096	0.110	0.123	0.096	0.132	0.131	0.129	0.096	0.092	0.099	0.123	0.110	0.108	0.098	0.100	0.108	0.102	0.100	0.099	0.091	0.091	0.112	0.100	0.096	0.097	0.109	0.098	0.125	0.131	0.136	0.132	0.091	0.091	0.093	0.093	0.093	0.093	0.093	0.092	0.094	0.092	0.094	0.094	0.092
19:00:21	19.6	0.091	0.093	0.093	0.092	0.092	0.092	0.092	0.092	0.092	0.092	0.093	0.092	0.090	0.096	0.118	0.114	0.122	0.118	0.107	0.120	0.099	0.129	0.099	0.092	0.092	0.116	0.096	0.112	0.096	0.098	0.099	0.130	0.127	0.100	0.134	0.091	0.091	0.116	0.111	0.094	0.108	0.124	0.120	0.124	0.100	0.139	0.097	0.091	0.093	0.123	0.099	0.109	0.095	0.108	0.126	0.096	0.137	0.135	0.133	0.096	0.092	0.099	0.122	0.112	0.110	0.098	0.100	0.110	0.103	0.101	0.099	0.091	0.091	0.113	0.099	0.096	0.097	0.110	0.098	0.130	0.134	0.140	0.137	0.091	0.091	0.093	0.093	0.093	0.092	0.092	0.092	0.093	0.092	0.093	0.094	0.092
20:00:22	19.6	0.091	0.093	0.093	0.092	0.092	0.092	0.092	0.092	0.092	0.092	0.093	0.092	0.090	0.096	0.121	0.117	0.125	0.122	0.105	0.123	0.099	0.134	0.099	0.092	0.092	0.115	0.096	0.115	0.096	0.098	0.098	0.134	0.131	0.100	0.139	0.092	0.091	0.119	0.113	0.094	0.110	0.128	0.123	0.128	0.100	0.142	0.097	0.092	0.093	0.126	0.099	0.111	0.096	0.108	0.129	0.097	0.140	0.139	0.137	0.097	0.092	0.099	0.128	0.115	0.112	0.098	0.101	0.112	0.103	0.101	0.099	0.091	0.091	0.114	0.099	0.096	0.097	0.113	0.098	0.134	0.138	0.145	0.141	0.091	0.091	0.093	0.093	0.093	0.093	0.093	0.092	0.093	0.092	0.094	0.094	0.092
21:00:23	19.5	0.091	0.093	0.093	0.092	0.092	0.091	0.092	0.092	0.091	0.092	0.093	0.092	0.090	0.096	0.124	0.120	0.128	0.125	0.105	0.127	0.099	0.138	0.099	0.092	0.092	0.115	0.096	0.118	0.096	0.098	0.098	0.137	0.134	0.100	0.142	0.091	0.091	0.123	0.115	0.094	0.112	0.131	0.126	0.131	0.101	0.145	0.097	0.092	0.093	0.130	0.099	0.113	0.095	0.108	0.132	0.097	0.143	0.142	0.140	0.096	0.092	0.098	0.128	0.118	0.115	0.099	0.102	0.115	0.102	0.102	0.099	0.091	0.091	0.116	0.099	0.096	0.097	0.115	0.098	0.137	0.141	0.149	0.144	0.091	0.091	0.093	0.093	0.093	0.092	0.092	0.092	0.094	0.092	0.094	0.094	0.092
22:00:23	19.5	0.091	0.093	0.093	0.092	0.092	0.092	0.092	0.092	0.092	0.092	0.093	0.092	0.090	0.096	0.128	0.124	0.131	0.128	0.106	0.130	0.100	0.142	0.099	0.092	0.092	0.123	0.096	0.122	0.096	0.098	0.098	0.141	0.137	0.101	0.145	0.091	0.091	0.127	0.117	0.094	0.114	0.135	0.129	0.134	0.101	0.146	0.097	0.092	0.093	0.133	0.098	0.115	0.095	0.107	0.135	0.097	0.146	0.145	0.144	0.096	0.092	0.098	0.130	0.121	0.118	0.099	0.104	0.117	0.102	0.102	0.099	0.091	0.091	0.118	0.099	0.096	0.097	0.118	0.098	0.140	0.144	0.151	0.147	0.091	0.091	0.093	0.093	0.093	0.092	0.093	0.092	0.094	0.092	0.093	0.094	0.092
23:00:25	19.5	0.091	0.092	0.093	0.092	0.093	0.092	0.092	0.092	0.092	0.092	0.093	0.093	0.090	0.096	0.133	0.128	0.134	0.132	0.104	0.133	0.100	0.147	0.100	0.092	0.092	0.122	0.096	0.126	0.096	0.098	0.098	0.144	0.141	0.101	0.148	0.092	0.092	0.131	0.120	0.094	0.118	0.139	0.131	0.138	0.101	0.150	0.097	0.092	0.093	0.137	0.099	0.118	0.096	0.108	0.137	0.097	0.148	0.149	0.147	0.096	0.092	0.098	0.133	0.125	0.121	0.099	0.105	0.120	0.103	0.103	0.100	0.091	0.091	0.120	0.099	0.096	0.097	0.121	0.098	0.143	0.146	0.154	0.150	0.091	0.092	0.093	0.093	0.093	0.092	0.093	0.092	0.094	0.092	0.094	0.094	0.092
24:00:25	19.6	0.091	0.092	0.093	0.092	0.092	0.091	0.092	0.092	0.091	0.092	0.093	0.092	0.090	0.095	0.138	0.133	0.139	0.137	0.105	0.136	0.099	0.150	0.100	0.092	0.092	0.126	0.096	0.130	0.096	0.097	0.097	0.147	0.143	0.101	0.151	0.091	0.091	0.135	0.123	0.093	0.121	0.142	0.134	0.140	0.101	0.151	0.097	0.091	0.093	0.141	0.098	0.121	0.095	0.107	0.140	0.097	0.149	0.152	0.150	0.096	0.092	0.098	0.135	0.129	0.125	0.098	0.107	0.123	0.103	0.103	0.100	0.091	0.091	0.123	0.099	0.096	0.097	0.125	0.098	0.145	0.149	0.155	0.152	0.091	0.091	0.093	0.093	0.093	0.092	0.092	0.092	0.093	0.092	0.093	0.094	0.092
25:00:26	19.5	0.091	0.092	0.093	0.093	0.092	0.091	0.092	0.092	0.092	0.092	0.093	0.092	0.090	0.095	0.144	0.138	0.144	0.142	0.102	0.139	0.100	0.155	0.100	0.092	0.092	0.130	0.096	0.134	0.095	0.098	0.097	0.150	0.147	0.101	0.154	0.092	0.091	0.140	0.127	0.094	0.126	0.147	0.137	0.143	0.102	0.154	0.096	0.092	0.093	0.144	0.098	0.125	0.095	0.107	0.143	0.097	0.152	0.155	0.154	0.096	0.092	0.098	0.137	0.134	0.130	0.098	0.110	0.126	0.103	0.104	0.100	0.091	0.091	0.126	0.099	0.096	0.097	0.130	0.098	0.149	0.153	0.158	0.155	0.091	0.092	0.093	0.093	0.093	0.093	0.093	0.092	0.094	0.092	0.093	0.094	0.092
26:00:28	19.5	0.091	0.093	0.093	0.092	0.093	0.092	0.092	0.092	0.092	0.092	0.093	0.092	0.090	0.095	0.150	0.144	0.147	0.146	0.105	0.143	0.100	0.159	0.100	0.092	0.092	0.136	0.095	0.140	0.095	0.098	0.097	0.154	0.150	0.102	0.157	0.091	0.091	0.144	0.131	0.093	0.131	0.152	0.140	0.147	0.102	0.157	0.097	0.092	0.093	0.148	0.098	0.130	0.095	0.107	0.147	0.097	0.155	0.160	0.158	0.096	0.092	0.098	0.139	0.138	0.135	0.098	0.113	0.130	0.104	0.104	0.100	0.091	0.091	0.130	0.098	0.096	0.097	0.136	0.098	0.152	0.156	0.161	0.159	0.091	0.092	0.093	0.093	0.094	0.093	0.093	0.092	0.094	0.092	0.094	0.094	0.092
27:00:29	19.5	0.091	0.093	0.093	0.093	0.093	0.091	0.092	0.092	0.092	0.092	0.093	0.092	0.090	0.095	0.157	0.150	0.152	0.152	0.102	0.146	0.100	0.165	0.100	0.092	0.092	0.141	0.095	0.145	0.095	0.097	0.097	0.158	0.154	0.102	0.161	0.091	0.092	0.149	0.136	0.094	0.137	0.157	0.143	0.151	0.102	0.161	0.096	0.091	0.093	0.153	0.098	0.135	0.095	0.107	0.151	0.097	0.158	0.164	0.163	0.096	0.092	0.098	0.142	0.143	0.141	0.098	0.116	0.133	0.103	0.104	0.101	0.091	0.091	0.135	0.099	0.096	0.097	0.141	0.098	0.155	0.160	0.164	0.162	0.091	0.092	0.093	0.093	0.093	0.093	0.093	0.092	0.094	0.092	0.094	0.094	0.092
28:00:28	19.4	0.091	0.092	0.093	0.092	0.092	0.092	0.092	0.092	0.091	0.092	0.093	0.092	0.091	0.095	0.165	0.157	0.159	0.159	0.104	0.150	0.100	0.171	0.100	0.092	0.092	0.144	0.095	0.151	0.095	0.097	0.097	0.163	0.157	0.102	0.165	0.091	0.091	0.155	0.141	0.094	0.143	0.164	0.147	0.156	0.102	0.164	0.097	0.092	0.093	0.159	0.098	0.141	0.095	0.107	0.156	0.098	0.162	0.169	0.168	0.096	0.092	0.098	0.147	0.149	0.147	0.098	0.119	0.137	0.103	0.105	0.101	0.091	0.091	0.140	0.100	0.096	0.097	0.148	0.098	0.160	0.165	0.167	0.167	0.091	0.092	0.093	0.093	0.093	0.093	0.093	0.092	0.094	0.092	0.094	0.094	0.092
29:00:30	19.3	0.091	0.093	0.093	0.093	0.093	0.092	0.092	0.092	0.092	0.092	0.093	0.092	0.091	0.095	0.175	0.166	0.167	0.167	0.103	0.155	0.100	0.177	0.101	0.092	0.092	0.150	0.095	0.157	0.095	0.097	0.097	0.168	0.162	0.102	0.170	0.091	0.092	0.162	0.148	0.094	0.149	0.172	0.152	0.161	0.102	0.170	0.097	0.092	0.093	0.165	0.098	0.148	0.095	0.106	0.161	0.098	0.167	0.175	0.174	0.096	0.092	0.098	0.153	0.155	0.153	0.098	0.123	0.142	0.103	0.106	0.101	0.091	0.091	0.146	0.098	0.096	0.097	0.155	0.098	0.164	0.170	0.172	0.172	0.091	0.091	0.093	0.093	0.093	0.093	0.093	0.092	0.093	0.092	0.094	0.094	0.092
30:00:32	19.3	0.091	0.093	0.093	0.093	0.093	0.092	0.092	0.092	0.092	0.092	0.093	0.092	0.090	0.094	0.186	0.175	0.177	0.176	0.102	0.161	0.100	0.184	0.101	0.092	0.092	0.158	0.095	0.164	0.095	0.097	0.096	0.174	0.166	0.102	0.176	0.091	0.091	0.170	0.154	0.094	0.157	0.180	0.157	0.167	0.102	0.175	0.097	0.092	0.093	0.173	0.098	0.154	0.095	0.106	0.167	0.098	0.172	0.182	0.181	0.096	0.092	0.097	0.159	0.161	0.161	0.098	0.128	0.147	0.103	0.105	0.101	0.091	0.091	0.153	0.099	0.096	0.097	0.163	0.098	0.170	0.176	0.178	0.178	0.091	0.091	0.093	0.093	0.093	0.093	0.093	0.092	0.094	0.092	0.093	0.094	0.092
31:00:33	19.3	0.091	0.092	0.093	0.092	0.093	0.091	0.092	0.092	0.091	0.092	0.093	0.092	0.090	0.094	0.198	0.185	0.187	0.187	0.102	0.167	0.100	0.192	0.101	0.092	0.092	0.166	0.095	0.172	0.095	0.097	0.096	0.180	0.173	0.102	0.183	0.091	0.091	0.178	0.161	0.093	0.164	0.189	0.163	0.173	0.102	0.182	0.097	0.091	0.093	0.182	0.097	0.162	0.094	0.107	0.174	0.097	0.178	0.189	0.188	0.095	0.092	0.097	0.166	0.168	0.168	0.098	0.133	0.152	0.102	0.106	0.101	0.091	0.091	0.159	0.100	0.095	0.096	0.171	0.097	0.176	0.182	0.186	0.185	0.091	0.092	0.093	0.093	0.093	0.092	0.093	0.092	0.093	0.092	0.093	0.094	0.092
32:00:33	19.2	0.091	0.092	0.093	0.092	0.092	0.091	0.092	0.092	0.091	0.092	0.093	0.092	0.090	0.094	0.209	0.194	0.198	0.198	0.102	0.173	0.100	0.200	0.101	0.092	0.092	0.175	0.095	0.181	0.094	0.097	0.096	0.187	0.179	0.102	0.190	0.091	0.091	0.189	0.170	0.093	0.172	0.200	0.171	0.180	0.102	0.189	0.097	0.091	0.093	0.192	0.097	0.169	0.094	0.105	0.182	0.098	0.186	0.196	0.196	0.095	0.092	0.097	0.175	0.176	0.177	0.098	0.138	0.159	0.102	0.106	0.102	0.091	0.091	0.166	0.098	0.096	0.096	0.181	0.097	0.182	0.189	0.193	0.193	0.091	0.091	0.093	0.093	0.093	0.092	0.092	0.092	0.093	0.092	0.093	0.094	0.091
33:00:33	19.2	0.091	0.092	0.093	0.092	0.093	0.092	0.092	0.092	0.092	0.092	0.093	0.092	0.090	0.094	0.222	0.205	0.211	0.211	0.101	0.181	0.100	0.209	0.102	0.092	0.092	0.186	0.095	0.190	0.095	0.097	0.096	0.195	0.187	0.103	0.198	0.092	0.091	0.200	0.179	0.093	0.181	0.212	0.179	0.188	0.103	0.197	0.097	0.092	0.093	0.202	0.097	0.177	0.095	0.106	0.190	0.098	0.194	0.204	0.206	0.095	0.092	0.097	0.184	0.185	0.187	0.098	0.143	0.167	0.102	0.106	0.102	0.091	0.091	0.175	0.099	0.096	0.096	0.193	0.097	0.189	0.197	0.202	0.203	0.091	0.092	0.093	0.093	0.093	0.092	0.092	0.092	0.093	0.092	0.093	0.094	0.092
34:00:35	19.1	0.091	0.093	0.093	0.093	0.093	0.091	0.092	0.092	0.091	0.092	0.093	0.092	0.090	0.094	0.231	0.217	0.224	0.223	0.101	0.189	0.100	0.219	0.102	0.092	0.092	0.197	0.095	0.202	0.095	0.097	0.096	0.203	0.196	0.103	0.207	0.092	0.091	0.211	0.189	0.093	0.191	0.223	0.187	0.195	0.103	0.207	0.097	0.092	0.093	0.213	0.097	0.187	0.095	0.104	0.199	0.098	0.203	0.212	0.218	0.096	0.092	0.097	0.196	0.195	0.199	0.098	0.149	0.175	0.102	0.107	0.102	0.091	0.091	0.184	0.099	0.096	0.096	0.206	0.097	0.197	0.205	0.212	0.212	0.091	0.092	0.093	0.093	0.093	0.093	0.093	0.092	0.094	0.092	0.094	0.094	0.092
35:00:37	19.1	0.091	0.092	0.093	0.093	0.093	0.092	0.092	0.092	0.092	0.092	0.093	0.092	0.090	0.094	0.243	0.228	0.237	0.237	0.101	0.198	0.100	0.229	0.102	0.092	0.092	0.208	0.095	0.213	0.095	0.097	0.096	0.211	0.205	0.103	0.216	0.091	0.091	0.223	0.199	0.093	0.202	0.235	0.197	0.205	0.103	0.216	0.097	0.091	0.093	0.224	0.098	0.196	0.095	0.105	0.208	0.098	0.211	0.222	0.227	0.096	0.092	0.097	0.207	0.206	0.211	0.098	0.156	0.185	0.102	0.107	0.102	0.091	0.091	0.195	0.099	0.096	0.096	0.220	0.097	0.205	0.213	0.222	0.223	0.091	0.092	0.093	0.093	0.094	0.093	0.093	0.092	0.093	0.092	0.094	0.094	0.092
36:00:36	19.1	0.091	0.093	0.093	0.093	0.093	0.092	0.092	0.092	0.092	0.092	0.093	0.092	0.091	0.094	0.255	0.241	0.253	0.250	0.101	0.208	0.100	0.240	0.102	0.092	0.092	0.222	0.095	0.226	0.095	0.097	0.096	0.221	0.216	0.103	0.226	0.092	0.092	0.236	0.212	0.093	0.214	0.248	0.206	0.215	0.103	0.227	0.097	0.092	0.093	0.237	0.098	0.206	0.095	0.104	0.219	0.098	0.222	0.232	0.238	0.095	0.092	0.097	0.221	0.219	0.224	0.098	0.163	0.196	0.102	0.108	0.102	0.091	0.091	0.208	0.098	0.096	0.097	0.235	0.097	0.214	0.223	0.233	0.234	0.091	0.092	0.094	0.093	0.094	0.093	0.093	0.092	0.094	0.092	0.093	0.094	0.092
37:00:37	19.1	0.091	0.092	0.093	0.092	0.093	0.092	0.092	0.092	0.092	0.092	0.093	0.092	0.090	0.094	0.266	0.254	0.267	0.265	0.099	0.219	0.100	0.252	0.102	0.092	0.092	0.236	0.094	0.240	0.095	0.096	0.096	0.230	0.227	0.103	0.236	0.091	0.091	0.251	0.228	0.093	0.228	0.261	0.217	0.223	0.103	0.237	0.097	0.091	0.093	0.250	0.097	0.217	0.094	0.104	0.229	0.098	0.232	0.242	0.247	0.095	0.092	0.097	0.234	0.233	0.236	0.098	0.170	0.207	0.102	0.107	0.102	0.091	0.091	0.223	0.099	0.096	0.096	0.251	0.097	0.223	0.232	0.243	0.245	0.091	0.092	0.093	0.093	0.093	0.092	0.093	0.092	0.093	0.092	0.093	0.094	0.092
38:00:38	19.1	0.091	0.092	0.093	0.093	0.093	0.092	0.092	0.092	0.092	0.092	0.093	0.092	0.090	0.094	0.278	0.266	0.282	0.280	0.101	0.230	0.100	0.262	0.102	0.092	0.092	0.252	0.095	0.255	0.095	0.096	0.095	0.239	0.238	0.104	0.247	0.091	0.091	0.264	0.245	0.093	0.245	0.275	0.228	0.233	0.103	0.249	0.097	0.092	0.093	0.263	0.097	0.230	0.095	0.103	0.238	0.098	0.243	0.252	0.256	0.094	0.092	0.097	0.248	0.248	0.250	0.098	0.178	0.218	0.102	0.108	0.102	0.091	0.091	0.239	0.098	0.096	0.096	0.265	0.097	0.233	0.241	0.255	0.256	0.091	0.092	0.093	0.093	0.094	0.092	0.093	0.092	0.094	0.092	0.094	0.094	0.092
39:00:40	19.2	0.091	0.092	0.093	0.092	0.093	0.092	0.092	0.092	0.092	0.092	0.093	0.092	0.090	0.094	0.289	0.278	0.294	0.294	0.099	0.241	0.100	0.274	0.103	0.092	0.092	0.267	0.094	0.270	0.095	0.096	0.096	0.249	0.251	0.104	0.259	0.091	0.092	0.279	0.263	0.093	0.262	0.287	0.240	0.243	0.103	0.260	0.097	0.092	0.093	0.276	0.097	0.244	0.095	0.103	0.248	0.098	0.255	0.263	0.266	0.095	0.092	0.097	0.263	0.262	0.263	0.098	0.187	0.230	0.102	0.108	0.102	0.091	0.091	0.257	0.101	0.096	0.096	0.280	0.097	0.242	0.252	0.265	0.269	0.091	0.092	0.093	0.093	0.094	0.093	0.093	0.092	0.094	0.093	0.094	0.094	0.092
40:00:40	19.2	0.091	0.092	0.093	0.092	0.092	0.092	0.092	0.092	0.091	0.092	0.093	0.092	0.090	0.093	0.299	0.290	0.308	0.307	0.099	0.252	0.099	0.284	0.102	0.092	0.092	0.282	0.094	0.286	0.095	0.096	0.095	0.259	0.262	0.103	0.271	0.091	0.091	0.292	0.280	0.093	0.280	0.300	0.250	0.253	0.103	0.271	0.097	0.091	0.093	0.290	0.097	0.260	0.094	0.102	0.259	0.098	0.265	0.274	0.275	0.096	0.092	0.097	0.278	0.276	0.276	0.098	0.197	0.242	0.102	0.108	0.102	0.091	0.091	0.274	0.100	0.096	0.096	0.294	0.097	0.252	0.262	0.277	0.280	0.091	0.091	0.093	0.093	0.093	0.092	0.093	0.092	0.093	0.092	0.094	0.094	0.092
41:00:41	19.3	0.091	0.092	0.093	0.092	0.093	0.091	0.092	0.092	0.092	0.092	0.093	0.092	0.090	0.094	0.310	0.303	0.322	0.321	0.099	0.264	0.099	0.294	0.102	0.092	0.092	0.296	0.094	0.299	0.095	0.096	0.096	0.269	0.274	0.104	0.282	0.091	0.091	0.303	0.295	0.093	0.297	0.313	0.261	0.262	0.103	0.281	0.097	0.091	0.093	0.301	0.097	0.278	0.095	0.102	0.268	0.098	0.277	0.284	0.283	0.095	0.092	0.097	0.293	0.291	0.289	0.097	0.208	0.255	0.102	0.108	0.102	0.091	0.091	0.292	0.100	0.096	0.096	0.308	0.097	0.263	0.273	0.288	0.292	0.091	0.091	0.093	0.093	0.093	0.093	0.093	0.092	0.094	0.092	0.094	0.094	0.092
42:00:42	19.2	0.091	0.092	0.093	0.093	0.093	0.092	0.092	0.092	0.091	0.092	0.093	0.092	0.090	0.094	0.324	0.316	0.335	0.333	0.098	0.277	0.099	0.306	0.103	0.092	0.092	0.313	0.094	0.314	0.094	0.096	0.095	0.279	0.285	0.104	0.294	0.092	0.091	0.317	0.310	0.093	0.314	0.325	0.272	0.273	0.103	0.293	0.097	0.092	0.093	0.314	0.097	0.296	0.095	0.102	0.278	0.098	0.288	0.294	0.294	0.095	0.092	0.097	0.309	0.306	0.303	0.098	0.221	0.269	0.102	0.108	0.102	0.091	0.091	0.309	0.099	0.096	0.096	0.322	0.097	0.273	0.282	0.300	0.305	0.091	0.092	0.093	0.093	0.094	0.093	0.093	0.092	0.094	0.092	0.094	0.094	0.092
43:00:44	19.1	0.091	0.092	0.093	0.092	0.093	0.091	0.092	0.092	0.091	0.091	0.093	0.092	0.090	0.093	0.335	0.329	0.348	0.347	0.098	0.290	0.099	0.315	0.103	0.092	0.092	0.326	0.094	0.327	0.095	0.096	0.096	0.287	0.297	0.103	0.306	0.091	0.091	0.328	0.322	0.093	0.329	0.336	0.282	0.282	0.103	0.305	0.097	0.091	0.093	0.326	0.097	0.312	0.095	0.101	0.288	0.098	0.300	0.304	0.303	0.094	0.092	0.097	0.322	0.318	0.315	0.098	0.233	0.282	0.101	0.108	0.102	0.091	0.091	0.326	0.100	0.096	0.096	0.335	0.096	0.284	0.294	0.312	0.317	0.091	0.091	0.093	0.093	0.093	0.092	0.093	0.092	0.093	0.092	0.094	0.094	0.092
44:00:45	19.1	0.091	0.092	0.093	0.093	0.093	0.092	0.092	0.092	0.092	0.092	0.093	0.092	0.090	0.094	0.345	0.341	0.360	0.358	0.098	0.303	0.099	0.325	0.103	0.092	0.092	0.339	0.094	0.338	0.094	0.096	0.096	0.298	0.308	0.104	0.317	0.091	0.091	0.341	0.335	0.093	0.343	0.347	0.293	0.292	0.103	0.316	0.097	0.091	0.093	0.338	0.097	0.328	0.095	0.102	0.299	0.098	0.312	0.315	0.313	0.095	0.092	0.097	0.336	0.331	0.330	0.098	0.247	0.295	0.101	0.108	0.102	0.091	0.091	0.341	0.099	0.096	0.096	0.349	0.097	0.295	0.304	0.323	0.329	0.091	0.091	0.093	0.093	0.093	0.093	0.093	0.092	0.094	0.092	0.093	0.094	0.092
45:00:45	19.0	0.091	0.092	0.093	0.093	0.093	0.092	0.092	0.092	0.091	0.092	0.093	0.092	0.090	0.094	0.357	0.353	0.370	0.370	0.097	0.315	0.099	0.334	0.103	0.092	0.092	0.351	0.094	0.349	0.094	0.096	0.095	0.306	0.320	0.104	0.329	0.091	0.091	0.353	0.347	0.093	0.356	0.359	0.305	0.302	0.103	0.326	0.098	0.091	0.093	0.349	0.097	0.344	0.095	0.101	0.310	0.098	0.322	0.324	0.323	0.095	0.092	0.097	0.349	0.344	0.342	0.097	0.262	0.308	0.101	0.108	0.102	0.091	0.091	0.356	0.100	0.095	0.096	0.363	0.096	0.306	0.314	0.335	0.341	0.091	0.092	0.093	0.093	0.093	0.093	0.093	0.092	0.093	0.092	0.094	0.094	0.092
46:00:46	18.9	0.091	0.093	0.093	0.092	0.092	0.091	0.092	0.092	0.092	0.092	0.093	0.092	0.090	0.093	0.368	0.364	0.381	0.381	0.097	0.328	0.099	0.343	0.103	0.092	0.092	0.364	0.094	0.359	0.095	0.096	0.095	0.317	0.331	0.107	0.339	0.091	0.091	0.364	0.359	0.092	0.367	0.370	0.317	0.312	0.103	0.337	0.098	0.092	0.093	0.362	0.097	0.359	0.094	0.101	0.321	0.098	0.334	0.334	0.332	0.095	0.092	0.097	0.363	0.356	0.354	0.098	0.276	0.320	0.101	0.109	0.102	0.091	0.091	0.368	0.100	0.095	0.096	0.377	0.096	0.318	0.324	0.345	0.351	0.091	0.091	0.093	0.093	0.093	0.093	0.093	0.092	0.094	0.092	0.093	0.094	0.092
47:00:47	19.0	0.091	0.092	0.093	0.093	0.093	0.092	0.092	0.093	0.092	0.092	0.093	0.092	0.091	0.094	0.379	0.375	0.391	0.392	0.097	0.339	0.099	0.351	0.103	0.092	0.092	0.376	0.094	0.370	0.095	0.096	0.096	0.327	0.341	0.104	0.350	0.091	0.092	0.375	0.373	0.093	0.380	0.381	0.326	0.322	0.103	0.347	0.098	0.092	0.093	0.373	0.097	0.375	0.095	0.101	0.331	0.098	0.343	0.343	0.341	0.095	0.092	0.097	0.377	0.370	0.366	0.098	0.291	0.331	0.101	0.109	0.102	0.091	0.091	0.380	0.100	0.096	0.096	0.390	0.096	0.330	0.335	0.357	0.361	0.091	0.092	0.097	0.093	0.094	0.093	0.093	0.092	0.094	0.092	0.094	0.094	0.092
48:00:47	19.1	0.091	0.093	0.093	0.093	0.093	0.092	0.092	0.092	0.092	0.092	0.093	0.092	0.090	0.094	0.391	0.386	0.402	0.401	0.097	0.350	0.099	0.360	0.103	0.092	0.092	0.387	0.094	0.381	0.095	0.096	0.095	0.338	0.351	0.104	0.360	0.091	0.091	0.386	0.385	0.093	0.392	0.392	0.336	0.332	0.103	0.358	0.098	0.091	0.093	0.384	0.097	0.388	0.094	0.101	0.343	0.098	0.354	0.352	0.351	0.095	0.092	0.097	0.389	0.380	0.379	0.098	0.307	0.341	0.101	0.109	0.102	0.091	0.091	0.392	0.101	0.096	0.096	0.401	0.096	0.341	0.345	0.369	0.372	0.091	0.092	0.093	0.093	0.094	0.093	0.093	0.092	0.094	0.092	0.094	0.094	0.092
49:00:49	19.1	0.091	0.092	0.093	0.092	0.093	0.092	0.092	0.092	0.091	0.092	0.093	0.092	0.090	0.094	0.400	0.396	0.412	0.411	0.097	0.360	0.099	0.369	0.103	0.092	0.092	0.398	0.094	0.392	0.095	0.096	0.096	0.347	0.361	0.104	0.371	0.091	0.091	0.396	0.397	0.093	0.403	0.402	0.347	0.343	0.103	0.367	0.098	0.092	0.093	0.394	0.097	0.400	0.094	0.100	0.352	0.098	0.363	0.362	0.360	0.095	0.092	0.097	0.400	0.391	0.392	0.097	0.320	0.352	0.101	0.109	0.102	0.091	0.091	0.405	0.101	0.095	0.096	0.413	0.096	0.352	0.355	0.379	0.381	0.091	0.092	0.093	0.093	0.094	0.093	0.093	0.092	0.093	0.092	0.094	0.094	0.092
50:00:48	19.2	0.091	0.093	0.093	0.093	0.093	0.092	0.092	0.092	0.093	0.092	0.093	0.092	0.091	0.093	0.411	0.408	0.422	0.422	0.096	0.372	0.098	0.380	0.103	0.093	0.092	0.408	0.094	0.403	0.095	0.096	0.095	0.358	0.372	0.104	0.380	0.091	0.091	0.406	0.408	0.093	0.416	0.413	0.358	0.353	0.103	0.376	0.098	0.091	0.093	0.404	0.097	0.412	0.095	0.100	0.363	0.097	0.374	0.371	0.369	0.095	0.092	0.097	0.411	0.403	0.403	0.097	0.334	0.363	0.100	0.109	0.102	0.091	0.091	0.418	0.100	0.096	0.096	0.425	0.096	0.363	0.366	0.389	0.392	0.091	0.091	0.093	0.093	0.094	0.092	0.093	0.092	0.093	0.092	0.094	0.094	0.092
51:00:51	19.2	0.091	0.092	0.093	0.092	0.093	0.092	0.092	0.092	0.092	0.092	0.093	0.092	0.090	0.093	0.422	0.419	0.432	0.434	0.096	0.382	0.098	0.390	0.103	0.092	0.092	0.418	0.094	0.413	0.095	0.096	0.095	0.367	0.382	0.104	0.391	0.091	0.091	0.416	0.419	0.093	0.426	0.423	0.367	0.362	0.103	0.387	0.098	0.092	0.093	0.414	0.097	0.423	0.094	0.100	0.374	0.097	0.383	0.379	0.379	0.094	0.092	0.097	0.421	0.413	0.411	0.097	0.347	0.373	0.100	0.109	0.102	0.091	0.091	0.430	0.100	0.096	0.096	0.434	0.096	0.372	0.374	0.399	0.402	0.091	0.091	0.093	0.093	0.093	0.092	0.093	0.092	0.094	0.092	0.094	0.094	0.092
52:00:51	19.3	0.091	0.092	0.093	0.092	0.093	0.092	0.092	0.092	0.092	0.092	0.093	0.092	0.090	0.093	0.432	0.429	0.440	0.446	0.096	0.392	0.098	0.399	0.103	0.092	0.092	0.427	0.094	0.423	0.095	0.096	0.096	0.376	0.391	0.104	0.400	0.091	0.091	0.425	0.429	0.093	0.436	0.433	0.378	0.372	0.103	0.397	0.098	0.092	0.093	0.425	0.097	0.434	0.095	0.100	0.385	0.098	0.394	0.388	0.389	0.095	0.092	0.097	0.430	0.422	0.423	0.097	0.359	0.383	0.100	0.109	0.102	0.091	0.091	0.440	0.101	0.096	0.096	0.444	0.096	0.383	0.384	0.408	0.411	0.091	0.092	0.093	0.093	0.094	0.093	0.093	0.092	0.094	0.092	0.094	0.094	0.092
53:00:52	19.3	0.091	0.092	0.093	0.092	0.093	0.092	0.092	0.092	0.092	0.092	0.093	0.092	0.090	0.093	0.442	0.439	0.449	0.455	0.096	0.401	0.098	0.408	0.103	0.092	0.092	0.437	0.094	0.434	0.095	0.096	0.095	0.385	0.401	0.104	0.409	0.091	0.091	0.436	0.439	0.092	0.446	0.442	0.388	0.381	0.102	0.407	0.098	0.091	0.093	0.436	0.097	0.445	0.095	0.099	0.393	0.097	0.404	0.398	0.398	0.095	0.092	0.097	0.440	0.435	0.432	0.097	0.370	0.393	0.100	0.108	0.102	0.091	0.091	0.450	0.100	0.096	0.096	0.452	0.096	0.393	0.393	0.417	0.421	0.091	0.092	0.093	0.093	0.094	0.092	0.093	0.092	0.094	0.092	0.094	0.094	0.092
54:00:54	19.3	0.091	0.092	0.093	0.092	0.093	0.091	0.092	0.092	0.092	0.092	0.093	0.092	0.090	0.093	0.452	0.449	0.457	0.463	0.096	0.409	0.098	0.416	0.102	0.092	0.092	0.446	0.093	0.443	0.095	0.096	0.095	0.394	0.410	0.103	0.418	0.091	0.091	0.446	0.448	0.093	0.456	0.451	0.398	0.391	0.102	0.416	0.097	0.091	0.093	0.447	0.097	0.455	0.094	0.099	0.403	0.097	0.413	0.406	0.407	0.096	0.092	0.096	0.450	0.444	0.442	0.097	0.380	0.402	0.100	0.108	0.102	0.091	0.091	0.461	0.100	0.095	0.096	0.462	0.096	0.401	0.402	0.426	0.430	0.091	0.092	0.093	0.093	0.093	0.093	0.092	0.092	0.093	0.092	0.094	0.094	0.092
55:00:54	19.4	0.091	0.092	0.092	0.092	0.092	0.091	0.092	0.092	0.091	0.091	0.093	0.092	0.090	0.093	0.461	0.458	0.466	0.472	0.096	0.417	0.097	0.424	0.102	0.092	0.092	0.457	0.094	0.453	0.095	0.096	0.095	0.401	0.418	0.103	0.427	0.091	0.091	0.456	0.458	0.092	0.465	0.461	0.406	0.399	0.102	0.424	0.097	0.091	0.092	0.457	0.097	0.465	0.095	0.099	0.412	0.097	0.422	0.414	0.416	0.094	0.092	0.096	0.460	0.455	0.450	0.097	0.391	0.409	0.099	0.108	0.102	0.091	0.091	0.472	0.100	0.095	0.096	0.472	0.095	0.410	0.411	0.436	0.440	0.091	0.091	0.093	0.093	0.093	0.092	0.092	0.092	0.093	0.092	0.095	0.094	0.092
56:00:55	19.4	0.091	0.092	0.093	0.092	0.092	0.091	0.092	0.092	0.092	0.091	0.093	0.092	0.090	0.093	0.470	0.467	0.475	0.481	0.096	0.425	0.097	0.432	0.102	0.092	0.092	0.467	0.094	0.462	0.095	0.096	0.095	0.410	0.426	0.103	0.435	0.091	0.091	0.468	0.468	0.092	0.475	0.471	0.415	0.407	0.102	0.434	0.097	0.091	0.093	0.467	0.097	0.477	0.094	0.099	0.422	0.097	0.432	0.423	0.423	0.095	0.092	0.096	0.470	0.466	0.461	0.097	0.399	0.418	0.099	0.108	0.102	0.091	0.091	0.481	0.101	0.095	0.096	0.483	0.096	0.418	0.420	0.444	0.449	0.091	0.092	0.093	0.093	0.094	0.092	0.092	0.092	0.093	0.092	0.093	0.094	0.092
57:00:55	19.4	0.091	0.093	0.093	0.093	0.093	0.092	0.093	0.092	0.095	0.092	0.094	0.092	0.091	0.094	0.481	0.477	0.485	0.489	0.096	0.431	0.098	0.439	0.103	0.092	0.092	0.477	0.094	0.472	0.095	0.097	0.095	0.418	0.435	0.103	0.444	0.091	0.092	0.477	0.477	0.093	0.485	0.480	0.423	0.416	0.102	0.443	0.098	0.092	0.093	0.478	0.097	0.487	0.095	0.099	0.430	0.097	0.442	0.431	0.433	0.096	0.092	0.097	0.481	0.476	0.470	0.097	0.410	0.428	0.099	0.108	0.102	0.091	0.091	0.491	0.101	0.095	0.096	0.492	0.096	0.427	0.428	0.453	0.457	0.091	0.092	0.093	0.093	0.094	0.093	0.093	0.092	0.094	0.093	0.094	0.094	0.092
58:00:57	19.4	0.091	0.093	0.093	0.093	0.093	0.092	0.092	0.092	0.092	0.092	0.093	0.092	0.090	0.094	0.489	0.484	0.494	0.497	0.096	0.438	0.098	0.446	0.102	0.092	0.092	0.486	0.094	0.482	0.095	0.096	0.096	0.426	0.443	0.103	0.451	0.091	0.092	0.488	0.486	0.093	0.495	0.490	0.431	0.424	0.102	0.452	0.098	0.091	0.092	0.487	0.097	0.498	0.095	0.099	0.440	0.097	0.451	0.440	0.442	0.095	0.092	0.097	0.490	0.488	0.479	0.098	0.419	0.436	0.099	0.108	0.102	0.091	0.091	0.499	0.101	0.096	0.097	0.503	0.096	0.435	0.437	0.462	0.465	0.091	0.092	0.093	0.093	0.094	0.093	0.093	0.092	0.094	0.092	0.094	0.094	0.092
59:00:58	19.4	0.091	0.092	0.093	0.092	0.092	0.092	0.092	0.092	0.094	0.091	0.093	0.092	0.090	0.093	0.498	0.492	0.502	0.506	0.096	0.445	0.097	0.453	0.102	0.092	0.092	0.495	0.094	0.492	0.095	0.096	0.096	0.433	0.450	0.103	0.459	0.091	0.091	0.496	0.495	0.092	0.503	0.500	0.438	0.432	0.102	0.459	0.097	0.091	0.092	0.498	0.096	0.505	0.095	0.099	0.448	0.096	0.459	0.448	0.449	0.094	0.092	0.097	0.499	0.496	0.488	0.097	0.426	0.445	0.099	0.108	0.101	0.091	0.091	0.508	0.100	0.095	0.096	0.513	0.096	0.442	0.444	0.471	0.473	0.091	0.092	0.093	0.093	0.093	0.093	0.093	0.092	0.093	0.092	0.093	0.094	0.092
60:00:59	19.4	0.091	0.093	0.093	0.093	0.093	0.092	0.092	0.092	0.092	0.092	0.093	0.092	0.091	0.094	0.507	0.502	0.513	0.516	0.096	0.452	0.098	0.460	0.103	0.092	0.092	0.504	0.094	0.502	0.095	0.097	0.096	0.442	0.458	0.103	0.466	0.092	0.092	0.507	0.505	0.093	0.513	0.510	0.446	0.440	0.102	0.468	0.098	0.091	0.092	0.507	0.097	0.516	0.095	0.099	0.457	0.097	0.468	0.455	0.458	0.094	0.092	0.097	0.508	0.507	0.498	0.098	0.435	0.453	0.099	0.108	0.102	0.091	0.091	0.518	0.101	0.096	0.097	0.522	0.096	0.452	0.454	0.481	0.482	0.091	0.092	0.094	0.093	0.094	0.093	0.093	0.092	0.094	0.092	0.094	0.095	0.092
61:00:59	19.4	0.091	0.092	0.093	0.092	0.093	0.092	0.092	0.092	0.092	0.092	0.093	0.092	0.090	0.094	0.514	0.510	0.519	0.522	0.096	0.460	0.097	0.467	0.102	0.092	0.092	0.515	0.094	0.513	0.095	0.097	0.096	0.449	0.466	0.103	0.475	0.091	0.091	0.517	0.512	0.092	0.521	0.519	0.454	0.447	0.102	0.477	0.098	0.091	0.092	0.516	0.096	0.524	0.095	0.099	0.466	0.096	0.476	0.464	0.466	0.095	0.092	0.096	0.517	0.516	0.507	0.097	0.443	0.462	0.099	0.108	0.101	0.091	0.091	0.528	0.101	0.096	0.097	0.532	0.095	0.459	0.462	0.489	0.489	0.091	0.092	0.093	0.093	0.093	0.093	0.093	0.092	0.094	0.092	0.094	0.094	0.092
62:01:00	19.4	0.091	0.093	0.093	0.093	0.093	0.092	0.092	0.092	0.092	0.092	0.093	0.092	0.091	0.093	0.522	0.518	0.529	0.531	0.096	0.466	0.097	0.475	0.102	0.092	0.092	0.524	0.094	0.520	0.095	0.098	0.096	0.457	0.474	0.103	0.483	0.091	0.092	0.525	0.521	0.093	0.530	0.527	0.461	0.455	0.102	0.485	0.098	0.091	0.092	0.525	0.097	0.534	0.095	0.099	0.473	0.096	0.484	0.472	0.474	0.094	0.092	0.097	0.528	0.524	0.517	0.097	0.452	0.470	0.099	0.108	0.101	0.091	0.092	0.537	0.101	0.096	0.096	0.540	0.096	0.468	0.470	0.499	0.496	0.091	0.092	0.093	0.093	0.094	0.093	0.093	0.092	0.094	0.092	0.094	0.094	0.092
63:01:02	19.4	0.091	0.093	0.093	0.093	0.093	0.092	0.092	0.092	0.092	0.092	0.093	0.092	0.090	0.093	0.531	0.525	0.539	0.539	0.096	0.472	0.097	0.482	0.102	0.092	0.092	0.535	0.094	0.529	0.096	0.098	0.096	0.464	0.481	0.103	0.492	0.091	0.091	0.534	0.530	0.093	0.539	0.536	0.468	0.463	0.101	0.493	0.098	0.091	0.092	0.534	0.097	0.542	0.095	0.099	0.481	0.096	0.491	0.481	0.483	0.095	0.092	0.097	0.536	0.533	0.525	0.097	0.458	0.477	0.098	0.108	0.101	0.091	0.092	0.546	0.101	0.096	0.096	0.549	0.095	0.475	0.478	0.507	0.504	0.091	0.092	0.093	0.093	0.093	0.093	0.093	0.092	0.093	0.092	0.094	0.094	0.092
64:01:03	19.5	0.091	0.093	0.093	0.093	0.093	0.092	0.093	0.093	0.092	0.092	0.093	0.092	0.091	0.094	0.540	0.534	0.548	0.549	0.096	0.478	0.098	0.490	0.102	0.092	0.092	0.545	0.094	0.537	0.096	0.099	0.096	0.471	0.487	0.103	0.499	0.091	0.092	0.543	0.540	0.093	0.549	0.544	0.476	0.469	0.102	0.500	0.098	0.092	0.092	0.542	0.097	0.552	0.095	0.100	0.489	0.096	0.499	0.489	0.491	0.095	0.092	0.097	0.545	0.541	0.534	0.098	0.466	0.484	0.098	0.108	0.101	0.091	0.092	0.557	0.101	0.096	0.097	0.560	0.096	0.481	0.486	0.516	0.510	0.091	0.092	0.094	0.093	0.094	0.093	0.093	0.092	0.094	0.093	0.094	0.095	0.092
65:01:04	19.5	0.091	0.093	0.093	0.093	0.093	0.092	0.092	0.092	0.092	0.092	0.093	0.092	0.090	0.094	0.550	0.542	0.558	0.558	0.096	0.486	0.097	0.497	0.102	0.093	0.092	0.553	0.094	0.548	0.097	0.100	0.096	0.478	0.495	0.103	0.506	0.091	0.092	0.552	0.549	0.093	0.559	0.555	0.483	0.478	0.101	0.508	0.098	0.092	0.092	0.552	0.097	0.562	0.095	0.100	0.497	0.096	0.506	0.498	0.498	0.095	0.092	0.097	0.556	0.551	0.541	0.097	0.472	0.491	0.098	0.108	0.101	0.091	0.092	0.566	0.101	0.096	0.097	0.570	0.095	0.490	0.494	0.523	0.518	0.091	0.092	0.093	0.093	0.094	0.093	0.093	0.092	0.094	0.092	0.094	0.094	0.092
66:01:03	19.5	0.091	0.093	0.093	0.092	0.093	0.092	0.092	0.092	0.092	0.092	0.093	0.092	0.090	0.094	0.559	0.549	0.568	0.566	0.096	0.491	0.097	0.504	0.102	0.092	0.092	0.564	0.094	0.553	0.098	0.100	0.096	0.485	0.503	0.103	0.513	0.091	0.092	0.561	0.559	0.093	0.567	0.565	0.489	0.484	0.101	0.515	0.098	0.092	0.093	0.562	0.097	0.572	0.095	0.100	0.503	0.096	0.515	0.505	0.507	0.095	0.092	0.097	0.568	0.559	0.549	0.097	0.479	0.499	0.098	0.108	0.101	0.091	0.092	0.577	0.101	0.096	0.096	0.579	0.096	0.496	0.501	0.531	0.524	0.091	0.092	0.093	0.093	0.094	0.092	0.093	0.092	0.094	0.093	0.094	0.094	0.092
67:01:05	19.5	0.091	0.092	0.093	0.092	0.093	0.091	0.092	0.092	0.092	0.092	0.093	0.092	0.090	0.094	0.568	0.558	0.575	0.573	0.096	0.497	0.097	0.508	0.102	0.092	0.092	0.573	0.094	0.561	0.098	0.102	0.096	0.490	0.509	0.103	0.520	0.091	0.091	0.571	0.568	0.093	0.576	0.573	0.495	0.489	0.101	0.523	0.098	0.091	0.093	0.572	0.097	0.579	0.095	0.099	0.511	0.096	0.523	0.513	0.512	0.095	0.092	0.097	0.578	0.568	0.558	0.097	0.486	0.505	0.098	0.108	0.101	0.091	0.091	0.588	0.101	0.096	0.096	0.588	0.096	0.502	0.507	0.539	0.530	0.091	0.091	0.093	0.093	0.094	0.093	0.093	0.092	0.094	0.092	0.094	0.094	0.092
68:01:05	19.5	0.091	0.093	0.093	0.093	0.093	0.092	0.093	0.092	0.099	0.092	0.093	0.092	0.091	0.095	0.577	0.565	0.584	0.581	0.096	0.504	0.097	0.516	0.102	0.092	0.092	0.581	0.094	0.571	0.100	0.104	0.098	0.498	0.517	0.103	0.527	0.092	0.092	0.581	0.576	0.093	0.585	0.582	0.502	0.495	0.101	0.531	0.098	0.092	0.093	0.583	0.097	0.589	0.095	0.100	0.518	0.096	0.531	0.519	0.519	0.094	0.092	0.097	0.587	0.577	0.566	0.098	0.494	0.512	0.098	0.108	0.101	0.091	0.092	0.596	0.101	0.096	0.097	0.597	0.095	0.508	0.512	0.546	0.538	0.091	0.092	0.093	0.093	0.094	0.093	0.093	0.092	0.094	0.093	0.094	0.094	0.092
69:01:06	19.5	0.091	0.092	0.093	0.092	0.092	0.092	0.092	0.092	0.091	0.092	0.093	0.092	0.090	0.094	0.585	0.571	0.593	0.588	0.096	0.509	0.097	0.522	0.102	0.092	0.092	0.589	0.094	0.578	0.101	0.105	0.098	0.504	0.524	0.102	0.533	0.091	0.091	0.590	0.584	0.093	0.593	0.591	0.507	0.501	0.100	0.539	0.098	0.091	0.092	0.590	0.097	0.595	0.094	0.100	0.525	0.095	0.539	0.527	0.526	0.095	0.092	0.096	0.597	0.584	0.576	0.097	0.500	0.518	0.097	0.108	0.100	0.091	0.094	0.605	0.101	0.096	0.096	0.605	0.095	0.514	0.519	0.554	0.545	0.091	0.092	0.093	0.093	0.093	0.093	0.093	0.091	0.093	0.092	0.093	0.094	0.092
70:01:08	19.5	0.091	0.093	0.093	0.092	0.093	0.092	0.092	0.092	0.092	0.092	0.093	0.092	0.090	0.096	0.593	0.581	0.601	0.595	0.097	0.515	0.097	0.528	0.102	0.092	0.092	0.599	0.094	0.587	0.104	0.108	0.101	0.511	0.532	0.103	0.540	0.091	0.092	0.598	0.592	0.093	0.601	0.599	0.513	0.508	0.101	0.546	0.098	0.091	0.092	0.599	0.097	0.605	0.095	0.101	0.532	0.095	0.548	0.535	0.534	0.095	0.092	0.097	0.606	0.592	0.584	0.098	0.506	0.525	0.097	0.108	0.101	0.091	0.095	0.615	0.101	0.096	0.097	0.614	0.095	0.519	0.524	0.562	0.552	0.091	0.092	0.093	0.093	0.094	0.093	0.093	0.092	0.094	0.092	0.094	0.094	0.092
71:01:09	19.5	0.091	0.093	0.093	0.092	0.093	0.092	0.092	0.092	0.092	0.092	0.093	0.092	0.090	0.097	0.600	0.587	0.611	0.601	0.097	0.520	0.097	0.535	0.102	0.092	0.092	0.609	0.095	0.596	0.107	0.111	0.104	0.519	0.539	0.102	0.546	0.091	0.092	0.608	0.600	0.093	0.610	0.608	0.520	0.515	0.100	0.553	0.098	0.091	0.092	0.608	0.097	0.614	0.095	0.102	0.540	0.095	0.555	0.542	0.539	0.094	0.092	0.096	0.617	0.600	0.591	0.098	0.514	0.532	0.097	0.108	0.101	0.091	0.094	0.625	0.101	0.096	0.097	0.623	0.095	0.526	0.530	0.570	0.559	0.091	0.092	0.093	0.093	0.093	0.093	0.093	0.092	0.093	0.093	0.094	0.094	0.092
72:01:10	19.5	0.091	0.092	0.093	0.092	0.093	0.091	0.092	0.093	0.092	0.092	0.093	0.092	0.091	0.099	0.608	0.594	0.619	0.609	0.098	0.526	0.097	0.541	0.102	0.092	0.092	0.618	0.096	0.603	0.110	0.115	0.108	0.525	0.546	0.103	0.551	0.091	0.091	0.616	0.608	0.093	0.618	0.616	0.525	0.521	0.101	0.560	0.098	0.092	0.093	0.618	0.098	0.623	0.095	0.102	0.547	0.095	0.564	0.549	0.546	0.095	0.092	0.097	0.627	0.607	0.599	0.098	0.520	0.539	0.097	0.108	0.100	0.091	0.095	0.635	0.102	0.096	0.097	0.633	0.095	0.532	0.537	0.577	0.565	0.091	0.092	0.093	0.093	0.094	0.093	0.093	0.092	0.094	0.092	0.094	0.094	0.092

