Time	T° 600	A1	A2	A3	A4	A5	A6	A7	A8	A9	A10	A11	A12	B1	B2	B3	B4	B5	B6	B7	B8	B9	B10	B11	B12	C1	C2	C3	C4	C5	C6	C7	C8	C9	C10	C11	C12	D1	D2	D3	D4	D5	D6	D7	D8	D9	D10	D11	D12	E1	E2	E3	E4	E5	E6	E7	E8	E9	E10	E11	E12	F1	F2	F3	F4	F5	F6	F7	F8	F9	F10	F11	F12	G1	G2	G3	G4	G5	G6	G7	G8	G9	G10	G11	G12	H1	H2	H3	H4	H5	H6	H7	H8	H9	H10	H11	H12
0:00:06	19.3	0.091	0.090	0.094	0.092	0.091	0.090	0.089	0.092	0.090	0.091	0.089	0.091	0.090	0.090	0.092	0.095	0.094	0.092	0.091	0.093	0.091	0.092	0.093	0.090	0.090	0.092	0.091	0.091	0.093	0.092	0.093	0.092	0.090	0.091	0.092	0.090	0.090	0.091	0.090	0.090	0.090	0.091	0.091	0.091	0.089	0.091	0.090	0.090	0.092	0.091	0.093	0.090	0.092	0.091	0.089	0.089	0.090	0.091	0.091	0.089	0.093	0.091	0.094	0.092	0.092	0.090	0.091	0.091	0.089	0.089	0.091	0.089	0.092	0.091	0.093	0.092	0.092	0.090	0.091	0.094	0.092	0.091	0.093	0.090	0.091	0.090	0.091	0.089	0.090	0.089	0.089	0.091	0.091	0.091	0.091	0.089
1:00:05	19.8	0.091	0.090	0.093	0.092	0.091	0.090	0.089	0.091	0.090	0.091	0.089	0.091	0.090	0.090	0.095	0.095	0.094	0.092	0.091	0.094	0.091	0.093	0.094	0.090	0.089	0.092	0.090	0.091	0.093	0.092	0.093	0.093	0.091	0.092	0.093	0.091	0.090	0.092	0.091	0.090	0.090	0.091	0.091	0.092	0.090	0.092	0.092	0.091	0.092	0.092	0.094	0.091	0.093	0.092	0.090	0.090	0.091	0.092	0.092	0.089	0.093	0.092	0.095	0.093	0.093	0.091	0.092	0.092	0.090	0.090	0.093	0.090	0.092	0.092	0.094	0.093	0.093	0.092	0.092	0.095	0.094	0.092	0.093	0.090	0.091	0.091	0.091	0.090	0.091	0.090	0.090	0.092	0.092	0.091	0.091	0.089
2:00:07	20.1	0.091	0.090	0.093	0.092	0.091	0.090	0.089	0.090	0.090	0.092	0.090	0.091	0.090	0.091	0.095	0.096	0.094	0.093	0.091	0.095	0.092	0.093	0.094	0.091	0.089	0.093	0.091	0.092	0.093	0.093	0.094	0.093	0.091	0.093	0.094	0.091	0.090	0.092	0.091	0.090	0.090	0.092	0.092	0.092	0.091	0.093	0.092	0.091	0.092	0.092	0.094	0.091	0.093	0.092	0.090	0.091	0.092	0.093	0.093	0.089	0.093	0.092	0.095	0.093	0.093	0.091	0.093	0.092	0.091	0.091	0.093	0.090	0.092	0.093	0.094	0.093	0.093	0.092	0.092	0.095	0.094	0.092	0.093	0.090	0.092	0.091	0.092	0.090	0.091	0.090	0.090	0.093	0.092	0.091	0.092	0.090
3:00:07	20.2	0.091	0.090	0.093	0.092	0.091	0.090	0.089	0.090	0.090	0.092	0.090	0.091	0.090	0.091	0.096	0.096	0.094	0.093	0.092	0.095	0.092	0.094	0.094	0.091	0.090	0.093	0.091	0.092	0.093	0.093	0.094	0.094	0.091	0.093	0.094	0.091	0.090	0.092	0.091	0.091	0.091	0.092	0.092	0.092	0.091	0.093	0.092	0.091	0.092	0.092	0.094	0.091	0.094	0.092	0.090	0.091	0.092	0.093	0.094	0.089	0.094	0.092	0.096	0.094	0.094	0.091	0.093	0.092	0.091	0.091	0.093	0.090	0.092	0.092	0.094	0.093	0.093	0.092	0.092	0.096	0.094	0.092	0.093	0.090	0.091	0.091	0.092	0.090	0.091	0.090	0.091	0.092	0.092	0.092	0.091	0.089
4:00:08	20.3	0.091	0.090	0.096	0.092	0.091	0.091	0.090	0.090	0.090	0.092	0.090	0.092	0.090	0.091	0.097	0.096	0.094	0.093	0.091	0.095	0.092	0.094	0.095	0.091	0.090	0.093	0.091	0.092	0.093	0.093	0.094	0.094	0.092	0.093	0.094	0.091	0.090	0.092	0.091	0.091	0.091	0.092	0.092	0.093	0.091	0.093	0.092	0.091	0.092	0.092	0.094	0.091	0.094	0.092	0.090	0.091	0.092	0.093	0.093	0.089	0.093	0.092	0.095	0.094	0.094	0.091	0.093	0.092	0.091	0.091	0.093	0.090	0.092	0.092	0.094	0.094	0.094	0.092	0.093	0.096	0.094	0.092	0.093	0.091	0.092	0.091	0.092	0.090	0.091	0.090	0.091	0.092	0.092	0.092	0.092	0.090
5:00:10	20.4	0.091	0.089	0.093	0.092	0.091	0.090	0.089	0.090	0.090	0.091	0.090	0.092	0.090	0.091	0.096	0.095	0.094	0.093	0.091	0.095	0.092	0.094	0.094	0.091	0.090	0.092	0.091	0.091	0.093	0.092	0.094	0.093	0.091	0.093	0.094	0.091	0.089	0.092	0.091	0.090	0.090	0.092	0.092	0.092	0.091	0.093	0.092	0.091	0.092	0.092	0.094	0.091	0.094	0.092	0.090	0.091	0.092	0.093	0.093	0.089	0.093	0.092	0.095	0.094	0.094	0.091	0.093	0.092	0.091	0.091	0.093	0.091	0.092	0.092	0.094	0.093	0.094	0.092	0.092	0.096	0.094	0.092	0.094	0.090	0.091	0.091	0.092	0.090	0.091	0.090	0.090	0.092	0.092	0.092	0.091	0.090
6:00:12	20.4	0.091	0.090	0.093	0.092	0.091	0.090	0.089	0.090	0.091	0.092	0.090	0.093	0.090	0.091	0.096	0.096	0.094	0.093	0.092	0.095	0.092	0.094	0.095	0.091	0.090	0.093	0.091	0.092	0.093	0.093	0.094	0.094	0.091	0.093	0.094	0.092	0.090	0.092	0.091	0.091	0.091	0.092	0.092	0.093	0.091	0.093	0.093	0.091	0.093	0.092	0.094	0.091	0.094	0.092	0.091	0.091	0.092	0.094	0.094	0.090	0.093	0.093	0.095	0.094	0.094	0.092	0.094	0.092	0.092	0.091	0.093	0.091	0.093	0.093	0.094	0.093	0.094	0.092	0.093	0.096	0.095	0.092	0.094	0.091	0.092	0.091	0.092	0.090	0.091	0.090	0.091	0.092	0.093	0.092	0.092	0.090
7:00:12	20.4	0.092	0.090	0.093	0.093	0.091	0.090	0.090	0.096	0.091	0.092	0.090	0.093	0.090	0.092	0.095	0.096	0.094	0.093	0.092	0.095	0.092	0.094	0.095	0.091	0.091	0.093	0.091	0.092	0.093	0.093	0.095	0.094	0.092	0.093	0.094	0.092	0.090	0.093	0.092	0.091	0.091	0.092	0.092	0.093	0.091	0.094	0.093	0.091	0.093	0.092	0.094	0.092	0.094	0.093	0.091	0.091	0.093	0.094	0.094	0.090	0.094	0.093	0.096	0.094	0.094	0.092	0.094	0.093	0.092	0.091	0.093	0.091	0.093	0.093	0.094	0.093	0.094	0.092	0.093	0.097	0.095	0.093	0.094	0.091	0.092	0.091	0.092	0.090	0.091	0.091	0.091	0.093	0.093	0.092	0.092	0.090
8:00:13	20.3	0.092	0.090	0.095	0.093	0.091	0.090	0.090	0.095	0.091	0.092	0.091	0.093	0.090	0.091	0.095	0.096	0.094	0.093	0.092	0.095	0.092	0.094	0.095	0.091	0.090	0.093	0.091	0.092	0.093	0.093	0.094	0.094	0.092	0.093	0.095	0.092	0.090	0.092	0.091	0.091	0.090	0.093	0.093	0.093	0.092	0.094	0.093	0.091	0.093	0.092	0.094	0.091	0.094	0.093	0.091	0.091	0.093	0.094	0.094	0.090	0.094	0.093	0.095	0.094	0.094	0.092	0.094	0.092	0.092	0.091	0.093	0.091	0.093	0.093	0.094	0.093	0.094	0.092	0.093	0.096	0.095	0.093	0.094	0.091	0.092	0.091	0.092	0.090	0.091	0.090	0.091	0.093	0.093	0.092	0.092	0.090
9:00:14	20.3	0.092	0.090	0.095	0.093	0.091	0.090	0.090	0.094	0.091	0.092	0.091	0.093	0.090	0.091	0.094	0.095	0.094	0.093	0.092	0.101	0.092	0.094	0.095	0.091	0.091	0.093	0.091	0.092	0.094	0.093	0.095	0.094	0.092	0.093	0.094	0.092	0.090	0.093	0.091	0.091	0.091	0.092	0.093	0.093	0.092	0.094	0.093	0.091	0.093	0.092	0.094	0.092	0.094	0.093	0.091	0.091	0.093	0.094	0.094	0.090	0.094	0.093	0.095	0.094	0.094	0.092	0.094	0.092	0.092	0.092	0.093	0.091	0.093	0.093	0.094	0.093	0.094	0.092	0.093	0.096	0.095	0.093	0.094	0.092	0.092	0.091	0.092	0.090	0.091	0.091	0.091	0.093	0.093	0.092	0.092	0.090
10:00:15	20.2	0.092	0.090	0.093	0.093	0.091	0.090	0.090	0.095	0.091	0.092	0.091	0.093	0.090	0.092	0.094	0.096	0.094	0.094	0.092	0.096	0.093	0.095	0.095	0.091	0.090	0.093	0.092	0.093	0.094	0.094	0.095	0.095	0.092	0.093	0.094	0.092	0.090	0.093	0.092	0.092	0.091	0.093	0.093	0.094	0.092	0.094	0.093	0.091	0.093	0.093	0.095	0.092	0.094	0.093	0.092	0.092	0.094	0.094	0.094	0.090	0.094	0.093	0.096	0.095	0.095	0.093	0.094	0.092	0.093	0.092	0.094	0.091	0.093	0.093	0.095	0.095	0.094	0.093	0.094	0.096	0.095	0.093	0.094	0.092	0.092	0.092	0.093	0.091	0.092	0.091	0.092	0.093	0.093	0.093	0.092	0.090
11:00:17	20.2	0.092	0.090	0.094	0.093	0.092	0.091	0.090	0.096	0.091	0.093	0.091	0.093	0.090	0.092	0.095	0.096	0.095	0.094	0.092	0.097	0.093	0.095	0.095	0.091	0.091	0.093	0.092	0.093	0.094	0.093	0.095	0.095	0.092	0.094	0.095	0.092	0.090	0.093	0.092	0.092	0.092	0.093	0.093	0.094	0.092	0.094	0.094	0.091	0.093	0.093	0.095	0.092	0.094	0.094	0.092	0.092	0.094	0.095	0.095	0.090	0.094	0.093	0.096	0.095	0.095	0.093	0.094	0.092	0.093	0.093	0.094	0.091	0.093	0.093	0.095	0.094	0.095	0.093	0.094	0.097	0.096	0.093	0.094	0.092	0.092	0.091	0.093	0.091	0.092	0.091	0.092	0.093	0.094	0.093	0.092	0.090
12:00:17	20.1	0.092	0.090	0.093	0.093	0.091	0.091	0.090	0.096	0.091	0.092	0.091	0.093	0.090	0.092	0.095	0.096	0.095	0.094	0.092	0.096	0.093	0.095	0.095	0.091	0.090	0.093	0.092	0.093	0.094	0.094	0.095	0.094	0.092	0.093	0.095	0.092	0.090	0.093	0.092	0.091	0.091	0.094	0.093	0.094	0.092	0.094	0.093	0.092	0.093	0.092	0.094	0.092	0.094	0.094	0.092	0.092	0.094	0.094	0.094	0.090	0.094	0.093	0.096	0.094	0.095	0.093	0.094	0.092	0.093	0.092	0.094	0.091	0.093	0.093	0.095	0.094	0.094	0.093	0.094	0.096	0.095	0.093	0.094	0.091	0.092	0.092	0.093	0.091	0.092	0.091	0.091	0.093	0.093	0.093	0.092	0.090
13:00:18	20.1	0.092	0.090	0.093	0.093	0.091	0.090	0.090	0.097	0.091	0.092	0.091	0.093	0.090	0.091	0.094	0.096	0.095	0.094	0.092	0.098	0.094	0.095	0.096	0.091	0.090	0.093	0.092	0.093	0.094	0.094	0.095	0.094	0.092	0.093	0.095	0.092	0.090	0.093	0.092	0.091	0.091	0.093	0.093	0.094	0.092	0.094	0.093	0.091	0.093	0.092	0.095	0.092	0.095	0.094	0.092	0.091	0.094	0.094	0.095	0.090	0.093	0.093	0.096	0.095	0.095	0.093	0.094	0.092	0.093	0.093	0.094	0.091	0.093	0.093	0.095	0.095	0.094	0.093	0.094	0.096	0.096	0.093	0.094	0.091	0.092	0.091	0.092	0.091	0.091	0.091	0.091	0.093	0.093	0.092	0.092	0.090
14:00:20	20.1	0.092	0.090	0.094	0.093	0.091	0.091	0.090	0.097	0.091	0.093	0.091	0.093	0.090	0.092	0.096	0.096	0.095	0.094	0.092	0.102	0.094	0.095	0.096	0.092	0.091	0.093	0.092	0.093	0.094	0.094	0.096	0.095	0.093	0.094	0.095	0.092	0.090	0.093	0.092	0.092	0.091	0.093	0.093	0.094	0.092	0.095	0.094	0.092	0.093	0.093	0.095	0.093	0.095	0.094	0.092	0.092	0.094	0.094	0.095	0.090	0.094	0.094	0.096	0.095	0.095	0.093	0.095	0.092	0.093	0.093	0.094	0.091	0.093	0.093	0.095	0.095	0.094	0.094	0.094	0.097	0.095	0.093	0.094	0.091	0.092	0.092	0.093	0.091	0.091	0.091	0.092	0.093	0.093	0.092	0.092	0.090
15:00:21	20.0	0.092	0.090	0.094	0.093	0.092	0.091	0.090	0.098	0.091	0.093	0.091	0.093	0.090	0.092	0.097	0.096	0.095	0.094	0.092	0.096	0.094	0.095	0.096	0.092	0.091	0.094	0.092	0.094	0.095	0.094	0.096	0.095	0.093	0.094	0.095	0.092	0.090	0.093	0.093	0.092	0.092	0.093	0.093	0.094	0.092	0.095	0.093	0.092	0.093	0.093	0.095	0.093	0.096	0.094	0.092	0.092	0.094	0.095	0.095	0.090	0.094	0.094	0.097	0.095	0.096	0.093	0.095	0.093	0.094	0.093	0.094	0.091	0.093	0.093	0.095	0.095	0.094	0.094	0.094	0.097	0.096	0.093	0.094	0.091	0.092	0.092	0.093	0.091	0.092	0.091	0.092	0.094	0.094	0.093	0.092	0.090
16:00:21	20.0	0.092	0.090	0.094	0.093	0.092	0.091	0.090	0.095	0.091	0.093	0.091	0.093	0.090	0.092	0.098	0.096	0.095	0.095	0.092	0.096	0.095	0.096	0.097	0.092	0.091	0.094	0.093	0.094	0.095	0.094	0.097	0.095	0.094	0.094	0.095	0.092	0.090	0.093	0.093	0.092	0.091	0.093	0.093	0.095	0.092	0.096	0.094	0.092	0.093	0.093	0.095	0.094	0.096	0.095	0.092	0.093	0.095	0.095	0.095	0.090	0.094	0.094	0.097	0.095	0.096	0.093	0.095	0.092	0.094	0.094	0.094	0.091	0.093	0.093	0.096	0.096	0.095	0.095	0.094	0.098	0.096	0.093	0.094	0.091	0.092	0.092	0.093	0.091	0.092	0.091	0.092	0.094	0.094	0.093	0.092	0.090
17:00:23	20.0	0.092	0.090	0.093	0.093	0.091	0.091	0.090	0.096	0.091	0.092	0.091	0.093	0.090	0.092	0.097	0.096	0.094	0.095	0.092	0.096	0.095	0.096	0.097	0.092	0.090	0.095	0.093	0.094	0.095	0.093	0.097	0.094	0.094	0.093	0.094	0.092	0.090	0.093	0.094	0.091	0.091	0.093	0.093	0.095	0.092	0.096	0.093	0.091	0.093	0.092	0.094	0.094	0.096	0.095	0.091	0.092	0.096	0.094	0.095	0.090	0.094	0.095	0.097	0.095	0.095	0.093	0.096	0.092	0.095	0.094	0.094	0.091	0.093	0.093	0.096	0.096	0.094	0.094	0.094	0.097	0.095	0.093	0.094	0.091	0.092	0.091	0.092	0.091	0.092	0.091	0.091	0.093	0.093	0.092	0.092	0.090
18:00:23	20.0	0.092	0.090	0.093	0.093	0.092	0.091	0.090	0.092	0.091	0.093	0.091	0.093	0.090	0.092	0.097	0.096	0.094	0.096	0.092	0.097	0.096	0.097	0.098	0.092	0.091	0.096	0.094	0.095	0.097	0.094	0.099	0.095	0.095	0.094	0.095	0.092	0.090	0.093	0.095	0.091	0.091	0.093	0.093	0.096	0.092	0.097	0.094	0.092	0.093	0.093	0.095	0.095	0.098	0.096	0.092	0.093	0.097	0.095	0.095	0.090	0.094	0.096	0.099	0.095	0.096	0.093	0.097	0.092	0.096	0.095	0.094	0.091	0.093	0.093	0.097	0.097	0.095	0.096	0.094	0.098	0.096	0.093	0.094	0.091	0.092	0.092	0.093	0.091	0.091	0.091	0.092	0.093	0.094	0.093	0.092	0.090
19:00:24	20.0	0.092	0.090	0.094	0.093	0.092	0.091	0.090	0.092	0.091	0.093	0.091	0.093	0.090	0.092	0.097	0.096	0.095	0.098	0.093	0.097	0.098	0.098	0.100	0.093	0.091	0.097	0.096	0.097	0.098	0.094	0.100	0.095	0.097	0.094	0.095	0.092	0.091	0.093	0.096	0.092	0.092	0.093	0.093	0.098	0.092	0.099	0.094	0.092	0.093	0.093	0.095	0.096	0.100	0.098	0.092	0.094	0.099	0.095	0.096	0.090	0.094	0.098	0.100	0.095	0.095	0.093	0.099	0.092	0.098	0.097	0.094	0.091	0.093	0.093	0.099	0.098	0.095	0.097	0.094	0.098	0.096	0.093	0.095	0.091	0.092	0.092	0.093	0.091	0.092	0.091	0.092	0.093	0.094	0.093	0.092	0.090
20:00:25	20.0	0.092	0.090	0.094	0.093	0.092	0.091	0.090	0.092	0.091	0.093	0.091	0.093	0.090	0.092	0.098	0.096	0.095	0.099	0.093	0.097	0.100	0.100	0.102	0.093	0.091	0.099	0.097	0.098	0.100	0.094	0.102	0.095	0.099	0.094	0.095	0.092	0.090	0.093	0.098	0.092	0.092	0.094	0.093	0.100	0.092	0.101	0.094	0.092	0.093	0.093	0.095	0.098	0.101	0.100	0.092	0.093	0.100	0.095	0.096	0.090	0.094	0.100	0.102	0.095	0.095	0.093	0.101	0.092	0.100	0.098	0.094	0.091	0.093	0.093	0.100	0.100	0.095	0.098	0.094	0.098	0.096	0.094	0.095	0.091	0.092	0.092	0.093	0.091	0.092	0.092	0.092	0.094	0.094	0.093	0.092	0.090
21:00:26	20.1	0.092	0.090	0.093	0.093	0.092	0.091	0.090	0.092	0.091	0.093	0.091	0.093	0.090	0.092	0.096	0.096	0.094	0.101	0.092	0.097	0.103	0.102	0.105	0.093	0.090	0.101	0.099	0.100	0.102	0.094	0.104	0.095	0.102	0.094	0.095	0.092	0.090	0.093	0.100	0.092	0.091	0.093	0.093	0.102	0.092	0.103	0.094	0.092	0.093	0.093	0.095	0.100	0.103	0.102	0.092	0.093	0.103	0.094	0.096	0.090	0.094	0.102	0.103	0.095	0.095	0.093	0.103	0.092	0.103	0.101	0.094	0.091	0.093	0.093	0.101	0.102	0.094	0.100	0.094	0.097	0.095	0.093	0.094	0.091	0.092	0.092	0.093	0.091	0.092	0.091	0.092	0.093	0.093	0.093	0.092	0.090
22:00:27	20.1	0.092	0.090	0.093	0.093	0.092	0.091	0.090	0.091	0.091	0.093	0.091	0.093	0.090	0.092	0.096	0.096	0.095	0.105	0.093	0.097	0.107	0.105	0.109	0.093	0.091	0.104	0.102	0.103	0.105	0.094	0.108	0.095	0.105	0.094	0.095	0.092	0.090	0.092	0.103	0.092	0.091	0.093	0.093	0.106	0.092	0.107	0.094	0.092	0.093	0.093	0.094	0.103	0.107	0.106	0.092	0.093	0.107	0.095	0.096	0.090	0.094	0.106	0.106	0.095	0.095	0.093	0.106	0.092	0.107	0.105	0.094	0.091	0.093	0.093	0.104	0.105	0.095	0.103	0.094	0.098	0.095	0.093	0.095	0.091	0.092	0.092	0.093	0.091	0.091	0.091	0.092	0.093	0.093	0.093	0.092	0.091
23:00:35	20.2	0.092	0.090	0.093	0.093	0.092	0.091	0.090	0.093	0.091	0.093	0.091	0.093	0.090	0.092	0.095	0.096	0.095	0.109	0.092	0.097	0.114	0.110	0.115	0.093	0.091	0.109	0.107	0.108	0.110	0.094	0.113	0.095	0.111	0.094	0.095	0.092	0.090	0.093	0.108	0.092	0.092	0.093	0.094	0.112	0.092	0.113	0.094	0.092	0.093	0.093	0.095	0.108	0.112	0.112	0.092	0.093	0.113	0.095	0.096	0.090	0.094	0.112	0.111	0.096	0.096	0.093	0.112	0.093	0.113	0.110	0.094	0.091	0.093	0.093	0.108	0.109	0.095	0.107	0.095	0.098	0.096	0.093	0.095	0.091	0.092	0.092	0.093	0.091	0.092	0.091	0.092	0.093	0.094	0.093	0.092	0.090
24:00:30	20.3	0.092	0.090	0.093	0.093	0.092	0.091	0.090	0.096	0.091	0.093	0.091	0.093	0.090	0.092	0.095	0.096	0.094	0.116	0.092	0.097	0.122	0.116	0.123	0.092	0.091	0.116	0.113	0.114	0.116	0.094	0.122	0.095	0.119	0.093	0.095	0.093	0.090	0.093	0.115	0.092	0.092	0.093	0.093	0.120	0.092	0.121	0.094	0.092	0.093	0.093	0.094	0.115	0.120	0.119	0.092	0.093	0.121	0.096	0.096	0.090	0.094	0.119	0.118	0.096	0.096	0.093	0.119	0.092	0.121	0.117	0.094	0.091	0.093	0.093	0.114	0.115	0.095	0.113	0.095	0.098	0.095	0.093	0.095	0.091	0.092	0.091	0.093	0.091	0.092	0.091	0.091	0.093	0.094	0.093	0.092	0.090
25:00:30	20.4	0.092	0.090	0.093	0.093	0.092	0.091	0.090	0.098	0.092	0.093	0.091	0.093	0.090	0.092	0.095	0.096	0.095	0.125	0.093	0.097	0.132	0.125	0.133	0.093	0.091	0.125	0.122	0.123	0.125	0.094	0.132	0.095	0.129	0.094	0.095	0.092	0.090	0.093	0.125	0.092	0.091	0.093	0.094	0.131	0.092	0.131	0.095	0.092	0.093	0.093	0.095	0.125	0.131	0.130	0.092	0.093	0.132	0.095	0.096	0.090	0.094	0.129	0.127	0.095	0.096	0.093	0.131	0.093	0.132	0.127	0.094	0.091	0.093	0.093	0.122	0.124	0.095	0.122	0.095	0.099	0.095	0.093	0.095	0.092	0.092	0.092	0.093	0.091	0.092	0.091	0.092	0.093	0.093	0.093	0.092	0.090
26:00:31	20.4	0.092	0.090	0.094	0.093	0.092	0.091	0.090	0.097	0.091	0.093	0.091	0.093	0.090	0.092	0.095	0.096	0.095	0.136	0.093	0.097	0.146	0.136	0.148	0.093	0.091	0.137	0.134	0.135	0.136	0.094	0.145	0.095	0.142	0.094	0.095	0.092	0.090	0.093	0.136	0.091	0.091	0.093	0.093	0.145	0.092	0.144	0.095	0.092	0.093	0.093	0.095	0.137	0.145	0.143	0.092	0.092	0.146	0.095	0.096	0.090	0.094	0.142	0.139	0.095	0.096	0.093	0.144	0.093	0.146	0.141	0.094	0.091	0.093	0.093	0.133	0.136	0.095	0.133	0.095	0.099	0.095	0.093	0.095	0.091	0.092	0.092	0.092	0.091	0.092	0.091	0.091	0.093	0.094	0.093	0.092	0.090
27:00:32	20.4	0.092	0.090	0.093	0.093	0.092	0.091	0.090	0.097	0.091	0.093	0.091	0.093	0.090	0.092	0.094	0.096	0.094	0.150	0.092	0.097	0.163	0.153	0.167	0.093	0.090	0.152	0.148	0.149	0.151	0.094	0.162	0.095	0.159	0.094	0.095	0.092	0.091	0.093	0.151	0.091	0.091	0.093	0.093	0.164	0.092	0.164	0.095	0.092	0.093	0.093	0.094	0.151	0.162	0.160	0.092	0.092	0.166	0.095	0.096	0.090	0.094	0.160	0.154	0.095	0.096	0.093	0.162	0.092	0.165	0.160	0.094	0.091	0.093	0.093	0.147	0.151	0.095	0.149	0.095	0.098	0.095	0.093	0.095	0.091	0.092	0.092	0.092	0.091	0.091	0.091	0.091	0.093	0.093	0.093	0.092	0.090
28:00:33	20.4	0.092	0.090	0.094	0.093	0.092	0.091	0.090	0.096	0.091	0.093	0.091	0.093	0.090	0.092	0.094	0.096	0.095	0.167	0.092	0.097	0.182	0.172	0.186	0.092	0.091	0.169	0.166	0.166	0.169	0.094	0.181	0.095	0.178	0.094	0.095	0.093	0.090	0.093	0.168	0.092	0.091	0.093	0.094	0.184	0.092	0.184	0.096	0.092	0.093	0.093	0.095	0.169	0.182	0.179	0.092	0.092	0.188	0.095	0.096	0.090	0.094	0.177	0.172	0.096	0.096	0.093	0.183	0.092	0.185	0.180	0.094	0.091	0.093	0.094	0.165	0.171	0.095	0.169	0.095	0.098	0.095	0.093	0.096	0.091	0.092	0.092	0.093	0.091	0.092	0.091	0.092	0.093	0.093	0.093	0.092	0.090
29:00:33	20.4	0.092	0.090	0.093	0.093	0.091	0.091	0.090	0.096	0.091	0.092	0.091	0.093	0.090	0.092	0.093	0.095	0.094	0.182	0.092	0.097	0.197	0.190	0.208	0.092	0.091	0.185	0.181	0.181	0.186	0.094	0.195	0.095	0.192	0.094	0.095	0.092	0.090	0.093	0.183	0.091	0.091	0.093	0.093	0.199	0.092	0.203	0.096	0.092	0.093	0.093	0.095	0.185	0.199	0.191	0.092	0.092	0.207	0.095	0.096	0.090	0.093	0.191	0.189	0.096	0.096	0.093	0.200	0.092	0.205	0.200	0.094	0.091	0.093	0.093	0.183	0.189	0.095	0.187	0.094	0.099	0.095	0.093	0.096	0.091	0.092	0.091	0.093	0.091	0.091	0.091	0.091	0.093	0.093	0.092	0.092	0.090
30:00:34	20.4	0.092	0.090	0.093	0.093	0.092	0.091	0.090	0.097	0.091	0.093	0.091	0.093	0.090	0.092	0.094	0.096	0.095	0.187	0.093	0.098	0.210	0.210	0.225	0.092	0.091	0.201	0.186	0.187	0.194	0.094	0.201	0.095	0.207	0.095	0.095	0.093	0.091	0.093	0.189	0.092	0.092	0.093	0.094	0.207	0.092	0.221	0.097	0.092	0.093	0.093	0.095	0.191	0.206	0.194	0.092	0.092	0.224	0.095	0.096	0.090	0.094	0.204	0.197	0.096	0.096	0.093	0.205	0.093	0.222	0.218	0.094	0.091	0.093	0.094	0.192	0.200	0.095	0.194	0.095	0.099	0.096	0.093	0.097	0.091	0.092	0.092	0.093	0.091	0.092	0.091	0.092	0.093	0.093	0.093	0.092	0.090
31:00:35	20.4	0.092	0.090	0.093	0.093	0.092	0.091	0.090	0.097	0.091	0.093	0.091	0.093	0.090	0.092	0.094	0.096	0.094	0.190	0.093	0.097	0.220	0.226	0.239	0.092	0.091	0.213	0.190	0.190	0.199	0.094	0.206	0.095	0.226	0.094	0.095	0.092	0.090	0.093	0.193	0.091	0.091	0.093	0.094	0.217	0.092	0.235	0.097	0.092	0.093	0.093	0.095	0.195	0.212	0.199	0.092	0.092	0.235	0.095	0.096	0.090	0.094	0.215	0.203	0.096	0.096	0.093	0.212	0.092	0.232	0.232	0.094	0.091	0.093	0.093	0.199	0.206	0.094	0.202	0.095	0.099	0.095	0.093	0.097	0.091	0.092	0.092	0.092	0.091	0.092	0.091	0.091	0.093	0.093	0.093	0.092	0.090
32:00:36	20.3	0.092	0.090	0.093	0.093	0.092	0.091	0.090	0.094	0.091	0.093	0.091	0.093	0.090	0.092	0.094	0.095	0.095	0.195	0.093	0.098	0.231	0.238	0.248	0.093	0.091	0.223	0.194	0.195	0.205	0.094	0.215	0.095	0.237	0.094	0.095	0.092	0.091	0.093	0.198	0.091	0.091	0.093	0.094	0.230	0.092	0.244	0.099	0.092	0.093	0.094	0.095	0.201	0.218	0.205	0.092	0.092	0.243	0.095	0.096	0.090	0.094	0.224	0.210	0.096	0.096	0.093	0.221	0.092	0.239	0.242	0.094	0.091	0.093	0.094	0.207	0.213	0.095	0.210	0.094	0.099	0.095	0.093	0.098	0.091	0.092	0.092	0.092	0.091	0.092	0.091	0.092	0.093	0.093	0.093	0.092	0.090
33:00:37	20.3	0.092	0.090	0.093	0.093	0.091	0.090	0.090	0.091	0.091	0.092	0.091	0.093	0.090	0.092	0.094	0.095	0.094	0.201	0.093	0.098	0.242	0.248	0.257	0.092	0.091	0.233	0.199	0.200	0.212	0.094	0.224	0.095	0.246	0.094	0.095	0.092	0.090	0.094	0.204	0.091	0.091	0.093	0.094	0.234	0.092	0.255	0.101	0.092	0.093	0.093	0.094	0.207	0.226	0.212	0.093	0.092	0.250	0.095	0.096	0.090	0.094	0.234	0.217	0.096	0.096	0.093	0.229	0.092	0.245	0.250	0.094	0.091	0.092	0.094	0.216	0.222	0.095	0.220	0.096	0.099	0.095	0.093	0.100	0.091	0.092	0.091	0.092	0.091	0.091	0.091	0.091	0.093	0.093	0.093	0.092	0.090
34:00:38	20.2	0.092	0.090	0.094	0.093	0.092	0.091	0.091	0.093	0.091	0.093	0.091	0.093	0.090	0.093	0.094	0.095	0.095	0.207	0.094	0.098	0.253	0.260	0.269	0.093	0.091	0.244	0.206	0.207	0.218	0.094	0.234	0.096	0.255	0.095	0.096	0.093	0.091	0.094	0.211	0.092	0.092	0.093	0.095	0.241	0.092	0.266	0.104	0.092	0.093	0.094	0.095	0.214	0.234	0.219	0.093	0.092	0.258	0.095	0.096	0.090	0.094	0.245	0.225	0.097	0.097	0.094	0.236	0.093	0.253	0.260	0.094	0.091	0.093	0.094	0.226	0.232	0.095	0.230	0.096	0.098	0.096	0.094	0.102	0.091	0.092	0.092	0.093	0.091	0.092	0.091	0.092	0.093	0.094	0.093	0.092	0.090
35:00:41	20.2	0.092	0.090	0.093	0.093	0.092	0.091	0.090	0.093	0.091	0.093	0.091	0.093	0.090	0.093	0.094	0.096	0.094	0.213	0.093	0.098	0.264	0.273	0.279	0.093	0.091	0.257	0.213	0.214	0.225	0.094	0.242	0.096	0.262	0.095	0.095	0.092	0.090	0.094	0.217	0.092	0.091	0.093	0.094	0.247	0.092	0.279	0.108	0.092	0.093	0.094	0.095	0.221	0.240	0.226	0.093	0.092	0.268	0.095	0.097	0.090	0.094	0.253	0.233	0.096	0.097	0.093	0.242	0.092	0.262	0.270	0.094	0.091	0.093	0.095	0.236	0.241	0.095	0.237	0.096	0.098	0.095	0.093	0.106	0.091	0.092	0.092	0.093	0.091	0.091	0.091	0.091	0.093	0.094	0.093	0.092	0.090
36:00:42	20.2	0.092	0.090	0.093	0.093	0.091	0.091	0.090	0.092	0.091	0.093	0.091	0.093	0.090	0.092	0.095	0.095	0.094	0.220	0.093	0.098	0.273	0.284	0.288	0.093	0.090	0.267	0.219	0.220	0.231	0.094	0.249	0.096	0.274	0.095	0.095	0.092	0.090	0.094	0.223	0.091	0.091	0.093	0.095	0.252	0.092	0.292	0.115	0.092	0.093	0.094	0.095	0.228	0.247	0.231	0.093	0.092	0.279	0.095	0.096	0.090	0.094	0.260	0.239	0.097	0.096	0.093	0.247	0.092	0.274	0.282	0.094	0.091	0.093	0.095	0.243	0.246	0.095	0.241	0.096	0.099	0.095	0.094	0.111	0.091	0.092	0.091	0.092	0.091	0.091	0.091	0.091	0.093	0.093	0.092	0.092	0.090
37:00:42	20.1	0.092	0.090	0.094	0.093	0.092	0.091	0.090	0.092	0.092	0.093	0.091	0.094	0.090	0.093	0.096	0.096	0.095	0.225	0.094	0.099	0.279	0.293	0.296	0.093	0.090	0.275	0.225	0.226	0.238	0.095	0.256	0.096	0.285	0.095	0.096	0.093	0.091	0.094	0.228	0.092	0.091	0.093	0.095	0.258	0.092	0.303	0.124	0.092	0.093	0.095	0.095	0.234	0.253	0.237	0.094	0.092	0.290	0.095	0.097	0.090	0.094	0.267	0.246	0.097	0.097	0.094	0.253	0.093	0.288	0.295	0.094	0.091	0.093	0.096	0.249	0.251	0.095	0.246	0.097	0.099	0.096	0.094	0.119	0.091	0.092	0.092	0.092	0.091	0.092	0.091	0.092	0.093	0.093	0.093	0.092	0.090
38:00:43	20.1	0.092	0.090	0.094	0.093	0.092	0.091	0.090	0.092	0.092	0.093	0.091	0.094	0.091	0.093	0.096	0.096	0.095	0.232	0.094	0.099	0.285	0.301	0.304	0.093	0.090	0.282	0.231	0.232	0.245	0.095	0.267	0.096	0.293	0.095	0.096	0.093	0.091	0.095	0.233	0.092	0.091	0.093	0.096	0.266	0.092	0.310	0.136	0.092	0.093	0.095	0.095	0.241	0.262	0.242	0.095	0.092	0.298	0.096	0.096	0.090	0.094	0.272	0.253	0.097	0.097	0.093	0.259	0.093	0.296	0.302	0.094	0.091	0.093	0.096	0.255	0.256	0.095	0.251	0.097	0.098	0.096	0.094	0.129	0.091	0.092	0.092	0.093	0.091	0.092	0.091	0.092	0.094	0.093	0.093	0.092	0.090
39:00:45	20.1	0.092	0.090	0.094	0.093	0.092	0.091	0.091	0.093	0.091	0.093	0.091	0.094	0.091	0.094	0.096	0.096	0.095	0.240	0.095	0.099	0.289	0.305	0.311	0.093	0.090	0.289	0.234	0.238	0.255	0.095	0.273	0.097	0.295	0.096	0.096	0.093	0.091	0.096	0.236	0.092	0.092	0.094	0.096	0.274	0.092	0.314	0.153	0.092	0.093	0.096	0.095	0.249	0.265	0.248	0.095	0.092	0.302	0.096	0.097	0.090	0.094	0.277	0.260	0.097	0.096	0.094	0.263	0.093	0.299	0.306	0.094	0.091	0.093	0.096	0.261	0.260	0.096	0.257	0.097	0.097	0.096	0.094	0.143	0.092	0.092	0.092	0.093	0.091	0.092	0.091	0.092	0.093	0.094	0.093	0.092	0.090
40:00:45	20.1	0.092	0.090	0.093	0.093	0.092	0.091	0.090	0.093	0.091	0.093	0.091	0.093	0.090	0.094	0.096	0.096	0.095	0.247	0.095	0.099	0.292	0.306	0.316	0.093	0.090	0.293	0.239	0.241	0.261	0.095	0.279	0.097	0.296	0.096	0.096	0.093	0.091	0.096	0.240	0.092	0.091	0.093	0.096	0.282	0.092	0.315	0.175	0.092	0.093	0.096	0.095	0.257	0.271	0.254	0.096	0.092	0.301	0.096	0.097	0.090	0.094	0.280	0.266	0.097	0.097	0.094	0.269	0.093	0.299	0.306	0.094	0.091	0.093	0.097	0.267	0.266	0.095	0.262	0.098	0.098	0.096	0.094	0.162	0.091	0.092	0.092	0.092	0.091	0.091	0.091	0.091	0.093	0.093	0.093	0.092	0.090
41:00:46	20.0	0.092	0.090	0.094	0.093	0.092	0.091	0.091	0.095	0.092	0.093	0.091	0.094	0.090	0.094	0.098	0.096	0.095	0.253	0.096	0.099	0.295	0.306	0.321	0.093	0.090	0.296	0.244	0.247	0.267	0.095	0.285	0.097	0.296	0.096	0.096	0.092	0.091	0.096	0.244	0.092	0.092	0.094	0.097	0.287	0.092	0.314	0.197	0.092	0.093	0.097	0.095	0.261	0.276	0.259	0.096	0.093	0.300	0.095	0.096	0.091	0.094	0.281	0.271	0.098	0.097	0.094	0.275	0.092	0.296	0.304	0.094	0.091	0.093	0.098	0.272	0.270	0.096	0.267	0.097	0.099	0.096	0.094	0.183	0.091	0.092	0.092	0.093	0.091	0.092	0.091	0.091	0.093	0.093	0.093	0.092	0.091
42:00:46	20.0	0.092	0.090	0.093	0.093	0.092	0.091	0.090	0.094	0.091	0.093	0.091	0.093	0.090	0.095	0.098	0.096	0.094	0.256	0.096	0.100	0.296	0.305	0.325	0.093	0.090	0.297	0.247	0.249	0.270	0.096	0.287	0.098	0.295	0.096	0.096	0.092	0.091	0.096	0.246	0.092	0.091	0.094	0.097	0.292	0.092	0.312	0.215	0.092	0.093	0.097	0.095	0.266	0.278	0.266	0.098	0.092	0.299	0.096	0.097	0.090	0.094	0.285	0.273	0.097	0.097	0.094	0.279	0.093	0.294	0.302	0.094	0.091	0.093	0.098	0.276	0.273	0.096	0.270	0.099	0.100	0.096	0.094	0.199	0.091	0.092	0.092	0.093	0.091	0.091	0.091	0.091	0.093	0.093	0.093	0.092	0.090
43:00:47	20.0	0.092	0.090	0.094	0.093	0.092	0.091	0.090	0.091	0.092	0.093	0.091	0.094	0.091	0.095	0.099	0.096	0.095	0.259	0.097	0.100	0.297	0.306	0.328	0.093	0.090	0.299	0.250	0.251	0.272	0.096	0.290	0.099	0.295	0.097	0.096	0.092	0.091	0.097	0.247	0.092	0.091	0.094	0.098	0.297	0.093	0.312	0.231	0.092	0.093	0.098	0.096	0.268	0.281	0.271	0.099	0.093	0.299	0.096	0.097	0.090	0.094	0.287	0.276	0.097	0.097	0.095	0.283	0.092	0.293	0.301	0.094	0.091	0.093	0.099	0.279	0.276	0.096	0.273	0.099	0.100	0.096	0.095	0.214	0.091	0.092	0.092	0.093	0.091	0.092	0.091	0.092	0.094	0.093	0.093	0.092	0.090
44:00:48	20.0	0.092	0.090	0.094	0.093	0.092	0.091	0.091	0.091	0.091	0.093	0.091	0.094	0.090	0.096	0.101	0.096	0.095	0.258	0.098	0.101	0.297	0.306	0.331	0.093	0.090	0.300	0.249	0.250	0.274	0.096	0.294	0.100	0.294	0.097	0.097	0.093	0.091	0.099	0.247	0.092	0.092	0.094	0.099	0.300	0.093	0.312	0.247	0.092	0.093	0.099	0.096	0.269	0.283	0.274	0.100	0.093	0.300	0.096	0.097	0.090	0.094	0.288	0.278	0.098	0.098	0.095	0.287	0.093	0.293	0.301	0.094	0.091	0.093	0.101	0.283	0.278	0.097	0.275	0.100	0.101	0.096	0.095	0.230	0.092	0.092	0.092	0.093	0.091	0.092	0.091	0.092	0.094	0.094	0.093	0.092	0.091
45:00:49	20.0	0.092	0.090	0.093	0.093	0.092	0.090	0.090	0.093	0.091	0.093	0.091	0.093	0.090	0.096	0.103	0.096	0.095	0.259	0.098	0.100	0.298	0.307	0.333	0.093	0.090	0.301	0.249	0.250	0.276	0.097	0.297	0.100	0.296	0.097	0.097	0.093	0.091	0.099	0.247	0.092	0.091	0.094	0.099	0.304	0.092	0.313	0.254	0.092	0.093	0.100	0.095	0.269	0.284	0.275	0.102	0.093	0.301	0.096	0.097	0.090	0.094	0.289	0.279	0.097	0.097	0.095	0.290	0.093	0.293	0.302	0.094	0.091	0.093	0.101	0.286	0.279	0.097	0.279	0.100	0.100	0.097	0.095	0.243	0.091	0.092	0.092	0.092	0.091	0.092	0.091	0.091	0.093	0.093	0.093	0.092	0.090
46:00:53	20.1	0.092	0.090	0.094	0.093	0.092	0.091	0.090	0.091	0.091	0.093	0.091	0.093	0.090	0.097	0.103	0.096	0.095	0.261	0.099	0.101	0.300	0.308	0.335	0.093	0.090	0.301	0.250	0.250	0.278	0.097	0.300	0.101	0.296	0.098	0.097	0.093	0.090	0.100	0.248	0.092	0.092	0.095	0.100	0.308	0.093	0.315	0.261	0.092	0.093	0.101	0.096	0.270	0.287	0.277	0.104	0.093	0.303	0.097	0.097	0.090	0.094	0.290	0.281	0.098	0.098	0.096	0.294	0.093	0.294	0.303	0.094	0.091	0.093	0.103	0.289	0.284	0.098	0.284	0.101	0.102	0.097	0.096	0.250	0.091	0.092	0.092	0.092	0.091	0.092	0.091	0.091	0.093	0.094	0.093	0.092	0.090
47:00:51	20.2	0.092	0.090	0.096	0.093	0.092	0.091	0.091	0.091	0.092	0.093	0.091	0.093	0.090	0.098	0.103	0.096	0.095	0.263	0.101	0.102	0.300	0.309	0.336	0.093	0.090	0.301	0.250	0.251	0.281	0.098	0.304	0.103	0.297	0.098	0.097	0.093	0.090	0.101	0.248	0.092	0.092	0.095	0.101	0.312	0.092	0.318	0.270	0.092	0.093	0.103	0.096	0.271	0.291	0.280	0.106	0.093	0.306	0.097	0.098	0.090	0.094	0.290	0.282	0.097	0.098	0.096	0.298	0.093	0.296	0.305	0.094	0.091	0.093	0.105	0.292	0.287	0.098	0.287	0.103	0.102	0.097	0.096	0.256	0.092	0.092	0.092	0.092	0.091	0.092	0.091	0.091	0.093	0.093	0.093	0.092	0.090
48:00:53	20.2	0.092	0.090	0.095	0.093	0.092	0.091	0.091	0.092	0.091	0.093	0.091	0.094	0.091	0.100	0.103	0.096	0.095	0.266	0.102	0.103	0.303	0.310	0.337	0.093	0.091	0.302	0.252	0.252	0.283	0.099	0.307	0.104	0.299	0.098	0.098	0.093	0.091	0.103	0.249	0.092	0.092	0.095	0.103	0.316	0.093	0.321	0.283	0.092	0.093	0.105	0.096	0.273	0.294	0.284	0.109	0.094	0.309	0.096	0.098	0.090	0.094	0.292	0.285	0.098	0.098	0.097	0.301	0.093	0.299	0.309	0.095	0.091	0.093	0.108	0.294	0.289	0.098	0.291	0.104	0.103	0.097	0.096	0.269	0.091	0.092	0.092	0.092	0.091	0.092	0.091	0.092	0.094	0.094	0.093	0.092	0.090
49:00:53	20.2	0.092	0.090	0.094	0.093	0.092	0.091	0.091	0.091	0.092	0.093	0.091	0.094	0.091	0.101	0.103	0.096	0.095	0.269	0.104	0.104	0.305	0.313	0.339	0.093	0.091	0.303	0.254	0.253	0.286	0.100	0.310	0.106	0.301	0.099	0.098	0.093	0.091	0.105	0.251	0.092	0.092	0.096	0.105	0.318	0.093	0.323	0.297	0.092	0.094	0.107	0.097	0.275	0.296	0.287	0.113	0.094	0.312	0.097	0.099	0.091	0.094	0.292	0.287	0.098	0.098	0.098	0.304	0.093	0.302	0.312	0.095	0.091	0.093	0.110	0.295	0.291	0.099	0.294	0.105	0.103	0.098	0.097	0.279	0.092	0.092	0.092	0.093	0.091	0.092	0.091	0.092	0.093	0.094	0.093	0.092	0.091
50:01:08	20.3	0.092	0.090	0.094	0.093	0.092	0.091	0.091	0.091	0.092	0.093	0.091	0.094	0.091	0.102	0.105	0.096	0.095	0.272	0.107	0.105	0.307	0.314	0.341	0.093	0.091	0.303	0.255	0.254	0.289	0.101	0.312	0.108	0.302	0.100	0.098	0.093	0.091	0.107	0.252	0.093	0.092	0.096	0.107	0.321	0.093	0.326	0.310	0.092	0.093	0.110	0.097	0.277	0.297	0.289	0.117	0.094	0.313	0.097	0.099	0.090	0.094	0.294	0.289	0.097	0.099	0.099	0.305	0.093	0.305	0.314	0.095	0.092	0.093	0.114	0.297	0.293	0.100	0.296	0.108	0.104	0.098	0.098	0.287	0.092	0.092	0.092	0.093	0.091	0.092	0.091	0.092	0.094	0.094	0.093	0.093	0.091
51:00:55	20.4	0.092	0.090	0.094	0.093	0.092	0.091	0.091	0.091	0.091	0.093	0.091	0.094	0.090	0.104	0.106	0.096	0.095	0.273	0.109	0.105	0.307	0.315	0.341	0.093	0.091	0.302	0.256	0.256	0.290	0.102	0.313	0.111	0.304	0.101	0.099	0.093	0.091	0.109	0.252	0.093	0.092	0.096	0.109	0.323	0.092	0.327	0.318	0.092	0.093	0.113	0.097	0.278	0.299	0.291	0.121	0.094	0.315	0.096	0.099	0.090	0.094	0.295	0.290	0.098	0.098	0.099	0.306	0.093	0.306	0.315	0.095	0.091	0.093	0.117	0.298	0.294	0.100	0.298	0.111	0.105	0.099	0.098	0.296	0.092	0.092	0.092	0.092	0.091	0.092	0.091	0.092	0.094	0.094	0.093	0.092	0.090
52:00:55	20.5	0.092	0.090	0.094	0.093	0.092	0.091	0.091	0.091	0.092	0.093	0.091	0.094	0.091	0.106	0.109	0.096	0.095	0.274	0.112	0.106	0.308	0.316	0.342	0.093	0.091	0.302	0.257	0.257	0.292	0.103	0.314	0.113	0.305	0.102	0.099	0.093	0.091	0.113	0.254	0.093	0.092	0.097	0.113	0.324	0.093	0.329	0.323	0.092	0.093	0.117	0.098	0.280	0.299	0.293	0.126	0.095	0.316	0.097	0.099	0.090	0.094	0.295	0.291	0.098	0.099	0.100	0.307	0.093	0.307	0.316	0.095	0.091	0.093	0.121	0.299	0.295	0.102	0.299	0.114	0.105	0.099	0.099	0.298	0.091	0.092	0.092	0.093	0.091	0.092	0.091	0.092	0.094	0.094	0.093	0.093	0.090
53:00:56	20.6	0.092	0.090	0.093	0.093	0.092	0.090	0.093	0.096	0.091	0.093	0.091	0.093	0.090	0.108	0.111	0.096	0.095	0.275	0.115	0.106	0.309	0.317	0.343	0.093	0.091	0.301	0.257	0.257	0.293	0.104	0.316	0.116	0.306	0.103	0.100	0.093	0.090	0.116	0.254	0.093	0.092	0.097	0.115	0.324	0.092	0.330	0.322	0.092	0.093	0.120	0.098	0.281	0.300	0.295	0.132	0.095	0.318	0.097	0.099	0.090	0.094	0.295	0.292	0.098	0.099	0.101	0.308	0.093	0.308	0.318	0.095	0.091	0.092	0.126	0.299	0.296	0.102	0.299	0.116	0.106	0.099	0.100	0.301	0.091	0.092	0.091	0.092	0.091	0.091	0.090	0.091	0.093	0.093	0.092	0.092	0.090
54:00:59	20.6	0.092	0.090	0.094	0.093	0.092	0.091	0.092	0.091	0.092	0.093	0.091	0.094	0.090	0.112	0.114	0.096	0.095	0.277	0.118	0.108	0.311	0.319	0.344	0.093	0.091	0.302	0.258	0.258	0.296	0.107	0.319	0.119	0.308	0.105	0.100	0.093	0.090	0.120	0.255	0.093	0.092	0.098	0.119	0.327	0.093	0.331	0.323	0.092	0.093	0.125	0.098	0.282	0.301	0.297	0.138	0.096	0.319	0.097	0.100	0.090	0.094	0.297	0.293	0.098	0.099	0.103	0.309	0.093	0.310	0.319	0.096	0.091	0.093	0.132	0.301	0.297	0.104	0.301	0.121	0.107	0.100	0.101	0.301	0.091	0.092	0.092	0.092	0.091	0.091	0.091	0.092	0.093	0.093	0.093	0.092	0.090
55:00:59	20.5	0.092	0.090	0.093	0.093	0.092	0.091	0.090	0.091	0.091	0.093	0.091	0.093	0.090	0.115	0.117	0.096	0.095	0.280	0.122	0.110	0.314	0.322	0.345	0.093	0.091	0.302	0.260	0.259	0.298	0.109	0.322	0.123	0.311	0.106	0.101	0.093	0.090	0.124	0.256	0.093	0.092	0.099	0.123	0.329	0.093	0.333	0.324	0.092	0.093	0.130	0.099	0.283	0.301	0.298	0.146	0.096	0.322	0.098	0.100	0.090	0.094	0.298	0.294	0.098	0.100	0.104	0.309	0.093	0.312	0.322	0.096	0.091	0.093	0.138	0.300	0.298	0.106	0.302	0.125	0.108	0.101	0.102	0.308	0.091	0.092	0.092	0.092	0.091	0.091	0.091	0.091	0.093	0.093	0.093	0.092	0.090
56:01:01	20.4	0.092	0.090	0.095	0.093	0.092	0.091	0.091	0.092	0.092	0.093	0.091	0.093	0.090	0.119	0.122	0.096	0.096	0.287	0.126	0.113	0.320	0.326	0.347	0.093	0.091	0.302	0.262	0.262	0.301	0.112	0.326	0.128	0.314	0.109	0.102	0.093	0.091	0.129	0.257	0.094	0.092	0.100	0.127	0.331	0.093	0.335	0.329	0.092	0.093	0.136	0.100	0.285	0.302	0.300	0.154	0.097	0.325	0.097	0.101	0.090	0.094	0.299	0.294	0.098	0.101	0.107	0.312	0.094	0.314	0.325	0.096	0.091	0.093	0.146	0.300	0.298	0.108	0.303	0.130	0.109	0.102	0.104	0.316	0.092	0.092	0.092	0.093	0.091	0.092	0.091	0.092	0.094	0.094	0.093	0.092	0.090
57:01:01	20.2	0.092	0.090	0.097	0.093	0.092	0.091	0.091	0.091	0.091	0.093	0.091	0.093	0.090	0.123	0.126	0.097	0.096	0.290	0.131	0.117	0.324	0.328	0.348	0.093	0.090	0.301	0.262	0.263	0.303	0.114	0.329	0.132	0.317	0.111	0.104	0.093	0.091	0.134	0.258	0.093	0.092	0.101	0.132	0.332	0.093	0.337	0.334	0.092	0.093	0.144	0.101	0.286	0.303	0.301	0.162	0.097	0.326	0.097	0.102	0.090	0.094	0.300	0.294	0.097	0.100	0.109	0.311	0.094	0.315	0.327	0.097	0.091	0.093	0.155	0.300	0.299	0.110	0.303	0.136	0.110	0.103	0.106	0.321	0.091	0.092	0.091	0.092	0.091	0.091	0.091	0.092	0.093	0.093	0.093	0.093	0.090
58:01:02	20.1	0.092	0.090	0.094	0.093	0.092	0.091	0.091	0.091	0.091	0.093	0.091	0.093	0.090	0.128	0.131	0.096	0.096	0.293	0.136	0.120	0.327	0.330	0.350	0.093	0.090	0.300	0.263	0.265	0.305	0.117	0.329	0.137	0.319	0.114	0.105	0.093	0.091	0.140	0.259	0.094	0.092	0.102	0.138	0.333	0.094	0.339	0.341	0.092	0.093	0.153	0.102	0.287	0.303	0.304	0.168	0.098	0.328	0.098	0.103	0.090	0.094	0.301	0.295	0.099	0.101	0.112	0.312	0.094	0.317	0.329	0.097	0.091	0.093	0.164	0.300	0.299	0.112	0.304	0.142	0.112	0.104	0.108	0.325	0.091	0.092	0.092	0.093	0.091	0.091	0.091	0.092	0.093	0.093	0.093	0.092	0.090
59:01:02	20.0	0.092	0.090	0.095	0.093	0.092	0.091	0.091	0.091	0.091	0.093	0.091	0.093	0.090	0.134	0.136	0.096	0.096	0.296	0.142	0.125	0.330	0.332	0.350	0.093	0.090	0.300	0.263	0.266	0.307	0.120	0.331	0.143	0.321	0.117	0.106	0.093	0.091	0.147	0.260	0.094	0.093	0.103	0.145	0.335	0.093	0.340	0.345	0.092	0.093	0.162	0.103	0.288	0.304	0.305	0.171	0.099	0.330	0.097	0.104	0.090	0.094	0.302	0.296	0.097	0.101	0.114	0.313	0.094	0.318	0.330	0.098	0.091	0.093	0.170	0.301	0.301	0.115	0.305	0.149	0.114	0.105	0.110	0.329	0.091	0.092	0.092	0.092	0.091	0.092	0.090	0.091	0.093	0.093	0.093	0.092	0.090
60:01:03	19.9	0.092	0.090	0.096	0.093	0.092	0.091	0.091	0.090	0.091	0.093	0.091	0.093	0.090	0.140	0.142	0.096	0.096	0.298	0.147	0.130	0.331	0.333	0.351	0.093	0.090	0.300	0.264	0.267	0.308	0.124	0.332	0.150	0.323	0.121	0.108	0.092	0.090	0.154	0.261	0.095	0.092	0.105	0.151	0.335	0.093	0.341	0.348	0.092	0.093	0.169	0.105	0.289	0.305	0.306	0.173	0.100	0.330	0.100	0.105	0.090	0.094	0.302	0.297	0.098	0.101	0.117	0.314	0.094	0.319	0.332	0.099	0.091	0.093	0.176	0.302	0.301	0.118	0.305	0.157	0.116	0.107	0.113	0.332	0.092	0.092	0.092	0.092	0.091	0.091	0.091	0.091	0.093	0.093	0.093	0.092	0.090
61:01:05	19.8	0.092	0.090	0.094	0.093	0.092	0.091	0.090	0.091	0.091	0.093	0.091	0.093	0.090	0.146	0.149	0.096	0.097	0.298	0.150	0.136	0.331	0.333	0.352	0.093	0.090	0.301	0.264	0.267	0.308	0.127	0.333	0.157	0.323	0.125	0.110	0.093	0.090	0.160	0.261	0.095	0.093	0.107	0.155	0.336	0.093	0.341	0.351	0.092	0.093	0.174	0.106	0.289	0.306	0.307	0.176	0.102	0.331	0.099	0.107	0.090	0.094	0.303	0.298	0.097	0.102	0.121	0.315	0.094	0.320	0.332	0.099	0.091	0.093	0.182	0.303	0.302	0.121	0.307	0.163	0.118	0.108	0.116	0.334	0.091	0.092	0.092	0.092	0.091	0.091	0.091	0.091	0.093	0.093	0.093	0.092	0.090
62:01:07	19.8	0.092	0.090	0.095	0.093	0.092	0.091	0.091	0.091	0.092	0.093	0.091	0.093	0.091	0.152	0.155	0.097	0.097	0.297	0.152	0.143	0.331	0.334	0.353	0.093	0.091	0.302	0.265	0.268	0.309	0.132	0.333	0.162	0.324	0.130	0.112	0.093	0.091	0.164	0.263	0.096	0.093	0.109	0.157	0.336	0.094	0.342	0.353	0.092	0.093	0.179	0.108	0.291	0.307	0.309	0.179	0.103	0.331	0.099	0.109	0.090	0.094	0.304	0.299	0.098	0.103	0.126	0.317	0.095	0.321	0.332	0.100	0.091	0.093	0.188	0.306	0.305	0.125	0.309	0.168	0.121	0.111	0.120	0.334	0.091	0.092	0.092	0.093	0.091	0.091	0.091	0.092	0.093	0.093	0.093	0.092	0.090
63:01:07	19.8	0.092	0.090	0.096	0.093	0.092	0.091	0.090	0.091	0.091	0.093	0.091	0.093	0.090	0.156	0.159	0.097	0.097	0.297	0.153	0.150	0.331	0.334	0.354	0.093	0.091	0.304	0.266	0.269	0.309	0.136	0.333	0.165	0.324	0.136	0.115	0.092	0.091	0.168	0.264	0.096	0.093	0.112	0.160	0.337	0.094	0.343	0.355	0.092	0.093	0.183	0.110	0.292	0.309	0.310	0.183	0.105	0.332	0.099	0.112	0.090	0.094	0.305	0.301	0.098	0.103	0.131	0.319	0.095	0.321	0.333	0.102	0.091	0.093	0.194	0.309	0.307	0.129	0.310	0.171	0.123	0.113	0.123	0.335	0.091	0.092	0.092	0.093	0.091	0.092	0.091	0.091	0.093	0.094	0.093	0.092	0.090
64:01:08	19.8	0.092	0.090	0.093	0.093	0.092	0.091	0.090	0.091	0.091	0.093	0.091	0.093	0.090	0.160	0.162	0.097	0.097	0.296	0.153	0.157	0.331	0.334	0.355	0.093	0.091	0.304	0.266	0.269	0.308	0.142	0.333	0.167	0.325	0.143	0.118	0.092	0.090	0.172	0.264	0.097	0.093	0.114	0.162	0.337	0.094	0.344	0.357	0.092	0.093	0.186	0.112	0.292	0.309	0.310	0.186	0.107	0.332	0.099	0.116	0.090	0.094	0.306	0.302	0.099	0.105	0.136	0.320	0.095	0.322	0.333	0.103	0.091	0.093	0.198	0.310	0.308	0.134	0.312	0.174	0.127	0.116	0.128	0.335	0.091	0.092	0.092	0.092	0.091	0.091	0.091	0.092	0.093	0.093	0.093	0.092	0.090
65:01:09	19.8	0.092	0.090	0.094	0.093	0.093	0.091	0.090	0.091	0.091	0.093	0.091	0.092	0.090	0.163	0.165	0.097	0.098	0.296	0.154	0.164	0.332	0.335	0.356	0.093	0.091	0.304	0.266	0.269	0.309	0.147	0.333	0.170	0.326	0.152	0.122	0.093	0.090	0.174	0.266	0.097	0.094	0.116	0.165	0.336	0.094	0.344	0.358	0.092	0.093	0.190	0.114	0.294	0.309	0.311	0.189	0.109	0.332	0.100	0.120	0.090	0.093	0.307	0.302	0.098	0.106	0.142	0.320	0.095	0.322	0.333	0.105	0.091	0.093	0.202	0.312	0.309	0.139	0.313	0.176	0.130	0.119	0.132	0.335	0.091	0.092	0.091	0.092	0.091	0.091	0.091	0.091	0.093	0.093	0.092	0.092	0.090
66:01:11	19.8	0.092	0.090	0.097	0.093	0.092	0.091	0.091	0.091	0.091	0.093	0.091	0.092	0.090	0.165	0.168	0.098	0.098	0.296	0.156	0.170	0.332	0.335	0.357	0.093	0.090	0.304	0.267	0.270	0.309	0.151	0.333	0.173	0.326	0.161	0.125	0.093	0.090	0.178	0.267	0.099	0.094	0.119	0.169	0.337	0.095	0.345	0.359	0.092	0.093	0.193	0.117	0.295	0.310	0.312	0.193	0.112	0.333	0.100	0.125	0.090	0.094	0.308	0.303	0.099	0.108	0.150	0.322	0.096	0.323	0.334	0.107	0.091	0.093	0.206	0.313	0.311	0.146	0.314	0.180	0.134	0.122	0.138	0.337	0.091	0.092	0.092	0.093	0.091	0.092	0.091	0.091	0.093	0.093	0.093	0.092	0.090
67:01:12	19.8	0.092	0.090	0.094	0.093	0.093	0.091	0.091	0.091	0.092	0.093	0.091	0.092	0.090	0.167	0.171	0.098	0.099	0.297	0.158	0.175	0.333	0.336	0.358	0.093	0.090	0.304	0.267	0.271	0.309	0.153	0.334	0.177	0.327	0.171	0.129	0.093	0.090	0.180	0.268	0.099	0.095	0.123	0.176	0.338	0.095	0.345	0.360	0.092	0.093	0.197	0.120	0.297	0.311	0.313	0.198	0.114	0.334	0.101	0.131	0.090	0.094	0.309	0.304	0.098	0.109	0.156	0.323	0.096	0.324	0.335	0.110	0.091	0.093	0.210	0.314	0.312	0.154	0.316	0.185	0.138	0.126	0.144	0.338	0.091	0.092	0.092	0.092	0.091	0.092	0.091	0.092	0.093	0.093	0.093	0.092	0.090
68:01:11	19.8	0.092	0.090	0.094	0.093	0.093	0.091	0.090	0.098	0.092	0.093	0.091	0.092	0.090	0.169	0.173	0.098	0.099	0.296	0.160	0.178	0.332	0.336	0.358	0.093	0.090	0.304	0.268	0.272	0.309	0.154	0.333	0.180	0.327	0.177	0.134	0.093	0.090	0.184	0.270	0.100	0.095	0.126	0.182	0.338	0.095	0.345	0.360	0.092	0.093	0.199	0.122	0.297	0.312	0.314	0.202	0.117	0.333	0.101	0.137	0.090	0.094	0.310	0.305	0.099	0.111	0.160	0.324	0.097	0.324	0.334	0.113	0.091	0.093	0.214	0.316	0.314	0.161	0.317	0.189	0.143	0.129	0.152	0.336	0.091	0.092	0.091	0.092	0.091	0.091	0.091	0.091	0.093	0.093	0.093	0.092	0.090
69:01:12	19.8	0.092	0.090	0.095	0.093	0.092	0.091	0.090	0.091	0.091	0.093	0.091	0.092	0.090	0.171	0.175	0.098	0.100	0.297	0.163	0.181	0.333	0.336	0.359	0.093	0.090	0.306	0.269	0.273	0.310	0.156	0.334	0.185	0.327	0.183	0.139	0.092	0.090	0.187	0.270	0.102	0.095	0.130	0.190	0.339	0.096	0.346	0.361	0.092	0.093	0.201	0.126	0.298	0.313	0.315	0.208	0.120	0.334	0.101	0.145	0.090	0.094	0.312	0.306	0.100	0.113	0.164	0.325	0.097	0.324	0.335	0.117	0.092	0.093	0.218	0.317	0.315	0.166	0.319	0.194	0.150	0.134	0.160	0.337	0.091	0.092	0.092	0.092	0.091	0.091	0.091	0.091	0.093	0.093	0.093	0.093	0.090
70:01:13	19.9	0.092	0.090	0.097	0.093	0.092	0.091	0.091	0.091	0.091	0.093	0.091	0.092	0.090	0.174	0.178	0.099	0.101	0.297	0.167	0.183	0.332	0.336	0.359	0.093	0.090	0.306	0.269	0.274	0.309	0.158	0.333	0.189	0.327	0.189	0.145	0.093	0.090	0.190	0.271	0.103	0.096	0.134	0.197	0.338	0.096	0.346	0.360	0.092	0.093	0.203	0.130	0.299	0.313	0.315	0.212	0.123	0.333	0.101	0.155	0.090	0.094	0.312	0.307	0.098	0.115	0.167	0.326	0.098	0.324	0.335	0.121	0.091	0.093	0.221	0.318	0.316	0.171	0.320	0.199	0.157	0.140	0.168	0.336	0.091	0.092	0.092	0.092	0.091	0.092	0.091	0.091	0.093	0.093	0.093	0.092	0.090
71:01:14	20.1	0.092	0.090	0.094	0.093	0.092	0.091	0.091	0.091	0.091	0.093	0.091	0.092	0.090	0.176	0.180	0.099	0.101	0.295	0.170	0.184	0.330	0.335	0.358	0.093	0.091	0.306	0.270	0.274	0.309	0.160	0.332	0.193	0.326	0.194	0.152	0.093	0.091	0.193	0.273	0.104	0.096	0.139	0.204	0.338	0.096	0.345	0.360	0.092	0.093	0.205	0.134	0.301	0.314	0.316	0.218	0.127	0.333	0.103	0.166	0.090	0.094	0.314	0.308	0.101	0.117	0.169	0.327	0.098	0.325	0.334	0.126	0.091	0.093	0.225	0.320	0.317	0.175	0.321	0.203	0.165	0.146	0.173	0.335	0.091	0.093	0.092	0.093	0.091	0.092	0.091	0.092	0.093	0.093	0.093	0.092	0.090
72:01:15	20.2	0.092	0.090	0.094	0.093	0.092	0.091	0.091	0.091	0.092	0.093	0.091	0.093	0.090	0.178	0.181	0.099	0.102	0.295	0.174	0.184	0.329	0.334	0.358	0.093	0.091	0.306	0.271	0.275	0.308	0.163	0.331	0.197	0.326	0.197	0.159	0.093	0.090	0.197	0.275	0.106	0.097	0.145	0.210	0.338	0.097	0.345	0.359	0.092	0.093	0.207	0.139	0.302	0.313	0.316	0.222	0.131	0.333	0.103	0.176	0.090	0.094	0.314	0.308	0.100	0.120	0.171	0.327	0.099	0.325	0.334	0.130	0.091	0.093	0.228	0.321	0.318	0.178	0.321	0.206	0.170	0.152	0.177	0.333	0.091	0.093	0.092	0.092	0.091	0.091	0.091	0.092	0.093	0.093	0.093	0.092	0.090

