Time	T° 600	A1	A2	A3	A4	A5	A6	A7	A8	A9	A10	A11	A12	B1	B2	B3	B4	B5	B6	B7	B8	B9	B10	B11	B12	C1	C2	C3	C4	C5	C6	C7	C8	C9	C10	C11	C12	D1	D2	D3	D4	D5	D6	D7	D8	D9	D10	D11	D12	E1	E2	E3	E4	E5	E6	E7	E8	E9	E10	E11	E12	F1	F2	F3	F4	F5	F6	F7	F8	F9	F10	F11	F12	G1	G2	G3	G4	G5	G6	G7	G8	G9	G10	G11	G12	H1	H2	H3	H4	H5	H6	H7	H8	H9	H10	H11	H12
0:00:06	20.4	0.092	0.094	0.092	0.092	0.095	0.093	0.094	0.093	0.099	0.093	0.092	0.092	0.091	0.137	0.123	0.171	0.106	0.174	0.184	0.131	0.167	0.156	0.110	0.093	0.092	0.173	0.244	0.171	0.208	0.167	0.179	0.142	0.149	0.175	0.185	0.091	0.091	0.148	0.140	0.224	0.132	0.188	0.136	0.165	0.147	0.189	0.143	0.091	0.091	0.175	0.164	0.151	0.151	0.154	0.152	0.105	0.171	0.137	0.147	0.091	0.091	0.177	0.211	0.160	0.169	0.161	0.146	0.161	0.183	0.135	0.159	0.091	0.092	0.191	0.152	0.161	0.181	0.162	0.230	0.139	0.129	0.174	0.167	0.091	0.092	0.095	0.093	0.092	0.095	0.092	0.092	0.095	0.091	0.092	0.094	0.092
1:00:04	20.3	0.091	0.094	0.092	0.092	0.095	0.093	0.093	0.093	0.099	0.093	0.092	0.093	0.091	0.141	0.127	0.178	0.108	0.180	0.190	0.136	0.173	0.162	0.113	0.093	0.091	0.177	0.251	0.177	0.214	0.174	0.186	0.148	0.156	0.180	0.192	0.092	0.091	0.154	0.145	0.230	0.135	0.194	0.141	0.171	0.155	0.195	0.148	0.091	0.091	0.179	0.169	0.156	0.156	0.160	0.157	0.108	0.176	0.142	0.152	0.091	0.091	0.189	0.214	0.164	0.175	0.169	0.151	0.168	0.188	0.139	0.163	0.091	0.092	0.198	0.157	0.168	0.188	0.170	0.237	0.142	0.131	0.180	0.173	0.091	0.092	0.095	0.093	0.092	0.094	0.092	0.092	0.092	0.091	0.092	0.094	0.092
2:00:06	20.1	0.091	0.094	0.092	0.092	0.095	0.093	0.094	0.093	0.099	0.093	0.092	0.094	0.091	0.146	0.133	0.184	0.112	0.187	0.198	0.141	0.180	0.167	0.118	0.093	0.092	0.184	0.258	0.183	0.220	0.180	0.192	0.153	0.163	0.185	0.199	0.092	0.091	0.160	0.152	0.238	0.141	0.201	0.147	0.178	0.161	0.202	0.154	0.092	0.091	0.185	0.174	0.161	0.162	0.165	0.163	0.112	0.182	0.147	0.158	0.091	0.092	0.203	0.221	0.170	0.180	0.176	0.158	0.176	0.196	0.144	0.169	0.091	0.092	0.205	0.163	0.174	0.193	0.178	0.247	0.147	0.136	0.188	0.181	0.091	0.092	0.095	0.093	0.092	0.094	0.093	0.092	0.092	0.092	0.093	0.094	0.092
3:00:07	20.0	0.092	0.095	0.092	0.092	0.095	0.093	0.094	0.093	0.099	0.093	0.092	0.094	0.091	0.152	0.138	0.191	0.116	0.193	0.206	0.147	0.186	0.174	0.125	0.093	0.092	0.192	0.264	0.190	0.225	0.186	0.197	0.159	0.170	0.193	0.207	0.092	0.091	0.166	0.157	0.244	0.146	0.207	0.153	0.184	0.168	0.209	0.161	0.092	0.091	0.192	0.180	0.167	0.168	0.172	0.169	0.117	0.188	0.154	0.163	0.091	0.092	0.218	0.228	0.177	0.186	0.184	0.163	0.184	0.204	0.150	0.175	0.091	0.092	0.212	0.169	0.180	0.199	0.187	0.255	0.153	0.141	0.196	0.190	0.091	0.092	0.095	0.094	0.092	0.095	0.093	0.092	0.093	0.092	0.092	0.094	0.092
4:00:08	19.9	0.092	0.095	0.092	0.092	0.095	0.093	0.094	0.093	0.100	0.093	0.092	0.094	0.091	0.157	0.143	0.197	0.122	0.199	0.212	0.152	0.194	0.180	0.132	0.093	0.091	0.196	0.270	0.196	0.232	0.192	0.204	0.166	0.178	0.200	0.215	0.092	0.091	0.172	0.160	0.251	0.151	0.214	0.159	0.190	0.175	0.215	0.167	0.092	0.091	0.199	0.187	0.172	0.174	0.178	0.173	0.124	0.195	0.160	0.170	0.091	0.092	0.230	0.236	0.187	0.192	0.190	0.180	0.192	0.211	0.157	0.181	0.091	0.092	0.221	0.174	0.187	0.207	0.194	0.264	0.159	0.147	0.202	0.198	0.091	0.092	0.095	0.094	0.092	0.095	0.093	0.092	0.092	0.092	0.093	0.094	0.092
5:00:10	19.8	0.091	0.094	0.092	0.092	0.095	0.093	0.094	0.093	0.099	0.093	0.092	0.094	0.091	0.164	0.151	0.204	0.131	0.205	0.218	0.160	0.203	0.188	0.141	0.093	0.092	0.201	0.274	0.202	0.239	0.198	0.211	0.172	0.186	0.206	0.224	0.091	0.091	0.178	0.165	0.256	0.158	0.221	0.167	0.196	0.182	0.223	0.175	0.092	0.091	0.207	0.194	0.179	0.181	0.185	0.179	0.131	0.201	0.167	0.177	0.091	0.092	0.227	0.240	0.197	0.199	0.196	0.197	0.199	0.218	0.165	0.189	0.091	0.092	0.226	0.181	0.195	0.213	0.202	0.272	0.165	0.153	0.210	0.207	0.091	0.092	0.095	0.093	0.092	0.094	0.093	0.093	0.092	0.092	0.092	0.094	0.092
6:00:10	19.7	0.092	0.095	0.092	0.092	0.095	0.094	0.094	0.093	0.100	0.093	0.092	0.095	0.091	0.171	0.159	0.212	0.143	0.214	0.226	0.169	0.211	0.196	0.152	0.094	0.092	0.208	0.281	0.209	0.246	0.205	0.217	0.179	0.194	0.215	0.232	0.092	0.091	0.186	0.174	0.262	0.165	0.229	0.173	0.203	0.190	0.231	0.184	0.092	0.091	0.216	0.202	0.187	0.189	0.193	0.189	0.139	0.208	0.175	0.186	0.092	0.092	0.221	0.239	0.208	0.207	0.202	0.207	0.207	0.226	0.172	0.197	0.092	0.092	0.235	0.191	0.205	0.221	0.208	0.280	0.174	0.162	0.219	0.216	0.091	0.092	0.095	0.094	0.092	0.095	0.093	0.093	0.092	0.092	0.092	0.094	0.092
7:00:10	19.7	0.092	0.094	0.092	0.092	0.095	0.094	0.094	0.093	0.099	0.093	0.092	0.094	0.091	0.181	0.168	0.220	0.154	0.224	0.234	0.179	0.219	0.204	0.164	0.094	0.092	0.217	0.289	0.218	0.255	0.215	0.227	0.188	0.202	0.224	0.240	0.092	0.091	0.195	0.183	0.270	0.174	0.238	0.182	0.212	0.199	0.240	0.192	0.092	0.091	0.226	0.211	0.195	0.197	0.201	0.198	0.149	0.217	0.184	0.195	0.091	0.091	0.213	0.248	0.220	0.216	0.210	0.217	0.214	0.234	0.181	0.207	0.091	0.092	0.244	0.201	0.216	0.231	0.217	0.289	0.184	0.172	0.228	0.225	0.091	0.092	0.095	0.093	0.092	0.095	0.093	0.093	0.092	0.092	0.092	0.094	0.092
8:00:11	19.7	0.092	0.094	0.092	0.092	0.095	0.094	0.094	0.093	0.099	0.093	0.092	0.094	0.091	0.191	0.179	0.230	0.169	0.234	0.243	0.190	0.230	0.215	0.178	0.094	0.092	0.227	0.300	0.232	0.266	0.224	0.237	0.199	0.211	0.235	0.253	0.092	0.091	0.206	0.195	0.279	0.185	0.250	0.193	0.223	0.213	0.251	0.203	0.092	0.091	0.237	0.212	0.206	0.208	0.211	0.211	0.162	0.228	0.194	0.208	0.091	0.092	0.207	0.258	0.233	0.228	0.221	0.230	0.225	0.244	0.192	0.218	0.091	0.092	0.254	0.213	0.229	0.241	0.228	0.300	0.194	0.183	0.239	0.236	0.091	0.092	0.095	0.093	0.092	0.095	0.093	0.093	0.093	0.092	0.093	0.094	0.092
9:00:12	19.7	0.092	0.094	0.092	0.092	0.095	0.093	0.094	0.093	0.097	0.093	0.092	0.094	0.091	0.203	0.193	0.243	0.183	0.246	0.254	0.203	0.241	0.227	0.192	0.094	0.091	0.239	0.310	0.240	0.278	0.237	0.249	0.212	0.223	0.248	0.265	0.092	0.091	0.220	0.207	0.291	0.198	0.262	0.205	0.237	0.222	0.264	0.216	0.092	0.091	0.250	0.218	0.219	0.221	0.224	0.224	0.176	0.240	0.205	0.221	0.091	0.092	0.211	0.269	0.250	0.239	0.233	0.241	0.237	0.256	0.205	0.230	0.091	0.092	0.267	0.225	0.243	0.254	0.241	0.311	0.208	0.196	0.254	0.249	0.091	0.092	0.095	0.093	0.092	0.095	0.093	0.093	0.092	0.092	0.092	0.094	0.092
10:00:13	19.7	0.092	0.095	0.092	0.092	0.095	0.093	0.094	0.093	0.099	0.093	0.092	0.094	0.091	0.218	0.207	0.257	0.198	0.258	0.268	0.218	0.254	0.242	0.209	0.094	0.092	0.254	0.321	0.254	0.291	0.251	0.264	0.226	0.238	0.263	0.280	0.092	0.091	0.234	0.222	0.305	0.212	0.277	0.218	0.252	0.236	0.278	0.232	0.092	0.091	0.265	0.230	0.234	0.236	0.238	0.238	0.193	0.254	0.219	0.237	0.092	0.092	0.226	0.282	0.267	0.254	0.248	0.255	0.253	0.271	0.221	0.246	0.091	0.092	0.282	0.236	0.258	0.268	0.257	0.324	0.222	0.210	0.268	0.265	0.091	0.092	0.095	0.093	0.092	0.095	0.093	0.093	0.092	0.092	0.092	0.094	0.092
11:00:14	19.6	0.091	0.094	0.092	0.092	0.095	0.093	0.094	0.092	0.097	0.093	0.092	0.094	0.091	0.233	0.224	0.273	0.215	0.272	0.283	0.233	0.269	0.258	0.227	0.094	0.092	0.267	0.334	0.270	0.306	0.267	0.281	0.243	0.255	0.279	0.297	0.092	0.091	0.248	0.237	0.320	0.228	0.294	0.233	0.273	0.254	0.295	0.249	0.092	0.091	0.281	0.244	0.249	0.253	0.253	0.254	0.212	0.269	0.235	0.255	0.091	0.091	0.241	0.299	0.283	0.269	0.264	0.271	0.268	0.287	0.237	0.261	0.091	0.092	0.298	0.252	0.273	0.284	0.274	0.341	0.239	0.227	0.285	0.281	0.091	0.092	0.095	0.093	0.092	0.095	0.093	0.092	0.092	0.092	0.092	0.094	0.092
12:00:15	19.6	0.092	0.094	0.092	0.092	0.095	0.093	0.094	0.093	0.098	0.093	0.092	0.094	0.091	0.251	0.241	0.292	0.236	0.289	0.300	0.250	0.286	0.276	0.247	0.094	0.092	0.283	0.349	0.287	0.325	0.285	0.300	0.261	0.273	0.296	0.317	0.092	0.091	0.266	0.257	0.345	0.246	0.314	0.250	0.290	0.273	0.314	0.267	0.092	0.091	0.300	0.262	0.266	0.273	0.271	0.273	0.233	0.287	0.253	0.274	0.091	0.091	0.260	0.317	0.300	0.287	0.280	0.288	0.289	0.306	0.256	0.279	0.091	0.092	0.318	0.269	0.293	0.300	0.292	0.358	0.257	0.245	0.304	0.299	0.091	0.092	0.095	0.093	0.092	0.095	0.093	0.093	0.092	0.092	0.093	0.094	0.092
13:00:17	19.6	0.092	0.095	0.092	0.092	0.095	0.093	0.094	0.093	0.098	0.093	0.092	0.094	0.091	0.271	0.262	0.315	0.262	0.311	0.322	0.270	0.308	0.299	0.271	0.094	0.092	0.304	0.367	0.307	0.348	0.308	0.324	0.282	0.294	0.318	0.341	0.092	0.091	0.286	0.278	0.364	0.266	0.337	0.269	0.314	0.296	0.338	0.287	0.092	0.091	0.319	0.280	0.286	0.296	0.291	0.293	0.257	0.308	0.273	0.298	0.091	0.092	0.281	0.341	0.320	0.307	0.302	0.307	0.313	0.331	0.278	0.300	0.091	0.092	0.341	0.289	0.319	0.320	0.314	0.380	0.279	0.266	0.329	0.320	0.091	0.092	0.095	0.093	0.092	0.095	0.093	0.093	0.092	0.092	0.093	0.094	0.092
14:00:17	19.6	0.092	0.095	0.092	0.092	0.095	0.094	0.094	0.093	0.100	0.093	0.092	0.095	0.091	0.293	0.286	0.341	0.295	0.335	0.347	0.295	0.334	0.325	0.300	0.094	0.092	0.326	0.390	0.331	0.375	0.334	0.352	0.311	0.321	0.345	0.370	0.092	0.091	0.310	0.303	0.394	0.290	0.366	0.291	0.342	0.325	0.368	0.312	0.092	0.091	0.344	0.304	0.309	0.324	0.314	0.318	0.287	0.334	0.296	0.326	0.092	0.092	0.307	0.369	0.343	0.331	0.326	0.331	0.342	0.361	0.302	0.325	0.091	0.092	0.370	0.310	0.348	0.343	0.339	0.410	0.303	0.290	0.357	0.344	0.091	0.092	0.095	0.093	0.093	0.095	0.093	0.093	0.092	0.092	0.093	0.094	0.092
15:00:18	19.6	0.092	0.094	0.092	0.092	0.094	0.094	0.094	0.093	0.098	0.093	0.092	0.094	0.091	0.319	0.314	0.374	0.337	0.365	0.378	0.324	0.366	0.358	0.338	0.094	0.092	0.354	0.417	0.361	0.411	0.365	0.390	0.343	0.354	0.381	0.409	0.092	0.091	0.339	0.332	0.431	0.316	0.403	0.318	0.382	0.359	0.405	0.339	0.092	0.091	0.372	0.334	0.335	0.358	0.341	0.347	0.325	0.365	0.322	0.359	0.091	0.092	0.338	0.406	0.372	0.359	0.359	0.358	0.381	0.398	0.333	0.356	0.091	0.092	0.405	0.335	0.384	0.370	0.370	0.445	0.330	0.318	0.393	0.376	0.091	0.092	0.095	0.093	0.092	0.095	0.093	0.093	0.092	0.092	0.092	0.094	0.092
16:00:19	19.6	0.092	0.095	0.092	0.092	0.095	0.094	0.094	0.093	0.099	0.093	0.092	0.094	0.091	0.351	0.348	0.418	0.391	0.405	0.419	0.361	0.413	0.406	0.385	0.094	0.092	0.390	0.454	0.400	0.459	0.410	0.442	0.383	0.397	0.426	0.464	0.092	0.091	0.376	0.370	0.478	0.350	0.454	0.351	0.434	0.404	0.459	0.376	0.092	0.091	0.409	0.372	0.369	0.404	0.373	0.386	0.374	0.406	0.357	0.405	0.091	0.092	0.377	0.455	0.409	0.395	0.401	0.395	0.433	0.451	0.377	0.396	0.091	0.092	0.453	0.366	0.435	0.406	0.412	0.494	0.366	0.355	0.445	0.416	0.091	0.092	0.095	0.093	0.092	0.095	0.093	0.093	0.092	0.092	0.092	0.094	0.092
17:00:20	19.6	0.092	0.095	0.092	0.092	0.095	0.094	0.094	0.093	0.100	0.093	0.092	0.094	0.091	0.391	0.393	0.471	0.455	0.457	0.467	0.411	0.474	0.464	0.447	0.094	0.092	0.436	0.500	0.449	0.519	0.458	0.505	0.436	0.452	0.481	0.529	0.092	0.091	0.418	0.419	0.538	0.394	0.517	0.393	0.498	0.460	0.522	0.421	0.093	0.091	0.456	0.420	0.411	0.460	0.417	0.435	0.434	0.455	0.403	0.462	0.092	0.092	0.424	0.512	0.455	0.443	0.450	0.440	0.495	0.509	0.430	0.449	0.091	0.092	0.513	0.403	0.496	0.450	0.466	0.552	0.411	0.399	0.507	0.468	0.091	0.092	0.095	0.094	0.092	0.095	0.093	0.093	0.092	0.092	0.093	0.094	0.092
18:00:20	19.6	0.092	0.095	0.092	0.092	0.095	0.094	0.094	0.093	0.099	0.093	0.092	0.095	0.091	0.441	0.446	0.531	0.517	0.518	0.526	0.467	0.539	0.530	0.516	0.094	0.092	0.489	0.555	0.506	0.585	0.520	0.572	0.496	0.513	0.544	0.596	0.092	0.091	0.470	0.475	0.603	0.451	0.587	0.442	0.570	0.522	0.590	0.474	0.092	0.091	0.510	0.476	0.463	0.525	0.469	0.493	0.500	0.514	0.456	0.525	0.092	0.092	0.481	0.581	0.512	0.503	0.507	0.497	0.563	0.576	0.491	0.508	0.091	0.092	0.580	0.448	0.564	0.506	0.527	0.619	0.468	0.453	0.577	0.527	0.091	0.092	0.095	0.094	0.092	0.095	0.093	0.093	0.092	0.092	0.092	0.094	0.092
19:00:22	19.5	0.092	0.094	0.092	0.092	0.095	0.094	0.094	0.093	0.100	0.093	0.092	0.095	0.091	0.498	0.510	0.600	0.582	0.589	0.597	0.532	0.608	0.602	0.584	0.094	0.092	0.553	0.621	0.579	0.655	0.590	0.643	0.563	0.585	0.619	0.669	0.092	0.091	0.535	0.544	0.667	0.513	0.657	0.503	0.641	0.593	0.658	0.538	0.092	0.091	0.578	0.544	0.522	0.593	0.535	0.564	0.568	0.582	0.519	0.595	0.092	0.092	0.551	0.647	0.575	0.571	0.573	0.563	0.636	0.647	0.560	0.579	0.091	0.092	0.651	0.504	0.637	0.573	0.597	0.688	0.532	0.517	0.647	0.595	0.091	0.092	0.095	0.093	0.092	0.095	0.093	0.093	0.092	0.092	0.093	0.094	0.092
20:00:24	19.5	0.092	0.095	0.092	0.092	0.095	0.093	0.094	0.093	0.098	0.093	0.092	0.094	0.091	0.563	0.578	0.671	0.645	0.658	0.673	0.601	0.677	0.676	0.648	0.093	0.092	0.629	0.695	0.658	0.725	0.665	0.715	0.636	0.661	0.693	0.739	0.092	0.091	0.602	0.620	0.738	0.583	0.727	0.571	0.713	0.663	0.726	0.605	0.092	0.091	0.650	0.614	0.588	0.662	0.605	0.636	0.633	0.658	0.587	0.667	0.091	0.092	0.626	0.716	0.639	0.643	0.640	0.635	0.707	0.718	0.632	0.651	0.091	0.092	0.721	0.565	0.706	0.639	0.669	0.757	0.600	0.585	0.717	0.672	0.091	0.092	0.095	0.094	0.092	0.095	0.093	0.094	0.092	0.092	0.093	0.094	0.092
21:00:24	19.5	0.091	0.094	0.092	0.092	0.094	0.093	0.094	0.093	0.097	0.093	0.092	0.094	0.091	0.631	0.648	0.738	0.701	0.726	0.744	0.666	0.743	0.746	0.710	0.093	0.092	0.703	0.764	0.729	0.791	0.737	0.781	0.707	0.734	0.760	0.800	0.092	0.091	0.674	0.691	0.804	0.649	0.793	0.640	0.778	0.730	0.790	0.673	0.092	0.091	0.724	0.684	0.652	0.729	0.676	0.707	0.698	0.726	0.654	0.735	0.092	0.091	0.703	0.786	0.707	0.711	0.707	0.706	0.774	0.784	0.701	0.722	0.091	0.092	0.789	0.631	0.777	0.706	0.740	0.821	0.667	0.653	0.783	0.741	0.091	0.092	0.095	0.093	0.092	0.095	0.093	0.094	0.092	0.092	0.093	0.094	0.092
22:00:25	19.4	0.091	0.094	0.092	0.092	0.095	0.094	0.094	0.093	0.097	0.093	0.092	0.094	0.091	0.699	0.712	0.796	0.753	0.789	0.805	0.727	0.804	0.802	0.765	0.093	0.092	0.773	0.827	0.792	0.850	0.801	0.839	0.770	0.797	0.819	0.857	0.092	0.091	0.743	0.758	0.864	0.714	0.849	0.707	0.841	0.790	0.849	0.736	0.092	0.091	0.791	0.751	0.717	0.792	0.741	0.773	0.752	0.789	0.719	0.796	0.092	0.091	0.769	0.848	0.768	0.776	0.772	0.771	0.834	0.843	0.766	0.785	0.091	0.092	0.849	0.695	0.836	0.768	0.802	0.875	0.733	0.717	0.841	0.804	0.091	0.092	0.095	0.093	0.092	0.095	0.093	0.094	0.092	0.092	0.092	0.094	0.092
23:00:26	19.4	0.092	0.094	0.092	0.092	0.095	0.093	0.094	0.093	0.096	0.093	0.092	0.094	0.091	0.757	0.772	0.842	0.801	0.839	0.851	0.784	0.855	0.846	0.813	0.094	0.092	0.831	0.876	0.844	0.900	0.852	0.887	0.824	0.848	0.865	0.900	0.092	0.091	0.803	0.815	0.912	0.773	0.894	0.769	0.889	0.836	0.892	0.790	0.092	0.091	0.850	0.810	0.776	0.845	0.798	0.829	0.803	0.837	0.779	0.848	0.091	0.092	0.826	0.899	0.821	0.830	0.826	0.827	0.880	0.886	0.821	0.838	0.091	0.092	0.900	0.757	0.886	0.823	0.852	0.915	0.789	0.776	0.889	0.854	0.091	0.092	0.095	0.093	0.092	0.095	0.093	0.095	0.092	0.092	0.092	0.094	0.092
24:00:26	19.3	0.092	0.094	0.092	0.092	0.095	0.094	0.094	0.093	0.096	0.093	0.092	0.094	0.091	0.809	0.822	0.877	0.844	0.875	0.884	0.832	0.896	0.879	0.854	0.093	0.092	0.875	0.915	0.883	0.937	0.889	0.920	0.866	0.887	0.898	0.932	0.092	0.091	0.848	0.859	0.949	0.825	0.927	0.822	0.927	0.871	0.926	0.833	0.092	0.091	0.893	0.854	0.826	0.889	0.846	0.870	0.847	0.875	0.828	0.886	0.092	0.092	0.870	0.939	0.861	0.872	0.873	0.868	0.916	0.922	0.861	0.879	0.091	0.093	0.937	0.811	0.925	0.868	0.892	0.946	0.837	0.829	0.923	0.892	0.091	0.092	0.095	0.094	0.092	0.095	0.093	0.095	0.093	0.092	0.093	0.094	0.092
25:00:28	19.3	0.092	0.095	0.092	0.092	0.095	0.094	0.094	0.093	0.098	0.094	0.093	0.095	0.091	0.850	0.862	0.902	0.879	0.902	0.911	0.869	0.926	0.907	0.887	0.094	0.092	0.911	0.943	0.912	0.968	0.918	0.947	0.897	0.915	0.925	0.958	0.092	0.091	0.884	0.894	0.978	0.865	0.954	0.865	0.956	0.898	0.953	0.867	0.093	0.091	0.927	0.889	0.866	0.921	0.884	0.901	0.881	0.904	0.868	0.917	0.092	0.092	0.904	0.973	0.893	0.903	0.906	0.900	0.944	0.950	0.892	0.910	0.092	0.093	0.968	0.860	0.955	0.902	0.921	0.970	0.872	0.866	0.951	0.921	0.092	0.093	0.095	0.094	0.093	0.095	0.094	0.096	0.093	0.093	0.093	0.095	0.092
26:00:28	19.3	0.092	0.094	0.092	0.092	0.095	0.094	0.094	0.093	0.097	0.093	0.092	0.094	0.091	0.880	0.892	0.922	0.907	0.924	0.932	0.897	0.953	0.927	0.914	0.093	0.092	0.938	0.966	0.934	0.993	0.939	0.970	0.923	0.935	0.945	0.981	0.092	0.091	0.912	0.920	1.000	0.896	0.977	0.897	0.980	0.920	0.975	0.892	0.092	0.091	0.953	0.916	0.895	0.947	0.915	0.925	0.912	0.926	0.897	0.944	0.092	0.092	0.929	1.000	0.920	0.928	0.932	0.924	0.970	0.973	0.916	0.933	0.091	0.093	0.992	0.898	0.980	0.930	0.946	0.990	0.899	0.894	0.975	0.943	0.091	0.092	0.095	0.093	0.092	0.095	0.093	0.097	0.092	0.093	0.093	0.095	0.092
27:00:28	19.3	0.092	0.095	0.092	0.092	0.095	0.094	0.094	0.093	0.096	0.093	0.092	0.095	0.091	0.905	0.918	0.941	0.930	0.942	0.949	0.920	0.975	0.946	0.938	0.093	0.092	0.959	0.983	0.953	1.014	0.959	0.991	0.944	0.952	0.964	0.999	0.092	0.091	0.936	0.941	1.020	0.920	0.995	0.924	1.001	0.940	0.994	0.915	0.092	0.091	0.974	0.939	0.921	0.971	0.938	0.946	0.938	0.944	0.921	0.967	0.092	0.092	0.951	1.021	0.941	0.948	0.952	0.947	0.989	0.993	0.937	0.952	0.092	0.093	1.010	0.929	1.003	0.953	0.963	1.007	0.924	0.920	0.994	0.960	0.091	0.092	0.095	0.094	0.092	0.096	0.093	0.098	0.093	0.093	0.093	0.095	0.092
28:00:30	19.3	0.092	0.095	0.092	0.092	0.095	0.094	0.094	0.093	0.096	0.093	0.092	0.094	0.091	0.926	0.939	0.955	0.950	0.959	0.964	0.939	0.995	0.963	0.959	0.094	0.092	0.979	1.000	0.971	1.033	0.975	1.008	0.961	0.969	0.979	1.016	0.093	0.091	0.953	0.960	1.038	0.942	1.014	0.947	1.020	0.956	1.013	0.933	0.092	0.091	0.991	0.960	0.941	0.992	0.958	0.964	0.959	0.961	0.942	0.987	0.092	0.092	0.968	1.042	0.962	0.966	0.971	0.965	1.008	1.010	0.954	0.968	0.091	0.094	1.029	0.954	1.022	0.972	0.981	1.025	0.943	0.940	1.014	0.977	0.091	0.092	0.095	0.094	0.092	0.095	0.093	0.099	0.092	0.094	0.093	0.095	0.092
29:00:30	19.3	0.092	0.095	0.093	0.092	0.095	0.094	0.094	0.093	0.098	0.094	0.092	0.095	0.091	0.944	0.957	0.970	0.966	0.973	0.978	0.956	1.015	0.976	0.975	0.095	0.092	0.992	1.012	0.984	1.048	0.988	1.024	0.978	0.982	0.991	1.032	0.092	0.091	0.967	0.974	1.052	0.961	1.030	0.964	1.037	0.969	1.029	0.947	0.093	0.091	1.006	0.973	0.957	1.010	0.975	0.980	0.977	0.976	0.959	1.007	0.092	0.092	0.986	1.058	0.975	0.983	0.988	0.980	1.025	1.024	0.967	0.981	0.092	0.094	1.044	0.973	1.040	0.989	0.997	1.042	0.959	0.958	1.030	0.990	0.091	0.092	0.095	0.094	0.093	0.096	0.093	0.101	0.092	0.094	0.093	0.096	0.092
30:00:32	19.3	0.092	0.094	0.092	0.092	0.095	0.094	0.094	0.093	0.098	0.093	0.092	0.094	0.091	0.959	0.973	0.981	0.977	0.984	0.990	0.968	1.032	0.985	0.990	0.094	0.092	1.003	1.023	0.998	1.064	0.997	1.040	0.990	0.991	0.999	1.047	0.092	0.091	0.980	0.986	1.068	0.978	1.042	0.980	1.055	0.980	1.044	0.957	0.092	0.091	1.017	0.986	0.971	1.029	0.990	0.992	0.992	0.988	0.973	1.022	0.091	0.092	0.998	1.072	0.984	0.995	1.004	0.992	1.041	1.038	0.979	0.995	0.091	0.094	1.058	0.989	1.056	0.998	1.011	1.057	0.974	0.972	1.046	0.998	0.091	0.092	0.095	0.094	0.092	0.096	0.093	0.103	0.093	0.094	0.092	0.096	0.092
31:00:32	19.3	0.092	0.095	0.092	0.092	0.095	0.094	0.094	0.093	0.103	0.093	0.092	0.094	0.091	0.971	0.984	0.990	0.987	0.993	0.998	0.980	1.045	0.994	1.000	0.094	0.092	1.013	1.031	1.005	1.078	1.004	1.053	0.999	1.002	1.007	1.060	0.092	0.091	0.992	0.996	1.082	0.989	1.056	0.993	1.071	0.988	1.057	0.966	0.092	0.091	1.025	0.997	0.980	1.043	1.002	1.002	1.004	0.996	0.982	1.035	0.091	0.092	1.009	1.087	0.991	1.007	1.017	1.001	1.055	1.052	0.989	1.004	0.091	0.095	1.073	1.002	1.070	1.007	1.020	1.073	0.986	0.984	1.059	1.006	0.092	0.092	0.095	0.094	0.092	0.096	0.093	0.106	0.092	0.095	0.093	0.097	0.092
32:00:34	19.3	0.092	0.095	0.092	0.092	0.095	0.094	0.094	0.093	0.098	0.093	0.092	0.094	0.091	0.982	0.995	1.001	0.996	1.000	1.004	0.991	1.052	1.003	1.007	0.094	0.092	1.022	1.041	1.014	1.087	1.007	1.063	1.004	1.014	1.012	1.068	0.093	0.091	1.002	1.005	1.096	1.001	1.064	1.006	1.084	0.997	1.067	0.975	0.092	0.091	1.031	1.010	0.993	1.054	1.014	1.012	1.011	1.006	0.990	1.043	0.092	0.092	1.017	1.099	0.995	1.016	1.028	1.008	1.065	1.062	0.997	1.012	0.092	0.097	1.082	1.012	1.078	1.013	1.030	1.083	0.998	0.991	1.065	1.015	0.091	0.092	0.095	0.094	0.093	0.096	0.093	0.109	0.092	0.096	0.093	0.097	0.092
33:00:35	19.3	0.092	0.095	0.092	0.092	0.095	0.094	0.094	0.093	0.097	0.093	0.092	0.094	0.091	0.990	1.004	1.005	1.001	1.006	1.012	1.000	1.059	1.009	1.013	0.094	0.092	1.029	1.048	1.022	1.093	1.011	1.068	1.012	1.019	1.019	1.073	0.092	0.091	1.011	1.015	1.103	1.010	1.070	1.015	1.091	1.002	1.072	0.982	0.092	0.091	1.038	1.017	1.002	1.060	1.023	1.018	1.016	1.012	0.997	1.049	0.092	0.092	1.026	1.107	1.002	1.025	1.036	1.015	1.071	1.067	1.004	1.020	0.091	0.098	1.088	1.023	1.086	1.022	1.037	1.088	1.007	1.000	1.071	1.023	0.091	0.092	0.095	0.094	0.092	0.096	0.093	0.113	0.093	0.097	0.092	0.098	0.092
34:00:35	19.3	0.092	0.095	0.093	0.092	0.095	0.094	0.094	0.093	0.098	0.093	0.092	0.094	0.091	0.995	1.007	1.009	1.004	1.007	1.015	1.004	1.063	1.011	1.015	0.094	0.092	1.038	1.053	1.027	1.099	1.016	1.068	1.013	1.024	1.021	1.078	0.092	0.091	1.018	1.026	1.108	1.017	1.072	1.021	1.097	1.001	1.076	0.984	0.092	0.091	1.042	1.030	1.011	1.066	1.031	1.023	1.018	1.018	1.007	1.054	0.092	0.092	1.033	1.114	1.007	1.035	1.043	1.021	1.074	1.071	1.008	1.027	0.092	0.101	1.093	1.033	1.091	1.036	1.041	1.092	1.011	1.003	1.076	1.026	0.091	0.092	0.095	0.094	0.093	0.097	0.094	0.118	0.093	0.098	0.093	0.099	0.092
35:00:37	19.3	0.092	0.094	0.092	0.092	0.095	0.094	0.094	0.093	0.100	0.093	0.092	0.094	0.091	0.999	1.009	1.008	1.002	1.004	1.013	1.005	1.065	1.010	1.013	0.094	0.092	1.042	1.055	1.028	1.103	1.017	1.070	1.013	1.023	1.018	1.080	0.092	0.091	1.020	1.031	1.110	1.020	1.072	1.027	1.101	0.995	1.079	0.984	0.092	0.091	1.045	1.035	1.014	1.071	1.035	1.024	1.018	1.017	1.010	1.056	0.092	0.092	1.035	1.119	1.011	1.039	1.046	1.023	1.074	1.073	1.007	1.030	0.092	0.104	1.098	1.040	1.096	1.044	1.041	1.094	1.013	1.004	1.079	1.027	0.091	0.092	0.095	0.094	0.092	0.097	0.093	0.124	0.092	0.099	0.093	0.100	0.092
36:00:37	19.2	0.092	0.095	0.093	0.092	0.095	0.094	0.095	0.093	0.099	0.093	0.092	0.095	0.091	0.999	1.007	1.004	1.000	1.000	1.008	1.003	1.066	1.008	1.012	0.094	0.092	1.041	1.053	1.023	1.103	1.014	1.070	1.011	1.020	1.013	1.080	0.092	0.091	1.020	1.032	1.111	1.020	1.073	1.028	1.101	0.993	1.078	0.982	0.093	0.091	1.043	1.033	1.016	1.072	1.034	1.022	1.016	1.013	1.008	1.059	0.092	0.092	1.035	1.125	1.012	1.038	1.045	1.023	1.074	1.072	1.004	1.027	0.092	0.108	1.099	1.044	1.097	1.043	1.039	1.095	1.014	1.003	1.080	1.025	0.092	0.092	0.095	0.094	0.093	0.098	0.094	0.132	0.093	0.100	0.093	0.102	0.092
37:00:38	19.3	0.092	0.095	0.093	0.093	0.095	0.094	0.094	0.094	0.098	0.094	0.092	0.094	0.091	0.997	1.005	0.999	0.996	0.994	1.003	1.000	1.067	1.000	1.009	0.094	0.092	1.039	1.049	1.018	1.103	1.011	1.067	1.005	1.014	1.007	1.078	0.092	0.092	1.019	1.028	1.111	1.016	1.072	1.025	1.101	0.985	1.075	0.978	0.093	0.092	1.044	1.031	1.011	1.073	1.033	1.018	1.012	1.009	1.006	1.060	0.092	0.092	1.033	1.125	1.012	1.034	1.042	1.019	1.073	1.072	1.001	1.024	0.092	0.114	1.101	1.046	1.102	1.044	1.035	1.094	1.010	1.003	1.079	1.022	0.092	0.092	0.095	0.094	0.093	0.098	0.093	0.142	0.093	0.102	0.092	0.104	0.092
38:00:38	19.3	0.092	0.095	0.092	0.092	0.095	0.094	0.094	0.093	0.098	0.093	0.092	0.094	0.091	0.994	1.000	0.992	0.989	0.986	0.997	0.996	1.064	0.991	1.004	0.094	0.092	1.033	1.042	1.012	1.099	1.004	1.064	0.997	1.006	0.999	1.075	0.093	0.091	1.016	1.023	1.107	1.012	1.068	1.021	1.098	0.976	1.073	0.972	0.093	0.091	1.041	1.025	1.007	1.071	1.028	1.012	1.006	1.002	1.001	1.058	0.092	0.092	1.028	1.125	1.009	1.029	1.037	1.015	1.069	1.069	0.994	1.017	0.092	0.122	1.099	1.048	1.103	1.040	1.029	1.092	1.005	0.999	1.077	1.015	0.091	0.092	0.095	0.094	0.093	0.099	0.093	0.154	0.093	0.104	0.093	0.107	0.092
39:00:40	19.3	0.092	0.095	0.092	0.092	0.096	0.094	0.094	0.093	0.100	0.093	0.092	0.094	0.091	0.989	0.995	0.984	0.981	0.977	0.988	0.986	1.061	0.985	0.999	0.094	0.092	1.024	1.036	1.005	1.096	0.999	1.062	0.989	0.995	0.989	1.071	0.092	0.091	1.011	1.015	1.103	1.004	1.066	1.013	1.091	0.968	1.067	0.965	0.093	0.091	1.036	1.016	1.001	1.068	1.022	1.004	1.000	0.993	0.993	1.057	0.092	0.092	1.020	1.123	1.004	1.023	1.029	1.009	1.065	1.066	0.985	1.012	0.092	0.134	1.100	1.050	1.101	1.036	1.022	1.090	0.999	0.993	1.076	1.009	0.092	0.093	0.095	0.094	0.093	0.100	0.093	0.161	0.093	0.103	0.093	0.110	0.092
40:00:41	19.3	0.092	0.095	0.093	0.092	0.095	0.094	0.094	0.093	0.096	0.094	0.092	0.094	0.091	0.984	0.989	0.977	0.972	0.970	0.980	0.980	1.057	0.978	0.990	0.094	0.092	1.017	1.027	0.996	1.090	0.990	1.058	0.979	0.988	0.980	1.067	0.093	0.092	1.007	1.008	1.098	0.995	1.061	1.006	1.088	0.960	1.061	0.959	0.092	0.092	1.030	1.008	0.993	1.063	1.014	0.994	0.990	0.983	0.985	1.055	0.092	0.092	1.013	1.119	1.000	1.014	1.020	1.000	1.061	1.061	0.979	1.003	0.092	0.147	1.097	1.044	1.098	1.028	1.015	1.086	0.992	0.988	1.073	1.003	0.092	0.093	0.095	0.094	0.093	0.102	0.094	0.171	0.093	0.104	0.093	0.114	0.092
41:00:41	19.3	0.092	0.095	0.093	0.092	0.095	0.094	0.094	0.093	0.100	0.093	0.092	0.094	0.091	0.978	0.980	0.966	0.962	0.963	0.974	0.972	1.053	0.970	0.984	0.095	0.092	1.009	1.017	0.985	1.085	0.982	1.053	0.970	0.979	0.972	1.062	0.092	0.091	0.995	0.997	1.093	0.986	1.056	0.998	1.081	0.953	1.054	0.950	0.092	0.091	1.022	0.999	0.985	1.058	1.004	0.985	0.979	0.973	0.974	1.050	0.091	0.092	1.004	1.114	0.993	1.006	1.009	0.992	1.056	1.058	0.970	0.999	0.092	0.163	1.094	1.035	1.094	1.020	1.006	1.083	0.985	0.981	1.068	0.998	0.091	0.092	0.095	0.094	0.093	0.103	0.093	0.186	0.093	0.105	0.092	0.120	0.092
42:00:43	19.3	0.092	0.095	0.092	0.093	0.096	0.094	0.094	0.093	0.098	0.094	0.092	0.094	0.091	0.972	0.973	0.959	0.953	0.957	0.966	0.965	1.048	0.960	0.975	0.095	0.092	1.003	1.005	0.978	1.081	0.976	1.047	0.962	0.969	0.964	1.059	0.093	0.091	0.990	0.989	1.089	0.977	1.049	0.989	1.075	0.944	1.049	0.944	0.092	0.091	1.014	0.990	0.976	1.053	0.995	0.977	0.969	0.963	0.966	1.045	0.092	0.092	0.995	1.110	0.986	0.998	1.000	0.985	1.052	1.053	0.966	0.992	0.092	0.169	1.089	1.026	1.091	1.013	1.000	1.079	0.978	0.975	1.065	0.995	0.092	0.093	0.096	0.094	0.093	0.105	0.094	0.198	0.093	0.108	0.093	0.127	0.092
43:00:46	19.2	0.092	0.095	0.093	0.092	0.095	0.094	0.094	0.094	0.097	0.094	0.093	0.094	0.091	0.967	0.966	0.952	0.945	0.950	0.955	0.959	1.043	0.953	0.967	0.094	0.092	0.994	0.996	0.967	1.076	0.966	1.043	0.954	0.963	0.957	1.054	0.093	0.091	0.981	0.978	1.081	0.967	1.043	0.979	1.068	0.938	1.045	0.941	0.093	0.092	1.002	0.982	0.968	1.048	0.984	0.968	0.959	0.950	0.958	1.040	0.092	0.092	0.986	1.104	0.980	0.987	0.991	0.979	1.046	1.049	0.957	0.984	0.092	0.186	1.083	1.016	1.086	1.005	0.991	1.075	0.971	0.967	1.063	0.990	0.092	0.092	0.096	0.094	0.093	0.108	0.094	0.215	0.093	0.112	0.093	0.136	0.092
44:00:45	19.2	0.092	0.095	0.092	0.092	0.095	0.094	0.094	0.093	0.100	0.093	0.092	0.094	0.091	0.960	0.959	0.947	0.937	0.945	0.951	0.953	1.039	0.948	0.957	0.094	0.092	0.990	0.986	0.960	1.069	0.958	1.039	0.950	0.958	0.952	1.050	0.092	0.091	0.976	0.971	1.076	0.957	1.039	0.972	1.061	0.934	1.040	0.938	0.092	0.091	0.996	0.973	0.960	1.039	0.978	0.962	0.950	0.942	0.952	1.037	0.091	0.092	0.979	1.099	0.973	0.980	0.982	0.971	1.042	1.045	0.952	0.976	0.091	0.203	1.079	1.009	1.081	0.997	0.986	1.072	0.963	0.961	1.057	0.983	0.091	0.092	0.095	0.094	0.092	0.111	0.093	0.228	0.092	0.112	0.092	0.147	0.092
45:00:44	19.2	0.092	0.095	0.092	0.093	0.095	0.094	0.094	0.093	0.099	0.093	0.092	0.094	0.091	0.956	0.953	0.943	0.931	0.939	0.951	0.950	1.036	0.945	0.951	0.094	0.092	0.983	0.980	0.956	1.063	0.955	1.035	0.943	0.953	0.950	1.049	0.092	0.091	0.970	0.967	1.070	0.951	1.037	0.967	1.054	0.930	1.034	0.937	0.093	0.092	0.990	0.967	0.955	1.033	0.969	0.956	0.942	0.939	0.949	1.034	0.092	0.092	0.974	1.093	0.967	0.977	0.976	0.967	1.038	1.040	0.951	0.969	0.092	0.233	1.077	1.003	1.076	0.992	0.978	1.067	0.958	0.957	1.056	0.976	0.092	0.093	0.096	0.094	0.093	0.116	0.094	0.246	0.093	0.119	0.093	0.164	0.092
46:00:45	19.2	0.092	0.094	0.093	0.092	0.095	0.094	0.094	0.093	0.098	0.093	0.092	0.094	0.091	0.953	0.948	0.938	0.926	0.933	0.950	0.948	1.030	0.946	0.946	0.094	0.092	0.981	0.977	0.952	1.057	0.952	1.031	0.941	0.950	0.947	1.046	0.092	0.091	0.965	0.961	1.062	0.946	1.032	0.961	1.047	0.930	1.030	0.937	0.093	0.091	0.988	0.964	0.950	1.027	0.962	0.953	0.936	0.935	0.947	1.032	0.092	0.092	0.969	1.087	0.963	0.972	0.969	0.954	1.036	1.036	0.942	0.968	0.092	0.260	1.074	0.998	1.072	0.986	0.972	1.063	0.954	0.955	1.053	0.982	0.091	0.092	0.095	0.094	0.093	0.122	0.093	0.268	0.093	0.118	0.093	0.173	0.092
47:00:46	19.2	0.092	0.095	0.092	0.092	0.095	0.094	0.094	0.093	0.098	0.093	0.092	0.094	0.091	0.950	0.946	0.934	0.923	0.940	0.958	0.947	1.026	0.952	0.944	0.094	0.091	0.978	0.974	0.950	1.050	0.952	1.027	0.941	0.948	0.945	1.045	0.092	0.091	0.966	0.949	1.054	0.942	1.026	0.956	1.042	0.930	1.024	0.939	0.093	0.091	0.989	0.962	0.947	1.020	0.954	0.946	0.933	0.936	0.947	1.030	0.092	0.092	0.970	1.081	0.963	0.965	0.965	0.954	1.032	1.034	0.942	0.970	0.091	0.284	1.072	0.997	1.068	0.981	0.972	1.060	0.951	0.954	1.052	0.984	0.091	0.092	0.095	0.094	0.093	0.129	0.093	0.295	0.092	0.117	0.092	0.194	0.092
48:00:48	19.2	0.092	0.095	0.092	0.092	0.095	0.094	0.094	0.093	0.097	0.093	0.092	0.094	0.091	0.949	0.945	0.933	0.921	0.946	0.959	0.949	1.024	0.952	0.943	0.094	0.091	0.979	0.974	0.952	1.045	0.952	1.023	0.948	0.947	0.948	1.044	0.093	0.091	0.960	0.947	1.048	0.939	1.024	0.952	1.036	0.929	1.019	0.943	0.092	0.091	0.992	0.958	0.944	1.012	0.949	0.942	0.928	0.935	0.949	1.029	0.091	0.092	0.973	1.076	0.963	0.964	0.964	0.956	1.028	1.029	0.945	0.963	0.091	0.304	1.070	0.995	1.065	0.980	0.973	1.058	0.951	0.957	1.052	0.985	0.091	0.092	0.095	0.094	0.092	0.136	0.093	0.329	0.092	0.121	0.092	0.217	0.092
49:00:48	19.1	0.092	0.095	0.092	0.092	0.095	0.094	0.094	0.093	0.096	0.094	0.092	0.094	0.091	0.953	0.945	0.944	0.922	0.948	0.959	0.955	1.023	0.957	0.943	0.094	0.092	0.981	0.972	0.953	1.037	0.956	1.017	0.939	0.949	0.952	1.043	0.092	0.091	0.972	0.950	1.042	0.937	1.020	0.951	1.030	0.930	1.018	0.951	0.092	0.091	0.993	0.957	0.943	1.008	0.948	0.945	0.926	0.934	0.948	1.027	0.092	0.092	0.975	1.073	0.961	0.972	0.964	0.957	1.025	1.028	0.951	0.966	0.091	0.336	1.069	0.999	1.062	0.985	0.975	1.055	0.954	0.961	1.053	0.993	0.091	0.092	0.095	0.094	0.093	0.146	0.093	0.363	0.092	0.126	0.093	0.237	0.092
50:00:50	19.1	0.092	0.095	0.092	0.092	0.095	0.094	0.094	0.093	0.100	0.093	0.092	0.094	0.091	0.961	0.949	0.947	0.922	0.953	0.962	0.961	1.022	0.959	0.945	0.094	0.092	0.984	0.973	0.959	1.034	0.957	1.016	0.943	0.951	0.956	1.045	0.093	0.091	0.973	0.953	1.039	0.939	1.025	0.948	1.024	0.932	1.017	0.953	0.092	0.091	0.996	0.958	0.942	1.004	0.940	0.951	0.925	0.937	0.947	1.027	0.092	0.092	0.982	1.070	0.958	0.964	0.965	0.958	1.021	1.029	0.954	0.972	0.092	0.354	1.070	1.001	1.062	0.994	0.978	1.049	0.959	0.960	1.056	0.997	0.091	0.092	0.096	0.094	0.092	0.160	0.093	0.396	0.092	0.132	0.093	0.260	0.092
51:00:51	19.2	0.092	0.095	0.093	0.092	0.095	0.094	0.094	0.093	0.099	0.093	0.092	0.094	0.091	0.957	0.952	0.951	0.924	0.955	0.967	0.954	1.021	0.963	0.946	0.094	0.092	0.987	0.975	0.960	1.028	0.960	1.016	0.947	0.954	0.957	1.047	0.092	0.091	0.979	0.953	1.032	0.940	1.024	0.947	1.021	0.935	1.015	0.955	0.092	0.091	1.000	0.960	0.943	0.999	0.944	0.952	0.924	0.938	0.954	1.027	0.091	0.092	0.988	1.066	0.965	0.964	0.967	0.958	1.023	1.034	0.956	0.975	0.092	0.348	1.072	0.999	1.061	0.998	0.982	1.053	0.953	0.960	1.060	1.002	0.091	0.092	0.096	0.094	0.092	0.173	0.093	0.431	0.093	0.140	0.093	0.305	0.092
52:00:51	19.2	0.092	0.094	0.092	0.092	0.095	0.094	0.094	0.093	0.098	0.093	0.092	0.094	0.091	0.961	0.955	0.954	0.927	0.958	0.972	0.957	1.016	0.967	0.950	0.094	0.092	0.991	0.979	0.960	1.028	0.961	1.020	0.949	0.955	0.960	1.054	0.092	0.091	0.983	0.952	1.030	0.935	1.030	0.950	1.020	0.938	1.019	0.960	0.092	0.091	1.006	0.961	0.942	0.992	0.949	0.952	0.924	0.940	0.956	1.029	0.091	0.092	0.996	1.065	0.970	0.964	0.969	0.959	1.029	1.036	0.958	0.981	0.091	0.340	1.075	1.001	1.065	1.001	0.986	1.054	0.972	0.961	1.063	1.009	0.091	0.092	0.095	0.094	0.093	0.183	0.093	0.456	0.092	0.149	0.093	0.347	0.092
53:00:53	19.2	0.092	0.095	0.092	0.092	0.095	0.094	0.094	0.093	0.096	0.094	0.092	0.094	0.091	0.966	0.964	0.959	0.930	0.961	0.976	0.961	1.017	0.970	0.953	0.094	0.092	0.994	0.982	0.961	1.027	0.964	1.019	0.950	0.957	0.961	1.055	0.092	0.091	0.987	0.950	1.027	0.936	1.022	0.946	1.017	0.938	1.016	0.961	0.092	0.091	1.013	0.961	0.941	0.985	0.945	0.951	0.924	0.942	0.957	1.022	0.091	0.092	1.000	1.064	0.969	0.962	0.971	0.961	1.030	1.036	0.960	0.987	0.091	0.341	1.079	1.010	1.067	1.003	0.990	1.056	0.972	0.971	1.061	1.015	0.092	0.092	0.096	0.094	0.092	0.197	0.093	0.496	0.093	0.156	0.092	0.391	0.092
54:00:53	19.2	0.092	0.094	0.092	0.092	0.095	0.094	0.094	0.093	0.097	0.093	0.092	0.094	0.091	0.969	0.965	0.961	0.933	0.964	0.980	0.961	1.012	0.974	0.956	0.094	0.091	0.998	0.984	0.962	1.025	0.967	1.015	0.951	0.959	0.965	1.052	0.092	0.091	0.990	0.950	1.021	0.936	1.016	0.947	1.013	0.940	1.011	0.964	0.092	0.091	1.019	0.962	0.944	0.984	0.944	0.950	0.925	0.943	0.958	1.020	0.092	0.092	1.006	1.062	0.968	0.963	0.974	0.963	1.026	1.033	0.961	0.991	0.091	0.344	1.087	1.020	1.070	1.006	0.994	1.055	0.977	0.973	1.058	1.021	0.091	0.092	0.095	0.094	0.092	0.214	0.093	0.531	0.092	0.169	0.093	0.420	0.092
55:00:55	19.2	0.092	0.095	0.093	0.092	0.096	0.094	0.095	0.094	0.098	0.094	0.092	0.094	0.091	0.973	0.965	0.965	0.940	0.966	0.981	0.962	1.012	0.975	0.962	0.094	0.092	1.000	0.984	0.963	1.023	0.968	1.012	0.950	0.957	0.965	1.051	0.093	0.091	0.993	0.949	1.019	0.936	1.012	0.946	1.009	0.940	1.008	0.962	0.093	0.092	1.028	0.962	0.944	0.987	0.942	0.950	0.927	0.945	0.957	1.024	0.092	0.092	1.011	1.059	0.967	0.964	0.976	0.964	1.022	1.029	0.963	0.994	0.092	0.360	1.093	1.024	1.069	1.010	0.998	1.051	0.979	0.975	1.056	1.026	0.092	0.093	0.096	0.094	0.093	0.227	0.094	0.558	0.093	0.179	0.093	0.441	0.092
56:00:54	19.3	0.092	0.095	0.092	0.092	0.095	0.094	0.094	0.093	0.100	0.094	0.092	0.094	0.091	0.975	0.965	0.967	0.943	0.967	0.985	0.961	1.020	0.976	0.966	0.094	0.092	1.001	0.984	0.963	1.018	0.967	1.005	0.950	0.957	0.965	1.048	0.093	0.092	0.994	0.948	1.013	0.935	1.004	0.945	1.003	0.940	1.004	0.963	0.092	0.091	1.033	0.963	0.943	0.986	0.940	0.950	0.928	0.945	0.955	1.029	0.092	0.092	1.014	1.054	0.965	0.962	0.978	0.964	1.017	1.026	0.964	0.996	0.092	0.432	1.097	1.028	1.066	1.013	1.001	1.048	0.980	0.975	1.052	1.030	0.092	0.092	0.099	0.094	0.093	0.240	0.093	0.581	0.093	0.191	0.093	0.467	0.093
57:00:57	19.3	0.092	0.095	0.093	0.092	0.096	0.094	0.094	0.093	0.098	0.094	0.092	0.094	0.091	0.977	0.964	0.969	0.949	0.967	0.985	0.959	1.034	0.977	0.970	0.094	0.092	1.002	0.984	0.963	1.014	0.964	0.999	0.950	0.954	0.964	1.044	0.093	0.091	0.994	0.948	1.009	0.932	0.997	0.943	0.998	0.938	0.999	0.963	0.093	0.091	1.035	0.963	0.941	0.982	0.939	0.950	0.937	0.945	0.953	1.023	0.092	0.092	1.016	1.050	0.965	0.960	0.978	0.964	1.010	1.019	0.962	0.998	0.092	0.424	1.094	1.030	1.063	1.015	1.002	1.046	0.980	0.975	1.047	1.033	0.092	0.093	0.098	0.094	0.093	0.259	0.094	0.607	0.093	0.205	0.093	0.503	0.092
58:00:56	19.3	0.092	0.095	0.092	0.092	0.095	0.094	0.094	0.093	0.098	0.093	0.092	0.094	0.091	0.979	0.964	0.972	0.955	0.968	0.983	0.958	1.032	0.977	0.974	0.094	0.092	1.002	0.984	0.963	1.009	0.963	0.992	0.950	0.953	0.963	1.039	0.092	0.091	0.994	0.947	1.002	0.932	0.990	0.942	0.991	0.938	0.994	0.960	0.092	0.091	1.035	0.963	0.940	0.977	0.940	0.949	0.939	0.945	0.950	1.017	0.091	0.092	1.017	1.044	0.965	0.959	0.977	0.963	1.004	1.014	0.961	0.998	0.091	0.424	1.093	1.031	1.057	1.015	1.003	1.040	0.980	0.974	1.041	1.035	0.091	0.092	0.100	0.094	0.093	0.274	0.093	0.624	0.092	0.219	0.093	0.533	0.092
59:00:58	19.3	0.092	0.095	0.092	0.092	0.095	0.094	0.094	0.093	0.099	0.093	0.092	0.094	0.091	0.980	0.965	0.973	0.963	0.968	0.983	0.959	1.021	0.977	0.980	0.094	0.092	1.002	0.985	0.964	1.006	0.962	0.986	0.952	0.952	0.965	1.034	0.092	0.091	0.995	0.948	0.998	0.934	0.983	0.941	0.988	0.939	0.990	0.960	0.092	0.091	1.033	0.964	0.941	0.974	0.941	0.949	0.946	0.946	0.949	1.011	0.091	0.092	1.016	1.038	0.965	0.959	0.979	0.965	0.998	1.008	0.960	1.000	0.091	0.464	1.089	1.034	1.052	1.015	1.006	1.036	0.980	0.973	1.035	1.037	0.091	0.092	0.095	0.094	0.092	0.295	0.093	0.642	0.093	0.233	0.092	0.567	0.092
60:00:59	19.3	0.092	0.095	0.092	0.093	0.095	0.094	0.094	0.093	0.098	0.094	0.092	0.094	0.091	0.982	0.966	0.978	0.967	0.969	0.984	0.961	1.013	0.981	0.994	0.094	0.092	1.004	0.988	0.967	1.004	0.963	0.985	0.953	0.953	0.967	1.032	0.092	0.091	0.995	0.950	0.996	0.936	0.980	0.941	0.987	0.942	0.988	0.963	0.092	0.091	1.034	0.966	0.943	0.973	0.944	0.951	0.955	0.950	0.951	1.007	0.092	0.092	1.017	1.035	0.968	0.961	0.980	0.967	0.995	1.005	0.964	1.003	0.092	0.406	1.086	1.036	1.049	1.017	1.009	1.029	0.981	0.976	1.030	1.039	0.091	0.092	0.095	0.094	0.092	0.319	0.093	0.653	0.093	0.245	0.092	0.593	0.092
61:00:59	19.3	0.092	0.094	0.092	0.092	0.095	0.093	0.093	0.093	0.099	0.093	0.092	0.094	0.091	0.983	0.969	0.982	0.974	0.971	0.984	0.963	1.006	0.981	0.987	0.094	0.091	1.004	0.989	0.967	1.002	0.964	0.982	0.954	0.953	0.966	1.027	0.092	0.091	0.995	0.953	0.995	0.937	0.975	0.944	0.986	0.942	0.986	0.961	0.092	0.091	1.032	0.968	0.945	0.972	0.947	0.954	0.955	0.952	0.952	1.004	0.091	0.092	1.018	1.031	0.971	0.962	0.982	0.968	0.993	1.001	0.965	1.005	0.091	0.446	1.082	1.039	1.044	1.018	1.012	1.027	0.982	0.976	1.027	1.039	0.091	0.092	0.095	0.093	0.092	0.356	0.093	0.674	0.092	0.257	0.092	0.625	0.092
62:01:01	19.4	0.092	0.095	0.092	0.092	0.095	0.094	0.094	0.093	0.099	0.093	0.092	0.094	0.091	0.986	0.975	0.986	0.980	0.974	0.987	0.967	1.002	0.986	0.983	0.094	0.092	1.007	0.994	0.970	1.004	0.966	0.981	0.956	0.956	0.970	1.026	0.092	0.091	0.998	0.957	0.996	0.940	0.974	0.946	0.987	0.944	0.986	0.964	0.092	0.091	1.033	0.970	0.949	0.974	0.952	0.957	0.958	0.956	0.954	1.004	0.092	0.092	1.021	1.029	0.974	0.967	0.985	0.973	0.992	1.000	0.969	1.009	0.091	0.430	1.080	1.042	1.044	1.020	1.017	1.025	0.985	0.980	1.026	1.041	0.091	0.092	0.096	0.094	0.092	0.396	0.093	0.690	0.092	0.265	0.093	0.645	0.092
63:01:02	19.4	0.091	0.095	0.092	0.092	0.095	0.094	0.094	0.093	0.097	0.093	0.092	0.094	0.091	0.988	0.981	0.992	0.990	0.977	0.989	0.971	0.998	0.988	0.996	0.094	0.091	1.010	0.995	0.974	1.006	0.968	0.981	0.958	0.958	0.974	1.026	0.092	0.091	1.000	0.959	0.997	0.942	0.973	0.948	0.988	0.947	0.986	0.965	0.092	0.091	1.038	0.974	0.952	0.977	0.956	0.960	0.960	0.959	0.956	1.006	0.091	0.092	1.026	1.029	0.979	0.970	0.987	0.975	0.992	1.000	0.974	1.013	0.091	0.464	1.075	1.045	1.045	1.024	1.022	1.026	0.989	0.984	1.027	1.044	0.091	0.092	0.096	0.094	0.092	0.435	0.093	0.712	0.092	0.277	0.092	0.661	0.092
64:01:02	19.5	0.092	0.094	0.092	0.092	0.095	0.094	0.094	0.093	0.098	0.093	0.092	0.094	0.091	0.993	0.988	0.999	0.990	0.983	0.993	0.977	1.000	0.994	0.998	0.094	0.092	1.015	0.999	0.978	1.009	0.971	0.982	0.960	0.960	0.978	1.029	0.092	0.091	1.004	0.965	0.999	0.946	0.973	0.952	0.991	0.950	0.988	0.972	0.092	0.091	1.040	0.977	0.957	0.981	0.960	0.964	0.965	0.964	0.960	1.010	0.091	0.092	1.033	1.028	0.985	0.975	0.988	0.982	0.993	1.001	0.979	1.021	0.091	0.471	1.073	1.048	1.044	1.029	1.028	1.027	0.994	0.989	1.030	1.051	0.091	0.092	0.096	0.094	0.092	0.468	0.093	0.708	0.092	0.285	0.093	0.670	0.092
65:01:03	19.6	0.092	0.095	0.092	0.092	0.094	0.094	0.094	0.093	0.099	0.093	0.092	0.094	0.091	0.997	0.994	1.003	0.996	0.986	0.994	0.983	1.001	0.998	1.002	0.094	0.091	1.021	1.002	0.981	1.011	0.975	0.983	0.963	0.963	0.982	1.033	0.092	0.091	1.008	0.969	1.000	0.949	0.974	0.954	0.992	0.952	0.990	0.977	0.092	0.091	1.043	0.980	0.960	0.984	0.963	0.967	0.971	0.966	0.963	1.013	0.091	0.092	1.040	1.030	0.990	0.979	0.990	0.985	0.996	1.004	0.985	1.026	0.091	0.461	1.073	1.049	1.047	1.034	1.033	1.030	0.999	0.995	1.034	1.059	0.091	0.092	0.095	0.093	0.092	0.505	0.093	0.723	0.092	0.285	0.092	0.678	0.092
66:01:04	19.7	0.092	0.095	0.092	0.092	0.095	0.094	0.094	0.093	0.098	0.093	0.092	0.094	0.091	1.002	0.999	1.007	1.009	0.992	0.998	0.988	1.007	1.005	1.004	0.094	0.091	1.025	1.005	0.985	1.014	0.976	0.985	0.967	0.967	0.986	1.038	0.092	0.091	1.012	0.973	1.003	0.953	0.976	0.956	0.994	0.955	0.991	0.982	0.092	0.091	1.048	0.984	0.965	0.988	0.969	0.970	0.977	0.971	0.967	1.019	0.091	0.092	1.045	1.032	0.996	0.983	0.992	0.990	1.001	1.008	0.992	1.032	0.091	0.444	1.086	1.050	1.050	1.039	1.039	1.035	1.005	1.002	1.039	1.062	0.091	0.092	0.096	0.094	0.093	0.539	0.093	0.744	0.092	0.299	0.093	0.695	0.092
67:01:05	19.8	0.092	0.095	0.092	0.092	0.095	0.094	0.094	0.093	0.097	0.093	0.092	0.094	0.091	1.007	1.005	1.013	1.017	0.997	1.002	0.996	1.010	1.009	1.007	0.094	0.092	1.030	1.010	0.989	1.016	0.979	0.987	0.971	0.970	0.989	1.041	0.092	0.091	1.019	0.979	1.006	0.957	0.979	0.960	0.996	0.957	0.995	0.987	0.092	0.091	1.055	0.988	0.970	0.994	0.973	0.972	0.982	0.975	0.970	1.023	0.092	0.092	1.048	1.034	1.001	0.987	0.994	0.995	1.007	1.011	0.995	1.035	0.091	0.519	1.094	1.052	1.055	1.045	1.044	1.041	1.011	1.005	1.044	1.066	0.091	0.092	0.096	0.094	0.092	0.579	0.093	0.748	0.093	0.332	0.093	0.710	0.092
68:01:06	19.8	0.091	0.095	0.092	0.092	0.095	0.093	0.094	0.092	0.098	0.093	0.092	0.094	0.091	1.012	1.010	1.017	1.026	1.001	1.007	1.000	1.016	1.016	1.012	0.094	0.091	1.034	1.013	0.991	1.019	0.980	0.991	0.973	0.971	0.993	1.047	0.092	0.091	1.022	0.982	1.010	0.960	0.982	0.963	0.998	0.961	0.998	0.995	0.092	0.091	1.060	0.991	0.975	0.999	0.977	0.977	0.988	0.980	0.975	1.031	0.091	0.092	1.052	1.036	1.007	0.990	0.995	0.999	1.011	1.014	1.003	1.045	0.091	0.466	1.104	1.058	1.060	1.049	1.047	1.048	1.017	1.014	1.052	1.072	0.091	0.092	0.095	0.093	0.092	0.608	0.093	0.742	0.092	0.292	0.093	0.721	0.092
69:01:07	19.9	0.092	0.095	0.092	0.092	0.095	0.094	0.094	0.093	0.097	0.093	0.092	0.094	0.091	1.016	1.015	1.020	1.029	1.008	1.011	1.006	1.022	1.023	1.019	0.094	0.091	1.041	1.015	0.994	1.023	0.982	0.993	0.979	0.973	0.996	1.052	0.092	0.091	1.028	0.988	1.014	0.965	0.986	0.967	1.003	0.963	1.001	1.001	0.092	0.091	1.063	0.995	0.979	1.003	0.982	0.979	0.993	0.983	0.978	1.037	0.091	0.092	1.058	1.039	1.013	0.994	0.994	1.000	1.017	1.019	1.009	1.049	0.091	0.472	1.110	1.063	1.066	1.053	1.050	1.055	1.024	1.021	1.059	1.077	0.091	0.092	0.095	0.094	0.092	0.636	0.093	0.745	0.092	0.375	0.092	0.734	0.092
70:01:08	20.0	0.091	0.095	0.092	0.092	0.095	0.093	0.094	0.093	0.098	0.093	0.092	0.094	0.091	1.024	1.021	1.024	1.035	1.012	1.015	1.009	1.026	1.028	1.026	0.094	0.091	1.047	1.018	0.997	1.027	0.983	0.998	0.982	0.977	0.998	1.059	0.092	0.091	1.033	0.988	1.016	0.968	0.990	0.969	1.005	0.968	1.006	1.009	0.092	0.091	1.067	0.999	0.984	1.008	0.986	0.980	0.999	0.985	0.982	1.045	0.091	0.092	1.061	1.042	1.018	0.997	0.995	1.003	1.023	1.027	1.015	1.056	0.091	0.428	1.119	1.071	1.072	1.054	1.051	1.063	1.031	1.030	1.067	1.084	0.091	0.092	0.095	0.094	0.092	0.651	0.093	0.719	0.092	0.307	0.093	0.748	0.092
71:01:09	20.0	0.092	0.095	0.092	0.092	0.095	0.094	0.094	0.093	0.097	0.093	0.092	0.094	0.091	1.029	1.029	1.026	1.039	1.018	1.017	1.014	1.034	1.036	1.035	0.094	0.092	1.052	1.019	0.999	1.031	0.984	1.001	0.987	0.977	1.000	1.064	0.092	0.091	1.037	0.991	1.019	0.971	0.996	0.971	1.008	0.969	1.010	1.014	0.092	0.091	1.069	1.003	0.991	1.014	0.989	0.982	1.004	0.988	0.984	1.052	0.091	0.092	1.067	1.044	1.023	1.000	0.995	1.004	1.027	1.031	1.019	1.063	0.092	0.337	1.128	1.077	1.081	1.058	1.054	1.071	1.037	1.038	1.074	1.093	0.091	0.092	0.095	0.094	0.092	0.670	0.093	0.726	0.092	0.311	0.093	0.751	0.092
72:01:11	20.0	0.092	0.094	0.092	0.092	0.095	0.094	0.094	0.093	0.097	0.093	0.092	0.094	0.091	1.036	1.034	1.031	1.044	1.024	1.019	1.017	1.041	1.041	1.045	0.094	0.091	1.055	1.021	1.001	1.034	0.985	1.004	0.988	0.979	1.003	1.072	0.092	0.091	1.040	0.994	1.022	0.975	1.000	0.974	1.011	0.971	1.015	1.020	0.092	0.091	1.073	1.004	0.994	1.017	0.990	0.982	1.009	0.988	0.988	1.061	0.091	0.092	1.070	1.047	1.027	1.001	0.994	1.006	1.034	1.035	1.024	1.069	0.091	0.653	1.137	1.085	1.091	1.058	1.056	1.080	1.042	1.048	1.083	1.099	0.091	0.092	0.095	0.094	0.092	0.688	0.093	0.755	0.092	0.347	0.093	0.761	0.092

