Time	T° 600	A1	A2	A3	A4	A5	A6	A7	A8	A9	A10	A11	A12	B1	B2	B3	B4	B5	B6	B7	B8	B9	B10	B11	B12	C1	C2	C3	C4	C5	C6	C7	C8	C9	C10	C11	C12	D1	D2	D3	D4	D5	D6	D7	D8	D9	D10	D11	D12	E1	E2	E3	E4	E5	E6	E7	E8	E9	E10	E11	E12	F1	F2	F3	F4	F5	F6	F7	F8	F9	F10	F11	F12	G1	G2	G3	G4	G5	G6	G7	G8	G9	G10	G11	G12	H1	H2	H3	H4	H5	H6	H7	H8	H9	H10	H11	H12
0:00:06	19.6	0.096	0.096	0.098	0.098	0.098	0.099	0.095	0.097	0.097	0.098	0.096	0.097	0.096	0.098	0.098	0.100	0.098	0.099	0.100	0.100	0.099	0.100	0.098	0.097	0.096	0.100	0.100	0.100	0.101	0.101	0.098	0.098	0.101	0.102	0.100	0.098	0.095	0.098	0.097	0.098	0.105	0.097	0.098	0.099	0.098	0.100	0.099	0.098	0.097	0.097	0.098	0.098	0.099	0.097	0.097	0.097	0.097	0.097	0.099	0.096	0.096	0.098	0.100	0.099	0.099	0.098	0.097	0.098	0.099	0.098	0.101	0.097	0.096	0.101	0.099	0.098	0.100	0.099	0.100	0.099	0.101	0.099	0.100	0.095	0.097	0.096	0.097	0.095	0.094	0.094	0.095	0.096	0.096	0.098	0.096	0.097
0:59:56	20.1	0.095	0.095	0.098	0.098	0.098	0.099	0.094	0.097	0.097	0.098	0.096	0.097	0.097	0.098	0.099	0.100	0.098	0.099	0.100	0.100	0.099	0.099	0.098	0.097	0.096	0.100	0.100	0.099	0.100	0.101	0.099	0.099	0.102	0.102	0.101	0.098	0.095	0.098	0.097	0.097	0.105	0.097	0.098	0.099	0.099	0.100	0.099	0.098	0.097	0.097	0.097	0.098	0.099	0.098	0.097	0.098	0.098	0.098	0.099	0.096	0.096	0.098	0.100	0.098	0.099	0.098	0.098	0.098	0.098	0.098	0.100	0.097	0.097	0.101	0.100	0.098	0.101	0.099	0.100	0.099	0.101	0.099	0.100	0.095	0.097	0.096	0.098	0.096	0.095	0.094	0.096	0.097	0.097	0.097	0.096	0.097
1:59:57	20.5	0.095	0.096	0.098	0.098	0.098	0.099	0.095	0.096	0.097	0.098	0.096	0.097	0.096	0.098	0.098	0.100	0.098	0.099	0.100	0.100	0.099	0.099	0.098	0.097	0.096	0.099	0.099	0.099	0.100	0.101	0.098	0.099	0.101	0.102	0.100	0.099	0.095	0.098	0.097	0.097	0.105	0.097	0.098	0.099	0.099	0.100	0.099	0.098	0.097	0.098	0.098	0.099	0.099	0.097	0.097	0.098	0.098	0.098	0.099	0.096	0.096	0.098	0.100	0.099	0.099	0.098	0.098	0.098	0.099	0.098	0.100	0.097	0.097	0.101	0.100	0.099	0.101	0.099	0.101	0.099	0.101	0.099	0.100	0.095	0.097	0.096	0.099	0.096	0.095	0.094	0.097	0.098	0.097	0.097	0.096	0.096
2:59:57	20.7	0.095	0.096	0.098	0.098	0.098	0.099	0.094	0.096	0.097	0.098	0.096	0.097	0.097	0.098	0.099	0.100	0.098	0.099	0.100	0.101	0.099	0.099	0.099	0.097	0.096	0.100	0.100	0.099	0.100	0.101	0.099	0.099	0.102	0.102	0.100	0.098	0.095	0.099	0.097	0.098	0.105	0.097	0.099	0.099	0.099	0.100	0.099	0.098	0.097	0.098	0.098	0.099	0.099	0.098	0.097	0.098	0.098	0.098	0.099	0.096	0.096	0.098	0.100	0.099	0.100	0.098	0.098	0.098	0.099	0.099	0.100	0.097	0.098	0.101	0.100	0.099	0.101	0.100	0.101	0.099	0.101	0.100	0.100	0.095	0.097	0.096	0.099	0.096	0.095	0.095	0.097	0.098	0.098	0.097	0.096	0.096
3:59:58	20.7	0.095	0.096	0.098	0.098	0.098	0.099	0.094	0.096	0.097	0.098	0.096	0.097	0.096	0.098	0.099	0.100	0.098	0.099	0.101	0.100	0.099	0.099	0.099	0.097	0.096	0.100	0.100	0.099	0.101	0.101	0.099	0.099	0.102	0.102	0.100	0.098	0.095	0.099	0.097	0.098	0.106	0.097	0.099	0.099	0.099	0.100	0.099	0.098	0.099	0.098	0.098	0.099	0.100	0.098	0.098	0.098	0.098	0.098	0.099	0.096	0.096	0.099	0.100	0.099	0.100	0.099	0.098	0.099	0.099	0.098	0.100	0.097	0.098	0.102	0.100	0.099	0.101	0.100	0.102	0.099	0.101	0.100	0.100	0.095	0.097	0.096	0.098	0.096	0.095	0.095	0.097	0.098	0.098	0.097	0.096	0.096
4:59:59	20.7	0.095	0.096	0.098	0.098	0.098	0.099	0.094	0.096	0.097	0.098	0.096	0.097	0.096	0.098	0.100	0.101	0.098	0.100	0.101	0.100	0.099	0.100	0.099	0.097	0.096	0.100	0.101	0.100	0.101	0.102	0.099	0.099	0.102	0.102	0.101	0.099	0.095	0.099	0.098	0.098	0.106	0.098	0.099	0.099	0.099	0.100	0.100	0.098	0.099	0.099	0.098	0.099	0.100	0.099	0.098	0.098	0.098	0.098	0.100	0.096	0.096	0.099	0.101	0.100	0.101	0.099	0.099	0.099	0.099	0.099	0.101	0.097	0.098	0.102	0.100	0.100	0.102	0.101	0.102	0.099	0.101	0.100	0.101	0.096	0.097	0.096	0.098	0.096	0.095	0.096	0.097	0.098	0.098	0.097	0.096	0.096
6:00:00	20.6	0.096	0.095	0.098	0.098	0.098	0.099	0.095	0.096	0.096	0.097	0.096	0.097	0.096	0.098	0.100	0.101	0.098	0.100	0.101	0.101	0.099	0.100	0.099	0.097	0.096	0.101	0.101	0.100	0.102	0.102	0.100	0.099	0.102	0.102	0.101	0.098	0.095	0.100	0.098	0.098	0.107	0.099	0.100	0.099	0.099	0.100	0.100	0.098	0.098	0.100	0.099	0.101	0.101	0.100	0.099	0.098	0.097	0.098	0.101	0.096	0.096	0.099	0.101	0.100	0.102	0.100	0.100	0.099	0.099	0.099	0.102	0.097	0.098	0.103	0.101	0.101	0.103	0.102	0.103	0.099	0.101	0.100	0.102	0.096	0.097	0.096	0.099	0.096	0.095	0.095	0.097	0.098	0.098	0.097	0.096	0.096
7:00:01	20.6	0.095	0.096	0.098	0.098	0.098	0.099	0.094	0.096	0.096	0.097	0.096	0.097	0.096	0.098	0.101	0.101	0.097	0.101	0.102	0.101	0.100	0.100	0.100	0.098	0.096	0.102	0.102	0.101	0.102	0.103	0.101	0.099	0.102	0.102	0.101	0.099	0.095	0.101	0.098	0.099	0.108	0.100	0.101	0.099	0.100	0.101	0.101	0.098	0.098	0.101	0.099	0.102	0.102	0.101	0.100	0.098	0.098	0.098	0.102	0.096	0.096	0.101	0.101	0.101	0.102	0.101	0.101	0.099	0.099	0.099	0.103	0.097	0.098	0.103	0.101	0.103	0.104	0.103	0.104	0.100	0.101	0.101	0.102	0.095	0.098	0.096	0.099	0.096	0.095	0.096	0.097	0.098	0.098	0.097	0.096	0.097
8:00:02	20.4	0.096	0.096	0.098	0.098	0.098	0.099	0.095	0.096	0.096	0.097	0.096	0.097	0.096	0.098	0.103	0.102	0.097	0.103	0.104	0.101	0.100	0.100	0.101	0.097	0.096	0.103	0.104	0.101	0.104	0.105	0.102	0.099	0.102	0.102	0.102	0.098	0.095	0.102	0.099	0.099	0.109	0.101	0.102	0.099	0.100	0.101	0.102	0.098	0.098	0.102	0.100	0.104	0.103	0.102	0.101	0.098	0.097	0.098	0.104	0.096	0.096	0.102	0.102	0.103	0.104	0.103	0.102	0.099	0.100	0.099	0.105	0.097	0.098	0.105	0.102	0.105	0.106	0.106	0.105	0.100	0.102	0.102	0.104	0.096	0.098	0.096	0.099	0.096	0.095	0.096	0.097	0.098	0.098	0.097	0.096	0.096
9:00:03	20.2	0.095	0.095	0.098	0.098	0.098	0.099	0.095	0.096	0.096	0.097	0.096	0.097	0.096	0.098	0.104	0.102	0.097	0.105	0.106	0.101	0.100	0.101	0.102	0.097	0.096	0.104	0.105	0.102	0.106	0.106	0.105	0.098	0.102	0.102	0.103	0.098	0.095	0.104	0.099	0.100	0.110	0.103	0.104	0.099	0.100	0.101	0.102	0.098	0.098	0.104	0.101	0.106	0.105	0.105	0.103	0.098	0.097	0.098	0.106	0.096	0.096	0.104	0.102	0.105	0.107	0.104	0.104	0.099	0.100	0.099	0.107	0.097	0.097	0.107	0.103	0.109	0.108	0.109	0.107	0.100	0.102	0.102	0.106	0.095	0.097	0.096	0.098	0.096	0.095	0.095	0.097	0.098	0.098	0.097	0.096	0.096
10:00:05	20.0	0.095	0.095	0.098	0.098	0.098	0.098	0.094	0.096	0.096	0.097	0.096	0.097	0.096	0.098	0.106	0.104	0.097	0.108	0.109	0.102	0.101	0.101	0.103	0.097	0.096	0.106	0.107	0.104	0.108	0.109	0.107	0.098	0.103	0.102	0.104	0.098	0.095	0.106	0.100	0.100	0.113	0.106	0.106	0.099	0.101	0.101	0.103	0.098	0.098	0.107	0.101	0.109	0.109	0.107	0.107	0.098	0.097	0.098	0.109	0.096	0.096	0.107	0.102	0.109	0.111	0.108	0.107	0.099	0.100	0.099	0.110	0.097	0.098	0.109	0.104	0.114	0.111	0.114	0.110	0.100	0.102	0.103	0.109	0.095	0.098	0.096	0.099	0.096	0.095	0.095	0.097	0.098	0.097	0.097	0.096	0.096
11:00:05	20.0	0.095	0.095	0.098	0.098	0.098	0.098	0.094	0.096	0.096	0.097	0.096	0.097	0.096	0.098	0.110	0.104	0.097	0.112	0.113	0.102	0.101	0.102	0.105	0.097	0.096	0.110	0.111	0.106	0.113	0.113	0.111	0.098	0.104	0.102	0.106	0.098	0.094	0.110	0.101	0.101	0.117	0.111	0.110	0.100	0.101	0.102	0.103	0.098	0.098	0.112	0.103	0.113	0.112	0.111	0.111	0.098	0.097	0.098	0.114	0.095	0.096	0.110	0.103	0.112	0.116	0.112	0.111	0.100	0.100	0.098	0.114	0.097	0.097	0.114	0.105	0.118	0.115	0.119	0.113	0.101	0.103	0.105	0.113	0.095	0.098	0.096	0.099	0.096	0.095	0.095	0.097	0.098	0.097	0.097	0.096	0.096
12:00:05	19.9	0.096	0.096	0.098	0.098	0.099	0.099	0.095	0.096	0.097	0.098	0.096	0.097	0.097	0.098	0.116	0.106	0.098	0.118	0.119	0.103	0.102	0.103	0.109	0.098	0.096	0.116	0.117	0.108	0.120	0.118	0.117	0.098	0.105	0.102	0.109	0.099	0.095	0.117	0.102	0.102	0.124	0.117	0.116	0.100	0.102	0.103	0.104	0.099	0.099	0.118	0.104	0.119	0.118	0.118	0.117	0.099	0.098	0.099	0.121	0.096	0.097	0.118	0.104	0.118	0.124	0.118	0.116	0.101	0.101	0.099	0.122	0.097	0.098	0.120	0.107	0.126	0.122	0.128	0.119	0.102	0.104	0.107	0.119	0.096	0.098	0.097	0.099	0.096	0.096	0.095	0.097	0.098	0.098	0.097	0.096	0.097
13:00:07	19.8	0.095	0.095	0.098	0.098	0.098	0.098	0.094	0.096	0.096	0.097	0.096	0.097	0.096	0.098	0.122	0.106	0.098	0.125	0.125	0.104	0.103	0.105	0.112	0.097	0.096	0.123	0.123	0.111	0.130	0.125	0.123	0.098	0.105	0.101	0.111	0.098	0.094	0.126	0.102	0.102	0.134	0.122	0.123	0.100	0.102	0.103	0.105	0.098	0.098	0.125	0.105	0.126	0.125	0.123	0.123	0.099	0.097	0.099	0.129	0.095	0.096	0.128	0.104	0.125	0.130	0.124	0.123	0.101	0.101	0.099	0.132	0.097	0.098	0.129	0.108	0.134	0.129	0.139	0.125	0.103	0.105	0.109	0.127	0.095	0.097	0.096	0.099	0.096	0.095	0.095	0.097	0.098	0.097	0.097	0.096	0.096
14:00:08	19.8	0.095	0.095	0.098	0.098	0.098	0.098	0.095	0.096	0.096	0.097	0.096	0.097	0.096	0.098	0.128	0.108	0.098	0.131	0.130	0.105	0.105	0.106	0.118	0.097	0.096	0.132	0.133	0.115	0.141	0.135	0.129	0.098	0.107	0.102	0.115	0.098	0.095	0.134	0.103	0.104	0.147	0.127	0.131	0.101	0.104	0.104	0.108	0.098	0.098	0.132	0.107	0.132	0.130	0.128	0.128	0.099	0.097	0.099	0.136	0.096	0.097	0.136	0.104	0.130	0.134	0.129	0.132	0.102	0.102	0.099	0.141	0.097	0.098	0.137	0.109	0.139	0.135	0.152	0.134	0.104	0.106	0.112	0.135	0.095	0.098	0.096	0.099	0.097	0.095	0.095	0.097	0.098	0.098	0.097	0.096	0.096
15:00:09	19.8	0.095	0.095	0.098	0.098	0.098	0.098	0.095	0.096	0.096	0.097	0.096	0.097	0.096	0.098	0.135	0.110	0.098	0.137	0.137	0.107	0.106	0.109	0.125	0.097	0.096	0.139	0.142	0.120	0.145	0.143	0.134	0.098	0.109	0.101	0.121	0.098	0.094	0.140	0.104	0.106	0.159	0.132	0.139	0.101	0.105	0.104	0.111	0.098	0.098	0.138	0.108	0.136	0.135	0.133	0.134	0.100	0.097	0.100	0.142	0.096	0.096	0.142	0.104	0.136	0.138	0.135	0.139	0.103	0.103	0.099	0.146	0.097	0.098	0.144	0.109	0.142	0.144	0.160	0.143	0.106	0.107	0.116	0.144	0.096	0.098	0.096	0.099	0.096	0.095	0.095	0.097	0.098	0.098	0.097	0.096	0.096
16:00:09	19.8	0.095	0.095	0.098	0.098	0.098	0.099	0.095	0.096	0.096	0.097	0.096	0.097	0.096	0.098	0.142	0.112	0.098	0.147	0.146	0.108	0.108	0.112	0.134	0.098	0.096	0.147	0.153	0.125	0.149	0.157	0.143	0.098	0.112	0.102	0.129	0.098	0.095	0.147	0.104	0.108	0.170	0.140	0.149	0.102	0.107	0.105	0.115	0.098	0.098	0.146	0.110	0.143	0.142	0.141	0.143	0.101	0.097	0.100	0.154	0.096	0.097	0.152	0.105	0.147	0.146	0.143	0.150	0.105	0.105	0.099	0.155	0.097	0.098	0.156	0.111	0.153	0.157	0.174	0.154	0.107	0.109	0.121	0.159	0.096	0.098	0.096	0.098	0.096	0.095	0.095	0.097	0.098	0.098	0.097	0.096	0.096
17:00:11	19.8	0.095	0.096	0.098	0.098	0.098	0.099	0.095	0.096	0.096	0.098	0.096	0.097	0.096	0.098	0.157	0.114	0.098	0.164	0.159	0.109	0.111	0.116	0.137	0.098	0.096	0.165	0.165	0.129	0.157	0.175	0.155	0.098	0.116	0.102	0.140	0.098	0.095	0.161	0.107	0.111	0.184	0.152	0.163	0.102	0.109	0.104	0.120	0.098	0.098	0.156	0.112	0.158	0.154	0.153	0.156	0.102	0.097	0.101	0.169	0.096	0.097	0.173	0.106	0.156	0.158	0.152	0.162	0.107	0.107	0.099	0.177	0.097	0.098	0.175	0.113	0.163	0.166	0.198	0.168	0.110	0.110	0.129	0.173	0.096	0.098	0.096	0.099	0.097	0.095	0.095	0.097	0.098	0.098	0.098	0.096	0.097
18:00:11	19.7	0.095	0.095	0.098	0.098	0.098	0.098	0.095	0.096	0.096	0.097	0.096	0.097	0.096	0.098	0.173	0.115	0.098	0.177	0.172	0.111	0.112	0.121	0.141	0.098	0.096	0.177	0.187	0.131	0.170	0.201	0.169	0.098	0.121	0.101	0.145	0.098	0.095	0.176	0.110	0.115	0.207	0.163	0.182	0.102	0.111	0.105	0.123	0.098	0.098	0.166	0.114	0.177	0.168	0.165	0.168	0.103	0.097	0.101	0.179	0.095	0.096	0.187	0.108	0.167	0.168	0.163	0.173	0.109	0.109	0.099	0.205	0.097	0.098	0.185	0.114	0.173	0.178	0.215	0.177	0.113	0.111	0.136	0.184	0.096	0.098	0.096	0.098	0.096	0.095	0.095	0.097	0.098	0.098	0.097	0.096	0.096
19:00:12	19.7	0.095	0.096	0.098	0.098	0.098	0.098	0.094	0.096	0.096	0.098	0.096	0.097	0.096	0.098	0.187	0.117	0.098	0.191	0.184	0.114	0.114	0.128	0.143	0.098	0.096	0.187	0.206	0.133	0.178	0.209	0.182	0.098	0.128	0.101	0.147	0.098	0.095	0.187	0.112	0.118	0.220	0.178	0.199	0.103	0.113	0.106	0.127	0.098	0.098	0.178	0.115	0.190	0.183	0.178	0.181	0.105	0.097	0.102	0.192	0.096	0.097	0.196	0.111	0.179	0.180	0.176	0.188	0.111	0.112	0.099	0.219	0.097	0.098	0.194	0.116	0.184	0.190	0.224	0.188	0.118	0.113	0.140	0.195	0.096	0.098	0.096	0.098	0.097	0.095	0.095	0.097	0.098	0.098	0.098	0.096	0.096
20:00:13	19.7	0.095	0.095	0.098	0.099	0.099	0.099	0.095	0.096	0.096	0.098	0.096	0.097	0.096	0.098	0.201	0.118	0.098	0.207	0.199	0.114	0.115	0.132	0.146	0.098	0.096	0.201	0.220	0.136	0.189	0.222	0.197	0.098	0.135	0.102	0.149	0.098	0.095	0.202	0.113	0.119	0.228	0.191	0.213	0.105	0.117	0.109	0.131	0.098	0.098	0.193	0.116	0.204	0.198	0.193	0.196	0.107	0.097	0.103	0.208	0.096	0.097	0.215	0.113	0.193	0.195	0.188	0.202	0.115	0.116	0.100	0.238	0.097	0.098	0.207	0.119	0.197	0.203	0.238	0.205	0.124	0.115	0.144	0.209	0.096	0.098	0.096	0.099	0.096	0.096	0.095	0.097	0.098	0.098	0.098	0.096	0.097
21:00:14	19.7	0.096	0.095	0.098	0.098	0.098	0.099	0.095	0.096	0.096	0.098	0.096	0.097	0.096	0.098	0.216	0.121	0.098	0.222	0.213	0.114	0.114	0.135	0.150	0.098	0.096	0.216	0.238	0.139	0.201	0.240	0.212	0.098	0.140	0.102	0.152	0.098	0.095	0.219	0.115	0.121	0.244	0.205	0.228	0.106	0.119	0.113	0.135	0.098	0.098	0.208	0.117	0.219	0.213	0.207	0.210	0.110	0.097	0.103	0.227	0.096	0.097	0.235	0.116	0.208	0.209	0.202	0.218	0.119	0.119	0.100	0.259	0.097	0.098	0.225	0.120	0.211	0.218	0.256	0.219	0.131	0.116	0.147	0.223	0.096	0.098	0.096	0.099	0.097	0.095	0.095	0.097	0.098	0.098	0.098	0.096	0.097
22:00:15	19.7	0.095	0.095	0.098	0.098	0.098	0.098	0.094	0.096	0.096	0.097	0.096	0.097	0.096	0.098	0.232	0.124	0.097	0.238	0.227	0.116	0.116	0.136	0.155	0.097	0.096	0.232	0.256	0.142	0.218	0.258	0.225	0.098	0.142	0.101	0.156	0.098	0.095	0.237	0.116	0.123	0.261	0.219	0.244	0.108	0.120	0.116	0.139	0.098	0.097	0.223	0.119	0.234	0.227	0.221	0.224	0.113	0.097	0.103	0.248	0.096	0.097	0.256	0.117	0.223	0.226	0.215	0.234	0.122	0.124	0.099	0.279	0.097	0.098	0.243	0.121	0.227	0.231	0.277	0.235	0.134	0.118	0.151	0.240	0.096	0.098	0.096	0.099	0.097	0.095	0.095	0.097	0.098	0.098	0.097	0.096	0.096
23:00:16	19.8	0.095	0.095	0.098	0.099	0.098	0.098	0.095	0.096	0.096	0.097	0.096	0.097	0.096	0.098	0.249	0.128	0.098	0.255	0.241	0.118	0.117	0.137	0.162	0.098	0.096	0.252	0.276	0.146	0.233	0.275	0.240	0.098	0.145	0.101	0.161	0.098	0.095	0.259	0.118	0.126	0.282	0.233	0.260	0.111	0.120	0.118	0.146	0.098	0.098	0.240	0.123	0.249	0.244	0.235	0.237	0.117	0.097	0.101	0.271	0.096	0.097	0.277	0.119	0.238	0.245	0.228	0.250	0.123	0.125	0.099	0.299	0.097	0.098	0.264	0.125	0.244	0.248	0.298	0.253	0.136	0.120	0.156	0.257	0.096	0.098	0.096	0.099	0.097	0.096	0.095	0.098	0.098	0.098	0.097	0.096	0.096
24:00:17	20.0	0.095	0.095	0.098	0.099	0.098	0.098	0.095	0.096	0.096	0.098	0.096	0.097	0.096	0.098	0.266	0.133	0.098	0.272	0.256	0.117	0.119	0.138	0.174	0.098	0.096	0.271	0.299	0.152	0.250	0.295	0.255	0.098	0.146	0.101	0.169	0.098	0.095	0.280	0.120	0.130	0.304	0.246	0.277	0.112	0.121	0.121	0.154	0.098	0.098	0.255	0.127	0.267	0.263	0.249	0.252	0.120	0.097	0.102	0.293	0.096	0.097	0.299	0.120	0.253	0.264	0.241	0.268	0.125	0.125	0.100	0.320	0.097	0.098	0.285	0.129	0.261	0.266	0.318	0.271	0.138	0.124	0.163	0.276	0.096	0.098	0.096	0.099	0.097	0.095	0.095	0.097	0.099	0.098	0.097	0.096	0.097
25:00:19	20.2	0.095	0.095	0.098	0.098	0.098	0.098	0.094	0.096	0.096	0.097	0.095	0.097	0.096	0.098	0.285	0.139	0.098	0.290	0.271	0.119	0.121	0.141	0.186	0.097	0.096	0.291	0.324	0.159	0.270	0.315	0.269	0.098	0.147	0.101	0.179	0.098	0.095	0.302	0.122	0.135	0.325	0.260	0.295	0.114	0.121	0.123	0.164	0.098	0.097	0.270	0.132	0.282	0.281	0.263	0.268	0.122	0.097	0.103	0.316	0.095	0.097	0.318	0.122	0.268	0.284	0.255	0.285	0.125	0.126	0.099	0.341	0.097	0.098	0.303	0.133	0.281	0.283	0.339	0.291	0.141	0.127	0.171	0.294	0.096	0.098	0.096	0.098	0.097	0.095	0.095	0.097	0.098	0.098	0.097	0.096	0.096
26:00:19	20.5	0.095	0.095	0.098	0.098	0.098	0.098	0.094	0.096	0.096	0.097	0.096	0.097	0.096	0.098	0.303	0.147	0.097	0.309	0.287	0.122	0.124	0.143	0.198	0.098	0.096	0.311	0.350	0.167	0.287	0.334	0.284	0.098	0.148	0.101	0.191	0.098	0.094	0.323	0.126	0.141	0.346	0.274	0.313	0.116	0.121	0.125	0.175	0.098	0.097	0.288	0.139	0.299	0.300	0.278	0.284	0.124	0.097	0.103	0.338	0.096	0.097	0.341	0.124	0.283	0.305	0.269	0.302	0.125	0.127	0.100	0.360	0.097	0.098	0.326	0.140	0.299	0.300	0.358	0.312	0.141	0.130	0.181	0.311	0.096	0.098	0.096	0.098	0.097	0.095	0.095	0.097	0.098	0.098	0.097	0.096	0.097
27:00:19	20.8	0.095	0.095	0.098	0.098	0.098	0.098	0.095	0.096	0.096	0.097	0.096	0.097	0.096	0.098	0.322	0.156	0.097	0.328	0.303	0.126	0.127	0.147	0.210	0.097	0.096	0.332	0.373	0.177	0.306	0.354	0.300	0.098	0.151	0.101	0.204	0.098	0.095	0.345	0.131	0.149	0.368	0.289	0.330	0.118	0.122	0.128	0.189	0.098	0.098	0.307	0.147	0.317	0.320	0.292	0.299	0.125	0.097	0.105	0.359	0.096	0.097	0.361	0.127	0.297	0.326	0.283	0.320	0.125	0.129	0.100	0.380	0.097	0.098	0.349	0.148	0.319	0.319	0.379	0.331	0.144	0.135	0.194	0.330	0.096	0.098	0.096	0.098	0.096	0.095	0.095	0.097	0.098	0.098	0.097	0.096	0.096
28:00:20	21.1	0.095	0.095	0.098	0.098	0.098	0.098	0.095	0.096	0.096	0.097	0.096	0.097	0.096	0.098	0.343	0.165	0.098	0.348	0.320	0.128	0.131	0.153	0.224	0.098	0.096	0.355	0.396	0.188	0.329	0.373	0.316	0.098	0.154	0.101	0.219	0.098	0.095	0.368	0.137	0.157	0.393	0.303	0.350	0.119	0.124	0.132	0.203	0.098	0.097	0.323	0.158	0.335	0.339	0.308	0.315	0.127	0.097	0.107	0.380	0.095	0.096	0.382	0.130	0.311	0.345	0.298	0.335	0.128	0.132	0.101	0.400	0.097	0.098	0.369	0.157	0.339	0.338	0.399	0.352	0.148	0.140	0.208	0.348	0.096	0.098	0.096	0.098	0.096	0.095	0.095	0.097	0.098	0.098	0.097	0.095	0.096
29:00:21	21.2	0.095	0.095	0.098	0.098	0.099	0.098	0.095	0.096	0.096	0.097	0.096	0.097	0.096	0.098	0.365	0.176	0.098	0.371	0.339	0.134	0.137	0.162	0.238	0.098	0.096	0.377	0.418	0.200	0.350	0.394	0.332	0.098	0.160	0.101	0.236	0.098	0.095	0.389	0.145	0.168	0.417	0.320	0.367	0.121	0.128	0.138	0.220	0.098	0.098	0.340	0.169	0.353	0.360	0.324	0.331	0.129	0.097	0.109	0.402	0.096	0.097	0.400	0.133	0.329	0.369	0.313	0.354	0.130	0.136	0.101	0.421	0.097	0.098	0.391	0.165	0.360	0.358	0.420	0.372	0.153	0.146	0.223	0.368	0.096	0.098	0.096	0.099	0.097	0.096	0.095	0.098	0.098	0.098	0.097	0.096	0.097
30:00:22	21.1	0.095	0.095	0.098	0.099	0.098	0.099	0.095	0.096	0.096	0.098	0.096	0.097	0.097	0.098	0.388	0.187	0.098	0.392	0.355	0.139	0.145	0.172	0.254	0.098	0.096	0.399	0.440	0.213	0.371	0.414	0.350	0.098	0.169	0.101	0.255	0.098	0.095	0.409	0.153	0.179	0.441	0.336	0.389	0.125	0.133	0.145	0.236	0.098	0.098	0.358	0.182	0.373	0.378	0.340	0.348	0.130	0.097	0.111	0.425	0.096	0.097	0.423	0.139	0.344	0.388	0.327	0.371	0.134	0.142	0.102	0.443	0.097	0.098	0.413	0.173	0.381	0.378	0.445	0.391	0.161	0.153	0.239	0.388	0.096	0.098	0.096	0.099	0.097	0.096	0.095	0.097	0.099	0.098	0.097	0.096	0.097
31:00:23	20.9	0.095	0.095	0.098	0.098	0.098	0.098	0.095	0.096	0.096	0.097	0.096	0.097	0.096	0.097	0.409	0.198	0.098	0.414	0.375	0.146	0.155	0.183	0.269	0.098	0.096	0.422	0.463	0.226	0.391	0.435	0.367	0.098	0.178	0.101	0.273	0.098	0.095	0.431	0.162	0.191	0.465	0.352	0.406	0.128	0.139	0.152	0.253	0.098	0.097	0.378	0.194	0.391	0.398	0.356	0.362	0.131	0.097	0.112	0.446	0.096	0.097	0.443	0.145	0.361	0.408	0.341	0.391	0.139	0.148	0.103	0.465	0.097	0.098	0.436	0.183	0.404	0.401	0.464	0.410	0.171	0.158	0.256	0.410	0.096	0.098	0.096	0.098	0.097	0.095	0.095	0.097	0.098	0.098	0.097	0.096	0.097
32:00:23	20.7	0.095	0.095	0.098	0.098	0.098	0.098	0.095	0.095	0.096	0.097	0.096	0.097	0.096	0.098	0.431	0.208	0.097	0.436	0.393	0.154	0.164	0.194	0.284	0.098	0.096	0.445	0.486	0.240	0.414	0.456	0.386	0.097	0.188	0.101	0.293	0.098	0.095	0.453	0.172	0.203	0.489	0.370	0.426	0.132	0.146	0.161	0.270	0.098	0.098	0.400	0.207	0.411	0.418	0.372	0.379	0.134	0.097	0.114	0.468	0.096	0.097	0.463	0.150	0.379	0.429	0.357	0.412	0.146	0.155	0.104	0.484	0.097	0.098	0.456	0.193	0.426	0.422	0.487	0.431	0.181	0.166	0.273	0.430	0.096	0.098	0.096	0.098	0.097	0.095	0.095	0.097	0.098	0.098	0.097	0.096	0.097
33:00:24	20.4	0.095	0.095	0.098	0.099	0.098	0.098	0.095	0.096	0.096	0.097	0.095	0.097	0.096	0.098	0.452	0.219	0.098	0.456	0.412	0.162	0.173	0.206	0.301	0.098	0.096	0.465	0.510	0.255	0.435	0.477	0.405	0.098	0.198	0.101	0.313	0.098	0.095	0.473	0.182	0.217	0.511	0.387	0.447	0.137	0.155	0.171	0.286	0.098	0.098	0.418	0.219	0.430	0.438	0.390	0.398	0.136	0.097	0.118	0.489	0.095	0.097	0.481	0.157	0.397	0.448	0.373	0.431	0.153	0.165	0.105	0.506	0.097	0.098	0.477	0.203	0.447	0.446	0.506	0.453	0.192	0.173	0.290	0.448	0.096	0.098	0.096	0.098	0.097	0.096	0.095	0.097	0.099	0.098	0.097	0.096	0.097
34:00:26	20.2	0.095	0.095	0.098	0.099	0.098	0.098	0.095	0.096	0.096	0.098	0.096	0.097	0.096	0.098	0.475	0.230	0.098	0.478	0.432	0.170	0.184	0.219	0.316	0.098	0.096	0.484	0.531	0.268	0.454	0.501	0.425	0.098	0.208	0.101	0.329	0.098	0.095	0.494	0.193	0.230	0.534	0.407	0.469	0.143	0.163	0.181	0.304	0.098	0.098	0.438	0.231	0.450	0.458	0.408	0.414	0.141	0.097	0.117	0.510	0.096	0.097	0.500	0.164	0.416	0.468	0.389	0.451	0.161	0.175	0.106	0.526	0.097	0.098	0.497	0.212	0.467	0.467	0.528	0.476	0.204	0.182	0.305	0.470	0.096	0.098	0.096	0.099	0.097	0.096	0.095	0.097	0.098	0.098	0.097	0.096	0.096
35:00:27	20.1	0.095	0.095	0.098	0.098	0.099	0.098	0.094	0.096	0.096	0.097	0.096	0.097	0.096	0.098	0.495	0.240	0.098	0.498	0.450	0.178	0.194	0.230	0.331	0.098	0.096	0.504	0.552	0.284	0.475	0.522	0.443	0.098	0.218	0.101	0.345	0.098	0.095	0.513	0.203	0.243	0.555	0.423	0.489	0.149	0.172	0.191	0.321	0.098	0.098	0.456	0.244	0.469	0.475	0.425	0.432	0.146	0.097	0.120	0.533	0.096	0.097	0.519	0.172	0.437	0.487	0.404	0.470	0.168	0.185	0.107	0.546	0.097	0.098	0.518	0.222	0.487	0.489	0.546	0.500	0.217	0.192	0.320	0.487	0.096	0.098	0.096	0.099	0.097	0.096	0.095	0.097	0.098	0.098	0.097	0.096	0.097
36:00:28	19.9	0.095	0.095	0.098	0.099	0.098	0.098	0.095	0.096	0.096	0.097	0.096	0.097	0.096	0.098	0.516	0.248	0.098	0.517	0.467	0.187	0.203	0.243	0.344	0.098	0.096	0.526	0.576	0.297	0.496	0.544	0.462	0.098	0.230	0.101	0.357	0.098	0.095	0.533	0.212	0.257	0.576	0.441	0.509	0.156	0.181	0.203	0.337	0.098	0.098	0.476	0.255	0.489	0.495	0.442	0.450	0.151	0.097	0.123	0.553	0.096	0.097	0.537	0.181	0.455	0.507	0.420	0.490	0.177	0.196	0.108	0.564	0.097	0.098	0.537	0.230	0.506	0.510	0.564	0.522	0.228	0.201	0.337	0.508	0.096	0.098	0.096	0.099	0.097	0.096	0.096	0.098	0.098	0.098	0.098	0.096	0.097
37:00:29	19.8	0.095	0.095	0.098	0.098	0.099	0.098	0.095	0.096	0.096	0.097	0.096	0.097	0.096	0.098	0.537	0.255	0.098	0.536	0.486	0.196	0.212	0.255	0.357	0.098	0.096	0.547	0.596	0.308	0.518	0.567	0.482	0.098	0.241	0.101	0.369	0.099	0.095	0.549	0.221	0.269	0.595	0.460	0.532	0.163	0.192	0.213	0.353	0.098	0.097	0.498	0.265	0.509	0.515	0.461	0.470	0.157	0.097	0.125	0.572	0.095	0.097	0.556	0.189	0.475	0.525	0.438	0.512	0.186	0.208	0.109	0.582	0.097	0.098	0.556	0.239	0.525	0.531	0.582	0.545	0.241	0.208	0.349	0.529	0.096	0.098	0.096	0.099	0.097	0.096	0.095	0.097	0.098	0.098	0.098	0.096	0.097
38:00:30	19.8	0.095	0.095	0.098	0.099	0.099	0.098	0.095	0.096	0.096	0.097	0.096	0.097	0.096	0.098	0.558	0.263	0.098	0.557	0.505	0.205	0.222	0.265	0.363	0.098	0.096	0.564	0.617	0.315	0.538	0.588	0.501	0.098	0.253	0.101	0.377	0.098	0.095	0.568	0.228	0.280	0.614	0.477	0.552	0.172	0.202	0.223	0.368	0.098	0.098	0.517	0.275	0.528	0.534	0.478	0.490	0.164	0.098	0.128	0.593	0.096	0.097	0.573	0.197	0.494	0.543	0.452	0.533	0.195	0.219	0.109	0.601	0.097	0.098	0.575	0.245	0.544	0.551	0.600	0.569	0.254	0.217	0.363	0.549	0.096	0.098	0.096	0.099	0.097	0.096	0.095	0.098	0.098	0.098	0.098	0.096	0.097
39:00:31	19.7	0.095	0.095	0.098	0.098	0.098	0.098	0.095	0.096	0.096	0.097	0.096	0.097	0.096	0.098	0.578	0.268	0.098	0.576	0.522	0.213	0.230	0.275	0.371	0.098	0.096	0.583	0.636	0.321	0.559	0.609	0.519	0.097	0.264	0.101	0.385	0.098	0.095	0.584	0.234	0.289	0.633	0.493	0.572	0.180	0.211	0.233	0.381	0.098	0.098	0.536	0.282	0.548	0.553	0.494	0.506	0.170	0.098	0.131	0.611	0.095	0.097	0.590	0.204	0.512	0.561	0.466	0.552	0.203	0.231	0.110	0.616	0.096	0.098	0.593	0.252	0.561	0.570	0.617	0.593	0.265	0.224	0.374	0.568	0.096	0.098	0.096	0.099	0.097	0.095	0.095	0.097	0.099	0.098	0.098	0.096	0.097
40:00:31	19.7	0.095	0.095	0.098	0.098	0.098	0.098	0.095	0.095	0.096	0.097	0.096	0.097	0.096	0.097	0.596	0.272	0.097	0.594	0.539	0.220	0.237	0.283	0.378	0.098	0.096	0.602	0.655	0.324	0.578	0.628	0.535	0.097	0.275	0.101	0.391	0.098	0.095	0.601	0.240	0.297	0.651	0.510	0.591	0.188	0.219	0.243	0.394	0.098	0.097	0.553	0.290	0.567	0.569	0.510	0.523	0.176	0.098	0.133	0.630	0.095	0.097	0.608	0.212	0.529	0.579	0.481	0.572	0.211	0.242	0.110	0.634	0.097	0.098	0.611	0.258	0.576	0.589	0.633	0.615	0.275	0.231	0.382	0.588	0.096	0.098	0.096	0.098	0.097	0.096	0.095	0.097	0.098	0.098	0.097	0.096	0.096
41:00:32	19.7	0.095	0.095	0.098	0.098	0.099	0.098	0.095	0.095	0.096	0.097	0.095	0.097	0.096	0.098	0.618	0.276	0.098	0.611	0.558	0.226	0.242	0.289	0.383	0.098	0.096	0.619	0.675	0.326	0.597	0.650	0.552	0.097	0.284	0.101	0.397	0.098	0.095	0.618	0.245	0.305	0.668	0.527	0.611	0.196	0.227	0.253	0.404	0.098	0.097	0.573	0.296	0.585	0.588	0.527	0.540	0.183	0.098	0.137	0.647	0.096	0.097	0.624	0.217	0.547	0.595	0.497	0.591	0.218	0.253	0.110	0.650	0.097	0.098	0.628	0.261	0.593	0.607	0.652	0.638	0.285	0.237	0.388	0.608	0.096	0.098	0.096	0.099	0.097	0.095	0.095	0.097	0.098	0.098	0.097	0.096	0.096
42:00:32	19.7	0.095	0.095	0.098	0.098	0.098	0.098	0.095	0.095	0.096	0.098	0.096	0.097	0.096	0.097	0.634	0.279	0.098	0.628	0.576	0.231	0.247	0.295	0.390	0.098	0.096	0.635	0.694	0.332	0.613	0.669	0.571	0.097	0.293	0.101	0.401	0.098	0.095	0.634	0.249	0.311	0.685	0.546	0.630	0.205	0.235	0.263	0.412	0.098	0.097	0.593	0.301	0.604	0.605	0.544	0.558	0.190	0.098	0.140	0.664	0.095	0.097	0.641	0.222	0.566	0.611	0.513	0.612	0.225	0.264	0.110	0.665	0.097	0.098	0.644	0.264	0.609	0.626	0.669	0.660	0.293	0.242	0.389	0.627	0.096	0.098	0.096	0.098	0.097	0.095	0.095	0.097	0.098	0.098	0.097	0.096	0.097
43:00:34	19.7	0.095	0.095	0.098	0.098	0.098	0.098	0.095	0.095	0.096	0.097	0.096	0.097	0.096	0.098	0.652	0.282	0.098	0.645	0.595	0.235	0.252	0.299	0.393	0.098	0.096	0.651	0.711	0.334	0.633	0.689	0.588	0.098	0.301	0.101	0.406	0.098	0.095	0.649	0.252	0.316	0.703	0.563	0.650	0.212	0.242	0.271	0.421	0.098	0.098	0.612	0.305	0.622	0.621	0.562	0.576	0.197	0.099	0.144	0.680	0.095	0.097	0.657	0.227	0.585	0.626	0.531	0.632	0.231	0.274	0.110	0.680	0.097	0.098	0.661	0.268	0.625	0.642	0.684	0.684	0.299	0.247	0.392	0.645	0.096	0.098	0.097	0.099	0.097	0.095	0.095	0.097	0.098	0.098	0.097	0.096	0.097
44:00:35	19.6	0.095	0.095	0.098	0.099	0.098	0.098	0.095	0.096	0.096	0.097	0.096	0.097	0.097	0.097	0.668	0.284	0.098	0.661	0.612	0.240	0.255	0.302	0.396	0.098	0.096	0.670	0.729	0.336	0.649	0.708	0.608	0.098	0.308	0.101	0.409	0.098	0.095	0.663	0.255	0.320	0.720	0.582	0.668	0.220	0.248	0.277	0.426	0.098	0.098	0.630	0.308	0.639	0.639	0.581	0.595	0.204	0.099	0.149	0.695	0.096	0.097	0.671	0.230	0.602	0.642	0.549	0.652	0.236	0.281	0.111	0.696	0.097	0.098	0.677	0.270	0.639	0.660	0.699	0.705	0.304	0.250	0.396	0.663	0.096	0.098	0.097	0.099	0.097	0.096	0.095	0.097	0.098	0.098	0.097	0.096	0.096
45:00:36	19.6	0.095	0.095	0.098	0.099	0.098	0.098	0.095	0.096	0.096	0.097	0.096	0.097	0.096	0.098	0.687	0.287	0.098	0.678	0.631	0.242	0.258	0.307	0.398	0.098	0.096	0.685	0.747	0.340	0.664	0.725	0.624	0.098	0.313	0.101	0.416	0.098	0.095	0.678	0.260	0.324	0.737	0.599	0.687	0.227	0.253	0.285	0.429	0.098	0.098	0.648	0.315	0.655	0.655	0.598	0.613	0.211	0.100	0.154	0.712	0.096	0.097	0.686	0.233	0.620	0.657	0.566	0.671	0.242	0.289	0.112	0.711	0.097	0.098	0.692	0.273	0.657	0.676	0.716	0.728	0.307	0.256	0.397	0.680	0.096	0.098	0.097	0.099	0.097	0.096	0.095	0.097	0.099	0.098	0.098	0.096	0.097
46:00:37	19.6	0.095	0.095	0.098	0.099	0.098	0.098	0.095	0.096	0.096	0.097	0.096	0.097	0.096	0.098	0.702	0.287	0.098	0.692	0.647	0.246	0.261	0.310	0.399	0.098	0.096	0.702	0.764	0.342	0.681	0.743	0.641	0.097	0.317	0.101	0.417	0.098	0.095	0.694	0.263	0.326	0.752	0.615	0.704	0.233	0.258	0.289	0.430	0.098	0.098	0.665	0.319	0.671	0.669	0.614	0.628	0.218	0.101	0.157	0.725	0.096	0.097	0.701	0.235	0.636	0.672	0.580	0.689	0.245	0.295	0.111	0.725	0.097	0.098	0.706	0.273	0.672	0.693	0.733	0.749	0.311	0.258	0.398	0.697	0.096	0.098	0.097	0.099	0.097	0.096	0.095	0.097	0.098	0.098	0.098	0.096	0.097
47:00:38	19.7	0.095	0.095	0.098	0.098	0.098	0.098	0.095	0.096	0.096	0.097	0.096	0.097	0.096	0.098	0.716	0.288	0.098	0.707	0.664	0.247	0.263	0.313	0.399	0.098	0.096	0.717	0.781	0.343	0.697	0.761	0.658	0.097	0.321	0.101	0.423	0.098	0.095	0.707	0.267	0.329	0.769	0.633	0.722	0.239	0.260	0.294	0.434	0.098	0.098	0.685	0.322	0.686	0.685	0.633	0.647	0.225	0.103	0.162	0.739	0.096	0.097	0.714	0.238	0.655	0.687	0.599	0.709	0.248	0.300	0.111	0.741	0.097	0.098	0.718	0.274	0.687	0.709	0.746	0.771	0.312	0.260	0.398	0.713	0.096	0.098	0.097	0.099	0.097	0.096	0.095	0.097	0.099	0.098	0.098	0.096	0.097
48:00:40	19.8	0.095	0.095	0.098	0.099	0.098	0.098	0.095	0.096	0.096	0.097	0.096	0.097	0.096	0.098	0.731	0.290	0.098	0.721	0.681	0.249	0.266	0.315	0.401	0.098	0.096	0.733	0.797	0.345	0.709	0.776	0.673	0.097	0.325	0.101	0.427	0.098	0.095	0.721	0.270	0.331	0.782	0.648	0.738	0.243	0.263	0.298	0.438	0.098	0.098	0.701	0.326	0.702	0.699	0.649	0.664	0.231	0.104	0.166	0.752	0.096	0.097	0.728	0.239	0.672	0.700	0.617	0.729	0.251	0.304	0.112	0.752	0.097	0.098	0.732	0.276	0.701	0.724	0.759	0.792	0.310	0.263	0.399	0.730	0.096	0.098	0.097	0.099	0.097	0.096	0.095	0.097	0.098	0.098	0.097	0.096	0.097
49:00:43	19.9	0.095	0.095	0.098	0.098	0.098	0.098	0.095	0.096	0.096	0.097	0.096	0.097	0.096	0.098	0.745	0.291	0.098	0.735	0.697	0.251	0.267	0.316	0.402	0.098	0.096	0.746	0.811	0.347	0.722	0.792	0.688	0.097	0.329	0.100	0.433	0.098	0.095	0.735	0.273	0.333	0.797	0.664	0.754	0.247	0.266	0.301	0.444	0.098	0.097	0.717	0.328	0.716	0.713	0.666	0.679	0.236	0.107	0.169	0.765	0.095	0.097	0.741	0.240	0.687	0.715	0.631	0.747	0.255	0.307	0.112	0.766	0.097	0.098	0.743	0.277	0.715	0.738	0.774	0.813	0.311	0.265	0.397	0.744	0.096	0.098	0.097	0.099	0.097	0.096	0.095	0.097	0.099	0.098	0.098	0.096	0.096
50:00:41	20.0	0.095	0.095	0.098	0.098	0.098	0.098	0.095	0.095	0.096	0.097	0.096	0.097	0.096	0.097	0.760	0.292	0.097	0.746	0.711	0.252	0.268	0.317	0.404	0.098	0.096	0.761	0.826	0.350	0.737	0.808	0.703	0.097	0.331	0.100	0.436	0.098	0.095	0.746	0.277	0.336	0.812	0.680	0.769	0.250	0.267	0.305	0.449	0.098	0.098	0.734	0.330	0.730	0.727	0.682	0.697	0.241	0.109	0.173	0.779	0.095	0.097	0.753	0.243	0.705	0.728	0.649	0.767	0.260	0.311	0.113	0.780	0.097	0.098	0.756	0.279	0.728	0.752	0.787	0.832	0.314	0.268	0.395	0.760	0.096	0.098	0.097	0.099	0.097	0.095	0.095	0.098	0.098	0.098	0.097	0.096	0.097
51:00:41	20.2	0.095	0.095	0.098	0.098	0.098	0.098	0.096	0.096	0.096	0.097	0.096	0.097	0.096	0.098	0.773	0.294	0.098	0.760	0.726	0.255	0.271	0.319	0.404	0.098	0.096	0.775	0.841	0.353	0.750	0.822	0.719	0.097	0.334	0.101	0.441	0.098	0.095	0.760	0.279	0.338	0.825	0.696	0.785	0.252	0.269	0.311	0.448	0.098	0.097	0.749	0.332	0.743	0.740	0.699	0.713	0.246	0.114	0.177	0.791	0.095	0.097	0.764	0.244	0.721	0.743	0.667	0.787	0.264	0.314	0.112	0.791	0.097	0.098	0.770	0.281	0.741	0.768	0.801	0.852	0.319	0.270	0.395	0.773	0.096	0.098	0.097	0.099	0.097	0.095	0.095	0.097	0.099	0.098	0.097	0.096	0.097
52:00:43	20.3	0.095	0.095	0.098	0.099	0.098	0.098	0.096	0.096	0.096	0.098	0.096	0.097	0.096	0.098	0.786	0.294	0.098	0.772	0.742	0.257	0.274	0.321	0.405	0.098	0.096	0.789	0.853	0.355	0.762	0.838	0.733	0.098	0.337	0.101	0.444	0.098	0.095	0.773	0.283	0.340	0.839	0.710	0.800	0.254	0.270	0.314	0.452	0.098	0.098	0.764	0.335	0.758	0.754	0.715	0.728	0.252	0.119	0.179	0.804	0.096	0.097	0.777	0.246	0.736	0.754	0.683	0.805	0.267	0.317	0.113	0.805	0.097	0.098	0.782	0.281	0.755	0.782	0.815	0.871	0.323	0.272	0.396	0.787	0.096	0.098	0.097	0.099	0.097	0.096	0.095	0.098	0.099	0.098	0.098	0.096	0.097
53:00:43	20.4	0.095	0.095	0.098	0.098	0.098	0.098	0.096	0.096	0.096	0.097	0.096	0.097	0.096	0.098	0.798	0.296	0.098	0.785	0.756	0.259	0.276	0.322	0.405	0.098	0.096	0.803	0.867	0.356	0.775	0.852	0.747	0.097	0.338	0.100	0.448	0.098	0.095	0.783	0.286	0.342	0.851	0.725	0.813	0.254	0.273	0.318	0.452	0.098	0.098	0.779	0.335	0.770	0.765	0.730	0.741	0.256	0.125	0.182	0.817	0.095	0.097	0.788	0.246	0.751	0.767	0.698	0.822	0.267	0.319	0.113	0.817	0.097	0.098	0.794	0.284	0.767	0.794	0.827	0.888	0.324	0.274	0.396	0.802	0.096	0.098	0.097	0.099	0.097	0.095	0.095	0.097	0.099	0.098	0.097	0.096	0.097
54:00:45	20.3	0.095	0.095	0.098	0.099	0.098	0.098	0.096	0.096	0.096	0.097	0.096	0.097	0.097	0.098	0.811	0.298	0.098	0.796	0.771	0.260	0.279	0.323	0.405	0.098	0.096	0.816	0.878	0.357	0.787	0.866	0.760	0.098	0.341	0.101	0.451	0.098	0.095	0.795	0.289	0.343	0.865	0.740	0.828	0.255	0.274	0.322	0.450	0.098	0.098	0.795	0.337	0.783	0.779	0.744	0.756	0.259	0.134	0.186	0.829	0.096	0.097	0.801	0.248	0.767	0.779	0.713	0.841	0.269	0.321	0.113	0.829	0.097	0.098	0.808	0.285	0.781	0.809	0.840	0.905	0.326	0.275	0.396	0.815	0.096	0.098	0.097	0.099	0.097	0.096	0.095	0.098	0.099	0.098	0.098	0.096	0.097
55:00:45	20.3	0.096	0.095	0.098	0.098	0.098	0.098	0.095	0.095	0.096	0.097	0.096	0.097	0.096	0.098	0.824	0.300	0.098	0.809	0.784	0.261	0.279	0.322	0.405	0.098	0.096	0.828	0.890	0.358	0.800	0.880	0.774	0.097	0.343	0.100	0.454	0.098	0.095	0.806	0.291	0.344	0.877	0.754	0.840	0.254	0.276	0.324	0.449	0.098	0.098	0.809	0.338	0.796	0.790	0.758	0.770	0.261	0.142	0.189	0.841	0.095	0.097	0.808	0.249	0.782	0.790	0.728	0.859	0.270	0.322	0.113	0.841	0.096	0.098	0.821	0.287	0.793	0.820	0.853	0.922	0.327	0.277	0.396	0.829	0.096	0.098	0.097	0.098	0.096	0.095	0.095	0.097	0.098	0.098	0.098	0.096	0.096
56:00:46	20.2	0.096	0.095	0.098	0.098	0.098	0.098	0.095	0.095	0.096	0.097	0.096	0.096	0.096	0.098	0.836	0.301	0.097	0.820	0.798	0.262	0.280	0.322	0.407	0.097	0.095	0.838	0.903	0.359	0.812	0.894	0.789	0.097	0.345	0.100	0.456	0.098	0.095	0.818	0.294	0.345	0.888	0.772	0.857	0.254	0.277	0.325	0.447	0.098	0.098	0.824	0.340	0.808	0.803	0.775	0.787	0.266	0.151	0.192	0.853	0.095	0.097	0.819	0.251	0.799	0.802	0.749	0.879	0.274	0.323	0.113	0.855	0.096	0.098	0.832	0.289	0.806	0.833	0.867	0.945	0.330	0.280	0.397	0.841	0.096	0.098	0.096	0.099	0.096	0.095	0.095	0.097	0.098	0.098	0.097	0.096	0.096
57:00:47	20.0	0.097	0.095	0.098	0.098	0.098	0.098	0.096	0.095	0.096	0.097	0.096	0.097	0.096	0.098	0.845	0.304	0.098	0.833	0.813	0.264	0.282	0.323	0.408	0.098	0.096	0.848	0.912	0.361	0.823	0.906	0.802	0.097	0.347	0.101	0.457	0.098	0.095	0.829	0.298	0.346	0.900	0.785	0.869	0.254	0.278	0.326	0.448	0.098	0.097	0.837	0.342	0.820	0.815	0.791	0.801	0.269	0.160	0.195	0.864	0.096	0.097	0.829	0.254	0.815	0.815	0.767	0.898	0.277	0.324	0.114	0.866	0.097	0.098	0.844	0.291	0.818	0.846	0.879	0.963	0.333	0.283	0.399	0.855	0.096	0.098	0.097	0.098	0.097	0.095	0.095	0.098	0.098	0.098	0.098	0.096	0.097
58:00:48	19.9	0.097	0.095	0.098	0.099	0.099	0.098	0.096	0.095	0.096	0.097	0.096	0.097	0.096	0.098	0.855	0.306	0.098	0.841	0.825	0.266	0.283	0.324	0.412	0.098	0.096	0.860	0.923	0.362	0.835	0.917	0.816	0.097	0.349	0.100	0.460	0.098	0.095	0.840	0.302	0.347	0.913	0.800	0.881	0.254	0.278	0.326	0.447	0.098	0.098	0.850	0.344	0.833	0.826	0.806	0.817	0.270	0.169	0.198	0.876	0.095	0.097	0.841	0.256	0.830	0.824	0.786	0.911	0.280	0.325	0.115	0.877	0.097	0.098	0.853	0.293	0.831	0.857	0.891	0.981	0.336	0.286	0.400	0.868	0.096	0.098	0.097	0.099	0.097	0.096	0.095	0.098	0.098	0.098	0.098	0.096	0.097
59:00:50	19.8	0.097	0.095	0.098	0.098	0.098	0.098	0.096	0.095	0.096	0.097	0.096	0.097	0.096	0.098	0.866	0.308	0.098	0.852	0.838	0.268	0.286	0.326	0.414	0.098	0.096	0.870	0.934	0.364	0.846	0.931	0.828	0.097	0.352	0.101	0.462	0.098	0.095	0.852	0.305	0.347	0.922	0.814	0.894	0.254	0.279	0.326	0.447	0.098	0.098	0.865	0.346	0.842	0.837	0.819	0.830	0.271	0.178	0.201	0.886	0.095	0.097	0.849	0.259	0.846	0.837	0.803	0.929	0.283	0.326	0.114	0.886	0.097	0.098	0.863	0.295	0.843	0.868	0.902	1.004	0.339	0.290	0.401	0.880	0.096	0.098	0.097	0.099	0.097	0.096	0.095	0.098	0.099	0.098	0.098	0.096	0.097
60:00:50	19.8	0.096	0.095	0.098	0.099	0.099	0.098	0.096	0.096	0.096	0.097	0.096	0.097	0.096	0.098	0.873	0.312	0.098	0.861	0.851	0.271	0.289	0.327	0.418	0.098	0.096	0.879	0.949	0.366	0.856	0.941	0.839	0.098	0.354	0.101	0.465	0.098	0.095	0.862	0.310	0.349	0.932	0.827	0.906	0.255	0.281	0.327	0.448	0.098	0.098	0.876	0.349	0.852	0.848	0.834	0.844	0.273	0.188	0.205	0.897	0.095	0.097	0.859	0.263	0.861	0.847	0.820	0.944	0.287	0.327	0.115	0.897	0.097	0.098	0.875	0.299	0.854	0.883	0.912	1.026	0.343	0.294	0.403	0.893	0.096	0.098	0.097	0.098	0.097	0.096	0.095	0.098	0.099	0.098	0.098	0.096	0.097
61:00:51	19.8	0.096	0.095	0.098	0.098	0.098	0.098	0.096	0.095	0.096	0.097	0.096	0.097	0.096	0.098	0.881	0.314	0.098	0.869	0.859	0.272	0.291	0.329	0.421	0.097	0.096	0.887	0.958	0.369	0.865	0.948	0.849	0.097	0.356	0.100	0.467	0.098	0.095	0.871	0.314	0.351	0.942	0.838	0.915	0.256	0.282	0.327	0.448	0.098	0.097	0.888	0.352	0.862	0.857	0.846	0.855	0.274	0.198	0.208	0.907	0.095	0.097	0.867	0.265	0.873	0.856	0.834	0.957	0.289	0.327	0.115	0.905	0.096	0.098	0.883	0.301	0.863	0.893	0.923	1.052	0.346	0.298	0.405	0.905	0.096	0.098	0.096	0.098	0.097	0.096	0.095	0.097	0.098	0.098	0.097	0.096	0.096
62:00:51	19.8	0.097	0.095	0.098	0.098	0.098	0.098	0.096	0.095	0.096	0.097	0.096	0.097	0.096	0.099	0.890	0.318	0.098	0.879	0.872	0.276	0.294	0.331	0.426	0.098	0.096	0.896	0.976	0.373	0.875	0.959	0.863	0.097	0.359	0.100	0.471	0.098	0.095	0.883	0.318	0.352	0.951	0.853	0.926	0.259	0.284	0.327	0.449	0.098	0.098	0.904	0.355	0.874	0.869	0.860	0.870	0.278	0.208	0.212	0.918	0.095	0.097	0.875	0.268	0.889	0.866	0.851	0.976	0.294	0.329	0.115	0.916	0.096	0.098	0.892	0.304	0.871	0.900	0.924	1.034	0.350	0.302	0.408	0.916	0.096	0.098	0.097	0.098	0.097	0.096	0.095	0.097	0.099	0.098	0.097	0.096	0.096
63:00:53	19.8	0.096	0.095	0.098	0.099	0.098	0.098	0.096	0.095	0.096	0.097	0.096	0.097	0.097	0.099	0.897	0.322	0.098	0.887	0.882	0.279	0.298	0.333	0.431	0.098	0.096	0.908	0.986	0.376	0.883	0.970	0.875	0.098	0.362	0.100	0.474	0.098	0.095	0.891	0.323	0.354	0.960	0.863	0.938	0.260	0.288	0.329	0.450	0.098	0.098	0.913	0.358	0.882	0.879	0.871	0.883	0.280	0.220	0.217	0.927	0.095	0.097	0.885	0.272	0.905	0.879	0.868	0.987	0.298	0.330	0.116	0.926	0.097	0.098	0.904	0.308	0.885	0.916	0.940	1.034	0.355	0.306	0.411	0.928	0.096	0.098	0.097	0.098	0.097	0.096	0.095	0.098	0.098	0.098	0.098	0.096	0.097
64:00:54	19.7	0.097	0.095	0.098	0.098	0.099	0.098	0.096	0.096	0.096	0.097	0.096	0.097	0.096	0.100	0.903	0.327	0.098	0.895	0.892	0.282	0.301	0.336	0.436	0.098	0.096	0.915	0.995	0.380	0.890	0.976	0.883	0.098	0.363	0.100	0.477	0.098	0.095	0.903	0.327	0.355	0.968	0.872	0.946	0.261	0.290	0.329	0.450	0.098	0.098	0.925	0.362	0.891	0.887	0.882	0.893	0.283	0.231	0.221	0.936	0.096	0.097	0.892	0.275	0.916	0.889	0.879	0.996	0.302	0.333	0.116	0.935	0.097	0.098	0.917	0.310	0.896	0.924	0.950	1.035	0.359	0.311	0.415	0.936	0.096	0.098	0.097	0.098	0.097	0.096	0.095	0.098	0.099	0.098	0.097	0.096	0.097
65:00:54	19.7	0.098	0.095	0.098	0.098	0.098	0.098	0.096	0.096	0.096	0.097	0.096	0.097	0.096	0.100	0.912	0.331	0.098	0.905	0.902	0.284	0.304	0.339	0.442	0.097	0.096	0.923	1.003	0.384	0.898	0.981	0.895	0.097	0.366	0.100	0.480	0.098	0.095	0.911	0.331	0.357	0.973	0.881	0.956	0.263	0.293	0.330	0.451	0.098	0.097	0.938	0.366	0.899	0.898	0.894	0.906	0.285	0.241	0.224	0.944	0.095	0.097	0.901	0.278	0.927	0.900	0.894	1.003	0.305	0.334	0.117	0.945	0.097	0.098	0.925	0.312	0.904	0.935	0.958	1.042	0.363	0.316	0.419	0.946	0.096	0.098	0.097	0.098	0.097	0.096	0.095	0.097	0.098	0.098	0.097	0.096	0.096
66:00:55	19.7	0.098	0.095	0.097	0.098	0.098	0.098	0.096	0.095	0.096	0.097	0.096	0.097	0.096	0.100	0.918	0.335	0.098	0.914	0.911	0.286	0.308	0.342	0.447	0.097	0.095	0.930	1.012	0.388	0.906	0.990	0.901	0.097	0.368	0.100	0.483	0.098	0.095	0.918	0.337	0.360	0.982	0.890	0.963	0.264	0.296	0.330	0.452	0.098	0.097	0.946	0.370	0.909	0.907	0.902	0.916	0.289	0.251	0.228	0.952	0.095	0.097	0.908	0.281	0.938	0.909	0.909	1.008	0.309	0.337	0.116	0.953	0.097	0.098	0.932	0.314	0.915	0.943	0.968	1.060	0.367	0.321	0.423	0.956	0.096	0.098	0.096	0.099	0.097	0.095	0.095	0.097	0.098	0.098	0.098	0.096	0.097
67:00:56	19.7	0.098	0.095	0.098	0.099	0.099	0.098	0.096	0.096	0.096	0.097	0.096	0.097	0.096	0.100	0.926	0.342	0.098	0.921	0.919	0.290	0.312	0.345	0.455	0.098	0.096	0.939	1.021	0.393	0.912	0.997	0.910	0.098	0.371	0.101	0.487	0.098	0.095	0.928	0.342	0.362	0.987	0.900	0.968	0.266	0.300	0.332	0.454	0.098	0.098	0.955	0.376	0.918	0.917	0.913	0.926	0.291	0.261	0.233	0.961	0.096	0.098	0.918	0.285	0.946	0.917	0.920	1.012	0.313	0.340	0.116	0.962	0.097	0.098	0.942	0.319	0.923	0.951	0.973	1.058	0.372	0.327	0.428	0.965	0.096	0.099	0.097	0.098	0.097	0.096	0.096	0.098	0.099	0.098	0.098	0.096	0.097
68:00:57	19.7	0.098	0.095	0.098	0.099	0.098	0.098	0.096	0.095	0.096	0.097	0.096	0.097	0.096	0.100	0.931	0.346	0.098	0.930	0.925	0.292	0.316	0.348	0.461	0.098	0.096	0.945	1.031	0.397	0.917	1.003	0.917	0.097	0.373	0.100	0.489	0.098	0.095	0.936	0.346	0.365	0.992	0.910	0.973	0.267	0.303	0.333	0.455	0.098	0.098	0.964	0.380	0.926	0.925	0.922	0.936	0.294	0.270	0.235	0.966	0.095	0.097	0.929	0.288	0.953	0.929	0.932	1.016	0.316	0.342	0.116	0.969	0.097	0.098	0.957	0.320	0.934	0.958	0.981	1.035	0.376	0.332	0.433	0.972	0.096	0.098	0.096	0.098	0.097	0.096	0.095	0.097	0.098	0.098	0.098	0.096	0.097
69:00:58	19.7	0.096	0.095	0.098	0.098	0.098	0.098	0.096	0.095	0.096	0.097	0.096	0.097	0.096	0.101	0.941	0.351	0.098	0.937	0.934	0.295	0.320	0.352	0.467	0.098	0.096	0.954	1.038	0.402	0.923	1.008	0.925	0.098	0.375	0.100	0.492	0.098	0.094	0.947	0.351	0.368	0.998	0.918	0.977	0.268	0.306	0.333	0.457	0.098	0.097	0.972	0.386	0.932	0.933	0.933	0.944	0.297	0.279	0.239	0.974	0.095	0.097	0.940	0.291	0.959	0.935	0.942	1.019	0.320	0.346	0.117	0.976	0.097	0.098	0.966	0.324	0.939	0.964	0.984	1.047	0.380	0.338	0.439	0.977	0.096	0.098	0.097	0.098	0.097	0.096	0.095	0.097	0.099	0.098	0.097	0.096	0.096
70:00:58	19.7	0.096	0.095	0.098	0.099	0.098	0.098	0.096	0.095	0.096	0.097	0.096	0.097	0.096	0.101	0.947	0.356	0.098	0.946	0.941	0.297	0.324	0.356	0.473	0.098	0.096	0.963	1.049	0.406	0.930	1.017	0.932	0.097	0.377	0.100	0.496	0.098	0.095	0.958	0.356	0.371	1.003	0.926	0.983	0.270	0.309	0.335	0.459	0.098	0.098	0.980	0.392	0.940	0.940	0.942	0.953	0.300	0.286	0.243	0.982	0.095	0.097	0.951	0.294	0.967	0.944	0.955	1.025	0.324	0.349	0.117	0.984	0.097	0.098	0.977	0.326	0.946	0.969	0.992	1.041	0.385	0.343	0.445	0.982	0.096	0.098	0.097	0.099	0.097	0.096	0.095	0.097	0.099	0.098	0.098	0.096	0.097
71:01:01	19.9	0.096	0.095	0.098	0.099	0.098	0.098	0.096	0.095	0.096	0.097	0.095	0.097	0.096	0.102	0.952	0.361	0.098	0.954	0.946	0.299	0.329	0.360	0.479	0.098	0.096	0.968	1.056	0.411	0.936	1.020	0.939	0.098	0.380	0.100	0.500	0.098	0.095	0.968	0.361	0.375	1.007	0.932	0.988	0.271	0.312	0.336	0.461	0.098	0.097	0.985	0.398	0.947	0.946	0.951	0.960	0.303	0.295	0.247	0.987	0.095	0.097	0.961	0.297	0.974	0.949	0.962	1.031	0.327	0.352	0.116	0.991	0.097	0.098	0.986	0.328	0.954	0.975	0.996	1.053	0.390	0.349	0.451	0.988	0.096	0.098	0.096	0.098	0.097	0.096	0.095	0.097	0.099	0.098	0.097	0.096	0.097
72:01:00	20.1	0.098	0.095	0.098	0.099	0.098	0.098	0.096	0.095	0.096	0.097	0.095	0.097	0.096	0.103	0.959	0.366	0.098	0.959	0.953	0.301	0.333	0.364	0.484	0.098	0.096	0.971	1.064	0.415	0.941	1.027	0.945	0.097	0.381	0.100	0.504	0.098	0.094	0.974	0.365	0.378	1.012	0.939	0.994	0.272	0.315	0.338	0.464	0.098	0.098	0.994	0.404	0.952	0.954	0.960	0.967	0.305	0.303	0.250	0.994	0.095	0.097	0.976	0.299	0.982	0.956	0.970	1.035	0.330	0.355	0.117	0.997	0.097	0.098	1.000	0.330	0.961	0.980	1.004	1.078	0.395	0.356	0.459	0.994	0.096	0.098	0.096	0.098	0.097	0.095	0.095	0.097	0.098	0.098	0.097	0.096	0.097

