Time	T° 600	A1	A2	A3	A4	A5	A6	A7	A8	A9	A10	A11	A12	B1	B2	B3	B4	B5	B6	B7	B8	B9	B10	B11	B12	C1	C2	C3	C4	C5	C6	C7	C8	C9	C10	C11	C12	D1	D2	D3	D4	D5	D6	D7	D8	D9	D10	D11	D12	E1	E2	E3	E4	E5	E6	E7	E8	E9	E10	E11	E12	F1	F2	F3	F4	F5	F6	F7	F8	F9	F10	F11	F12	G1	G2	G3	G4	G5	G6	G7	G8	G9	G10	G11	G12	H1	H2	H3	H4	H5	H6	H7	H8	H9	H10	H11	H12
0:00:06	18.6	0.091	0.092	0.092	0.091	0.092	0.092	0.091	0.091	0.091	0.092	0.092	0.094	0.090	0.096	0.096	0.097	0.096	0.097	0.096	0.100	0.095	0.096	0.097	0.095	0.090	0.098	0.096	0.097	0.100	0.100	0.099	0.097	0.097	0.100	0.098	0.094	0.092	0.098	0.096	0.095	0.095	0.097	0.098	0.100	0.098	0.099	0.098	0.092	0.093	0.100	0.097	0.097	0.099	0.096	0.095	0.094	0.095	0.096	0.099	0.091	0.094	0.100	0.097	0.099	0.098	0.094	0.100	0.099	0.096	0.097	0.095	0.090	0.099	0.097	0.098	0.096	0.099	0.097	0.100	0.100	0.097	0.098	0.098	0.090	0.093	0.093	0.092	0.092	0.093	0.091	0.091	0.091	0.092	0.092	0.091	0.091
1:00:04	19.1	0.092	0.093	0.092	0.092	0.093	0.093	0.092	0.092	0.092	0.093	0.093	0.095	0.091	0.097	0.097	0.098	0.097	0.099	0.097	0.101	0.097	0.097	0.099	0.096	0.092	0.100	0.097	0.097	0.101	0.100	0.101	0.097	0.099	0.100	0.099	0.095	0.093	0.099	0.096	0.096	0.096	0.098	0.099	0.102	0.098	0.101	0.098	0.094	0.094	0.100	0.096	0.099	0.100	0.098	0.096	0.096	0.098	0.099	0.101	0.092	0.094	0.101	0.099	0.101	0.100	0.097	0.101	0.101	0.097	0.097	0.097	0.091	0.095	0.100	0.100	0.099	0.100	0.098	0.101	0.101	0.098	0.099	0.100	0.092	0.094	0.094	0.093	0.093	0.094	0.092	0.092	0.092	0.093	0.094	0.093	0.092
2:00:05	19.2	0.092	0.093	0.092	0.092	0.093	0.093	0.092	0.092	0.092	0.093	0.093	0.095	0.092	0.097	0.098	0.099	0.098	0.100	0.098	0.102	0.098	0.099	0.101	0.096	0.092	0.101	0.098	0.099	0.102	0.101	0.103	0.098	0.099	0.101	0.100	0.095	0.093	0.100	0.097	0.097	0.097	0.099	0.101	0.104	0.099	0.102	0.100	0.094	0.094	0.101	0.097	0.100	0.102	0.099	0.097	0.097	0.099	0.101	0.103	0.092	0.095	0.102	0.100	0.103	0.102	0.097	0.103	0.102	0.098	0.098	0.098	0.092	0.095	0.100	0.101	0.100	0.100	0.099	0.104	0.104	0.099	0.099	0.101	0.092	0.094	0.094	0.093	0.093	0.094	0.093	0.093	0.093	0.094	0.095	0.094	0.093
3:00:06	19.2	0.092	0.093	0.092	0.092	0.093	0.093	0.092	0.093	0.092	0.094	0.093	0.095	0.092	0.098	0.098	0.099	0.098	0.102	0.098	0.103	0.099	0.101	0.103	0.096	0.092	0.102	0.099	0.100	0.103	0.101	0.106	0.099	0.101	0.100	0.100	0.095	0.093	0.101	0.099	0.097	0.097	0.099	0.103	0.106	0.099	0.104	0.101	0.094	0.094	0.101	0.097	0.101	0.104	0.100	0.098	0.098	0.101	0.101	0.104	0.092	0.095	0.103	0.102	0.102	0.103	0.098	0.106	0.103	0.099	0.099	0.098	0.092	0.095	0.101	0.102	0.101	0.100	0.100	0.104	0.104	0.099	0.099	0.102	0.092	0.094	0.094	0.093	0.093	0.095	0.093	0.093	0.093	0.094	0.094	0.094	0.093
4:00:08	19.2	0.092	0.093	0.093	0.092	0.093	0.093	0.092	0.093	0.093	0.094	0.094	0.095	0.092	0.099	0.099	0.099	0.098	0.105	0.099	0.103	0.102	0.103	0.105	0.096	0.092	0.105	0.101	0.102	0.106	0.101	0.108	0.099	0.103	0.101	0.100	0.095	0.093	0.101	0.101	0.097	0.097	0.101	0.103	0.108	0.099	0.107	0.104	0.094	0.094	0.102	0.098	0.104	0.106	0.103	0.098	0.098	0.104	0.103	0.105	0.093	0.095	0.106	0.104	0.102	0.103	0.098	0.109	0.103	0.102	0.102	0.099	0.092	0.095	0.101	0.104	0.103	0.100	0.103	0.103	0.103	0.099	0.100	0.104	0.092	0.094	0.094	0.093	0.093	0.095	0.093	0.094	0.093	0.095	0.095	0.094	0.093
5:00:08	19.2	0.092	0.093	0.092	0.092	0.093	0.093	0.091	0.092	0.093	0.093	0.093	0.095	0.092	0.099	0.099	0.099	0.098	0.110	0.099	0.104	0.106	0.107	0.109	0.095	0.092	0.109	0.105	0.106	0.110	0.102	0.113	0.099	0.107	0.101	0.100	0.095	0.093	0.102	0.104	0.097	0.097	0.101	0.105	0.113	0.099	0.111	0.108	0.094	0.094	0.101	0.098	0.107	0.110	0.107	0.098	0.098	0.109	0.103	0.106	0.092	0.095	0.109	0.108	0.105	0.103	0.098	0.114	0.102	0.106	0.106	0.099	0.092	0.095	0.101	0.107	0.106	0.100	0.106	0.105	0.103	0.099	0.099	0.107	0.092	0.094	0.094	0.093	0.093	0.094	0.093	0.093	0.093	0.094	0.094	0.094	0.093
6:00:08	19.2	0.093	0.094	0.093	0.093	0.093	0.093	0.092	0.093	0.093	0.094	0.093	0.095	0.092	0.100	0.100	0.099	0.099	0.119	0.099	0.104	0.114	0.115	0.117	0.096	0.092	0.118	0.112	0.113	0.117	0.103	0.125	0.100	0.115	0.101	0.101	0.095	0.093	0.102	0.111	0.098	0.097	0.101	0.108	0.122	0.100	0.118	0.115	0.094	0.094	0.102	0.098	0.115	0.118	0.115	0.099	0.099	0.117	0.105	0.108	0.093	0.095	0.117	0.114	0.107	0.107	0.099	0.122	0.104	0.114	0.114	0.100	0.092	0.095	0.102	0.114	0.113	0.101	0.114	0.108	0.106	0.100	0.100	0.114	0.093	0.094	0.094	0.093	0.094	0.095	0.093	0.093	0.093	0.094	0.095	0.094	0.093
7:00:10	19.1	0.093	0.094	0.093	0.093	0.093	0.093	0.092	0.093	0.093	0.094	0.094	0.095	0.092	0.101	0.100	0.099	0.099	0.134	0.099	0.106	0.127	0.129	0.131	0.096	0.092	0.131	0.123	0.124	0.130	0.103	0.144	0.101	0.129	0.102	0.101	0.095	0.093	0.103	0.123	0.098	0.097	0.102	0.110	0.138	0.100	0.133	0.128	0.094	0.094	0.103	0.098	0.126	0.131	0.129	0.100	0.099	0.134	0.101	0.112	0.093	0.095	0.129	0.126	0.105	0.105	0.099	0.135	0.104	0.127	0.128	0.101	0.092	0.095	0.102	0.126	0.125	0.101	0.126	0.107	0.103	0.100	0.100	0.125	0.092	0.094	0.094	0.094	0.094	0.094	0.093	0.094	0.093	0.095	0.095	0.094	0.093
8:00:11	19.1	0.093	0.093	0.093	0.093	0.093	0.093	0.092	0.093	0.093	0.094	0.094	0.095	0.092	0.101	0.101	0.100	0.099	0.160	0.100	0.107	0.150	0.153	0.155	0.096	0.092	0.154	0.143	0.145	0.152	0.103	0.173	0.101	0.153	0.102	0.101	0.095	0.093	0.105	0.141	0.098	0.097	0.102	0.110	0.166	0.100	0.158	0.152	0.094	0.094	0.103	0.098	0.146	0.152	0.154	0.100	0.099	0.162	0.102	0.111	0.093	0.095	0.149	0.145	0.103	0.104	0.099	0.160	0.104	0.148	0.153	0.101	0.092	0.095	0.103	0.145	0.144	0.101	0.149	0.108	0.106	0.100	0.100	0.145	0.092	0.094	0.094	0.093	0.094	0.095	0.093	0.094	0.093	0.095	0.095	0.094	0.093
9:00:12	19.0	0.093	0.093	0.093	0.093	0.093	0.093	0.092	0.093	0.093	0.094	0.094	0.095	0.092	0.102	0.101	0.100	0.099	0.196	0.100	0.109	0.184	0.190	0.191	0.096	0.092	0.186	0.175	0.179	0.185	0.104	0.217	0.102	0.190	0.103	0.101	0.095	0.093	0.105	0.170	0.098	0.097	0.102	0.113	0.207	0.100	0.195	0.191	0.094	0.094	0.104	0.099	0.179	0.188	0.192	0.101	0.099	0.203	0.105	0.112	0.093	0.095	0.180	0.174	0.102	0.105	0.099	0.197	0.104	0.185	0.192	0.102	0.092	0.095	0.103	0.174	0.174	0.101	0.183	0.108	0.105	0.100	0.100	0.177	0.092	0.094	0.094	0.093	0.093	0.094	0.093	0.094	0.093	0.094	0.095	0.094	0.093
10:00:13	19.0	0.093	0.093	0.093	0.093	0.093	0.094	0.092	0.093	0.093	0.094	0.094	0.095	0.092	0.103	0.102	0.100	0.099	0.229	0.100	0.110	0.228	0.235	0.242	0.096	0.092	0.229	0.214	0.231	0.228	0.105	0.273	0.102	0.234	0.103	0.101	0.096	0.093	0.105	0.210	0.099	0.097	0.103	0.116	0.253	0.100	0.241	0.240	0.094	0.094	0.105	0.099	0.226	0.231	0.250	0.101	0.099	0.261	0.104	0.113	0.093	0.095	0.221	0.220	0.104	0.105	0.100	0.242	0.106	0.236	0.240	0.103	0.092	0.095	0.104	0.220	0.210	0.102	0.232	0.109	0.107	0.100	0.100	0.218	0.093	0.094	0.094	0.094	0.094	0.094	0.093	0.094	0.093	0.095	0.095	0.094	0.093
11:00:14	18.9	0.093	0.094	0.093	0.093	0.094	0.094	0.093	0.093	0.093	0.094	0.094	0.096	0.093	0.104	0.102	0.100	0.099	0.254	0.101	0.111	0.253	0.280	0.263	0.096	0.092	0.251	0.242	0.249	0.248	0.106	0.319	0.103	0.253	0.104	0.102	0.096	0.093	0.106	0.239	0.099	0.098	0.104	0.119	0.272	0.100	0.266	0.279	0.095	0.094	0.107	0.099	0.243	0.253	0.280	0.102	0.100	0.301	0.103	0.115	0.093	0.095	0.246	0.246	0.105	0.107	0.100	0.278	0.107	0.260	0.261	0.104	0.093	0.095	0.105	0.253	0.251	0.102	0.254	0.109	0.106	0.101	0.101	0.251	0.093	0.095	0.094	0.094	0.094	0.094	0.093	0.094	0.094	0.095	0.095	0.094	0.093
12:00:15	18.8	0.093	0.094	0.093	0.093	0.093	0.094	0.093	0.093	0.093	0.094	0.094	0.096	0.092	0.104	0.102	0.100	0.100	0.313	0.101	0.113	0.306	0.329	0.320	0.096	0.092	0.307	0.274	0.303	0.277	0.105	0.369	0.104	0.322	0.104	0.102	0.096	0.093	0.107	0.271	0.099	0.098	0.103	0.122	0.345	0.100	0.304	0.336	0.095	0.094	0.107	0.099	0.291	0.311	0.331	0.102	0.100	0.346	0.104	0.117	0.093	0.095	0.294	0.286	0.105	0.108	0.101	0.342	0.107	0.325	0.329	0.105	0.093	0.096	0.106	0.292	0.301	0.102	0.308	0.112	0.129	0.101	0.100	0.286	0.093	0.095	0.094	0.094	0.094	0.095	0.094	0.094	0.094	0.095	0.095	0.094	0.093
13:00:15	18.8	0.093	0.094	0.093	0.093	0.094	0.094	0.092	0.093	0.093	0.094	0.094	0.095	0.093	0.105	0.103	0.100	0.100	0.377	0.101	0.114	0.361	0.399	0.378	0.096	0.092	0.359	0.335	0.360	0.333	0.106	0.412	0.105	0.384	0.104	0.102	0.096	0.093	0.108	0.309	0.099	0.097	0.103	0.124	0.390	0.100	0.372	0.390	0.095	0.094	0.108	0.099	0.348	0.378	0.364	0.103	0.100	0.387	0.106	0.119	0.093	0.095	0.324	0.313	0.107	0.108	0.101	0.392	0.106	0.383	0.390	0.106	0.093	0.095	0.107	0.329	0.342	0.103	0.351	0.113	0.126	0.101	0.100	0.328	0.093	0.094	0.094	0.094	0.094	0.094	0.093	0.094	0.093	0.095	0.095	0.094	0.093
14:00:16	18.7	0.093	0.094	0.093	0.093	0.094	0.093	0.093	0.093	0.093	0.094	0.094	0.095	0.093	0.107	0.103	0.100	0.100	0.397	0.101	0.116	0.384	0.397	0.396	0.096	0.092	0.380	0.365	0.380	0.362	0.106	0.416	0.106	0.389	0.105	0.102	0.096	0.094	0.109	0.345	0.099	0.098	0.104	0.128	0.409	0.101	0.393	0.399	0.095	0.094	0.109	0.099	0.365	0.391	0.390	0.104	0.100	0.408	0.108	0.121	0.093	0.095	0.356	0.351	0.106	0.108	0.101	0.414	0.105	0.397	0.405	0.107	0.092	0.096	0.107	0.351	0.370	0.103	0.385	0.112	0.134	0.101	0.101	0.368	0.092	0.095	0.094	0.093	0.094	0.094	0.093	0.094	0.094	0.095	0.095	0.094	0.093
15:00:17	18.6	0.093	0.094	0.093	0.093	0.094	0.094	0.093	0.093	0.093	0.094	0.094	0.096	0.093	0.108	0.104	0.100	0.100	0.502	0.101	0.118	0.472	0.492	0.482	0.096	0.092	0.471	0.439	0.433	0.459	0.107	0.487	0.107	0.466	0.105	0.102	0.097	0.094	0.110	0.414	0.099	0.098	0.105	0.132	0.500	0.100	0.466	0.473	0.094	0.094	0.111	0.100	0.423	0.445	0.474	0.105	0.101	0.482	0.108	0.124	0.093	0.095	0.426	0.420	0.106	0.110	0.101	0.493	0.105	0.493	0.488	0.108	0.093	0.095	0.108	0.406	0.430	0.103	0.481	0.113	0.136	0.101	0.101	0.432	0.093	0.095	0.094	0.094	0.094	0.095	0.093	0.094	0.094	0.095	0.095	0.095	0.093
16:00:17	18.7	0.093	0.094	0.093	0.093	0.094	0.094	0.093	0.093	0.093	0.094	0.094	0.095	0.093	0.109	0.104	0.100	0.100	0.480	0.102	0.120	0.456	0.466	0.502	0.095	0.093	0.472	0.445	0.460	0.466	0.107	0.504	0.108	0.452	0.106	0.102	0.096	0.093	0.111	0.404	0.099	0.098	0.105	0.137	0.495	0.101	0.488	0.475	0.094	0.094	0.112	0.100	0.438	0.486	0.484	0.106	0.101	0.498	0.105	0.128	0.093	0.095	0.478	0.424	0.107	0.110	0.102	0.499	0.106	0.491	0.494	0.110	0.093	0.095	0.109	0.434	0.429	0.103	0.457	0.116	0.138	0.102	0.101	0.504	0.093	0.095	0.094	0.094	0.094	0.095	0.093	0.094	0.094	0.095	0.095	0.094	0.094
17:00:19	18.8	0.093	0.094	0.093	0.093	0.094	0.094	0.093	0.093	0.093	0.094	0.094	0.095	0.093	0.110	0.104	0.100	0.100	0.492	0.102	0.122	0.474	0.488	0.516	0.096	0.092	0.472	0.460	0.472	0.457	0.108	0.520	0.109	0.477	0.107	0.102	0.096	0.094	0.112	0.427	0.100	0.098	0.105	0.143	0.510	0.101	0.508	0.496	0.095	0.094	0.114	0.100	0.468	0.491	0.500	0.107	0.101	0.507	0.103	0.133	0.093	0.095	0.468	0.462	0.106	0.108	0.102	0.510	0.106	0.502	0.505	0.111	0.093	0.096	0.110	0.463	0.461	0.104	0.487	0.117	0.140	0.102	0.101	0.535	0.093	0.094	0.094	0.094	0.094	0.095	0.093	0.094	0.094	0.095	0.095	0.094	0.094
18:00:20	19.1	0.093	0.094	0.093	0.093	0.094	0.094	0.093	0.093	0.093	0.094	0.094	0.095	0.093	0.112	0.105	0.101	0.100	0.532	0.102	0.123	0.523	0.535	0.563	0.096	0.092	0.517	0.500	0.509	0.510	0.108	0.563	0.110	0.529	0.107	0.103	0.096	0.093	0.114	0.474	0.100	0.098	0.104	0.151	0.560	0.101	0.554	0.551	0.095	0.094	0.116	0.100	0.507	0.533	0.546	0.108	0.101	0.559	0.104	0.139	0.093	0.095	0.509	0.521	0.106	0.107	0.102	0.556	0.106	0.549	0.559	0.113	0.093	0.095	0.111	0.518	0.520	0.104	0.551	0.119	0.142	0.102	0.101	0.594	0.093	0.094	0.094	0.094	0.094	0.095	0.093	0.094	0.094	0.095	0.095	0.095	0.093
19:00:21	19.2	0.093	0.094	0.093	0.093	0.094	0.094	0.093	0.093	0.093	0.094	0.094	0.096	0.093	0.114	0.106	0.101	0.100	0.594	0.103	0.125	0.590	0.606	0.616	0.096	0.093	0.582	0.561	0.567	0.573	0.109	0.618	0.111	0.596	0.108	0.102	0.097	0.094	0.115	0.540	0.100	0.098	0.105	0.159	0.620	0.101	0.624	0.620	0.095	0.094	0.117	0.100	0.570	0.590	0.608	0.110	0.101	0.617	0.104	0.146	0.093	0.096	0.564	0.589	0.107	0.108	0.103	0.620	0.106	0.613	0.633	0.115	0.093	0.096	0.112	0.594	0.592	0.104	0.625	0.122	0.144	0.102	0.101	0.675	0.093	0.095	0.094	0.094	0.094	0.095	0.094	0.094	0.094	0.095	0.095	0.094	0.093
20:00:21	19.4	0.093	0.094	0.093	0.093	0.093	0.094	0.093	0.093	0.093	0.094	0.094	0.095	0.092	0.116	0.106	0.100	0.100	0.643	0.103	0.128	0.649	0.665	0.678	0.096	0.092	0.644	0.623	0.632	0.637	0.110	0.667	0.113	0.655	0.109	0.102	0.096	0.093	0.117	0.607	0.100	0.098	0.106	0.167	0.677	0.101	0.679	0.686	0.095	0.094	0.120	0.100	0.635	0.656	0.663	0.111	0.100	0.675	0.104	0.154	0.093	0.095	0.622	0.653	0.106	0.107	0.103	0.676	0.106	0.672	0.699	0.117	0.092	0.095	0.114	0.653	0.659	0.104	0.691	0.124	0.147	0.102	0.101	0.738	0.092	0.094	0.094	0.094	0.094	0.095	0.093	0.094	0.094	0.095	0.095	0.094	0.093
21:00:23	19.7	0.093	0.094	0.093	0.093	0.094	0.094	0.093	0.093	0.093	0.094	0.094	0.095	0.092	0.118	0.107	0.101	0.100	0.690	0.104	0.129	0.699	0.714	0.721	0.096	0.093	0.699	0.678	0.682	0.692	0.111	0.710	0.114	0.703	0.109	0.103	0.097	0.094	0.118	0.658	0.100	0.098	0.106	0.177	0.717	0.101	0.721	0.733	0.094	0.094	0.123	0.100	0.685	0.703	0.717	0.113	0.101	0.716	0.106	0.164	0.093	0.095	0.672	0.703	0.106	0.107	0.104	0.723	0.107	0.727	0.750	0.120	0.093	0.096	0.115	0.693	0.719	0.105	0.743	0.127	0.150	0.103	0.101	0.787	0.093	0.095	0.094	0.094	0.094	0.095	0.093	0.094	0.093	0.095	0.095	0.094	0.093
22:00:24	20.2	0.093	0.094	0.093	0.093	0.093	0.094	0.093	0.093	0.093	0.094	0.094	0.095	0.093	0.121	0.107	0.101	0.101	0.745	0.104	0.131	0.755	0.768	0.765	0.096	0.092	0.752	0.735	0.734	0.742	0.112	0.757	0.117	0.758	0.110	0.103	0.097	0.093	0.120	0.720	0.100	0.098	0.106	0.190	0.766	0.101	0.768	0.781	0.094	0.094	0.126	0.101	0.743	0.753	0.775	0.115	0.101	0.760	0.107	0.176	0.093	0.096	0.722	0.756	0.106	0.107	0.105	0.773	0.106	0.786	0.806	0.123	0.092	0.095	0.117	0.751	0.779	0.105	0.797	0.130	0.153	0.102	0.101	0.840	0.093	0.094	0.094	0.094	0.094	0.094	0.093	0.094	0.093	0.095	0.095	0.095	0.093
23:00:25	20.5	0.093	0.094	0.094	0.094	0.094	0.094	0.093	0.093	0.093	0.094	0.094	0.096	0.093	0.124	0.108	0.101	0.101	0.806	0.105	0.134	0.812	0.822	0.816	0.096	0.093	0.808	0.802	0.794	0.798	0.114	0.811	0.120	0.817	0.111	0.104	0.096	0.094	0.122	0.788	0.101	0.099	0.107	0.204	0.819	0.102	0.825	0.837	0.095	0.094	0.130	0.101	0.806	0.806	0.840	0.118	0.101	0.812	0.108	0.190	0.093	0.096	0.781	0.812	0.106	0.108	0.106	0.832	0.107	0.849	0.867	0.128	0.093	0.096	0.120	0.816	0.847	0.106	0.856	0.134	0.157	0.103	0.102	0.902	0.093	0.095	0.094	0.094	0.094	0.095	0.094	0.094	0.094	0.095	0.095	0.095	0.094
24:00:25	20.7	0.093	0.094	0.093	0.093	0.093	0.094	0.093	0.093	0.093	0.094	0.094	0.095	0.093	0.128	0.109	0.101	0.101	0.867	0.105	0.136	0.714	0.886	0.716	0.096	0.092	0.880	0.869	0.853	0.910	0.115	0.939	0.122	0.882	0.112	0.104	0.095	0.093	0.126	0.861	0.101	0.098	0.108	0.226	0.928	0.102	0.878	0.916	0.095	0.094	0.135	0.101	0.868	0.912	0.908	0.121	0.101	0.839	0.108	0.207	0.093	0.095	0.863	0.743	0.106	0.108	0.107	0.916	0.107	0.960	1.012	0.132	0.093	0.095	0.122	0.893	0.926	0.106	1.013	0.138	0.161	0.103	0.101	1.080	0.092	0.094	0.094	0.094	0.094	0.094	0.093	0.094	0.094	0.095	0.095	0.094	0.093
25:00:27	20.6	0.093	0.094	0.093	0.093	0.094	0.094	0.093	0.093	0.093	0.094	0.094	0.095	0.093	0.132	0.110	0.101	0.101	0.917	0.106	0.140	0.923	1.002	0.975	0.096	0.092	0.965	0.963	0.967	1.007	0.117	1.034	0.126	0.955	0.114	0.104	0.096	0.093	0.130	0.975	0.101	0.098	0.108	0.252	1.045	0.102	1.025	1.027	0.094	0.094	0.141	0.102	1.070	1.039	1.004	0.125	0.101	1.034	0.110	0.227	0.093	0.095	1.118	1.027	0.107	0.108	0.107	1.081	0.107	1.050	1.058	0.139	0.092	0.096	0.125	1.090	1.083	0.107	1.094	0.145	0.166	0.103	0.102	1.099	0.093	0.094	0.094	0.094	0.094	0.094	0.094	0.094	0.094	0.095	0.095	0.094	0.093
26:00:27	20.4	0.093	0.094	0.093	0.094	0.093	0.094	0.093	0.093	0.093	0.094	0.094	0.095	0.093	0.137	0.111	0.101	0.102	1.035	0.107	0.146	1.068	1.039	1.055	0.096	0.093	1.081	1.075	1.074	1.064	0.120	1.041	0.132	1.072	0.116	0.104	0.096	0.093	0.135	1.056	0.101	0.099	0.108	0.274	1.070	0.102	1.052	1.071	0.095	0.094	0.150	0.102	1.111	1.076	1.089	0.128	0.101	1.080	0.110	0.248	0.093	0.095	1.097	1.102	0.107	0.109	0.109	1.095	0.107	1.083	1.089	0.145	0.092	0.095	0.130	1.109	1.123	0.107	1.092	0.154	0.170	0.103	0.102	1.101	0.093	0.094	0.094	0.093	0.094	0.095	0.094	0.094	0.094	0.095	0.095	0.095	0.093
27:00:28	20.1	0.093	0.094	0.093	0.094	0.094	0.094	0.093	0.093	0.093	0.094	0.094	0.095	0.093	0.143	0.112	0.102	0.102	1.040	0.108	0.158	1.084	1.039	1.058	0.096	0.093	1.091	1.061	1.057	1.076	0.123	1.045	0.139	1.080	0.119	0.104	0.096	0.093	0.143	1.053	0.102	0.099	0.109	0.293	1.074	0.102	1.057	1.069	0.095	0.094	0.160	0.102	1.077	1.084	1.098	0.134	0.102	1.087	0.110	0.268	0.093	0.096	1.102	1.101	0.108	0.110	0.110	1.097	0.107	1.093	1.095	0.153	0.093	0.096	0.136	1.092	1.123	0.108	1.103	0.164	0.174	0.104	0.102	1.110	0.093	0.094	0.094	0.094	0.094	0.095	0.093	0.094	0.094	0.095	0.095	0.094	0.093
28:00:29	19.8	0.093	0.094	0.094	0.093	0.094	0.094	0.094	0.093	0.093	0.094	0.094	0.095	0.093	0.149	0.112	0.102	0.102	1.050	0.109	0.172	1.085	1.050	1.067	0.096	0.093	1.099	1.064	1.062	1.088	0.127	1.049	0.147	1.083	0.122	0.104	0.096	0.093	0.151	1.059	0.102	0.099	0.110	0.313	1.078	0.102	1.065	1.072	0.095	0.094	0.171	0.102	1.080	1.091	1.104	0.142	0.102	1.092	0.110	0.299	0.093	0.095	1.112	1.104	0.106	0.110	0.111	1.099	0.108	1.101	1.102	0.164	0.093	0.095	0.141	1.091	1.130	0.109	1.112	0.176	0.180	0.104	0.103	1.124	0.093	0.095	0.094	0.094	0.094	0.094	0.093	0.094	0.093	0.095	0.095	0.095	0.093
29:00:30	19.6	0.093	0.094	0.093	0.094	0.094	0.094	0.093	0.093	0.093	0.094	0.094	0.095	0.093	0.155	0.114	0.102	0.103	1.063	0.110	0.189	1.094	1.062	1.074	0.096	0.093	1.111	1.075	1.071	1.100	0.132	1.057	0.158	1.095	0.124	0.105	0.096	0.094	0.159	1.067	0.103	0.099	0.111	0.318	1.082	0.102	1.073	1.081	0.095	0.094	0.181	0.103	1.087	1.099	1.117	0.151	0.102	1.096	0.110	0.308	0.093	0.096	1.123	1.111	0.107	0.111	0.113	1.107	0.108	1.112	1.110	0.175	0.093	0.096	0.148	1.099	1.136	0.110	1.121	0.189	0.186	0.105	0.103	1.138	0.093	0.095	0.094	0.094	0.094	0.095	0.093	0.094	0.094	0.095	0.095	0.095	0.094
30:00:31	19.5	0.093	0.094	0.093	0.094	0.094	0.094	0.094	0.093	0.094	0.094	0.094	0.096	0.093	0.164	0.116	0.102	0.103	1.073	0.111	0.210	1.096	1.073	1.087	0.096	0.093	1.126	1.085	1.083	1.114	0.136	1.069	0.170	1.102	0.127	0.105	0.096	0.094	0.169	1.078	0.103	0.100	0.111	0.300	1.094	0.103	1.082	1.091	0.095	0.094	0.191	0.103	1.101	1.108	1.128	0.161	0.102	1.105	0.110	0.292	0.093	0.096	1.135	1.124	0.107	0.112	0.115	1.134	0.109	1.119	1.123	0.188	0.093	0.096	0.157	1.109	1.150	0.111	1.133	0.201	0.192	0.106	0.103	1.154	0.093	0.095	0.094	0.094	0.094	0.095	0.094	0.095	0.094	0.095	0.096	0.095	0.094
31:00:32	19.4	0.093	0.094	0.094	0.093	0.094	0.094	0.094	0.094	0.093	0.094	0.094	0.096	0.093	0.173	0.117	0.102	0.103	1.088	0.112	0.230	1.105	1.088	1.098	0.096	0.093	1.132	1.098	1.095	1.126	0.142	1.102	0.184	1.115	0.131	0.105	0.096	0.094	0.180	1.091	0.104	0.100	0.112	0.299	1.118	0.103	1.097	1.105	0.095	0.094	0.200	0.103	1.111	1.123	1.138	0.175	0.103	1.114	0.110	0.298	0.093	0.096	1.150	1.134	0.107	0.113	0.117	1.203	0.109	1.130	1.133	0.200	0.093	0.096	0.167	1.121	1.158	0.112	1.143	0.214	0.196	0.106	0.103	1.166	0.093	0.095	0.094	0.094	0.094	0.095	0.094	0.095	0.094	0.095	0.096	0.095	0.094
32:00:33	19.4	0.093	0.094	0.094	0.094	0.094	0.094	0.094	0.093	0.093	0.094	0.094	0.096	0.093	0.181	0.119	0.102	0.103	1.100	0.113	0.250	1.115	1.100	1.110	0.096	0.093	1.141	1.108	1.106	1.135	0.148	1.159	0.204	1.126	0.136	0.106	0.096	0.094	0.193	1.100	0.104	0.100	0.113	0.300	1.186	0.103	1.141	1.117	0.095	0.094	0.209	0.104	1.121	1.153	1.148	0.192	0.103	1.130	0.110	0.320	0.093	0.096	1.161	1.142	0.108	0.111	0.119	1.171	0.110	1.139	1.146	0.218	0.093	0.096	0.181	1.133	1.169	0.113	1.156	0.234	0.201	0.107	0.104	1.179	0.093	0.095	0.094	0.094	0.094	0.095	0.094	0.094	0.094	0.095	0.095	0.095	0.094
33:00:34	19.4	0.093	0.094	0.094	0.094	0.094	0.094	0.093	0.093	0.093	0.094	0.094	0.096	0.093	0.189	0.121	0.102	0.104	1.108	0.115	0.266	1.123	1.110	1.110	0.096	0.093	1.149	1.116	1.114	1.144	0.157	1.117	0.225	1.132	0.141	0.106	0.096	0.094	0.207	1.109	0.105	0.100	0.113	0.319	1.150	0.103	1.132	1.131	0.095	0.095	0.206	0.104	1.129	1.196	1.153	0.209	0.103	1.173	0.110	0.343	0.093	0.096	1.170	1.152	0.108	0.111	0.121	1.155	0.109	1.146	1.158	0.239	0.093	0.096	0.193	1.141	1.176	0.114	1.175	0.256	0.210	0.108	0.104	1.194	0.093	0.095	0.094	0.094	0.094	0.095	0.094	0.094	0.094	0.095	0.095	0.095	0.093
34:00:34	19.4	0.093	0.094	0.094	0.094	0.094	0.094	0.094	0.094	0.094	0.094	0.094	0.096	0.093	0.198	0.123	0.103	0.104	1.114	0.117	0.281	1.132	1.120	1.060	0.096	0.093	1.167	1.122	1.121	1.166	0.166	1.110	0.249	1.140	0.147	0.106	0.096	0.094	0.223	1.114	0.106	0.101	0.114	0.338	1.138	0.104	1.142	1.161	0.095	0.094	0.212	0.105	1.135	1.169	1.156	0.229	0.104	1.158	0.109	0.367	0.093	0.096	1.178	1.159	0.109	0.112	0.124	1.146	0.110	1.164	1.190	0.251	0.093	0.096	0.207	1.145	1.182	0.116	1.209	0.264	0.220	0.108	0.104	1.218	0.093	0.095	0.094	0.094	0.094	0.095	0.094	0.095	0.094	0.095	0.096	0.095	0.094
35:00:35	19.4	0.093	0.094	0.094	0.094	0.094	0.094	0.094	0.094	0.094	0.094	0.094	0.096	0.093	0.202	0.126	0.103	0.104	1.117	0.119	0.293	1.137	1.128	1.094	0.096	0.093	1.202	1.129	1.125	1.206	0.177	1.108	0.269	1.145	0.154	0.107	0.096	0.094	0.240	1.121	0.107	0.101	0.116	0.348	1.134	0.104	1.141	1.214	0.095	0.094	0.232	0.106	1.141	1.165	1.157	0.247	0.104	1.166	0.109	0.392	0.093	0.096	1.181	1.170	0.108	0.113	0.128	1.142	0.111	1.210	1.260	0.253	0.093	0.096	0.228	1.150	1.190	0.118	1.187	0.293	0.233	0.109	0.105	1.257	0.093	0.095	0.094	0.094	0.094	0.095	0.094	0.095	0.094	0.095	0.095	0.095	0.094
36:00:35	19.4	0.093	0.094	0.093	0.094	0.094	0.094	0.093	0.093	0.093	0.094	0.094	0.095	0.093	0.196	0.129	0.103	0.105	1.121	0.121	0.303	1.141	1.139	1.161	0.096	0.093	1.224	1.131	1.125	1.171	0.189	1.110	0.272	1.148	0.164	0.107	0.096	0.094	0.255	1.123	0.107	0.101	0.118	0.361	1.133	0.104	1.138	1.172	0.095	0.094	0.272	0.106	1.141	1.158	1.159	0.258	0.105	1.160	0.110	0.408	0.093	0.096	1.192	1.176	0.108	0.114	0.132	1.149	0.111	1.175	1.202	0.254	0.093	0.096	0.249	1.155	1.194	0.120	1.191	0.327	0.251	0.110	0.105	1.199	0.093	0.095	0.094	0.094	0.094	0.095	0.093	0.094	0.094	0.095	0.095	0.095	0.093
37:00:37	19.4	0.093	0.094	0.094	0.094	0.094	0.094	0.093	0.093	0.093	0.094	0.094	0.096	0.093	0.204	0.131	0.103	0.105	1.125	0.123	0.309	1.148	1.178	1.188	0.096	0.093	1.197	1.133	1.125	1.184	0.203	1.123	0.273	1.153	0.175	0.108	0.096	0.094	0.254	1.125	0.109	0.101	0.120	0.388	1.137	0.104	1.139	1.167	0.095	0.094	0.314	0.107	1.143	1.153	1.163	0.262	0.105	1.154	0.110	0.440	0.093	0.095	1.213	1.188	0.108	0.115	0.138	1.169	0.111	1.182	1.187	0.271	0.093	0.096	0.263	1.168	1.204	0.123	1.190	0.338	0.277	0.111	0.105	1.212	0.093	0.094	0.094	0.094	0.094	0.095	0.093	0.094	0.094	0.095	0.095	0.095	0.094
38:00:38	19.4	0.093	0.094	0.094	0.094	0.094	0.095	0.094	0.094	0.094	0.094	0.094	0.096	0.093	0.239	0.135	0.104	0.106	1.133	0.127	0.308	1.163	1.166	1.185	0.096	0.093	1.199	1.137	1.131	1.181	0.226	1.143	0.278	1.168	0.189	0.109	0.096	0.094	0.228	1.131	0.111	0.101	0.122	0.415	1.150	0.105	1.145	1.161	0.095	0.094	0.341	0.109	1.149	1.159	1.175	0.265	0.106	1.153	0.112	0.478	0.093	0.096	1.228	1.216	0.109	0.117	0.145	1.223	0.112	1.176	1.176	0.311	0.093	0.096	0.243	1.205	1.229	0.125	1.189	0.353	0.305	0.113	0.106	1.213	0.093	0.095	0.094	0.094	0.095	0.095	0.094	0.094	0.094	0.095	0.096	0.096	0.094
39:00:38	19.4	0.093	0.094	0.094	0.094	0.094	0.094	0.094	0.093	0.093	0.094	0.094	0.095	0.093	0.267	0.140	0.104	0.106	1.141	0.130	0.312	1.100	1.172	1.184	0.096	0.093	1.198	1.143	1.138	1.182	0.246	1.171	0.284	1.182	0.205	0.109	0.096	0.094	0.240	1.138	0.112	0.102	0.124	0.454	1.177	0.105	1.152	1.160	0.095	0.094	0.361	0.110	1.161	1.169	1.195	0.272	0.107	1.156	0.113	0.514	0.093	0.096	1.207	1.181	0.109	0.118	0.153	1.256	0.113	1.174	1.173	0.331	0.093	0.096	0.244	1.204	1.230	0.128	1.190	0.369	0.333	0.114	0.106	1.212	0.093	0.094	0.094	0.094	0.094	0.095	0.094	0.094	0.094	0.095	0.096	0.095	0.093
40:00:40	19.4	0.093	0.094	0.094	0.094	0.094	0.094	0.094	0.093	0.094	0.094	0.094	0.096	0.093	0.306	0.145	0.104	0.107	1.158	0.134	0.318	1.158	1.162	1.185	0.096	0.093	1.200	1.152	1.148	1.188	0.262	1.206	0.291	1.166	0.224	0.110	0.096	0.094	0.260	1.151	0.115	0.102	0.127	0.486	1.222	0.106	1.167	1.162	0.095	0.094	0.384	0.112	1.177	1.191	1.208	0.290	0.108	1.163	0.114	0.553	0.093	0.096	1.208	1.216	0.109	0.120	0.163	1.190	0.114	1.172	1.173	0.359	0.093	0.096	0.254	1.196	1.236	0.132	1.192	0.386	0.358	0.116	0.107	1.212	0.093	0.095	0.094	0.094	0.094	0.095	0.094	0.094	0.094	0.095	0.095	0.095	0.093
41:00:40	19.5	0.093	0.094	0.094	0.094	0.094	0.094	0.094	0.093	0.093	0.094	0.094	0.096	0.093	0.332	0.152	0.105	0.108	1.159	0.139	0.329	1.167	1.161	1.187	0.096	0.093	1.203	1.165	1.164	1.195	0.270	1.216	0.314	1.178	0.249	0.111	0.096	0.094	0.304	1.167	0.118	0.103	0.131	0.526	1.242	0.107	1.208	1.163	0.095	0.095	0.405	0.114	1.207	1.217	1.158	0.306	0.108	1.169	0.116	0.593	0.093	0.096	1.209	1.220	0.109	0.124	0.175	1.185	0.115	1.175	1.176	0.380	0.093	0.096	0.300	1.186	1.232	0.137	1.196	0.412	0.378	0.117	0.108	1.214	0.093	0.095	0.094	0.094	0.094	0.095	0.094	0.094	0.094	0.095	0.095	0.095	0.093
42:00:42	19.6	0.093	0.094	0.094	0.094	0.094	0.094	0.094	0.094	0.094	0.094	0.094	0.096	0.093	0.353	0.159	0.105	0.109	1.113	0.143	0.338	1.172	1.159	1.197	0.096	0.093	1.212	1.185	1.164	1.205	0.267	1.158	0.339	1.176	0.267	0.113	0.096	0.094	0.336	1.180	0.122	0.104	0.136	0.567	1.181	0.108	1.247	1.171	0.095	0.094	0.428	0.117	1.165	1.214	1.187	0.327	0.110	1.188	0.120	0.634	0.093	0.096	1.212	1.219	0.109	0.127	0.190	1.185	0.117	1.179	1.183	0.398	0.093	0.096	0.340	1.185	1.232	0.143	1.207	0.439	0.398	0.119	0.109	1.221	0.093	0.095	0.094	0.094	0.094	0.095	0.094	0.094	0.094	0.095	0.096	0.095	0.094
43:00:43	19.9	0.093	0.094	0.094	0.093	0.094	0.094	0.094	0.093	0.094	0.094	0.094	0.095	0.093	0.360	0.167	0.105	0.110	1.157	0.148	0.354	1.184	1.161	1.198	0.096	0.093	1.218	1.111	1.148	1.214	0.277	1.164	0.365	1.175	0.277	0.115	0.096	0.094	0.360	1.144	0.126	0.104	0.141	0.606	1.187	0.109	1.196	1.178	0.095	0.094	0.461	0.120	1.180	1.232	1.186	0.335	0.110	1.230	0.123	0.674	0.093	0.096	1.217	1.218	0.110	0.131	0.205	1.190	0.118	1.185	1.191	0.415	0.093	0.096	0.367	1.183	1.232	0.151	1.229	0.475	0.405	0.121	0.109	1.234	0.093	0.094	0.094	0.094	0.094	0.095	0.094	0.094	0.094	0.095	0.095	0.095	0.093
44:00:46	20.3	0.093	0.094	0.094	0.094	0.094	0.094	0.094	0.093	0.094	0.094	0.094	0.096	0.093	0.385	0.178	0.105	0.111	1.175	0.154	0.371	1.194	1.174	1.178	0.096	0.093	1.228	1.178	1.173	1.225	0.292	1.172	0.384	1.187	0.288	0.117	0.096	0.094	0.384	1.176	0.132	0.105	0.146	0.648	1.190	0.111	1.205	1.192	0.095	0.094	0.512	0.124	1.182	1.216	1.192	0.356	0.112	1.269	0.128	0.714	0.093	0.096	1.225	1.219	0.111	0.138	0.224	1.202	0.120	1.197	1.204	0.456	0.093	0.096	0.387	1.185	1.234	0.160	1.257	0.513	0.409	0.123	0.110	1.255	0.093	0.095	0.094	0.094	0.094	0.095	0.093	0.094	0.094	0.095	0.095	0.095	0.094
45:00:43	20.6	0.093	0.094	0.094	0.094	0.094	0.094	0.094	0.093	0.093	0.094	0.094	0.095	0.093	0.433	0.188	0.106	0.112	1.170	0.161	0.395	1.200	1.189	1.134	0.096	0.093	1.243	1.194	1.176	1.244	0.323	1.183	0.412	1.198	0.291	0.121	0.096	0.094	0.408	1.176	0.140	0.106	0.152	0.688	1.196	0.114	1.208	1.240	0.095	0.094	0.562	0.130	1.182	1.218	1.201	0.379	0.114	1.215	0.134	0.750	0.093	0.096	1.236	1.227	0.112	0.144	0.246	1.218	0.123	1.212	1.239	0.495	0.093	0.096	0.413	1.196	1.244	0.172	1.296	0.557	0.420	0.126	0.112	1.293	0.093	0.095	0.094	0.094	0.094	0.095	0.093	0.094	0.094	0.095	0.095	0.095	0.093
46:00:44	20.8	0.093	0.094	0.094	0.094	0.094	0.094	0.094	0.093	0.093	0.094	0.094	0.095	0.093	0.464	0.198	0.107	0.114	1.181	0.170	0.432	1.216	1.206	1.145	0.096	0.093	1.267	1.209	1.191	1.268	0.346	1.201	0.458	1.211	0.313	0.125	0.096	0.094	0.436	1.192	0.150	0.107	0.159	0.727	1.208	0.117	1.213	1.265	0.095	0.094	0.613	0.138	1.193	1.225	1.215	0.415	0.116	1.253	0.141	0.809	0.093	0.096	1.252	1.243	0.115	0.154	0.268	1.240	0.126	1.247	1.298	0.539	0.093	0.096	0.438	1.216	1.258	0.185	1.331	0.601	0.439	0.130	0.113	1.335	0.093	0.094	0.094	0.093	0.094	0.095	0.093	0.094	0.094	0.095	0.095	0.094	0.094
47:00:45	21.0	0.093	0.094	0.094	0.094	0.094	0.094	0.094	0.093	0.093	0.094	0.094	0.096	0.093	0.499	0.210	0.107	0.116	1.208	0.181	0.478	1.234	1.222	1.208	0.096	0.093	1.297	1.218	1.206	1.301	0.373	1.223	0.506	1.229	0.324	0.130	0.096	0.094	0.474	1.205	0.164	0.109	0.168	0.767	1.225	0.121	1.223	1.306	0.095	0.094	0.670	0.147	1.209	1.233	1.238	0.447	0.119	1.255	0.151	1.057	0.093	0.096	1.273	1.260	0.117	0.166	0.281	1.270	0.130	1.312	1.359	0.591	0.093	0.096	0.476	1.235	1.271	0.202	1.265	0.650	0.461	0.135	0.115	1.323	0.093	0.095	0.094	0.094	0.094	0.095	0.093	0.095	0.094	0.095	0.095	0.095	0.094
48:00:47	21.0	0.093	0.094	0.094	0.093	0.094	0.094	0.093	0.093	0.093	0.094	0.094	0.095	0.093	0.544	0.217	0.108	0.119	1.233	0.198	0.522	1.250	1.243	1.264	0.096	0.093	1.341	1.228	1.220	1.343	0.397	1.252	0.562	1.246	0.348	0.136	0.096	0.094	0.519	1.220	0.182	0.111	0.178	0.963	1.244	0.127	1.235	1.284	0.095	0.094	0.728	0.159	1.229	1.252	1.254	0.492	0.123	1.264	0.161	0.960	0.093	0.096	1.293	1.283	0.120	0.179	0.294	1.308	0.135	1.357	1.380	0.643	0.093	0.096	0.517	1.258	1.290	0.224	1.275	0.697	0.485	0.140	0.118	1.320	0.093	0.094	0.094	0.094	0.094	0.095	0.093	0.094	0.094	0.095	0.096	0.095	0.093
49:00:47	21.0	0.092	0.094	0.093	0.094	0.094	0.094	0.093	0.093	0.093	0.094	0.094	0.095	0.093	0.594	0.209	0.109	0.122	1.249	0.219	0.566	1.268	1.273	1.330	0.095	0.093	1.277	1.243	1.239	1.278	0.424	1.285	0.611	1.266	0.373	0.143	0.096	0.093	0.570	1.234	0.203	0.114	0.190	0.970	1.272	0.133	1.250	1.288	0.094	0.094	0.777	0.174	1.249	1.271	1.268	0.547	0.128	1.271	0.173	0.965	0.093	0.096	1.321	1.309	0.123	0.193	0.289	1.386	0.141	1.301	1.308	0.697	0.092	0.096	0.571	1.288	1.311	0.244	1.286	0.741	0.508	0.147	0.122	1.336	0.093	0.094	0.094	0.094	0.094	0.094	0.093	0.094	0.093	0.095	0.095	0.095	0.093
50:00:48	20.8	0.093	0.094	0.094	0.094	0.094	0.094	0.093	0.093	0.093	0.094	0.094	0.095	0.093	0.648	0.216	0.110	0.126	1.266	0.235	0.610	1.285	1.288	1.346	0.096	0.093	1.319	1.263	1.257	1.313	0.463	1.324	0.663	1.287	0.403	0.151	0.096	0.094	0.634	1.257	0.223	0.118	0.214	0.986	1.305	0.141	1.267	1.294	0.095	0.094	0.882	0.192	1.268	1.300	1.285	0.596	0.135	1.284	0.188	0.960	0.093	0.096	1.359	1.340	0.129	0.210	0.296	1.371	0.150	1.321	1.314	0.767	0.093	0.096	0.631	1.327	1.340	0.255	1.313	0.838	0.533	0.157	0.127	1.344	0.093	0.094	0.094	0.094	0.094	0.095	0.093	0.094	0.094	0.095	0.095	0.095	0.093
51:00:50	20.6	0.093	0.094	0.094	0.094	0.094	0.094	0.093	0.093	0.093	0.094	0.094	0.095	0.093	0.699	0.234	0.112	0.131	1.286	0.254	0.661	1.306	1.298	1.352	0.096	0.093	1.347	1.283	1.279	1.332	0.512	1.373	0.716	1.311	0.444	0.160	0.096	0.094	0.689	1.275	0.231	0.122	0.241	0.977	1.349	0.151	1.286	1.299	0.095	0.095	0.887	0.212	1.286	1.329	1.312	0.647	0.144	1.298	0.204	0.967	0.093	0.096	1.403	1.366	0.135	0.231	0.300	1.372	0.161	1.324	1.316	0.868	0.093	0.096	0.698	1.372	1.375	0.267	1.328	1.078	0.557	0.168	0.133	1.349	0.093	0.094	0.094	0.094	0.094	0.095	0.094	0.094	0.094	0.095	0.096	0.095	0.094
52:00:51	20.3	0.093	0.094	0.094	0.094	0.094	0.094	0.094	0.093	0.093	0.094	0.094	0.095	0.093	0.749	0.262	0.115	0.137	1.302	0.266	0.709	1.328	1.329	1.360	0.096	0.093	1.359	1.300	1.298	1.341	0.565	1.358	0.773	1.337	0.487	0.171	0.096	0.094	0.757	1.290	0.224	0.128	0.267	0.972	1.398	0.162	1.313	1.308	0.095	0.094	0.964	0.231	1.308	1.357	1.335	0.698	0.154	1.312	0.222	0.981	0.093	0.096	1.320	1.298	0.143	0.249	0.312	1.332	0.174	1.325	1.322	0.908	0.093	0.096	0.756	1.422	1.422	0.274	1.339	0.960	0.582	0.181	0.139	1.356	0.093	0.095	0.094	0.094	0.094	0.095	0.094	0.095	0.094	0.095	0.095	0.095	0.094
53:00:52	20.1	0.093	0.094	0.094	0.094	0.094	0.094	0.094	0.093	0.093	0.094	0.094	0.096	0.093	0.823	0.300	0.117	0.143	1.321	0.279	0.763	1.254	1.337	1.373	0.096	0.093	1.366	1.314	1.314	1.353	0.611	1.337	0.828	1.267	0.543	0.185	0.096	0.094	0.820	1.306	0.236	0.136	0.285	0.973	1.420	0.174	1.357	1.314	0.095	0.094	0.975	0.220	1.329	1.390	1.363	0.745	0.168	1.327	0.245	0.999	0.093	0.096	1.350	1.363	0.154	0.264	0.324	1.335	0.189	1.327	1.330	0.897	0.093	0.096	0.810	1.370	1.381	0.275	1.349	0.958	0.607	0.194	0.149	1.366	0.093	0.095	0.094	0.094	0.094	0.095	0.093	0.094	0.094	0.095	0.095	0.095	0.093
54:00:53	19.9	0.093	0.094	0.094	0.094	0.094	0.094	0.094	0.093	0.093	0.094	0.094	0.095	0.093	0.905	0.343	0.120	0.152	1.341	0.293	0.916	1.321	1.339	1.385	0.096	0.093	1.376	1.328	1.332	1.365	0.660	1.341	0.872	1.323	0.597	0.200	0.096	0.094	0.832	1.324	0.247	0.146	0.293	0.980	1.343	0.192	1.413	1.326	0.095	0.094	0.976	0.215	1.350	1.391	1.308	0.809	0.183	1.345	0.280	1.014	0.093	0.096	1.377	1.386	0.167	0.273	0.346	1.343	0.207	1.333	1.339	0.935	0.093	0.096	0.868	1.381	1.398	0.279	1.361	0.952	0.632	0.209	0.159	1.376	0.093	0.095	0.094	0.094	0.094	0.095	0.094	0.095	0.094	0.095	0.096	0.095	0.093
55:00:52	19.7	0.093	0.094	0.094	0.094	0.094	0.094	0.094	0.093	0.094	0.094	0.094	0.095	0.093	0.842	0.387	0.123	0.160	1.364	0.288	0.872	1.331	1.344	1.399	0.096	0.093	1.387	1.347	1.355	1.377	0.715	1.339	0.929	1.340	0.642	0.220	0.096	0.094	0.854	1.346	0.262	0.159	0.296	0.998	1.347	0.213	1.395	1.339	0.095	0.094	0.980	0.224	1.378	1.416	1.327	0.858	0.202	1.370	0.300	1.037	0.093	0.096	1.395	1.397	0.184	0.268	0.373	1.355	0.228	1.341	1.349	0.947	0.093	0.096	0.857	1.379	1.406	0.277	1.374	0.960	0.665	0.224	0.171	1.388	0.093	0.095	0.094	0.094	0.094	0.095	0.094	0.095	0.094	0.095	0.096	0.095	0.094
56:00:54	19.6	0.093	0.094	0.094	0.094	0.094	0.094	0.094	0.093	0.093	0.094	0.094	0.095	0.093	0.907	0.436	0.126	0.170	1.277	0.276	0.907	1.348	1.350	1.361	0.096	0.093	1.397	1.365	1.376	1.390	0.785	1.348	0.954	1.362	0.680	0.240	0.096	0.094	0.910	1.368	0.279	0.174	0.303	1.007	1.352	0.238	1.349	1.351	0.095	0.094	0.987	0.237	1.321	1.385	1.363	0.914	0.223	1.413	0.315	1.055	0.093	0.096	1.401	1.402	0.203	0.264	0.401	1.369	0.253	1.351	1.359	0.954	0.093	0.096	0.897	1.380	1.411	0.298	1.401	0.972	0.697	0.235	0.185	1.406	0.093	0.094	0.094	0.094	0.094	0.095	0.093	0.094	0.094	0.095	0.095	0.094	0.093
57:00:55	19.5	0.093	0.094	0.094	0.094	0.094	0.094	0.094	0.093	0.094	0.094	0.094	0.096	0.093	0.926	0.483	0.131	0.181	1.304	0.279	0.924	1.359	1.357	1.372	0.096	0.093	1.409	1.385	1.274	1.402	0.836	1.360	0.963	1.364	0.706	0.266	0.096	0.094	0.922	1.300	0.304	0.194	0.299	1.017	1.363	0.266	1.363	1.369	0.095	0.094	0.997	0.261	1.342	1.380	1.375	0.943	0.249	1.394	0.320	1.077	0.093	0.096	1.408	1.407	0.224	0.271	0.435	1.385	0.273	1.363	1.373	0.960	0.093	0.096	0.947	1.383	1.415	0.324	1.427	0.985	0.731	0.246	0.201	1.436	0.093	0.094	0.095	0.094	0.094	0.095	0.093	0.095	0.094	0.095	0.096	0.095	0.093
58:00:56	19.4	0.093	0.094	0.094	0.094	0.094	0.094	0.094	0.093	0.094	0.094	0.094	0.096	0.093	0.944	0.528	0.137	0.195	1.354	0.296	0.945	1.377	1.369	1.386	0.096	0.093	1.422	1.306	1.309	1.417	0.836	1.373	0.969	1.370	0.730	0.284	0.096	0.094	0.934	1.325	0.336	0.215	0.284	1.036	1.372	0.293	1.373	1.390	0.095	0.095	1.011	0.288	1.363	1.389	1.381	0.950	0.277	1.370	0.327	1.095	0.093	0.096	1.419	1.414	0.245	0.291	0.475	1.405	0.288	1.377	1.391	0.970	0.093	0.096	0.961	1.387	1.422	0.344	1.452	1.003	0.768	0.251	0.218	1.462	0.093	0.095	0.095	0.094	0.094	0.095	0.094	0.095	0.094	0.095	0.096	0.095	0.094
59:00:57	19.4	0.093	0.094	0.094	0.094	0.094	0.094	0.094	0.093	0.093	0.094	0.094	0.096	0.093	0.952	0.570	0.143	0.210	1.371	0.315	0.943	1.389	1.379	1.337	0.096	0.093	1.435	1.328	1.346	1.431	0.884	1.386	0.974	1.380	0.789	0.296	0.096	0.094	0.941	1.353	0.369	0.233	0.270	1.042	1.384	0.311	1.384	1.431	0.095	0.094	1.022	0.318	1.381	1.398	1.389	0.951	0.296	1.387	0.340	1.110	0.093	0.096	1.430	1.422	0.266	0.316	0.526	1.423	0.289	1.392	1.421	0.980	0.093	0.096	0.968	1.395	1.430	0.372	1.482	1.019	0.802	0.255	0.239	1.484	0.093	0.094	0.094	0.094	0.094	0.095	0.093	0.095	0.094	0.095	0.095	0.095	0.093
60:00:58	19.4	0.093	0.094	0.094	0.094	0.094	0.094	0.094	0.093	0.093	0.094	0.094	0.096	0.094	0.961	0.606	0.151	0.225	1.388	0.338	0.954	1.400	1.390	1.341	0.096	0.093	1.454	1.362	1.371	1.448	0.908	1.404	0.982	1.395	0.841	0.306	0.096	0.094	0.953	1.367	0.406	0.251	0.280	1.057	1.398	0.297	1.394	1.399	0.095	0.095	1.039	0.351	1.387	1.412	1.398	0.955	0.307	1.399	0.341	1.124	0.093	0.096	1.439	1.433	0.266	0.344	0.583	1.443	0.285	1.410	1.457	0.996	0.093	0.096	0.978	1.405	1.440	0.396	1.400	1.040	0.846	0.253	0.252	1.505	0.093	0.095	0.095	0.094	0.094	0.095	0.094	0.095	0.094	0.096	0.096	0.095	0.094
61:00:59	19.4	0.093	0.094	0.094	0.094	0.094	0.094	0.094	0.094	0.094	0.094	0.094	0.096	0.093	0.970	0.642	0.160	0.240	1.391	0.364	0.963	1.406	1.400	1.348	0.096	0.093	1.471	1.382	1.382	1.462	0.913	1.418	0.992	1.405	0.868	0.313	0.096	0.094	0.966	1.379	0.445	0.244	0.298	1.074	1.408	0.300	1.401	1.412	0.095	0.094	1.054	0.385	1.395	1.424	1.408	0.961	0.294	1.408	0.360	1.136	0.093	0.096	1.446	1.445	0.269	0.372	0.634	1.459	0.286	1.426	1.474	1.012	0.093	0.096	0.988	1.412	1.450	0.422	1.403	1.058	0.891	0.249	0.260	1.528	0.093	0.095	0.095	0.094	0.094	0.095	0.094	0.095	0.094	0.095	0.096	0.095	0.094
62:01:00	19.4	0.093	0.094	0.094	0.094	0.094	0.094	0.094	0.093	0.094	0.094	0.094	0.096	0.093	0.980	0.682	0.170	0.253	1.395	0.389	0.971	1.411	1.408	1.358	0.096	0.093	1.485	1.397	1.391	1.475	0.924	1.430	1.002	1.414	0.886	0.310	0.096	0.094	0.979	1.383	0.493	0.247	0.322	1.083	1.418	0.310	1.408	1.426	0.095	0.094	1.069	0.427	1.403	1.432	1.417	0.967	0.295	1.416	0.381	1.149	0.093	0.096	1.454	1.454	0.268	0.400	0.676	1.477	0.287	1.445	1.459	1.028	0.093	0.096	0.999	1.420	1.459	0.453	1.409	1.075	0.932	0.248	0.263	1.442	0.093	0.095	0.094	0.094	0.094	0.095	0.094	0.095	0.094	0.095	0.095	0.095	0.094
63:01:01	19.3	0.093	0.094	0.094	0.094	0.094	0.094	0.094	0.093	0.093	0.094	0.094	0.095	0.093	0.992	0.721	0.183	0.258	1.399	0.416	0.983	1.417	1.417	1.367	0.096	0.093	1.499	1.404	1.401	1.488	0.934	1.445	1.012	1.421	0.894	0.314	0.096	0.094	0.992	1.389	0.528	0.256	0.348	1.095	1.429	0.319	1.417	1.436	0.095	0.094	1.087	0.468	1.412	1.441	1.427	0.974	0.299	1.425	0.408	1.160	0.093	0.096	1.461	1.462	0.291	0.429	0.665	1.499	0.306	1.456	1.474	1.043	0.093	0.096	1.011	1.426	1.467	0.496	1.418	1.091	0.940	0.276	0.256	1.456	0.093	0.095	0.094	0.094	0.094	0.094	0.093	0.095	0.094	0.095	0.095	0.094	0.093
64:01:01	19.4	0.093	0.094	0.094	0.094	0.094	0.094	0.094	0.093	0.093	0.094	0.094	0.095	0.093	1.005	0.766	0.198	0.261	1.410	0.450	0.988	1.422	1.426	1.387	0.096	0.093	1.514	1.413	1.408	1.502	0.946	1.458	1.023	1.427	0.902	0.316	0.096	0.094	1.016	1.398	0.573	0.275	0.374	1.102	1.440	0.333	1.425	1.454	0.095	0.095	1.105	0.516	1.418	1.450	1.434	0.988	0.299	1.434	0.442	1.174	0.093	0.096	1.468	1.470	0.313	0.465	0.730	1.529	0.326	1.479	1.498	1.060	0.093	0.096	1.024	1.434	1.474	0.549	1.423	1.102	0.952	0.311	0.242	1.467	0.093	0.095	0.094	0.094	0.094	0.095	0.094	0.095	0.094	0.095	0.096	0.095	0.094
65:01:01	19.6	0.093	0.094	0.094	0.094	0.094	0.094	0.094	0.093	0.093	0.094	0.094	0.095	0.093	1.021	1.011	0.213	0.263	1.427	0.490	1.002	1.431	1.437	1.435	0.096	0.093	1.529	1.424	1.418	1.518	0.958	1.472	1.037	1.433	0.911	0.313	0.095	0.094	1.030	1.408	0.619	0.290	0.406	1.113	1.453	0.351	1.432	1.468	0.094	0.094	1.122	0.557	1.427	1.461	1.441	0.998	0.322	1.442	0.483	1.184	0.093	0.096	1.476	1.478	0.341	0.506	0.796	1.517	0.352	1.508	1.525	1.078	0.093	0.096	1.044	1.440	1.483	0.590	1.429	1.115	0.975	0.345	0.231	1.476	0.093	0.095	0.094	0.094	0.094	0.095	0.093	0.095	0.094	0.095	0.095	0.095	0.093
66:01:03	20.0	0.093	0.094	0.094	0.094	0.094	0.094	0.094	0.093	0.093	0.094	0.094	0.095	0.093	1.037	1.129	0.229	0.260	1.441	0.539	1.019	1.437	1.449	1.469	0.096	0.093	1.547	1.435	1.428	1.540	0.971	1.490	1.051	1.439	0.921	0.323	0.095	0.094	1.045	1.418	0.660	0.311	0.445	1.125	1.468	0.372	1.441	1.453	0.095	0.094	1.133	0.604	1.432	1.472	1.450	1.012	0.347	1.453	0.533	1.197	0.093	0.096	1.486	1.486	0.368	0.550	0.864	1.500	0.379	1.537	1.538	1.090	0.093	0.096	1.059	1.449	1.491	0.634	1.446	1.126	0.990	0.375	0.235	1.499	0.093	0.095	0.094	0.094	0.094	0.095	0.093	0.095	0.094	0.095	0.095	0.095	0.093
67:01:04	20.4	0.093	0.094	0.094	0.094	0.094	0.094	0.094	0.093	0.094	0.094	0.094	0.096	0.093	1.053	1.078	0.243	0.260	1.449	0.579	1.037	1.446	1.464	1.487	0.096	0.093	1.570	1.440	1.434	1.562	0.988	1.511	1.065	1.447	0.932	0.342	0.096	0.094	1.062	1.427	0.712	0.332	0.492	1.139	1.485	0.403	1.450	1.462	0.095	0.094	1.144	0.651	1.438	1.486	1.459	1.022	0.375	1.462	0.591	1.210	0.093	0.096	1.495	1.496	0.403	0.599	0.908	1.502	0.413	1.555	1.491	1.102	0.093	0.096	1.074	1.461	1.500	0.680	1.463	1.138	1.000	0.403	0.252	1.510	0.093	0.095	0.094	0.094	0.094	0.095	0.093	0.095	0.094	0.095	0.096	0.095	0.094
68:01:07	20.9	0.093	0.094	0.094	0.094	0.094	0.094	0.094	0.093	0.094	0.094	0.094	0.096	0.093	1.070	1.035	0.250	0.259	1.462	0.596	1.037	1.455	1.481	1.512	0.096	0.093	1.563	1.445	1.440	1.459	0.997	1.535	1.074	1.457	0.943	0.369	0.096	0.094	1.079	1.433	0.780	0.358	0.521	1.150	1.501	0.433	1.461	1.472	0.095	0.094	1.153	0.701	1.445	1.495	1.470	1.044	0.408	1.470	0.649	1.223	0.093	0.096	1.510	1.510	0.436	0.650	0.917	1.506	0.453	1.479	1.474	1.114	0.093	0.096	1.086	1.472	1.515	0.732	1.472	1.146	1.011	0.434	0.279	1.515	0.093	0.095	0.094	0.093	0.094	0.095	0.094	0.095	0.094	0.095	0.095	0.095	0.094
69:01:06	21.3	0.093	0.094	0.094	0.094	0.094	0.094	0.094	0.093	0.093	0.094	0.094	0.095	0.093	1.086	1.027	0.250	0.276	1.471	0.654	1.049	1.467	1.499	1.530	0.096	0.093	1.486	1.454	1.450	1.478	1.020	1.521	1.091	1.469	0.962	0.406	0.096	0.094	1.095	1.452	0.849	0.390	0.589	1.169	1.521	0.476	1.470	1.479	0.095	0.095	1.167	0.779	1.458	1.502	1.485	1.059	0.451	1.479	0.716	1.239	0.093	0.096	1.526	1.525	0.484	0.701	0.929	1.513	0.497	1.481	1.477	1.127	0.093	0.096	1.105	1.490	1.530	0.785	1.480	1.164	1.027	0.470	0.322	1.520	0.093	0.095	0.095	0.094	0.094	0.095	0.093	0.095	0.094	0.095	0.095	0.095	0.094
70:01:07	21.8	0.093	0.094	0.094	0.094	0.093	0.094	0.093	0.093	0.093	0.094	0.094	0.095	0.093	1.098	1.029	0.250	0.298	1.482	0.709	1.059	1.478	1.524	1.541	0.096	0.092	1.494	1.463	1.461	1.485	1.030	1.463	1.103	1.480	0.983	0.449	0.095	0.093	1.109	1.461	0.875	0.429	0.653	1.194	1.512	0.534	1.482	1.486	0.095	0.094	1.175	0.843	1.470	1.514	1.497	1.075	0.498	1.488	0.783	1.259	0.093	0.095	1.545	1.541	0.536	0.753	0.935	1.469	0.555	1.482	1.489	1.137	0.092	0.096	1.115	1.506	1.545	0.848	1.494	1.177	1.039	0.513	0.374	1.527	0.093	0.094	0.094	0.093	0.094	0.094	0.093	0.095	0.094	0.095	0.095	0.095	0.093
71:01:08	22.3	0.092	0.094	0.094	0.094	0.094	0.094	0.093	0.093	0.093	0.094	0.094	0.095	0.093	1.113	1.035	0.256	0.333	1.496	0.784	1.070	1.492	1.564	1.549	0.095	0.092	1.502	1.473	1.475	1.491	1.047	1.465	1.115	1.491	1.002	0.503	0.095	0.093	1.123	1.468	0.892	0.483	0.726	1.223	1.521	0.593	1.502	1.496	0.094	0.094	1.191	0.886	1.482	1.531	1.511	1.087	0.560	1.502	0.851	1.283	0.093	0.096	1.568	1.562	0.590	0.812	0.946	1.476	0.617	1.487	1.498	1.152	0.092	0.095	1.130	1.531	1.567	0.894	1.511	1.194	1.061	0.574	0.428	1.533	0.093	0.094	0.094	0.093	0.094	0.094	0.093	0.095	0.093	0.095	0.095	0.094	0.093
72:01:09	22.5	0.093	0.094	0.094	0.094	0.094	0.094	0.094	0.093	0.093	0.094	0.093	0.095	0.093	1.126	1.048	0.265	0.371	1.507	0.851	1.090	1.506	1.478	1.559	0.096	0.093	1.511	1.483	1.487	1.499	1.062	1.468	1.125	1.506	1.023	0.572	0.096	0.094	1.135	1.478	0.910	0.549	0.807	1.258	1.477	0.651	1.530	1.505	0.094	0.094	1.206	0.908	1.497	1.550	1.525	1.096	0.617	1.513	0.883	1.305	0.093	0.096	1.593	1.587	0.648	0.855	0.963	1.483	0.678	1.492	1.501	1.165	0.093	0.096	1.145	1.559	1.598	0.916	1.524	1.210	1.084	0.626	0.492	1.542	0.093	0.094	0.094	0.093	0.094	0.094	0.093	0.095	0.094	0.095	0.095	0.094	0.093

