Time	T° 600	A1	A2	A3	A4	A5	A6	A7	A8	A9	A10	A11	A12	B1	B2	B3	B4	B5	B6	B7	B8	B9	B10	B11	B12	C1	C2	C3	C4	C5	C6	C7	C8	C9	C10	C11	C12	D1	D2	D3	D4	D5	D6	D7	D8	D9	D10	D11	D12	E1	E2	E3	E4	E5	E6	E7	E8	E9	E10	E11	E12	F1	F2	F3	F4	F5	F6	F7	F8	F9	F10	F11	F12	G1	G2	G3	G4	G5	G6	G7	G8	G9	G10	G11	G12	H1	H2	H3	H4	H5	H6	H7	H8	H9	H10	H11	H12
0:00:06	20.0	0.091	0.092	0.093	0.094	0.094	0.092	0.092	0.091	0.092	0.093	0.092	0.092	0.090	0.097	0.096	0.097	0.097	0.100	0.097	0.097	0.097	0.097	0.098	0.092	0.092	0.095	0.095	0.096	0.096	0.101	0.097	0.097	0.097	0.098	0.099	0.091	0.093	0.094	0.094	0.097	0.093	0.098	0.095	0.094	0.096	0.098	0.096	0.091	0.093	0.094	0.100	0.097	0.097	0.094	0.098	0.094	0.096	0.096	0.096	0.091	0.092	0.099	0.101	0.099	0.098	0.098	0.097	0.097	0.096	0.096	0.096	0.090	0.091	0.095	0.099	0.099	0.096	0.097	0.097	0.098	0.096	0.094	0.094	0.091	0.091	0.093	0.091	0.091	0.092	0.091	0.091	0.091	0.091	0.092	0.093	0.092
1:00:04	20.0	0.091	0.092	0.093	0.093	0.094	0.092	0.092	0.091	0.092	0.092	0.092	0.092	0.090	0.097	0.098	0.097	0.097	0.101	0.097	0.098	0.097	0.097	0.098	0.091	0.091	0.096	0.095	0.097	0.096	0.101	0.097	0.097	0.097	0.098	0.099	0.091	0.092	0.094	0.094	0.098	0.093	0.099	0.095	0.094	0.096	0.098	0.096	0.091	0.093	0.094	0.101	0.097	0.099	0.094	0.099	0.094	0.096	0.096	0.096	0.091	0.092	0.099	0.102	0.100	0.099	0.099	0.097	0.097	0.096	0.096	0.096	0.090	0.091	0.096	0.099	0.099	0.097	0.097	0.098	0.098	0.096	0.094	0.095	0.091	0.091	0.093	0.091	0.091	0.092	0.091	0.091	0.091	0.091	0.092	0.093	0.092
2:00:05	20.0	0.091	0.092	0.093	0.094	0.094	0.092	0.093	0.091	0.092	0.093	0.092	0.093	0.090	0.096	0.098	0.097	0.097	0.101	0.098	0.098	0.098	0.097	0.098	0.091	0.092	0.096	0.095	0.097	0.097	0.102	0.098	0.097	0.097	0.098	0.099	0.091	0.092	0.094	0.094	0.098	0.093	0.099	0.096	0.094	0.096	0.099	0.096	0.091	0.093	0.095	0.101	0.099	0.098	0.094	0.100	0.095	0.097	0.097	0.096	0.091	0.091	0.101	0.101	0.100	0.099	0.099	0.098	0.097	0.096	0.096	0.096	0.091	0.091	0.096	0.100	0.100	0.097	0.097	0.098	0.098	0.097	0.095	0.095	0.091	0.091	0.093	0.091	0.091	0.093	0.092	0.091	0.091	0.091	0.092	0.093	0.092
3:00:06	19.9	0.090	0.092	0.092	0.094	0.094	0.092	0.092	0.091	0.092	0.092	0.091	0.092	0.090	0.096	0.100	0.096	0.097	0.102	0.098	0.099	0.098	0.097	0.098	0.091	0.091	0.095	0.096	0.098	0.097	0.100	0.098	0.097	0.096	0.099	0.099	0.091	0.092	0.094	0.094	0.099	0.093	0.098	0.095	0.094	0.096	0.098	0.096	0.091	0.091	0.095	0.102	0.100	0.098	0.094	0.099	0.094	0.097	0.097	0.096	0.091	0.091	0.100	0.103	0.100	0.097	0.098	0.097	0.097	0.096	0.096	0.096	0.091	0.091	0.096	0.099	0.100	0.097	0.097	0.099	0.098	0.096	0.095	0.095	0.090	0.091	0.093	0.091	0.091	0.092	0.091	0.091	0.091	0.091	0.092	0.092	0.092
4:00:07	19.8	0.090	0.092	0.093	0.093	0.094	0.092	0.092	0.091	0.092	0.092	0.092	0.092	0.090	0.099	0.100	0.097	0.098	0.102	0.098	0.098	0.098	0.097	0.098	0.091	0.091	0.096	0.096	0.099	0.098	0.102	0.098	0.097	0.096	0.099	0.099	0.091	0.092	0.095	0.095	0.101	0.094	0.099	0.096	0.095	0.096	0.099	0.097	0.091	0.092	0.095	0.103	0.101	0.099	0.095	0.100	0.094	0.097	0.097	0.096	0.091	0.091	0.102	0.101	0.102	0.098	0.100	0.097	0.097	0.097	0.097	0.096	0.090	0.091	0.096	0.100	0.101	0.097	0.097	0.101	0.098	0.096	0.095	0.095	0.091	0.091	0.093	0.091	0.091	0.092	0.091	0.091	0.091	0.091	0.092	0.092	0.092
5:00:08	19.8	0.091	0.092	0.093	0.094	0.094	0.092	0.092	0.091	0.092	0.092	0.092	0.092	0.090	0.098	0.101	0.097	0.098	0.103	0.098	0.099	0.099	0.098	0.100	0.092	0.091	0.097	0.096	0.100	0.099	0.103	0.098	0.097	0.096	0.100	0.099	0.091	0.092	0.095	0.095	0.101	0.094	0.100	0.096	0.095	0.096	0.100	0.097	0.091	0.092	0.095	0.103	0.103	0.101	0.095	0.101	0.095	0.097	0.098	0.097	0.091	0.091	0.102	0.105	0.102	0.101	0.101	0.098	0.097	0.097	0.097	0.097	0.091	0.091	0.096	0.100	0.101	0.097	0.097	0.102	0.098	0.097	0.095	0.095	0.091	0.091	0.093	0.091	0.092	0.092	0.092	0.091	0.091	0.091	0.092	0.093	0.092
6:00:09	19.7	0.091	0.092	0.093	0.094	0.094	0.092	0.092	0.092	0.092	0.093	0.092	0.092	0.090	0.097	0.102	0.097	0.098	0.103	0.098	0.099	0.100	0.098	0.100	0.091	0.092	0.096	0.098	0.102	0.099	0.102	0.098	0.098	0.096	0.100	0.099	0.091	0.092	0.095	0.095	0.100	0.094	0.103	0.096	0.096	0.097	0.100	0.097	0.091	0.091	0.095	0.103	0.102	0.103	0.095	0.102	0.095	0.098	0.098	0.097	0.091	0.092	0.101	0.103	0.101	0.100	0.100	0.098	0.098	0.097	0.097	0.097	0.091	0.091	0.097	0.100	0.102	0.097	0.098	0.101	0.098	0.097	0.095	0.096	0.091	0.091	0.093	0.092	0.092	0.093	0.092	0.091	0.091	0.091	0.092	0.093	0.092
7:00:10	19.6	0.091	0.092	0.093	0.094	0.094	0.092	0.092	0.091	0.093	0.092	0.092	0.092	0.090	0.100	0.101	0.097	0.098	0.107	0.098	0.099	0.099	0.098	0.100	0.092	0.092	0.100	0.096	0.102	0.099	0.102	0.099	0.100	0.096	0.101	0.099	0.091	0.092	0.096	0.095	0.099	0.094	0.101	0.096	0.096	0.097	0.100	0.097	0.091	0.092	0.096	0.106	0.105	0.104	0.095	0.103	0.096	0.098	0.098	0.098	0.091	0.092	0.102	0.106	0.100	0.098	0.103	0.098	0.098	0.098	0.098	0.098	0.091	0.091	0.097	0.100	0.102	0.098	0.098	0.099	0.098	0.097	0.096	0.096	0.091	0.091	0.093	0.092	0.091	0.093	0.092	0.091	0.091	0.091	0.092	0.093	0.092
8:00:10	19.6	0.091	0.092	0.093	0.093	0.094	0.092	0.092	0.091	0.092	0.092	0.092	0.092	0.090	0.097	0.103	0.097	0.098	0.108	0.098	0.100	0.100	0.098	0.100	0.091	0.092	0.096	0.096	0.102	0.099	0.104	0.099	0.098	0.097	0.102	0.100	0.091	0.092	0.096	0.095	0.101	0.094	0.101	0.097	0.097	0.097	0.100	0.097	0.091	0.092	0.096	0.105	0.101	0.106	0.095	0.103	0.096	0.099	0.098	0.098	0.091	0.092	0.101	0.107	0.100	0.100	0.101	0.098	0.099	0.097	0.098	0.098	0.090	0.091	0.097	0.100	0.103	0.098	0.099	0.100	0.098	0.097	0.096	0.096	0.090	0.091	0.093	0.091	0.091	0.092	0.091	0.091	0.091	0.091	0.092	0.093	0.092
9:00:11	19.5	0.091	0.092	0.093	0.093	0.094	0.092	0.092	0.091	0.092	0.093	0.092	0.092	0.090	0.099	0.104	0.098	0.099	0.109	0.098	0.100	0.101	0.098	0.101	0.092	0.092	0.100	0.099	0.101	0.100	0.106	0.101	0.098	0.097	0.102	0.100	0.091	0.092	0.097	0.095	0.098	0.095	0.103	0.097	0.098	0.097	0.100	0.098	0.091	0.092	0.096	0.105	0.104	0.108	0.096	0.105	0.096	0.100	0.098	0.099	0.091	0.091	0.105	0.106	0.101	0.105	0.103	0.098	0.100	0.098	0.099	0.098	0.091	0.091	0.097	0.100	0.103	0.098	0.099	0.101	0.098	0.098	0.096	0.096	0.091	0.091	0.093	0.092	0.092	0.093	0.092	0.091	0.091	0.091	0.092	0.092	0.092
10:00:12	19.4	0.091	0.092	0.093	0.094	0.094	0.093	0.092	0.091	0.092	0.093	0.092	0.093	0.090	0.102	0.104	0.098	0.099	0.111	0.100	0.100	0.103	0.099	0.102	0.091	0.092	0.096	0.096	0.104	0.100	0.103	0.103	0.098	0.098	0.104	0.100	0.091	0.092	0.098	0.095	0.102	0.095	0.105	0.097	0.099	0.097	0.101	0.098	0.091	0.092	0.096	0.107	0.103	0.110	0.096	0.106	0.096	0.101	0.099	0.099	0.091	0.092	0.103	0.107	0.104	0.098	0.102	0.099	0.101	0.099	0.099	0.098	0.091	0.091	0.097	0.100	0.105	0.098	0.100	0.102	0.099	0.098	0.096	0.097	0.091	0.091	0.093	0.092	0.092	0.093	0.092	0.091	0.091	0.091	0.092	0.093	0.092
11:00:13	19.4	0.091	0.092	0.093	0.093	0.094	0.092	0.092	0.091	0.092	0.093	0.092	0.092	0.090	0.099	0.106	0.098	0.099	0.113	0.100	0.101	0.103	0.099	0.103	0.091	0.092	0.100	0.096	0.107	0.101	0.105	0.104	0.100	0.099	0.105	0.101	0.091	0.092	0.099	0.095	0.101	0.095	0.102	0.097	0.101	0.097	0.102	0.099	0.091	0.092	0.096	0.105	0.104	0.110	0.096	0.108	0.096	0.102	0.099	0.099	0.091	0.092	0.107	0.104	0.103	0.100	0.104	0.099	0.102	0.099	0.099	0.099	0.090	0.091	0.097	0.100	0.106	0.098	0.100	0.102	0.099	0.099	0.096	0.097	0.091	0.091	0.093	0.091	0.091	0.093	0.092	0.091	0.091	0.091	0.092	0.093	0.092
12:00:15	19.3	0.091	0.092	0.093	0.094	0.094	0.092	0.092	0.091	0.092	0.092	0.092	0.093	0.090	0.102	0.108	0.098	0.100	0.111	0.102	0.101	0.106	0.099	0.104	0.092	0.092	0.100	0.097	0.103	0.101	0.106	0.104	0.101	0.099	0.107	0.101	0.091	0.092	0.100	0.096	0.103	0.095	0.105	0.098	0.103	0.097	0.102	0.099	0.091	0.092	0.097	0.110	0.101	0.110	0.096	0.109	0.097	0.104	0.100	0.099	0.091	0.092	0.109	0.106	0.100	0.107	0.105	0.100	0.103	0.099	0.100	0.099	0.091	0.091	0.098	0.101	0.107	0.098	0.101	0.101	0.099	0.100	0.097	0.097	0.091	0.091	0.093	0.092	0.092	0.093	0.092	0.091	0.091	0.091	0.092	0.093	0.092
13:00:15	19.2	0.091	0.092	0.092	0.093	0.094	0.092	0.093	0.091	0.092	0.092	0.092	0.092	0.090	0.101	0.109	0.098	0.099	0.114	0.102	0.101	0.107	0.099	0.106	0.091	0.091	0.097	0.102	0.103	0.102	0.108	0.103	0.100	0.100	0.109	0.101	0.091	0.091	0.100	0.096	0.099	0.095	0.103	0.097	0.105	0.097	0.102	0.099	0.091	0.092	0.096	0.110	0.102	0.110	0.096	0.112	0.097	0.105	0.100	0.100	0.091	0.092	0.107	0.106	0.098	0.098	0.107	0.100	0.105	0.099	0.100	0.099	0.091	0.091	0.097	0.100	0.109	0.098	0.101	0.102	0.098	0.099	0.096	0.097	0.090	0.091	0.093	0.091	0.091	0.092	0.092	0.091	0.091	0.091	0.092	0.093	0.092
14:00:16	19.2	0.091	0.092	0.093	0.094	0.094	0.092	0.092	0.091	0.092	0.092	0.092	0.092	0.090	0.103	0.108	0.098	0.099	0.115	0.102	0.101	0.109	0.099	0.108	0.091	0.092	0.101	0.096	0.106	0.102	0.103	0.103	0.098	0.101	0.112	0.101	0.091	0.093	0.102	0.096	0.101	0.095	0.100	0.098	0.108	0.097	0.102	0.100	0.091	0.092	0.097	0.114	0.105	0.112	0.097	0.113	0.097	0.107	0.101	0.101	0.091	0.092	0.109	0.106	0.098	0.099	0.108	0.100	0.107	0.100	0.101	0.100	0.091	0.091	0.097	0.100	0.111	0.098	0.102	0.103	0.099	0.100	0.097	0.097	0.091	0.091	0.093	0.092	0.092	0.093	0.092	0.091	0.091	0.091	0.092	0.093	0.092
15:00:17	19.3	0.091	0.092	0.093	0.094	0.094	0.092	0.093	0.091	0.092	0.092	0.092	0.093	0.090	0.101	0.110	0.099	0.100	0.114	0.102	0.101	0.111	0.099	0.110	0.092	0.092	0.100	0.096	0.112	0.103	0.104	0.103	0.099	0.101	0.114	0.102	0.091	0.094	0.104	0.096	0.099	0.096	0.104	0.098	0.112	0.098	0.104	0.100	0.091	0.091	0.097	0.113	0.102	0.114	0.097	0.115	0.098	0.110	0.101	0.101	0.092	0.091	0.114	0.107	0.099	0.107	0.110	0.101	0.110	0.100	0.102	0.100	0.091	0.091	0.098	0.100	0.113	0.099	0.102	0.104	0.099	0.100	0.097	0.098	0.091	0.092	0.093	0.092	0.092	0.093	0.092	0.092	0.091	0.091	0.092	0.093	0.092
16:00:18	19.5	0.091	0.093	0.093	0.094	0.094	0.092	0.092	0.091	0.092	0.092	0.092	0.092	0.090	0.102	0.112	0.099	0.100	0.116	0.101	0.101	0.112	0.099	0.112	0.091	0.092	0.101	0.098	0.114	0.103	0.102	0.101	0.101	0.099	0.117	0.101	0.091	0.093	0.105	0.096	0.100	0.096	0.105	0.098	0.115	0.097	0.104	0.100	0.091	0.105	0.097	0.116	0.102	0.114	0.097	0.119	0.098	0.112	0.101	0.101	0.091	0.092	0.112	0.107	0.099	0.103	0.111	0.102	0.112	0.101	0.102	0.100	0.091	0.091	0.098	0.100	0.115	0.099	0.101	0.104	0.099	0.100	0.097	0.098	0.091	0.092	0.093	0.091	0.091	0.093	0.092	0.091	0.091	0.091	0.092	0.093	0.092
17:00:19	19.6	0.091	0.092	0.093	0.094	0.094	0.092	0.093	0.091	0.092	0.092	0.092	0.093	0.090	0.099	0.111	0.099	0.100	0.117	0.100	0.102	0.114	0.099	0.115	0.091	0.091	0.100	0.100	0.109	0.104	0.105	0.100	0.103	0.098	0.120	0.102	0.091	0.093	0.108	0.096	0.102	0.096	0.102	0.099	0.120	0.097	0.103	0.101	0.091	0.103	0.097	0.116	0.104	0.114	0.097	0.121	0.098	0.115	0.101	0.102	0.091	0.091	0.118	0.105	0.101	0.099	0.115	0.102	0.115	0.102	0.102	0.101	0.091	0.091	0.098	0.100	0.117	0.098	0.101	0.102	0.098	0.099	0.097	0.098	0.091	0.091	0.093	0.092	0.092	0.093	0.092	0.091	0.091	0.091	0.092	0.093	0.092
18:00:22	19.7	0.091	0.092	0.093	0.094	0.094	0.092	0.092	0.091	0.092	0.092	0.091	0.092	0.090	0.101	0.112	0.099	0.100	0.117	0.098	0.102	0.116	0.099	0.118	0.092	0.092	0.099	0.096	0.112	0.106	0.109	0.101	0.101	0.098	0.124	0.102	0.091	0.093	0.110	0.097	0.103	0.096	0.101	0.099	0.124	0.097	0.103	0.102	0.091	0.092	0.097	0.119	0.100	0.116	0.097	0.125	0.098	0.119	0.102	0.102	0.091	0.092	0.122	0.107	0.103	0.098	0.116	0.102	0.118	0.102	0.103	0.102	0.091	0.091	0.097	0.099	0.121	0.099	0.101	0.103	0.098	0.099	0.097	0.098	0.091	0.092	0.093	0.091	0.091	0.093	0.091	0.091	0.091	0.091	0.092	0.093	0.092
19:00:20	19.6	0.091	0.092	0.093	0.094	0.094	0.092	0.092	0.091	0.092	0.092	0.092	0.092	0.090	0.099	0.115	0.099	0.100	0.119	0.098	0.102	0.119	0.099	0.122	0.091	0.092	0.100	0.096	0.117	0.108	0.104	0.101	0.099	0.100	0.128	0.102	0.091	0.094	0.113	0.097	0.107	0.096	0.105	0.099	0.128	0.097	0.105	0.102	0.091	0.092	0.098	0.120	0.101	0.120	0.098	0.129	0.098	0.123	0.103	0.102	0.091	0.092	0.120	0.105	0.102	0.100	0.121	0.102	0.121	0.102	0.103	0.102	0.091	0.091	0.098	0.100	0.124	0.099	0.100	0.102	0.098	0.098	0.098	0.098	0.091	0.091	0.093	0.092	0.091	0.093	0.092	0.091	0.091	0.091	0.092	0.093	0.092
20:00:21	19.5	0.091	0.092	0.093	0.094	0.095	0.092	0.092	0.091	0.092	0.093	0.092	0.093	0.090	0.101	0.118	0.100	0.101	0.120	0.102	0.102	0.121	0.100	0.127	0.091	0.092	0.099	0.099	0.116	0.110	0.104	0.101	0.100	0.102	0.132	0.103	0.091	0.094	0.116	0.097	0.104	0.096	0.105	0.100	0.132	0.098	0.105	0.102	0.091	0.091	0.098	0.121	0.104	0.122	0.098	0.131	0.099	0.127	0.103	0.103	0.091	0.092	0.122	0.105	0.099	0.106	0.123	0.102	0.124	0.103	0.103	0.103	0.091	0.091	0.098	0.100	0.127	0.099	0.099	0.102	0.098	0.098	0.098	0.099	0.091	0.092	0.093	0.092	0.092	0.093	0.092	0.091	0.091	0.091	0.092	0.093	0.092
21:00:22	19.5	0.091	0.092	0.093	0.094	0.094	0.092	0.092	0.091	0.092	0.092	0.092	0.092	0.090	0.098	0.122	0.099	0.101	0.121	0.104	0.103	0.122	0.099	0.132	0.091	0.092	0.098	0.099	0.117	0.114	0.109	0.100	0.102	0.103	0.135	0.103	0.091	0.094	0.118	0.097	0.105	0.096	0.102	0.099	0.135	0.097	0.106	0.102	0.091	0.092	0.098	0.126	0.100	0.127	0.098	0.134	0.099	0.131	0.104	0.104	0.091	0.092	0.125	0.106	0.100	0.101	0.129	0.101	0.128	0.103	0.103	0.103	0.090	0.091	0.098	0.099	0.130	0.099	0.098	0.102	0.098	0.098	0.098	0.098	0.090	0.091	0.093	0.091	0.092	0.093	0.092	0.091	0.091	0.091	0.092	0.093	0.092
22:00:23	19.4	0.091	0.092	0.093	0.093	0.094	0.092	0.092	0.091	0.092	0.092	0.092	0.092	0.090	0.100	0.123	0.100	0.101	0.125	0.104	0.102	0.125	0.100	0.136	0.091	0.092	0.098	0.096	0.122	0.118	0.103	0.099	0.101	0.102	0.138	0.103	0.091	0.093	0.122	0.098	0.104	0.096	0.101	0.100	0.138	0.098	0.105	0.103	0.091	0.092	0.098	0.127	0.101	0.136	0.098	0.138	0.099	0.135	0.105	0.105	0.092	0.092	0.131	0.104	0.101	0.101	0.131	0.101	0.131	0.104	0.104	0.104	0.091	0.091	0.098	0.099	0.134	0.099	0.099	0.103	0.098	0.097	0.098	0.099	0.091	0.092	0.093	0.092	0.092	0.093	0.091	0.091	0.091	0.092	0.092	0.093	0.093
23:00:24	19.5	0.091	0.092	0.093	0.094	0.094	0.092	0.092	0.091	0.092	0.093	0.092	0.093	0.090	0.099	0.123	0.100	0.101	0.126	0.104	0.103	0.130	0.100	0.140	0.091	0.092	0.098	0.097	0.121	0.119	0.102	0.098	0.100	0.105	0.140	0.103	0.091	0.093	0.125	0.098	0.104	0.096	0.105	0.100	0.141	0.098	0.107	0.103	0.091	0.092	0.099	0.129	0.099	0.136	0.098	0.141	0.100	0.138	0.104	0.106	0.092	0.092	0.134	0.104	0.099	0.105	0.132	0.101	0.134	0.105	0.106	0.104	0.091	0.091	0.099	0.099	0.137	0.099	0.098	0.103	0.098	0.097	0.098	0.099	0.091	0.092	0.094	0.092	0.092	0.093	0.092	0.091	0.091	0.091	0.092	0.093	0.093
24:00:25	19.5	0.091	0.092	0.093	0.094	0.094	0.092	0.092	0.091	0.092	0.092	0.092	0.092	0.090	0.100	0.125	0.100	0.101	0.128	0.103	0.102	0.134	0.100	0.144	0.091	0.092	0.097	0.097	0.124	0.123	0.107	0.098	0.101	0.103	0.142	0.104	0.091	0.093	0.129	0.097	0.103	0.096	0.100	0.100	0.144	0.098	0.105	0.103	0.091	0.092	0.099	0.131	0.099	0.137	0.098	0.143	0.100	0.139	0.103	0.106	0.091	0.092	0.136	0.104	0.099	0.102	0.136	0.100	0.137	0.103	0.106	0.104	0.091	0.091	0.098	0.099	0.141	0.099	0.098	0.103	0.098	0.097	0.098	0.099	0.091	0.091	0.093	0.092	0.092	0.093	0.092	0.091	0.091	0.091	0.092	0.093	0.093
25:00:26	19.5	0.090	0.092	0.093	0.093	0.094	0.092	0.092	0.091	0.092	0.092	0.092	0.092	0.090	0.102	0.128	0.100	0.101	0.135	0.102	0.102	0.136	0.100	0.147	0.092	0.092	0.097	0.098	0.125	0.126	0.105	0.099	0.100	0.102	0.144	0.104	0.091	0.092	0.132	0.097	0.103	0.096	0.099	0.100	0.147	0.097	0.105	0.104	0.091	0.091	0.099	0.133	0.103	0.144	0.098	0.147	0.100	0.141	0.103	0.105	0.091	0.092	0.136	0.102	0.099	0.103	0.139	0.100	0.139	0.102	0.106	0.104	0.090	0.091	0.098	0.099	0.144	0.099	0.097	0.102	0.098	0.097	0.099	0.099	0.091	0.092	0.093	0.092	0.092	0.093	0.092	0.091	0.091	0.091	0.092	0.092	0.093
26:00:27	19.4	0.091	0.092	0.093	0.094	0.094	0.092	0.092	0.091	0.092	0.092	0.092	0.093	0.090	0.100	0.132	0.100	0.101	0.138	0.100	0.102	0.141	0.100	0.151	0.091	0.092	0.096	0.098	0.127	0.129	0.103	0.100	0.100	0.104	0.146	0.104	0.091	0.094	0.136	0.098	0.103	0.096	0.101	0.101	0.150	0.098	0.106	0.102	0.091	0.093	0.099	0.135	0.100	0.144	0.098	0.151	0.100	0.143	0.105	0.105	0.091	0.091	0.137	0.102	0.098	0.105	0.141	0.100	0.142	0.102	0.106	0.104	0.091	0.091	0.099	0.099	0.149	0.099	0.097	0.101	0.098	0.096	0.099	0.099	0.091	0.092	0.093	0.092	0.092	0.093	0.092	0.091	0.091	0.091	0.092	0.093	0.092
27:00:28	19.4	0.091	0.092	0.093	0.094	0.094	0.092	0.093	0.091	0.092	0.092	0.092	0.092	0.090	0.105	0.135	0.100	0.101	0.140	0.100	0.101	0.143	0.100	0.155	0.092	0.091	0.095	0.097	0.130	0.134	0.106	0.100	0.100	0.102	0.148	0.106	0.091	0.094	0.140	0.098	0.102	0.096	0.102	0.101	0.154	0.098	0.104	0.103	0.091	0.091	0.099	0.139	0.100	0.148	0.099	0.155	0.101	0.146	0.105	0.107	0.091	0.092	0.137	0.102	0.098	0.100	0.145	0.099	0.144	0.103	0.106	0.105	0.090	0.091	0.098	0.099	0.154	0.099	0.097	0.100	0.098	0.096	0.099	0.100	0.091	0.092	0.093	0.092	0.092	0.093	0.092	0.091	0.091	0.091	0.092	0.093	0.092
28:00:28	19.4	0.091	0.092	0.093	0.094	0.094	0.092	0.092	0.091	0.092	0.092	0.092	0.092	0.090	0.099	0.139	0.099	0.101	0.146	0.100	0.099	0.147	0.100	0.160	0.091	0.092	0.095	0.097	0.133	0.138	0.101	0.100	0.100	0.102	0.152	0.105	0.091	0.093	0.144	0.098	0.102	0.095	0.102	0.101	0.158	0.097	0.104	0.102	0.091	0.092	0.099	0.142	0.100	0.152	0.098	0.160	0.101	0.148	0.105	0.107	0.091	0.091	0.140	0.101	0.098	0.102	0.150	0.099	0.147	0.103	0.106	0.105	0.091	0.091	0.098	0.099	0.159	0.099	0.097	0.100	0.098	0.096	0.099	0.100	0.091	0.092	0.093	0.092	0.091	0.093	0.092	0.091	0.091	0.091	0.091	0.093	0.092
29:00:29	19.3	0.091	0.092	0.093	0.093	0.094	0.092	0.093	0.091	0.092	0.092	0.092	0.092	0.090	0.100	0.142	0.100	0.101	0.153	0.099	0.101	0.152	0.100	0.165	0.092	0.092	0.095	0.097	0.136	0.144	0.102	0.099	0.099	0.100	0.154	0.106	0.091	0.093	0.149	0.098	0.101	0.095	0.099	0.101	0.162	0.098	0.105	0.102	0.091	0.093	0.099	0.145	0.098	0.156	0.098	0.167	0.101	0.150	0.105	0.107	0.091	0.092	0.143	0.100	0.097	0.103	0.154	0.099	0.151	0.103	0.105	0.105	0.091	0.091	0.098	0.099	0.166	0.099	0.097	0.101	0.098	0.096	0.099	0.100	0.091	0.092	0.093	0.092	0.092	0.093	0.092	0.091	0.091	0.091	0.092	0.093	0.092
30:00:31	19.2	0.091	0.092	0.093	0.094	0.094	0.092	0.092	0.091	0.092	0.092	0.092	0.092	0.090	0.106	0.147	0.100	0.100	0.158	0.098	0.101	0.156	0.100	0.170	0.092	0.092	0.095	0.097	0.141	0.150	0.102	0.099	0.099	0.101	0.158	0.107	0.091	0.093	0.155	0.098	0.101	0.095	0.102	0.101	0.167	0.097	0.105	0.102	0.091	0.091	0.099	0.148	0.101	0.161	0.098	0.173	0.101	0.154	0.105	0.107	0.091	0.092	0.147	0.100	0.097	0.101	0.160	0.099	0.154	0.102	0.105	0.105	0.091	0.091	0.098	0.099	0.174	0.099	0.097	0.101	0.098	0.096	0.099	0.100	0.091	0.092	0.093	0.092	0.092	0.093	0.091	0.091	0.091	0.091	0.092	0.093	0.092
31:00:32	19.2	0.091	0.092	0.093	0.094	0.095	0.093	0.093	0.092	0.092	0.092	0.092	0.093	0.090	0.099	0.152	0.100	0.101	0.165	0.098	0.102	0.161	0.100	0.177	0.092	0.092	0.095	0.097	0.146	0.157	0.101	0.097	0.099	0.100	0.163	0.106	0.091	0.093	0.161	0.098	0.101	0.096	0.101	0.102	0.172	0.098	0.104	0.102	0.091	0.092	0.099	0.152	0.098	0.168	0.099	0.182	0.102	0.158	0.105	0.107	0.091	0.092	0.153	0.100	0.097	0.100	0.167	0.099	0.160	0.103	0.105	0.105	0.091	0.091	0.098	0.099	0.183	0.099	0.098	0.101	0.098	0.096	0.100	0.100	0.091	0.092	0.094	0.092	0.092	0.093	0.092	0.091	0.091	0.091	0.092	0.093	0.093
32:00:32	19.2	0.091	0.092	0.093	0.094	0.094	0.092	0.093	0.091	0.092	0.092	0.092	0.093	0.090	0.099	0.157	0.100	0.100	0.173	0.097	0.103	0.166	0.100	0.183	0.091	0.092	0.095	0.097	0.152	0.164	0.102	0.098	0.100	0.101	0.168	0.107	0.091	0.093	0.168	0.098	0.101	0.095	0.099	0.102	0.177	0.098	0.104	0.102	0.091	0.093	0.099	0.157	0.098	0.175	0.099	0.191	0.102	0.163	0.105	0.106	0.092	0.092	0.158	0.099	0.097	0.101	0.175	0.099	0.165	0.102	0.105	0.105	0.091	0.091	0.098	0.099	0.193	0.099	0.097	0.099	0.098	0.096	0.099	0.100	0.091	0.092	0.093	0.092	0.092	0.093	0.092	0.092	0.091	0.091	0.092	0.093	0.093
33:00:33	19.1	0.091	0.093	0.093	0.094	0.095	0.093	0.093	0.092	0.093	0.093	0.092	0.093	0.090	0.105	0.163	0.100	0.100	0.182	0.097	0.103	0.172	0.100	0.191	0.092	0.092	0.094	0.097	0.157	0.172	0.101	0.099	0.099	0.101	0.174	0.107	0.091	0.092	0.175	0.098	0.101	0.095	0.102	0.102	0.184	0.098	0.104	0.102	0.091	0.093	0.099	0.162	0.099	0.183	0.099	0.201	0.102	0.169	0.105	0.106	0.091	0.092	0.164	0.100	0.097	0.101	0.184	0.099	0.171	0.102	0.105	0.105	0.091	0.091	0.098	0.099	0.203	0.099	0.097	0.099	0.098	0.096	0.100	0.100	0.091	0.092	0.094	0.092	0.092	0.093	0.092	0.091	0.091	0.091	0.092	0.093	0.092
34:00:34	19.1	0.091	0.092	0.093	0.094	0.094	0.092	0.092	0.091	0.092	0.092	0.092	0.092	0.090	0.098	0.169	0.100	0.100	0.192	0.097	0.102	0.179	0.100	0.198	0.092	0.092	0.094	0.096	0.163	0.180	0.101	0.098	0.098	0.100	0.180	0.108	0.091	0.093	0.183	0.098	0.100	0.095	0.099	0.102	0.190	0.097	0.103	0.102	0.091	0.093	0.099	0.167	0.097	0.191	0.099	0.210	0.102	0.176	0.104	0.106	0.091	0.091	0.170	0.099	0.096	0.100	0.192	0.099	0.178	0.103	0.105	0.105	0.091	0.091	0.098	0.098	0.214	0.099	0.097	0.099	0.098	0.096	0.100	0.100	0.091	0.092	0.093	0.092	0.092	0.093	0.092	0.091	0.091	0.091	0.092	0.093	0.093
35:00:35	19.1	0.091	0.092	0.093	0.093	0.094	0.092	0.092	0.091	0.092	0.092	0.092	0.092	0.090	0.099	0.177	0.100	0.100	0.203	0.097	0.103	0.186	0.100	0.207	0.092	0.092	0.094	0.095	0.169	0.189	0.100	0.097	0.098	0.099	0.188	0.107	0.091	0.093	0.192	0.097	0.100	0.095	0.098	0.102	0.197	0.097	0.103	0.102	0.091	0.092	0.098	0.174	0.098	0.201	0.099	0.221	0.102	0.183	0.104	0.105	0.091	0.092	0.176	0.099	0.096	0.099	0.202	0.099	0.185	0.102	0.104	0.105	0.090	0.091	0.098	0.098	0.224	0.099	0.097	0.099	0.098	0.096	0.099	0.100	0.091	0.092	0.093	0.092	0.091	0.093	0.091	0.091	0.091	0.091	0.092	0.093	0.092
36:00:36	19.1	0.091	0.092	0.093	0.094	0.094	0.093	0.093	0.091	0.092	0.092	0.092	0.092	0.090	0.102	0.184	0.100	0.100	0.215	0.100	0.102	0.196	0.100	0.217	0.091	0.091	0.094	0.095	0.177	0.199	0.101	0.098	0.098	0.099	0.196	0.107	0.091	0.092	0.201	0.098	0.099	0.095	0.099	0.102	0.204	0.097	0.102	0.102	0.091	0.091	0.099	0.182	0.097	0.211	0.099	0.234	0.103	0.192	0.104	0.104	0.091	0.092	0.185	0.099	0.096	0.099	0.214	0.099	0.193	0.102	0.104	0.105	0.091	0.091	0.098	0.099	0.236	0.099	0.097	0.098	0.098	0.096	0.100	0.100	0.090	0.091	0.093	0.092	0.092	0.093	0.092	0.091	0.091	0.091	0.092	0.093	0.092
37:00:36	19.1	0.091	0.092	0.093	0.094	0.095	0.093	0.093	0.091	0.092	0.092	0.092	0.092	0.090	0.101	0.193	0.099	0.100	0.228	0.100	0.102	0.206	0.100	0.229	0.091	0.092	0.094	0.095	0.185	0.209	0.099	0.097	0.098	0.099	0.206	0.107	0.091	0.092	0.210	0.098	0.099	0.095	0.098	0.102	0.212	0.097	0.102	0.102	0.091	0.091	0.099	0.190	0.098	0.223	0.099	0.246	0.103	0.202	0.103	0.104	0.091	0.092	0.193	0.099	0.097	0.099	0.225	0.099	0.203	0.102	0.104	0.105	0.091	0.091	0.098	0.099	0.247	0.099	0.097	0.098	0.098	0.096	0.099	0.100	0.091	0.092	0.093	0.092	0.092	0.093	0.092	0.091	0.091	0.092	0.092	0.093	0.092
38:00:37	19.1	0.091	0.092	0.093	0.094	0.095	0.093	0.093	0.091	0.092	0.092	0.092	0.093	0.090	0.098	0.203	0.099	0.100	0.243	0.097	0.101	0.219	0.100	0.241	0.092	0.092	0.094	0.095	0.195	0.221	0.099	0.097	0.098	0.099	0.218	0.107	0.091	0.092	0.221	0.098	0.099	0.095	0.100	0.102	0.220	0.097	0.103	0.102	0.091	0.091	0.099	0.200	0.097	0.235	0.099	0.259	0.104	0.213	0.104	0.105	0.091	0.093	0.204	0.099	0.097	0.099	0.239	0.099	0.213	0.103	0.104	0.105	0.091	0.091	0.098	0.099	0.258	0.099	0.097	0.098	0.098	0.096	0.100	0.101	0.091	0.093	0.094	0.092	0.092	0.093	0.092	0.091	0.091	0.091	0.092	0.093	0.093
39:00:39	19.1	0.091	0.092	0.093	0.094	0.094	0.093	0.093	0.091	0.092	0.092	0.092	0.092	0.090	0.100	0.214	0.099	0.099	0.256	0.096	0.101	0.232	0.100	0.252	0.092	0.092	0.094	0.095	0.204	0.234	0.099	0.097	0.097	0.098	0.229	0.107	0.091	0.092	0.231	0.097	0.098	0.095	0.098	0.102	0.229	0.097	0.102	0.101	0.091	0.091	0.099	0.210	0.097	0.247	0.099	0.272	0.104	0.225	0.103	0.105	0.091	0.092	0.216	0.099	0.096	0.099	0.253	0.099	0.224	0.103	0.103	0.105	0.091	0.091	0.098	0.098	0.268	0.099	0.097	0.098	0.098	0.096	0.100	0.100	0.091	0.092	0.094	0.092	0.092	0.093	0.092	0.091	0.091	0.091	0.092	0.093	0.092
40:00:39	19.1	0.091	0.092	0.093	0.094	0.094	0.093	0.093	0.091	0.092	0.093	0.092	0.092	0.091	0.101	0.225	0.100	0.099	0.269	0.098	0.101	0.245	0.100	0.264	0.092	0.092	0.094	0.095	0.217	0.249	0.099	0.096	0.098	0.098	0.240	0.107	0.091	0.094	0.242	0.097	0.098	0.095	0.098	0.102	0.239	0.097	0.102	0.102	0.091	0.092	0.099	0.222	0.097	0.260	0.099	0.286	0.104	0.236	0.103	0.104	0.092	0.092	0.230	0.099	0.096	0.099	0.267	0.099	0.235	0.102	0.103	0.105	0.091	0.091	0.097	0.099	0.279	0.099	0.097	0.098	0.098	0.096	0.100	0.101	0.091	0.092	0.093	0.092	0.092	0.093	0.092	0.092	0.091	0.091	0.092	0.093	0.092
41:00:40	19.2	0.091	0.092	0.093	0.094	0.094	0.092	0.092	0.091	0.092	0.093	0.092	0.092	0.090	0.099	0.238	0.099	0.099	0.282	0.096	0.101	0.258	0.100	0.275	0.091	0.091	0.094	0.095	0.230	0.263	0.098	0.096	0.098	0.098	0.253	0.107	0.091	0.093	0.254	0.097	0.097	0.094	0.098	0.102	0.247	0.097	0.102	0.101	0.091	0.091	0.098	0.234	0.097	0.273	0.099	0.299	0.104	0.248	0.103	0.104	0.091	0.092	0.244	0.098	0.096	0.098	0.281	0.099	0.247	0.102	0.103	0.105	0.091	0.091	0.097	0.099	0.290	0.099	0.097	0.098	0.098	0.096	0.099	0.100	0.091	0.092	0.093	0.091	0.092	0.093	0.092	0.091	0.091	0.091	0.092	0.093	0.092
42:00:41	19.2	0.091	0.092	0.093	0.093	0.094	0.092	0.092	0.091	0.092	0.092	0.092	0.092	0.090	0.097	0.252	0.099	0.099	0.295	0.096	0.099	0.272	0.099	0.288	0.091	0.091	0.093	0.094	0.244	0.279	0.099	0.096	0.097	0.097	0.265	0.107	0.091	0.093	0.266	0.097	0.097	0.094	0.097	0.102	0.256	0.097	0.102	0.101	0.091	0.091	0.098	0.246	0.098	0.286	0.098	0.312	0.104	0.260	0.102	0.104	0.091	0.092	0.259	0.098	0.096	0.098	0.295	0.099	0.258	0.101	0.102	0.105	0.090	0.091	0.096	0.098	0.299	0.099	0.097	0.098	0.097	0.096	0.099	0.100	0.091	0.092	0.093	0.091	0.092	0.092	0.092	0.091	0.091	0.091	0.092	0.093	0.092
43:00:43	19.1	0.091	0.092	0.093	0.094	0.094	0.093	0.093	0.091	0.092	0.092	0.092	0.092	0.090	0.098	0.267	0.099	0.099	0.311	0.096	0.099	0.287	0.100	0.301	0.091	0.092	0.094	0.095	0.259	0.294	0.099	0.096	0.097	0.097	0.278	0.107	0.091	0.094	0.275	0.097	0.097	0.095	0.098	0.103	0.265	0.097	0.102	0.101	0.091	0.091	0.099	0.259	0.097	0.300	0.099	0.327	0.104	0.272	0.103	0.104	0.091	0.092	0.274	0.098	0.096	0.098	0.309	0.099	0.271	0.102	0.102	0.105	0.091	0.091	0.097	0.098	0.310	0.099	0.097	0.098	0.098	0.096	0.100	0.100	0.091	0.092	0.093	0.092	0.092	0.093	0.092	0.091	0.091	0.092	0.092	0.093	0.092
44:00:44	19.0	0.091	0.092	0.093	0.094	0.094	0.092	0.093	0.091	0.092	0.092	0.091	0.092	0.090	0.098	0.281	0.099	0.099	0.326	0.097	0.099	0.301	0.099	0.311	0.091	0.091	0.093	0.094	0.274	0.310	0.098	0.096	0.097	0.097	0.289	0.107	0.091	0.092	0.285	0.097	0.097	0.094	0.098	0.103	0.275	0.097	0.102	0.101	0.091	0.092	0.098	0.273	0.097	0.314	0.099	0.339	0.104	0.284	0.102	0.103	0.091	0.092	0.289	0.098	0.096	0.098	0.322	0.099	0.283	0.102	0.102	0.104	0.091	0.091	0.097	0.098	0.320	0.099	0.096	0.098	0.098	0.095	0.100	0.100	0.090	0.092	0.093	0.092	0.092	0.093	0.092	0.091	0.091	0.091	0.092	0.093	0.092
45:00:44	18.9	0.091	0.092	0.093	0.094	0.094	0.092	0.092	0.091	0.092	0.092	0.092	0.092	0.090	0.098	0.294	0.099	0.099	0.340	0.096	0.098	0.313	0.100	0.322	0.092	0.092	0.093	0.094	0.288	0.324	0.099	0.096	0.097	0.097	0.300	0.107	0.091	0.093	0.294	0.097	0.097	0.094	0.097	0.103	0.284	0.097	0.102	0.101	0.091	0.091	0.098	0.286	0.097	0.327	0.099	0.353	0.104	0.296	0.102	0.103	0.091	0.092	0.304	0.098	0.096	0.097	0.336	0.099	0.295	0.102	0.102	0.104	0.091	0.091	0.097	0.098	0.330	0.099	0.097	0.098	0.098	0.096	0.100	0.100	0.091	0.092	0.093	0.092	0.092	0.093	0.092	0.091	0.091	0.092	0.092	0.093	0.092
46:00:45	18.9	0.091	0.092	0.093	0.093	0.095	0.093	0.092	0.091	0.092	0.092	0.092	0.092	0.090	0.096	0.308	0.099	0.099	0.352	0.096	0.098	0.324	0.100	0.333	0.091	0.092	0.094	0.094	0.302	0.338	0.098	0.096	0.097	0.097	0.311	0.107	0.091	0.093	0.305	0.097	0.096	0.094	0.097	0.103	0.295	0.097	0.102	0.101	0.091	0.092	0.098	0.299	0.097	0.341	0.099	0.365	0.105	0.308	0.102	0.103	0.091	0.092	0.318	0.098	0.096	0.098	0.349	0.099	0.306	0.101	0.102	0.104	0.091	0.091	0.096	0.098	0.341	0.099	0.096	0.098	0.098	0.096	0.100	0.101	0.091	0.092	0.093	0.092	0.092	0.093	0.092	0.091	0.091	0.091	0.092	0.093	0.092
47:00:45	18.9	0.091	0.092	0.093	0.094	0.095	0.093	0.093	0.091	0.092	0.092	0.092	0.092	0.090	0.096	0.319	0.099	0.099	0.362	0.096	0.096	0.335	0.099	0.343	0.091	0.091	0.094	0.094	0.315	0.351	0.099	0.096	0.097	0.096	0.322	0.107	0.091	0.092	0.315	0.097	0.096	0.094	0.098	0.103	0.304	0.097	0.101	0.101	0.091	0.093	0.098	0.311	0.096	0.354	0.099	0.377	0.105	0.318	0.102	0.103	0.091	0.093	0.331	0.098	0.096	0.097	0.361	0.098	0.317	0.101	0.101	0.104	0.091	0.091	0.096	0.098	0.352	0.099	0.097	0.098	0.098	0.096	0.100	0.100	0.091	0.092	0.093	0.091	0.092	0.093	0.092	0.091	0.091	0.091	0.092	0.093	0.092
48:00:46	19.0	0.091	0.092	0.093	0.094	0.094	0.092	0.092	0.091	0.092	0.092	0.092	0.092	0.090	0.095	0.330	0.099	0.099	0.374	0.096	0.098	0.346	0.099	0.354	0.091	0.092	0.093	0.094	0.328	0.364	0.098	0.096	0.097	0.096	0.332	0.106	0.091	0.092	0.324	0.097	0.096	0.094	0.097	0.103	0.314	0.097	0.101	0.100	0.091	0.092	0.098	0.324	0.096	0.367	0.099	0.389	0.104	0.330	0.102	0.103	0.091	0.094	0.344	0.098	0.096	0.097	0.372	0.099	0.328	0.101	0.102	0.103	0.090	0.091	0.096	0.098	0.363	0.099	0.096	0.098	0.098	0.096	0.100	0.101	0.091	0.092	0.093	0.092	0.092	0.093	0.092	0.091	0.091	0.091	0.091	0.093	0.092
49:00:48	19.0	0.091	0.092	0.093	0.094	0.095	0.092	0.093	0.092	0.092	0.092	0.092	0.092	0.090	0.096	0.342	0.099	0.099	0.384	0.096	0.098	0.356	0.099	0.365	0.092	0.092	0.093	0.094	0.341	0.376	0.098	0.096	0.097	0.096	0.342	0.106	0.091	0.092	0.334	0.097	0.096	0.094	0.097	0.103	0.322	0.097	0.101	0.100	0.091	0.092	0.098	0.336	0.096	0.380	0.098	0.400	0.105	0.340	0.102	0.103	0.091	0.095	0.355	0.098	0.096	0.097	0.384	0.099	0.338	0.101	0.101	0.104	0.091	0.091	0.097	0.099	0.373	0.100	0.097	0.098	0.098	0.096	0.099	0.101	0.091	0.092	0.093	0.092	0.092	0.093	0.092	0.092	0.091	0.091	0.092	0.093	0.092
50:00:48	19.1	0.091	0.093	0.093	0.094	0.094	0.093	0.093	0.091	0.092	0.092	0.092	0.093	0.090	0.095	0.353	0.099	0.099	0.396	0.096	0.098	0.367	0.100	0.375	0.092	0.092	0.093	0.094	0.353	0.388	0.099	0.096	0.097	0.096	0.352	0.106	0.091	0.093	0.345	0.097	0.096	0.094	0.098	0.104	0.333	0.097	0.101	0.100	0.091	0.091	0.098	0.347	0.096	0.393	0.099	0.410	0.104	0.350	0.102	0.102	0.092	0.095	0.366	0.098	0.096	0.097	0.394	0.099	0.349	0.101	0.101	0.103	0.091	0.091	0.097	0.099	0.385	0.099	0.097	0.098	0.098	0.096	0.100	0.101	0.091	0.092	0.094	0.092	0.092	0.093	0.092	0.092	0.091	0.092	0.092	0.093	0.092
51:00:50	19.2	0.091	0.092	0.093	0.093	0.094	0.093	0.092	0.091	0.092	0.092	0.092	0.092	0.090	0.095	0.364	0.098	0.098	0.408	0.096	0.097	0.378	0.099	0.385	0.091	0.091	0.093	0.094	0.366	0.400	0.098	0.096	0.097	0.096	0.363	0.106	0.091	0.092	0.355	0.097	0.096	0.094	0.097	0.104	0.341	0.097	0.100	0.100	0.091	0.092	0.097	0.358	0.096	0.405	0.099	0.420	0.105	0.361	0.101	0.102	0.091	0.097	0.378	0.098	0.096	0.097	0.405	0.099	0.358	0.101	0.101	0.103	0.091	0.091	0.096	0.098	0.396	0.100	0.097	0.098	0.098	0.096	0.099	0.100	0.091	0.092	0.093	0.092	0.092	0.093	0.092	0.092	0.091	0.091	0.092	0.093	0.092
52:00:49	19.2	0.091	0.092	0.093	0.094	0.095	0.092	0.093	0.091	0.092	0.092	0.092	0.092	0.090	0.095	0.374	0.098	0.099	0.420	0.096	0.097	0.388	0.099	0.394	0.092	0.092	0.094	0.094	0.378	0.411	0.098	0.096	0.097	0.096	0.373	0.106	0.091	0.092	0.364	0.097	0.096	0.094	0.097	0.104	0.350	0.097	0.100	0.100	0.091	0.092	0.098	0.370	0.096	0.417	0.099	0.432	0.105	0.372	0.101	0.102	0.091	0.100	0.389	0.098	0.096	0.097	0.415	0.099	0.368	0.101	0.100	0.103	0.091	0.091	0.096	0.099	0.407	0.100	0.097	0.098	0.099	0.096	0.099	0.101	0.091	0.092	0.094	0.092	0.092	0.093	0.092	0.092	0.091	0.092	0.092	0.093	0.092
53:00:51	19.2	0.091	0.092	0.093	0.094	0.095	0.092	0.093	0.091	0.092	0.092	0.092	0.092	0.090	0.095	0.385	0.098	0.099	0.429	0.096	0.097	0.396	0.099	0.403	0.092	0.092	0.093	0.094	0.388	0.421	0.098	0.096	0.097	0.096	0.382	0.105	0.091	0.094	0.373	0.096	0.096	0.094	0.097	0.105	0.360	0.097	0.100	0.100	0.091	0.092	0.098	0.379	0.096	0.427	0.099	0.442	0.104	0.381	0.101	0.102	0.091	0.102	0.398	0.098	0.096	0.097	0.425	0.099	0.378	0.100	0.100	0.103	0.091	0.091	0.097	0.098	0.419	0.100	0.097	0.098	0.099	0.096	0.099	0.101	0.091	0.092	0.094	0.092	0.092	0.093	0.092	0.091	0.091	0.092	0.092	0.093	0.092
54:00:53	19.3	0.091	0.092	0.093	0.093	0.094	0.092	0.093	0.091	0.092	0.092	0.092	0.092	0.090	0.095	0.394	0.099	0.099	0.439	0.096	0.096	0.406	0.099	0.412	0.091	0.092	0.093	0.094	0.398	0.432	0.098	0.096	0.097	0.095	0.392	0.105	0.091	0.093	0.384	0.096	0.096	0.094	0.096	0.105	0.369	0.096	0.100	0.100	0.091	0.092	0.097	0.388	0.096	0.438	0.098	0.451	0.104	0.391	0.101	0.102	0.091	0.107	0.408	0.098	0.096	0.097	0.436	0.098	0.387	0.100	0.100	0.103	0.091	0.091	0.096	0.098	0.430	0.100	0.097	0.098	0.098	0.096	0.099	0.101	0.091	0.092	0.094	0.092	0.092	0.093	0.092	0.091	0.091	0.091	0.092	0.093	0.092
55:00:53	19.3	0.091	0.092	0.092	0.093	0.094	0.092	0.093	0.091	0.092	0.092	0.092	0.092	0.090	0.095	0.401	0.098	0.099	0.447	0.096	0.096	0.414	0.099	0.420	0.091	0.091	0.093	0.094	0.408	0.443	0.098	0.095	0.097	0.095	0.400	0.105	0.091	0.092	0.393	0.096	0.095	0.094	0.096	0.105	0.377	0.096	0.100	0.099	0.091	0.092	0.097	0.397	0.096	0.448	0.099	0.462	0.104	0.400	0.100	0.101	0.091	0.111	0.417	0.098	0.096	0.097	0.445	0.099	0.396	0.100	0.099	0.102	0.091	0.091	0.096	0.098	0.441	0.100	0.097	0.099	0.099	0.096	0.098	0.100	0.090	0.092	0.093	0.092	0.092	0.093	0.092	0.091	0.091	0.091	0.092	0.093	0.092
56:00:54	19.3	0.091	0.092	0.093	0.094	0.094	0.092	0.093	0.091	0.092	0.093	0.092	0.092	0.090	0.095	0.410	0.098	0.100	0.456	0.096	0.096	0.424	0.099	0.429	0.092	0.092	0.094	0.094	0.418	0.451	0.098	0.096	0.097	0.095	0.410	0.105	0.091	0.093	0.403	0.096	0.095	0.093	0.096	0.106	0.386	0.097	0.100	0.099	0.091	0.092	0.097	0.407	0.096	0.457	0.099	0.473	0.104	0.409	0.101	0.101	0.092	0.116	0.426	0.098	0.096	0.097	0.455	0.099	0.406	0.100	0.099	0.102	0.091	0.091	0.096	0.098	0.452	0.100	0.097	0.099	0.099	0.096	0.098	0.101	0.091	0.092	0.094	0.092	0.092	0.093	0.092	0.091	0.092	0.092	0.092	0.093	0.092
57:00:54	19.3	0.091	0.092	0.093	0.093	0.095	0.092	0.092	0.091	0.092	0.092	0.092	0.092	0.090	0.095	0.419	0.098	0.100	0.465	0.096	0.096	0.433	0.098	0.438	0.092	0.092	0.093	0.094	0.427	0.460	0.098	0.095	0.097	0.095	0.419	0.105	0.091	0.093	0.413	0.096	0.095	0.094	0.096	0.106	0.395	0.096	0.100	0.099	0.091	0.092	0.097	0.416	0.096	0.469	0.099	0.484	0.104	0.418	0.100	0.101	0.091	0.120	0.438	0.098	0.096	0.097	0.464	0.099	0.415	0.100	0.099	0.102	0.091	0.091	0.096	0.098	0.463	0.100	0.097	0.099	0.099	0.095	0.098	0.100	0.091	0.092	0.093	0.092	0.092	0.093	0.092	0.091	0.091	0.092	0.092	0.093	0.092
58:00:56	19.3	0.091	0.092	0.093	0.094	0.095	0.093	0.093	0.092	0.093	0.093	0.092	0.093	0.090	0.095	0.427	0.098	0.101	0.474	0.096	0.097	0.442	0.099	0.445	0.092	0.092	0.093	0.094	0.437	0.471	0.098	0.096	0.097	0.096	0.428	0.105	0.091	0.094	0.421	0.096	0.096	0.094	0.096	0.107	0.405	0.096	0.100	0.099	0.091	0.092	0.097	0.426	0.096	0.479	0.099	0.495	0.104	0.429	0.100	0.101	0.091	0.125	0.447	0.098	0.096	0.097	0.474	0.099	0.424	0.100	0.099	0.102	0.091	0.091	0.096	0.098	0.472	0.100	0.097	0.099	0.099	0.096	0.098	0.101	0.091	0.092	0.094	0.092	0.092	0.093	0.092	0.092	0.091	0.092	0.092	0.093	0.092
59:00:56	19.3	0.091	0.092	0.093	0.094	0.094	0.093	0.093	0.092	0.092	0.092	0.092	0.093	0.091	0.095	0.437	0.098	0.101	0.484	0.096	0.097	0.451	0.099	0.452	0.092	0.092	0.094	0.094	0.447	0.481	0.098	0.096	0.097	0.095	0.437	0.105	0.091	0.092	0.432	0.096	0.095	0.094	0.096	0.108	0.413	0.097	0.100	0.099	0.091	0.092	0.097	0.434	0.096	0.489	0.099	0.506	0.104	0.437	0.100	0.101	0.092	0.130	0.459	0.098	0.096	0.097	0.484	0.099	0.433	0.100	0.099	0.102	0.091	0.091	0.096	0.098	0.484	0.100	0.097	0.099	0.099	0.096	0.098	0.101	0.091	0.092	0.094	0.092	0.092	0.093	0.092	0.091	0.091	0.091	0.092	0.093	0.092
60:00:58	19.3	0.091	0.092	0.093	0.094	0.095	0.092	0.093	0.091	0.092	0.093	0.092	0.092	0.090	0.095	0.444	0.098	0.102	0.492	0.096	0.097	0.460	0.098	0.462	0.091	0.092	0.093	0.094	0.456	0.490	0.098	0.095	0.097	0.095	0.446	0.105	0.091	0.093	0.440	0.095	0.095	0.093	0.096	0.108	0.420	0.096	0.099	0.099	0.091	0.091	0.096	0.443	0.095	0.498	0.099	0.516	0.103	0.446	0.100	0.100	0.091	0.134	0.469	0.098	0.096	0.097	0.494	0.099	0.442	0.099	0.099	0.101	0.091	0.091	0.096	0.099	0.494	0.100	0.097	0.099	0.099	0.095	0.098	0.100	0.091	0.092	0.093	0.092	0.092	0.093	0.092	0.091	0.091	0.091	0.092	0.093	0.092
61:00:58	19.3	0.091	0.092	0.093	0.094	0.095	0.092	0.092	0.091	0.092	0.092	0.092	0.092	0.090	0.095	0.453	0.098	0.103	0.500	0.096	0.096	0.468	0.098	0.470	0.092	0.092	0.093	0.094	0.465	0.499	0.098	0.095	0.097	0.095	0.455	0.104	0.091	0.093	0.447	0.095	0.095	0.093	0.096	0.110	0.429	0.096	0.099	0.099	0.091	0.092	0.096	0.452	0.096	0.508	0.099	0.527	0.103	0.456	0.100	0.100	0.092	0.139	0.480	0.098	0.096	0.097	0.505	0.099	0.451	0.100	0.098	0.101	0.091	0.091	0.096	0.098	0.504	0.100	0.097	0.098	0.099	0.095	0.097	0.100	0.091	0.092	0.094	0.092	0.092	0.093	0.092	0.091	0.091	0.091	0.092	0.092	0.092
62:00:59	19.3	0.091	0.092	0.093	0.094	0.095	0.092	0.093	0.092	0.092	0.093	0.092	0.093	0.090	0.095	0.461	0.099	0.105	0.509	0.096	0.097	0.476	0.098	0.479	0.092	0.092	0.093	0.094	0.473	0.507	0.098	0.096	0.097	0.095	0.462	0.104	0.091	0.093	0.457	0.095	0.095	0.094	0.096	0.112	0.438	0.096	0.099	0.099	0.091	0.092	0.096	0.461	0.096	0.517	0.099	0.534	0.103	0.464	0.099	0.100	0.092	0.143	0.489	0.098	0.097	0.097	0.514	0.099	0.459	0.100	0.098	0.101	0.091	0.091	0.096	0.098	0.513	0.100	0.097	0.099	0.100	0.095	0.097	0.101	0.091	0.092	0.094	0.092	0.092	0.093	0.092	0.091	0.091	0.091	0.092	0.093	0.092
63:01:01	19.4	0.091	0.092	0.093	0.093	0.095	0.092	0.093	0.091	0.092	0.093	0.092	0.092	0.090	0.095	0.469	0.099	0.106	0.518	0.096	0.096	0.486	0.098	0.486	0.092	0.091	0.093	0.094	0.482	0.516	0.098	0.096	0.097	0.095	0.470	0.105	0.091	0.093	0.464	0.095	0.095	0.094	0.096	0.114	0.446	0.096	0.098	0.098	0.091	0.092	0.096	0.471	0.095	0.526	0.099	0.545	0.103	0.472	0.099	0.100	0.091	0.148	0.500	0.098	0.096	0.097	0.524	0.099	0.467	0.100	0.098	0.101	0.091	0.091	0.096	0.098	0.523	0.100	0.097	0.098	0.099	0.095	0.097	0.101	0.091	0.092	0.094	0.092	0.092	0.093	0.092	0.091	0.091	0.092	0.092	0.093	0.092
64:01:02	19.4	0.091	0.092	0.093	0.093	0.095	0.093	0.093	0.091	0.092	0.092	0.092	0.092	0.090	0.095	0.477	0.098	0.108	0.527	0.096	0.097	0.494	0.098	0.495	0.091	0.092	0.093	0.094	0.490	0.524	0.098	0.096	0.097	0.095	0.478	0.105	0.091	0.092	0.473	0.095	0.095	0.093	0.096	0.116	0.454	0.096	0.099	0.098	0.091	0.092	0.096	0.480	0.095	0.535	0.100	0.554	0.103	0.479	0.099	0.099	0.091	0.153	0.509	0.098	0.096	0.097	0.533	0.100	0.475	0.099	0.098	0.100	0.091	0.091	0.096	0.098	0.532	0.100	0.097	0.098	0.099	0.095	0.097	0.101	0.091	0.092	0.093	0.092	0.092	0.093	0.092	0.091	0.092	0.091	0.092	0.093	0.092
65:01:02	19.4	0.091	0.092	0.093	0.094	0.095	0.093	0.093	0.091	0.092	0.093	0.092	0.092	0.090	0.095	0.484	0.099	0.111	0.536	0.096	0.097	0.501	0.098	0.503	0.092	0.092	0.094	0.094	0.499	0.534	0.099	0.095	0.097	0.095	0.486	0.104	0.091	0.094	0.480	0.095	0.095	0.094	0.096	0.118	0.463	0.096	0.099	0.098	0.091	0.092	0.096	0.488	0.096	0.544	0.100	0.564	0.103	0.487	0.099	0.099	0.091	0.158	0.518	0.098	0.096	0.097	0.541	0.100	0.483	0.099	0.098	0.101	0.091	0.091	0.096	0.098	0.543	0.100	0.097	0.098	0.100	0.095	0.097	0.101	0.091	0.092	0.094	0.092	0.092	0.093	0.092	0.091	0.092	0.092	0.092	0.093	0.092
66:01:02	19.4	0.091	0.092	0.093	0.094	0.095	0.092	0.093	0.092	0.092	0.093	0.092	0.092	0.090	0.095	0.495	0.099	0.113	0.547	0.096	0.097	0.509	0.098	0.509	0.091	0.092	0.094	0.094	0.507	0.543	0.098	0.095	0.097	0.095	0.493	0.104	0.091	0.092	0.488	0.095	0.095	0.093	0.096	0.121	0.472	0.096	0.099	0.098	0.091	0.092	0.096	0.498	0.095	0.555	0.100	0.575	0.103	0.495	0.099	0.099	0.091	0.162	0.527	0.098	0.096	0.097	0.551	0.100	0.490	0.100	0.098	0.100	0.091	0.091	0.096	0.098	0.554	0.100	0.097	0.098	0.100	0.095	0.096	0.101	0.091	0.092	0.093	0.092	0.092	0.093	0.092	0.091	0.091	0.092	0.092	0.093	0.093
67:01:04	19.5	0.091	0.092	0.093	0.093	0.095	0.093	0.092	0.091	0.092	0.092	0.092	0.092	0.090	0.095	0.501	0.098	0.116	0.556	0.096	0.097	0.517	0.098	0.517	0.091	0.092	0.093	0.094	0.514	0.552	0.097	0.096	0.097	0.095	0.500	0.104	0.091	0.093	0.495	0.095	0.095	0.093	0.095	0.124	0.479	0.096	0.098	0.098	0.091	0.092	0.096	0.505	0.095	0.564	0.100	0.582	0.102	0.502	0.098	0.098	0.091	0.167	0.535	0.098	0.096	0.096	0.561	0.100	0.497	0.098	0.097	0.100	0.090	0.091	0.095	0.098	0.560	0.100	0.097	0.098	0.100	0.095	0.096	0.102	0.091	0.092	0.093	0.092	0.092	0.093	0.092	0.091	0.091	0.091	0.092	0.092	0.092
68:01:04	19.4	0.091	0.092	0.093	0.094	0.095	0.092	0.092	0.091	0.092	0.092	0.091	0.092	0.090	0.095	0.510	0.098	0.120	0.567	0.096	0.097	0.524	0.098	0.524	0.091	0.091	0.093	0.094	0.523	0.562	0.098	0.095	0.097	0.095	0.507	0.104	0.091	0.092	0.501	0.095	0.095	0.093	0.095	0.127	0.486	0.096	0.098	0.098	0.091	0.092	0.096	0.513	0.095	0.574	0.101	0.592	0.102	0.508	0.098	0.098	0.091	0.175	0.543	0.098	0.096	0.097	0.571	0.101	0.504	0.099	0.097	0.100	0.090	0.091	0.096	0.098	0.569	0.101	0.097	0.098	0.100	0.095	0.095	0.102	0.091	0.092	0.093	0.092	0.092	0.093	0.092	0.091	0.091	0.091	0.092	0.093	0.092
69:01:05	19.4	0.091	0.092	0.093	0.094	0.095	0.092	0.092	0.091	0.092	0.092	0.092	0.092	0.090	0.095	0.517	0.099	0.124	0.576	0.096	0.097	0.533	0.098	0.531	0.092	0.091	0.093	0.094	0.530	0.569	0.098	0.095	0.097	0.095	0.514	0.104	0.091	0.094	0.508	0.095	0.094	0.093	0.095	0.130	0.493	0.096	0.098	0.098	0.091	0.092	0.096	0.520	0.095	0.582	0.102	0.603	0.102	0.516	0.098	0.098	0.091	0.183	0.551	0.098	0.096	0.097	0.580	0.102	0.511	0.098	0.097	0.100	0.091	0.091	0.096	0.099	0.579	0.101	0.098	0.098	0.100	0.095	0.095	0.103	0.091	0.092	0.093	0.092	0.092	0.093	0.092	0.091	0.091	0.091	0.092	0.093	0.092
70:01:07	19.5	0.091	0.092	0.093	0.094	0.095	0.093	0.093	0.091	0.092	0.093	0.092	0.093	0.090	0.095	0.524	0.100	0.128	0.586	0.097	0.097	0.540	0.098	0.538	0.092	0.092	0.094	0.094	0.538	0.578	0.098	0.096	0.097	0.095	0.522	0.105	0.091	0.092	0.515	0.095	0.095	0.094	0.096	0.133	0.500	0.096	0.098	0.098	0.091	0.091	0.096	0.528	0.095	0.592	0.103	0.613	0.102	0.524	0.098	0.098	0.092	0.191	0.560	0.098	0.096	0.097	0.588	0.102	0.519	0.098	0.097	0.100	0.091	0.091	0.096	0.099	0.586	0.102	0.098	0.099	0.100	0.096	0.095	0.103	0.091	0.092	0.094	0.092	0.092	0.093	0.092	0.091	0.092	0.092	0.092	0.093	0.092
71:01:07	19.4	0.091	0.092	0.093	0.094	0.094	0.092	0.092	0.091	0.092	0.092	0.092	0.092	0.090	0.095	0.532	0.099	0.132	0.595	0.097	0.097	0.548	0.098	0.544	0.092	0.092	0.093	0.094	0.545	0.587	0.098	0.095	0.097	0.095	0.530	0.104	0.091	0.092	0.519	0.094	0.095	0.094	0.096	0.136	0.507	0.096	0.098	0.098	0.091	0.093	0.096	0.534	0.095	0.599	0.105	0.621	0.102	0.531	0.098	0.098	0.091	0.199	0.569	0.098	0.096	0.097	0.598	0.103	0.524	0.098	0.097	0.100	0.091	0.091	0.095	0.098	0.596	0.102	0.099	0.098	0.100	0.095	0.095	0.104	0.090	0.092	0.094	0.092	0.092	0.093	0.092	0.091	0.091	0.091	0.092	0.093	0.092
72:01:08	19.4	0.090	0.092	0.093	0.094	0.095	0.092	0.093	0.091	0.092	0.092	0.092	0.093	0.090	0.095	0.539	0.099	0.138	0.604	0.099	0.097	0.556	0.098	0.550	0.091	0.092	0.093	0.094	0.553	0.596	0.098	0.096	0.097	0.095	0.537	0.104	0.091	0.092	0.525	0.094	0.095	0.094	0.096	0.139	0.516	0.096	0.098	0.098	0.091	0.093	0.096	0.542	0.095	0.609	0.106	0.631	0.102	0.539	0.098	0.098	0.091	0.209	0.578	0.098	0.096	0.097	0.606	0.105	0.531	0.098	0.097	0.100	0.091	0.091	0.096	0.098	0.604	0.103	0.099	0.098	0.100	0.095	0.095	0.105	0.091	0.092	0.094	0.092	0.092	0.093	0.092	0.091	0.091	0.091	0.092	0.093	0.092

