Time	T° 600	A1	A2	A3	A4	A5	A6	A7	A8	A9	A10	A11	A12	B1	B2	B3	B4	B5	B6	B7	B8	B9	B10	B11	B12	C1	C2	C3	C4	C5	C6	C7	C8	C9	C10	C11	C12	D1	D2	D3	D4	D5	D6	D7	D8	D9	D10	D11	D12	E1	E2	E3	E4	E5	E6	E7	E8	E9	E10	E11	E12	F1	F2	F3	F4	F5	F6	F7	F8	F9	F10	F11	F12	G1	G2	G3	G4	G5	G6	G7	G8	G9	G10	G11	G12	H1	H2	H3	H4	H5	H6	H7	H8	H9	H10	H11	H12
0:00:06	18.9	0.091	0.092	0.091	0.091	0.091	0.092	0.092	0.091	0.091	0.091	0.093	0.093	0.091	0.097	0.097	0.097	0.097	0.098	0.097	0.100	0.097	0.102	0.101	0.093	0.091	0.097	0.097	0.097	0.098	0.100	0.099	0.096	0.096	0.097	0.099	0.094	0.091	0.098	0.096	0.094	0.095	0.096	0.099	0.100	0.097	0.098	0.097	0.093	0.091	0.097	0.098	0.098	0.100	0.094	0.094	0.095	0.095	0.096	0.098	0.090	0.094	0.099	0.098	0.100	0.100	0.095	0.098	0.097	0.095	0.095	0.095	0.091	0.094	0.098	0.097	0.096	0.098	0.096	0.099	0.099	0.096	0.096	0.097	0.090	0.094	0.093	0.093	0.092	0.093	0.093	0.093	0.092	0.092	0.095	0.092	0.094
1:00:04	19.3	0.091	0.092	0.092	0.092	0.092	0.093	0.092	0.091	0.092	0.092	0.093	0.093	0.091	0.097	0.097	0.097	0.097	0.099	0.097	0.100	0.098	0.102	0.101	0.094	0.092	0.099	0.097	0.098	0.101	0.101	0.100	0.097	0.098	0.098	0.100	0.095	0.092	0.099	0.096	0.095	0.095	0.098	0.100	0.101	0.097	0.100	0.099	0.094	0.092	0.098	0.097	0.099	0.101	0.097	0.095	0.096	0.097	0.098	0.101	0.091	0.095	0.100	0.099	0.101	0.101	0.096	0.100	0.098	0.097	0.097	0.097	0.091	0.094	0.099	0.097	0.097	0.099	0.098	0.101	0.101	0.098	0.097	0.098	0.091	0.095	0.093	0.093	0.092	0.093	0.093	0.093	0.093	0.093	0.095	0.093	0.093
2:00:05	19.3	0.092	0.092	0.092	0.092	0.092	0.093	0.093	0.092	0.092	0.092	0.093	0.094	0.092	0.097	0.098	0.097	0.098	0.101	0.097	0.102	0.099	0.103	0.103	0.094	0.092	0.101	0.098	0.099	0.102	0.102	0.103	0.098	0.099	0.099	0.100	0.095	0.092	0.101	0.097	0.096	0.096	0.099	0.102	0.103	0.098	0.102	0.100	0.095	0.093	0.099	0.098	0.100	0.104	0.098	0.096	0.097	0.099	0.099	0.103	0.092	0.095	0.102	0.102	0.102	0.103	0.097	0.102	0.099	0.099	0.098	0.098	0.091	0.095	0.100	0.099	0.098	0.099	0.099	0.103	0.103	0.098	0.098	0.100	0.092	0.095	0.094	0.094	0.093	0.093	0.093	0.094	0.093	0.094	0.095	0.093	0.093
3:00:06	19.3	0.092	0.092	0.092	0.092	0.092	0.093	0.093	0.092	0.092	0.092	0.094	0.094	0.092	0.098	0.099	0.097	0.098	0.102	0.098	0.103	0.102	0.105	0.105	0.095	0.093	0.104	0.100	0.101	0.105	0.103	0.106	0.098	0.101	0.099	0.101	0.095	0.093	0.102	0.099	0.097	0.096	0.100	0.104	0.106	0.099	0.104	0.102	0.095	0.093	0.100	0.098	0.102	0.106	0.100	0.097	0.098	0.102	0.100	0.105	0.092	0.095	0.104	0.103	0.103	0.105	0.098	0.104	0.100	0.100	0.100	0.098	0.092	0.095	0.101	0.100	0.100	0.100	0.101	0.104	0.104	0.099	0.099	0.102	0.092	0.095	0.094	0.094	0.093	0.094	0.093	0.094	0.093	0.094	0.095	0.093	0.093
4:00:08	19.3	0.092	0.093	0.092	0.092	0.092	0.093	0.093	0.092	0.092	0.092	0.094	0.094	0.092	0.098	0.099	0.098	0.098	0.106	0.098	0.105	0.104	0.109	0.108	0.095	0.093	0.106	0.102	0.104	0.108	0.103	0.108	0.099	0.104	0.099	0.101	0.095	0.093	0.103	0.102	0.096	0.096	0.100	0.105	0.111	0.099	0.108	0.105	0.095	0.093	0.100	0.099	0.105	0.110	0.103	0.097	0.098	0.105	0.101	0.106	0.092	0.095	0.107	0.106	0.104	0.104	0.098	0.108	0.100	0.104	0.103	0.099	0.092	0.095	0.102	0.102	0.103	0.100	0.105	0.105	0.104	0.099	0.099	0.104	0.092	0.095	0.094	0.094	0.093	0.094	0.093	0.094	0.094	0.094	0.095	0.093	0.093
5:00:08	19.3	0.092	0.092	0.092	0.092	0.092	0.093	0.093	0.092	0.092	0.092	0.094	0.094	0.092	0.098	0.099	0.098	0.098	0.110	0.098	0.104	0.110	0.115	0.113	0.095	0.092	0.111	0.107	0.108	0.114	0.104	0.113	0.099	0.109	0.100	0.101	0.095	0.093	0.103	0.106	0.097	0.096	0.101	0.105	0.114	0.099	0.114	0.110	0.095	0.093	0.101	0.099	0.109	0.115	0.107	0.098	0.098	0.112	0.101	0.106	0.092	0.095	0.111	0.110	0.103	0.104	0.098	0.111	0.101	0.109	0.108	0.100	0.092	0.095	0.102	0.107	0.107	0.100	0.110	0.105	0.104	0.100	0.099	0.110	0.092	0.095	0.094	0.094	0.093	0.093	0.093	0.094	0.093	0.094	0.095	0.093	0.093
6:00:08	19.2	0.092	0.093	0.092	0.092	0.092	0.093	0.093	0.092	0.092	0.092	0.094	0.094	0.092	0.099	0.100	0.098	0.098	0.118	0.099	0.105	0.119	0.126	0.123	0.095	0.092	0.120	0.114	0.116	0.123	0.104	0.122	0.099	0.117	0.100	0.101	0.095	0.093	0.103	0.113	0.097	0.096	0.101	0.107	0.125	0.099	0.125	0.119	0.094	0.093	0.101	0.099	0.116	0.123	0.116	0.098	0.098	0.122	0.101	0.106	0.092	0.095	0.117	0.117	0.103	0.105	0.099	0.122	0.101	0.119	0.117	0.101	0.092	0.095	0.103	0.114	0.114	0.101	0.119	0.108	0.105	0.100	0.099	0.119	0.092	0.095	0.094	0.094	0.093	0.093	0.093	0.094	0.093	0.094	0.095	0.093	0.093
7:00:11	19.2	0.092	0.093	0.092	0.092	0.092	0.094	0.093	0.092	0.093	0.092	0.094	0.094	0.092	0.100	0.100	0.098	0.099	0.132	0.099	0.106	0.135	0.145	0.140	0.095	0.093	0.134	0.127	0.130	0.140	0.105	0.139	0.101	0.132	0.100	0.101	0.095	0.093	0.104	0.127	0.097	0.096	0.101	0.108	0.144	0.099	0.143	0.136	0.095	0.093	0.102	0.099	0.130	0.138	0.130	0.099	0.099	0.142	0.101	0.107	0.092	0.095	0.131	0.129	0.104	0.104	0.099	0.139	0.102	0.137	0.134	0.102	0.092	0.095	0.103	0.127	0.128	0.101	0.136	0.108	0.108	0.100	0.100	0.136	0.092	0.096	0.094	0.094	0.093	0.094	0.093	0.094	0.094	0.094	0.095	0.094	0.093
8:00:12	19.2	0.092	0.093	0.093	0.093	0.092	0.094	0.093	0.092	0.093	0.093	0.094	0.094	0.092	0.101	0.101	0.098	0.099	0.157	0.100	0.108	0.165	0.178	0.167	0.095	0.093	0.156	0.150	0.154	0.167	0.106	0.166	0.101	0.160	0.101	0.101	0.095	0.093	0.105	0.148	0.097	0.097	0.102	0.110	0.173	0.099	0.173	0.165	0.095	0.093	0.103	0.099	0.151	0.162	0.154	0.099	0.099	0.177	0.101	0.108	0.092	0.095	0.151	0.149	0.106	0.106	0.099	0.169	0.102	0.168	0.162	0.103	0.092	0.095	0.104	0.148	0.150	0.101	0.164	0.111	0.109	0.101	0.100	0.165	0.093	0.095	0.094	0.094	0.093	0.093	0.093	0.095	0.094	0.094	0.095	0.094	0.093
9:00:13	19.1	0.093	0.093	0.093	0.093	0.092	0.094	0.093	0.093	0.093	0.093	0.094	0.095	0.092	0.102	0.101	0.099	0.099	0.199	0.100	0.109	0.210	0.231	0.207	0.095	0.093	0.189	0.187	0.191	0.209	0.107	0.211	0.102	0.202	0.102	0.102	0.095	0.093	0.106	0.184	0.098	0.097	0.102	0.112	0.218	0.100	0.220	0.203	0.095	0.093	0.104	0.100	0.184	0.195	0.193	0.100	0.099	0.222	0.102	0.112	0.093	0.095	0.181	0.184	0.108	0.105	0.099	0.214	0.103	0.212	0.204	0.104	0.092	0.096	0.105	0.184	0.190	0.102	0.206	0.114	0.110	0.102	0.101	0.206	0.093	0.096	0.094	0.094	0.093	0.094	0.093	0.095	0.094	0.095	0.095	0.094	0.094
10:00:14	19.0	0.092	0.093	0.092	0.092	0.092	0.093	0.093	0.092	0.092	0.092	0.093	0.094	0.092	0.101	0.101	0.098	0.099	0.226	0.100	0.109	0.236	0.274	0.238	0.095	0.092	0.215	0.224	0.219	0.235	0.107	0.241	0.102	0.233	0.101	0.101	0.095	0.092	0.105	0.216	0.097	0.096	0.102	0.114	0.259	0.099	0.250	0.240	0.094	0.093	0.104	0.100	0.213	0.219	0.215	0.100	0.099	0.259	0.102	0.111	0.092	0.095	0.215	0.212	0.106	0.104	0.099	0.255	0.103	0.247	0.253	0.105	0.092	0.095	0.104	0.214	0.222	0.101	0.232	0.116	0.113	0.101	0.101	0.244	0.092	0.095	0.094	0.094	0.093	0.093	0.093	0.095	0.094	0.094	0.095	0.093	0.093
11:00:15	18.9	0.092	0.093	0.093	0.093	0.092	0.094	0.093	0.093	0.093	0.093	0.094	0.095	0.092	0.103	0.102	0.099	0.099	0.264	0.101	0.110	0.277	0.312	0.279	0.095	0.093	0.251	0.253	0.258	0.271	0.108	0.276	0.103	0.267	0.102	0.102	0.096	0.093	0.106	0.247	0.098	0.097	0.102	0.115	0.291	0.100	0.295	0.268	0.095	0.093	0.106	0.100	0.246	0.253	0.255	0.101	0.099	0.301	0.102	0.114	0.093	0.096	0.246	0.246	0.106	0.106	0.100	0.289	0.104	0.298	0.283	0.107	0.092	0.095	0.105	0.248	0.257	0.102	0.267	0.121	0.113	0.102	0.101	0.276	0.093	0.096	0.094	0.094	0.093	0.094	0.093	0.095	0.094	0.095	0.095	0.094	0.093
12:00:16	18.9	0.092	0.093	0.093	0.093	0.092	0.094	0.093	0.092	0.093	0.093	0.094	0.094	0.092	0.104	0.102	0.099	0.099	0.297	0.101	0.112	0.324	0.363	0.318	0.095	0.093	0.292	0.296	0.292	0.296	0.109	0.327	0.103	0.340	0.102	0.102	0.095	0.093	0.107	0.284	0.098	0.097	0.102	0.116	0.358	0.100	0.347	0.335	0.095	0.093	0.106	0.100	0.279	0.289	0.280	0.102	0.100	0.363	0.102	0.118	0.093	0.095	0.285	0.285	0.107	0.110	0.100	0.330	0.104	0.350	0.319	0.108	0.092	0.095	0.106	0.303	0.304	0.102	0.288	0.123	0.114	0.102	0.101	0.329	0.092	0.096	0.094	0.094	0.093	0.094	0.093	0.095	0.094	0.094	0.095	0.094	0.093
13:00:16	18.8	0.092	0.093	0.093	0.093	0.093	0.094	0.093	0.093	0.093	0.093	0.094	0.095	0.092	0.104	0.102	0.099	0.099	0.353	0.101	0.114	0.358	0.382	0.374	0.095	0.093	0.324	0.345	0.328	0.346	0.109	0.376	0.104	0.376	0.103	0.102	0.095	0.093	0.107	0.313	0.098	0.097	0.103	0.116	0.377	0.100	0.376	0.367	0.095	0.093	0.107	0.100	0.323	0.349	0.323	0.103	0.100	0.381	0.102	0.119	0.093	0.095	0.327	0.328	0.106	0.112	0.100	0.361	0.104	0.381	0.356	0.110	0.092	0.095	0.107	0.349	0.360	0.103	0.331	0.124	0.115	0.103	0.102	0.384	0.093	0.096	0.094	0.094	0.094	0.094	0.093	0.096	0.094	0.094	0.095	0.093	0.094
14:00:17	18.8	0.093	0.093	0.093	0.093	0.093	0.094	0.094	0.093	0.093	0.093	0.094	0.094	0.092	0.105	0.103	0.099	0.100	0.396	0.102	0.115	0.408	0.422	0.417	0.095	0.093	0.364	0.371	0.365	0.386	0.110	0.419	0.105	0.412	0.104	0.102	0.096	0.094	0.109	0.351	0.098	0.097	0.103	0.118	0.419	0.100	0.421	0.404	0.095	0.094	0.108	0.101	0.358	0.388	0.361	0.104	0.100	0.420	0.104	0.125	0.093	0.096	0.365	0.360	0.106	0.110	0.101	0.391	0.104	0.416	0.396	0.112	0.092	0.095	0.108	0.368	0.376	0.103	0.382	0.125	0.115	0.104	0.103	0.402	0.093	0.096	0.094	0.094	0.094	0.094	0.094	0.096	0.094	0.095	0.096	0.094	0.094
15:00:19	18.7	0.092	0.093	0.093	0.093	0.093	0.094	0.093	0.092	0.093	0.093	0.094	0.094	0.092	0.106	0.103	0.099	0.100	0.444	0.101	0.116	0.449	0.485	0.499	0.095	0.093	0.425	0.420	0.393	0.429	0.111	0.486	0.106	0.444	0.103	0.102	0.095	0.093	0.111	0.355	0.098	0.097	0.102	0.120	0.436	0.100	0.488	0.507	0.095	0.093	0.109	0.101	0.392	0.444	0.404	0.104	0.100	0.460	0.103	0.127	0.093	0.095	0.405	0.399	0.106	0.106	0.101	0.457	0.104	0.434	0.457	0.113	0.092	0.095	0.108	0.429	0.443	0.103	0.455	0.127	0.115	0.104	0.102	0.475	0.092	0.095	0.094	0.094	0.093	0.094	0.093	0.095	0.094	0.094	0.095	0.094	0.093
16:00:18	18.8	0.093	0.093	0.093	0.093	0.093	0.094	0.093	0.093	0.093	0.093	0.094	0.095	0.092	0.107	0.103	0.099	0.100	0.470	0.102	0.118	0.483	0.508	0.516	0.095	0.093	0.423	0.423	0.430	0.463	0.111	0.510	0.107	0.492	0.104	0.103	0.095	0.093	0.111	0.410	0.099	0.097	0.103	0.123	0.494	0.100	0.507	0.497	0.095	0.093	0.111	0.101	0.416	0.433	0.429	0.105	0.100	0.498	0.104	0.131	0.093	0.095	0.446	0.434	0.107	0.106	0.102	0.485	0.105	0.463	0.458	0.116	0.092	0.095	0.109	0.461	0.464	0.104	0.462	0.130	0.116	0.105	0.103	0.519	0.093	0.096	0.094	0.094	0.094	0.094	0.093	0.095	0.094	0.094	0.096	0.094	0.094
17:00:21	18.9	0.092	0.093	0.093	0.093	0.093	0.094	0.093	0.093	0.093	0.093	0.093	0.094	0.092	0.108	0.103	0.099	0.100	0.471	0.102	0.118	0.477	0.505	0.508	0.095	0.093	0.462	0.436	0.458	0.475	0.112	0.497	0.108	0.492	0.104	0.102	0.095	0.093	0.111	0.449	0.098	0.097	0.102	0.125	0.470	0.100	0.475	0.501	0.095	0.093	0.112	0.101	0.465	0.445	0.455	0.106	0.100	0.476	0.104	0.135	0.093	0.095	0.477	0.463	0.106	0.106	0.101	0.476	0.105	0.462	0.463	0.118	0.092	0.095	0.110	0.486	0.485	0.103	0.472	0.133	0.117	0.105	0.102	0.500	0.092	0.095	0.094	0.094	0.093	0.093	0.093	0.095	0.094	0.094	0.095	0.094	0.093
18:00:21	19.2	0.093	0.093	0.093	0.093	0.093	0.094	0.093	0.092	0.093	0.093	0.094	0.095	0.093	0.109	0.105	0.099	0.100	0.527	0.102	0.119	0.507	0.527	0.536	0.095	0.093	0.512	0.472	0.507	0.499	0.113	0.522	0.109	0.519	0.105	0.103	0.095	0.093	0.112	0.493	0.099	0.097	0.103	0.128	0.502	0.100	0.503	0.530	0.095	0.093	0.115	0.101	0.487	0.472	0.492	0.107	0.100	0.493	0.105	0.141	0.093	0.095	0.509	0.496	0.107	0.106	0.102	0.499	0.105	0.483	0.486	0.122	0.092	0.095	0.111	0.505	0.514	0.104	0.494	0.137	0.118	0.106	0.103	0.521	0.093	0.096	0.094	0.094	0.094	0.094	0.093	0.095	0.094	0.095	0.095	0.094	0.093
19:00:22	19.3	0.092	0.093	0.093	0.093	0.093	0.094	0.093	0.092	0.093	0.093	0.094	0.094	0.092	0.110	0.105	0.100	0.100	0.584	0.102	0.120	0.569	0.589	0.598	0.095	0.093	0.556	0.526	0.568	0.556	0.113	0.585	0.110	0.578	0.106	0.103	0.095	0.093	0.113	0.544	0.099	0.097	0.103	0.132	0.555	0.100	0.562	0.597	0.095	0.093	0.116	0.101	0.558	0.528	0.554	0.108	0.100	0.549	0.104	0.148	0.093	0.095	0.550	0.543	0.107	0.106	0.102	0.559	0.105	0.545	0.553	0.125	0.092	0.095	0.112	0.552	0.567	0.104	0.555	0.140	0.118	0.106	0.103	0.575	0.092	0.096	0.094	0.094	0.093	0.094	0.093	0.095	0.094	0.095	0.096	0.094	0.094
20:00:23	19.5	0.093	0.093	0.093	0.093	0.093	0.094	0.093	0.092	0.093	0.093	0.094	0.094	0.092	0.112	0.105	0.100	0.100	0.629	0.103	0.121	0.625	0.636	0.659	0.095	0.093	0.613	0.589	0.630	0.609	0.114	0.648	0.111	0.634	0.107	0.103	0.095	0.093	0.114	0.611	0.099	0.097	0.103	0.135	0.605	0.100	0.613	0.660	0.095	0.093	0.118	0.101	0.625	0.591	0.610	0.110	0.101	0.615	0.105	0.157	0.093	0.095	0.600	0.608	0.107	0.109	0.102	0.625	0.105	0.613	0.616	0.129	0.092	0.095	0.113	0.614	0.633	0.104	0.616	0.143	0.118	0.106	0.103	0.652	0.093	0.095	0.094	0.094	0.093	0.094	0.093	0.095	0.094	0.095	0.095	0.094	0.093
21:00:24	19.9	0.093	0.093	0.093	0.093	0.093	0.094	0.093	0.093	0.093	0.093	0.094	0.094	0.092	0.114	0.106	0.100	0.100	0.685	0.103	0.122	0.677	0.683	0.719	0.095	0.093	0.666	0.640	0.676	0.656	0.115	0.702	0.113	0.685	0.108	0.103	0.095	0.093	0.115	0.658	0.099	0.097	0.104	0.139	0.664	0.100	0.668	0.718	0.095	0.093	0.121	0.102	0.677	0.651	0.669	0.112	0.101	0.681	0.105	0.167	0.093	0.095	0.652	0.649	0.107	0.110	0.103	0.688	0.105	0.676	0.680	0.134	0.092	0.095	0.114	0.666	0.666	0.104	0.668	0.147	0.119	0.107	0.103	0.710	0.093	0.096	0.094	0.094	0.093	0.094	0.093	0.095	0.094	0.095	0.095	0.094	0.094
22:00:25	20.3	0.092	0.093	0.092	0.092	0.092	0.094	0.093	0.092	0.093	0.092	0.093	0.094	0.092	0.116	0.106	0.099	0.100	0.745	0.103	0.124	0.741	0.742	0.776	0.095	0.093	0.724	0.700	0.729	0.720	0.115	0.760	0.114	0.748	0.108	0.103	0.095	0.093	0.116	0.712	0.100	0.097	0.103	0.144	0.730	0.100	0.730	0.774	0.094	0.092	0.125	0.101	0.737	0.719	0.731	0.114	0.101	0.747	0.105	0.177	0.092	0.095	0.715	0.700	0.107	0.111	0.103	0.748	0.105	0.748	0.746	0.140	0.092	0.095	0.115	0.724	0.725	0.104	0.735	0.150	0.118	0.107	0.103	0.769	0.092	0.095	0.095	0.094	0.093	0.094	0.093	0.095	0.094	0.094	0.095	0.094	0.093
23:00:26	20.6	0.093	0.093	0.093	0.093	0.093	0.094	0.093	0.093	0.093	0.093	0.094	0.094	0.093	0.119	0.108	0.100	0.100	0.811	0.103	0.126	0.804	0.803	0.841	0.095	0.093	0.786	0.767	0.798	0.783	0.117	0.832	0.116	0.812	0.109	0.104	0.095	0.093	0.118	0.783	0.100	0.098	0.104	0.151	0.793	0.101	0.788	0.835	0.095	0.093	0.129	0.102	0.810	0.786	0.801	0.117	0.101	0.809	0.105	0.191	0.093	0.095	0.785	0.766	0.107	0.112	0.104	0.812	0.105	0.821	0.813	0.148	0.092	0.095	0.118	0.793	0.795	0.105	0.807	0.155	0.116	0.107	0.104	0.831	0.093	0.096	0.096	0.094	0.094	0.094	0.093	0.095	0.094	0.095	0.096	0.094	0.094
24:00:26	20.7	0.092	0.093	0.093	0.093	0.093	0.094	0.093	0.093	0.093	0.093	0.093	0.095	0.093	0.122	0.108	0.100	0.101	0.877	0.104	0.130	0.642	0.845	0.956	0.095	0.093	0.858	0.838	0.872	0.845	0.119	1.034	0.119	0.855	0.111	0.104	0.095	0.093	0.120	0.858	0.100	0.098	0.104	0.161	0.873	0.101	0.868	0.921	0.095	0.093	0.134	0.102	0.885	0.880	0.876	0.120	0.101	0.889	0.105	0.206	0.093	0.095	0.857	0.835	0.107	0.112	0.105	0.859	0.106	0.896	0.916	0.156	0.092	0.096	0.120	0.862	0.870	0.105	0.884	0.160	0.117	0.108	0.104	0.941	0.092	0.095	0.096	0.094	0.094	0.094	0.093	0.095	0.094	0.095	0.095	0.094	0.094
25:00:29	20.7	0.092	0.093	0.093	0.093	0.093	0.094	0.093	0.093	0.093	0.093	0.094	0.095	0.093	0.125	0.108	0.100	0.101	0.923	0.105	0.134	0.892	0.932	1.066	0.095	0.093	0.888	0.910	0.998	0.979	0.122	1.101	0.123	1.000	0.113	0.104	0.095	0.093	0.122	0.975	0.101	0.098	0.105	0.172	1.005	0.101	0.948	1.013	0.095	0.093	0.140	0.103	1.078	1.139	0.999	0.123	0.102	1.053	0.105	0.224	0.093	0.095	1.002	1.070	0.107	0.111	0.106	1.048	0.106	1.083	0.976	0.167	0.092	0.095	0.122	0.967	1.049	0.106	1.099	0.167	0.118	0.109	0.104	1.006	0.092	0.096	0.096	0.094	0.093	0.094	0.093	0.095	0.094	0.095	0.096	0.094	0.094
26:00:28	20.4	0.093	0.093	0.093	0.093	0.093	0.094	0.093	0.093	0.093	0.093	0.094	0.095	0.093	0.128	0.109	0.101	0.101	1.056	0.106	0.140	1.075	1.061	1.067	0.095	0.093	1.090	1.034	1.083	1.064	0.124	1.042	0.128	1.093	0.116	0.105	0.095	0.093	0.124	1.049	0.101	0.098	0.105	0.187	1.063	0.102	1.059	1.098	0.095	0.093	0.146	0.103	1.111	1.108	1.105	0.127	0.102	1.103	0.105	0.243	0.093	0.095	1.107	1.100	0.107	0.111	0.107	1.046	0.107	1.109	1.061	0.179	0.092	0.095	0.125	1.062	1.117	0.106	1.118	0.181	0.120	0.110	0.105	1.083	0.093	0.096	0.096	0.094	0.093	0.094	0.093	0.095	0.094	0.095	0.095	0.094	0.094
27:00:29	20.1	0.093	0.093	0.093	0.093	0.093	0.094	0.093	0.093	0.093	0.093	0.094	0.095	0.093	0.132	0.110	0.101	0.101	1.040	0.106	0.147	1.079	1.057	1.057	0.095	0.093	1.087	1.053	1.062	1.059	0.126	1.031	0.134	1.073	0.120	0.105	0.095	0.093	0.126	1.053	0.101	0.098	0.105	0.201	1.046	0.102	1.041	1.080	0.095	0.093	0.154	0.103	1.078	1.062	1.083	0.133	0.102	1.077	0.106	0.259	0.093	0.095	1.094	1.081	0.107	0.111	0.107	1.050	0.108	1.085	1.057	0.191	0.092	0.095	0.128	1.089	1.085	0.107	1.093	0.197	0.121	0.112	0.106	1.080	0.093	0.096	0.096	0.094	0.094	0.094	0.093	0.095	0.094	0.095	0.095	0.094	0.094
28:00:30	19.9	0.093	0.093	0.093	0.093	0.093	0.094	0.093	0.092	0.093	0.093	0.094	0.095	0.093	0.137	0.112	0.101	0.101	1.046	0.108	0.156	1.075	1.053	1.063	0.095	0.093	1.085	1.068	1.065	1.058	0.130	1.036	0.142	1.072	0.124	0.105	0.095	0.094	0.129	1.060	0.102	0.098	0.106	0.217	1.042	0.102	1.046	1.080	0.095	0.093	0.164	0.104	1.080	1.065	1.083	0.139	0.103	1.074	0.106	0.277	0.093	0.095	1.099	1.083	0.107	0.110	0.109	1.048	0.108	1.083	1.062	0.205	0.092	0.096	0.133	1.103	1.084	0.108	1.090	0.214	0.124	0.113	0.106	1.082	0.093	0.096	0.096	0.095	0.094	0.094	0.093	0.095	0.094	0.095	0.096	0.094	0.094
29:00:31	19.7	0.093	0.093	0.093	0.093	0.093	0.094	0.093	0.093	0.093	0.093	0.094	0.095	0.093	0.143	0.113	0.101	0.101	1.060	0.109	0.164	1.079	1.059	1.076	0.095	0.093	1.090	1.076	1.071	1.063	0.134	1.050	0.150	1.081	0.127	0.105	0.095	0.093	0.132	1.069	0.102	0.098	0.106	0.232	1.049	0.102	1.053	1.085	0.095	0.093	0.175	0.104	1.086	1.073	1.090	0.146	0.104	1.079	0.107	0.280	0.093	0.095	1.106	1.088	0.107	0.111	0.110	1.055	0.109	1.091	1.072	0.219	0.092	0.095	0.137	1.107	1.091	0.109	1.094	0.230	0.127	0.114	0.106	1.087	0.093	0.096	0.096	0.095	0.094	0.094	0.093	0.095	0.094	0.095	0.096	0.094	0.094
30:00:32	19.5	0.093	0.093	0.093	0.093	0.093	0.094	0.093	0.093	0.093	0.093	0.094	0.095	0.093	0.151	0.114	0.102	0.102	1.074	0.110	0.174	1.087	1.070	1.093	0.095	0.093	1.100	1.087	1.085	1.074	0.140	1.083	0.161	1.091	0.133	0.106	0.096	0.093	0.137	1.082	0.102	0.099	0.106	0.241	1.059	0.103	1.068	1.097	0.095	0.093	0.185	0.104	1.098	1.085	1.100	0.153	0.104	1.089	0.107	0.290	0.093	0.095	1.117	1.100	0.107	0.111	0.112	1.081	0.110	1.101	1.087	0.232	0.092	0.095	0.144	1.116	1.099	0.110	1.103	0.245	0.130	0.116	0.107	1.097	0.093	0.096	0.096	0.094	0.094	0.094	0.094	0.096	0.094	0.095	0.096	0.094	0.094
31:00:33	19.5	0.093	0.093	0.093	0.093	0.093	0.094	0.094	0.093	0.093	0.093	0.094	0.095	0.093	0.159	0.116	0.102	0.102	1.087	0.111	0.185	1.096	1.082	1.110	0.095	0.093	1.111	1.097	1.097	1.087	0.145	1.145	0.171	1.108	0.138	0.106	0.095	0.094	0.142	1.092	0.103	0.099	0.107	0.251	1.073	0.103	1.082	1.111	0.095	0.093	0.197	0.105	1.111	1.109	1.112	0.163	0.105	1.104	0.107	0.305	0.093	0.095	1.128	1.114	0.107	0.111	0.114	1.132	0.111	1.115	1.103	0.250	0.093	0.096	0.152	1.125	1.113	0.111	1.117	0.262	0.133	0.117	0.108	1.109	0.093	0.096	0.096	0.095	0.094	0.094	0.093	0.096	0.094	0.095	0.096	0.094	0.094
32:00:34	19.5	0.093	0.094	0.093	0.093	0.093	0.095	0.094	0.093	0.094	0.093	0.094	0.095	0.093	0.167	0.118	0.102	0.102	1.099	0.111	0.197	1.104	1.093	1.124	0.096	0.094	1.121	1.111	1.104	1.096	0.150	1.105	0.184	1.117	0.144	0.107	0.096	0.094	0.149	1.102	0.104	0.099	0.107	0.254	1.086	0.104	1.096	1.126	0.095	0.093	0.211	0.105	1.120	1.156	1.123	0.176	0.105	1.116	0.108	0.286	0.093	0.096	1.143	1.124	0.107	0.112	0.117	1.097	0.112	1.123	1.114	0.272	0.093	0.096	0.159	1.133	1.125	0.112	1.129	0.275	0.136	0.118	0.109	1.120	0.093	0.096	0.096	0.095	0.094	0.094	0.094	0.096	0.094	0.095	0.096	0.095	0.094
33:00:35	19.5	0.093	0.093	0.093	0.093	0.093	0.094	0.093	0.092	0.093	0.093	0.094	0.095	0.093	0.173	0.119	0.102	0.102	1.109	0.112	0.209	1.113	1.105	1.137	0.095	0.093	1.128	1.120	1.111	1.106	0.156	1.114	0.197	1.127	0.150	0.106	0.096	0.093	0.157	1.108	0.104	0.099	0.108	0.274	1.115	0.104	1.106	1.136	0.095	0.093	0.211	0.106	1.127	1.197	1.128	0.190	0.105	1.127	0.108	0.316	0.093	0.095	1.152	1.129	0.106	0.111	0.118	1.105	0.112	1.130	1.125	0.289	0.092	0.095	0.169	1.140	1.134	0.113	1.137	0.289	0.137	0.119	0.109	1.140	0.093	0.096	0.096	0.094	0.094	0.094	0.093	0.095	0.094	0.095	0.096	0.094	0.094
34:00:36	19.5	0.093	0.094	0.094	0.093	0.093	0.094	0.094	0.093	0.094	0.094	0.094	0.095	0.093	0.184	0.122	0.103	0.103	1.115	0.114	0.221	1.121	1.113	1.146	0.096	0.094	1.139	1.129	1.115	1.126	0.164	1.115	0.211	1.133	0.159	0.107	0.096	0.094	0.166	1.114	0.105	0.099	0.109	0.308	1.160	0.105	1.121	1.143	0.095	0.094	0.204	0.107	1.135	1.142	1.134	0.203	0.106	1.142	0.109	0.339	0.093	0.096	1.160	1.136	0.107	0.111	0.121	1.106	0.113	1.135	1.139	0.296	0.092	0.096	0.178	1.144	1.141	0.114	1.147	0.295	0.140	0.120	0.110	1.181	0.093	0.096	0.096	0.095	0.094	0.094	0.094	0.096	0.094	0.095	0.096	0.094	0.094
35:00:37	19.5	0.093	0.094	0.093	0.093	0.093	0.094	0.093	0.093	0.093	0.093	0.094	0.095	0.093	0.195	0.125	0.103	0.103	1.124	0.115	0.237	1.130	1.123	1.158	0.096	0.093	1.160	1.132	1.120	1.158	0.171	1.116	0.220	1.140	0.170	0.107	0.095	0.093	0.176	1.120	0.106	0.100	0.110	0.321	1.127	0.105	1.138	1.151	0.095	0.093	0.209	0.107	1.138	1.129	1.140	0.212	0.106	1.166	0.109	0.348	0.093	0.095	1.166	1.142	0.106	0.111	0.124	1.109	0.114	1.142	1.167	0.293	0.092	0.096	0.187	1.151	1.145	0.115	1.153	0.296	0.143	0.122	0.110	1.174	0.093	0.096	0.096	0.095	0.094	0.094	0.094	0.095	0.094	0.095	0.096	0.094	0.094
36:00:36	19.5	0.093	0.094	0.093	0.093	0.093	0.095	0.094	0.093	0.094	0.093	0.094	0.095	0.093	0.200	0.128	0.103	0.103	1.127	0.117	0.247	1.134	1.126	1.178	0.096	0.093	1.188	1.138	1.118	1.153	0.180	1.134	0.224	1.142	0.182	0.108	0.096	0.094	0.185	1.120	0.107	0.100	0.111	0.328	1.127	0.106	1.171	1.167	0.095	0.093	0.233	0.108	1.140	1.117	1.140	0.215	0.106	1.214	0.110	0.359	0.093	0.096	1.170	1.150	0.107	0.111	0.128	1.127	0.115	1.156	1.128	0.269	0.093	0.096	0.196	1.156	1.149	0.117	1.189	0.298	0.148	0.125	0.111	1.166	0.093	0.096	0.096	0.095	0.094	0.094	0.094	0.096	0.094	0.095	0.096	0.094	0.094
37:00:38	19.5	0.093	0.094	0.093	0.093	0.093	0.095	0.094	0.093	0.093	0.093	0.094	0.095	0.093	0.194	0.131	0.103	0.104	1.131	0.120	0.259	1.143	1.137	1.128	0.096	0.093	1.142	1.140	1.121	1.129	0.191	1.162	0.230	1.147	0.198	0.108	0.096	0.094	0.194	1.124	0.108	0.101	0.112	0.332	1.122	0.106	1.210	1.175	0.095	0.093	0.272	0.109	1.141	1.117	1.144	0.217	0.107	1.173	0.111	0.371	0.093	0.096	1.178	1.170	0.107	0.112	0.132	1.152	0.117	1.189	1.160	0.257	0.093	0.096	0.204	1.162	1.157	0.119	1.170	0.285	0.152	0.127	0.112	1.163	0.093	0.096	0.096	0.095	0.094	0.094	0.094	0.096	0.095	0.095	0.096	0.094	0.094
38:00:40	19.5	0.093	0.094	0.093	0.093	0.093	0.094	0.093	0.093	0.093	0.093	0.094	0.095	0.093	0.206	0.135	0.103	0.104	1.136	0.122	0.271	1.150	1.150	1.152	0.095	0.093	1.154	1.143	1.123	1.131	0.202	1.197	0.231	1.154	0.216	0.109	0.096	0.094	0.206	1.121	0.108	0.101	0.112	0.339	1.119	0.106	1.143	1.165	0.095	0.093	0.294	0.109	1.145	1.129	1.149	0.219	0.108	1.159	0.111	0.393	0.093	0.095	1.188	1.156	0.107	0.112	0.137	1.161	0.117	1.166	1.151	0.289	0.093	0.095	0.208	1.170	1.162	0.120	1.179	0.314	0.156	0.129	0.112	1.165	0.093	0.096	0.096	0.094	0.094	0.094	0.094	0.095	0.094	0.095	0.096	0.094	0.094
39:00:40	19.5	0.093	0.094	0.094	0.094	0.094	0.095	0.094	0.093	0.094	0.093	0.094	0.095	0.093	0.228	0.140	0.104	0.105	1.143	0.124	0.276	1.161	1.109	1.169	0.096	0.093	1.153	1.144	1.127	1.128	0.212	1.181	0.242	1.119	0.235	0.110	0.096	0.094	0.206	1.125	0.110	0.101	0.114	0.350	1.124	0.107	1.137	1.172	0.095	0.093	0.315	0.111	1.149	1.150	1.156	0.217	0.109	1.151	0.113	0.441	0.093	0.096	1.175	1.156	0.108	0.113	0.144	1.145	0.118	1.174	1.154	0.308	0.093	0.096	0.201	1.185	1.182	0.122	1.184	0.328	0.162	0.131	0.113	1.169	0.093	0.096	0.096	0.095	0.094	0.094	0.094	0.096	0.094	0.095	0.096	0.094	0.094
40:00:41	19.5	0.093	0.094	0.093	0.093	0.093	0.094	0.093	0.093	0.093	0.093	0.094	0.095	0.093	0.262	0.145	0.104	0.105	1.148	0.127	0.289	1.098	1.146	1.176	0.096	0.093	1.153	1.150	1.133	1.131	0.218	1.159	0.284	1.123	0.252	0.111	0.096	0.093	0.206	1.130	0.111	0.101	0.115	0.395	1.130	0.107	1.138	1.168	0.095	0.093	0.321	0.112	1.161	1.180	1.161	0.224	0.110	1.149	0.114	0.498	0.093	0.095	1.146	1.177	0.108	0.114	0.151	1.146	0.119	1.166	1.159	0.318	0.092	0.096	0.204	1.204	1.209	0.124	1.181	0.340	0.166	0.134	0.114	1.174	0.093	0.096	0.096	0.094	0.094	0.094	0.093	0.095	0.094	0.095	0.096	0.094	0.094
41:00:42	19.6	0.093	0.093	0.093	0.093	0.093	0.094	0.094	0.093	0.093	0.093	0.094	0.095	0.093	0.295	0.152	0.105	0.105	1.155	0.130	0.308	1.153	1.153	1.180	0.096	0.093	1.160	1.155	1.143	1.139	0.225	1.166	0.312	1.146	0.267	0.112	0.095	0.094	0.223	1.136	0.114	0.102	0.117	0.464	1.143	0.109	1.138	1.166	0.095	0.093	0.331	0.114	1.180	1.213	1.093	0.266	0.111	1.153	0.116	0.550	0.093	0.096	1.168	1.180	0.109	0.115	0.159	1.154	0.121	1.164	1.166	0.323	0.092	0.096	0.226	1.153	1.163	0.128	1.182	0.348	0.172	0.138	0.115	1.182	0.093	0.096	0.096	0.094	0.094	0.094	0.093	0.095	0.094	0.095	0.096	0.094	0.093
42:00:44	19.7	0.092	0.093	0.093	0.093	0.093	0.094	0.093	0.093	0.093	0.093	0.094	0.095	0.093	0.320	0.160	0.105	0.106	1.171	0.135	0.323	1.153	1.160	1.189	0.095	0.093	1.170	1.165	1.161	1.152	0.204	1.171	0.325	1.160	0.271	0.113	0.095	0.093	0.257	1.149	0.116	0.102	0.118	0.515	1.163	0.110	1.143	1.174	0.095	0.093	0.353	0.115	1.207	1.234	1.157	0.295	0.112	1.159	0.118	0.602	0.093	0.095	1.189	1.184	0.109	0.117	0.170	1.160	0.124	1.161	1.173	0.323	0.092	0.095	0.263	1.174	1.181	0.131	1.183	0.353	0.177	0.141	0.116	1.192	0.093	0.096	0.096	0.094	0.094	0.094	0.093	0.095	0.094	0.095	0.096	0.094	0.094
43:00:44	20.0	0.093	0.094	0.093	0.093	0.093	0.095	0.093	0.093	0.093	0.093	0.094	0.095	0.093	0.330	0.170	0.106	0.106	1.107	0.139	0.327	1.153	1.166	1.196	0.096	0.093	1.184	1.085	1.194	1.170	0.203	1.184	0.336	1.167	0.246	0.115	0.095	0.094	0.290	1.169	0.120	0.103	0.121	0.569	1.189	0.112	1.149	1.177	0.095	0.093	0.378	0.117	1.172	1.172	1.174	0.320	0.114	1.165	0.121	0.649	0.093	0.096	1.201	1.191	0.110	0.118	0.183	1.175	0.127	1.166	1.184	0.330	0.093	0.095	0.295	1.178	1.183	0.135	1.188	0.363	0.183	0.145	0.118	1.234	0.093	0.096	0.096	0.095	0.094	0.094	0.093	0.095	0.094	0.095	0.096	0.094	0.094
44:00:51	20.4	0.092	0.093	0.093	0.093	0.093	0.094	0.093	0.093	0.093	0.093	0.094	0.095	0.093	0.331	0.179	0.106	0.107	1.134	0.144	0.329	1.156	1.170	1.204	0.095	0.093	1.198	1.128	1.163	1.189	0.222	1.199	0.353	1.173	0.233	0.117	0.095	0.094	0.321	1.193	0.125	0.104	0.123	0.617	1.224	0.114	1.158	1.187	0.095	0.093	0.419	0.121	1.171	1.170	1.186	0.326	0.115	1.176	0.125	0.698	0.093	0.095	1.213	1.197	0.111	0.120	0.197	1.191	0.130	1.174	1.197	0.361	0.092	0.095	0.322	1.177	1.187	0.140	1.196	0.387	0.189	0.150	0.119	1.214	0.093	0.096	0.096	0.094	0.094	0.094	0.093	0.095	0.094	0.095	0.096	0.094	0.094
45:00:45	20.6	0.093	0.094	0.093	0.093	0.093	0.094	0.093	0.093	0.093	0.093	0.094	0.095	0.093	0.339	0.190	0.107	0.108	1.174	0.150	0.342	1.183	1.184	1.220	0.095	0.093	1.219	1.144	1.153	1.213	0.260	1.223	0.369	1.183	0.248	0.120	0.095	0.093	0.334	1.145	0.133	0.105	0.126	0.668	1.269	0.117	1.172	1.202	0.095	0.093	0.477	0.125	1.189	1.171	1.196	0.330	0.117	1.194	0.130	0.740	0.093	0.095	1.228	1.208	0.112	0.122	0.214	1.216	0.134	1.184	1.223	0.433	0.092	0.096	0.339	1.181	1.205	0.145	1.207	0.448	0.195	0.156	0.121	1.243	0.093	0.096	0.096	0.094	0.094	0.094	0.093	0.096	0.094	0.095	0.096	0.094	0.094
46:00:46	20.9	0.093	0.093	0.093	0.093	0.093	0.094	0.093	0.093	0.093	0.093	0.094	0.095	0.093	0.357	0.202	0.108	0.110	1.183	0.157	0.373	1.206	1.203	1.237	0.095	0.093	1.243	1.146	1.168	1.239	0.293	1.252	0.414	1.206	0.271	0.122	0.095	0.093	0.343	1.169	0.141	0.105	0.130	0.715	1.194	0.120	1.194	1.215	0.095	0.093	0.540	0.131	1.207	1.178	1.205	0.337	0.120	1.220	0.137	0.775	0.092	0.095	1.244	1.222	0.114	0.125	0.232	1.242	0.138	1.198	1.262	0.495	0.092	0.095	0.353	1.208	1.215	0.153	1.220	0.493	0.203	0.163	0.124	1.250	0.093	0.096	0.096	0.094	0.093	0.094	0.093	0.095	0.094	0.095	0.096	0.094	0.094
47:00:47	21.0	0.093	0.093	0.093	0.093	0.093	0.095	0.093	0.093	0.093	0.093	0.094	0.095	0.093	0.401	0.213	0.109	0.111	1.199	0.166	0.422	1.219	1.227	1.267	0.096	0.093	1.275	1.200	1.190	1.274	0.310	1.287	0.471	1.230	0.295	0.126	0.096	0.093	0.358	1.199	0.151	0.107	0.135	0.758	1.201	0.125	1.225	1.235	0.095	0.093	0.603	0.139	1.223	1.195	1.216	0.360	0.124	1.267	0.144	0.823	0.093	0.096	1.260	1.241	0.118	0.129	0.250	1.274	0.143	1.215	1.295	0.559	0.092	0.096	0.391	1.232	1.227	0.160	1.240	0.545	0.211	0.171	0.127	1.249	0.093	0.096	0.096	0.095	0.094	0.094	0.094	0.096	0.094	0.095	0.096	0.094	0.094
48:00:49	21.0	0.093	0.093	0.093	0.093	0.093	0.094	0.093	0.093	0.093	0.093	0.093	0.095	0.093	0.461	0.225	0.110	0.114	1.239	0.177	0.475	1.236	1.244	1.295	0.095	0.093	1.242	1.237	1.210	1.191	0.327	1.329	0.531	1.246	0.323	0.131	0.095	0.093	0.380	1.219	0.162	0.109	0.141	0.805	1.209	0.131	1.263	1.265	0.094	0.093	0.665	0.148	1.236	1.220	1.244	0.433	0.129	1.327	0.155	1.045	0.093	0.095	1.276	1.267	0.120	0.134	0.256	1.266	0.150	1.240	1.226	0.616	0.092	0.095	0.433	1.245	1.245	0.168	1.206	0.599	0.225	0.179	0.130	1.254	0.093	0.095	0.096	0.094	0.094	0.094	0.093	0.095	0.094	0.095	0.096	0.094	0.093
49:00:49	21.0	0.093	0.093	0.093	0.093	0.093	0.094	0.093	0.093	0.093	0.093	0.094	0.095	0.093	0.515	0.230	0.113	0.116	1.256	0.191	0.530	1.256	1.263	1.333	0.095	0.093	1.242	1.258	1.231	1.229	0.347	1.329	0.589	1.267	0.358	0.138	0.095	0.093	0.446	1.235	0.177	0.112	0.148	0.974	1.219	0.139	1.329	1.310	0.094	0.093	0.723	0.161	1.256	1.252	1.262	0.495	0.135	1.337	0.167	0.950	0.093	0.095	1.296	1.290	0.124	0.141	0.259	1.249	0.158	1.286	1.255	0.675	0.092	0.096	0.465	1.264	1.267	0.178	1.271	0.655	0.239	0.190	0.135	1.262	0.093	0.096	0.096	0.094	0.094	0.094	0.093	0.096	0.094	0.095	0.096	0.094	0.094
50:00:50	20.8	0.092	0.094	0.093	0.093	0.093	0.094	0.093	0.093	0.093	0.093	0.093	0.095	0.093	0.577	0.215	0.114	0.119	1.271	0.208	0.581	1.275	1.281	1.247	0.096	0.093	1.263	1.264	1.258	1.244	0.407	1.274	0.644	1.287	0.399	0.146	0.095	0.093	0.497	1.255	0.195	0.115	0.157	0.942	1.231	0.147	1.260	1.270	0.095	0.093	0.769	0.177	1.275	1.286	1.275	0.558	0.143	1.297	0.181	0.968	0.093	0.095	1.315	1.329	0.129	0.149	0.239	1.253	0.167	1.338	1.287	0.732	0.092	0.095	0.507	1.285	1.290	0.189	1.297	0.709	0.255	0.203	0.140	1.275	0.093	0.096	0.096	0.094	0.094	0.094	0.093	0.095	0.094	0.095	0.096	0.094	0.094
51:00:51	20.6	0.093	0.094	0.093	0.093	0.093	0.094	0.093	0.093	0.093	0.093	0.094	0.095	0.093	0.631	0.216	0.116	0.122	1.288	0.223	0.634	1.293	1.299	1.289	0.095	0.093	1.301	1.282	1.272	1.258	0.441	1.285	0.695	1.308	0.442	0.156	0.096	0.093	0.538	1.273	0.213	0.118	0.169	0.959	1.248	0.158	1.292	1.306	0.095	0.093	0.806	0.197	1.288	1.325	1.290	0.612	0.153	1.302	0.199	0.962	0.093	0.096	1.351	1.284	0.134	0.159	0.242	1.264	0.178	1.296	1.299	0.778	0.092	0.096	0.560	1.308	1.315	0.201	1.318	0.755	0.270	0.216	0.147	1.291	0.093	0.096	0.096	0.094	0.094	0.094	0.093	0.096	0.094	0.095	0.096	0.094	0.094
52:00:52	20.3	0.092	0.093	0.093	0.093	0.093	0.094	0.093	0.093	0.093	0.093	0.094	0.095	0.093	0.686	0.239	0.118	0.126	1.307	0.235	0.685	1.309	1.328	1.315	0.095	0.093	1.314	1.298	1.289	1.271	0.482	1.298	0.732	1.330	0.494	0.167	0.095	0.093	0.587	1.291	0.231	0.122	0.183	0.947	1.268	0.171	1.299	1.319	0.095	0.093	0.724	0.218	1.307	1.367	1.307	0.667	0.165	1.305	0.219	0.969	0.092	0.095	1.284	1.310	0.139	0.172	0.265	1.287	0.191	1.333	1.305	0.865	0.092	0.096	0.610	1.336	1.343	0.215	1.329	0.803	0.287	0.230	0.154	1.312	0.093	0.096	0.096	0.094	0.094	0.094	0.093	0.095	0.094	0.095	0.096	0.094	0.094
53:00:54	20.1	0.093	0.093	0.093	0.093	0.093	0.094	0.093	0.092	0.093	0.093	0.093	0.095	0.093	0.740	0.273	0.121	0.130	1.321	0.250	0.729	1.329	1.276	1.332	0.095	0.093	1.327	1.310	1.300	1.284	0.533	1.312	0.666	1.225	0.546	0.180	0.095	0.093	0.635	1.300	0.245	0.127	0.200	0.943	1.288	0.186	1.305	1.334	0.095	0.093	0.937	0.238	1.326	1.408	1.323	0.719	0.178	1.311	0.242	0.983	0.092	0.095	1.288	1.329	0.147	0.186	0.285	1.308	0.207	1.332	1.313	0.835	0.092	0.095	0.662	1.359	1.372	0.227	1.339	1.035	0.302	0.244	0.162	1.331	0.093	0.096	0.096	0.094	0.094	0.094	0.093	0.095	0.094	0.095	0.096	0.094	0.093
54:00:54	20.0	0.092	0.093	0.093	0.093	0.093	0.094	0.093	0.093	0.093	0.093	0.093	0.094	0.093	0.768	0.294	0.125	0.136	1.335	0.250	0.773	1.238	1.312	1.352	0.095	0.093	1.342	1.325	1.312	1.302	0.580	1.331	0.767	1.278	0.581	0.195	0.095	0.093	0.684	1.309	0.229	0.133	0.218	0.950	1.311	0.203	1.311	1.338	0.095	0.093	0.985	0.242	1.346	1.416	1.340	0.758	0.197	1.317	0.268	0.997	0.093	0.095	1.332	1.346	0.157	0.201	0.300	1.331	0.226	1.332	1.322	0.942	0.092	0.095	0.713	1.389	1.418	0.233	1.349	0.933	0.312	0.258	0.172	1.357	0.093	0.095	0.096	0.094	0.093	0.094	0.093	0.095	0.094	0.095	0.096	0.094	0.093
55:00:54	19.8	0.093	0.094	0.093	0.093	0.093	0.095	0.093	0.093	0.093	0.093	0.094	0.095	0.093	0.683	0.308	0.129	0.143	1.350	0.247	0.923	1.308	1.323	1.364	0.096	0.094	1.356	1.345	1.325	1.321	0.630	1.351	0.869	1.310	0.602	0.213	0.096	0.094	0.735	1.319	0.240	0.141	0.233	0.962	1.339	0.227	1.318	1.344	0.095	0.093	0.980	0.234	1.369	1.407	1.366	0.793	0.219	1.327	0.291	1.013	0.093	0.096	1.343	1.355	0.169	0.213	0.317	1.356	0.248	1.336	1.337	0.959	0.093	0.096	0.764	1.299	1.337	0.236	1.360	0.946	0.318	0.275	0.184	1.411	0.093	0.096	0.096	0.095	0.094	0.094	0.093	0.095	0.094	0.095	0.096	0.094	0.094
56:00:56	19.6	0.093	0.094	0.093	0.093	0.094	0.095	0.094	0.093	0.093	0.094	0.094	0.095	0.094	0.845	0.324	0.133	0.150	1.366	0.247	0.854	1.333	1.334	1.375	0.096	0.094	1.371	1.359	1.340	1.343	0.676	1.370	0.919	1.319	0.625	0.233	0.096	0.094	0.757	1.331	0.249	0.150	0.241	0.969	1.370	0.253	1.328	1.355	0.095	0.093	0.974	0.250	1.402	1.344	1.330	0.776	0.245	1.336	0.311	1.029	0.093	0.096	1.353	1.361	0.182	0.221	0.338	1.379	0.270	1.340	1.349	0.960	0.093	0.096	0.849	1.354	1.367	0.226	1.371	0.946	0.322	0.290	0.197	1.351	0.093	0.096	0.096	0.095	0.094	0.094	0.094	0.096	0.095	0.095	0.096	0.094	0.094
57:00:57	19.5	0.093	0.093	0.093	0.093	0.093	0.094	0.093	0.093	0.093	0.093	0.094	0.095	0.093	0.907	0.338	0.139	0.159	1.302	0.263	0.907	1.342	1.344	1.393	0.096	0.093	1.387	1.375	1.362	1.364	0.721	1.392	0.943	1.335	0.682	0.253	0.095	0.094	0.786	1.347	0.268	0.159	0.244	0.984	1.394	0.279	1.338	1.367	0.095	0.093	0.974	0.264	1.351	1.350	1.337	0.900	0.271	1.347	0.312	1.046	0.093	0.096	1.384	1.369	0.198	0.222	0.376	1.406	0.291	1.349	1.364	0.962	0.092	0.096	0.817	1.359	1.371	0.215	1.383	0.950	0.325	0.299	0.210	1.387	0.093	0.096	0.096	0.094	0.094	0.094	0.093	0.095	0.094	0.095	0.096	0.094	0.094
58:00:58	19.5	0.093	0.094	0.093	0.093	0.093	0.094	0.093	0.093	0.093	0.093	0.094	0.095	0.093	0.937	0.354	0.145	0.168	1.314	0.273	0.923	1.349	1.356	1.407	0.096	0.094	1.406	1.397	1.372	1.386	0.705	1.416	0.965	1.350	0.742	0.272	0.096	0.094	0.859	1.368	0.282	0.171	0.232	0.996	1.434	0.306	1.351	1.383	0.095	0.093	0.977	0.279	1.365	1.357	1.355	0.953	0.295	1.360	0.314	1.063	0.093	0.095	1.390	1.378	0.216	0.221	0.407	1.432	0.306	1.361	1.382	0.967	0.092	0.096	0.897	1.365	1.372	0.217	1.395	0.959	0.328	0.304	0.225	1.417	0.093	0.096	0.096	0.094	0.094	0.094	0.093	0.096	0.094	0.095	0.096	0.094	0.094
59:00:58	19.4	0.093	0.094	0.093	0.093	0.093	0.095	0.093	0.093	0.093	0.093	0.094	0.095	0.093	0.945	0.401	0.152	0.180	1.326	0.283	0.926	1.354	1.368	1.422	0.096	0.094	1.430	1.303	1.318	1.407	0.776	1.441	0.977	1.364	0.784	0.285	0.096	0.094	0.901	1.330	0.298	0.185	0.225	1.010	1.362	0.319	1.365	1.398	0.095	0.093	0.983	0.293	1.356	1.367	1.374	0.966	0.310	1.379	0.317	1.081	0.093	0.096	1.403	1.392	0.233	0.230	0.443	1.443	0.313	1.375	1.409	0.975	0.093	0.096	0.950	1.370	1.380	0.237	1.410	0.972	0.331	0.310	0.241	1.416	0.093	0.096	0.096	0.095	0.094	0.094	0.093	0.096	0.094	0.095	0.096	0.094	0.094
60:00:59	19.4	0.093	0.093	0.093	0.093	0.093	0.095	0.093	0.093	0.093	0.093	0.094	0.095	0.093	0.953	0.443	0.160	0.192	1.352	0.305	0.933	1.366	1.381	1.434	0.096	0.093	1.450	1.333	1.331	1.430	0.851	1.466	0.984	1.374	0.825	0.296	0.095	0.093	0.909	1.339	0.324	0.204	0.227	1.027	1.367	0.319	1.379	1.409	0.095	0.093	0.990	0.311	1.371	1.379	1.391	0.969	0.314	1.398	0.326	1.097	0.093	0.095	1.421	1.403	0.251	0.245	0.488	1.451	0.321	1.388	1.439	0.983	0.092	0.095	0.947	1.380	1.397	0.254	1.425	0.985	0.324	0.315	0.260	1.419	0.093	0.096	0.096	0.094	0.094	0.094	0.093	0.096	0.094	0.095	0.096	0.094	0.094
61:01:01	19.4	0.093	0.094	0.093	0.093	0.093	0.094	0.093	0.093	0.093	0.093	0.094	0.095	0.093	0.964	0.479	0.169	0.208	1.389	0.336	0.936	1.385	1.391	1.448	0.096	0.093	1.472	1.354	1.351	1.449	0.893	1.493	0.991	1.387	0.859	0.291	0.095	0.093	0.913	1.345	0.352	0.227	0.237	1.043	1.381	0.311	1.393	1.420	0.095	0.093	0.998	0.336	1.402	1.395	1.400	0.975	0.326	1.422	0.329	1.110	0.093	0.095	1.434	1.416	0.255	0.259	0.537	1.408	0.324	1.401	1.458	0.996	0.092	0.095	0.960	1.389	1.411	0.270	1.398	0.996	0.327	0.317	0.278	1.423	0.093	0.096	0.096	0.094	0.094	0.094	0.093	0.095	0.094	0.095	0.096	0.094	0.093
62:01:01	19.4	0.092	0.093	0.093	0.093	0.093	0.094	0.093	0.093	0.093	0.093	0.094	0.095	0.093	0.972	0.510	0.178	0.222	1.395	0.378	0.946	1.399	1.399	1.459	0.096	0.093	1.494	1.369	1.368	1.468	0.914	1.478	0.999	1.397	0.886	0.279	0.095	0.093	0.919	1.367	0.381	0.244	0.253	1.061	1.386	0.328	1.407	1.429	0.095	0.093	1.011	0.360	1.412	1.412	1.408	0.984	0.314	1.441	0.342	1.124	0.093	0.096	1.447	1.433	0.253	0.277	0.584	1.416	0.321	1.412	1.458	1.008	0.092	0.095	0.977	1.408	1.418	0.288	1.353	1.009	0.329	0.308	0.290	1.431	0.093	0.096	0.096	0.094	0.094	0.094	0.093	0.096	0.094	0.095	0.096	0.094	0.093
63:01:03	19.4	0.093	0.094	0.094	0.093	0.093	0.095	0.094	0.093	0.093	0.093	0.094	0.095	0.094	0.981	0.544	0.189	0.234	1.407	0.404	0.957	1.413	1.408	1.472	0.096	0.094	1.433	1.377	1.379	1.430	0.929	1.476	1.007	1.411	0.903	0.272	0.096	0.094	0.922	1.381	0.417	0.256	0.268	1.079	1.393	0.328	1.421	1.438	0.095	0.093	1.021	0.390	1.422	1.430	1.416	0.990	0.328	1.459	0.359	1.136	0.093	0.096	1.460	1.448	0.252	0.304	0.630	1.427	0.323	1.423	1.462	1.021	0.093	0.096	0.983	1.427	1.427	0.315	1.377	1.026	0.342	0.298	0.299	1.439	0.093	0.096	0.096	0.095	0.094	0.094	0.093	0.096	0.094	0.095	0.096	0.094	0.094
64:01:03	19.5	0.093	0.093	0.093	0.093	0.093	0.094	0.093	0.093	0.093	0.093	0.093	0.095	0.093	0.991	0.555	0.202	0.246	1.415	0.433	0.967	1.419	1.416	1.484	0.095	0.093	1.439	1.385	1.390	1.387	0.931	1.451	1.014	1.423	0.914	0.265	0.096	0.093	0.924	1.402	0.453	0.256	0.290	1.091	1.397	0.325	1.434	1.448	0.094	0.093	1.032	0.421	1.432	1.444	1.424	0.997	0.323	1.475	0.378	1.147	0.093	0.095	1.469	1.458	0.262	0.340	0.674	1.435	0.312	1.433	1.473	1.035	0.093	0.095	0.990	1.434	1.436	0.345	1.391	1.041	0.352	0.294	0.304	1.447	0.093	0.096	0.096	0.094	0.093	0.094	0.093	0.095	0.095	0.095	0.096	0.094	0.093
65:01:04	19.7	0.092	0.093	0.093	0.093	0.093	0.094	0.093	0.093	0.093	0.093	0.093	0.094	0.093	0.999	0.590	0.216	0.252	1.428	0.468	0.980	1.426	1.424	1.494	0.095	0.093	1.449	1.394	1.395	1.403	0.940	1.446	1.029	1.433	0.920	0.270	0.095	0.093	0.937	1.409	0.496	0.244	0.328	1.103	1.403	0.331	1.449	1.460	0.095	0.093	1.041	0.460	1.438	1.459	1.434	1.003	0.317	1.471	0.407	1.159	0.093	0.095	1.476	1.456	0.272	0.371	0.719	1.440	0.314	1.444	1.397	1.050	0.092	0.095	0.995	1.440	1.441	0.376	1.404	1.058	0.366	0.300	0.307	1.455	0.093	0.096	0.096	0.094	0.093	0.094	0.093	0.096	0.094	0.095	0.096	0.094	0.093
66:01:07	20.1	0.093	0.094	0.093	0.093	0.093	0.094	0.093	0.093	0.093	0.093	0.093	0.095	0.093	1.010	0.643	0.232	0.251	1.444	0.515	0.997	1.433	1.432	1.507	0.095	0.093	1.458	1.401	1.405	1.414	0.946	1.449	1.042	1.441	0.926	0.277	0.095	0.093	0.952	1.421	0.531	0.242	0.359	1.118	1.410	0.343	1.465	1.474	0.094	0.093	1.056	0.493	1.446	1.477	1.444	1.015	0.324	1.459	0.438	1.172	0.093	0.095	1.485	1.465	0.290	0.404	0.723	1.444	0.318	1.458	1.404	1.066	0.092	0.095	1.007	1.446	1.450	0.406	1.418	1.077	0.379	0.312	0.305	1.463	0.093	0.096	0.096	0.094	0.095	0.094	0.093	0.096	0.094	0.095	0.096	0.094	0.094
67:01:08	20.6	0.093	0.094	0.093	0.093	0.093	0.094	0.093	0.093	0.093	0.093	0.094	0.095	0.093	1.023	0.700	0.249	0.250	1.453	0.532	1.017	1.439	1.442	1.525	0.096	0.093	1.468	1.410	1.414	1.422	0.961	1.450	1.056	1.449	0.935	0.295	0.095	0.094	0.979	1.426	0.568	0.247	0.397	1.136	1.421	0.360	1.490	1.495	0.095	0.093	1.073	0.534	1.451	1.492	1.451	1.027	0.339	1.477	0.472	1.188	0.093	0.095	1.494	1.475	0.315	0.444	0.817	1.451	0.327	1.475	1.411	1.081	0.093	0.096	1.014	1.452	1.458	0.442	1.439	1.091	0.405	0.333	0.304	1.472	0.093	0.096	0.096	0.095	0.095	0.094	0.093	0.096	0.094	0.095	0.096	0.094	0.094
68:01:18	21.0	0.093	0.094	0.093	0.093	0.093	0.095	0.093	0.093	0.093	0.093	0.094	0.095	0.093	1.042	0.763	0.262	0.258	1.458	0.559	1.028	1.449	1.453	1.545	0.096	0.093	1.437	1.435	1.422	1.430	0.962	1.456	1.068	1.458	0.947	0.325	0.096	0.093	0.979	1.432	0.613	0.258	0.438	1.148	1.427	0.388	1.515	1.517	0.095	0.093	1.089	0.584	1.457	1.511	1.457	1.039	0.366	1.462	0.525	1.201	0.093	0.095	1.506	1.488	0.346	0.469	0.906	1.458	0.353	1.493	1.420	1.093	0.092	0.096	1.037	1.461	1.472	0.484	1.463	1.102	0.433	0.354	0.300	1.483	0.093	0.096	0.096	0.094	0.094	0.094	0.093	0.096	0.094	0.095	0.096	0.094	0.094
69:01:10	21.5	0.092	0.093	0.093	0.093	0.093	0.094	0.093	0.093	0.093	0.093	0.093	0.095	0.093	1.062	0.827	0.265	0.267	1.474	0.622	1.053	1.460	1.466	1.565	0.096	0.093	1.455	1.456	1.429	1.440	0.989	1.465	1.085	1.471	0.963	0.362	0.095	0.093	1.020	1.440	0.669	0.280	0.482	1.167	1.440	0.423	1.545	1.542	0.095	0.093	1.105	0.647	1.464	1.528	1.469	1.060	0.394	1.465	0.581	1.219	0.092	0.095	1.521	1.503	0.376	0.537	0.935	1.468	0.383	1.518	1.429	1.107	0.092	0.095	1.056	1.469	1.481	0.537	1.483	1.119	0.465	0.382	0.308	1.495	0.093	0.096	0.096	0.094	0.094	0.094	0.093	0.095	0.094	0.095	0.096	0.094	0.093
70:01:09	22.0	0.092	0.093	0.093	0.093	0.093	0.094	0.093	0.092	0.093	0.093	0.093	0.095	0.093	1.076	0.859	0.265	0.282	1.482	0.673	1.065	1.472	1.478	1.544	0.095	0.093	1.470	1.470	1.439	1.455	0.996	1.472	1.096	1.483	0.979	0.408	0.095	0.093	1.029	1.454	0.726	0.307	0.517	1.186	1.451	0.450	1.444	1.550	0.094	0.093	1.115	0.691	1.476	1.549	1.482	1.071	0.429	1.468	0.634	1.238	0.092	0.095	1.539	1.517	0.411	0.573	0.943	1.480	0.417	1.546	1.449	1.122	0.092	0.095	1.072	1.481	1.498	0.569	1.495	1.134	0.498	0.415	0.321	1.506	0.092	0.095	0.096	0.094	0.094	0.094	0.093	0.095	0.094	0.095	0.095	0.094	0.093
71:01:11	22.4	0.092	0.093	0.093	0.093	0.093	0.094	0.093	0.092	0.093	0.092	0.093	0.094	0.093	1.089	0.879	0.275	0.294	1.492	0.755	1.077	1.483	1.493	1.479	0.095	0.093	1.487	1.485	1.453	1.465	1.017	1.483	1.107	1.497	0.996	0.445	0.095	0.093	1.048	1.465	0.816	0.338	0.587	1.205	1.462	0.503	1.453	1.466	0.094	0.092	1.127	0.790	1.489	1.564	1.494	1.087	0.459	1.471	0.701	1.261	0.092	0.095	1.556	1.542	0.453	0.627	0.949	1.496	0.453	1.581	1.463	1.135	0.092	0.095	1.086	1.496	1.513	0.623	1.508	1.148	0.531	0.448	0.352	1.520	0.092	0.096	0.096	0.094	0.094	0.094	0.093	0.095	0.094	0.095	0.095	0.094	0.093
72:01:11	22.5	0.092	0.093	0.093	0.093	0.093	0.095	0.093	0.093	0.093	0.093	0.093	0.094	0.093	1.100	0.888	0.294	0.309	1.502	0.821	1.093	1.499	1.509	1.490	0.095	0.093	1.505	1.493	1.465	1.475	1.036	1.497	1.116	1.510	1.017	0.505	0.095	0.093	1.065	1.473	0.843	0.373	0.647	1.227	1.475	0.559	1.465	1.481	0.094	0.093	1.142	0.860	1.504	1.564	1.507	1.102	0.517	1.476	0.767	1.291	0.092	0.095	1.573	1.570	0.500	0.687	0.961	1.511	0.497	1.509	1.488	1.147	0.092	0.095	1.100	1.512	1.528	0.677	1.521	1.164	0.586	0.484	0.385	1.539	0.092	0.096	0.096	0.094	0.094	0.094	0.093	0.095	0.094	0.095	0.096	0.094	0.093

