Time	T° 600	A1	A2	A3	A4	A5	A6	A7	A8	A9	A10	A11	A12	B1	B2	B3	B4	B5	B6	B7	B8	B9	B10	B11	B12	C1	C2	C3	C4	C5	C6	C7	C8	C9	C10	C11	C12	D1	D2	D3	D4	D5	D6	D7	D8	D9	D10	D11	D12	E1	E2	E3	E4	E5	E6	E7	E8	E9	E10	E11	E12	F1	F2	F3	F4	F5	F6	F7	F8	F9	F10	F11	F12	G1	G2	G3	G4	G5	G6	G7	G8	G9	G10	G11	G12	H1	H2	H3	H4	H5	H6	H7	H8	H9	H10	H11	H12
0:00:06	19.3	0.092	0.090	0.090	0.092	0.092	0.092	0.089	0.089	0.090	0.093	0.090	0.091	0.090	0.092	0.091	0.094	0.093	0.091	0.092	0.095	0.092	0.093	0.093	0.092	0.090	0.093	0.092	0.091	0.091	0.095	0.091	0.091	0.092	0.094	0.093	0.091	0.089	0.091	0.091	0.091	0.091	0.091	0.091	0.091	0.090	0.091	0.091	0.091	0.093	0.092	0.093	0.092	0.091	0.093	0.090	0.090	0.091	0.091	0.091	0.090	0.092	0.093	0.094	0.093	0.092	0.091	0.090	0.092	0.091	0.092	0.092	0.090	0.092	0.092	0.092	0.091	0.093	0.091	0.091	0.092	0.094	0.092	0.093	0.090	0.093	0.091	0.093	0.092	0.091	0.091	0.091	0.093	0.094	0.091	0.091	0.092
1:00:05	19.8	0.092	0.090	0.091	0.092	0.092	0.092	0.089	0.090	0.090	0.094	0.090	0.091	0.090	0.093	0.091	0.094	0.093	0.092	0.092	0.095	0.092	0.094	0.094	0.093	0.090	0.094	0.092	0.091	0.091	0.097	0.092	0.092	0.092	0.095	0.093	0.092	0.090	0.092	0.092	0.091	0.092	0.092	0.092	0.092	0.091	0.092	0.092	0.092	0.094	0.092	0.094	0.093	0.092	0.093	0.091	0.090	0.092	0.091	0.092	0.090	0.093	0.093	0.095	0.094	0.092	0.092	0.091	0.093	0.092	0.092	0.093	0.090	0.093	0.093	0.093	0.092	0.095	0.092	0.092	0.094	0.095	0.093	0.093	0.090	0.094	0.091	0.093	0.091	0.091	0.091	0.092	0.094	0.094	0.092	0.091	0.092
2:00:07	20.1	0.092	0.090	0.091	0.093	0.093	0.092	0.090	0.091	0.091	0.094	0.091	0.092	0.091	0.093	0.092	0.095	0.094	0.092	0.092	0.095	0.092	0.094	0.095	0.093	0.090	0.094	0.093	0.092	0.091	0.097	0.092	0.092	0.093	0.095	0.094	0.092	0.090	0.092	0.092	0.091	0.092	0.092	0.092	0.093	0.092	0.093	0.092	0.092	0.094	0.093	0.095	0.094	0.093	0.093	0.091	0.091	0.092	0.092	0.092	0.091	0.094	0.093	0.095	0.094	0.093	0.092	0.091	0.094	0.092	0.092	0.093	0.091	0.093	0.093	0.093	0.093	0.095	0.092	0.093	0.094	0.096	0.093	0.093	0.091	0.094	0.092	0.094	0.092	0.092	0.091	0.093	0.094	0.094	0.092	0.091	0.092
3:00:07	20.2	0.093	0.090	0.091	0.093	0.093	0.093	0.090	0.091	0.091	0.094	0.091	0.092	0.091	0.093	0.092	0.095	0.094	0.092	0.093	0.095	0.092	0.095	0.095	0.093	0.090	0.094	0.093	0.092	0.092	0.097	0.092	0.093	0.093	0.095	0.094	0.093	0.090	0.093	0.092	0.091	0.092	0.092	0.092	0.093	0.092	0.093	0.093	0.093	0.094	0.093	0.094	0.094	0.093	0.094	0.091	0.091	0.092	0.092	0.092	0.091	0.094	0.093	0.096	0.094	0.093	0.092	0.092	0.094	0.092	0.093	0.094	0.091	0.093	0.093	0.093	0.093	0.095	0.092	0.093	0.094	0.096	0.093	0.093	0.091	0.094	0.092	0.094	0.092	0.092	0.092	0.093	0.094	0.094	0.092	0.091	0.092
4:00:08	20.3	0.093	0.090	0.091	0.093	0.093	0.093	0.090	0.090	0.091	0.094	0.091	0.092	0.091	0.092	0.092	0.095	0.094	0.092	0.093	0.095	0.092	0.095	0.095	0.093	0.090	0.094	0.093	0.092	0.092	0.097	0.092	0.092	0.093	0.095	0.094	0.093	0.090	0.092	0.092	0.092	0.092	0.092	0.092	0.093	0.092	0.093	0.093	0.093	0.094	0.093	0.095	0.094	0.093	0.094	0.091	0.091	0.092	0.092	0.092	0.091	0.094	0.093	0.096	0.094	0.093	0.092	0.092	0.094	0.092	0.092	0.093	0.091	0.093	0.093	0.093	0.093	0.095	0.093	0.093	0.094	0.096	0.094	0.093	0.091	0.094	0.091	0.094	0.092	0.092	0.091	0.093	0.094	0.094	0.092	0.091	0.092
5:00:09	20.4	0.092	0.090	0.091	0.093	0.093	0.092	0.090	0.091	0.091	0.094	0.091	0.092	0.091	0.092	0.092	0.094	0.094	0.092	0.092	0.095	0.092	0.094	0.095	0.093	0.090	0.094	0.093	0.092	0.092	0.097	0.092	0.092	0.093	0.095	0.094	0.092	0.090	0.092	0.092	0.091	0.092	0.092	0.092	0.093	0.092	0.093	0.093	0.092	0.094	0.092	0.094	0.094	0.092	0.094	0.091	0.091	0.092	0.092	0.092	0.091	0.094	0.093	0.095	0.094	0.093	0.092	0.092	0.094	0.092	0.092	0.093	0.091	0.093	0.093	0.093	0.093	0.095	0.092	0.093	0.094	0.096	0.093	0.093	0.090	0.094	0.091	0.094	0.092	0.091	0.091	0.093	0.094	0.094	0.092	0.091	0.092
6:00:11	20.4	0.093	0.090	0.092	0.093	0.093	0.093	0.090	0.091	0.091	0.094	0.091	0.092	0.091	0.093	0.092	0.095	0.094	0.092	0.093	0.095	0.092	0.095	0.095	0.093	0.090	0.094	0.093	0.092	0.092	0.098	0.092	0.093	0.093	0.095	0.095	0.093	0.090	0.093	0.092	0.092	0.092	0.092	0.093	0.094	0.092	0.093	0.093	0.093	0.094	0.093	0.095	0.094	0.093	0.094	0.091	0.091	0.092	0.092	0.092	0.091	0.094	0.093	0.096	0.095	0.093	0.092	0.092	0.094	0.092	0.092	0.093	0.091	0.094	0.093	0.094	0.093	0.095	0.093	0.093	0.095	0.096	0.094	0.093	0.091	0.094	0.092	0.094	0.092	0.092	0.092	0.093	0.094	0.094	0.092	0.092	0.092
7:00:12	20.4	0.093	0.090	0.092	0.093	0.093	0.093	0.090	0.091	0.091	0.094	0.092	0.092	0.092	0.093	0.092	0.095	0.094	0.092	0.093	0.095	0.092	0.094	0.095	0.093	0.090	0.094	0.093	0.092	0.092	0.096	0.093	0.093	0.093	0.095	0.095	0.093	0.090	0.093	0.092	0.092	0.092	0.092	0.093	0.094	0.092	0.093	0.093	0.093	0.094	0.093	0.095	0.094	0.093	0.094	0.091	0.091	0.092	0.092	0.092	0.091	0.094	0.094	0.096	0.094	0.093	0.092	0.092	0.094	0.092	0.092	0.093	0.091	0.094	0.094	0.094	0.093	0.095	0.092	0.093	0.094	0.096	0.094	0.093	0.091	0.094	0.092	0.094	0.092	0.092	0.091	0.093	0.094	0.094	0.092	0.091	0.092
8:00:12	20.4	0.093	0.090	0.092	0.093	0.093	0.093	0.090	0.091	0.091	0.094	0.091	0.092	0.091	0.093	0.092	0.095	0.094	0.092	0.093	0.095	0.092	0.095	0.095	0.093	0.090	0.094	0.093	0.092	0.092	0.098	0.092	0.093	0.093	0.095	0.094	0.093	0.091	0.093	0.092	0.092	0.092	0.092	0.093	0.093	0.092	0.093	0.093	0.093	0.094	0.093	0.095	0.094	0.093	0.094	0.092	0.092	0.092	0.092	0.092	0.091	0.094	0.093	0.096	0.094	0.093	0.093	0.092	0.094	0.092	0.092	0.094	0.091	0.094	0.094	0.093	0.093	0.096	0.092	0.093	0.095	0.096	0.094	0.093	0.091	0.094	0.091	0.094	0.092	0.092	0.092	0.093	0.094	0.094	0.092	0.091	0.092
9:00:14	20.3	0.093	0.090	0.092	0.093	0.093	0.093	0.090	0.091	0.091	0.094	0.091	0.092	0.091	0.092	0.092	0.095	0.094	0.092	0.093	0.095	0.093	0.095	0.095	0.094	0.090	0.094	0.093	0.092	0.092	0.097	0.093	0.093	0.093	0.095	0.094	0.093	0.090	0.092	0.092	0.092	0.092	0.092	0.093	0.093	0.092	0.094	0.093	0.093	0.094	0.093	0.095	0.094	0.093	0.094	0.091	0.092	0.092	0.092	0.092	0.091	0.094	0.094	0.096	0.094	0.093	0.093	0.092	0.095	0.092	0.092	0.094	0.091	0.094	0.093	0.094	0.093	0.095	0.093	0.093	0.095	0.096	0.094	0.093	0.091	0.094	0.092	0.094	0.092	0.092	0.092	0.093	0.094	0.094	0.092	0.091	0.092
10:00:15	20.2	0.093	0.090	0.092	0.093	0.093	0.093	0.090	0.091	0.091	0.094	0.091	0.092	0.091	0.093	0.092	0.095	0.094	0.093	0.093	0.095	0.092	0.095	0.095	0.094	0.091	0.094	0.093	0.092	0.092	0.097	0.092	0.093	0.094	0.095	0.095	0.093	0.091	0.093	0.092	0.092	0.093	0.093	0.093	0.094	0.092	0.094	0.093	0.093	0.094	0.093	0.095	0.094	0.093	0.094	0.092	0.092	0.092	0.092	0.093	0.091	0.094	0.093	0.096	0.095	0.093	0.092	0.092	0.095	0.092	0.093	0.094	0.091	0.094	0.094	0.094	0.093	0.096	0.093	0.093	0.095	0.096	0.094	0.094	0.091	0.094	0.092	0.094	0.092	0.092	0.092	0.094	0.094	0.094	0.092	0.092	0.092
11:00:16	20.2	0.093	0.090	0.092	0.093	0.093	0.093	0.090	0.091	0.091	0.095	0.091	0.092	0.091	0.093	0.092	0.095	0.094	0.093	0.093	0.095	0.093	0.095	0.095	0.094	0.091	0.094	0.093	0.092	0.092	0.097	0.092	0.093	0.094	0.095	0.095	0.093	0.091	0.093	0.092	0.092	0.093	0.092	0.093	0.094	0.092	0.094	0.093	0.093	0.094	0.093	0.095	0.094	0.093	0.094	0.091	0.092	0.092	0.092	0.093	0.091	0.094	0.094	0.096	0.095	0.093	0.092	0.092	0.095	0.093	0.093	0.094	0.091	0.094	0.094	0.094	0.093	0.095	0.093	0.093	0.095	0.096	0.094	0.094	0.091	0.094	0.092	0.094	0.092	0.092	0.092	0.093	0.094	0.094	0.092	0.091	0.092
12:00:17	20.1	0.093	0.090	0.092	0.093	0.093	0.093	0.090	0.091	0.091	0.094	0.091	0.092	0.091	0.092	0.092	0.095	0.094	0.092	0.093	0.095	0.092	0.095	0.095	0.093	0.091	0.094	0.093	0.092	0.092	0.097	0.092	0.093	0.094	0.096	0.095	0.093	0.091	0.093	0.092	0.092	0.092	0.092	0.093	0.094	0.092	0.094	0.093	0.093	0.094	0.093	0.095	0.094	0.093	0.094	0.092	0.091	0.092	0.092	0.093	0.091	0.094	0.093	0.096	0.095	0.094	0.092	0.092	0.095	0.093	0.093	0.094	0.091	0.094	0.094	0.094	0.093	0.095	0.093	0.093	0.095	0.096	0.094	0.094	0.091	0.094	0.092	0.094	0.092	0.092	0.092	0.093	0.094	0.094	0.092	0.091	0.091
13:00:18	20.1	0.093	0.090	0.092	0.093	0.093	0.093	0.090	0.091	0.091	0.094	0.091	0.092	0.091	0.092	0.092	0.095	0.094	0.092	0.093	0.096	0.092	0.095	0.095	0.093	0.091	0.094	0.093	0.092	0.092	0.096	0.092	0.093	0.094	0.096	0.095	0.093	0.091	0.093	0.093	0.091	0.092	0.093	0.093	0.094	0.092	0.093	0.093	0.093	0.094	0.092	0.095	0.095	0.093	0.094	0.092	0.092	0.092	0.092	0.093	0.091	0.094	0.093	0.096	0.095	0.094	0.093	0.093	0.095	0.092	0.092	0.094	0.091	0.094	0.094	0.094	0.094	0.095	0.093	0.093	0.095	0.096	0.094	0.094	0.091	0.094	0.092	0.094	0.092	0.092	0.092	0.093	0.094	0.094	0.092	0.091	0.092
14:00:19	20.1	0.093	0.090	0.092	0.093	0.093	0.093	0.090	0.091	0.091	0.095	0.092	0.093	0.091	0.092	0.092	0.095	0.094	0.093	0.093	0.096	0.092	0.095	0.095	0.094	0.090	0.094	0.093	0.092	0.092	0.097	0.093	0.093	0.094	0.095	0.095	0.093	0.090	0.093	0.093	0.092	0.093	0.093	0.093	0.094	0.092	0.094	0.093	0.093	0.094	0.093	0.095	0.095	0.093	0.094	0.092	0.092	0.092	0.092	0.093	0.091	0.094	0.093	0.096	0.095	0.094	0.093	0.093	0.095	0.093	0.093	0.094	0.091	0.094	0.094	0.094	0.093	0.095	0.093	0.094	0.096	0.096	0.094	0.094	0.091	0.094	0.092	0.094	0.092	0.092	0.092	0.094	0.094	0.094	0.092	0.092	0.092
15:00:20	20.0	0.093	0.090	0.092	0.093	0.093	0.093	0.090	0.091	0.091	0.095	0.092	0.092	0.091	0.092	0.093	0.095	0.095	0.093	0.093	0.096	0.093	0.095	0.095	0.094	0.090	0.094	0.093	0.093	0.092	0.097	0.092	0.094	0.096	0.096	0.095	0.093	0.090	0.094	0.093	0.092	0.094	0.093	0.094	0.095	0.092	0.094	0.093	0.093	0.094	0.093	0.095	0.095	0.093	0.094	0.093	0.091	0.093	0.092	0.094	0.091	0.094	0.093	0.097	0.096	0.094	0.093	0.093	0.096	0.092	0.093	0.094	0.091	0.094	0.095	0.094	0.093	0.095	0.094	0.094	0.096	0.096	0.094	0.094	0.091	0.094	0.092	0.094	0.092	0.092	0.092	0.093	0.094	0.094	0.092	0.092	0.092
16:00:21	20.0	0.093	0.091	0.092	0.093	0.093	0.093	0.090	0.091	0.091	0.095	0.092	0.093	0.091	0.093	0.093	0.096	0.095	0.094	0.093	0.097	0.093	0.096	0.095	0.093	0.091	0.095	0.093	0.094	0.092	0.097	0.093	0.094	0.095	0.096	0.096	0.093	0.091	0.094	0.094	0.092	0.094	0.094	0.094	0.095	0.092	0.094	0.094	0.093	0.094	0.094	0.095	0.095	0.093	0.094	0.093	0.092	0.093	0.092	0.094	0.091	0.094	0.093	0.097	0.096	0.095	0.093	0.094	0.096	0.093	0.093	0.094	0.091	0.094	0.095	0.094	0.093	0.095	0.094	0.093	0.097	0.096	0.094	0.096	0.091	0.094	0.092	0.094	0.092	0.092	0.092	0.093	0.095	0.094	0.092	0.092	0.092
17:00:22	20.0	0.093	0.091	0.092	0.093	0.093	0.093	0.090	0.091	0.091	0.095	0.092	0.093	0.091	0.092	0.094	0.097	0.096	0.095	0.093	0.098	0.092	0.097	0.095	0.094	0.091	0.096	0.094	0.094	0.092	0.098	0.092	0.095	0.095	0.096	0.097	0.093	0.091	0.095	0.095	0.092	0.095	0.095	0.095	0.096	0.092	0.094	0.093	0.093	0.094	0.095	0.095	0.096	0.093	0.094	0.094	0.092	0.093	0.093	0.095	0.091	0.094	0.093	0.098	0.097	0.096	0.093	0.095	0.098	0.093	0.093	0.094	0.091	0.094	0.096	0.094	0.094	0.096	0.096	0.094	0.098	0.097	0.094	0.096	0.091	0.094	0.092	0.094	0.092	0.092	0.092	0.094	0.094	0.094	0.092	0.092	0.092
18:00:22	20.0	0.093	0.091	0.092	0.094	0.094	0.093	0.090	0.091	0.091	0.095	0.092	0.093	0.092	0.093	0.095	0.098	0.098	0.096	0.094	0.099	0.093	0.098	0.095	0.094	0.091	0.097	0.094	0.096	0.092	0.098	0.093	0.097	0.096	0.096	0.098	0.093	0.091	0.096	0.096	0.092	0.097	0.096	0.097	0.098	0.093	0.094	0.094	0.093	0.094	0.096	0.095	0.098	0.094	0.094	0.096	0.092	0.094	0.093	0.097	0.091	0.094	0.094	0.099	0.098	0.098	0.093	0.097	0.099	0.093	0.093	0.094	0.092	0.094	0.097	0.094	0.094	0.096	0.097	0.094	0.099	0.097	0.095	0.098	0.091	0.094	0.092	0.094	0.092	0.092	0.092	0.094	0.095	0.094	0.092	0.092	0.092
19:00:23	20.0	0.093	0.091	0.092	0.094	0.093	0.093	0.091	0.091	0.091	0.095	0.092	0.093	0.091	0.093	0.097	0.100	0.099	0.097	0.094	0.101	0.093	0.099	0.095	0.094	0.091	0.098	0.094	0.097	0.092	0.098	0.093	0.099	0.097	0.096	0.099	0.094	0.091	0.097	0.097	0.092	0.098	0.098	0.098	0.100	0.093	0.094	0.094	0.094	0.094	0.097	0.095	0.099	0.093	0.094	0.098	0.092	0.094	0.093	0.099	0.091	0.094	0.093	0.101	0.100	0.099	0.093	0.099	0.101	0.093	0.093	0.094	0.092	0.094	0.098	0.094	0.094	0.096	0.099	0.094	0.101	0.097	0.095	0.100	0.091	0.094	0.092	0.094	0.092	0.092	0.092	0.094	0.095	0.094	0.092	0.092	0.092
20:00:24	20.0	0.093	0.091	0.092	0.093	0.093	0.093	0.091	0.091	0.092	0.095	0.092	0.093	0.091	0.093	0.099	0.102	0.101	0.099	0.094	0.103	0.093	0.100	0.096	0.094	0.091	0.100	0.094	0.099	0.093	0.098	0.093	0.101	0.099	0.096	0.100	0.093	0.091	0.099	0.099	0.092	0.101	0.100	0.101	0.102	0.093	0.095	0.094	0.094	0.094	0.099	0.095	0.101	0.094	0.094	0.100	0.092	0.094	0.093	0.102	0.092	0.095	0.094	0.102	0.102	0.101	0.093	0.102	0.104	0.093	0.093	0.094	0.092	0.094	0.100	0.094	0.094	0.096	0.101	0.094	0.104	0.097	0.095	0.102	0.091	0.094	0.092	0.094	0.092	0.092	0.092	0.094	0.095	0.094	0.092	0.092	0.092
21:00:26	20.1	0.093	0.091	0.092	0.094	0.093	0.093	0.091	0.091	0.091	0.095	0.092	0.093	0.091	0.092	0.101	0.104	0.104	0.102	0.093	0.106	0.093	0.102	0.095	0.094	0.091	0.102	0.094	0.101	0.092	0.098	0.093	0.105	0.100	0.096	0.103	0.093	0.091	0.101	0.101	0.092	0.103	0.103	0.104	0.106	0.093	0.095	0.094	0.093	0.094	0.102	0.095	0.103	0.093	0.094	0.104	0.092	0.095	0.093	0.105	0.091	0.094	0.094	0.105	0.105	0.103	0.093	0.106	0.108	0.093	0.093	0.094	0.092	0.094	0.102	0.094	0.094	0.096	0.104	0.094	0.108	0.097	0.095	0.106	0.091	0.094	0.091	0.094	0.092	0.092	0.092	0.094	0.095	0.094	0.092	0.091	0.092
22:00:26	20.1	0.093	0.091	0.092	0.094	0.093	0.093	0.091	0.091	0.091	0.095	0.092	0.093	0.091	0.093	0.104	0.108	0.108	0.106	0.094	0.110	0.093	0.105	0.095	0.094	0.091	0.105	0.094	0.105	0.092	0.098	0.093	0.109	0.102	0.096	0.106	0.093	0.091	0.104	0.105	0.092	0.108	0.108	0.109	0.110	0.093	0.095	0.094	0.093	0.094	0.105	0.095	0.107	0.093	0.094	0.109	0.092	0.095	0.093	0.111	0.091	0.094	0.094	0.109	0.110	0.108	0.093	0.112	0.114	0.093	0.093	0.094	0.091	0.094	0.105	0.094	0.094	0.096	0.109	0.094	0.113	0.098	0.095	0.111	0.091	0.094	0.092	0.094	0.092	0.092	0.092	0.094	0.095	0.094	0.092	0.091	0.092
23:00:34	20.2	0.093	0.091	0.092	0.093	0.093	0.093	0.090	0.091	0.091	0.095	0.092	0.092	0.091	0.093	0.108	0.113	0.114	0.111	0.094	0.117	0.093	0.108	0.095	0.094	0.091	0.109	0.094	0.110	0.092	0.098	0.093	0.116	0.105	0.096	0.110	0.093	0.091	0.109	0.110	0.092	0.114	0.114	0.115	0.118	0.093	0.095	0.094	0.093	0.094	0.110	0.095	0.112	0.093	0.094	0.117	0.092	0.096	0.093	0.118	0.091	0.094	0.093	0.114	0.115	0.113	0.093	0.120	0.121	0.093	0.093	0.094	0.091	0.094	0.109	0.094	0.094	0.096	0.115	0.094	0.121	0.098	0.095	0.117	0.091	0.094	0.091	0.094	0.092	0.092	0.092	0.094	0.095	0.094	0.092	0.091	0.092
24:00:29	20.3	0.093	0.091	0.092	0.094	0.094	0.094	0.091	0.091	0.092	0.095	0.092	0.093	0.092	0.093	0.116	0.122	0.122	0.119	0.094	0.126	0.093	0.114	0.096	0.094	0.091	0.116	0.094	0.118	0.093	0.098	0.093	0.126	0.109	0.096	0.117	0.094	0.091	0.117	0.118	0.092	0.124	0.124	0.124	0.128	0.094	0.095	0.095	0.094	0.094	0.118	0.096	0.119	0.094	0.094	0.127	0.092	0.097	0.094	0.127	0.091	0.095	0.094	0.122	0.125	0.122	0.094	0.130	0.132	0.093	0.093	0.094	0.092	0.094	0.117	0.094	0.094	0.096	0.125	0.095	0.132	0.099	0.095	0.127	0.092	0.094	0.092	0.094	0.092	0.092	0.092	0.094	0.095	0.094	0.092	0.092	0.092
25:00:30	20.4	0.093	0.091	0.092	0.094	0.094	0.094	0.091	0.091	0.092	0.095	0.092	0.093	0.091	0.093	0.125	0.132	0.132	0.130	0.094	0.137	0.093	0.121	0.096	0.094	0.091	0.125	0.095	0.128	0.093	0.099	0.093	0.137	0.115	0.096	0.125	0.093	0.091	0.127	0.127	0.092	0.135	0.135	0.136	0.141	0.093	0.096	0.095	0.094	0.094	0.127	0.096	0.129	0.094	0.094	0.140	0.092	0.098	0.094	0.140	0.092	0.095	0.094	0.133	0.136	0.133	0.094	0.144	0.146	0.093	0.093	0.094	0.092	0.094	0.126	0.094	0.094	0.096	0.138	0.095	0.145	0.100	0.095	0.140	0.092	0.095	0.092	0.095	0.092	0.092	0.092	0.094	0.095	0.094	0.092	0.092	0.092
26:00:30	20.4	0.093	0.091	0.092	0.094	0.093	0.093	0.091	0.091	0.091	0.095	0.092	0.093	0.091	0.092	0.136	0.145	0.146	0.143	0.094	0.152	0.093	0.130	0.096	0.094	0.091	0.137	0.095	0.140	0.092	0.099	0.093	0.152	0.123	0.096	0.136	0.093	0.091	0.139	0.140	0.092	0.149	0.150	0.152	0.158	0.094	0.096	0.095	0.094	0.094	0.140	0.096	0.141	0.094	0.094	0.158	0.092	0.100	0.094	0.158	0.091	0.094	0.094	0.146	0.150	0.147	0.094	0.162	0.165	0.093	0.093	0.094	0.092	0.094	0.138	0.094	0.094	0.096	0.156	0.095	0.164	0.100	0.095	0.157	0.091	0.094	0.092	0.094	0.092	0.092	0.092	0.094	0.095	0.094	0.092	0.092	0.092
27:00:31	20.4	0.093	0.091	0.092	0.093	0.093	0.093	0.091	0.091	0.091	0.095	0.092	0.093	0.091	0.093	0.152	0.161	0.163	0.161	0.094	0.170	0.093	0.143	0.095	0.094	0.091	0.151	0.095	0.156	0.092	0.099	0.093	0.169	0.135	0.096	0.153	0.093	0.091	0.155	0.155	0.092	0.167	0.169	0.171	0.176	0.093	0.097	0.095	0.093	0.094	0.156	0.096	0.156	0.093	0.094	0.175	0.092	0.103	0.094	0.178	0.091	0.094	0.094	0.162	0.167	0.164	0.094	0.180	0.185	0.093	0.093	0.094	0.092	0.094	0.153	0.094	0.094	0.096	0.177	0.096	0.183	0.101	0.095	0.178	0.092	0.094	0.091	0.094	0.092	0.092	0.092	0.094	0.095	0.094	0.092	0.091	0.092
28:00:33	20.4	0.093	0.090	0.092	0.093	0.093	0.093	0.090	0.091	0.091	0.094	0.092	0.093	0.091	0.093	0.167	0.178	0.181	0.177	0.095	0.185	0.093	0.159	0.096	0.094	0.091	0.170	0.095	0.173	0.092	0.099	0.093	0.184	0.149	0.096	0.173	0.093	0.091	0.173	0.172	0.092	0.183	0.186	0.187	0.192	0.093	0.098	0.096	0.093	0.094	0.174	0.096	0.173	0.093	0.094	0.192	0.092	0.107	0.094	0.197	0.091	0.094	0.094	0.180	0.184	0.182	0.094	0.198	0.207	0.093	0.093	0.094	0.091	0.094	0.172	0.094	0.094	0.096	0.194	0.096	0.206	0.102	0.096	0.199	0.091	0.094	0.091	0.094	0.092	0.092	0.092	0.094	0.094	0.094	0.092	0.091	0.092
29:00:33	20.4	0.093	0.091	0.092	0.093	0.093	0.093	0.090	0.091	0.091	0.095	0.092	0.093	0.091	0.093	0.181	0.188	0.191	0.185	0.095	0.199	0.093	0.174	0.095	0.094	0.091	0.184	0.096	0.183	0.092	0.099	0.093	0.198	0.168	0.096	0.193	0.094	0.091	0.189	0.185	0.092	0.188	0.192	0.201	0.206	0.094	0.099	0.097	0.094	0.094	0.190	0.096	0.183	0.093	0.094	0.205	0.092	0.113	0.095	0.216	0.091	0.094	0.094	0.193	0.192	0.189	0.094	0.213	0.225	0.093	0.093	0.094	0.092	0.094	0.188	0.094	0.094	0.096	0.205	0.097	0.222	0.105	0.097	0.219	0.091	0.094	0.092	0.094	0.092	0.092	0.092	0.094	0.095	0.094	0.092	0.091	0.092
30:00:34	20.4	0.094	0.091	0.092	0.093	0.093	0.093	0.091	0.091	0.091	0.095	0.092	0.093	0.091	0.093	0.184	0.191	0.195	0.189	0.096	0.208	0.093	0.188	0.095	0.094	0.091	0.190	0.097	0.189	0.092	0.099	0.093	0.209	0.186	0.096	0.213	0.093	0.091	0.194	0.189	0.092	0.192	0.197	0.212	0.219	0.094	0.101	0.097	0.094	0.094	0.195	0.096	0.188	0.093	0.094	0.216	0.092	0.121	0.095	0.235	0.091	0.094	0.094	0.198	0.198	0.195	0.094	0.225	0.241	0.093	0.093	0.094	0.092	0.094	0.196	0.094	0.094	0.096	0.210	0.097	0.232	0.109	0.097	0.237	0.091	0.094	0.092	0.094	0.092	0.092	0.092	0.094	0.095	0.094	0.092	0.091	0.092
31:00:35	20.4	0.093	0.090	0.092	0.093	0.093	0.093	0.091	0.091	0.091	0.095	0.092	0.092	0.091	0.093	0.190	0.196	0.200	0.194	0.097	0.215	0.093	0.202	0.095	0.094	0.091	0.196	0.097	0.194	0.092	0.099	0.093	0.222	0.200	0.096	0.232	0.093	0.091	0.201	0.195	0.092	0.197	0.203	0.224	0.232	0.094	0.103	0.098	0.094	0.094	0.202	0.097	0.193	0.093	0.094	0.227	0.092	0.132	0.096	0.249	0.091	0.094	0.095	0.204	0.203	0.201	0.094	0.235	0.250	0.093	0.093	0.094	0.092	0.094	0.202	0.094	0.094	0.096	0.220	0.098	0.244	0.114	0.098	0.248	0.091	0.094	0.092	0.094	0.092	0.092	0.092	0.094	0.095	0.094	0.092	0.091	0.092
32:00:36	20.3	0.093	0.091	0.092	0.094	0.094	0.093	0.091	0.091	0.092	0.095	0.092	0.093	0.091	0.093	0.196	0.202	0.206	0.200	0.098	0.223	0.093	0.221	0.096	0.094	0.091	0.203	0.098	0.201	0.093	0.100	0.093	0.231	0.215	0.096	0.246	0.093	0.091	0.208	0.202	0.092	0.203	0.211	0.238	0.243	0.095	0.108	0.099	0.094	0.094	0.210	0.097	0.200	0.094	0.094	0.237	0.092	0.146	0.098	0.261	0.092	0.095	0.095	0.212	0.210	0.208	0.094	0.245	0.258	0.093	0.093	0.095	0.092	0.094	0.210	0.094	0.094	0.096	0.230	0.100	0.255	0.122	0.100	0.258	0.092	0.094	0.091	0.094	0.092	0.092	0.092	0.094	0.095	0.095	0.092	0.092	0.092
33:00:37	20.3	0.093	0.091	0.092	0.093	0.093	0.093	0.091	0.091	0.091	0.095	0.092	0.093	0.092	0.093	0.202	0.207	0.212	0.206	0.098	0.232	0.093	0.236	0.096	0.094	0.091	0.211	0.099	0.209	0.092	0.100	0.093	0.239	0.230	0.096	0.255	0.093	0.091	0.215	0.210	0.092	0.210	0.219	0.244	0.252	0.095	0.113	0.100	0.093	0.094	0.217	0.098	0.207	0.093	0.094	0.247	0.092	0.164	0.100	0.272	0.091	0.094	0.096	0.219	0.216	0.217	0.095	0.255	0.264	0.093	0.093	0.095	0.092	0.094	0.205	0.094	0.094	0.096	0.239	0.101	0.264	0.132	0.102	0.268	0.091	0.094	0.091	0.094	0.092	0.092	0.092	0.094	0.095	0.094	0.092	0.091	0.092
34:00:38	20.2	0.093	0.091	0.092	0.094	0.094	0.093	0.090	0.091	0.091	0.095	0.092	0.092	0.092	0.093	0.210	0.215	0.219	0.213	0.099	0.243	0.093	0.248	0.095	0.093	0.091	0.219	0.101	0.216	0.092	0.101	0.093	0.248	0.250	0.096	0.265	0.094	0.091	0.224	0.219	0.092	0.219	0.227	0.254	0.261	0.096	0.123	0.102	0.093	0.094	0.226	0.098	0.216	0.093	0.094	0.257	0.092	0.179	0.103	0.283	0.091	0.094	0.096	0.228	0.224	0.225	0.095	0.263	0.271	0.093	0.093	0.095	0.091	0.094	0.218	0.094	0.094	0.096	0.246	0.102	0.271	0.145	0.105	0.279	0.091	0.094	0.092	0.094	0.092	0.092	0.092	0.094	0.095	0.094	0.092	0.091	0.092
35:00:40	20.2	0.093	0.091	0.092	0.094	0.094	0.094	0.091	0.092	0.092	0.095	0.092	0.093	0.091	0.093	0.217	0.222	0.227	0.221	0.101	0.259	0.093	0.260	0.096	0.094	0.091	0.227	0.102	0.223	0.093	0.102	0.093	0.262	0.261	0.096	0.278	0.093	0.091	0.234	0.227	0.092	0.226	0.233	0.264	0.268	0.097	0.134	0.103	0.094	0.094	0.234	0.099	0.225	0.093	0.095	0.266	0.092	0.196	0.107	0.294	0.091	0.094	0.097	0.237	0.234	0.233	0.096	0.271	0.277	0.093	0.093	0.095	0.092	0.095	0.228	0.094	0.094	0.096	0.252	0.104	0.278	0.163	0.110	0.288	0.091	0.094	0.091	0.094	0.092	0.092	0.092	0.094	0.095	0.094	0.092	0.092	0.092
36:00:41	20.1	0.093	0.091	0.092	0.094	0.094	0.093	0.091	0.091	0.091	0.095	0.092	0.093	0.091	0.093	0.225	0.228	0.235	0.227	0.103	0.271	0.093	0.274	0.096	0.094	0.091	0.233	0.104	0.228	0.092	0.102	0.093	0.273	0.269	0.096	0.290	0.093	0.091	0.242	0.234	0.092	0.233	0.239	0.274	0.274	0.097	0.150	0.106	0.093	0.094	0.241	0.100	0.233	0.093	0.095	0.274	0.092	0.213	0.114	0.303	0.091	0.094	0.097	0.245	0.241	0.239	0.096	0.278	0.283	0.092	0.093	0.095	0.092	0.094	0.236	0.094	0.094	0.096	0.256	0.107	0.284	0.180	0.117	0.297	0.091	0.094	0.092	0.094	0.092	0.092	0.092	0.094	0.095	0.094	0.092	0.092	0.092
37:00:42	20.1	0.093	0.090	0.092	0.093	0.093	0.093	0.091	0.091	0.091	0.095	0.091	0.093	0.091	0.092	0.233	0.237	0.244	0.236	0.105	0.277	0.093	0.288	0.095	0.093	0.091	0.237	0.106	0.234	0.092	0.102	0.093	0.280	0.277	0.096	0.299	0.093	0.091	0.250	0.241	0.092	0.239	0.244	0.283	0.280	0.097	0.172	0.108	0.094	0.094	0.247	0.101	0.239	0.093	0.094	0.281	0.092	0.229	0.122	0.310	0.091	0.094	0.098	0.253	0.247	0.246	0.096	0.283	0.289	0.093	0.093	0.095	0.092	0.094	0.244	0.094	0.094	0.095	0.261	0.109	0.288	0.197	0.126	0.304	0.091	0.094	0.091	0.094	0.092	0.092	0.092	0.094	0.094	0.094	0.092	0.091	0.092
38:00:42	20.1	0.093	0.091	0.092	0.094	0.094	0.093	0.091	0.091	0.091	0.095	0.092	0.093	0.092	0.093	0.242	0.245	0.253	0.243	0.107	0.284	0.093	0.298	0.096	0.094	0.091	0.242	0.110	0.240	0.093	0.104	0.093	0.282	0.289	0.096	0.308	0.093	0.091	0.259	0.247	0.092	0.247	0.252	0.288	0.284	0.099	0.194	0.112	0.094	0.094	0.253	0.102	0.246	0.093	0.095	0.285	0.093	0.239	0.134	0.315	0.091	0.094	0.099	0.261	0.254	0.253	0.097	0.287	0.293	0.093	0.093	0.095	0.092	0.094	0.252	0.094	0.094	0.096	0.266	0.113	0.292	0.218	0.139	0.309	0.091	0.094	0.092	0.094	0.092	0.092	0.092	0.094	0.095	0.094	0.092	0.091	0.092
39:00:44	20.1	0.093	0.091	0.092	0.094	0.093	0.093	0.091	0.091	0.091	0.095	0.092	0.093	0.092	0.093	0.251	0.253	0.262	0.252	0.111	0.288	0.093	0.302	0.096	0.094	0.091	0.248	0.114	0.248	0.093	0.105	0.094	0.281	0.300	0.096	0.313	0.094	0.091	0.268	0.254	0.092	0.255	0.259	0.290	0.287	0.100	0.213	0.116	0.094	0.094	0.260	0.104	0.254	0.093	0.095	0.288	0.093	0.246	0.148	0.317	0.092	0.094	0.100	0.270	0.260	0.260	0.097	0.289	0.298	0.093	0.093	0.096	0.092	0.094	0.258	0.094	0.094	0.096	0.271	0.118	0.295	0.235	0.157	0.311	0.092	0.094	0.092	0.094	0.092	0.092	0.092	0.094	0.095	0.094	0.092	0.092	0.092
40:00:44	20.1	0.093	0.091	0.092	0.094	0.094	0.094	0.091	0.091	0.091	0.095	0.092	0.093	0.092	0.093	0.255	0.258	0.266	0.257	0.114	0.283	0.093	0.302	0.096	0.094	0.091	0.255	0.118	0.252	0.093	0.106	0.093	0.281	0.303	0.096	0.316	0.094	0.091	0.277	0.259	0.092	0.259	0.265	0.290	0.288	0.101	0.230	0.120	0.094	0.094	0.265	0.105	0.259	0.093	0.095	0.288	0.093	0.255	0.165	0.318	0.092	0.094	0.101	0.275	0.264	0.266	0.098	0.289	0.301	0.093	0.093	0.096	0.092	0.095	0.263	0.094	0.094	0.096	0.276	0.123	0.297	0.245	0.178	0.312	0.092	0.094	0.091	0.094	0.092	0.092	0.092	0.094	0.095	0.094	0.092	0.091	0.092
41:00:45	20.0	0.093	0.091	0.092	0.094	0.093	0.094	0.091	0.091	0.091	0.095	0.092	0.093	0.092	0.093	0.257	0.261	0.267	0.261	0.118	0.281	0.093	0.303	0.096	0.094	0.091	0.260	0.122	0.255	0.093	0.109	0.094	0.281	0.308	0.096	0.316	0.093	0.091	0.285	0.263	0.092	0.262	0.268	0.290	0.289	0.103	0.243	0.126	0.094	0.094	0.269	0.108	0.262	0.094	0.095	0.288	0.093	0.267	0.186	0.319	0.091	0.094	0.102	0.277	0.266	0.270	0.099	0.289	0.304	0.093	0.093	0.096	0.092	0.095	0.267	0.094	0.094	0.096	0.281	0.130	0.300	0.254	0.198	0.315	0.091	0.094	0.092	0.094	0.092	0.092	0.092	0.094	0.095	0.094	0.092	0.091	0.092
42:00:46	20.0	0.093	0.091	0.092	0.094	0.094	0.093	0.091	0.091	0.092	0.095	0.092	0.093	0.092	0.093	0.258	0.263	0.267	0.262	0.122	0.278	0.093	0.301	0.096	0.094	0.091	0.265	0.127	0.257	0.093	0.110	0.093	0.281	0.307	0.096	0.318	0.093	0.091	0.292	0.267	0.092	0.265	0.270	0.291	0.291	0.105	0.249	0.132	0.094	0.094	0.272	0.110	0.265	0.093	0.095	0.288	0.093	0.276	0.201	0.321	0.091	0.094	0.104	0.280	0.267	0.272	0.100	0.289	0.305	0.093	0.093	0.097	0.092	0.095	0.272	0.094	0.094	0.096	0.282	0.137	0.301	0.260	0.212	0.314	0.091	0.094	0.092	0.094	0.092	0.092	0.092	0.094	0.094	0.094	0.092	0.091	0.092
43:00:46	20.0	0.093	0.091	0.092	0.094	0.094	0.094	0.091	0.092	0.092	0.095	0.092	0.093	0.092	0.093	0.260	0.265	0.267	0.264	0.127	0.278	0.094	0.301	0.096	0.094	0.091	0.268	0.133	0.259	0.093	0.113	0.094	0.281	0.309	0.096	0.320	0.094	0.091	0.297	0.270	0.093	0.267	0.272	0.293	0.293	0.108	0.257	0.141	0.094	0.095	0.274	0.113	0.267	0.093	0.095	0.290	0.093	0.287	0.217	0.324	0.092	0.095	0.107	0.282	0.268	0.275	0.101	0.290	0.308	0.093	0.094	0.097	0.092	0.095	0.277	0.094	0.094	0.096	0.285	0.147	0.304	0.268	0.228	0.317	0.092	0.095	0.092	0.094	0.092	0.092	0.092	0.094	0.095	0.095	0.092	0.092	0.092
44:00:48	20.0	0.093	0.091	0.092	0.093	0.093	0.093	0.091	0.091	0.091	0.095	0.092	0.093	0.092	0.093	0.261	0.266	0.268	0.264	0.132	0.278	0.093	0.301	0.096	0.094	0.091	0.270	0.139	0.260	0.093	0.115	0.094	0.283	0.309	0.096	0.323	0.093	0.091	0.300	0.270	0.092	0.269	0.273	0.294	0.295	0.111	0.265	0.151	0.094	0.094	0.276	0.117	0.268	0.094	0.095	0.292	0.093	0.292	0.230	0.326	0.091	0.094	0.109	0.283	0.268	0.275	0.103	0.291	0.312	0.093	0.093	0.098	0.092	0.094	0.281	0.094	0.094	0.096	0.288	0.159	0.306	0.276	0.246	0.319	0.091	0.095	0.091	0.094	0.092	0.092	0.092	0.094	0.095	0.094	0.092	0.092	0.093
45:00:48	20.0	0.093	0.091	0.092	0.094	0.094	0.094	0.091	0.091	0.092	0.095	0.092	0.093	0.092	0.094	0.262	0.267	0.269	0.265	0.139	0.279	0.093	0.301	0.096	0.094	0.091	0.272	0.147	0.261	0.093	0.119	0.094	0.283	0.310	0.096	0.326	0.094	0.091	0.302	0.272	0.093	0.270	0.275	0.296	0.298	0.115	0.277	0.164	0.094	0.094	0.278	0.120	0.270	0.094	0.096	0.294	0.094	0.292	0.238	0.329	0.092	0.094	0.113	0.285	0.269	0.277	0.104	0.293	0.315	0.093	0.094	0.098	0.092	0.095	0.286	0.094	0.094	0.096	0.292	0.172	0.308	0.284	0.255	0.320	0.091	0.095	0.092	0.094	0.092	0.092	0.092	0.094	0.095	0.094	0.092	0.092	0.092
46:00:52	20.1	0.093	0.091	0.092	0.094	0.094	0.094	0.091	0.092	0.091	0.095	0.092	0.093	0.092	0.094	0.262	0.268	0.271	0.267	0.146	0.280	0.093	0.303	0.096	0.094	0.091	0.273	0.154	0.261	0.093	0.122	0.094	0.285	0.312	0.096	0.328	0.094	0.091	0.305	0.274	0.092	0.271	0.277	0.298	0.301	0.119	0.290	0.175	0.094	0.094	0.280	0.124	0.271	0.094	0.096	0.296	0.094	0.292	0.246	0.331	0.091	0.094	0.116	0.287	0.269	0.279	0.106	0.295	0.318	0.093	0.094	0.099	0.092	0.095	0.290	0.094	0.094	0.096	0.295	0.183	0.310	0.287	0.260	0.322	0.092	0.095	0.092	0.094	0.092	0.092	0.092	0.094	0.095	0.094	0.092	0.091	0.093
47:00:50	20.2	0.093	0.091	0.092	0.093	0.094	0.094	0.091	0.091	0.092	0.095	0.092	0.093	0.092	0.094	0.262	0.269	0.272	0.268	0.154	0.281	0.093	0.302	0.095	0.094	0.091	0.274	0.159	0.262	0.093	0.127	0.095	0.286	0.313	0.096	0.330	0.093	0.091	0.306	0.275	0.092	0.273	0.279	0.300	0.303	0.124	0.300	0.186	0.095	0.094	0.281	0.129	0.272	0.094	0.096	0.298	0.094	0.291	0.254	0.330	0.091	0.094	0.120	0.288	0.270	0.281	0.109	0.297	0.321	0.093	0.094	0.100	0.092	0.095	0.293	0.094	0.095	0.096	0.298	0.192	0.312	0.289	0.265	0.322	0.091	0.094	0.092	0.094	0.092	0.092	0.092	0.094	0.094	0.094	0.092	0.091	0.093
48:00:52	20.2	0.093	0.091	0.092	0.094	0.094	0.093	0.091	0.091	0.091	0.095	0.092	0.092	0.091	0.094	0.263	0.271	0.273	0.269	0.159	0.283	0.094	0.304	0.096	0.093	0.091	0.275	0.160	0.263	0.093	0.131	0.095	0.287	0.315	0.096	0.332	0.093	0.091	0.307	0.277	0.092	0.274	0.280	0.302	0.306	0.130	0.308	0.196	0.095	0.094	0.283	0.135	0.273	0.093	0.096	0.300	0.094	0.293	0.267	0.333	0.091	0.094	0.124	0.290	0.270	0.284	0.112	0.298	0.323	0.093	0.094	0.100	0.092	0.094	0.294	0.094	0.095	0.096	0.301	0.199	0.313	0.290	0.273	0.325	0.091	0.094	0.091	0.094	0.092	0.092	0.092	0.094	0.094	0.094	0.092	0.091	0.092
49:00:52	20.2	0.093	0.091	0.092	0.094	0.093	0.093	0.091	0.091	0.091	0.095	0.092	0.093	0.092	0.094	0.265	0.273	0.276	0.272	0.161	0.285	0.093	0.307	0.095	0.094	0.091	0.275	0.161	0.264	0.093	0.135	0.095	0.289	0.318	0.096	0.334	0.093	0.091	0.309	0.278	0.092	0.276	0.283	0.304	0.308	0.138	0.312	0.207	0.095	0.094	0.284	0.142	0.274	0.094	0.097	0.302	0.094	0.295	0.287	0.336	0.091	0.094	0.129	0.292	0.272	0.287	0.115	0.300	0.326	0.093	0.094	0.101	0.092	0.094	0.297	0.094	0.094	0.096	0.304	0.206	0.315	0.292	0.279	0.328	0.091	0.094	0.091	0.094	0.092	0.092	0.092	0.094	0.094	0.094	0.092	0.091	0.092
50:01:07	20.3	0.093	0.091	0.092	0.094	0.094	0.093	0.091	0.091	0.091	0.095	0.092	0.093	0.092	0.095	0.265	0.274	0.278	0.274	0.162	0.287	0.094	0.309	0.096	0.094	0.091	0.277	0.162	0.265	0.094	0.141	0.095	0.291	0.320	0.096	0.336	0.093	0.091	0.310	0.280	0.093	0.278	0.286	0.306	0.311	0.147	0.312	0.216	0.095	0.094	0.286	0.149	0.276	0.094	0.097	0.304	0.095	0.298	0.298	0.337	0.091	0.094	0.135	0.293	0.273	0.290	0.118	0.303	0.328	0.093	0.095	0.103	0.092	0.095	0.299	0.094	0.095	0.096	0.307	0.212	0.318	0.294	0.287	0.329	0.092	0.094	0.091	0.094	0.092	0.092	0.092	0.094	0.095	0.095	0.092	0.091	0.092
51:00:54	20.4	0.093	0.090	0.092	0.093	0.093	0.094	0.091	0.091	0.091	0.095	0.092	0.093	0.092	0.095	0.264	0.274	0.278	0.275	0.163	0.288	0.094	0.310	0.096	0.093	0.091	0.277	0.164	0.266	0.094	0.148	0.095	0.292	0.321	0.096	0.337	0.093	0.091	0.311	0.281	0.092	0.278	0.287	0.307	0.313	0.157	0.310	0.223	0.095	0.094	0.286	0.156	0.277	0.093	0.098	0.305	0.095	0.300	0.304	0.337	0.091	0.094	0.142	0.295	0.274	0.291	0.123	0.304	0.329	0.093	0.095	0.104	0.092	0.094	0.301	0.094	0.095	0.096	0.308	0.217	0.318	0.296	0.292	0.330	0.091	0.094	0.091	0.094	0.092	0.092	0.092	0.094	0.094	0.094	0.092	0.091	0.092
52:00:55	20.5	0.093	0.091	0.092	0.093	0.094	0.093	0.091	0.091	0.092	0.095	0.092	0.093	0.092	0.095	0.264	0.275	0.279	0.276	0.165	0.289	0.094	0.311	0.096	0.094	0.091	0.277	0.166	0.266	0.094	0.154	0.096	0.293	0.322	0.096	0.338	0.093	0.091	0.312	0.282	0.093	0.279	0.289	0.309	0.315	0.167	0.308	0.228	0.096	0.094	0.287	0.161	0.278	0.094	0.098	0.308	0.096	0.301	0.306	0.338	0.091	0.094	0.150	0.296	0.275	0.293	0.127	0.306	0.330	0.093	0.095	0.106	0.092	0.094	0.302	0.094	0.095	0.096	0.309	0.220	0.320	0.300	0.295	0.330	0.091	0.094	0.091	0.094	0.092	0.092	0.092	0.094	0.095	0.094	0.092	0.091	0.093
53:00:56	20.6	0.093	0.090	0.092	0.093	0.094	0.093	0.091	0.091	0.091	0.095	0.092	0.093	0.091	0.095	0.264	0.276	0.280	0.278	0.168	0.290	0.094	0.313	0.096	0.094	0.091	0.277	0.169	0.266	0.094	0.158	0.096	0.295	0.324	0.096	0.339	0.093	0.091	0.313	0.283	0.093	0.280	0.290	0.311	0.316	0.175	0.309	0.232	0.096	0.094	0.288	0.163	0.280	0.094	0.099	0.310	0.096	0.303	0.303	0.338	0.091	0.094	0.159	0.297	0.276	0.295	0.132	0.308	0.331	0.093	0.096	0.107	0.092	0.094	0.303	0.094	0.095	0.096	0.310	0.224	0.320	0.303	0.297	0.332	0.091	0.094	0.091	0.094	0.092	0.092	0.092	0.093	0.094	0.094	0.092	0.091	0.092
54:00:58	20.6	0.093	0.091	0.092	0.093	0.094	0.093	0.091	0.091	0.091	0.095	0.092	0.093	0.092	0.095	0.265	0.278	0.282	0.279	0.172	0.292	0.094	0.315	0.096	0.094	0.091	0.278	0.172	0.267	0.095	0.158	0.097	0.296	0.327	0.097	0.341	0.093	0.091	0.314	0.284	0.093	0.282	0.292	0.312	0.319	0.183	0.311	0.236	0.096	0.094	0.289	0.164	0.282	0.094	0.100	0.311	0.097	0.305	0.299	0.340	0.092	0.094	0.165	0.298	0.278	0.297	0.139	0.310	0.332	0.093	0.097	0.110	0.092	0.094	0.303	0.095	0.095	0.097	0.312	0.227	0.322	0.307	0.300	0.333	0.091	0.095	0.092	0.094	0.092	0.092	0.092	0.094	0.095	0.094	0.092	0.091	0.093
55:00:58	20.5	0.093	0.090	0.092	0.094	0.093	0.093	0.090	0.091	0.091	0.095	0.091	0.092	0.091	0.096	0.266	0.281	0.286	0.283	0.178	0.294	0.094	0.319	0.095	0.094	0.091	0.279	0.177	0.268	0.095	0.159	0.097	0.299	0.330	0.096	0.342	0.093	0.091	0.314	0.285	0.093	0.283	0.293	0.314	0.320	0.190	0.313	0.237	0.096	0.094	0.288	0.166	0.283	0.094	0.100	0.313	0.097	0.306	0.296	0.343	0.091	0.094	0.169	0.299	0.280	0.298	0.145	0.312	0.333	0.093	0.097	0.112	0.092	0.094	0.304	0.095	0.095	0.096	0.313	0.230	0.322	0.310	0.305	0.335	0.092	0.094	0.091	0.094	0.092	0.092	0.092	0.094	0.094	0.094	0.092	0.091	0.093
56:01:00	20.4	0.093	0.091	0.092	0.094	0.094	0.093	0.091	0.092	0.092	0.095	0.092	0.093	0.092	0.097	0.271	0.287	0.292	0.288	0.187	0.300	0.095	0.323	0.096	0.094	0.091	0.280	0.182	0.270	0.095	0.160	0.098	0.302	0.333	0.097	0.345	0.094	0.091	0.316	0.286	0.093	0.286	0.296	0.317	0.323	0.200	0.316	0.242	0.096	0.094	0.288	0.168	0.285	0.094	0.102	0.316	0.098	0.309	0.299	0.347	0.091	0.094	0.170	0.300	0.281	0.301	0.152	0.313	0.334	0.093	0.098	0.115	0.092	0.095	0.305	0.095	0.096	0.097	0.314	0.234	0.324	0.315	0.310	0.341	0.092	0.095	0.092	0.094	0.092	0.092	0.092	0.094	0.095	0.094	0.092	0.091	0.093
57:01:00	20.2	0.093	0.091	0.092	0.094	0.093	0.094	0.091	0.091	0.091	0.095	0.092	0.093	0.096	0.097	0.272	0.291	0.296	0.292	0.198	0.305	0.095	0.328	0.096	0.094	0.091	0.281	0.189	0.271	0.096	0.162	0.099	0.304	0.336	0.097	0.346	0.094	0.091	0.316	0.287	0.093	0.287	0.297	0.318	0.325	0.208	0.320	0.246	0.097	0.094	0.288	0.171	0.286	0.094	0.103	0.317	0.099	0.311	0.303	0.349	0.092	0.094	0.170	0.300	0.282	0.302	0.157	0.314	0.335	0.093	0.099	0.118	0.092	0.094	0.306	0.095	0.096	0.097	0.314	0.239	0.326	0.319	0.315	0.344	0.092	0.095	0.092	0.094	0.092	0.092	0.092	0.094	0.095	0.094	0.092	0.091	0.092
58:01:01	20.1	0.093	0.091	0.092	0.094	0.093	0.094	0.091	0.091	0.092	0.095	0.092	0.093	0.092	0.098	0.273	0.293	0.298	0.294	0.207	0.307	0.095	0.330	0.096	0.094	0.091	0.281	0.196	0.272	0.096	0.164	0.100	0.306	0.338	0.097	0.348	0.094	0.091	0.317	0.289	0.093	0.289	0.299	0.321	0.326	0.213	0.324	0.251	0.098	0.094	0.288	0.174	0.287	0.094	0.104	0.319	0.100	0.313	0.308	0.351	0.091	0.094	0.172	0.301	0.284	0.304	0.161	0.316	0.337	0.094	0.101	0.122	0.092	0.095	0.307	0.095	0.096	0.097	0.316	0.245	0.327	0.323	0.320	0.346	0.092	0.095	0.092	0.094	0.092	0.092	0.092	0.094	0.094	0.094	0.092	0.092	0.093
59:01:01	20.0	0.093	0.091	0.092	0.094	0.094	0.094	0.091	0.092	0.092	0.095	0.092	0.093	0.092	0.098	0.275	0.296	0.302	0.297	0.217	0.312	0.096	0.331	0.096	0.094	0.091	0.282	0.203	0.273	0.097	0.167	0.100	0.308	0.340	0.097	0.349	0.093	0.091	0.319	0.290	0.094	0.290	0.301	0.323	0.328	0.219	0.327	0.256	0.098	0.094	0.289	0.179	0.289	0.094	0.106	0.321	0.101	0.315	0.312	0.353	0.091	0.094	0.174	0.302	0.285	0.306	0.162	0.318	0.339	0.094	0.103	0.126	0.092	0.095	0.308	0.095	0.097	0.097	0.318	0.252	0.329	0.326	0.324	0.349	0.092	0.095	0.092	0.094	0.092	0.092	0.092	0.094	0.095	0.094	0.092	0.091	0.093
60:01:03	19.9	0.093	0.090	0.093	0.094	0.094	0.094	0.091	0.091	0.092	0.095	0.092	0.093	0.092	0.099	0.275	0.297	0.303	0.298	0.225	0.313	0.096	0.332	0.096	0.094	0.091	0.282	0.210	0.275	0.097	0.170	0.101	0.310	0.341	0.097	0.350	0.094	0.091	0.319	0.291	0.094	0.292	0.302	0.323	0.329	0.222	0.329	0.260	0.097	0.094	0.289	0.184	0.289	0.095	0.107	0.323	0.102	0.316	0.315	0.354	0.091	0.094	0.176	0.303	0.286	0.307	0.164	0.318	0.340	0.094	0.105	0.131	0.092	0.094	0.309	0.096	0.097	0.097	0.318	0.256	0.330	0.328	0.328	0.350	0.091	0.095	0.091	0.094	0.092	0.092	0.092	0.094	0.095	0.094	0.092	0.091	0.094
61:01:04	19.8	0.093	0.091	0.092	0.094	0.093	0.094	0.091	0.091	0.092	0.095	0.091	0.093	0.092	0.100	0.276	0.296	0.303	0.298	0.231	0.313	0.096	0.332	0.096	0.093	0.091	0.283	0.217	0.275	0.098	0.174	0.102	0.310	0.342	0.097	0.351	0.093	0.091	0.321	0.293	0.094	0.293	0.303	0.325	0.330	0.225	0.331	0.265	0.097	0.094	0.290	0.190	0.291	0.095	0.109	0.324	0.104	0.318	0.317	0.353	0.091	0.094	0.180	0.304	0.288	0.309	0.166	0.320	0.341	0.093	0.107	0.136	0.091	0.094	0.311	0.096	0.097	0.098	0.321	0.261	0.332	0.330	0.329	0.352	0.092	0.096	0.091	0.094	0.092	0.092	0.091	0.093	0.095	0.094	0.092	0.091	0.093
62:01:06	19.8	0.093	0.090	0.092	0.094	0.093	0.094	0.091	0.091	0.092	0.095	0.092	0.093	0.092	0.101	0.275	0.296	0.303	0.298	0.236	0.313	0.097	0.332	0.096	0.094	0.091	0.284	0.223	0.276	0.098	0.177	0.104	0.311	0.342	0.097	0.350	0.093	0.091	0.322	0.294	0.094	0.295	0.305	0.326	0.331	0.229	0.331	0.269	0.098	0.094	0.291	0.197	0.293	0.095	0.111	0.325	0.105	0.319	0.318	0.352	0.091	0.094	0.184	0.305	0.290	0.310	0.168	0.321	0.342	0.094	0.111	0.142	0.092	0.094	0.312	0.096	0.098	0.097	0.322	0.264	0.333	0.332	0.331	0.351	0.091	0.095	0.091	0.094	0.092	0.092	0.091	0.094	0.094	0.094	0.092	0.091	0.093
63:01:06	19.8	0.093	0.091	0.092	0.094	0.094	0.094	0.091	0.091	0.092	0.095	0.092	0.093	0.092	0.102	0.275	0.295	0.303	0.298	0.241	0.313	0.098	0.332	0.097	0.094	0.091	0.285	0.228	0.277	0.099	0.182	0.105	0.312	0.343	0.098	0.351	0.093	0.091	0.325	0.296	0.095	0.297	0.306	0.328	0.333	0.233	0.333	0.273	0.098	0.094	0.293	0.204	0.295	0.095	0.114	0.327	0.108	0.320	0.320	0.352	0.092	0.095	0.188	0.308	0.292	0.312	0.171	0.323	0.343	0.094	0.115	0.151	0.092	0.095	0.315	0.096	0.099	0.098	0.324	0.267	0.335	0.334	0.334	0.352	0.092	0.095	0.092	0.094	0.092	0.092	0.092	0.094	0.095	0.094	0.092	0.091	0.093
64:01:07	19.8	0.093	0.091	0.093	0.094	0.094	0.094	0.091	0.092	0.092	0.095	0.092	0.093	0.092	0.103	0.274	0.294	0.303	0.297	0.246	0.313	0.099	0.332	0.097	0.094	0.091	0.286	0.232	0.278	0.100	0.186	0.107	0.313	0.343	0.098	0.352	0.094	0.091	0.326	0.297	0.095	0.298	0.307	0.329	0.333	0.237	0.334	0.277	0.097	0.094	0.294	0.211	0.295	0.096	0.116	0.328	0.110	0.321	0.320	0.352	0.092	0.094	0.192	0.308	0.294	0.314	0.174	0.324	0.344	0.094	0.120	0.159	0.092	0.095	0.316	0.097	0.099	0.098	0.326	0.270	0.337	0.334	0.335	0.351	0.092	0.096	0.092	0.094	0.092	0.092	0.092	0.094	0.095	0.094	0.092	0.091	0.093
65:01:08	19.8	0.093	0.091	0.092	0.094	0.094	0.094	0.091	0.091	0.092	0.095	0.092	0.093	0.092	0.105	0.273	0.294	0.303	0.297	0.250	0.313	0.100	0.333	0.097	0.094	0.091	0.287	0.236	0.278	0.101	0.191	0.109	0.313	0.344	0.098	0.353	0.094	0.091	0.327	0.299	0.095	0.299	0.309	0.330	0.334	0.242	0.335	0.280	0.098	0.095	0.295	0.217	0.297	0.096	0.118	0.329	0.113	0.321	0.322	0.353	0.091	0.094	0.196	0.309	0.295	0.315	0.178	0.325	0.345	0.094	0.125	0.169	0.092	0.095	0.316	0.097	0.100	0.099	0.327	0.272	0.337	0.335	0.336	0.352	0.092	0.095	0.092	0.094	0.092	0.092	0.092	0.094	0.095	0.094	0.092	0.092	0.093
66:01:09	19.7	0.093	0.091	0.092	0.094	0.093	0.093	0.091	0.091	0.091	0.095	0.092	0.093	0.092	0.106	0.272	0.293	0.303	0.298	0.254	0.313	0.101	0.333	0.097	0.094	0.091	0.287	0.239	0.279	0.102	0.196	0.111	0.314	0.344	0.098	0.353	0.094	0.091	0.327	0.299	0.095	0.300	0.309	0.331	0.335	0.247	0.335	0.282	0.098	0.094	0.295	0.222	0.298	0.096	0.121	0.330	0.115	0.321	0.323	0.353	0.091	0.094	0.200	0.310	0.296	0.315	0.182	0.325	0.346	0.094	0.130	0.176	0.092	0.094	0.316	0.097	0.100	0.099	0.328	0.275	0.339	0.336	0.337	0.352	0.091	0.095	0.091	0.094	0.092	0.092	0.092	0.094	0.095	0.094	0.092	0.091	0.093
67:01:11	19.8	0.093	0.091	0.092	0.094	0.094	0.093	0.091	0.091	0.091	0.095	0.092	0.093	0.092	0.107	0.272	0.294	0.304	0.298	0.258	0.313	0.102	0.333	0.096	0.094	0.091	0.287	0.241	0.280	0.103	0.202	0.113	0.315	0.344	0.098	0.354	0.093	0.091	0.328	0.301	0.095	0.302	0.311	0.333	0.336	0.252	0.336	0.285	0.098	0.094	0.296	0.227	0.300	0.096	0.124	0.332	0.117	0.323	0.323	0.353	0.091	0.094	0.205	0.311	0.298	0.318	0.186	0.328	0.347	0.094	0.138	0.183	0.092	0.094	0.317	0.098	0.102	0.099	0.329	0.277	0.340	0.337	0.339	0.353	0.092	0.095	0.091	0.094	0.092	0.092	0.092	0.094	0.095	0.094	0.092	0.091	0.094
68:01:11	19.8	0.093	0.091	0.092	0.093	0.094	0.093	0.090	0.091	0.091	0.095	0.092	0.092	0.092	0.109	0.271	0.293	0.303	0.298	0.261	0.312	0.104	0.333	0.097	0.094	0.091	0.289	0.242	0.280	0.105	0.209	0.115	0.316	0.344	0.098	0.354	0.093	0.091	0.329	0.302	0.096	0.303	0.312	0.333	0.337	0.256	0.336	0.287	0.098	0.094	0.297	0.232	0.300	0.096	0.127	0.333	0.121	0.324	0.323	0.352	0.091	0.094	0.209	0.312	0.299	0.319	0.192	0.329	0.349	0.094	0.145	0.189	0.092	0.094	0.319	0.098	0.102	0.099	0.332	0.278	0.342	0.339	0.341	0.354	0.091	0.095	0.091	0.094	0.092	0.092	0.092	0.093	0.094	0.094	0.092	0.091	0.094
69:01:11	19.8	0.093	0.091	0.092	0.093	0.093	0.093	0.091	0.091	0.091	0.095	0.091	0.092	0.092	0.110	0.271	0.293	0.303	0.298	0.263	0.312	0.106	0.333	0.097	0.094	0.091	0.289	0.242	0.280	0.106	0.214	0.116	0.316	0.344	0.099	0.354	0.093	0.091	0.330	0.303	0.096	0.304	0.312	0.334	0.338	0.260	0.336	0.289	0.097	0.094	0.298	0.236	0.301	0.097	0.131	0.334	0.124	0.324	0.323	0.351	0.091	0.094	0.213	0.313	0.300	0.320	0.197	0.329	0.350	0.094	0.155	0.195	0.091	0.094	0.320	0.099	0.103	0.100	0.332	0.280	0.343	0.340	0.343	0.354	0.091	0.094	0.091	0.094	0.092	0.092	0.092	0.094	0.094	0.094	0.092	0.091	0.093
70:01:12	19.9	0.092	0.090	0.092	0.093	0.093	0.093	0.091	0.091	0.091	0.095	0.091	0.092	0.092	0.111	0.271	0.293	0.303	0.298	0.265	0.312	0.108	0.333	0.097	0.094	0.091	0.290	0.242	0.281	0.108	0.219	0.119	0.317	0.345	0.099	0.354	0.093	0.091	0.330	0.304	0.096	0.304	0.312	0.335	0.338	0.264	0.337	0.291	0.097	0.094	0.299	0.240	0.302	0.097	0.135	0.334	0.127	0.324	0.324	0.352	0.091	0.094	0.217	0.314	0.301	0.321	0.202	0.331	0.351	0.095	0.165	0.201	0.092	0.094	0.321	0.100	0.105	0.100	0.334	0.281	0.345	0.341	0.344	0.355	0.091	0.095	0.091	0.094	0.092	0.092	0.091	0.093	0.094	0.094	0.092	0.091	0.092
71:01:13	20.1	0.093	0.091	0.092	0.094	0.094	0.094	0.091	0.091	0.091	0.095	0.092	0.093	0.092	0.113	0.271	0.292	0.302	0.298	0.267	0.311	0.111	0.332	0.097	0.094	0.091	0.291	0.243	0.282	0.110	0.225	0.122	0.316	0.344	0.099	0.353	0.093	0.091	0.332	0.305	0.097	0.305	0.314	0.336	0.339	0.268	0.336	0.291	0.096	0.094	0.301	0.243	0.304	0.097	0.140	0.336	0.132	0.325	0.323	0.350	0.091	0.095	0.221	0.315	0.303	0.322	0.207	0.332	0.352	0.095	0.174	0.206	0.092	0.094	0.323	0.101	0.107	0.101	0.335	0.283	0.347	0.342	0.345	0.354	0.091	0.095	0.091	0.094	0.092	0.092	0.092	0.094	0.095	0.094	0.092	0.091	0.092
72:01:14	20.2	0.093	0.091	0.093	0.094	0.093	0.094	0.091	0.091	0.092	0.095	0.092	0.093	0.092	0.115	0.270	0.291	0.301	0.297	0.268	0.309	0.114	0.331	0.097	0.094	0.091	0.293	0.243	0.282	0.112	0.229	0.125	0.317	0.343	0.100	0.353	0.094	0.092	0.333	0.306	0.098	0.306	0.313	0.337	0.339	0.271	0.337	0.292	0.096	0.094	0.303	0.246	0.304	0.098	0.145	0.336	0.137	0.325	0.323	0.349	0.091	0.094	0.224	0.315	0.303	0.323	0.212	0.332	0.353	0.096	0.180	0.209	0.092	0.094	0.323	0.102	0.108	0.102	0.336	0.283	0.348	0.342	0.346	0.354	0.092	0.095	0.091	0.094	0.092	0.092	0.092	0.094	0.095	0.094	0.092	0.092	0.092

