Time	T° 600	A1	A2	A3	A4	A5	A6	A7	A8	A9	A10	A11	A12	B1	B2	B3	B4	B5	B6	B7	B8	B9	B10	B11	B12	C1	C2	C3	C4	C5	C6	C7	C8	C9	C10	C11	C12	D1	D2	D3	D4	D5	D6	D7	D8	D9	D10	D11	D12	E1	E2	E3	E4	E5	E6	E7	E8	E9	E10	E11	E12	F1	F2	F3	F4	F5	F6	F7	F8	F9	F10	F11	F12	G1	G2	G3	G4	G5	G6	G7	G8	G9	G10	G11	G12	H1	H2	H3	H4	H5	H6	H7	H8	H9	H10	H11	H12
0:00:06	21.6	0.095	0.093	0.096	0.095	0.095	0.096	0.092	0.092	0.093	0.094	0.094	0.095	0.093	0.097	0.097	0.101	0.099	0.098	0.099	0.101	0.098	0.100	0.100	0.095	0.093	0.097	0.097	0.099	0.098	0.099	0.099	0.099	0.097	0.098	0.099	0.095	0.093	0.096	0.098	0.096	0.095	0.097	0.097	0.098	0.097	0.098	0.097	0.094	0.096	0.097	0.099	0.099	0.098	0.098	0.098	0.096	0.097	0.097	0.098	0.092	0.096	0.097	0.101	0.097	0.098	0.097	0.098	0.173	0.098	0.097	0.099	0.094	0.096	0.097	0.100	0.098	0.098	0.098	0.097	0.100	0.101	0.097	0.099	0.094	0.095	0.094	0.095	0.094	0.093	0.093	0.094	0.096	0.095	0.095	0.095	0.093
1:00:05	22.0	0.095	0.092	0.096	0.094	0.095	0.095	0.091	0.092	0.093	0.094	0.093	0.098	0.093	0.097	0.098	0.100	0.099	0.099	0.100	0.101	0.099	0.101	0.101	0.094	0.092	0.098	0.097	0.100	0.099	0.099	0.100	0.100	0.098	0.099	0.099	0.094	0.093	0.097	0.099	0.096	0.095	0.097	0.097	0.099	0.097	0.099	0.098	0.094	0.096	0.097	0.099	0.100	0.100	0.098	0.099	0.096	0.098	0.097	0.099	0.092	0.096	0.098	0.102	0.097	0.098	0.098	0.099	0.172	0.097	0.097	0.099	0.093	0.095	0.097	0.101	0.099	0.098	0.098	0.097	0.100	0.101	0.097	0.100	0.094	0.094	0.094	0.095	0.094	0.093	0.093	0.094	0.096	0.095	0.095	0.094	0.093
2:00:07	22.2	0.095	0.092	0.096	0.095	0.095	0.095	0.091	0.092	0.093	0.094	0.093	0.095	0.093	0.098	0.099	0.101	0.100	0.100	0.101	0.103	0.100	0.102	0.102	0.094	0.092	0.099	0.099	0.101	0.100	0.100	0.102	0.101	0.099	0.100	0.099	0.094	0.093	0.098	0.100	0.096	0.096	0.098	0.098	0.100	0.098	0.100	0.100	0.094	0.096	0.099	0.100	0.101	0.101	0.100	0.100	0.097	0.100	0.098	0.100	0.092	0.096	0.099	0.103	0.098	0.099	0.099	0.101	0.172	0.100	0.099	0.100	0.093	0.095	0.099	0.102	0.100	0.099	0.099	0.098	0.101	0.101	0.098	0.102	0.094	0.094	0.094	0.095	0.094	0.093	0.093	0.094	0.096	0.095	0.095	0.094	0.093
3:00:08	22.3	0.095	0.092	0.096	0.095	0.095	0.095	0.092	0.092	0.093	0.094	0.094	0.095	0.093	0.099	0.101	0.102	0.101	0.102	0.102	0.104	0.101	0.103	0.104	0.095	0.093	0.101	0.100	0.103	0.103	0.102	0.105	0.102	0.101	0.102	0.100	0.094	0.093	0.100	0.102	0.098	0.097	0.099	0.100	0.102	0.099	0.102	0.101	0.095	0.096	0.100	0.100	0.104	0.103	0.102	0.101	0.097	0.102	0.098	0.101	0.092	0.096	0.100	0.104	0.099	0.100	0.100	0.102	0.167	0.101	0.100	0.102	0.094	0.095	0.100	0.104	0.102	0.100	0.101	0.100	0.102	0.102	0.098	0.103	0.094	0.094	0.094	0.095	0.094	0.093	0.093	0.094	0.096	0.095	0.094	0.094	0.093
4:00:08	22.1	0.095	0.093	0.097	0.095	0.095	0.095	0.092	0.092	0.093	0.095	0.094	0.096	0.093	0.101	0.103	0.103	0.102	0.104	0.103	0.105	0.104	0.106	0.107	0.094	0.093	0.103	0.103	0.105	0.105	0.103	0.106	0.104	0.103	0.103	0.101	0.094	0.093	0.102	0.104	0.099	0.099	0.100	0.102	0.104	0.100	0.104	0.104	0.094	0.096	0.102	0.101	0.106	0.104	0.104	0.103	0.098	0.103	0.100	0.103	0.092	0.096	0.102	0.107	0.100	0.101	0.101	0.105	0.173	0.103	0.103	0.104	0.094	0.095	0.102	0.106	0.104	0.101	0.103	0.101	0.104	0.103	0.099	0.106	0.094	0.095	0.094	0.095	0.094	0.093	0.093	0.094	0.096	0.095	0.095	0.095	0.093
5:00:09	21.8	0.095	0.093	0.097	0.095	0.095	0.095	0.092	0.093	0.094	0.094	0.094	0.095	0.093	0.103	0.106	0.105	0.103	0.107	0.105	0.108	0.107	0.109	0.110	0.095	0.093	0.106	0.106	0.107	0.108	0.105	0.109	0.106	0.106	0.106	0.102	0.095	0.093	0.105	0.107	0.100	0.100	0.102	0.104	0.107	0.102	0.106	0.106	0.095	0.096	0.104	0.102	0.109	0.107	0.107	0.106	0.099	0.106	0.101	0.105	0.093	0.096	0.105	0.109	0.101	0.103	0.103	0.108	0.175	0.106	0.105	0.106	0.094	0.096	0.105	0.108	0.106	0.103	0.106	0.103	0.106	0.105	0.100	0.109	0.094	0.095	0.094	0.095	0.094	0.093	0.093	0.094	0.096	0.095	0.095	0.095	0.093
6:00:10	21.6	0.095	0.092	0.096	0.095	0.095	0.095	0.092	0.092	0.093	0.094	0.094	0.095	0.093	0.105	0.109	0.106	0.104	0.110	0.108	0.110	0.111	0.112	0.114	0.094	0.092	0.109	0.109	0.110	0.112	0.107	0.112	0.109	0.109	0.109	0.103	0.094	0.093	0.108	0.112	0.102	0.102	0.103	0.107	0.111	0.104	0.109	0.110	0.094	0.096	0.106	0.104	0.113	0.109	0.111	0.108	0.100	0.109	0.103	0.108	0.092	0.096	0.107	0.112	0.103	0.105	0.105	0.111	0.176	0.109	0.109	0.109	0.094	0.095	0.109	0.111	0.109	0.104	0.109	0.106	0.107	0.105	0.100	0.112	0.094	0.095	0.094	0.095	0.094	0.093	0.093	0.094	0.095	0.095	0.095	0.094	0.093
7:00:11	21.3	0.095	0.093	0.097	0.095	0.095	0.096	0.091	0.093	0.094	0.094	0.094	0.095	0.093	0.109	0.114	0.108	0.106	0.115	0.112	0.114	0.115	0.117	0.119	0.095	0.093	0.113	0.113	0.114	0.115	0.110	0.115	0.112	0.113	0.113	0.104	0.094	0.093	0.112	0.116	0.104	0.104	0.106	0.110	0.116	0.106	0.114	0.114	0.094	0.096	0.110	0.105	0.118	0.114	0.115	0.113	0.100	0.113	0.105	0.112	0.092	0.096	0.111	0.116	0.104	0.107	0.107	0.114	0.178	0.114	0.114	0.113	0.093	0.095	0.112	0.115	0.113	0.106	0.113	0.109	0.109	0.108	0.102	0.116	0.094	0.095	0.094	0.095	0.094	0.093	0.093	0.094	0.096	0.095	0.095	0.094	0.093
8:00:13	21.0	0.095	0.093	0.096	0.095	0.095	0.096	0.092	0.093	0.094	0.094	0.094	0.096	0.093	0.114	0.119	0.111	0.108	0.120	0.117	0.119	0.122	0.120	0.125	0.095	0.093	0.117	0.118	0.118	0.122	0.115	0.125	0.118	0.117	0.118	0.105	0.095	0.093	0.118	0.129	0.106	0.106	0.109	0.115	0.121	0.109	0.118	0.117	0.094	0.096	0.115	0.107	0.123	0.119	0.120	0.118	0.101	0.117	0.107	0.117	0.092	0.096	0.115	0.120	0.106	0.109	0.111	0.120	0.178	0.119	0.121	0.119	0.094	0.095	0.118	0.118	0.117	0.109	0.119	0.114	0.113	0.110	0.103	0.120	0.094	0.095	0.094	0.095	0.094	0.093	0.093	0.094	0.096	0.095	0.095	0.095	0.093
9:00:13	20.7	0.095	0.093	0.097	0.095	0.095	0.095	0.092	0.093	0.094	0.095	0.094	0.095	0.093	0.120	0.134	0.114	0.110	0.127	0.123	0.125	0.127	0.125	0.135	0.095	0.093	0.127	0.126	0.124	0.146	0.120	0.138	0.123	0.122	0.124	0.107	0.095	0.093	0.124	0.137	0.109	0.109	0.112	0.121	0.129	0.112	0.124	0.124	0.094	0.096	0.122	0.109	0.131	0.127	0.130	0.125	0.103	0.123	0.110	0.123	0.093	0.096	0.120	0.127	0.109	0.112	0.116	0.128	0.180	0.125	0.128	0.126	0.094	0.095	0.126	0.128	0.122	0.112	0.127	0.120	0.117	0.112	0.104	0.125	0.094	0.095	0.094	0.095	0.094	0.093	0.093	0.094	0.096	0.095	0.095	0.095	0.093
10:00:15	20.4	0.095	0.093	0.097	0.095	0.095	0.096	0.092	0.093	0.094	0.095	0.094	0.096	0.093	0.126	0.156	0.118	0.114	0.134	0.131	0.132	0.148	0.132	0.147	0.095	0.093	0.134	0.147	0.128	0.156	0.125	0.143	0.128	0.129	0.134	0.108	0.095	0.093	0.131	0.158	0.113	0.113	0.117	0.132	0.136	0.116	0.132	0.129	0.095	0.096	0.131	0.112	0.140	0.133	0.138	0.134	0.104	0.133	0.114	0.131	0.093	0.096	0.124	0.139	0.112	0.115	0.121	0.139	0.182	0.135	0.136	0.136	0.094	0.095	0.146	0.132	0.129	0.117	0.141	0.127	0.123	0.116	0.106	0.134	0.094	0.095	0.094	0.095	0.094	0.093	0.093	0.094	0.096	0.095	0.095	0.094	0.093
11:00:16	20.2	0.095	0.093	0.097	0.095	0.095	0.096	0.092	0.093	0.094	0.095	0.094	0.096	0.093	0.141	0.169	0.123	0.118	0.145	0.147	0.143	0.154	0.144	0.160	0.095	0.093	0.157	0.161	0.138	0.166	0.132	0.156	0.137	0.141	0.139	0.110	0.095	0.094	0.150	0.176	0.118	0.118	0.123	0.142	0.152	0.122	0.146	0.138	0.095	0.096	0.142	0.115	0.150	0.142	0.153	0.144	0.106	0.146	0.119	0.143	0.093	0.096	0.130	0.154	0.117	0.120	0.127	0.156	0.186	0.147	0.149	0.146	0.094	0.096	0.165	0.143	0.140	0.122	0.148	0.137	0.131	0.120	0.108	0.144	0.094	0.095	0.094	0.095	0.094	0.093	0.093	0.095	0.096	0.096	0.095	0.095	0.093
12:00:15	20.1	0.095	0.093	0.097	0.095	0.095	0.096	0.092	0.093	0.094	0.095	0.094	0.096	0.093	0.153	0.181	0.129	0.123	0.152	0.159	0.157	0.159	0.151	0.163	0.095	0.093	0.167	0.171	0.147	0.173	0.141	0.162	0.148	0.152	0.153	0.113	0.095	0.093	0.170	0.181	0.123	0.124	0.128	0.156	0.161	0.127	0.154	0.143	0.095	0.096	0.163	0.119	0.157	0.151	0.161	0.160	0.108	0.154	0.124	0.153	0.092	0.096	0.145	0.166	0.122	0.125	0.136	0.165	0.191	0.155	0.156	0.164	0.094	0.096	0.174	0.155	0.150	0.127	0.156	0.148	0.141	0.126	0.110	0.150	0.094	0.095	0.094	0.095	0.094	0.093	0.093	0.094	0.096	0.095	0.095	0.095	0.093
13:00:17	20.0	0.095	0.093	0.097	0.095	0.095	0.096	0.092	0.093	0.094	0.095	0.094	0.096	0.093	0.166	0.193	0.136	0.129	0.158	0.171	0.168	0.162	0.156	0.171	0.095	0.093	0.173	0.177	0.155	0.176	0.158	0.170	0.162	0.162	0.160	0.116	0.095	0.094	0.179	0.186	0.129	0.130	0.134	0.174	0.164	0.132	0.158	0.148	0.095	0.096	0.173	0.124	0.165	0.161	0.166	0.170	0.110	0.158	0.130	0.159	0.093	0.096	0.156	0.173	0.127	0.130	0.143	0.169	0.195	0.161	0.161	0.168	0.094	0.096	0.179	0.164	0.157	0.134	0.161	0.159	0.154	0.131	0.113	0.156	0.094	0.095	0.094	0.096	0.094	0.093	0.093	0.094	0.096	0.096	0.095	0.095	0.093
14:00:17	19.9	0.095	0.093	0.097	0.095	0.095	0.096	0.092	0.093	0.094	0.095	0.094	0.096	0.093	0.175	0.205	0.145	0.136	0.171	0.187	0.176	0.173	0.170	0.191	0.095	0.093	0.184	0.184	0.161	0.184	0.170	0.190	0.175	0.176	0.171	0.119	0.095	0.093	0.188	0.198	0.137	0.137	0.146	0.185	0.175	0.138	0.177	0.155	0.095	0.096	0.181	0.129	0.176	0.177	0.182	0.188	0.113	0.172	0.138	0.168	0.093	0.096	0.163	0.185	0.134	0.137	0.154	0.181	0.201	0.175	0.172	0.177	0.094	0.096	0.194	0.177	0.172	0.143	0.174	0.171	0.164	0.138	0.116	0.165	0.094	0.095	0.094	0.095	0.094	0.094	0.094	0.094	0.096	0.096	0.095	0.095	0.093
15:00:18	19.8	0.095	0.093	0.097	0.095	0.095	0.096	0.092	0.093	0.094	0.094	0.094	0.096	0.093	0.190	0.224	0.153	0.142	0.177	0.204	0.189	0.183	0.173	0.197	0.095	0.093	0.197	0.194	0.164	0.204	0.182	0.193	0.185	0.180	0.185	0.123	0.095	0.093	0.203	0.205	0.148	0.157	0.160	0.198	0.181	0.145	0.185	0.159	0.094	0.096	0.199	0.134	0.187	0.196	0.190	0.196	0.117	0.178	0.145	0.179	0.093	0.096	0.174	0.199	0.140	0.145	0.165	0.196	0.208	0.178	0.182	0.187	0.094	0.095	0.217	0.192	0.176	0.154	0.186	0.191	0.170	0.145	0.120	0.172	0.094	0.095	0.094	0.095	0.094	0.093	0.093	0.094	0.096	0.096	0.095	0.094	0.093
16:00:19	19.7	0.095	0.093	0.097	0.095	0.095	0.096	0.092	0.093	0.094	0.095	0.094	0.096	0.094	0.219	0.229	0.164	0.150	0.193	0.219	0.206	0.195	0.187	0.206	0.095	0.093	0.213	0.212	0.174	0.214	0.199	0.213	0.196	0.191	0.194	0.129	0.095	0.094	0.225	0.226	0.163	0.171	0.173	0.221	0.195	0.153	0.197	0.166	0.095	0.096	0.217	0.141	0.197	0.216	0.205	0.210	0.122	0.192	0.153	0.184	0.093	0.096	0.183	0.217	0.150	0.156	0.178	0.209	0.216	0.194	0.193	0.194	0.094	0.096	0.231	0.209	0.188	0.165	0.199	0.203	0.183	0.154	0.126	0.178	0.094	0.095	0.094	0.095	0.094	0.093	0.093	0.094	0.096	0.096	0.095	0.095	0.093
17:00:21	19.7	0.095	0.093	0.097	0.095	0.095	0.096	0.092	0.093	0.094	0.095	0.094	0.096	0.093	0.219	0.239	0.177	0.163	0.212	0.232	0.224	0.215	0.206	0.232	0.095	0.093	0.219	0.225	0.195	0.225	0.210	0.235	0.210	0.214	0.202	0.133	0.095	0.093	0.233	0.230	0.171	0.174	0.179	0.245	0.212	0.165	0.216	0.175	0.095	0.096	0.227	0.148	0.216	0.243	0.220	0.228	0.127	0.212	0.164	0.196	0.093	0.096	0.196	0.229	0.161	0.172	0.191	0.225	0.228	0.216	0.211	0.208	0.094	0.095	0.236	0.224	0.210	0.176	0.219	0.218	0.209	0.164	0.130	0.197	0.094	0.095	0.094	0.095	0.094	0.093	0.093	0.094	0.096	0.095	0.095	0.095	0.093
18:00:22	19.8	0.095	0.093	0.097	0.095	0.095	0.096	0.092	0.093	0.094	0.095	0.094	0.096	0.093	0.233	0.250	0.183	0.172	0.230	0.250	0.237	0.234	0.229	0.258	0.095	0.093	0.241	0.238	0.210	0.242	0.224	0.262	0.228	0.237	0.217	0.139	0.095	0.094	0.241	0.241	0.177	0.178	0.183	0.272	0.228	0.175	0.239	0.186	0.094	0.096	0.238	0.159	0.239	0.271	0.239	0.247	0.131	0.238	0.172	0.211	0.093	0.096	0.219	0.248	0.170	0.178	0.207	0.243	0.235	0.238	0.233	0.223	0.094	0.095	0.252	0.247	0.231	0.189	0.244	0.236	0.228	0.175	0.136	0.214	0.094	0.095	0.094	0.095	0.094	0.093	0.093	0.094	0.096	0.095	0.095	0.095	0.093
19:00:22	20.0	0.095	0.093	0.097	0.095	0.095	0.096	0.092	0.093	0.094	0.095	0.094	0.096	0.093	0.254	0.268	0.198	0.181	0.251	0.275	0.258	0.262	0.256	0.290	0.095	0.093	0.271	0.262	0.229	0.270	0.240	0.289	0.248	0.264	0.238	0.145	0.095	0.093	0.258	0.260	0.186	0.195	0.197	0.301	0.249	0.187	0.266	0.199	0.095	0.096	0.255	0.166	0.265	0.301	0.264	0.272	0.137	0.261	0.183	0.228	0.092	0.096	0.242	0.270	0.180	0.191	0.222	0.269	0.243	0.263	0.257	0.245	0.094	0.096	0.276	0.275	0.259	0.210	0.272	0.259	0.234	0.187	0.142	0.239	0.094	0.095	0.094	0.095	0.094	0.093	0.093	0.094	0.096	0.096	0.095	0.095	0.093
20:00:24	20.0	0.095	0.093	0.097	0.095	0.095	0.096	0.092	0.093	0.094	0.095	0.094	0.096	0.093	0.279	0.303	0.219	0.195	0.274	0.306	0.282	0.293	0.281	0.323	0.095	0.093	0.299	0.293	0.251	0.298	0.258	0.323	0.271	0.291	0.259	0.152	0.095	0.093	0.280	0.285	0.199	0.209	0.214	0.333	0.272	0.202	0.293	0.217	0.095	0.096	0.283	0.171	0.291	0.333	0.291	0.302	0.144	0.288	0.197	0.251	0.093	0.096	0.268	0.298	0.194	0.209	0.236	0.299	0.253	0.294	0.285	0.271	0.094	0.095	0.309	0.304	0.286	0.225	0.302	0.285	0.250	0.204	0.149	0.268	0.094	0.095	0.094	0.095	0.094	0.093	0.093	0.094	0.096	0.095	0.095	0.094	0.093
21:00:25	20.1	0.095	0.093	0.097	0.095	0.095	0.096	0.092	0.093	0.094	0.095	0.094	0.096	0.093	0.313	0.344	0.232	0.215	0.302	0.340	0.313	0.327	0.313	0.356	0.095	0.093	0.335	0.327	0.277	0.330	0.281	0.356	0.296	0.321	0.288	0.159	0.095	0.093	0.311	0.316	0.217	0.227	0.234	0.374	0.298	0.219	0.322	0.238	0.095	0.096	0.313	0.184	0.322	0.368	0.321	0.338	0.152	0.320	0.215	0.281	0.093	0.096	0.295	0.330	0.217	0.232	0.254	0.334	0.263	0.326	0.316	0.305	0.094	0.096	0.357	0.334	0.315	0.234	0.333	0.315	0.271	0.221	0.157	0.302	0.094	0.095	0.094	0.095	0.094	0.093	0.093	0.094	0.096	0.095	0.095	0.095	0.093
22:00:25	20.2	0.095	0.093	0.097	0.095	0.095	0.096	0.092	0.093	0.094	0.095	0.094	0.096	0.094	0.348	0.388	0.247	0.228	0.330	0.381	0.341	0.360	0.343	0.394	0.095	0.093	0.371	0.357	0.305	0.361	0.307	0.388	0.327	0.351	0.320	0.166	0.095	0.094	0.354	0.348	0.240	0.232	0.242	0.406	0.329	0.238	0.352	0.265	0.094	0.096	0.349	0.196	0.352	0.402	0.353	0.376	0.159	0.348	0.230	0.308	0.093	0.096	0.324	0.361	0.230	0.240	0.275	0.366	0.288	0.358	0.347	0.341	0.094	0.096	0.404	0.365	0.346	0.251	0.362	0.346	0.294	0.237	0.163	0.338	0.094	0.095	0.094	0.095	0.094	0.093	0.093	0.094	0.096	0.095	0.095	0.095	0.093
23:00:25	20.3	0.095	0.093	0.097	0.096	0.095	0.096	0.092	0.093	0.094	0.095	0.094	0.096	0.093	0.387	0.423	0.266	0.235	0.356	0.414	0.373	0.393	0.371	0.426	0.095	0.093	0.407	0.386	0.336	0.390	0.336	0.423	0.355	0.379	0.355	0.174	0.095	0.094	0.393	0.382	0.244	0.244	0.254	0.434	0.353	0.253	0.380	0.286	0.095	0.096	0.385	0.213	0.382	0.432	0.383	0.409	0.166	0.375	0.241	0.339	0.093	0.096	0.353	0.391	0.239	0.256	0.303	0.398	0.297	0.390	0.375	0.375	0.094	0.096	0.437	0.394	0.373	0.271	0.391	0.374	0.321	0.256	0.171	0.375	0.094	0.095	0.094	0.095	0.094	0.093	0.093	0.094	0.096	0.096	0.095	0.095	0.093
24:00:27	20.3	0.095	0.093	0.097	0.095	0.095	0.096	0.092	0.093	0.094	0.095	0.094	0.096	0.094	0.420	0.450	0.290	0.254	0.380	0.440	0.397	0.431	0.397	0.467	0.095	0.093	0.439	0.427	0.365	0.429	0.362	0.454	0.376	0.409	0.389	0.182	0.095	0.094	0.426	0.412	0.257	0.261	0.276	0.460	0.377	0.269	0.404	0.319	0.095	0.096	0.402	0.232	0.408	0.452	0.413	0.436	0.171	0.400	0.257	0.371	0.093	0.096	0.387	0.419	0.255	0.273	0.327	0.430	0.236	0.417	0.401	0.407	0.094	0.096	0.462	0.423	0.410	0.293	0.408	0.392	0.349	0.275	0.180	0.408	0.094	0.095	0.094	0.095	0.094	0.093	0.094	0.094	0.096	0.096	0.095	0.095	0.093
25:00:27	20.4	0.095	0.093	0.097	0.095	0.095	0.096	0.092	0.093	0.094	0.095	0.094	0.096	0.093	0.442	0.472	0.317	0.273	0.399	0.466	0.420	0.465	0.417	0.487	0.095	0.093	0.470	0.461	0.394	0.457	0.383	0.476	0.397	0.432	0.415	0.190	0.095	0.093	0.452	0.444	0.279	0.287	0.301	0.482	0.399	0.291	0.424	0.353	0.095	0.096	0.426	0.244	0.430	0.480	0.435	0.461	0.179	0.422	0.276	0.402	0.093	0.097	0.413	0.446	0.272	0.297	0.363	0.455	0.253	0.442	0.424	0.435	0.094	0.096	0.485	0.446	0.427	0.321	0.433	0.413	0.377	0.299	0.190	0.439	0.094	0.095	0.094	0.095	0.094	0.093	0.094	0.094	0.096	0.095	0.095	0.095	0.093
26:00:28	20.4	0.095	0.093	0.097	0.095	0.095	0.096	0.092	0.093	0.094	0.095	0.094	0.096	0.093	0.467	0.496	0.349	0.298	0.420	0.491	0.441	0.489	0.437	0.515	0.095	0.093	0.496	0.486	0.420	0.479	0.401	0.501	0.414	0.457	0.440	0.201	0.095	0.093	0.476	0.471	0.304	0.312	0.328	0.506	0.417	0.315	0.445	0.386	0.094	0.096	0.448	0.260	0.449	0.506	0.457	0.486	0.189	0.445	0.296	0.434	0.093	0.096	0.435	0.470	0.293	0.324	0.396	0.481	0.270	0.464	0.445	0.461	0.094	0.096	0.510	0.470	0.448	0.350	0.454	0.430	0.397	0.325	0.204	0.466	0.094	0.095	0.094	0.095	0.094	0.093	0.093	0.094	0.096	0.095	0.095	0.095	0.093
27:00:30	20.3	0.095	0.093	0.097	0.095	0.095	0.096	0.092	0.093	0.094	0.094	0.094	0.096	0.093	0.488	0.518	0.381	0.326	0.444	0.514	0.463	0.514	0.457	0.539	0.095	0.093	0.517	0.502	0.446	0.501	0.418	0.529	0.430	0.485	0.463	0.213	0.095	0.093	0.499	0.493	0.335	0.342	0.362	0.532	0.437	0.344	0.467	0.421	0.095	0.096	0.469	0.279	0.469	0.531	0.482	0.510	0.201	0.468	0.322	0.464	0.093	0.096	0.457	0.496	0.318	0.352	0.420	0.511	0.290	0.489	0.467	0.485	0.094	0.096	0.532	0.496	0.468	0.377	0.477	0.446	0.414	0.352	0.216	0.497	0.094	0.095	0.094	0.095	0.094	0.093	0.093	0.094	0.096	0.095	0.095	0.095	0.093
28:00:31	20.1	0.095	0.093	0.097	0.095	0.095	0.096	0.093	0.093	0.094	0.094	0.094	0.095	0.093	0.507	0.536	0.411	0.354	0.470	0.536	0.484	0.541	0.479	0.567	0.095	0.093	0.535	0.520	0.474	0.526	0.432	0.556	0.445	0.511	0.485	0.224	0.095	0.093	0.519	0.512	0.365	0.374	0.390	0.557	0.459	0.369	0.489	0.456	0.094	0.096	0.491	0.300	0.489	0.560	0.508	0.533	0.216	0.495	0.346	0.488	0.093	0.096	0.480	0.521	0.341	0.379	0.442	0.538	0.312	0.513	0.490	0.509	0.094	0.095	0.555	0.519	0.489	0.396	0.500	0.462	0.428	0.374	0.228	0.527	0.094	0.095	0.094	0.095	0.094	0.093	0.093	0.094	0.096	0.095	0.095	0.094	0.093
29:00:32	19.9	0.095	0.093	0.097	0.096	0.095	0.096	0.092	0.093	0.094	0.095	0.094	0.096	0.093	0.525	0.555	0.433	0.381	0.493	0.557	0.505	0.568	0.498	0.593	0.095	0.093	0.556	0.539	0.503	0.549	0.446	0.582	0.460	0.537	0.506	0.236	0.095	0.093	0.539	0.531	0.398	0.403	0.416	0.580	0.480	0.391	0.511	0.489	0.095	0.096	0.512	0.324	0.511	0.586	0.535	0.555	0.227	0.517	0.368	0.513	0.092	0.096	0.501	0.546	0.364	0.402	0.464	0.563	0.334	0.534	0.510	0.531	0.094	0.096	0.577	0.545	0.512	0.413	0.520	0.479	0.442	0.393	0.242	0.553	0.094	0.095	0.094	0.095	0.094	0.093	0.093	0.094	0.096	0.095	0.095	0.095	0.093
30:00:32	19.9	0.096	0.093	0.097	0.096	0.095	0.096	0.093	0.093	0.094	0.095	0.094	0.096	0.093	0.545	0.573	0.448	0.402	0.515	0.578	0.525	0.590	0.518	0.618	0.095	0.093	0.582	0.562	0.530	0.572	0.460	0.606	0.476	0.562	0.528	0.248	0.095	0.093	0.558	0.551	0.420	0.424	0.434	0.603	0.501	0.410	0.532	0.522	0.095	0.096	0.532	0.348	0.528	0.612	0.559	0.576	0.239	0.537	0.387	0.538	0.093	0.096	0.522	0.571	0.383	0.418	0.484	0.586	0.354	0.554	0.529	0.554	0.094	0.096	0.595	0.571	0.529	0.429	0.537	0.495	0.456	0.407	0.256	0.577	0.094	0.095	0.094	0.095	0.094	0.093	0.093	0.094	0.096	0.096	0.095	0.095	0.093
31:00:33	19.8	0.095	0.093	0.097	0.095	0.095	0.096	0.093	0.093	0.094	0.095	0.094	0.096	0.094	0.565	0.591	0.465	0.419	0.535	0.600	0.546	0.618	0.537	0.634	0.095	0.093	0.605	0.583	0.555	0.596	0.474	0.627	0.491	0.587	0.548	0.262	0.095	0.094	0.576	0.575	0.434	0.439	0.450	0.624	0.517	0.424	0.550	0.547	0.095	0.096	0.553	0.372	0.545	0.635	0.581	0.598	0.252	0.557	0.400	0.562	0.093	0.097	0.543	0.608	0.400	0.435	0.504	0.611	0.370	0.575	0.547	0.579	0.094	0.096	0.615	0.593	0.546	0.440	0.558	0.510	0.468	0.425	0.270	0.600	0.094	0.095	0.094	0.095	0.094	0.093	0.094	0.094	0.096	0.096	0.095	0.095	0.093
32:00:34	19.8	0.095	0.093	0.097	0.095	0.095	0.096	0.093	0.094	0.094	0.095	0.094	0.096	0.093	0.587	0.611	0.483	0.434	0.555	0.621	0.568	0.644	0.554	0.651	0.095	0.093	0.625	0.603	0.580	0.614	0.486	0.647	0.503	0.616	0.570	0.276	0.095	0.094	0.596	0.594	0.451	0.453	0.466	0.645	0.535	0.441	0.569	0.575	0.095	0.096	0.574	0.392	0.562	0.658	0.606	0.619	0.265	0.580	0.414	0.586	0.093	0.097	0.561	0.631	0.414	0.456	0.526	0.633	0.385	0.596	0.565	0.602	0.094	0.096	0.635	0.622	0.562	0.456	0.576	0.525	0.481	0.446	0.286	0.622	0.094	0.095	0.094	0.095	0.094	0.093	0.093	0.095	0.096	0.096	0.095	0.095	0.093
33:00:35	19.8	0.095	0.093	0.097	0.095	0.095	0.096	0.093	0.093	0.094	0.095	0.094	0.095	0.093	0.608	0.627	0.502	0.452	0.579	0.643	0.589	0.665	0.571	0.679	0.095	0.093	0.644	0.622	0.603	0.637	0.498	0.671	0.516	0.639	0.589	0.291	0.095	0.093	0.613	0.619	0.465	0.471	0.486	0.665	0.556	0.462	0.587	0.600	0.095	0.096	0.596	0.406	0.581	0.679	0.629	0.639	0.279	0.599	0.430	0.609	0.093	0.096	0.581	0.652	0.429	0.473	0.546	0.655	0.398	0.617	0.584	0.624	0.094	0.096	0.655	0.645	0.579	0.471	0.593	0.540	0.494	0.466	0.302	0.647	0.094	0.095	0.094	0.095	0.094	0.093	0.093	0.094	0.096	0.095	0.095	0.095	0.093
34:00:35	19.7	0.095	0.093	0.097	0.095	0.095	0.096	0.093	0.093	0.094	0.095	0.094	0.095	0.093	0.627	0.647	0.519	0.471	0.599	0.664	0.612	0.687	0.588	0.696	0.095	0.093	0.663	0.644	0.628	0.655	0.509	0.689	0.529	0.664	0.611	0.307	0.095	0.093	0.632	0.637	0.481	0.487	0.501	0.686	0.577	0.482	0.605	0.625	0.095	0.096	0.619	0.418	0.596	0.701	0.652	0.661	0.294	0.622	0.445	0.634	0.093	0.096	0.600	0.674	0.445	0.490	0.568	0.676	0.414	0.637	0.603	0.647	0.094	0.095	0.674	0.673	0.597	0.486	0.612	0.555	0.507	0.485	0.317	0.669	0.094	0.095	0.094	0.095	0.094	0.093	0.094	0.094	0.096	0.095	0.095	0.095	0.093
35:00:37	19.7	0.095	0.093	0.097	0.096	0.095	0.096	0.093	0.094	0.095	0.095	0.094	0.095	0.094	0.648	0.665	0.536	0.489	0.621	0.684	0.635	0.709	0.606	0.716	0.095	0.093	0.686	0.661	0.652	0.674	0.523	0.710	0.542	0.687	0.629	0.324	0.095	0.094	0.651	0.659	0.499	0.503	0.518	0.706	0.596	0.501	0.622	0.650	0.095	0.096	0.640	0.436	0.616	0.720	0.674	0.681	0.309	0.641	0.460	0.657	0.093	0.097	0.621	0.694	0.459	0.506	0.589	0.697	0.428	0.659	0.623	0.669	0.094	0.096	0.694	0.697	0.613	0.502	0.629	0.570	0.520	0.504	0.332	0.693	0.094	0.095	0.094	0.095	0.094	0.093	0.094	0.095	0.096	0.096	0.095	0.095	0.093
36:00:37	19.7	0.095	0.093	0.097	0.096	0.095	0.097	0.093	0.094	0.095	0.095	0.094	0.095	0.094	0.669	0.682	0.553	0.506	0.640	0.703	0.658	0.728	0.620	0.740	0.096	0.093	0.699	0.680	0.672	0.692	0.536	0.729	0.556	0.709	0.648	0.340	0.095	0.094	0.668	0.675	0.515	0.517	0.535	0.725	0.615	0.521	0.638	0.674	0.095	0.096	0.662	0.453	0.632	0.740	0.692	0.701	0.325	0.662	0.474	0.678	0.093	0.096	0.639	0.715	0.473	0.521	0.611	0.718	0.441	0.676	0.641	0.690	0.094	0.096	0.713	0.717	0.627	0.516	0.647	0.585	0.534	0.524	0.344	0.713	0.094	0.095	0.094	0.095	0.094	0.094	0.093	0.094	0.096	0.096	0.095	0.095	0.093
37:00:40	19.7	0.095	0.093	0.097	0.095	0.095	0.096	0.093	0.094	0.094	0.095	0.094	0.095	0.093	0.689	0.700	0.571	0.523	0.661	0.721	0.681	0.748	0.638	0.757	0.095	0.093	0.719	0.697	0.690	0.706	0.549	0.748	0.569	0.733	0.668	0.352	0.095	0.094	0.686	0.690	0.530	0.534	0.552	0.742	0.636	0.542	0.656	0.694	0.095	0.096	0.684	0.470	0.649	0.759	0.712	0.719	0.340	0.684	0.489	0.697	0.093	0.096	0.660	0.733	0.487	0.538	0.633	0.739	0.455	0.695	0.658	0.710	0.094	0.096	0.733	0.737	0.642	0.529	0.664	0.598	0.549	0.543	0.355	0.731	0.094	0.095	0.094	0.095	0.094	0.093	0.094	0.094	0.096	0.096	0.095	0.095	0.093
38:00:40	19.6	0.095	0.094	0.097	0.096	0.096	0.097	0.094	0.094	0.095	0.095	0.094	0.095	0.094	0.709	0.718	0.589	0.542	0.683	0.740	0.702	0.771	0.654	0.772	0.095	0.093	0.735	0.714	0.710	0.726	0.562	0.764	0.582	0.753	0.686	0.366	0.095	0.094	0.703	0.709	0.547	0.553	0.570	0.759	0.654	0.562	0.671	0.712	0.095	0.096	0.706	0.487	0.667	0.776	0.730	0.739	0.355	0.701	0.503	0.714	0.093	0.097	0.678	0.754	0.502	0.554	0.654	0.754	0.470	0.709	0.676	0.729	0.094	0.096	0.748	0.756	0.658	0.542	0.679	0.613	0.563	0.563	0.368	0.748	0.095	0.095	0.094	0.096	0.094	0.094	0.094	0.095	0.096	0.096	0.095	0.095	0.094
39:00:40	19.6	0.095	0.093	0.097	0.096	0.096	0.096	0.094	0.094	0.094	0.095	0.094	0.095	0.094	0.728	0.735	0.607	0.560	0.705	0.756	0.721	0.784	0.670	0.798	0.095	0.094	0.753	0.731	0.730	0.741	0.574	0.783	0.595	0.766	0.702	0.378	0.095	0.094	0.719	0.728	0.563	0.569	0.589	0.775	0.673	0.582	0.683	0.729	0.095	0.096	0.729	0.505	0.683	0.791	0.747	0.755	0.367	0.718	0.516	0.729	0.093	0.097	0.695	0.771	0.516	0.569	0.676	0.767	0.483	0.723	0.686	0.744	0.094	0.096	0.765	0.776	0.671	0.555	0.691	0.626	0.575	0.580	0.381	0.765	0.094	0.095	0.094	0.096	0.094	0.093	0.094	0.095	0.097	0.096	0.095	0.095	0.093
40:00:42	19.6	0.095	0.093	0.097	0.096	0.095	0.096	0.093	0.094	0.094	0.095	0.094	0.095	0.094	0.744	0.752	0.625	0.579	0.723	0.770	0.739	0.797	0.682	0.808	0.095	0.093	0.768	0.747	0.749	0.758	0.585	0.795	0.608	0.783	0.720	0.389	0.095	0.093	0.737	0.743	0.579	0.586	0.605	0.788	0.692	0.601	0.697	0.746	0.095	0.096	0.748	0.522	0.698	0.804	0.764	0.770	0.382	0.730	0.529	0.741	0.093	0.096	0.710	0.790	0.528	0.584	0.694	0.779	0.497	0.735	0.699	0.757	0.094	0.096	0.781	0.795	0.685	0.568	0.702	0.638	0.586	0.598	0.395	0.779	0.094	0.094	0.094	0.095	0.094	0.093	0.093	0.094	0.096	0.095	0.095	0.095	0.093
41:00:41	19.5	0.096	0.094	0.097	0.096	0.096	0.097	0.094	0.094	0.095	0.095	0.094	0.096	0.094	0.759	0.770	0.644	0.597	0.740	0.783	0.756	0.814	0.693	0.817	0.095	0.094	0.782	0.766	0.770	0.774	0.597	0.808	0.622	0.798	0.735	0.404	0.096	0.094	0.752	0.761	0.595	0.602	0.623	0.801	0.708	0.620	0.707	0.763	0.095	0.096	0.767	0.542	0.713	0.818	0.781	0.784	0.396	0.744	0.540	0.754	0.093	0.097	0.725	0.806	0.541	0.599	0.712	0.792	0.510	0.748	0.709	0.771	0.094	0.096	0.794	0.811	0.698	0.581	0.711	0.650	0.598	0.615	0.410	0.791	0.095	0.095	0.094	0.096	0.094	0.094	0.094	0.095	0.096	0.096	0.095	0.095	0.094
42:00:43	19.6	0.095	0.094	0.097	0.096	0.096	0.096	0.093	0.094	0.094	0.095	0.094	0.095	0.093	0.773	0.786	0.661	0.614	0.755	0.796	0.771	0.827	0.704	0.821	0.095	0.093	0.789	0.780	0.781	0.784	0.609	0.816	0.637	0.815	0.749	0.418	0.095	0.094	0.766	0.774	0.611	0.619	0.640	0.813	0.721	0.637	0.720	0.776	0.095	0.096	0.783	0.559	0.727	0.827	0.797	0.796	0.411	0.757	0.553	0.763	0.093	0.097	0.737	0.820	0.554	0.615	0.728	0.802	0.524	0.757	0.719	0.784	0.094	0.096	0.804	0.826	0.708	0.592	0.719	0.662	0.608	0.631	0.426	0.802	0.094	0.095	0.094	0.095	0.094	0.093	0.094	0.095	0.096	0.096	0.095	0.095	0.094
43:00:43	19.7	0.095	0.094	0.097	0.096	0.096	0.096	0.094	0.094	0.095	0.095	0.094	0.095	0.094	0.785	0.799	0.677	0.631	0.769	0.806	0.784	0.836	0.713	0.838	0.095	0.093	0.802	0.792	0.794	0.796	0.620	0.830	0.649	0.823	0.763	0.432	0.095	0.094	0.780	0.790	0.628	0.637	0.658	0.823	0.731	0.652	0.730	0.789	0.095	0.096	0.798	0.576	0.737	0.841	0.809	0.808	0.426	0.767	0.565	0.775	0.093	0.096	0.750	0.833	0.567	0.629	0.743	0.811	0.537	0.770	0.728	0.792	0.094	0.096	0.815	0.841	0.718	0.603	0.727	0.674	0.619	0.645	0.441	0.814	0.094	0.096	0.094	0.095	0.094	0.093	0.093	0.094	0.096	0.096	0.095	0.095	0.093
44:00:45	19.9	0.095	0.094	0.097	0.096	0.095	0.096	0.093	0.094	0.094	0.095	0.094	0.095	0.094	0.798	0.811	0.693	0.649	0.781	0.815	0.795	0.848	0.721	0.847	0.095	0.093	0.808	0.796	0.806	0.804	0.632	0.838	0.660	0.836	0.776	0.448	0.095	0.094	0.794	0.802	0.645	0.653	0.674	0.832	0.740	0.667	0.737	0.800	0.095	0.096	0.811	0.593	0.746	0.850	0.820	0.817	0.440	0.775	0.576	0.784	0.093	0.097	0.758	0.845	0.579	0.643	0.757	0.819	0.550	0.775	0.734	0.801	0.094	0.096	0.825	0.853	0.726	0.613	0.734	0.683	0.628	0.659	0.456	0.822	0.094	0.096	0.094	0.095	0.094	0.093	0.093	0.094	0.096	0.096	0.095	0.095	0.095
45:00:47	20.2	0.095	0.093	0.097	0.096	0.095	0.096	0.093	0.094	0.095	0.095	0.094	0.095	0.094	0.809	0.818	0.706	0.665	0.791	0.824	0.806	0.855	0.727	0.852	0.095	0.093	0.818	0.807	0.818	0.817	0.643	0.847	0.674	0.848	0.790	0.461	0.095	0.094	0.803	0.809	0.660	0.667	0.689	0.840	0.750	0.683	0.746	0.810	0.095	0.096	0.823	0.611	0.755	0.860	0.832	0.827	0.456	0.785	0.587	0.793	0.093	0.097	0.767	0.856	0.591	0.658	0.770	0.825	0.564	0.784	0.743	0.810	0.094	0.096	0.833	0.861	0.730	0.625	0.739	0.692	0.639	0.672	0.473	0.830	0.094	0.095	0.094	0.095	0.094	0.093	0.094	0.094	0.096	0.096	0.095	0.095	0.095
46:00:47	20.5	0.095	0.093	0.097	0.095	0.095	0.096	0.093	0.094	0.094	0.095	0.094	0.095	0.093	0.817	0.826	0.719	0.680	0.801	0.831	0.816	0.866	0.733	0.861	0.095	0.093	0.821	0.817	0.826	0.823	0.654	0.854	0.685	0.856	0.800	0.477	0.095	0.093	0.812	0.823	0.674	0.683	0.704	0.848	0.760	0.695	0.750	0.819	0.095	0.096	0.834	0.629	0.762	0.868	0.840	0.835	0.473	0.790	0.596	0.802	0.093	0.096	0.771	0.866	0.602	0.674	0.781	0.831	0.577	0.791	0.747	0.818	0.094	0.096	0.841	0.870	0.736	0.637	0.744	0.700	0.650	0.686	0.491	0.841	0.094	0.095	0.094	0.095	0.094	0.093	0.093	0.094	0.096	0.095	0.095	0.095	0.095
47:00:48	20.8	0.095	0.093	0.097	0.096	0.095	0.096	0.093	0.094	0.094	0.095	0.094	0.095	0.093	0.825	0.835	0.732	0.695	0.809	0.838	0.824	0.868	0.739	0.867	0.095	0.094	0.832	0.827	0.834	0.832	0.665	0.860	0.696	0.863	0.809	0.492	0.095	0.093	0.820	0.833	0.689	0.697	0.718	0.855	0.767	0.708	0.754	0.830	0.095	0.096	0.843	0.646	0.769	0.877	0.848	0.844	0.490	0.799	0.605	0.811	0.092	0.096	0.779	0.874	0.614	0.687	0.791	0.837	0.588	0.798	0.751	0.826	0.094	0.096	0.850	0.879	0.741	0.650	0.748	0.709	0.662	0.698	0.509	0.851	0.094	0.095	0.094	0.095	0.094	0.093	0.094	0.094	0.096	0.096	0.095	0.095	0.095
48:00:49	21.1	0.095	0.094	0.097	0.095	0.095	0.096	0.093	0.093	0.094	0.095	0.094	0.095	0.093	0.835	0.844	0.743	0.710	0.824	0.844	0.829	0.869	0.744	0.874	0.095	0.093	0.835	0.832	0.844	0.839	0.676	0.864	0.707	0.865	0.814	0.510	0.095	0.093	0.830	0.845	0.701	0.710	0.729	0.862	0.772	0.719	0.755	0.839	0.095	0.096	0.854	0.661	0.775	0.884	0.856	0.853	0.508	0.804	0.616	0.821	0.092	0.096	0.782	0.879	0.626	0.701	0.801	0.839	0.600	0.804	0.755	0.832	0.094	0.096	0.861	0.887	0.745	0.662	0.751	0.719	0.676	0.707	0.527	0.860	0.094	0.095	0.094	0.095	0.094	0.093	0.094	0.094	0.096	0.095	0.095	0.094	0.096
49:00:50	21.5	0.095	0.093	0.097	0.096	0.096	0.096	0.093	0.093	0.094	0.095	0.094	0.095	0.094	0.844	0.851	0.751	0.719	0.830	0.849	0.834	0.871	0.746	0.874	0.095	0.093	0.837	0.834	0.847	0.838	0.692	0.870	0.723	0.871	0.824	0.528	0.095	0.094	0.839	0.852	0.715	0.723	0.741	0.867	0.781	0.731	0.759	0.843	0.095	0.096	0.862	0.677	0.782	0.888	0.860	0.857	0.524	0.811	0.627	0.828	0.093	0.097	0.788	0.877	0.641	0.714	0.807	0.840	0.612	0.807	0.761	0.839	0.094	0.096	0.866	0.891	0.746	0.673	0.755	0.729	0.688	0.721	0.545	0.864	0.094	0.095	0.094	0.095	0.094	0.093	0.093	0.094	0.096	0.096	0.095	0.095	0.096
50:00:51	21.7	0.095	0.093	0.097	0.095	0.095	0.096	0.093	0.093	0.094	0.095	0.094	0.095	0.093	0.850	0.858	0.758	0.729	0.839	0.854	0.837	0.873	0.749	0.877	0.095	0.093	0.845	0.843	0.852	0.842	0.705	0.876	0.736	0.875	0.828	0.544	0.095	0.093	0.843	0.862	0.726	0.735	0.751	0.872	0.788	0.740	0.763	0.849	0.095	0.096	0.870	0.690	0.789	0.895	0.867	0.864	0.541	0.818	0.640	0.838	0.093	0.096	0.793	0.880	0.656	0.726	0.811	0.844	0.625	0.813	0.766	0.846	0.094	0.096	0.874	0.896	0.752	0.687	0.761	0.741	0.702	0.732	0.562	0.873	0.094	0.095	0.094	0.095	0.094	0.093	0.093	0.094	0.096	0.096	0.095	0.095	0.096
51:00:51	21.7	0.095	0.094	0.097	0.095	0.095	0.096	0.093	0.093	0.094	0.095	0.094	0.095	0.093	0.856	0.866	0.764	0.735	0.849	0.857	0.840	0.875	0.750	0.879	0.095	0.093	0.848	0.846	0.857	0.848	0.717	0.884	0.747	0.882	0.833	0.559	0.095	0.093	0.850	0.869	0.735	0.743	0.758	0.878	0.797	0.749	0.766	0.857	0.095	0.096	0.876	0.703	0.799	0.902	0.874	0.867	0.556	0.828	0.654	0.847	0.092	0.096	0.801	0.887	0.673	0.738	0.816	0.849	0.640	0.822	0.777	0.854	0.094	0.095	0.882	0.903	0.754	0.697	0.766	0.750	0.714	0.742	0.580	0.879	0.094	0.095	0.094	0.095	0.094	0.093	0.093	0.094	0.096	0.095	0.095	0.095	0.095
52:00:52	21.6	0.095	0.093	0.097	0.096	0.095	0.096	0.093	0.094	0.094	0.095	0.094	0.095	0.093	0.863	0.874	0.768	0.740	0.861	0.860	0.844	0.878	0.754	0.884	0.095	0.093	0.864	0.850	0.862	0.850	0.732	0.893	0.760	0.891	0.839	0.575	0.095	0.093	0.856	0.874	0.743	0.750	0.765	0.885	0.808	0.757	0.771	0.865	0.094	0.096	0.885	0.713	0.812	0.910	0.882	0.873	0.572	0.840	0.675	0.858	0.093	0.096	0.814	0.891	0.691	0.749	0.819	0.858	0.655	0.833	0.786	0.862	0.094	0.096	0.889	0.907	0.761	0.711	0.775	0.762	0.729	0.751	0.594	0.891	0.094	0.095	0.094	0.095	0.094	0.093	0.093	0.094	0.096	0.096	0.095	0.095	0.096
53:00:53	21.3	0.095	0.093	0.097	0.096	0.095	0.096	0.093	0.094	0.094	0.095	0.094	0.095	0.093	0.868	0.879	0.772	0.744	0.873	0.862	0.847	0.883	0.759	0.894	0.095	0.093	0.869	0.856	0.868	0.855	0.745	0.900	0.772	0.900	0.842	0.586	0.095	0.093	0.863	0.881	0.748	0.756	0.771	0.890	0.819	0.762	0.778	0.873	0.095	0.096	0.893	0.724	0.825	0.919	0.892	0.875	0.584	0.853	0.695	0.867	0.093	0.096	0.826	0.900	0.711	0.758	0.822	0.866	0.672	0.847	0.800	0.871	0.094	0.096	0.896	0.917	0.765	0.724	0.787	0.772	0.742	0.759	0.607	0.902	0.094	0.095	0.095	0.095	0.094	0.093	0.093	0.094	0.096	0.095	0.095	0.095	0.095
54:00:54	21.0	0.095	0.093	0.097	0.095	0.095	0.096	0.093	0.093	0.094	0.095	0.094	0.095	0.093	0.872	0.886	0.776	0.750	0.889	0.866	0.852	0.891	0.768	0.906	0.095	0.093	0.879	0.866	0.875	0.862	0.761	0.909	0.787	0.909	0.845	0.597	0.095	0.093	0.868	0.888	0.753	0.762	0.775	0.897	0.835	0.770	0.783	0.884	0.095	0.096	0.904	0.734	0.841	0.929	0.901	0.879	0.593	0.867	0.714	0.877	0.092	0.096	0.841	0.910	0.735	0.769	0.825	0.874	0.689	0.863	0.817	0.880	0.094	0.095	0.903	0.928	0.770	0.740	0.801	0.787	0.758	0.769	0.619	0.915	0.094	0.095	0.094	0.095	0.094	0.093	0.093	0.094	0.096	0.095	0.095	0.094	0.095
55:00:55	20.7	0.095	0.093	0.097	0.096	0.095	0.096	0.093	0.094	0.094	0.095	0.094	0.095	0.094	0.875	0.890	0.779	0.752	0.904	0.868	0.855	0.901	0.775	0.915	0.095	0.093	0.890	0.875	0.881	0.870	0.778	0.917	0.804	0.918	0.848	0.609	0.095	0.093	0.872	0.893	0.757	0.766	0.778	0.903	0.850	0.775	0.791	0.894	0.095	0.096	0.911	0.743	0.858	0.938	0.910	0.882	0.602	0.882	0.736	0.886	0.093	0.097	0.854	0.919	0.760	0.778	0.827	0.884	0.705	0.881	0.832	0.889	0.094	0.096	0.908	0.939	0.776	0.756	0.817	0.801	0.774	0.779	0.634	0.927	0.094	0.096	0.095	0.095	0.094	0.093	0.093	0.094	0.096	0.096	0.095	0.095	0.096
56:00:55	20.4	0.095	0.094	0.097	0.096	0.096	0.096	0.093	0.094	0.095	0.095	0.094	0.095	0.094	0.878	0.895	0.780	0.755	0.917	0.869	0.860	0.910	0.782	0.928	0.095	0.094	0.898	0.885	0.889	0.877	0.793	0.927	0.818	0.930	0.850	0.618	0.095	0.094	0.877	0.898	0.759	0.770	0.781	0.911	0.866	0.785	0.800	0.904	0.095	0.096	0.918	0.749	0.875	0.949	0.920	0.884	0.611	0.896	0.755	0.897	0.093	0.097	0.864	0.929	0.778	0.790	0.830	0.893	0.721	0.897	0.851	0.897	0.094	0.096	0.916	0.951	0.781	0.771	0.833	0.814	0.788	0.787	0.645	0.938	0.095	0.095	0.095	0.095	0.094	0.094	0.093	0.094	0.096	0.096	0.095	0.095	0.095
57:00:57	20.1	0.095	0.093	0.097	0.096	0.095	0.096	0.093	0.094	0.094	0.095	0.094	0.095	0.094	0.882	0.899	0.783	0.759	0.927	0.871	0.864	0.918	0.786	0.939	0.095	0.093	0.908	0.894	0.894	0.886	0.805	0.936	0.830	0.937	0.853	0.628	0.095	0.093	0.880	0.905	0.762	0.773	0.784	0.916	0.878	0.789	0.811	0.911	0.095	0.096	0.924	0.756	0.889	0.958	0.929	0.888	0.618	0.908	0.771	0.905	0.093	0.097	0.867	0.934	0.795	0.797	0.832	0.902	0.735	0.912	0.867	0.903	0.094	0.096	0.920	0.958	0.782	0.783	0.844	0.824	0.799	0.795	0.657	0.948	0.094	0.095	0.094	0.095	0.094	0.093	0.093	0.094	0.096	0.096	0.095	0.095	0.095
58:00:58	20.0	0.095	0.094	0.097	0.096	0.096	0.096	0.094	0.094	0.094	0.095	0.094	0.095	0.094	0.885	0.903	0.786	0.762	0.939	0.874	0.867	0.925	0.787	0.945	0.095	0.093	0.916	0.902	0.903	0.892	0.815	0.942	0.840	0.945	0.856	0.638	0.095	0.094	0.882	0.907	0.765	0.776	0.786	0.923	0.892	0.794	0.821	0.920	0.095	0.096	0.930	0.762	0.901	0.966	0.937	0.889	0.623	0.920	0.785	0.914	0.093	0.096	0.870	0.943	0.813	0.807	0.833	0.913	0.747	0.925	0.878	0.908	0.094	0.096	0.927	0.963	0.781	0.794	0.851	0.834	0.809	0.802	0.666	0.956	0.094	0.096	0.094	0.095	0.094	0.093	0.094	0.094	0.096	0.096	0.095	0.095	0.095
59:00:59	20.0	0.095	0.094	0.097	0.096	0.095	0.096	0.093	0.094	0.094	0.095	0.094	0.095	0.094	0.888	0.906	0.789	0.764	0.948	0.876	0.871	0.932	0.789	0.953	0.095	0.094	0.923	0.908	0.912	0.900	0.826	0.950	0.851	0.952	0.857	0.648	0.095	0.094	0.885	0.911	0.768	0.779	0.789	0.928	0.906	0.797	0.825	0.928	0.095	0.096	0.935	0.769	0.913	0.974	0.945	0.891	0.628	0.930	0.795	0.923	0.093	0.096	0.870	0.950	0.826	0.817	0.836	0.919	0.760	0.935	0.887	0.914	0.094	0.096	0.930	0.970	0.781	0.803	0.853	0.842	0.817	0.808	0.678	0.962	0.094	0.095	0.094	0.095	0.094	0.093	0.093	0.094	0.096	0.096	0.095	0.095	0.095
60:00:59	20.0	0.095	0.093	0.097	0.096	0.095	0.096	0.093	0.093	0.094	0.095	0.094	0.095	0.094	0.890	0.908	0.790	0.768	0.954	0.879	0.874	0.939	0.788	0.960	0.095	0.093	0.928	0.914	0.918	0.905	0.831	0.956	0.855	0.958	0.859	0.656	0.095	0.094	0.887	0.917	0.769	0.780	0.790	0.932	0.913	0.798	0.826	0.936	0.095	0.096	0.939	0.773	0.918	0.981	0.952	0.894	0.633	0.934	0.804	0.931	0.093	0.096	0.869	0.954	0.836	0.824	0.837	0.926	0.772	0.942	0.893	0.917	0.094	0.096	0.935	0.974	0.779	0.810	0.855	0.849	0.823	0.813	0.688	0.969	0.094	0.095	0.094	0.095	0.094	0.093	0.093	0.094	0.096	0.096	0.095	0.094	0.095
61:01:00	19.9	0.095	0.094	0.097	0.096	0.095	0.096	0.093	0.094	0.094	0.095	0.094	0.095	0.094	0.892	0.914	0.793	0.769	0.965	0.880	0.876	0.950	0.791	0.969	0.095	0.093	0.936	0.923	0.927	0.916	0.836	0.962	0.862	0.963	0.862	0.663	0.095	0.093	0.890	0.924	0.772	0.782	0.791	0.938	0.925	0.801	0.829	0.945	0.095	0.096	0.944	0.776	0.928	0.989	0.960	0.896	0.637	0.941	0.811	0.940	0.093	0.096	0.868	0.963	0.847	0.834	0.840	0.932	0.782	0.950	0.899	0.925	0.094	0.096	0.940	0.981	0.779	0.817	0.855	0.856	0.830	0.818	0.698	0.975	0.094	0.095	0.094	0.095	0.094	0.093	0.093	0.094	0.096	0.096	0.095	0.095	0.094
62:01:02	19.9	0.095	0.093	0.097	0.096	0.095	0.096	0.094	0.094	0.094	0.095	0.094	0.095	0.093	0.895	0.918	0.795	0.772	0.973	0.884	0.879	0.955	0.790	0.979	0.095	0.094	0.942	0.930	0.934	0.920	0.841	0.969	0.867	0.971	0.864	0.670	0.095	0.094	0.892	0.929	0.772	0.783	0.792	0.943	0.934	0.804	0.833	0.951	0.095	0.096	0.950	0.781	0.934	0.996	0.965	0.898	0.641	0.948	0.818	0.948	0.093	0.096	0.867	0.969	0.853	0.841	0.842	0.938	0.788	0.958	0.905	0.930	0.094	0.096	0.945	0.987	0.779	0.823	0.857	0.864	0.836	0.822	0.707	0.982	0.094	0.095	0.094	0.095	0.094	0.093	0.093	0.094	0.096	0.096	0.095	0.095	0.094
63:01:02	19.9	0.095	0.094	0.097	0.096	0.095	0.096	0.093	0.094	0.094	0.095	0.094	0.095	0.094	0.898	0.920	0.797	0.773	0.979	0.885	0.882	0.960	0.791	0.984	0.095	0.093	0.950	0.937	0.941	0.927	0.843	0.974	0.870	0.976	0.866	0.674	0.095	0.093	0.895	0.937	0.774	0.784	0.793	0.948	0.942	0.804	0.834	0.960	0.095	0.096	0.953	0.783	0.943	1.005	0.971	0.901	0.644	0.953	0.821	0.955	0.093	0.096	0.864	0.977	0.854	0.844	0.843	0.944	0.794	0.965	0.911	0.935	0.094	0.096	0.949	0.993	0.778	0.828	0.858	0.870	0.842	0.827	0.713	0.989	0.094	0.096	0.094	0.095	0.094	0.093	0.093	0.094	0.096	0.096	0.095	0.095	0.095
64:01:03	19.8	0.095	0.093	0.097	0.096	0.095	0.096	0.094	0.094	0.094	0.095	0.095	0.095	0.094	0.901	0.925	0.799	0.774	0.986	0.889	0.885	0.966	0.793	0.994	0.095	0.093	0.955	0.942	0.946	0.934	0.846	0.981	0.873	0.982	0.868	0.682	0.095	0.093	0.897	0.940	0.774	0.785	0.793	0.952	0.950	0.807	0.836	0.967	0.095	0.096	0.958	0.786	0.951	1.010	0.978	0.903	0.647	0.961	0.824	0.963	0.093	0.097	0.861	0.981	0.857	0.845	0.844	0.951	0.795	0.973	0.916	0.940	0.094	0.096	0.953	0.998	0.778	0.831	0.859	0.876	0.846	0.830	0.722	0.996	0.094	0.095	0.094	0.095	0.094	0.093	0.093	0.094	0.096	0.096	0.095	0.095	0.095
65:01:04	19.8	0.095	0.093	0.097	0.095	0.095	0.096	0.093	0.093	0.094	0.095	0.094	0.095	0.093	0.905	0.928	0.801	0.775	0.991	0.892	0.888	0.972	0.793	0.998	0.095	0.093	0.961	0.950	0.953	0.939	0.845	0.987	0.872	0.987	0.870	0.685	0.095	0.093	0.900	0.946	0.775	0.785	0.793	0.956	0.957	0.807	0.838	0.974	0.094	0.096	0.961	0.785	0.959	1.017	0.983	0.905	0.649	0.965	0.824	0.969	0.093	0.096	0.859	0.987	0.854	0.844	0.845	0.954	0.795	0.976	0.920	0.944	0.094	0.096	0.956	1.002	0.776	0.832	0.859	0.879	0.847	0.831	0.727	1.002	0.094	0.095	0.094	0.095	0.093	0.093	0.093	0.094	0.096	0.096	0.095	0.094	0.094
66:01:06	19.8	0.095	0.093	0.097	0.096	0.095	0.096	0.093	0.094	0.095	0.095	0.094	0.095	0.094	0.909	0.932	0.802	0.777	0.996	0.897	0.892	0.978	0.792	1.005	0.095	0.094	0.966	0.952	0.957	0.944	0.844	0.993	0.874	0.993	0.874	0.689	0.095	0.094	0.903	0.952	0.775	0.786	0.795	0.961	0.963	0.806	0.840	0.981	0.095	0.096	0.966	0.787	0.966	1.025	0.989	0.908	0.652	0.968	0.827	0.976	0.093	0.097	0.858	0.991	0.853	0.846	0.847	0.962	0.796	0.984	0.923	0.948	0.094	0.096	0.962	1.008	0.777	0.834	0.860	0.884	0.848	0.834	0.729	1.009	0.094	0.095	0.094	0.095	0.094	0.093	0.093	0.094	0.096	0.096	0.095	0.095	0.095
67:01:06	19.8	0.095	0.094	0.097	0.096	0.096	0.096	0.094	0.094	0.094	0.095	0.094	0.095	0.094	0.912	0.935	0.803	0.776	1.002	0.899	0.894	0.987	0.793	1.013	0.095	0.093	0.974	0.958	0.964	0.950	0.843	0.997	0.873	0.998	0.876	0.691	0.095	0.094	0.905	0.956	0.775	0.785	0.793	0.965	0.970	0.807	0.840	0.988	0.095	0.096	0.970	0.784	0.973	1.030	0.996	0.912	0.653	0.973	0.826	0.984	0.093	0.097	0.856	0.998	0.848	0.845	0.848	0.967	0.796	0.990	0.927	0.953	0.094	0.096	0.966	1.012	0.777	0.835	0.863	0.889	0.850	0.835	0.735	1.015	0.094	0.095	0.094	0.095	0.094	0.093	0.093	0.094	0.096	0.096	0.095	0.095	0.095
68:01:08	19.9	0.095	0.093	0.097	0.096	0.095	0.096	0.093	0.093	0.094	0.095	0.094	0.095	0.094	0.916	0.937	0.804	0.777	1.007	0.904	0.896	0.991	0.793	1.018	0.095	0.093	0.979	0.964	0.969	0.953	0.841	1.004	0.872	1.004	0.878	0.693	0.095	0.094	0.908	0.963	0.774	0.784	0.794	0.969	0.977	0.805	0.841	0.994	0.095	0.096	0.973	0.783	0.979	1.036	1.000	0.915	0.655	0.977	0.826	0.990	0.093	0.096	0.854	1.003	0.844	0.844	0.848	0.970	0.791	0.996	0.931	0.956	0.094	0.096	0.971	1.016	0.776	0.834	0.862	0.892	0.849	0.836	0.736	1.020	0.094	0.095	0.094	0.095	0.094	0.093	0.093	0.094	0.096	0.096	0.095	0.095	0.095
69:01:08	20.3	0.096	0.093	0.097	0.096	0.096	0.096	0.093	0.094	0.095	0.095	0.094	0.095	0.094	0.920	0.940	0.804	0.776	1.012	0.906	0.897	0.996	0.792	1.023	0.096	0.093	0.986	0.965	0.973	0.959	0.836	1.008	0.866	1.006	0.879	0.694	0.095	0.093	0.910	0.967	0.773	0.784	0.792	0.972	0.980	0.804	0.839	1.000	0.095	0.096	0.976	0.783	0.986	1.042	1.006	0.917	0.656	0.980	0.823	0.994	0.093	0.096	0.850	1.007	0.837	0.840	0.849	0.975	0.789	0.999	0.933	0.960	0.094	0.096	0.974	1.017	0.777	0.831	0.863	0.892	0.846	0.835	0.735	1.025	0.094	0.095	0.094	0.095	0.094	0.093	0.093	0.094	0.096	0.096	0.095	0.095	0.095
70:01:08	20.8	0.095	0.094	0.097	0.096	0.095	0.096	0.093	0.093	0.094	0.095	0.094	0.095	0.093	0.923	0.942	0.804	0.775	1.013	0.908	0.894	0.994	0.790	1.027	0.095	0.093	0.987	0.969	0.975	0.959	0.826	1.011	0.857	1.007	0.879	0.693	0.095	0.094	0.912	0.970	0.771	0.781	0.789	0.974	0.982	0.801	0.836	1.006	0.095	0.096	0.978	0.781	0.987	1.046	1.010	0.918	0.658	0.978	0.819	0.999	0.093	0.097	0.846	1.007	0.828	0.834	0.848	0.977	0.782	1.001	0.932	0.962	0.094	0.096	0.976	1.017	0.776	0.825	0.861	0.888	0.838	0.830	0.733	1.027	0.094	0.095	0.094	0.095	0.094	0.093	0.093	0.094	0.096	0.097	0.095	0.094	0.095
71:01:10	21.4	0.095	0.093	0.097	0.095	0.095	0.096	0.093	0.093	0.094	0.095	0.094	0.095	0.093	0.926	0.944	0.803	0.772	1.016	0.909	0.891	0.996	0.788	1.024	0.095	0.093	0.985	0.971	0.978	0.961	0.815	1.012	0.846	1.007	0.877	0.689	0.095	0.093	0.914	0.974	0.769	0.776	0.784	0.973	0.984	0.798	0.835	1.010	0.094	0.096	0.979	0.778	0.990	1.048	1.012	0.920	0.657	0.977	0.808	1.004	0.093	0.096	0.846	1.008	0.816	0.826	0.847	0.980	0.770	1.002	0.933	0.964	0.094	0.095	0.977	1.016	0.776	0.816	0.863	0.883	0.831	0.825	0.728	1.028	0.094	0.095	0.094	0.095	0.093	0.093	0.093	0.094	0.096	0.096	0.094	0.094	0.094
72:01:10	21.9	0.095	0.093	0.097	0.096	0.095	0.096	0.093	0.094	0.094	0.095	0.094	0.095	0.093	0.931	0.945	0.803	0.770	1.019	0.912	0.890	0.998	0.786	1.025	0.095	0.093	0.987	0.973	0.981	0.964	0.805	1.015	0.835	1.009	0.877	0.686	0.095	0.094	0.917	0.979	0.766	0.774	0.781	0.973	0.989	0.793	0.836	1.015	0.095	0.096	0.980	0.774	0.994	1.051	1.018	0.922	0.657	0.979	0.799	1.007	0.093	0.097	0.846	1.008	0.802	0.819	0.846	0.984	0.758	1.005	0.936	0.964	0.094	0.096	0.979	1.016	0.777	0.808	0.867	0.876	0.822	0.818	0.720	1.030	0.094	0.095	0.094	0.095	0.094	0.093	0.093	0.094	0.096	0.097	0.095	0.095	0.095

