Time	T° 600	A1	A2	A3	A4	A5	A6	A7	A8	A9	A10	A11	A12	B1	B2	B3	B4	B5	B6	B7	B8	B9	B10	B11	B12	C1	C2	C3	C4	C5	C6	C7	C8	C9	C10	C11	C12	D1	D2	D3	D4	D5	D6	D7	D8	D9	D10	D11	D12	E1	E2	E3	E4	E5	E6	E7	E8	E9	E10	E11	E12	F1	F2	F3	F4	F5	F6	F7	F8	F9	F10	F11	F12	G1	G2	G3	G4	G5	G6	G7	G8	G9	G10	G11	G12	H1	H2	H3	H4	H5	H6	H7	H8	H9	H10	H11	H12
0:00:06	18.5	0.091	0.092	0.092	0.094	0.092	0.092	0.091	0.091	0.091	0.091	0.093	0.093	0.091	0.092	0.093	0.093	0.093	0.094	0.093	0.096	0.092	0.096	0.093	0.125	0.092	0.093	0.092	0.093	0.094	0.094	0.092	0.095	0.096	0.096	0.095	0.094	0.092	0.092	0.093	0.091	0.091	0.092	0.091	0.096	0.093	0.095	0.093	0.093	0.094	0.094	0.093	0.094	0.095	0.092	0.092	0.092	0.092	0.092	0.092	0.091	0.093	0.093	0.096	0.093	0.094	0.092	0.094	0.096	0.092	0.091	0.092	0.090	0.092	0.093	0.095	0.093	0.093	0.092	0.092	0.095	0.094	0.093	0.091	0.090	0.094	0.093	0.094	0.093	0.092	0.092	0.092	0.091	0.095	0.092	0.092	0.091
1:00:06	19.0	0.091	0.092	0.092	0.094	0.093	0.093	0.092	0.092	0.092	0.092	0.093	0.093	0.091	0.093	0.094	0.093	0.094	0.094	0.094	0.097	0.093	0.096	0.094	0.126	0.092	0.093	0.093	0.093	0.095	0.095	0.093	0.096	0.096	0.096	0.096	0.094	0.093	0.093	0.093	0.092	0.092	0.092	0.092	0.097	0.094	0.096	0.094	0.094	0.095	0.095	0.094	0.095	0.095	0.093	0.092	0.093	0.092	0.092	0.093	0.091	0.094	0.094	0.096	0.094	0.094	0.093	0.095	0.097	0.092	0.092	0.093	0.091	0.092	0.094	0.095	0.093	0.094	0.093	0.093	0.097	0.095	0.094	0.093	0.091	0.095	0.093	0.094	0.093	0.092	0.092	0.092	0.092	0.095	0.092	0.092	0.092
2:00:10	19.5	0.091	0.092	0.092	0.094	0.093	0.093	0.092	0.091	0.091	0.092	0.093	0.093	0.091	0.093	0.094	0.093	0.094	0.094	0.094	0.097	0.094	0.096	0.094	0.126	0.092	0.093	0.093	0.093	0.095	0.095	0.093	0.096	0.097	0.096	0.096	0.094	0.093	0.093	0.093	0.092	0.092	0.092	0.092	0.097	0.094	0.096	0.094	0.094	0.095	0.095	0.094	0.095	0.095	0.093	0.092	0.093	0.093	0.093	0.093	0.092	0.094	0.094	0.097	0.094	0.094	0.093	0.095	0.097	0.093	0.093	0.093	0.091	0.092	0.095	0.095	0.093	0.094	0.093	0.093	0.097	0.095	0.094	0.093	0.091	0.095	0.093	0.094	0.093	0.092	0.092	0.092	0.092	0.095	0.092	0.092	0.092
3:00:09	19.7	0.091	0.092	0.092	0.094	0.093	0.092	0.091	0.091	0.092	0.092	0.093	0.094	0.091	0.093	0.094	0.093	0.094	0.095	0.094	0.097	0.094	0.096	0.094	0.127	0.092	0.094	0.093	0.093	0.095	0.096	0.093	0.097	0.097	0.096	0.096	0.094	0.093	0.093	0.093	0.092	0.092	0.092	0.092	0.097	0.095	0.096	0.094	0.094	0.095	0.095	0.094	0.096	0.096	0.093	0.093	0.094	0.093	0.093	0.093	0.091	0.094	0.094	0.097	0.094	0.094	0.093	0.095	0.097	0.093	0.093	0.093	0.091	0.093	0.095	0.096	0.094	0.094	0.094	0.094	0.097	0.095	0.094	0.093	0.091	0.095	0.093	0.094	0.093	0.092	0.092	0.092	0.092	0.095	0.093	0.092	0.092
4:00:10	19.9	0.092	0.092	0.092	0.094	0.093	0.093	0.092	0.091	0.092	0.092	0.093	0.094	0.092	0.093	0.094	0.094	0.094	0.095	0.094	0.097	0.094	0.097	0.095	0.127	0.092	0.094	0.093	0.093	0.095	0.095	0.094	0.097	0.098	0.097	0.097	0.094	0.093	0.093	0.094	0.092	0.092	0.093	0.092	0.098	0.095	0.096	0.095	0.094	0.095	0.096	0.094	0.095	0.096	0.093	0.093	0.094	0.093	0.093	0.093	0.092	0.094	0.094	0.097	0.095	0.094	0.093	0.095	0.098	0.093	0.093	0.093	0.091	0.092	0.095	0.096	0.094	0.094	0.094	0.094	0.098	0.095	0.094	0.093	0.091	0.095	0.094	0.095	0.093	0.092	0.092	0.092	0.092	0.095	0.093	0.093	0.092
5:00:09	20.0	0.092	0.092	0.092	0.094	0.093	0.093	0.091	0.092	0.092	0.092	0.093	0.094	0.092	0.093	0.094	0.094	0.095	0.095	0.094	0.097	0.094	0.097	0.095	0.127	0.092	0.094	0.093	0.093	0.095	0.096	0.094	0.097	0.098	0.097	0.097	0.095	0.093	0.093	0.094	0.093	0.092	0.093	0.092	0.098	0.095	0.096	0.095	0.094	0.095	0.096	0.094	0.096	0.096	0.094	0.093	0.094	0.093	0.093	0.094	0.092	0.094	0.094	0.098	0.095	0.095	0.094	0.096	0.098	0.093	0.093	0.094	0.091	0.093	0.095	0.096	0.094	0.095	0.094	0.094	0.098	0.096	0.094	0.094	0.091	0.095	0.094	0.094	0.093	0.092	0.092	0.092	0.092	0.095	0.093	0.093	0.092
6:00:11	20.0	0.092	0.092	0.092	0.094	0.093	0.093	0.092	0.091	0.092	0.092	0.093	0.094	0.092	0.093	0.094	0.094	0.095	0.095	0.095	0.097	0.094	0.097	0.095	0.127	0.092	0.094	0.094	0.093	0.095	0.096	0.094	0.097	0.098	0.097	0.097	0.095	0.093	0.094	0.094	0.093	0.093	0.093	0.092	0.098	0.095	0.097	0.095	0.094	0.095	0.096	0.094	0.096	0.096	0.094	0.093	0.095	0.093	0.094	0.094	0.092	0.094	0.095	0.098	0.095	0.095	0.094	0.096	0.098	0.094	0.093	0.094	0.091	0.093	0.095	0.096	0.094	0.095	0.094	0.094	0.098	0.096	0.095	0.094	0.092	0.095	0.094	0.095	0.093	0.092	0.092	0.093	0.092	0.094	0.093	0.093	0.092
7:00:11	19.9	0.092	0.092	0.092	0.094	0.093	0.093	0.092	0.092	0.092	0.092	0.094	0.094	0.092	0.094	0.094	0.094	0.095	0.095	0.095	0.098	0.094	0.097	0.095	0.127	0.093	0.094	0.093	0.094	0.095	0.096	0.094	0.097	0.098	0.097	0.097	0.095	0.093	0.094	0.094	0.093	0.092	0.094	0.093	0.098	0.095	0.097	0.095	0.094	0.095	0.096	0.094	0.096	0.097	0.094	0.094	0.095	0.094	0.094	0.094	0.092	0.094	0.095	0.098	0.095	0.095	0.094	0.096	0.098	0.094	0.094	0.094	0.092	0.093	0.096	0.096	0.094	0.095	0.094	0.094	0.098	0.096	0.095	0.094	0.092	0.095	0.094	0.095	0.093	0.092	0.092	0.093	0.093	0.095	0.093	0.093	0.092
8:00:16	19.8	0.092	0.093	0.093	0.094	0.093	0.093	0.092	0.092	0.092	0.093	0.094	0.094	0.092	0.094	0.095	0.095	0.095	0.096	0.095	0.098	0.094	0.097	0.095	0.127	0.093	0.094	0.094	0.094	0.096	0.097	0.095	0.098	0.098	0.098	0.097	0.095	0.093	0.094	0.094	0.094	0.093	0.094	0.093	0.099	0.095	0.097	0.095	0.095	0.095	0.096	0.094	0.096	0.097	0.095	0.094	0.095	0.094	0.094	0.094	0.092	0.094	0.095	0.098	0.096	0.095	0.094	0.096	0.099	0.094	0.094	0.094	0.092	0.093	0.096	0.097	0.095	0.095	0.095	0.095	0.099	0.097	0.095	0.094	0.092	0.095	0.094	0.095	0.093	0.093	0.093	0.093	0.093	0.095	0.093	0.093	0.092
9:00:13	19.8	0.092	0.092	0.092	0.094	0.093	0.093	0.092	0.092	0.092	0.092	0.094	0.094	0.092	0.094	0.095	0.095	0.095	0.096	0.095	0.098	0.094	0.097	0.095	0.127	0.092	0.094	0.094	0.094	0.096	0.096	0.095	0.098	0.098	0.097	0.097	0.095	0.093	0.094	0.094	0.093	0.093	0.094	0.093	0.099	0.095	0.097	0.095	0.094	0.095	0.096	0.094	0.096	0.097	0.094	0.094	0.095	0.094	0.094	0.094	0.092	0.094	0.095	0.098	0.095	0.095	0.095	0.096	0.099	0.094	0.094	0.094	0.091	0.093	0.096	0.097	0.095	0.095	0.095	0.094	0.099	0.096	0.095	0.094	0.092	0.095	0.094	0.095	0.093	0.092	0.092	0.093	0.093	0.095	0.093	0.093	0.092
10:00:15	19.8	0.092	0.092	0.092	0.094	0.093	0.093	0.092	0.092	0.092	0.093	0.094	0.094	0.092	0.094	0.095	0.095	0.095	0.096	0.095	0.098	0.095	0.098	0.096	0.127	0.093	0.094	0.094	0.094	0.096	0.097	0.095	0.098	0.098	0.098	0.098	0.095	0.093	0.094	0.095	0.094	0.093	0.094	0.093	0.099	0.095	0.098	0.095	0.095	0.095	0.096	0.094	0.096	0.097	0.094	0.094	0.096	0.094	0.094	0.095	0.092	0.094	0.095	0.098	0.096	0.095	0.095	0.096	0.099	0.094	0.094	0.095	0.092	0.093	0.096	0.096	0.095	0.096	0.095	0.095	0.099	0.097	0.096	0.094	0.092	0.095	0.094	0.095	0.093	0.092	0.092	0.093	0.093	0.094	0.093	0.093	0.092
11:00:16	19.7	0.092	0.092	0.092	0.094	0.093	0.093	0.092	0.092	0.092	0.092	0.094	0.094	0.092	0.094	0.095	0.095	0.095	0.096	0.095	0.099	0.094	0.098	0.096	0.126	0.092	0.094	0.094	0.094	0.096	0.097	0.095	0.098	0.098	0.098	0.097	0.095	0.093	0.094	0.094	0.094	0.093	0.094	0.093	0.099	0.095	0.097	0.095	0.094	0.095	0.096	0.094	0.096	0.097	0.094	0.094	0.096	0.094	0.095	0.095	0.092	0.094	0.095	0.098	0.096	0.096	0.095	0.096	0.099	0.094	0.094	0.095	0.091	0.093	0.096	0.097	0.095	0.096	0.095	0.095	0.099	0.097	0.095	0.095	0.092	0.095	0.094	0.095	0.092	0.092	0.092	0.092	0.092	0.095	0.093	0.093	0.092
12:00:17	19.7	0.092	0.093	0.092	0.094	0.093	0.093	0.092	0.092	0.092	0.093	0.094	0.094	0.092	0.094	0.095	0.095	0.096	0.096	0.095	0.099	0.095	0.098	0.096	0.127	0.092	0.094	0.094	0.095	0.097	0.097	0.095	0.099	0.098	0.098	0.098	0.095	0.093	0.094	0.095	0.095	0.093	0.094	0.093	0.100	0.096	0.098	0.096	0.094	0.095	0.096	0.095	0.097	0.098	0.095	0.094	0.096	0.094	0.095	0.095	0.092	0.094	0.095	0.098	0.096	0.096	0.095	0.097	0.099	0.095	0.095	0.095	0.092	0.093	0.096	0.097	0.095	0.096	0.095	0.095	0.100	0.097	0.096	0.095	0.092	0.095	0.094	0.095	0.093	0.092	0.093	0.093	0.093	0.094	0.093	0.093	0.092
13:00:20	19.6	0.092	0.092	0.092	0.094	0.093	0.093	0.092	0.091	0.092	0.092	0.094	0.094	0.092	0.094	0.096	0.096	0.096	0.096	0.096	0.099	0.095	0.099	0.097	0.127	0.092	0.095	0.094	0.095	0.097	0.098	0.095	0.099	0.098	0.099	0.098	0.095	0.093	0.094	0.095	0.095	0.093	0.094	0.094	0.101	0.096	0.098	0.096	0.094	0.095	0.096	0.095	0.097	0.098	0.095	0.095	0.097	0.094	0.095	0.095	0.092	0.094	0.096	0.098	0.097	0.097	0.096	0.097	0.100	0.094	0.095	0.096	0.092	0.093	0.096	0.097	0.096	0.097	0.095	0.095	0.100	0.098	0.096	0.095	0.092	0.095	0.094	0.095	0.093	0.092	0.092	0.093	0.093	0.095	0.093	0.093	0.092
14:00:19	19.6	0.092	0.093	0.093	0.094	0.094	0.093	0.092	0.092	0.092	0.093	0.094	0.095	0.092	0.095	0.096	0.097	0.096	0.096	0.096	0.100	0.095	0.099	0.097	0.127	0.093	0.095	0.095	0.096	0.098	0.098	0.095	0.100	0.099	0.100	0.098	0.095	0.094	0.095	0.095	0.096	0.094	0.095	0.094	0.102	0.096	0.098	0.096	0.095	0.096	0.097	0.095	0.097	0.098	0.095	0.095	0.098	0.095	0.096	0.096	0.092	0.094	0.096	0.099	0.098	0.097	0.097	0.097	0.100	0.095	0.096	0.096	0.092	0.093	0.097	0.097	0.096	0.097	0.096	0.096	0.101	0.099	0.096	0.095	0.092	0.095	0.094	0.095	0.093	0.093	0.093	0.093	0.093	0.095	0.094	0.093	0.092
15:00:19	19.5	0.092	0.093	0.092	0.094	0.093	0.093	0.092	0.092	0.092	0.093	0.094	0.095	0.092	0.095	0.096	0.097	0.096	0.097	0.096	0.100	0.095	0.100	0.098	0.127	0.093	0.095	0.095	0.096	0.098	0.098	0.095	0.101	0.099	0.100	0.098	0.095	0.093	0.095	0.095	0.096	0.094	0.095	0.094	0.102	0.096	0.098	0.096	0.094	0.096	0.097	0.095	0.097	0.098	0.095	0.095	0.099	0.095	0.096	0.097	0.092	0.094	0.096	0.099	0.098	0.098	0.098	0.098	0.100	0.095	0.096	0.097	0.092	0.093	0.097	0.097	0.096	0.098	0.096	0.096	0.102	0.099	0.096	0.095	0.092	0.095	0.094	0.095	0.093	0.092	0.093	0.093	0.093	0.094	0.093	0.093	0.093
16:00:20	19.4	0.092	0.093	0.093	0.095	0.093	0.093	0.092	0.092	0.092	0.093	0.094	0.094	0.092	0.095	0.097	0.098	0.096	0.097	0.096	0.100	0.095	0.100	0.099	0.127	0.093	0.095	0.095	0.098	0.099	0.099	0.095	0.102	0.098	0.101	0.098	0.095	0.093	0.095	0.096	0.097	0.094	0.095	0.095	0.103	0.097	0.098	0.096	0.095	0.095	0.098	0.096	0.097	0.098	0.095	0.095	0.100	0.095	0.097	0.098	0.092	0.095	0.097	0.099	0.099	0.098	0.098	0.098	0.101	0.095	0.097	0.098	0.092	0.093	0.097	0.097	0.097	0.099	0.096	0.096	0.102	0.100	0.096	0.096	0.092	0.095	0.095	0.095	0.093	0.092	0.093	0.093	0.093	0.095	0.094	0.093	0.093
17:00:21	19.4	0.092	0.093	0.092	0.094	0.093	0.093	0.092	0.092	0.092	0.093	0.094	0.094	0.092	0.095	0.097	0.099	0.096	0.097	0.096	0.101	0.096	0.101	0.100	0.126	0.093	0.095	0.096	0.098	0.100	0.100	0.095	0.103	0.099	0.102	0.098	0.095	0.093	0.095	0.096	0.098	0.094	0.095	0.095	0.104	0.097	0.098	0.096	0.094	0.095	0.098	0.096	0.097	0.098	0.095	0.096	0.101	0.095	0.098	0.098	0.092	0.094	0.097	0.099	0.100	0.099	0.099	0.098	0.101	0.095	0.098	0.099	0.092	0.093	0.097	0.097	0.098	0.100	0.096	0.096	0.103	0.101	0.096	0.096	0.092	0.095	0.094	0.095	0.093	0.092	0.092	0.093	0.093	0.095	0.093	0.093	0.092
18:00:22	19.3	0.092	0.092	0.092	0.094	0.093	0.093	0.092	0.092	0.092	0.093	0.094	0.095	0.092	0.096	0.098	0.100	0.096	0.097	0.096	0.101	0.096	0.102	0.101	0.127	0.093	0.095	0.096	0.099	0.101	0.101	0.095	0.105	0.099	0.103	0.098	0.095	0.093	0.096	0.096	0.099	0.094	0.095	0.095	0.106	0.097	0.098	0.096	0.095	0.095	0.098	0.097	0.097	0.098	0.095	0.096	0.102	0.095	0.099	0.099	0.092	0.094	0.098	0.099	0.101	0.100	0.101	0.099	0.101	0.095	0.099	0.100	0.092	0.093	0.097	0.097	0.099	0.101	0.096	0.097	0.104	0.102	0.096	0.096	0.092	0.095	0.094	0.095	0.093	0.092	0.093	0.093	0.093	0.094	0.093	0.093	0.093
19:00:23	19.3	0.092	0.093	0.093	0.095	0.094	0.093	0.092	0.092	0.093	0.093	0.094	0.095	0.092	0.097	0.099	0.102	0.097	0.097	0.096	0.102	0.097	0.104	0.102	0.127	0.093	0.095	0.097	0.101	0.102	0.103	0.096	0.107	0.099	0.105	0.099	0.095	0.094	0.097	0.097	0.101	0.094	0.095	0.096	0.108	0.098	0.099	0.097	0.095	0.096	0.099	0.098	0.098	0.098	0.095	0.097	0.105	0.096	0.100	0.101	0.093	0.094	0.099	0.099	0.102	0.102	0.102	0.100	0.101	0.096	0.100	0.102	0.092	0.093	0.097	0.098	0.100	0.103	0.096	0.098	0.106	0.103	0.097	0.096	0.092	0.095	0.094	0.095	0.093	0.093	0.093	0.093	0.093	0.095	0.094	0.093	0.093
20:00:24	19.2	0.092	0.093	0.093	0.094	0.094	0.093	0.092	0.092	0.093	0.093	0.094	0.095	0.092	0.097	0.099	0.103	0.097	0.097	0.096	0.102	0.097	0.106	0.103	0.127	0.093	0.095	0.097	0.102	0.104	0.104	0.096	0.110	0.099	0.107	0.099	0.095	0.094	0.097	0.097	0.103	0.094	0.095	0.097	0.111	0.098	0.099	0.097	0.095	0.096	0.100	0.098	0.098	0.099	0.095	0.098	0.107	0.096	0.102	0.102	0.093	0.095	0.100	0.099	0.104	0.103	0.104	0.101	0.102	0.096	0.102	0.103	0.092	0.093	0.097	0.098	0.102	0.104	0.097	0.099	0.108	0.105	0.097	0.096	0.093	0.096	0.095	0.095	0.093	0.093	0.093	0.093	0.093	0.096	0.094	0.094	0.093
21:00:26	19.2	0.092	0.093	0.093	0.095	0.094	0.093	0.092	0.092	0.092	0.093	0.094	0.095	0.092	0.098	0.100	0.105	0.097	0.098	0.097	0.103	0.098	0.107	0.105	0.127	0.093	0.096	0.098	0.104	0.106	0.106	0.096	0.113	0.099	0.109	0.099	0.095	0.094	0.098	0.097	0.105	0.095	0.096	0.098	0.114	0.099	0.099	0.097	0.095	0.096	0.101	0.099	0.098	0.098	0.096	0.099	0.110	0.096	0.104	0.104	0.093	0.095	0.101	0.099	0.107	0.105	0.106	0.102	0.102	0.097	0.103	0.106	0.092	0.093	0.097	0.098	0.103	0.106	0.096	0.099	0.110	0.107	0.097	0.097	0.092	0.096	0.095	0.095	0.093	0.093	0.093	0.093	0.093	0.095	0.094	0.094	0.093
22:00:26	19.3	0.092	0.093	0.092	0.094	0.094	0.093	0.092	0.092	0.092	0.093	0.094	0.094	0.092	0.099	0.102	0.108	0.097	0.098	0.097	0.103	0.098	0.109	0.107	0.127	0.093	0.095	0.099	0.106	0.108	0.108	0.096	0.116	0.099	0.111	0.099	0.095	0.094	0.099	0.098	0.107	0.094	0.095	0.099	0.117	0.099	0.099	0.097	0.095	0.096	0.102	0.100	0.098	0.098	0.095	0.100	0.114	0.096	0.105	0.106	0.092	0.095	0.102	0.099	0.108	0.107	0.108	0.103	0.102	0.097	0.105	0.108	0.092	0.093	0.097	0.098	0.105	0.108	0.097	0.100	0.113	0.108	0.097	0.097	0.092	0.095	0.094	0.095	0.093	0.093	0.093	0.093	0.093	0.095	0.094	0.094	0.093
23:00:38	19.3	0.092	0.093	0.093	0.094	0.094	0.093	0.092	0.092	0.092	0.093	0.094	0.095	0.092	0.100	0.103	0.110	0.097	0.098	0.097	0.103	0.099	0.112	0.110	0.127	0.093	0.095	0.100	0.109	0.110	0.111	0.096	0.120	0.099	0.114	0.099	0.095	0.094	0.100	0.098	0.110	0.095	0.096	0.100	0.121	0.100	0.099	0.097	0.095	0.096	0.103	0.102	0.098	0.099	0.095	0.101	0.118	0.097	0.108	0.109	0.092	0.095	0.103	0.100	0.111	0.109	0.112	0.104	0.102	0.098	0.108	0.110	0.092	0.093	0.098	0.098	0.107	0.112	0.097	0.101	0.116	0.111	0.097	0.097	0.093	0.095	0.095	0.095	0.093	0.093	0.093	0.094	0.093	0.095	0.094	0.094	0.093
24:00:27	19.2	0.092	0.093	0.093	0.094	0.094	0.093	0.092	0.092	0.092	0.093	0.094	0.094	0.092	0.101	0.105	0.114	0.097	0.098	0.097	0.104	0.100	0.115	0.113	0.127	0.093	0.095	0.101	0.112	0.113	0.114	0.096	0.125	0.099	0.118	0.099	0.095	0.093	0.101	0.099	0.113	0.095	0.097	0.101	0.125	0.101	0.099	0.097	0.095	0.096	0.105	0.103	0.098	0.098	0.095	0.103	0.122	0.097	0.111	0.111	0.092	0.095	0.105	0.099	0.114	0.112	0.115	0.106	0.102	0.098	0.111	0.114	0.092	0.093	0.097	0.098	0.109	0.115	0.097	0.103	0.120	0.114	0.097	0.097	0.092	0.095	0.095	0.095	0.093	0.093	0.093	0.093	0.093	0.095	0.094	0.093	0.093
25:00:36	19.2	0.092	0.093	0.093	0.095	0.094	0.093	0.092	0.092	0.093	0.093	0.094	0.095	0.092	0.103	0.107	0.117	0.098	0.099	0.097	0.105	0.101	0.119	0.116	0.127	0.093	0.096	0.103	0.115	0.117	0.117	0.096	0.129	0.099	0.122	0.100	0.095	0.094	0.103	0.100	0.117	0.095	0.096	0.103	0.129	0.102	0.099	0.097	0.095	0.096	0.107	0.105	0.099	0.098	0.096	0.105	0.126	0.098	0.114	0.115	0.093	0.095	0.107	0.100	0.118	0.116	0.119	0.108	0.103	0.100	0.114	0.118	0.092	0.093	0.098	0.098	0.113	0.119	0.097	0.105	0.123	0.117	0.097	0.098	0.093	0.095	0.095	0.095	0.093	0.093	0.093	0.094	0.093	0.096	0.094	0.094	0.093
26:00:29	19.3	0.092	0.092	0.093	0.094	0.093	0.093	0.092	0.092	0.092	0.093	0.094	0.095	0.092	0.104	0.110	0.122	0.098	0.098	0.097	0.105	0.102	0.122	0.120	0.127	0.093	0.095	0.105	0.119	0.121	0.121	0.096	0.133	0.099	0.126	0.100	0.095	0.094	0.105	0.100	0.121	0.096	0.096	0.105	0.132	0.104	0.099	0.097	0.095	0.096	0.109	0.107	0.099	0.098	0.096	0.107	0.129	0.098	0.117	0.118	0.093	0.095	0.110	0.099	0.122	0.119	0.122	0.111	0.103	0.099	0.117	0.121	0.092	0.093	0.097	0.098	0.116	0.123	0.097	0.107	0.127	0.121	0.097	0.098	0.093	0.096	0.094	0.095	0.093	0.093	0.093	0.093	0.093	0.095	0.094	0.094	0.093
27:00:30	19.5	0.092	0.093	0.092	0.095	0.094	0.093	0.092	0.092	0.093	0.093	0.094	0.095	0.092	0.107	0.113	0.126	0.098	0.099	0.097	0.105	0.104	0.126	0.124	0.127	0.093	0.096	0.107	0.123	0.125	0.125	0.096	0.137	0.099	0.131	0.100	0.095	0.093	0.107	0.101	0.125	0.096	0.097	0.108	0.136	0.106	0.099	0.097	0.095	0.096	0.112	0.110	0.099	0.099	0.096	0.110	0.132	0.099	0.120	0.122	0.092	0.095	0.113	0.100	0.125	0.122	0.126	0.114	0.103	0.100	0.120	0.125	0.092	0.093	0.098	0.098	0.120	0.128	0.098	0.110	0.131	0.124	0.097	0.098	0.092	0.096	0.094	0.095	0.093	0.093	0.093	0.093	0.093	0.095	0.094	0.094	0.093
28:00:32	19.6	0.092	0.093	0.093	0.094	0.093	0.093	0.092	0.092	0.092	0.093	0.094	0.094	0.092	0.109	0.116	0.131	0.099	0.099	0.097	0.106	0.106	0.131	0.129	0.127	0.093	0.096	0.110	0.127	0.129	0.129	0.096	0.141	0.099	0.134	0.100	0.095	0.093	0.110	0.102	0.129	0.096	0.097	0.111	0.140	0.108	0.099	0.097	0.095	0.096	0.115	0.114	0.099	0.099	0.096	0.114	0.136	0.099	0.123	0.125	0.092	0.095	0.117	0.100	0.129	0.126	0.129	0.117	0.103	0.101	0.123	0.129	0.092	0.093	0.098	0.098	0.124	0.132	0.098	0.113	0.135	0.127	0.097	0.098	0.092	0.095	0.094	0.095	0.093	0.092	0.093	0.094	0.093	0.095	0.094	0.093	0.093
29:00:33	19.6	0.092	0.093	0.093	0.094	0.094	0.093	0.092	0.092	0.092	0.093	0.094	0.095	0.092	0.113	0.121	0.136	0.100	0.100	0.097	0.107	0.108	0.135	0.133	0.127	0.093	0.096	0.114	0.132	0.133	0.133	0.096	0.146	0.100	0.138	0.101	0.095	0.094	0.113	0.102	0.133	0.097	0.097	0.115	0.143	0.110	0.100	0.097	0.095	0.096	0.120	0.117	0.100	0.099	0.096	0.117	0.139	0.100	0.126	0.130	0.092	0.095	0.121	0.100	0.133	0.130	0.133	0.120	0.104	0.102	0.126	0.132	0.092	0.093	0.098	0.098	0.128	0.136	0.099	0.116	0.139	0.130	0.097	0.099	0.092	0.095	0.094	0.095	0.093	0.093	0.093	0.094	0.093	0.096	0.094	0.094	0.093
30:00:34	19.6	0.092	0.093	0.093	0.095	0.094	0.093	0.092	0.092	0.093	0.093	0.094	0.095	0.092	0.116	0.126	0.140	0.100	0.100	0.097	0.107	0.111	0.139	0.138	0.127	0.093	0.096	0.118	0.136	0.136	0.136	0.096	0.150	0.100	0.142	0.101	0.095	0.094	0.117	0.103	0.137	0.097	0.098	0.118	0.146	0.113	0.100	0.097	0.095	0.096	0.124	0.121	0.100	0.099	0.096	0.120	0.142	0.101	0.129	0.133	0.093	0.095	0.126	0.100	0.137	0.133	0.136	0.123	0.104	0.104	0.129	0.136	0.092	0.093	0.098	0.099	0.132	0.139	0.099	0.119	0.142	0.133	0.098	0.099	0.093	0.095	0.094	0.095	0.093	0.093	0.093	0.093	0.093	0.095	0.094	0.094	0.093
31:00:35	19.4	0.092	0.093	0.093	0.095	0.094	0.093	0.092	0.092	0.093	0.093	0.094	0.095	0.092	0.120	0.131	0.145	0.101	0.101	0.097	0.108	0.114	0.142	0.142	0.127	0.093	0.096	0.122	0.140	0.140	0.140	0.096	0.153	0.100	0.145	0.101	0.095	0.094	0.121	0.104	0.141	0.097	0.099	0.121	0.149	0.117	0.100	0.097	0.095	0.096	0.129	0.125	0.101	0.099	0.096	0.124	0.144	0.102	0.132	0.137	0.092	0.095	0.131	0.100	0.140	0.136	0.139	0.126	0.105	0.105	0.132	0.140	0.092	0.093	0.098	0.098	0.135	0.143	0.100	0.123	0.145	0.136	0.097	0.100	0.093	0.095	0.094	0.095	0.093	0.092	0.093	0.093	0.093	0.095	0.094	0.094	0.093
32:00:36	19.3	0.092	0.093	0.093	0.094	0.094	0.093	0.092	0.092	0.093	0.093	0.094	0.095	0.092	0.125	0.136	0.149	0.101	0.101	0.098	0.108	0.117	0.145	0.145	0.127	0.093	0.096	0.126	0.144	0.143	0.143	0.096	0.156	0.099	0.148	0.102	0.095	0.094	0.125	0.105	0.144	0.098	0.099	0.125	0.151	0.121	0.100	0.098	0.095	0.096	0.133	0.129	0.102	0.099	0.096	0.127	0.147	0.103	0.135	0.140	0.092	0.095	0.136	0.100	0.143	0.139	0.142	0.129	0.105	0.107	0.135	0.143	0.092	0.093	0.098	0.099	0.139	0.146	0.100	0.126	0.147	0.138	0.098	0.101	0.092	0.096	0.094	0.095	0.093	0.093	0.093	0.094	0.093	0.096	0.094	0.094	0.093
33:00:38	19.3	0.092	0.093	0.093	0.095	0.094	0.093	0.092	0.092	0.093	0.093	0.094	0.095	0.092	0.129	0.140	0.154	0.102	0.102	0.098	0.109	0.121	0.148	0.149	0.127	0.093	0.096	0.131	0.147	0.146	0.147	0.096	0.159	0.100	0.151	0.103	0.095	0.094	0.129	0.106	0.147	0.099	0.100	0.128	0.154	0.125	0.100	0.098	0.095	0.096	0.137	0.132	0.102	0.099	0.096	0.130	0.149	0.104	0.138	0.143	0.093	0.095	0.140	0.101	0.147	0.142	0.144	0.132	0.106	0.109	0.137	0.145	0.093	0.093	0.099	0.099	0.143	0.150	0.101	0.130	0.150	0.140	0.098	0.102	0.093	0.096	0.095	0.095	0.093	0.093	0.093	0.094	0.093	0.096	0.094	0.094	0.093
34:00:37	19.4	0.092	0.093	0.093	0.094	0.094	0.093	0.092	0.092	0.092	0.093	0.094	0.095	0.092	0.133	0.144	0.157	0.103	0.103	0.098	0.110	0.125	0.151	0.152	0.127	0.093	0.096	0.135	0.151	0.149	0.150	0.096	0.162	0.100	0.154	0.103	0.095	0.093	0.133	0.107	0.150	0.099	0.101	0.131	0.157	0.129	0.100	0.098	0.095	0.096	0.141	0.136	0.103	0.099	0.096	0.133	0.152	0.105	0.140	0.146	0.092	0.095	0.144	0.101	0.150	0.145	0.147	0.134	0.106	0.111	0.139	0.148	0.092	0.093	0.099	0.099	0.146	0.152	0.102	0.132	0.152	0.143	0.098	0.102	0.093	0.095	0.094	0.095	0.093	0.093	0.093	0.093	0.093	0.095	0.094	0.094	0.093
35:00:40	19.4	0.092	0.093	0.093	0.095	0.094	0.094	0.092	0.092	0.093	0.093	0.094	0.095	0.092	0.138	0.149	0.161	0.104	0.104	0.098	0.111	0.129	0.155	0.156	0.127	0.093	0.097	0.139	0.155	0.153	0.153	0.097	0.165	0.100	0.157	0.104	0.095	0.094	0.137	0.108	0.154	0.100	0.102	0.134	0.159	0.133	0.100	0.098	0.095	0.096	0.145	0.140	0.104	0.100	0.096	0.136	0.154	0.106	0.142	0.149	0.093	0.095	0.148	0.101	0.153	0.149	0.150	0.137	0.107	0.113	0.142	0.151	0.092	0.093	0.099	0.099	0.149	0.156	0.103	0.135	0.155	0.145	0.098	0.104	0.093	0.096	0.095	0.095	0.094	0.093	0.093	0.094	0.093	0.096	0.094	0.094	0.093
36:00:41	19.4	0.092	0.093	0.093	0.095	0.094	0.093	0.092	0.092	0.092	0.093	0.094	0.095	0.092	0.142	0.154	0.165	0.105	0.104	0.098	0.112	0.132	0.157	0.159	0.127	0.093	0.096	0.143	0.158	0.156	0.156	0.097	0.168	0.100	0.159	0.104	0.095	0.094	0.141	0.108	0.157	0.101	0.103	0.136	0.162	0.136	0.100	0.098	0.095	0.096	0.149	0.142	0.105	0.099	0.096	0.138	0.156	0.107	0.144	0.152	0.092	0.095	0.152	0.101	0.156	0.151	0.152	0.139	0.108	0.115	0.144	0.154	0.092	0.093	0.099	0.099	0.153	0.158	0.104	0.138	0.157	0.147	0.098	0.105	0.093	0.095	0.094	0.095	0.093	0.093	0.093	0.094	0.093	0.095	0.094	0.094	0.093
37:00:48	19.4	0.092	0.093	0.093	0.095	0.094	0.093	0.092	0.092	0.092	0.093	0.094	0.095	0.092	0.146	0.158	0.169	0.107	0.105	0.098	0.112	0.136	0.160	0.163	0.127	0.093	0.097	0.147	0.162	0.159	0.159	0.097	0.171	0.100	0.162	0.105	0.095	0.094	0.145	0.109	0.160	0.102	0.104	0.139	0.164	0.140	0.101	0.098	0.095	0.096	0.153	0.146	0.106	0.099	0.096	0.141	0.159	0.109	0.146	0.155	0.093	0.095	0.156	0.101	0.159	0.154	0.155	0.141	0.109	0.116	0.146	0.158	0.092	0.093	0.099	0.099	0.156	0.162	0.105	0.141	0.160	0.150	0.098	0.106	0.093	0.095	0.094	0.095	0.093	0.092	0.093	0.093	0.093	0.095	0.094	0.094	0.093
38:00:41	19.4	0.092	0.093	0.093	0.095	0.094	0.094	0.092	0.092	0.093	0.093	0.094	0.095	0.092	0.151	0.162	0.173	0.109	0.107	0.099	0.113	0.139	0.164	0.167	0.127	0.093	0.097	0.151	0.166	0.163	0.163	0.097	0.174	0.100	0.165	0.106	0.095	0.094	0.149	0.110	0.163	0.104	0.106	0.142	0.167	0.143	0.101	0.098	0.095	0.096	0.157	0.149	0.108	0.100	0.096	0.144	0.162	0.110	0.149	0.158	0.093	0.095	0.160	0.102	0.162	0.157	0.157	0.144	0.110	0.118	0.149	0.161	0.092	0.093	0.100	0.100	0.159	0.165	0.107	0.143	0.163	0.152	0.098	0.108	0.093	0.096	0.095	0.095	0.093	0.093	0.093	0.094	0.094	0.095	0.094	0.094	0.093
39:00:43	19.3	0.092	0.093	0.093	0.095	0.094	0.093	0.093	0.092	0.093	0.093	0.094	0.095	0.092	0.155	0.166	0.177	0.111	0.109	0.098	0.114	0.142	0.167	0.170	0.127	0.093	0.097	0.155	0.169	0.166	0.166	0.097	0.178	0.100	0.168	0.108	0.096	0.094	0.153	0.111	0.166	0.106	0.109	0.144	0.170	0.146	0.101	0.098	0.095	0.096	0.160	0.152	0.110	0.100	0.096	0.146	0.164	0.111	0.152	0.162	0.093	0.095	0.163	0.102	0.165	0.160	0.159	0.146	0.111	0.119	0.151	0.164	0.093	0.093	0.100	0.100	0.162	0.168	0.109	0.146	0.166	0.155	0.098	0.110	0.092	0.096	0.095	0.095	0.093	0.093	0.093	0.094	0.093	0.096	0.094	0.094	0.093
40:00:44	19.3	0.092	0.093	0.093	0.095	0.094	0.094	0.093	0.092	0.093	0.093	0.094	0.095	0.092	0.160	0.170	0.181	0.114	0.111	0.099	0.116	0.146	0.170	0.174	0.127	0.093	0.097	0.159	0.173	0.170	0.169	0.097	0.181	0.101	0.171	0.109	0.096	0.094	0.157	0.112	0.169	0.108	0.110	0.147	0.172	0.150	0.101	0.099	0.095	0.096	0.164	0.156	0.112	0.100	0.096	0.149	0.167	0.112	0.155	0.165	0.093	0.095	0.167	0.102	0.168	0.163	0.163	0.149	0.113	0.121	0.154	0.167	0.093	0.093	0.100	0.100	0.166	0.171	0.111	0.149	0.168	0.157	0.098	0.112	0.093	0.096	0.095	0.095	0.093	0.093	0.093	0.094	0.094	0.095	0.094	0.094	0.093
41:00:44	19.2	0.092	0.093	0.093	0.095	0.094	0.093	0.092	0.092	0.093	0.093	0.094	0.095	0.092	0.164	0.174	0.185	0.117	0.113	0.099	0.117	0.149	0.173	0.177	0.127	0.093	0.097	0.162	0.177	0.172	0.173	0.097	0.184	0.100	0.173	0.111	0.097	0.094	0.161	0.112	0.172	0.110	0.113	0.150	0.175	0.152	0.101	0.098	0.095	0.096	0.168	0.159	0.114	0.100	0.096	0.152	0.169	0.113	0.157	0.167	0.093	0.095	0.171	0.102	0.171	0.166	0.165	0.151	0.114	0.122	0.157	0.170	0.092	0.093	0.101	0.100	0.170	0.174	0.114	0.151	0.171	0.160	0.098	0.115	0.093	0.095	0.094	0.095	0.093	0.093	0.093	0.094	0.093	0.096	0.094	0.094	0.093
42:00:46	19.2	0.092	0.093	0.093	0.095	0.094	0.093	0.092	0.092	0.093	0.093	0.094	0.095	0.092	0.168	0.178	0.188	0.120	0.116	0.098	0.118	0.152	0.176	0.180	0.127	0.093	0.098	0.166	0.180	0.176	0.176	0.097	0.187	0.100	0.176	0.113	0.095	0.094	0.165	0.113	0.176	0.112	0.117	0.152	0.178	0.155	0.101	0.099	0.095	0.096	0.172	0.162	0.117	0.100	0.096	0.154	0.172	0.114	0.159	0.171	0.093	0.095	0.175	0.102	0.175	0.169	0.167	0.153	0.116	0.123	0.159	0.173	0.093	0.093	0.101	0.100	0.173	0.177	0.117	0.153	0.174	0.163	0.098	0.118	0.093	0.096	0.094	0.095	0.093	0.093	0.093	0.093	0.093	0.095	0.094	0.094	0.093
43:00:45	19.2	0.092	0.093	0.093	0.095	0.094	0.093	0.093	0.092	0.092	0.093	0.094	0.096	0.092	0.172	0.182	0.193	0.124	0.119	0.099	0.121	0.155	0.179	0.184	0.127	0.093	0.098	0.170	0.184	0.179	0.179	0.097	0.191	0.101	0.179	0.115	0.095	0.094	0.169	0.114	0.179	0.116	0.120	0.155	0.181	0.158	0.101	0.099	0.095	0.096	0.175	0.165	0.121	0.100	0.096	0.156	0.174	0.115	0.162	0.174	0.093	0.095	0.179	0.103	0.178	0.172	0.170	0.155	0.118	0.124	0.162	0.176	0.092	0.093	0.101	0.100	0.177	0.181	0.121	0.156	0.176	0.165	0.098	0.121	0.093	0.095	0.095	0.095	0.093	0.093	0.093	0.094	0.093	0.095	0.094	0.094	0.093
44:00:47	19.1	0.092	0.093	0.093	0.095	0.094	0.093	0.093	0.092	0.092	0.093	0.094	0.095	0.092	0.177	0.186	0.196	0.129	0.123	0.099	0.123	0.157	0.182	0.188	0.127	0.093	0.098	0.174	0.188	0.183	0.183	0.097	0.194	0.101	0.183	0.117	0.095	0.094	0.172	0.114	0.182	0.119	0.124	0.158	0.183	0.161	0.102	0.098	0.095	0.096	0.179	0.169	0.124	0.100	0.096	0.159	0.176	0.116	0.164	0.177	0.093	0.095	0.182	0.103	0.181	0.175	0.173	0.157	0.121	0.125	0.164	0.179	0.092	0.093	0.102	0.100	0.181	0.184	0.124	0.159	0.179	0.168	0.098	0.125	0.093	0.096	0.094	0.095	0.093	0.093	0.093	0.094	0.093	0.095	0.094	0.094	0.093
45:00:48	19.1	0.092	0.093	0.093	0.095	0.094	0.093	0.093	0.092	0.092	0.093	0.094	0.096	0.093	0.182	0.190	0.201	0.135	0.128	0.099	0.125	0.160	0.185	0.191	0.127	0.093	0.098	0.178	0.192	0.186	0.186	0.097	0.198	0.101	0.186	0.121	0.095	0.094	0.176	0.115	0.186	0.124	0.130	0.160	0.187	0.164	0.101	0.099	0.095	0.096	0.183	0.172	0.129	0.100	0.096	0.162	0.179	0.117	0.167	0.180	0.093	0.095	0.187	0.104	0.184	0.179	0.176	0.160	0.124	0.127	0.167	0.183	0.092	0.094	0.103	0.100	0.185	0.187	0.130	0.162	0.182	0.171	0.098	0.131	0.092	0.095	0.094	0.095	0.093	0.093	0.093	0.094	0.094	0.095	0.094	0.094	0.093
46:00:49	19.1	0.092	0.093	0.093	0.095	0.094	0.093	0.092	0.092	0.093	0.093	0.094	0.095	0.092	0.186	0.195	0.205	0.141	0.133	0.099	0.128	0.163	0.189	0.195	0.127	0.093	0.099	0.182	0.196	0.190	0.190	0.097	0.202	0.101	0.190	0.124	0.095	0.094	0.181	0.116	0.190	0.129	0.135	0.164	0.190	0.167	0.102	0.099	0.095	0.096	0.187	0.176	0.134	0.100	0.096	0.165	0.182	0.117	0.170	0.184	0.093	0.095	0.191	0.105	0.188	0.182	0.179	0.163	0.128	0.128	0.170	0.186	0.093	0.093	0.103	0.100	0.189	0.191	0.135	0.164	0.185	0.173	0.099	0.136	0.093	0.096	0.095	0.095	0.093	0.093	0.093	0.094	0.094	0.096	0.094	0.094	0.093
47:00:50	19.1	0.092	0.093	0.093	0.095	0.094	0.093	0.092	0.092	0.092	0.093	0.094	0.096	0.092	0.191	0.199	0.209	0.146	0.138	0.099	0.131	0.167	0.192	0.199	0.127	0.093	0.099	0.186	0.200	0.193	0.194	0.097	0.205	0.101	0.193	0.128	0.096	0.094	0.185	0.117	0.194	0.134	0.140	0.166	0.192	0.170	0.102	0.099	0.095	0.096	0.192	0.179	0.138	0.100	0.096	0.167	0.185	0.118	0.172	0.187	0.093	0.095	0.195	0.105	0.191	0.185	0.181	0.165	0.132	0.128	0.172	0.189	0.093	0.093	0.104	0.100	0.192	0.195	0.139	0.167	0.188	0.176	0.099	0.141	0.093	0.095	0.095	0.095	0.093	0.093	0.093	0.094	0.093	0.095	0.094	0.094	0.093
48:00:50	19.0	0.092	0.093	0.093	0.095	0.094	0.093	0.092	0.092	0.092	0.093	0.094	0.095	0.092	0.196	0.203	0.213	0.152	0.143	0.099	0.134	0.169	0.195	0.202	0.127	0.093	0.099	0.190	0.204	0.196	0.198	0.097	0.208	0.101	0.196	0.132	0.098	0.093	0.190	0.117	0.196	0.140	0.145	0.169	0.194	0.173	0.102	0.099	0.095	0.096	0.196	0.183	0.143	0.100	0.096	0.170	0.187	0.119	0.175	0.191	0.093	0.095	0.200	0.106	0.194	0.188	0.184	0.168	0.136	0.129	0.174	0.193	0.092	0.093	0.105	0.100	0.196	0.198	0.143	0.170	0.191	0.179	0.098	0.146	0.093	0.095	0.094	0.095	0.093	0.092	0.093	0.094	0.093	0.095	0.094	0.094	0.093
49:01:02	19.1	0.092	0.093	0.093	0.095	0.094	0.093	0.093	0.092	0.093	0.093	0.094	0.096	0.092	0.201	0.208	0.217	0.157	0.148	0.099	0.138	0.173	0.198	0.204	0.127	0.093	0.100	0.194	0.207	0.200	0.201	0.097	0.212	0.101	0.199	0.138	0.095	0.094	0.194	0.118	0.201	0.145	0.150	0.172	0.197	0.176	0.102	0.099	0.095	0.096	0.200	0.187	0.147	0.100	0.096	0.173	0.190	0.119	0.178	0.194	0.093	0.095	0.204	0.107	0.198	0.191	0.188	0.170	0.141	0.130	0.177	0.196	0.093	0.093	0.106	0.100	0.200	0.202	0.148	0.173	0.194	0.182	0.099	0.151	0.093	0.095	0.095	0.095	0.093	0.093	0.093	0.094	0.093	0.096	0.094	0.094	0.093
50:00:53	19.3	0.092	0.093	0.093	0.095	0.094	0.093	0.092	0.092	0.093	0.093	0.094	0.095	0.092	0.204	0.212	0.221	0.163	0.153	0.099	0.143	0.176	0.202	0.208	0.127	0.093	0.100	0.198	0.211	0.203	0.205	0.097	0.216	0.101	0.203	0.143	0.095	0.094	0.198	0.119	0.204	0.150	0.155	0.175	0.200	0.179	0.102	0.099	0.095	0.096	0.204	0.191	0.152	0.100	0.096	0.176	0.193	0.120	0.180	0.197	0.093	0.095	0.208	0.108	0.201	0.195	0.190	0.173	0.145	0.131	0.180	0.199	0.093	0.093	0.108	0.101	0.204	0.205	0.152	0.176	0.197	0.184	0.099	0.156	0.092	0.096	0.095	0.095	0.093	0.093	0.093	0.094	0.093	0.095	0.094	0.094	0.093
51:00:53	19.5	0.092	0.093	0.093	0.095	0.094	0.094	0.093	0.092	0.093	0.093	0.094	0.096	0.092	0.209	0.217	0.225	0.168	0.159	0.099	0.147	0.180	0.205	0.207	0.127	0.093	0.101	0.202	0.215	0.206	0.208	0.097	0.219	0.101	0.206	0.148	0.096	0.094	0.202	0.121	0.207	0.155	0.160	0.179	0.203	0.183	0.103	0.099	0.095	0.096	0.208	0.194	0.157	0.101	0.096	0.179	0.195	0.121	0.183	0.200	0.093	0.095	0.212	0.109	0.204	0.198	0.193	0.175	0.148	0.132	0.182	0.202	0.093	0.093	0.109	0.101	0.207	0.208	0.157	0.179	0.200	0.187	0.099	0.160	0.093	0.095	0.095	0.095	0.093	0.093	0.093	0.094	0.093	0.096	0.094	0.094	0.093
52:00:55	19.9	0.092	0.093	0.093	0.095	0.094	0.093	0.093	0.092	0.093	0.093	0.094	0.095	0.092	0.213	0.220	0.228	0.174	0.164	0.099	0.152	0.183	0.208	0.207	0.127	0.093	0.102	0.205	0.218	0.210	0.211	0.097	0.223	0.101	0.209	0.153	0.096	0.094	0.205	0.122	0.210	0.161	0.165	0.181	0.205	0.186	0.102	0.099	0.095	0.096	0.212	0.198	0.161	0.100	0.096	0.182	0.197	0.121	0.185	0.203	0.093	0.095	0.216	0.111	0.207	0.200	0.195	0.178	0.153	0.133	0.185	0.204	0.092	0.093	0.111	0.100	0.211	0.211	0.161	0.183	0.204	0.190	0.099	0.165	0.093	0.095	0.094	0.095	0.093	0.092	0.093	0.094	0.093	0.095	0.094	0.093	0.093
53:00:57	20.0	0.092	0.093	0.093	0.095	0.094	0.093	0.092	0.092	0.093	0.093	0.094	0.095	0.092	0.217	0.224	0.232	0.180	0.170	0.099	0.157	0.187	0.211	0.260	0.127	0.093	0.103	0.209	0.222	0.213	0.215	0.097	0.226	0.101	0.212	0.158	0.095	0.094	0.210	0.123	0.213	0.166	0.170	0.185	0.208	0.190	0.103	0.099	0.095	0.096	0.216	0.202	0.167	0.100	0.096	0.184	0.200	0.122	0.188	0.206	0.093	0.095	0.220	0.113	0.209	0.203	0.198	0.181	0.157	0.134	0.188	0.208	0.093	0.093	0.114	0.101	0.215	0.214	0.166	0.186	0.207	0.193	0.099	0.170	0.093	0.095	0.095	0.095	0.093	0.093	0.093	0.093	0.093	0.096	0.094	0.093	0.093
54:00:58	19.9	0.092	0.093	0.093	0.095	0.093	0.093	0.092	0.092	0.092	0.093	0.094	0.096	0.092	0.222	0.228	0.235	0.184	0.175	0.099	0.161	0.190	0.214	0.211	0.127	0.093	0.104	0.214	0.226	0.215	0.218	0.097	0.228	0.101	0.215	0.163	0.095	0.094	0.214	0.125	0.217	0.171	0.174	0.188	0.210	0.193	0.103	0.099	0.095	0.096	0.220	0.204	0.171	0.100	0.096	0.187	0.203	0.122	0.191	0.208	0.093	0.095	0.224	0.115	0.213	0.206	0.201	0.183	0.161	0.134	0.190	0.210	0.092	0.093	0.117	0.101	0.218	0.217	0.171	0.189	0.209	0.195	0.099	0.174	0.093	0.095	0.094	0.095	0.093	0.093	0.093	0.094	0.094	0.096	0.094	0.094	0.093
55:00:59	19.7	0.092	0.093	0.093	0.094	0.094	0.093	0.093	0.092	0.092	0.093	0.094	0.096	0.092	0.228	0.233	0.238	0.190	0.179	0.099	0.166	0.192	0.215	0.216	0.127	0.093	0.105	0.219	0.229	0.218	0.221	0.097	0.231	0.101	0.217	0.167	0.095	0.094	0.219	0.127	0.220	0.176	0.179	0.191	0.211	0.196	0.103	0.099	0.095	0.096	0.225	0.208	0.175	0.100	0.096	0.190	0.205	0.123	0.193	0.211	0.093	0.094	0.230	0.118	0.216	0.209	0.203	0.185	0.164	0.135	0.193	0.214	0.092	0.093	0.120	0.101	0.221	0.220	0.175	0.191	0.211	0.197	0.098	0.178	0.093	0.095	0.094	0.095	0.093	0.092	0.093	0.094	0.093	0.095	0.094	0.094	0.093
56:01:00	19.5	0.092	0.093	0.093	0.095	0.094	0.094	0.092	0.092	0.093	0.093	0.094	0.095	0.092	0.232	0.238	0.243	0.195	0.184	0.100	0.170	0.195	0.218	0.214	0.127	0.093	0.107	0.223	0.233	0.221	0.225	0.097	0.233	0.102	0.220	0.172	0.095	0.094	0.224	0.129	0.224	0.181	0.183	0.194	0.214	0.200	0.104	0.099	0.095	0.096	0.229	0.212	0.179	0.101	0.096	0.193	0.207	0.123	0.196	0.214	0.093	0.095	0.234	0.121	0.219	0.212	0.206	0.187	0.169	0.136	0.195	0.217	0.093	0.093	0.124	0.101	0.225	0.223	0.179	0.194	0.214	0.200	0.099	0.182	0.093	0.095	0.095	0.095	0.093	0.093	0.093	0.094	0.093	0.095	0.094	0.094	0.093
57:01:01	19.4	0.092	0.093	0.093	0.095	0.094	0.093	0.092	0.092	0.093	0.093	0.094	0.095	0.092	0.234	0.240	0.246	0.199	0.190	0.099	0.174	0.198	0.220	0.213	0.127	0.093	0.109	0.226	0.236	0.224	0.228	0.097	0.236	0.102	0.222	0.176	0.096	0.094	0.227	0.131	0.227	0.185	0.187	0.196	0.216	0.203	0.104	0.099	0.095	0.096	0.232	0.215	0.183	0.101	0.096	0.195	0.209	0.124	0.198	0.217	0.093	0.095	0.237	0.125	0.222	0.215	0.208	0.189	0.172	0.137	0.197	0.219	0.092	0.093	0.129	0.101	0.228	0.226	0.183	0.196	0.216	0.201	0.099	0.186	0.093	0.095	0.094	0.095	0.093	0.093	0.093	0.094	0.094	0.095	0.094	0.094	0.093
58:01:03	19.4	0.092	0.093	0.093	0.095	0.094	0.094	0.093	0.092	0.093	0.093	0.094	0.095	0.092	0.238	0.243	0.249	0.204	0.194	0.100	0.178	0.201	0.222	0.214	0.127	0.093	0.111	0.229	0.239	0.226	0.230	0.097	0.239	0.102	0.225	0.179	0.096	0.094	0.229	0.134	0.230	0.190	0.192	0.199	0.217	0.206	0.104	0.099	0.095	0.096	0.235	0.218	0.187	0.101	0.096	0.198	0.211	0.124	0.200	0.218	0.093	0.095	0.240	0.130	0.225	0.218	0.210	0.191	0.176	0.138	0.199	0.221	0.093	0.093	0.134	0.101	0.230	0.228	0.187	0.198	0.219	0.203	0.099	0.190	0.093	0.096	0.095	0.095	0.093	0.093	0.093	0.094	0.094	0.096	0.094	0.094	0.093
59:01:04	19.4	0.092	0.093	0.093	0.094	0.094	0.094	0.092	0.092	0.093	0.094	0.094	0.095	0.093	0.241	0.246	0.252	0.208	0.199	0.100	0.182	0.204	0.224	0.221	0.127	0.093	0.114	0.232	0.242	0.228	0.232	0.097	0.241	0.101	0.226	0.183	0.096	0.094	0.232	0.137	0.232	0.195	0.196	0.201	0.219	0.209	0.104	0.099	0.095	0.096	0.238	0.220	0.191	0.101	0.096	0.200	0.214	0.124	0.201	0.220	0.093	0.095	0.243	0.135	0.228	0.221	0.213	0.193	0.179	0.138	0.200	0.223	0.092	0.093	0.140	0.101	0.233	0.230	0.191	0.200	0.220	0.205	0.099	0.193	0.093	0.095	0.095	0.095	0.093	0.093	0.093	0.094	0.094	0.096	0.094	0.094	0.093
60:01:05	19.4	0.092	0.093	0.093	0.095	0.094	0.094	0.093	0.092	0.093	0.093	0.094	0.095	0.092	0.244	0.249	0.255	0.213	0.203	0.100	0.186	0.207	0.226	0.210	0.127	0.093	0.117	0.234	0.244	0.230	0.234	0.097	0.243	0.102	0.228	0.187	0.095	0.094	0.235	0.141	0.233	0.199	0.200	0.204	0.221	0.211	0.105	0.099	0.095	0.096	0.241	0.222	0.195	0.101	0.096	0.202	0.215	0.125	0.203	0.222	0.093	0.095	0.246	0.141	0.230	0.223	0.214	0.195	0.182	0.139	0.201	0.224	0.093	0.093	0.146	0.101	0.235	0.232	0.196	0.202	0.222	0.206	0.099	0.196	0.093	0.096	0.095	0.095	0.093	0.093	0.093	0.094	0.093	0.096	0.094	0.094	0.093
61:01:06	19.4	0.092	0.093	0.093	0.095	0.094	0.094	0.093	0.092	0.093	0.093	0.094	0.095	0.092	0.247	0.253	0.258	0.218	0.208	0.100	0.190	0.209	0.228	0.249	0.127	0.093	0.121	0.237	0.248	0.231	0.237	0.097	0.244	0.102	0.230	0.190	0.096	0.094	0.238	0.145	0.236	0.204	0.205	0.206	0.222	0.214	0.105	0.100	0.095	0.096	0.244	0.224	0.199	0.101	0.096	0.204	0.217	0.125	0.205	0.223	0.093	0.095	0.250	0.146	0.233	0.226	0.216	0.197	0.185	0.140	0.203	0.226	0.093	0.093	0.152	0.101	0.237	0.233	0.200	0.205	0.224	0.208	0.099	0.200	0.093	0.095	0.095	0.095	0.093	0.093	0.093	0.094	0.093	0.096	0.094	0.094	0.093
62:01:07	19.4	0.092	0.093	0.093	0.095	0.094	0.093	0.093	0.092	0.093	0.093	0.094	0.095	0.092	0.250	0.255	0.261	0.223	0.213	0.100	0.193	0.211	0.229	0.269	0.127	0.093	0.125	0.240	0.250	0.233	0.238	0.097	0.245	0.102	0.231	0.193	0.096	0.094	0.241	0.148	0.238	0.209	0.208	0.208	0.223	0.217	0.105	0.099	0.095	0.096	0.246	0.227	0.203	0.101	0.096	0.206	0.218	0.126	0.206	0.225	0.093	0.095	0.253	0.151	0.235	0.228	0.218	0.199	0.188	0.140	0.204	0.227	0.092	0.093	0.157	0.101	0.239	0.235	0.204	0.207	0.226	0.209	0.099	0.203	0.093	0.095	0.094	0.095	0.093	0.092	0.093	0.094	0.093	0.095	0.094	0.094	0.093
63:01:07	19.4	0.092	0.093	0.093	0.095	0.094	0.094	0.093	0.092	0.093	0.093	0.094	0.095	0.092	0.253	0.258	0.264	0.228	0.218	0.100	0.196	0.213	0.230	0.215	0.127	0.093	0.131	0.243	0.254	0.235	0.240	0.097	0.247	0.102	0.233	0.196	0.097	0.094	0.244	0.152	0.240	0.213	0.213	0.210	0.224	0.219	0.106	0.100	0.095	0.096	0.249	0.229	0.207	0.101	0.096	0.208	0.219	0.126	0.207	0.227	0.093	0.095	0.256	0.156	0.238	0.230	0.220	0.201	0.191	0.141	0.205	0.230	0.093	0.093	0.163	0.101	0.241	0.237	0.209	0.209	0.228	0.210	0.099	0.205	0.093	0.095	0.095	0.095	0.093	0.093	0.093	0.094	0.094	0.096	0.094	0.094	0.093
64:01:09	19.4	0.092	0.093	0.093	0.095	0.094	0.093	0.092	0.092	0.093	0.093	0.094	0.095	0.092	0.256	0.260	0.267	0.232	0.223	0.100	0.200	0.215	0.231	0.342	0.127	0.093	0.136	0.245	0.256	0.237	0.242	0.097	0.248	0.102	0.234	0.198	0.096	0.094	0.247	0.157	0.241	0.218	0.217	0.211	0.225	0.222	0.106	0.099	0.095	0.096	0.251	0.232	0.211	0.101	0.096	0.210	0.221	0.126	0.208	0.228	0.093	0.095	0.259	0.161	0.241	0.233	0.222	0.202	0.194	0.141	0.206	0.231	0.092	0.093	0.168	0.101	0.242	0.238	0.213	0.210	0.229	0.211	0.099	0.208	0.093	0.095	0.094	0.095	0.093	0.093	0.093	0.094	0.093	0.096	0.094	0.094	0.093
65:01:10	19.4	0.092	0.093	0.093	0.095	0.094	0.093	0.092	0.092	0.093	0.093	0.094	0.095	0.092	0.257	0.263	0.270	0.237	0.228	0.100	0.203	0.217	0.232	0.239	0.127	0.093	0.142	0.248	0.260	0.238	0.243	0.097	0.250	0.102	0.235	0.201	0.095	0.094	0.250	0.161	0.243	0.223	0.222	0.214	0.227	0.225	0.106	0.099	0.095	0.095	0.254	0.233	0.217	0.101	0.096	0.212	0.222	0.127	0.209	0.229	0.093	0.095	0.261	0.166	0.244	0.235	0.223	0.203	0.197	0.142	0.208	0.233	0.092	0.093	0.174	0.101	0.245	0.240	0.218	0.212	0.231	0.212	0.099	0.211	0.093	0.095	0.094	0.095	0.093	0.092	0.093	0.093	0.093	0.095	0.094	0.094	0.093
66:01:11	19.4	0.092	0.093	0.093	0.095	0.094	0.093	0.093	0.092	0.092	0.093	0.094	0.095	0.092	0.261	0.265	0.274	0.242	0.233	0.100	0.206	0.219	0.234	0.258	0.127	0.093	0.147	0.251	0.263	0.240	0.245	0.097	0.251	0.102	0.236	0.203	0.095	0.094	0.252	0.165	0.244	0.228	0.226	0.215	0.228	0.227	0.107	0.100	0.095	0.095	0.256	0.235	0.220	0.101	0.096	0.214	0.223	0.127	0.211	0.230	0.093	0.095	0.264	0.171	0.247	0.238	0.224	0.205	0.200	0.143	0.209	0.234	0.092	0.093	0.180	0.101	0.247	0.242	0.224	0.214	0.232	0.214	0.099	0.214	0.092	0.095	0.094	0.095	0.093	0.093	0.093	0.094	0.093	0.096	0.094	0.094	0.093
67:01:12	19.4	0.092	0.093	0.093	0.094	0.094	0.094	0.093	0.092	0.093	0.093	0.094	0.094	0.092	0.263	0.267	0.277	0.248	0.238	0.100	0.209	0.221	0.234	0.227	0.127	0.093	0.153	0.255	0.266	0.242	0.247	0.097	0.252	0.102	0.237	0.206	0.095	0.094	0.254	0.170	0.246	0.233	0.231	0.217	0.229	0.229	0.107	0.100	0.095	0.095	0.258	0.237	0.226	0.101	0.096	0.215	0.224	0.127	0.213	0.232	0.093	0.095	0.266	0.177	0.250	0.241	0.226	0.206	0.203	0.143	0.210	0.236	0.092	0.093	0.186	0.102	0.249	0.244	0.229	0.215	0.233	0.215	0.099	0.216	0.093	0.095	0.094	0.095	0.093	0.093	0.093	0.094	0.093	0.095	0.094	0.094	0.093
68:01:12	19.4	0.092	0.093	0.093	0.094	0.094	0.094	0.093	0.092	0.093	0.093	0.094	0.095	0.092	0.266	0.270	0.281	0.252	0.242	0.100	0.213	0.223	0.235	0.271	0.127	0.093	0.159	0.260	0.269	0.243	0.249	0.097	0.255	0.102	0.239	0.209	0.096	0.094	0.257	0.175	0.248	0.238	0.237	0.219	0.230	0.231	0.107	0.100	0.095	0.096	0.260	0.239	0.231	0.101	0.096	0.217	0.226	0.128	0.213	0.233	0.093	0.095	0.269	0.182	0.253	0.244	0.227	0.208	0.206	0.144	0.211	0.237	0.093	0.093	0.192	0.102	0.250	0.246	0.234	0.217	0.234	0.216	0.099	0.219	0.093	0.095	0.094	0.095	0.093	0.093	0.093	0.094	0.093	0.095	0.094	0.094	0.093
69:01:12	19.5	0.092	0.093	0.093	0.095	0.094	0.094	0.093	0.092	0.093	0.093	0.095	0.095	0.092	0.269	0.272	0.285	0.258	0.249	0.101	0.217	0.225	0.237	0.240	0.127	0.093	0.165	0.265	0.274	0.246	0.251	0.097	0.256	0.102	0.240	0.211	0.096	0.094	0.259	0.180	0.250	0.244	0.242	0.220	0.232	0.233	0.108	0.100	0.095	0.096	0.263	0.241	0.235	0.102	0.096	0.219	0.227	0.129	0.215	0.234	0.093	0.095	0.271	0.187	0.256	0.247	0.229	0.209	0.210	0.145	0.213	0.239	0.093	0.093	0.198	0.102	0.253	0.248	0.240	0.218	0.235	0.217	0.099	0.222	0.093	0.095	0.094	0.095	0.093	0.093	0.093	0.094	0.094	0.096	0.094	0.094	0.093
70:01:14	19.5	0.092	0.093	0.093	0.095	0.094	0.094	0.093	0.092	0.093	0.093	0.095	0.095	0.093	0.271	0.275	0.289	0.263	0.254	0.101	0.220	0.227	0.238	0.371	0.127	0.094	0.170	0.268	0.278	0.247	0.253	0.097	0.257	0.103	0.242	0.214	0.096	0.094	0.262	0.185	0.252	0.249	0.249	0.222	0.234	0.236	0.109	0.100	0.095	0.096	0.266	0.243	0.241	0.102	0.097	0.221	0.229	0.129	0.217	0.236	0.093	0.095	0.272	0.192	0.261	0.251	0.231	0.211	0.214	0.146	0.214	0.241	0.093	0.094	0.204	0.102	0.255	0.250	0.247	0.220	0.237	0.218	0.099	0.225	0.093	0.096	0.095	0.096	0.094	0.093	0.093	0.094	0.094	0.096	0.094	0.094	0.093
71:01:16	19.4	0.092	0.093	0.093	0.095	0.094	0.094	0.093	0.092	0.093	0.093	0.094	0.095	0.092	0.274	0.276	0.293	0.269	0.261	0.101	0.223	0.228	0.239	0.276	0.127	0.093	0.175	0.269	0.282	0.248	0.253	0.097	0.258	0.102	0.243	0.216	0.096	0.094	0.264	0.189	0.253	0.254	0.254	0.223	0.235	0.237	0.108	0.100	0.095	0.096	0.268	0.245	0.246	0.102	0.096	0.222	0.230	0.129	0.217	0.237	0.093	0.095	0.274	0.197	0.265	0.255	0.233	0.212	0.217	0.146	0.215	0.242	0.093	0.094	0.210	0.102	0.255	0.251	0.252	0.221	0.238	0.219	0.099	0.227	0.093	0.095	0.095	0.095	0.093	0.093	0.093	0.094	0.094	0.095	0.094	0.094	0.093
72:01:16	19.5	0.092	0.093	0.093	0.095	0.094	0.094	0.093	0.092	0.093	0.093	0.094	0.095	0.092	0.275	0.278	0.298	0.275	0.265	0.101	0.228	0.230	0.240	0.291	0.128	0.093	0.181	0.268	0.287	0.249	0.254	0.097	0.260	0.102	0.245	0.218	0.095	0.094	0.266	0.194	0.254	0.259	0.259	0.224	0.236	0.239	0.109	0.100	0.095	0.096	0.270	0.247	0.251	0.102	0.096	0.223	0.231	0.130	0.218	0.238	0.093	0.095	0.275	0.202	0.269	0.259	0.234	0.213	0.220	0.147	0.216	0.243	0.093	0.093	0.216	0.102	0.257	0.252	0.258	0.222	0.240	0.220	0.099	0.230	0.093	0.096	0.094	0.095	0.093	0.093	0.093	0.094	0.094	0.095	0.094	0.094	0.093

