Time	T° 600	A1	A2	A3	A4	A5	A6	A7	A8	A9	A10	A11	A12	B1	B2	B3	B4	B5	B6	B7	B8	B9	B10	B11	B12	C1	C2	C3	C4	C5	C6	C7	C8	C9	C10	C11	C12	D1	D2	D3	D4	D5	D6	D7	D8	D9	D10	D11	D12	E1	E2	E3	E4	E5	E6	E7	E8	E9	E10	E11	E12	F1	F2	F3	F4	F5	F6	F7	F8	F9	F10	F11	F12	G1	G2	G3	G4	G5	G6	G7	G8	G9	G10	G11	G12	H1	H2	H3	H4	H5	H6	H7	H8	H9	H10	H11	H12
0:00:06	23.4	0.090	0.090	0.092	0.093	0.092	0.092	0.089	0.090	0.091	0.092	0.089	0.092	0.092	0.104	0.104	0.109	0.107	0.105	0.105	0.108	0.106	0.107	0.107	0.093	0.090	0.103	0.105	0.107	0.105	0.109	0.106	0.106	0.107	0.109	0.108	0.092	0.090	0.106	0.106	0.107	0.110	0.105	0.107	0.107	0.108	0.107	0.107	0.092	0.092	0.103	0.105	0.108	0.108	0.111	0.106	0.105	0.106	0.108	0.108	0.090	0.092	0.104	0.109	0.113	0.110	0.108	0.106	0.108	0.107	0.106	0.107	0.091	0.092	0.106	0.108	0.106	0.111	0.108	0.111	0.110	0.108	0.109	0.107	0.091	0.093	0.091	0.095	0.091	0.090	0.090	0.092	0.093	0.093	0.092	0.091	0.093
1:00:06	23.7	0.090	0.090	0.092	0.093	0.092	0.092	0.089	0.090	0.091	0.092	0.089	0.092	0.092	0.110	0.108	0.113	0.112	0.108	0.111	0.115	0.112	0.112	0.110	0.093	0.090	0.110	0.110	0.109	0.107	0.114	0.107	0.111	0.113	0.113	0.113	0.092	0.090	0.109	0.109	0.112	0.113	0.111	0.113	0.112	0.114	0.111	0.109	0.092	0.092	0.108	0.110	0.113	0.114	0.114	0.110	0.112	0.111	0.116	0.113	0.090	0.092	0.109	0.115	0.118	0.116	0.111	0.114	0.114	0.117	0.110	0.113	0.091	0.092	0.112	0.114	0.114	0.119	0.120	0.117	0.118	0.116	0.117	0.115	0.091	0.092	0.090	0.094	0.091	0.090	0.090	0.092	0.093	0.093	0.092	0.090	0.093
2:00:07	23.9	0.091	0.090	0.092	0.094	0.092	0.092	0.089	0.090	0.092	0.092	0.090	0.092	0.092	0.120	0.113	0.125	0.123	0.112	0.122	0.127	0.125	0.122	0.114	0.093	0.091	0.120	0.122	0.112	0.110	0.127	0.112	0.122	0.121	0.115	0.125	0.092	0.090	0.120	0.119	0.123	0.123	0.121	0.122	0.123	0.122	0.122	0.114	0.092	0.092	0.119	0.121	0.124	0.125	0.125	0.114	0.123	0.115	0.127	0.126	0.090	0.093	0.121	0.126	0.128	0.127	0.114	0.125	0.115	0.127	0.114	0.125	0.091	0.093	0.123	0.125	0.126	0.132	0.129	0.121	0.132	0.129	0.130	0.127	0.091	0.093	0.091	0.095	0.092	0.090	0.090	0.093	0.093	0.093	0.092	0.091	0.093
3:00:07	23.8	0.091	0.090	0.092	0.094	0.092	0.092	0.089	0.090	0.091	0.092	0.090	0.092	0.092	0.141	0.119	0.147	0.145	0.118	0.145	0.149	0.148	0.146	0.119	0.093	0.091	0.139	0.142	0.119	0.116	0.149	0.117	0.142	0.140	0.122	0.148	0.092	0.090	0.139	0.138	0.145	0.143	0.140	0.143	0.141	0.141	0.144	0.120	0.092	0.092	0.139	0.140	0.143	0.146	0.148	0.118	0.141	0.119	0.147	0.147	0.090	0.093	0.141	0.146	0.146	0.148	0.122	0.148	0.123	0.149	0.120	0.145	0.091	0.092	0.141	0.145	0.145	0.153	0.153	0.128	0.156	0.152	0.155	0.150	0.091	0.093	0.091	0.095	0.092	0.090	0.090	0.092	0.094	0.094	0.093	0.091	0.093
4:00:08	23.8	0.091	0.090	0.092	0.094	0.092	0.092	0.089	0.090	0.091	0.092	0.090	0.092	0.092	0.173	0.128	0.181	0.175	0.127	0.178	0.180	0.180	0.176	0.130	0.093	0.091	0.169	0.176	0.129	0.124	0.180	0.126	0.173	0.172	0.131	0.179	0.092	0.090	0.170	0.169	0.177	0.173	0.170	0.174	0.172	0.173	0.175	0.130	0.092	0.092	0.169	0.169	0.172	0.177	0.177	0.125	0.171	0.127	0.180	0.178	0.090	0.093	0.169	0.174	0.173	0.178	0.130	0.181	0.131	0.184	0.129	0.175	0.091	0.093	0.170	0.171	0.172	0.182	0.180	0.138	0.187	0.186	0.188	0.179	0.091	0.093	0.091	0.095	0.092	0.090	0.090	0.092	0.093	0.094	0.093	0.091	0.093
5:00:10	23.6	0.091	0.090	0.092	0.094	0.092	0.092	0.089	0.090	0.092	0.092	0.090	0.092	0.092	0.205	0.148	0.209	0.203	0.156	0.204	0.207	0.210	0.206	0.149	0.093	0.091	0.196	0.208	0.147	0.146	0.214	0.145	0.201	0.202	0.147	0.208	0.093	0.090	0.201	0.194	0.204	0.201	0.195	0.203	0.200	0.203	0.203	0.141	0.092	0.092	0.197	0.202	0.198	0.209	0.207	0.140	0.199	0.141	0.206	0.208	0.090	0.093	0.199	0.201	0.202	0.210	0.143	0.206	0.143	0.214	0.142	0.203	0.091	0.093	0.202	0.201	0.203	0.214	0.207	0.147	0.219	0.214	0.216	0.208	0.091	0.093	0.091	0.095	0.091	0.090	0.090	0.092	0.093	0.094	0.093	0.091	0.093
6:00:10	23.5	0.091	0.091	0.092	0.094	0.092	0.093	0.089	0.090	0.092	0.092	0.090	0.093	0.092	0.241	0.160	0.251	0.242	0.153	0.240	0.245	0.248	0.245	0.153	0.093	0.091	0.233	0.246	0.149	0.150	0.262	0.150	0.243	0.237	0.152	0.244	0.092	0.090	0.236	0.229	0.240	0.238	0.241	0.245	0.241	0.247	0.251	0.150	0.092	0.092	0.237	0.240	0.244	0.261	0.251	0.143	0.238	0.143	0.242	0.247	0.090	0.093	0.249	0.242	0.245	0.262	0.147	0.241	0.149	0.254	0.147	0.243	0.091	0.092	0.242	0.251	0.244	0.260	0.265	0.153	0.263	0.252	0.254	0.251	0.091	0.093	0.091	0.095	0.092	0.090	0.090	0.093	0.094	0.094	0.093	0.091	0.093
7:00:11	23.2	0.091	0.090	0.092	0.094	0.092	0.092	0.089	0.090	0.091	0.093	0.090	0.093	0.091	0.321	0.158	0.316	0.313	0.158	0.321	0.329	0.329	0.326	0.162	0.093	0.091	0.310	0.310	0.154	0.152	0.322	0.153	0.324	0.316	0.159	0.320	0.092	0.090	0.311	0.303	0.312	0.304	0.304	0.309	0.322	0.327	0.328	0.157	0.092	0.092	0.297	0.310	0.308	0.311	0.308	0.148	0.310	0.153	0.319	0.303	0.090	0.093	0.303	0.307	0.309	0.316	0.157	0.310	0.160	0.323	0.154	0.301	0.091	0.092	0.310	0.296	0.313	0.297	0.300	0.164	0.330	0.319	0.310	0.305	0.091	0.093	0.091	0.095	0.091	0.090	0.090	0.093	0.093	0.094	0.093	0.091	0.093
8:00:12	23.0	0.091	0.090	0.092	0.094	0.092	0.092	0.089	0.090	0.092	0.093	0.090	0.093	0.092	0.331	0.174	0.325	0.318	0.176	0.330	0.333	0.340	0.341	0.172	0.093	0.091	0.324	0.320	0.173	0.171	0.321	0.170	0.332	0.333	0.173	0.355	0.093	0.090	0.320	0.320	0.325	0.311	0.311	0.334	0.329	0.335	0.345	0.172	0.092	0.092	0.312	0.319	0.323	0.315	0.308	0.159	0.322	0.167	0.335	0.323	0.090	0.093	0.310	0.315	0.316	0.331	0.172	0.331	0.174	0.338	0.168	0.322	0.091	0.093	0.322	0.307	0.315	0.322	0.326	0.178	0.348	0.335	0.345	0.328	0.091	0.093	0.091	0.095	0.092	0.090	0.090	0.093	0.094	0.094	0.093	0.091	0.093
9:00:13	22.8	0.091	0.091	0.092	0.094	0.093	0.092	0.090	0.090	0.092	0.093	0.091	0.093	0.092	0.376	0.191	0.364	0.350	0.197	0.368	0.376	0.385	0.383	0.194	0.093	0.091	0.362	0.364	0.191	0.188	0.366	0.188	0.371	0.376	0.193	0.396	0.093	0.090	0.353	0.363	0.374	0.340	0.359	0.374	0.366	0.380	0.380	0.194	0.093	0.092	0.356	0.356	0.358	0.368	0.363	0.173	0.370	0.185	0.376	0.362	0.090	0.093	0.352	0.354	0.356	0.378	0.190	0.382	0.194	0.387	0.185	0.354	0.092	0.093	0.360	0.351	0.355	0.367	0.379	0.198	0.394	0.385	0.393	0.377	0.091	0.093	0.091	0.095	0.092	0.090	0.095	0.093	0.094	0.094	0.093	0.091	0.094
10:00:14	22.5	0.091	0.091	0.092	0.094	0.092	0.092	0.090	0.090	0.092	0.093	0.091	0.093	0.092	0.414	0.212	0.407	0.374	0.222	0.412	0.421	0.431	0.418	0.218	0.093	0.091	0.398	0.416	0.213	0.213	0.415	0.211	0.411	0.424	0.218	0.445	0.093	0.090	0.383	0.387	0.424	0.394	0.410	0.421	0.407	0.426	0.411	0.221	0.093	0.092	0.389	0.392	0.392	0.413	0.413	0.190	0.418	0.207	0.420	0.403	0.090	0.093	0.392	0.389	0.385	0.423	0.215	0.432	0.221	0.432	0.209	0.383	0.091	0.093	0.402	0.410	0.395	0.414	0.436	0.222	0.442	0.435	0.454	0.432	0.091	0.093	0.091	0.095	0.092	0.090	0.090	0.093	0.094	0.094	0.093	0.091	0.093
11:00:23	22.3	0.091	0.090	0.092	0.094	0.092	0.092	0.090	0.090	0.091	0.093	0.090	0.092	0.092	0.467	0.242	0.465	0.434	0.256	0.473	0.475	0.483	0.475	0.250	0.093	0.091	0.465	0.490	0.243	0.244	0.480	0.241	0.463	0.472	0.247	0.505	0.093	0.090	0.427	0.461	0.476	0.456	0.457	0.477	0.459	0.473	0.466	0.249	0.092	0.092	0.448	0.467	0.452	0.475	0.473	0.210	0.469	0.240	0.466	0.461	0.090	0.093	0.453	0.458	0.452	0.485	0.246	0.487	0.255	0.489	0.239	0.447	0.091	0.093	0.445	0.456	0.462	0.490	0.496	0.251	0.497	0.491	0.511	0.498	0.091	0.093	0.091	0.095	0.092	0.090	0.094	0.093	0.093	0.094	0.093	0.091	0.093
12:00:16	22.0	0.091	0.090	0.092	0.094	0.092	0.093	0.090	0.091	0.092	0.093	0.091	0.093	0.092	0.539	0.280	0.533	0.515	0.295	0.541	0.542	0.550	0.548	0.289	0.093	0.091	0.535	0.559	0.280	0.284	0.547	0.276	0.529	0.538	0.285	0.571	0.093	0.090	0.501	0.532	0.543	0.524	0.529	0.543	0.527	0.537	0.541	0.286	0.093	0.092	0.521	0.534	0.519	0.550	0.542	0.240	0.534	0.278	0.539	0.536	0.090	0.093	0.526	0.520	0.525	0.560	0.290	0.555	0.301	0.558	0.280	0.527	0.091	0.093	0.525	0.524	0.538	0.566	0.568	0.293	0.567	0.563	0.581	0.571	0.091	0.093	0.091	0.095	0.092	0.090	0.090	0.093	0.094	0.094	0.093	0.091	0.093
13:00:17	21.8	0.091	0.090	0.092	0.094	0.092	0.092	0.090	0.090	0.092	0.093	0.090	0.092	0.092	0.623	0.330	0.612	0.594	0.352	0.616	0.614	0.627	0.634	0.329	0.093	0.091	0.609	0.636	0.330	0.337	0.622	0.323	0.605	0.620	0.336	0.653	0.093	0.090	0.593	0.613	0.620	0.605	0.608	0.620	0.606	0.618	0.626	0.334	0.093	0.092	0.610	0.608	0.599	0.620	0.622	0.277	0.615	0.319	0.627	0.621	0.090	0.093	0.607	0.599	0.608	0.636	0.333	0.636	0.346	0.642	0.328	0.625	0.091	0.093	0.612	0.607	0.619	0.643	0.645	0.344	0.647	0.643	0.665	0.653	0.091	0.093	0.091	0.095	0.092	0.090	0.090	0.092	0.094	0.094	0.093	0.091	0.093
14:00:17	21.6	0.091	0.091	0.092	0.094	0.093	0.092	0.090	0.091	0.092	0.093	0.091	0.093	0.092	0.690	0.384	0.676	0.661	0.405	0.677	0.674	0.690	0.701	0.392	0.094	0.091	0.677	0.703	0.381	0.394	0.684	0.381	0.666	0.683	0.387	0.723	0.093	0.090	0.670	0.676	0.686	0.665	0.673	0.685	0.668	0.678	0.697	0.389	0.093	0.092	0.685	0.669	0.671	0.683	0.686	0.319	0.678	0.376	0.697	0.702	0.090	0.093	0.679	0.667	0.671	0.700	0.392	0.701	0.405	0.705	0.385	0.709	0.091	0.093	0.687	0.680	0.681	0.709	0.710	0.402	0.709	0.709	0.736	0.733	0.091	0.093	0.091	0.095	0.092	0.090	0.090	0.093	0.094	0.094	0.093	0.091	0.093
15:00:19	21.3	0.091	0.090	0.092	0.094	0.092	0.093	0.090	0.090	0.092	0.092	0.090	0.093	0.092	0.747	0.444	0.731	0.720	0.466	0.735	0.730	0.747	0.761	0.446	0.093	0.091	0.737	0.760	0.445	0.458	0.741	0.440	0.724	0.742	0.449	0.785	0.093	0.090	0.735	0.732	0.742	0.724	0.733	0.742	0.726	0.738	0.759	0.456	0.093	0.092	0.747	0.729	0.734	0.742	0.742	0.371	0.736	0.432	0.758	0.768	0.090	0.093	0.741	0.730	0.730	0.758	0.452	0.756	0.461	0.766	0.439	0.776	0.091	0.093	0.751	0.744	0.739	0.769	0.764	0.467	0.768	0.769	0.797	0.799	0.091	0.093	0.091	0.095	0.091	0.090	0.091	0.093	0.094	0.094	0.093	0.091	0.093
16:00:20	21.1	0.091	0.091	0.092	0.094	0.092	0.093	0.090	0.090	0.092	0.093	0.091	0.093	0.092	0.807	0.500	0.784	0.774	0.527	0.786	0.780	0.800	0.819	0.505	0.094	0.091	0.794	0.809	0.500	0.507	0.792	0.505	0.777	0.796	0.510	0.842	0.093	0.090	0.794	0.789	0.795	0.777	0.787	0.795	0.779	0.794	0.815	0.511	0.093	0.092	0.805	0.786	0.786	0.792	0.797	0.424	0.789	0.497	0.816	0.827	0.091	0.093	0.800	0.789	0.787	0.811	0.506	0.810	0.521	0.824	0.497	0.838	0.092	0.093	0.808	0.800	0.798	0.816	0.817	0.529	0.823	0.827	0.856	0.858	0.091	0.093	0.091	0.095	0.092	0.090	0.091	0.093	0.094	0.094	0.093	0.091	0.094
17:00:20	21.1	0.091	0.091	0.092	0.094	0.093	0.092	0.090	0.091	0.092	0.093	0.091	0.093	0.092	0.874	0.546	0.837	0.825	0.569	0.836	0.830	0.853	0.875	0.558	0.094	0.091	0.850	0.863	0.551	0.560	0.843	0.550	0.829	0.851	0.559	0.901	0.093	0.090	0.851	0.848	0.852	0.830	0.838	0.848	0.832	0.849	0.874	0.567	0.093	0.092	0.860	0.844	0.838	0.838	0.848	0.472	0.846	0.546	0.873	0.883	0.091	0.093	0.859	0.847	0.845	0.862	0.554	0.867	0.570	0.880	0.553	0.897	0.092	0.093	0.867	0.858	0.855	0.870	0.870	0.583	0.880	0.884	0.957	0.924	0.091	0.093	0.091	0.095	0.092	0.090	0.091	0.093	0.094	0.094	0.093	0.091	0.093
18:00:21	21.2	0.091	0.091	0.092	0.094	0.093	0.093	0.090	0.090	0.092	0.093	0.091	0.093	0.092	0.947	0.589	0.779	0.665	0.608	0.702	0.748	0.725	0.870	0.605	0.094	0.091	0.914	0.936	0.594	0.599	0.770	0.598	0.684	0.698	0.602	1.037	0.093	0.090	0.923	0.929	0.864	0.729	0.727	0.800	0.707	0.914	0.971	0.615	0.093	0.092	1.003	0.987	0.904	0.867	0.870	0.524	0.729	0.584	0.997	1.019	0.091	0.093	1.028	1.052	0.926	0.912	0.599	0.912	0.623	0.917	0.601	1.008	0.092	0.093	0.984	1.039	0.975	0.901	0.966	0.634	0.966	0.957	0.998	1.006	0.092	0.093	0.091	0.095	0.092	0.090	0.091	0.093	0.094	0.094	0.093	0.091	0.094
19:00:23	21.3	0.091	0.091	0.093	0.094	0.093	0.093	0.090	0.091	0.092	0.093	0.091	0.093	0.092	1.094	0.622	0.985	0.923	0.637	0.970	0.999	1.000	0.993	0.641	0.094	0.091	1.052	1.014	0.625	0.633	1.020	0.633	0.989	1.011	0.649	1.101	0.093	0.090	1.047	1.083	1.027	0.961	0.995	1.018	0.998	1.078	1.125	0.653	0.093	0.092	1.091	1.041	1.052	1.007	1.028	0.566	1.020	0.625	1.045	1.065	0.091	0.093	1.082	1.110	1.082	1.031	0.637	1.075	0.665	1.096	0.640	1.051	0.092	0.093	1.100	1.095	1.167	1.049	1.062	0.681	1.090	1.095	1.095	1.057	0.092	0.093	0.092	0.095	0.092	0.090	0.095	0.093	0.094	0.094	0.093	0.091	0.094
20:00:31	21.6	0.091	0.090	0.092	0.094	0.093	0.093	0.090	0.090	0.092	0.093	0.091	0.093	0.092	1.070	0.653	1.003	1.012	0.674	1.019	1.037	1.052	1.088	0.682	0.094	0.091	1.074	1.067	0.651	0.657	1.012	0.663	1.046	1.079	0.691	1.103	0.093	0.090	1.065	1.072	1.037	1.006	1.044	1.081	1.044	1.064	1.101	0.694	0.093	0.092	1.070	1.062	1.064	1.018	1.031	0.603	1.047	0.656	1.088	1.094	0.090	0.093	1.074	1.072	1.075	1.039	0.666	1.070	0.700	1.087	0.681	1.090	0.092	0.093	1.090	1.066	1.083	1.048	1.051	0.722	1.083	1.093	1.082	1.092	0.091	0.093	0.091	0.095	0.092	0.090	0.090	0.093	0.094	0.094	0.093	0.091	0.093
21:00:25	22.0	0.091	0.091	0.092	0.094	0.093	0.093	0.090	0.090	0.092	0.093	0.091	0.093	0.092	1.055	0.695	1.014	1.025	0.707	1.031	1.048	1.049	1.087	0.721	0.094	0.091	1.064	1.049	0.690	0.683	1.029	0.694	1.053	1.073	0.730	1.095	0.093	0.090	1.055	1.052	1.039	1.012	1.045	1.077	1.056	1.046	1.071	0.744	0.093	0.092	1.057	1.057	1.041	1.028	1.040	0.635	1.062	0.695	1.094	1.087	0.090	0.093	1.076	1.064	1.050	1.042	0.693	1.081	0.727	1.090	0.723	1.080	0.091	0.093	1.090	1.068	1.050	1.055	1.053	0.733	1.083	1.097	1.085	1.088	0.091	0.093	0.091	0.095	0.092	0.090	0.092	0.093	0.094	0.094	0.093	0.091	0.093
22:00:26	22.4	0.091	0.091	0.092	0.094	0.093	0.092	0.090	0.091	0.092	0.093	0.091	0.093	0.092	1.058	0.705	1.025	1.033	0.726	1.042	1.052	1.055	1.087	0.748	0.095	0.091	1.065	1.053	0.717	0.704	1.037	0.722	1.055	1.073	0.760	1.104	0.093	0.090	1.061	1.057	1.043	1.022	1.047	1.074	1.060	1.051	1.071	0.769	0.093	0.092	1.065	1.064	1.046	1.038	1.049	0.665	1.071	0.730	1.103	1.098	0.091	0.093	1.082	1.074	1.051	1.053	0.713	1.088	0.750	1.095	0.758	1.089	0.091	0.093	1.096	1.075	1.058	1.061	1.059	0.769	1.088	1.103	1.084	1.088	0.091	0.093	0.091	0.094	0.092	0.090	0.090	0.093	0.094	0.094	0.093	0.091	0.093
23:00:26	22.8	0.091	0.090	0.092	0.094	0.093	0.093	0.090	0.090	0.092	0.093	0.091	0.093	0.092	1.071	0.733	1.034	1.043	0.744	1.045	1.059	1.063	1.094	0.788	0.094	0.091	1.070	1.061	0.729	0.717	1.043	0.737	1.062	1.078	0.786	1.112	0.093	0.090	1.072	1.068	1.052	1.029	1.057	1.082	1.064	1.065	1.081	0.792	0.093	0.093	1.075	1.073	1.057	1.045	1.054	0.689	1.078	0.753	1.109	1.103	0.091	0.093	1.091	1.085	1.061	1.055	0.729	1.092	0.763	1.098	0.783	1.093	0.091	0.093	1.104	1.084	1.074	1.063	1.064	0.785	1.089	1.106	1.088	1.091	0.092	0.093	0.091	0.095	0.092	0.090	0.091	0.093	0.094	0.094	0.093	0.091	0.093
24:00:27	23.1	0.091	0.091	0.092	0.094	0.093	0.093	0.090	0.090	0.092	0.093	0.091	0.093	0.092	1.082	0.753	1.044	1.047	0.753	1.056	1.063	1.069	1.099	0.798	0.094	0.091	1.074	1.064	0.743	0.726	1.052	0.749	1.067	1.085	0.802	1.122	0.093	0.090	1.081	1.070	1.058	1.038	1.059	1.084	1.071	1.073	1.093	0.809	0.093	0.093	1.082	1.076	1.066	1.047	1.063	0.707	1.085	0.770	1.115	1.110	0.091	0.093	1.095	1.090	1.062	1.059	0.739	1.091	0.768	1.101	0.802	1.095	0.092	0.093	1.102	1.088	1.084	1.064	1.071	0.805	1.091	1.107	1.138	1.091	0.091	0.093	0.092	0.095	0.092	0.090	0.090	0.093	0.094	0.094	0.093	0.091	0.093
25:00:28	23.3	0.091	0.091	0.093	0.094	0.093	0.093	0.090	0.090	0.092	0.093	0.091	0.093	0.092	1.090	0.757	1.051	1.055	0.754	1.061	1.068	1.076	1.105	0.806	0.094	0.091	1.080	1.070	0.750	0.726	1.056	0.753	1.070	1.089	0.804	1.130	0.093	0.090	1.089	1.077	1.065	1.043	1.063	1.087	1.072	1.081	1.101	0.818	0.093	0.092	1.085	1.081	1.071	1.053	1.068	0.718	1.087	0.776	1.120	1.114	0.090	0.093	1.095	1.093	1.067	1.063	0.736	1.094	0.765	1.105	0.808	1.101	0.091	0.093	1.104	1.092	1.091	1.067	1.076	0.815	1.101	1.113	1.129	1.105	0.092	0.093	0.091	0.095	0.092	0.090	0.090	0.093	0.094	0.094	0.093	0.091	0.093
26:00:30	23.4	0.091	0.091	0.093	0.094	0.093	0.093	0.090	0.091	0.092	0.094	0.091	0.093	0.092	1.098	0.764	1.056	1.062	0.749	1.066	1.075	1.085	1.110	0.814	0.094	0.091	1.088	1.076	0.758	0.721	1.063	0.752	1.077	1.096	0.804	1.139	0.093	0.090	1.093	1.082	1.073	1.050	1.069	1.093	1.078	1.085	1.107	0.818	0.093	0.093	1.088	1.086	1.073	1.057	1.074	0.722	1.091	0.781	1.123	1.120	0.091	0.093	1.100	1.099	1.071	1.067	0.729	1.104	0.760	1.110	0.808	1.109	0.092	0.093	1.112	1.099	1.097	1.073	1.083	0.812	1.150	1.121	1.140	1.129	0.092	0.094	0.092	0.095	0.092	0.090	0.091	0.093	0.094	0.094	0.094	0.091	0.094
27:00:30	23.4	0.091	0.091	0.092	0.094	0.093	0.093	0.090	0.090	0.092	0.093	0.091	0.093	0.092	1.105	0.751	1.066	1.071	0.741	1.074	1.082	1.093	1.118	0.810	0.094	0.091	1.102	1.083	0.762	0.716	1.073	0.744	1.083	1.102	0.800	1.188	0.093	0.090	1.099	1.094	1.098	1.059	1.076	1.099	1.084	1.091	1.114	0.813	0.093	0.093	1.099	1.105	1.080	1.064	1.081	0.718	1.098	0.777	1.130	1.134	0.091	0.094	1.130	1.130	1.080	1.075	0.722	1.163	0.752	1.149	0.803	1.159	0.092	0.093	1.153	1.143	1.109	1.085	1.105	0.808	1.174	1.192	1.133	1.142	0.092	0.094	0.092	0.095	0.092	0.090	0.090	0.093	0.094	0.094	0.094	0.091	0.094
28:00:32	23.4	0.091	0.091	0.092	0.094	0.093	0.093	0.090	0.091	0.092	0.093	0.091	0.093	0.092	1.119	0.743	1.081	1.084	0.733	1.087	1.093	1.104	1.128	0.807	0.094	0.091	1.128	1.099	0.746	0.707	1.102	0.737	1.092	1.111	0.792	1.191	0.093	0.090	1.111	1.110	1.073	1.079	1.087	1.107	1.093	1.098	1.135	0.810	0.093	0.092	1.132	1.146	1.088	1.081	1.096	0.718	1.117	0.770	1.172	1.165	0.090	0.093	1.127	1.136	1.099	1.100	0.711	1.159	0.744	1.171	0.797	1.153	0.091	0.093	1.159	1.148	1.140	1.121	1.156	0.797	1.168	1.179	1.137	1.178	0.091	0.093	0.092	0.095	0.092	0.090	0.090	0.093	0.094	0.094	0.093	0.091	0.093
29:00:33	23.3	0.091	0.091	0.092	0.094	0.093	0.093	0.090	0.090	0.092	0.093	0.091	0.093	0.093	1.135	0.742	1.110	1.096	0.720	1.104	1.114	1.128	1.145	0.800	0.094	0.091	1.153	1.125	0.738	0.696	1.078	0.724	1.094	1.134	0.786	1.195	0.093	0.090	1.132	1.145	1.113	1.039	1.104	1.135	1.115	1.130	1.218	0.803	0.093	0.092	1.126	1.134	1.110	1.075	1.128	0.715	1.163	0.764	1.180	1.189	0.091	0.093	1.163	1.161	1.157	1.086	0.701	1.169	0.735	1.179	0.788	1.179	0.092	0.093	1.182	1.176	1.133	1.112	1.165	0.791	1.163	1.190	1.151	1.181	0.091	0.093	0.092	0.095	0.092	0.090	0.091	0.093	0.094	0.094	0.093	0.091	0.093
30:00:34	23.1	0.091	0.091	0.092	0.094	0.093	0.093	0.090	0.090	0.092	0.093	0.091	0.093	0.093	1.174	0.738	1.030	1.028	0.717	1.101	1.084	1.110	1.208	0.795	0.094	0.091	1.142	1.119	0.732	0.692	1.115	0.715	1.082	1.129	0.778	1.197	0.093	0.090	1.188	1.130	1.137	1.107	1.067	1.113	1.147	1.133	1.176	0.795	0.093	0.093	1.157	1.157	1.097	1.083	1.125	0.710	1.154	0.756	1.192	1.198	0.091	0.093	1.182	1.187	1.146	1.115	0.695	1.168	0.730	1.181	0.781	1.186	0.092	0.094	1.195	1.192	1.162	1.170	1.184	0.782	1.163	1.195	1.180	1.192	0.091	0.093	0.092	0.095	0.092	0.091	0.091	0.093	0.094	0.094	0.094	0.091	0.093
31:00:34	22.9	0.091	0.091	0.092	0.094	0.093	0.093	0.090	0.091	0.092	0.093	0.091	0.093	0.093	1.112	0.733	1.075	1.061	0.711	1.104	1.137	1.153	1.177	0.784	0.094	0.091	1.178	1.153	0.723	0.685	1.141	0.711	1.141	1.163	0.774	1.200	0.093	0.090	1.152	1.157	1.141	1.131	1.128	1.168	1.132	1.150	1.180	0.792	0.093	0.093	1.181	1.176	1.125	1.128	1.152	0.706	1.169	0.743	1.196	1.204	0.091	0.093	1.189	1.192	1.167	1.163	0.691	1.163	0.727	1.179	0.775	1.188	0.092	0.093	1.203	1.198	1.194	1.182	1.185	0.777	1.167	1.193	1.218	1.203	0.092	0.093	0.092	0.095	0.092	0.090	0.090	0.093	0.094	0.094	0.093	0.091	0.094
32:00:36	22.7	0.091	0.091	0.092	0.094	0.093	0.093	0.090	0.091	0.092	0.093	0.091	0.093	0.092	1.148	0.731	1.108	1.106	0.706	1.147	1.159	1.173	1.199	0.779	0.094	0.091	1.187	1.168	0.716	0.680	1.151	0.706	1.160	1.177	0.767	1.205	0.093	0.090	1.187	1.176	1.146	1.139	1.152	1.175	1.151	1.161	1.183	0.787	0.093	0.092	1.190	1.181	1.159	1.143	1.163	0.704	1.178	0.736	1.197	1.207	0.091	0.093	1.194	1.198	1.169	1.173	0.688	1.167	0.725	1.180	0.771	1.193	0.091	0.093	1.208	1.200	1.197	1.183	1.185	0.774	1.177	1.193	1.273	1.218	0.091	0.093	0.091	0.095	0.092	0.090	0.090	0.093	0.094	0.094	0.093	0.091	0.093
33:00:36	22.5	0.091	0.090	0.093	0.094	0.093	0.093	0.090	0.091	0.092	0.093	0.091	0.093	0.092	1.190	0.727	1.145	1.155	0.703	1.163	1.175	1.187	1.201	0.777	0.094	0.091	1.195	1.173	0.714	0.678	1.162	0.702	1.176	1.189	0.763	1.215	0.093	0.090	1.195	1.185	1.158	1.153	1.166	1.184	1.171	1.166	1.187	0.785	0.093	0.093	1.197	1.188	1.175	1.163	1.177	0.699	1.186	0.731	1.202	1.214	0.090	0.093	1.205	1.208	1.177	1.183	0.684	1.175	0.727	1.186	0.767	1.204	0.092	0.093	1.217	1.208	1.205	1.190	1.194	0.771	1.194	1.199	1.325	1.237	0.092	0.093	0.092	0.095	0.092	0.090	0.090	0.093	0.094	0.094	0.093	0.091	0.093
34:00:38	22.3	0.091	0.091	0.093	0.095	0.093	0.093	0.090	0.091	0.092	0.094	0.092	0.094	0.092	1.214	0.727	1.169	1.188	0.702	1.184	1.191	1.202	1.209	0.774	0.095	0.091	1.209	1.185	0.714	0.678	1.177	0.700	1.194	1.201	0.764	1.231	0.094	0.090	1.212	1.196	1.174	1.167	1.181	1.194	1.188	1.177	1.198	0.786	0.093	0.093	1.211	1.201	1.189	1.181	1.193	0.692	1.197	0.728	1.212	1.230	0.091	0.094	1.220	1.226	1.191	1.199	0.683	1.191	0.729	1.202	0.765	1.222	0.092	0.093	1.232	1.226	1.216	1.201	1.208	0.773	1.226	1.215	1.265	1.266	0.092	0.093	0.092	0.095	0.092	0.091	0.091	0.093	0.094	0.094	0.094	0.092	0.094
35:00:38	22.0	0.091	0.091	0.093	0.095	0.093	0.093	0.090	0.091	0.092	0.094	0.091	0.094	0.093	1.230	0.732	1.192	1.205	0.706	1.200	1.210	1.216	1.218	0.775	0.095	0.091	1.223	1.197	0.715	0.681	1.192	0.704	1.211	1.215	0.769	1.249	0.094	0.090	1.223	1.208	1.190	1.181	1.197	1.205	1.204	1.190	1.208	0.789	0.093	0.093	1.223	1.214	1.201	1.195	1.206	0.689	1.209	0.728	1.224	1.248	0.091	0.094	1.235	1.238	1.196	1.209	0.687	1.210	0.736	1.219	0.769	1.244	0.092	0.094	1.246	1.240	1.226	1.209	1.224	0.776	1.265	1.233	1.273	1.299	0.092	0.094	0.092	0.095	0.092	0.091	0.091	0.093	0.094	0.095	0.094	0.092	0.094
36:00:39	21.8	0.091	0.091	0.093	0.094	0.093	0.093	0.090	0.091	0.092	0.094	0.091	0.093	0.092	1.248	0.736	1.213	1.222	0.710	1.216	1.225	1.231	1.230	0.779	0.095	0.091	1.246	1.212	0.721	0.687	1.207	0.708	1.226	1.228	0.774	1.276	0.094	0.090	1.241	1.224	1.210	1.196	1.214	1.217	1.219	1.204	1.224	0.794	0.093	0.093	1.243	1.236	1.214	1.211	1.220	0.691	1.221	0.733	1.242	1.271	0.091	0.094	1.260	1.264	1.214	1.224	0.693	1.236	0.743	1.242	0.775	1.271	0.092	0.093	1.275	1.267	1.251	1.227	1.248	0.783	1.352	1.258	1.277	1.247	0.092	0.093	0.092	0.095	0.092	0.090	0.091	0.093	0.094	0.094	0.093	0.091	0.093
37:00:40	21.6	0.091	0.091	0.093	0.095	0.093	0.093	0.090	0.091	0.092	0.094	0.092	0.093	0.093	1.260	0.744	1.236	1.243	0.719	1.239	1.242	1.250	1.246	0.785	0.095	0.092	1.266	1.232	0.728	0.696	1.230	0.718	1.244	1.244	0.783	1.321	0.094	0.091	1.258	1.243	1.241	1.216	1.232	1.232	1.236	1.220	1.249	0.802	0.093	0.093	1.265	1.255	1.235	1.230	1.243	0.693	1.238	0.739	1.267	1.301	0.091	0.094	1.285	1.288	1.233	1.247	0.703	1.285	0.754	1.273	0.784	1.312	0.092	0.094	1.308	1.293	1.267	1.254	1.272	0.795	1.316	1.297	1.288	1.328	0.092	0.094	0.092	0.095	0.092	0.091	0.091	0.093	0.094	0.094	0.094	0.092	0.093
38:00:41	21.3	0.091	0.091	0.093	0.094	0.093	0.093	0.090	0.091	0.092	0.093	0.091	0.093	0.092	1.275	0.752	1.253	1.263	0.729	1.256	1.260	1.268	1.261	0.795	0.095	0.091	1.283	1.246	0.736	0.706	1.251	0.727	1.262	1.263	0.792	1.402	0.093	0.090	1.270	1.258	1.268	1.238	1.252	1.252	1.253	1.239	1.269	0.813	0.093	0.093	1.281	1.272	1.246	1.248	1.262	0.700	1.257	0.748	1.288	1.334	0.091	0.094	1.311	1.307	1.246	1.260	0.713	1.307	0.766	1.306	0.795	1.319	0.092	0.093	1.306	1.324	1.285	1.269	1.297	0.806	1.331	1.359	1.294	1.344	0.092	0.093	0.092	0.095	0.092	0.091	0.091	0.093	0.094	0.094	0.094	0.092	0.093
39:00:42	21.1	0.091	0.090	0.092	0.094	0.093	0.093	0.090	0.091	0.092	0.093	0.091	0.093	0.092	1.288	0.764	1.267	1.278	0.739	1.270	1.273	1.284	1.275	0.804	0.095	0.091	1.300	1.259	0.744	0.716	1.268	0.739	1.277	1.278	0.805	1.337	0.093	0.090	1.284	1.272	1.305	1.253	1.264	1.264	1.265	1.254	1.287	0.823	0.093	0.093	1.297	1.290	1.257	1.260	1.276	0.708	1.272	0.759	1.307	1.277	0.091	0.093	1.361	1.347	1.261	1.275	0.725	1.297	0.778	1.301	0.808	1.322	0.092	0.093	1.309	1.273	1.303	1.280	1.215	0.816	1.327	1.340	1.302	1.345	0.092	0.093	0.092	0.095	0.092	0.090	0.091	0.093	0.094	0.094	0.094	0.092	0.093
40:00:44	20.9	0.091	0.090	0.093	0.095	0.093	0.093	0.090	0.091	0.092	0.094	0.091	0.093	0.092	1.302	0.776	1.284	1.294	0.753	1.286	1.286	1.302	1.289	0.816	0.094	0.091	1.329	1.273	0.756	0.728	1.289	0.751	1.293	1.294	0.817	1.363	0.094	0.090	1.300	1.293	1.232	1.269	1.278	1.276	1.281	1.271	1.309	0.834	0.093	0.093	1.328	1.323	1.270	1.275	1.291	0.717	1.288	0.771	1.335	1.348	0.091	0.093	1.324	1.301	1.279	1.281	0.738	1.325	0.792	1.342	0.820	1.347	0.092	0.093	1.333	1.342	1.337	1.234	1.287	0.831	1.327	1.357	1.314	1.350	0.092	0.094	0.092	0.095	0.092	0.090	0.091	0.093	0.094	0.094	0.094	0.092	0.093
41:00:44	20.9	0.091	0.091	0.093	0.094	0.093	0.093	0.090	0.091	0.092	0.094	0.091	0.093	0.093	1.319	0.786	1.302	1.312	0.764	1.300	1.301	1.319	1.305	0.828	0.095	0.091	1.310	1.293	0.765	0.741	1.309	0.763	1.309	1.309	0.828	1.374	0.094	0.090	1.315	1.323	1.286	1.287	1.291	1.290	1.294	1.286	1.310	0.846	0.093	0.093	1.311	1.298	1.283	1.289	1.299	0.727	1.310	0.784	1.297	1.371	0.091	0.094	1.338	1.337	1.302	1.225	0.752	1.336	0.803	1.359	0.832	1.352	0.092	0.094	1.342	1.357	1.287	1.269	1.322	0.844	1.328	1.356	1.327	1.356	0.092	0.093	0.092	0.095	0.092	0.090	0.091	0.093	0.094	0.094	0.094	0.091	0.093
42:00:45	21.0	0.091	0.091	0.093	0.094	0.093	0.093	0.090	0.091	0.092	0.093	0.091	0.093	0.092	1.337	0.798	1.268	1.328	0.774	1.314	1.316	1.337	1.324	0.840	0.095	0.091	1.304	1.319	0.776	0.752	1.263	0.773	1.325	1.324	0.840	1.374	0.093	0.090	1.330	1.337	1.308	1.225	1.303	1.306	1.307	1.302	1.332	0.857	0.093	0.093	1.328	1.325	1.299	1.220	1.236	0.736	1.278	0.797	1.355	1.373	0.091	0.093	1.347	1.359	1.281	1.265	0.763	1.339	0.815	1.358	0.844	1.356	0.092	0.093	1.351	1.359	1.331	1.326	1.333	0.855	1.330	1.357	1.355	1.365	0.092	0.094	0.092	0.095	0.092	0.091	0.091	0.093	0.094	0.094	0.094	0.091	0.093
43:00:45	21.3	0.091	0.091	0.093	0.094	0.093	0.093	0.090	0.091	0.092	0.093	0.091	0.093	0.092	1.352	0.808	1.222	1.343	0.784	1.257	1.347	1.277	1.334	0.850	0.094	0.091	1.343	1.277	0.786	0.762	1.296	0.784	1.255	1.273	0.851	1.379	0.093	0.090	1.347	1.304	1.326	1.277	1.290	1.329	1.326	1.348	1.373	0.866	0.093	0.092	1.352	1.359	1.285	1.261	1.279	0.746	1.311	0.809	1.378	1.375	0.091	0.094	1.356	1.363	1.312	1.296	0.774	1.342	0.824	1.362	0.857	1.359	0.092	0.093	1.356	1.364	1.356	1.336	1.341	0.864	1.335	1.361	1.389	1.376	0.092	0.093	0.092	0.095	0.092	0.090	0.091	0.093	0.094	0.094	0.093	0.092	0.093
44:00:46	21.8	0.091	0.091	0.093	0.094	0.093	0.093	0.090	0.091	0.092	0.093	0.091	0.093	0.092	1.311	0.816	1.254	1.224	0.790	1.236	1.291	1.301	1.340	0.859	0.094	0.091	1.369	1.304	0.795	0.770	1.316	0.792	1.247	1.301	0.860	1.381	0.094	0.091	1.257	1.352	1.332	1.304	1.231	1.294	1.260	1.292	1.386	0.876	0.093	0.093	1.364	1.361	1.273	1.293	1.317	0.753	1.336	0.818	1.383	1.380	0.091	0.093	1.355	1.369	1.350	1.329	0.782	1.347	0.832	1.365	0.868	1.367	0.092	0.093	1.360	1.369	1.371	1.346	1.348	0.873	1.341	1.366	1.379	1.387	0.092	0.093	0.092	0.095	0.092	0.091	0.091	0.093	0.094	0.094	0.094	0.091	0.094
45:00:48	22.4	0.091	0.091	0.093	0.094	0.093	0.093	0.090	0.091	0.092	0.093	0.092	0.093	0.092	1.269	0.823	1.279	1.236	0.794	1.278	1.337	1.357	1.360	0.866	0.095	0.091	1.375	1.357	0.802	0.774	1.331	0.798	1.308	1.348	0.868	1.385	0.093	0.090	1.328	1.363	1.335	1.315	1.306	1.333	1.314	1.337	1.384	0.881	0.093	0.093	1.367	1.364	1.317	1.310	1.334	0.760	1.360	0.827	1.387	1.385	0.091	0.093	1.358	1.371	1.357	1.348	0.789	1.351	0.837	1.370	0.875	1.372	0.092	0.094	1.362	1.373	1.371	1.352	1.352	0.879	1.350	1.371	1.391	1.399	0.091	0.094	0.092	0.095	0.092	0.090	0.091	0.093	0.094	0.094	0.093	0.091	0.093
46:00:53	23.2	0.091	0.091	0.093	0.094	0.093	0.093	0.090	0.091	0.092	0.094	0.091	0.094	0.093	1.333	0.826	1.296	1.273	0.797	1.324	1.345	1.361	1.381	0.873	0.094	0.091	1.379	1.360	0.806	0.778	1.338	0.803	1.348	1.367	0.873	1.392	0.094	0.090	1.378	1.365	1.335	1.324	1.336	1.347	1.339	1.350	1.388	0.886	0.093	0.093	1.371	1.367	1.340	1.325	1.346	0.762	1.362	0.834	1.392	1.389	0.091	0.094	1.357	1.373	1.361	1.352	0.791	1.356	0.839	1.373	0.880	1.379	0.092	0.094	1.366	1.377	1.373	1.355	1.354	0.882	1.363	1.375	1.397	1.408	0.092	0.094	0.092	0.095	0.092	0.091	0.091	0.093	0.094	0.094	0.094	0.092	0.094
47:00:49	23.9	0.091	0.090	0.093	0.094	0.093	0.093	0.090	0.091	0.092	0.093	0.091	0.093	0.093	1.354	0.831	1.315	1.307	0.794	1.343	1.355	1.373	1.392	0.873	0.094	0.091	1.383	1.366	0.806	0.776	1.341	0.801	1.356	1.377	0.873	1.398	0.093	0.090	1.387	1.367	1.335	1.327	1.340	1.357	1.357	1.361	1.393	0.885	0.093	0.093	1.372	1.368	1.353	1.333	1.353	0.762	1.368	0.835	1.395	1.396	0.091	0.093	1.359	1.377	1.363	1.353	0.791	1.361	0.835	1.376	0.881	1.385	0.092	0.093	1.369	1.380	1.375	1.355	1.355	0.880	1.385	1.380	1.403	1.419	0.091	0.093	0.091	0.095	0.092	0.090	0.091	0.093	0.094	0.094	0.093	0.091	0.093
48:00:50	24.5	0.091	0.091	0.093	0.095	0.093	0.093	0.090	0.091	0.092	0.093	0.091	0.093	0.092	1.377	0.828	1.335	1.328	0.787	1.349	1.364	1.382	1.398	0.872	0.095	0.091	1.392	1.372	0.802	0.770	1.343	0.795	1.369	1.385	0.869	1.409	0.094	0.090	1.392	1.372	1.332	1.325	1.351	1.364	1.365	1.370	1.397	0.880	0.093	0.093	1.379	1.370	1.361	1.334	1.354	0.755	1.374	0.830	1.399	1.406	0.091	0.094	1.364	1.376	1.365	1.351	0.785	1.355	0.829	1.377	0.878	1.389	0.092	0.094	1.380	1.381	1.381	1.357	1.359	0.875	1.431	1.385	1.410	1.371	0.092	0.094	0.092	0.095	0.092	0.091	0.090	0.093	0.094	0.094	0.093	0.091	0.093
49:00:51	24.9	0.091	0.090	0.092	0.094	0.093	0.093	0.090	0.091	0.092	0.093	0.091	0.093	0.092	1.400	0.819	1.344	1.344	0.779	1.353	1.369	1.387	1.401	0.865	0.095	0.091	1.393	1.371	0.791	0.760	1.339	0.785	1.371	1.384	0.858	1.424	0.093	0.090	1.397	1.374	1.328	1.319	1.354	1.364	1.371	1.372	1.398	0.868	0.093	0.092	1.384	1.372	1.359	1.330	1.349	0.742	1.373	0.822	1.395	1.411	0.091	0.093	1.363	1.375	1.366	1.347	0.773	1.361	0.817	1.361	0.869	1.390	0.092	0.093	1.383	1.373	1.381	1.354	1.361	0.865	1.417	1.394	1.411	1.407	0.091	0.094	0.091	0.095	0.092	0.090	0.090	0.093	0.094	0.094	0.093	0.091	0.093
50:00:52	25.0	0.091	0.091	0.093	0.095	0.093	0.093	0.090	0.091	0.092	0.094	0.091	0.093	0.092	1.417	0.807	1.354	1.360	0.774	1.358	1.372	1.392	1.408	0.856	0.095	0.091	1.395	1.371	0.778	0.747	1.334	0.768	1.365	1.378	0.844	1.451	0.094	0.090	1.396	1.375	1.333	1.315	1.351	1.357	1.369	1.371	1.392	0.856	0.093	0.093	1.377	1.375	1.357	1.324	1.341	0.723	1.363	0.808	1.386	1.415	0.091	0.094	1.361	1.386	1.364	1.343	0.763	1.367	0.804	1.371	0.856	1.397	0.092	0.094	1.397	1.375	1.376	1.352	1.361	0.853	1.413	1.406	1.419	1.419	0.091	0.094	0.092	0.095	0.092	0.090	0.090	0.093	0.094	0.094	0.093	0.092	0.093
51:00:54	25.1	0.091	0.091	0.093	0.094	0.093	0.093	0.090	0.091	0.092	0.094	0.091	0.093	0.092	1.422	0.795	1.362	1.364	0.759	1.359	1.371	1.390	1.409	0.844	0.095	0.091	1.395	1.363	0.762	0.731	1.328	0.754	1.354	1.367	0.827	1.486	0.093	0.090	1.394	1.371	1.335	1.311	1.341	1.344	1.358	1.363	1.386	0.840	0.093	0.093	1.370	1.375	1.349	1.317	1.333	0.706	1.353	0.790	1.390	1.406	0.090	0.094	1.365	1.391	1.364	1.338	0.748	1.375	0.787	1.389	0.842	1.411	0.091	0.093	1.406	1.385	1.374	1.351	1.360	0.840	1.417	1.422	1.428	1.429	0.091	0.094	0.092	0.095	0.092	0.090	0.090	0.093	0.094	0.094	0.093	0.091	0.093
52:00:56	25.2	0.091	0.090	0.092	0.094	0.093	0.093	0.090	0.090	0.092	0.093	0.091	0.093	0.092	1.424	0.780	1.356	1.366	0.747	1.355	1.364	1.384	1.408	0.830	0.095	0.091	1.392	1.349	0.744	0.713	1.322	0.734	1.344	1.356	0.809	1.500	0.093	0.090	1.389	1.369	1.330	1.306	1.327	1.335	1.347	1.352	1.383	0.828	0.093	0.092	1.369	1.376	1.335	1.311	1.327	0.687	1.349	0.774	1.392	1.416	0.091	0.093	1.387	1.391	1.365	1.332	0.732	1.377	0.774	1.394	0.829	1.420	0.091	0.093	1.418	1.405	1.374	1.351	1.367	0.828	1.414	1.425	1.434	1.433	0.091	0.093	0.091	0.095	0.092	0.090	0.090	0.093	0.094	0.094	0.093	0.091	0.092
53:00:56	25.1	0.091	0.091	0.093	0.094	0.093	0.093	0.090	0.090	0.092	0.093	0.091	0.093	0.092	1.432	0.767	1.354	1.362	0.736	1.350	1.359	1.379	1.405	0.818	0.095	0.091	1.393	1.346	0.728	0.699	1.321	0.720	1.338	1.353	0.793	1.446	0.093	0.090	1.381	1.365	1.332	1.307	1.321	1.337	1.339	1.346	1.380	0.814	0.093	0.093	1.370	1.371	1.332	1.313	1.328	0.683	1.349	0.759	1.393	1.420	0.091	0.094	1.399	1.388	1.363	1.332	0.721	1.379	0.759	1.393	0.813	1.425	0.092	0.093	1.426	1.417	1.378	1.361	1.365	0.817	1.414	1.428	1.440	1.442	0.091	0.094	0.091	0.095	0.092	0.090	0.090	0.093	0.094	0.094	0.093	0.091	0.092
54:00:57	24.8	0.090	0.090	0.092	0.094	0.093	0.093	0.090	0.090	0.092	0.093	0.091	0.093	0.092	1.438	0.756	1.352	1.362	0.723	1.350	1.358	1.379	1.408	0.809	0.095	0.091	1.398	1.348	0.714	0.689	1.325	0.707	1.341	1.357	0.781	1.447	0.093	0.090	1.377	1.364	1.335	1.311	1.321	1.341	1.339	1.349	1.383	0.805	0.093	0.092	1.383	1.369	1.332	1.314	1.331	0.673	1.356	0.746	1.394	1.426	0.091	0.093	1.403	1.387	1.362	1.332	0.715	1.383	0.752	1.396	0.804	1.424	0.091	0.093	1.441	1.421	1.387	1.373	1.372	0.807	1.410	1.428	1.448	1.447	0.091	0.093	0.091	0.094	0.091	0.090	0.090	0.093	0.094	0.094	0.093	0.091	0.092
55:00:58	24.3	0.091	0.091	0.093	0.094	0.093	0.093	0.090	0.091	0.092	0.094	0.091	0.093	0.093	1.444	0.752	1.345	1.364	0.719	1.352	1.366	1.384	1.419	0.802	0.094	0.091	1.402	1.354	0.707	0.686	1.332	0.703	1.345	1.363	0.776	1.444	0.094	0.090	1.381	1.367	1.339	1.316	1.326	1.345	1.341	1.353	1.386	0.809	0.093	0.093	1.393	1.371	1.337	1.319	1.337	0.666	1.360	0.739	1.398	1.429	0.091	0.093	1.406	1.389	1.363	1.340	0.711	1.384	0.747	1.398	0.798	1.425	0.092	0.093	1.447	1.421	1.398	1.384	1.379	0.803	1.409	1.426	1.458	1.454	0.092	0.094	0.092	0.095	0.092	0.091	0.090	0.093	0.094	0.094	0.094	0.091	0.094
56:00:59	24.1	0.091	0.090	0.092	0.094	0.093	0.093	0.090	0.090	0.092	0.094	0.091	0.093	0.092	1.452	0.748	1.347	1.351	0.718	1.344	1.376	1.393	1.435	0.808	0.094	0.091	1.408	1.362	0.705	0.685	1.337	0.700	1.350	1.368	0.772	1.444	0.093	0.090	1.378	1.371	1.342	1.320	1.332	1.349	1.346	1.357	1.396	0.805	0.093	0.093	1.406	1.376	1.342	1.327	1.345	0.663	1.368	0.738	1.403	1.431	0.091	0.093	1.413	1.393	1.374	1.347	0.712	1.389	0.745	1.401	0.797	1.428	0.091	0.093	1.451	1.425	1.415	1.392	1.382	0.805	1.416	1.426	1.448	1.461	0.091	0.093	0.092	0.095	0.092	0.090	0.090	0.093	0.094	0.094	0.094	0.091	0.093
57:01:00	23.8	0.091	0.091	0.092	0.094	0.093	0.093	0.090	0.091	0.092	0.094	0.091	0.093	0.092	1.459	0.749	1.349	1.334	0.723	1.352	1.383	1.413	1.464	0.809	0.094	0.091	1.419	1.376	0.704	0.687	1.343	0.700	1.357	1.374	0.771	1.445	0.093	0.090	1.386	1.379	1.347	1.326	1.338	1.355	1.354	1.364	1.405	0.806	0.093	0.093	1.417	1.383	1.348	1.333	1.350	0.664	1.373	0.739	1.411	1.436	0.090	0.093	1.417	1.401	1.375	1.348	0.711	1.393	0.745	1.405	0.798	1.437	0.092	0.093	1.454	1.426	1.419	1.394	1.384	0.810	1.429	1.430	1.434	1.471	0.091	0.093	0.092	0.094	0.092	0.090	0.090	0.093	0.094	0.094	0.093	0.091	0.093
58:01:01	23.6	0.091	0.091	0.093	0.094	0.093	0.093	0.090	0.091	0.092	0.094	0.091	0.093	0.092	1.466	0.751	1.354	1.339	0.726	1.358	1.390	1.417	1.485	0.816	0.094	0.091	1.426	1.381	0.706	0.685	1.349	0.701	1.360	1.378	0.771	1.444	0.093	0.090	1.389	1.377	1.351	1.329	1.342	1.358	1.356	1.368	1.409	0.808	0.093	0.093	1.421	1.386	1.351	1.335	1.353	0.665	1.377	0.737	1.414	1.440	0.091	0.094	1.420	1.403	1.376	1.352	0.718	1.398	0.746	1.410	0.799	1.444	0.092	0.093	1.453	1.429	1.422	1.394	1.387	0.817	1.438	1.433	1.439	1.481	0.092	0.093	0.091	0.095	0.091	0.090	0.090	0.093	0.094	0.094	0.093	0.091	0.094
59:01:01	23.3	0.091	0.091	0.093	0.094	0.093	0.093	0.090	0.091	0.092	0.093	0.091	0.093	0.092	1.473	0.753	1.355	1.339	0.728	1.357	1.391	1.417	1.497	0.826	0.094	0.091	1.424	1.384	0.704	0.688	1.351	0.702	1.362	1.379	0.770	1.444	0.093	0.090	1.395	1.379	1.350	1.330	1.344	1.360	1.358	1.369	1.410	0.813	0.093	0.093	1.423	1.388	1.352	1.336	1.353	0.671	1.379	0.738	1.417	1.444	0.091	0.094	1.422	1.404	1.381	1.354	0.719	1.403	0.748	1.413	0.801	1.450	0.092	0.093	1.453	1.432	1.423	1.393	1.389	0.824	1.448	1.437	1.441	1.495	0.092	0.094	0.092	0.095	0.092	0.090	0.091	0.093	0.094	0.094	0.093	0.091	0.093
60:01:03	23.0	0.091	0.090	0.092	0.094	0.093	0.093	0.090	0.091	0.092	0.093	0.091	0.093	0.092	1.485	0.761	1.357	1.346	0.730	1.363	1.396	1.413	1.486	0.834	0.094	0.091	1.426	1.387	0.707	0.692	1.354	0.704	1.365	1.382	0.771	1.446	0.093	0.090	1.403	1.380	1.352	1.333	1.347	1.362	1.360	1.371	1.414	0.819	0.093	0.092	1.427	1.390	1.353	1.338	1.355	0.674	1.382	0.743	1.421	1.450	0.090	0.094	1.427	1.407	1.380	1.355	0.726	1.406	0.750	1.418	0.803	1.459	0.091	0.093	1.455	1.435	1.424	1.396	1.392	0.831	1.458	1.441	1.446	1.505	0.091	0.093	0.092	0.094	0.091	0.090	0.090	0.093	0.094	0.094	0.093	0.091	0.094
61:01:04	22.7	0.091	0.091	0.093	0.095	0.093	0.093	0.090	0.091	0.092	0.093	0.091	0.093	0.092	1.512	0.767	1.361	1.358	0.735	1.365	1.402	1.418	1.480	0.844	0.095	0.091	1.436	1.393	0.706	0.693	1.355	0.711	1.367	1.384	0.775	1.449	0.094	0.090	1.406	1.382	1.355	1.335	1.349	1.363	1.361	1.372	1.416	0.819	0.093	0.093	1.428	1.394	1.355	1.339	1.357	0.682	1.383	0.745	1.423	1.456	0.091	0.094	1.432	1.412	1.381	1.356	0.730	1.411	0.753	1.422	0.809	1.467	0.092	0.093	1.457	1.438	1.427	1.395	1.396	0.839	1.465	1.446	1.446	1.521	0.091	0.093	0.092	0.095	0.092	0.091	0.091	0.093	0.094	0.094	0.093	0.091	0.093
62:01:05	22.4	0.091	0.090	0.092	0.094	0.093	0.093	0.090	0.091	0.092	0.094	0.091	0.093	0.092	1.439	0.773	1.366	1.357	0.740	1.372	1.404	1.408	1.438	0.853	0.095	0.091	1.434	1.397	0.712	0.696	1.359	0.714	1.370	1.387	0.779	1.452	0.093	0.090	1.420	1.385	1.357	1.337	1.352	1.367	1.365	1.377	1.420	0.826	0.093	0.093	1.433	1.396	1.356	1.341	1.358	0.686	1.387	0.750	1.427	1.461	0.091	0.093	1.437	1.416	1.386	1.359	0.733	1.415	0.758	1.429	0.814	1.475	0.092	0.093	1.461	1.446	1.431	1.395	1.400	0.844	1.476	1.452	1.451	1.538	0.091	0.093	0.092	0.095	0.092	0.090	0.090	0.093	0.094	0.094	0.093	0.091	0.093
63:01:06	22.2	0.091	0.091	0.093	0.094	0.093	0.093	0.090	0.091	0.092	0.094	0.091	0.093	0.092	1.430	0.779	1.377	1.366	0.744	1.371	1.389	1.394	1.424	0.861	0.095	0.091	1.439	1.409	0.715	0.699	1.354	0.718	1.369	1.393	0.785	1.462	0.093	0.090	1.442	1.398	1.360	1.337	1.347	1.368	1.365	1.383	1.420	0.831	0.093	0.093	1.435	1.402	1.358	1.335	1.353	0.694	1.377	0.752	1.415	1.473	0.090	0.094	1.441	1.425	1.384	1.357	0.740	1.393	0.763	1.406	0.819	1.490	0.092	0.093	1.470	1.431	1.424	1.388	1.395	0.828	1.424	1.452	1.457	1.587	0.091	0.093	0.092	0.094	0.092	0.090	0.090	0.093	0.094	0.094	0.093	0.091	0.093
64:01:07	22.0	0.091	0.091	0.093	0.095	0.093	0.093	0.090	0.091	0.092	0.093	0.091	0.093	0.092	1.444	0.786	1.391	1.379	0.749	1.390	1.400	1.413	1.434	0.870	0.095	0.091	1.446	1.420	0.721	0.705	1.365	0.723	1.380	1.404	0.789	1.475	0.094	0.090	1.454	1.408	1.367	1.344	1.356	1.376	1.377	1.396	1.430	0.838	0.093	0.093	1.442	1.410	1.369	1.346	1.360	0.699	1.387	0.756	1.423	1.489	0.091	0.094	1.449	1.430	1.402	1.366	0.745	1.405	0.768	1.417	0.825	1.508	0.092	0.093	1.474	1.432	1.430	1.395	1.406	0.854	1.433	1.465	1.467	1.607	0.092	0.094	0.092	0.095	0.092	0.090	0.090	0.093	0.094	0.094	0.093	0.091	0.093
65:01:08	21.9	0.091	0.091	0.092	0.094	0.093	0.093	0.090	0.091	0.092	0.094	0.091	0.093	0.092	1.450	0.794	1.395	1.381	0.757	1.391	1.402	1.416	1.432	0.878	0.095	0.091	1.449	1.425	0.725	0.712	1.367	0.727	1.382	1.410	0.793	1.485	0.093	0.090	1.454	1.407	1.373	1.345	1.356	1.377	1.379	1.402	1.436	0.844	0.093	0.093	1.446	1.412	1.368	1.347	1.362	0.703	1.388	0.761	1.427	1.499	0.091	0.093	1.456	1.438	1.404	1.371	0.750	1.408	0.772	1.420	0.827	1.518	0.092	0.093	1.480	1.435	1.434	1.398	1.410	0.860	1.434	1.473	1.475	1.607	0.091	0.093	0.092	0.095	0.092	0.090	0.091	0.093	0.094	0.094	0.093	0.091	0.093
66:01:09	22.0	0.091	0.090	0.096	0.094	0.093	0.093	0.090	0.091	0.092	0.093	0.091	0.093	0.092	1.451	0.796	1.402	1.383	0.761	1.393	1.403	1.419	1.431	0.881	0.094	0.091	1.454	1.429	0.729	0.714	1.365	0.730	1.384	1.414	0.797	1.496	0.093	0.090	1.452	1.409	1.377	1.349	1.356	1.378	1.381	1.405	1.442	0.847	0.093	0.092	1.454	1.416	1.371	1.347	1.363	0.706	1.389	0.762	1.428	1.511	0.091	0.094	1.462	1.442	1.406	1.373	0.754	1.410	0.775	1.424	0.831	1.531	0.092	0.093	1.488	1.436	1.438	1.403	1.414	0.865	1.435	1.481	1.480	1.567	0.091	0.094	0.092	0.095	0.092	0.090	0.090	0.093	0.094	0.094	0.093	0.091	0.093
67:01:11	22.3	0.091	0.091	0.093	0.094	0.093	0.093	0.090	0.091	0.092	0.094	0.091	0.093	0.092	1.454	0.802	1.411	1.390	0.766	1.398	1.404	1.422	1.432	0.885	0.094	0.091	1.455	1.434	0.732	0.718	1.367	0.734	1.383	1.417	0.799	1.508	0.093	0.090	1.451	1.414	1.378	1.349	1.355	1.379	1.381	1.409	1.449	0.851	0.093	0.092	1.454	1.417	1.373	1.348	1.365	0.706	1.390	0.763	1.431	1.525	0.090	0.094	1.468	1.443	1.408	1.373	0.756	1.412	0.776	1.423	0.833	1.542	0.091	0.093	1.495	1.434	1.442	1.404	1.418	0.868	1.436	1.484	1.485	1.514	0.092	0.093	0.092	0.095	0.091	0.090	0.090	0.093	0.094	0.094	0.093	0.091	0.093
68:01:12	22.8	0.091	0.091	0.093	0.094	0.093	0.093	0.090	0.091	0.092	0.094	0.091	0.093	0.093	1.467	0.805	1.415	1.395	0.768	1.403	1.404	1.427	1.432	0.890	0.095	0.091	1.456	1.442	0.733	0.720	1.364	0.737	1.383	1.421	0.802	1.527	0.094	0.090	1.452	1.421	1.381	1.351	1.355	1.382	1.384	1.414	1.459	0.851	0.093	0.093	1.454	1.423	1.377	1.352	1.366	0.708	1.392	0.762	1.437	1.549	0.091	0.094	1.478	1.446	1.415	1.375	0.759	1.418	0.779	1.429	0.831	1.566	0.092	0.093	1.510	1.438	1.444	1.410	1.423	0.869	1.440	1.497	1.491	1.502	0.091	0.094	0.092	0.095	0.092	0.090	0.090	0.093	0.094	0.094	0.093	0.091	0.093
69:01:11	23.4	0.091	0.090	0.092	0.094	0.093	0.093	0.090	0.091	0.092	0.093	0.091	0.093	0.092	1.470	0.805	1.419	1.401	0.769	1.407	1.406	1.426	1.433	0.888	0.094	0.091	1.465	1.449	0.732	0.720	1.366	0.735	1.387	1.424	0.800	1.544	0.093	0.090	1.456	1.436	1.390	1.353	1.357	1.388	1.387	1.418	1.468	0.850	0.093	0.093	1.454	1.430	1.379	1.353	1.369	0.706	1.393	0.759	1.447	1.564	0.091	0.094	1.495	1.452	1.420	1.377	0.758	1.417	0.778	1.433	0.831	1.587	0.092	0.093	1.526	1.448	1.448	1.415	1.431	0.870	1.439	1.506	1.496	1.499	0.091	0.094	0.091	0.095	0.092	0.090	0.090	0.093	0.094	0.094	0.093	0.091	0.094
70:01:17	24.0	0.091	0.091	0.092	0.095	0.093	0.093	0.090	0.091	0.092	0.094	0.091	0.093	0.092	1.474	0.801	1.428	1.403	0.768	1.410	1.407	1.427	1.434	0.886	0.095	0.091	1.473	1.456	0.730	0.721	1.372	0.733	1.390	1.428	0.799	1.561	0.093	0.090	1.459	1.439	1.394	1.353	1.359	1.386	1.388	1.423	1.478	0.847	0.093	0.093	1.459	1.437	1.381	1.352	1.369	0.704	1.396	0.756	1.453	1.579	0.091	0.094	1.515	1.467	1.425	1.378	0.758	1.420	0.775	1.436	0.825	1.601	0.092	0.093	1.546	1.453	1.452	1.416	1.438	0.869	1.439	1.520	1.501	1.497	0.092	0.093	0.092	0.095	0.092	0.090	0.090	0.093	0.094	0.094	0.093	0.091	0.094
71:01:13	24.7	0.091	0.091	0.093	0.094	0.093	0.093	0.090	0.091	0.092	0.093	0.091	0.093	0.092	1.484	0.800	1.430	1.404	0.767	1.415	1.409	1.434	1.434	0.884	0.095	0.091	1.478	1.466	0.724	0.718	1.374	0.733	1.392	1.434	0.794	1.576	0.093	0.090	1.464	1.450	1.393	1.357	1.358	1.387	1.391	1.431	1.492	0.841	0.093	0.093	1.468	1.446	1.382	1.354	1.373	0.700	1.397	0.753	1.458	1.602	0.091	0.094	1.534	1.469	1.425	1.381	0.755	1.424	0.771	1.437	0.821	1.545	0.092	0.093	1.564	1.463	1.460	1.422	1.447	0.867	1.442	1.540	1.512	1.496	0.091	0.094	0.092	0.095	0.092	0.090	0.090	0.093	0.094	0.094	0.093	0.091	0.093
72:01:15	25.3	0.091	0.090	0.092	0.094	0.093	0.093	0.090	0.090	0.092	0.093	0.091	0.093	0.092	1.491	0.800	1.434	1.407	0.763	1.419	1.412	1.439	1.435	0.879	0.095	0.091	1.488	1.479	0.720	0.716	1.375	0.729	1.395	1.442	0.790	1.596	0.093	0.090	1.468	1.463	1.391	1.360	1.363	1.391	1.393	1.439	1.508	0.837	0.093	0.092	1.470	1.455	1.388	1.359	1.374	0.696	1.401	0.746	1.471	1.627	0.091	0.093	1.570	1.479	1.429	1.387	0.750	1.428	0.766	1.440	0.814	1.479	0.091	0.093	1.573	1.484	1.470	1.430	1.460	0.862	1.446	1.557	1.524	1.497	0.091	0.094	0.091	0.094	0.092	0.090	0.090	0.093	0.094	0.094	0.093	0.091	0.092

