Time	T° 600	A1	A2	A3	A4	A5	A6	A7	A8	A9	A10	A11	A12	B1	B2	B3	B4	B5	B6	B7	B8	B9	B10	B11	B12	C1	C2	C3	C4	C5	C6	C7	C8	C9	C10	C11	C12	D1	D2	D3	D4	D5	D6	D7	D8	D9	D10	D11	D12	E1	E2	E3	E4	E5	E6	E7	E8	E9	E10	E11	E12	F1	F2	F3	F4	F5	F6	F7	F8	F9	F10	F11	F12	G1	G2	G3	G4	G5	G6	G7	G8	G9	G10	G11	G12	H1	H2	H3	H4	H5	H6	H7	H8	H9	H10	H11	H12
0:00:06	20.1	0.089	0.090	0.091	0.093	0.092	0.091	0.088	0.091	0.091	0.092	0.088	0.091	0.090	0.090	0.091	0.092	0.092	0.089	0.090	0.093	0.091	0.090	0.091	0.090	0.090	0.091	0.089	0.090	0.089	0.091	0.090	0.089	0.092	0.093	0.091	0.091	0.089	0.089	0.089	0.089	0.089	0.088	0.088	0.091	0.093	0.090	0.091	0.091	0.091	0.091	0.089	0.089	0.091	0.089	0.087	0.088	0.089	0.089	0.090	0.088	0.092	0.089	0.093	0.089	0.090	0.089	0.089	0.089	0.090	0.089	0.090	0.091	0.091	0.092	0.091	0.089	0.092	0.090	0.091	0.090	0.091	0.090	0.091	0.090	0.092	0.089	0.091	0.089	0.088	0.088	0.090	0.092	0.092	0.090	0.088	0.089
1:00:05	20.7	0.090	0.091	0.091	0.094	0.092	0.091	0.089	0.091	0.092	0.092	0.089	0.091	0.090	0.091	0.092	0.092	0.092	0.090	0.091	0.094	0.092	0.091	0.092	0.092	0.091	0.092	0.090	0.091	0.090	0.092	0.092	0.091	0.093	0.094	0.092	0.092	0.090	0.090	0.090	0.090	0.091	0.089	0.090	0.092	0.094	0.091	0.092	0.092	0.092	0.092	0.090	0.091	0.092	0.091	0.089	0.089	0.090	0.090	0.091	0.089	0.092	0.090	0.094	0.090	0.092	0.090	0.090	0.091	0.091	0.091	0.091	0.091	0.092	0.094	0.092	0.091	0.094	0.091	0.093	0.092	0.093	0.092	0.092	0.091	0.093	0.090	0.092	0.090	0.089	0.089	0.092	0.093	0.093	0.091	0.089	0.090
2:00:07	20.8	0.090	0.091	0.091	0.094	0.093	0.092	0.090	0.091	0.092	0.092	0.090	0.092	0.091	0.092	0.093	0.093	0.093	0.091	0.092	0.095	0.092	0.092	0.093	0.092	0.092	0.093	0.091	0.092	0.091	0.093	0.092	0.091	0.094	0.095	0.093	0.092	0.091	0.091	0.091	0.091	0.092	0.091	0.091	0.093	0.095	0.092	0.092	0.093	0.092	0.093	0.091	0.091	0.093	0.092	0.090	0.090	0.091	0.091	0.091	0.090	0.093	0.091	0.095	0.091	0.092	0.091	0.091	0.091	0.092	0.091	0.092	0.092	0.093	0.095	0.094	0.092	0.095	0.092	0.094	0.092	0.094	0.092	0.093	0.091	0.093	0.090	0.093	0.091	0.089	0.089	0.092	0.093	0.093	0.092	0.090	0.091
3:00:08	20.8	0.090	0.091	0.092	0.094	0.093	0.092	0.090	0.091	0.092	0.092	0.090	0.092	0.091	0.092	0.094	0.094	0.093	0.091	0.092	0.095	0.093	0.092	0.093	0.092	0.092	0.093	0.092	0.092	0.091	0.093	0.093	0.092	0.094	0.095	0.093	0.092	0.091	0.092	0.092	0.092	0.092	0.091	0.091	0.093	0.095	0.093	0.093	0.093	0.092	0.093	0.091	0.092	0.094	0.092	0.090	0.091	0.092	0.091	0.092	0.090	0.093	0.092	0.096	0.091	0.093	0.092	0.091	0.092	0.092	0.092	0.092	0.092	0.093	0.095	0.094	0.092	0.095	0.092	0.095	0.093	0.094	0.093	0.093	0.091	0.093	0.090	0.093	0.091	0.090	0.090	0.092	0.094	0.094	0.092	0.090	0.091
4:00:11	20.7	0.090	0.091	0.092	0.094	0.093	0.092	0.090	0.091	0.092	0.092	0.090	0.092	0.091	0.093	0.094	0.095	0.094	0.092	0.093	0.095	0.094	0.093	0.094	0.092	0.092	0.094	0.092	0.093	0.092	0.094	0.093	0.093	0.094	0.096	0.094	0.092	0.091	0.092	0.093	0.092	0.093	0.091	0.092	0.094	0.096	0.094	0.093	0.092	0.092	0.094	0.092	0.093	0.095	0.093	0.091	0.091	0.092	0.092	0.093	0.090	0.093	0.092	0.096	0.092	0.094	0.092	0.092	0.093	0.093	0.092	0.093	0.092	0.093	0.096	0.095	0.092	0.096	0.093	0.095	0.094	0.095	0.094	0.094	0.091	0.093	0.090	0.092	0.091	0.090	0.089	0.092	0.093	0.093	0.092	0.090	0.090
5:00:10	20.6	0.090	0.091	0.091	0.094	0.093	0.092	0.090	0.091	0.092	0.092	0.090	0.092	0.090	0.094	0.096	0.096	0.095	0.094	0.094	0.097	0.095	0.094	0.095	0.092	0.092	0.096	0.094	0.095	0.093	0.095	0.094	0.094	0.096	0.097	0.095	0.092	0.091	0.094	0.094	0.094	0.094	0.093	0.094	0.096	0.097	0.095	0.095	0.092	0.092	0.095	0.093	0.094	0.096	0.094	0.093	0.092	0.094	0.093	0.094	0.089	0.092	0.094	0.098	0.094	0.095	0.093	0.093	0.094	0.094	0.094	0.094	0.092	0.092	0.097	0.096	0.094	0.097	0.094	0.096	0.095	0.096	0.095	0.095	0.091	0.093	0.090	0.092	0.091	0.090	0.089	0.092	0.093	0.093	0.092	0.089	0.090
6:00:13	20.3	0.091	0.092	0.092	0.094	0.093	0.092	0.090	0.091	0.092	0.093	0.090	0.092	0.091	0.097	0.099	0.099	0.098	0.097	0.097	0.100	0.098	0.097	0.097	0.092	0.093	0.098	0.097	0.098	0.096	0.098	0.097	0.097	0.099	0.100	0.098	0.092	0.091	0.097	0.097	0.097	0.097	0.096	0.097	0.099	0.100	0.097	0.097	0.093	0.093	0.098	0.096	0.097	0.099	0.097	0.096	0.096	0.097	0.097	0.096	0.090	0.093	0.096	0.100	0.097	0.098	0.096	0.096	0.097	0.097	0.097	0.096	0.092	0.093	0.100	0.098	0.096	0.100	0.097	0.099	0.098	0.099	0.098	0.098	0.091	0.094	0.091	0.093	0.091	0.090	0.090	0.092	0.094	0.094	0.092	0.090	0.091
7:00:13	20.2	0.091	0.092	0.092	0.094	0.093	0.092	0.090	0.091	0.092	0.092	0.090	0.092	0.091	0.101	0.103	0.105	0.102	0.102	0.101	0.105	0.103	0.102	0.102	0.092	0.093	0.103	0.102	0.103	0.101	0.103	0.102	0.103	0.104	0.104	0.102	0.092	0.091	0.102	0.101	0.101	0.102	0.101	0.102	0.105	0.105	0.102	0.101	0.093	0.092	0.103	0.100	0.101	0.103	0.101	0.101	0.101	0.102	0.101	0.101	0.090	0.093	0.101	0.105	0.102	0.102	0.100	0.101	0.102	0.101	0.101	0.100	0.092	0.093	0.104	0.102	0.100	0.104	0.101	0.103	0.102	0.103	0.102	0.101	0.091	0.093	0.090	0.092	0.091	0.090	0.089	0.092	0.093	0.093	0.092	0.090	0.091
8:00:13	20.0	0.091	0.092	0.092	0.094	0.093	0.092	0.090	0.091	0.092	0.093	0.090	0.092	0.091	0.111	0.119	0.122	0.116	0.122	0.115	0.121	0.117	0.115	0.112	0.092	0.093	0.114	0.114	0.127	0.121	0.123	0.120	0.127	0.125	0.120	0.114	0.092	0.091	0.115	0.116	0.120	0.125	0.126	0.127	0.129	0.125	0.120	0.111	0.093	0.093	0.115	0.115	0.120	0.121	0.119	0.123	0.122	0.122	0.121	0.114	0.090	0.093	0.112	0.118	0.124	0.125	0.117	0.121	0.121	0.115	0.116	0.109	0.092	0.093	0.112	0.110	0.109	0.116	0.113	0.113	0.116	0.117	0.114	0.111	0.091	0.094	0.091	0.093	0.091	0.090	0.089	0.092	0.093	0.094	0.092	0.090	0.091
9:00:16	20.0	0.091	0.092	0.092	0.094	0.093	0.092	0.090	0.091	0.092	0.093	0.090	0.092	0.091	0.139	0.142	0.143	0.138	0.133	0.140	0.130	0.136	0.135	0.152	0.092	0.093	0.146	0.139	0.137	0.134	0.141	0.127	0.145	0.136	0.138	0.134	0.092	0.091	0.139	0.136	0.134	0.134	0.133	0.139	0.143	0.138	0.134	0.136	0.095	0.092	0.137	0.139	0.131	0.144	0.142	0.138	0.140	0.126	0.129	0.133	0.090	0.093	0.138	0.138	0.133	0.133	0.141	0.136	0.125	0.131	0.130	0.130	0.092	0.093	0.134	0.150	0.149	0.142	0.124	0.131	0.134	0.136	0.128	0.128	0.091	0.094	0.090	0.093	0.091	0.090	0.090	0.092	0.094	0.093	0.092	0.090	0.091
10:00:16	20.0	0.091	0.092	0.092	0.094	0.093	0.092	0.090	0.091	0.092	0.093	0.090	0.092	0.091	0.149	0.149	0.146	0.141	0.142	0.142	0.145	0.150	0.143	0.143	0.093	0.093	0.148	0.138	0.142	0.144	0.146	0.143	0.144	0.144	0.143	0.139	0.092	0.091	0.145	0.134	0.144	0.140	0.144	0.143	0.146	0.146	0.138	0.139	0.093	0.093	0.149	0.143	0.138	0.144	0.140	0.139	0.138	0.137	0.138	0.141	0.090	0.093	0.147	0.147	0.142	0.141	0.140	0.137	0.136	0.135	0.135	0.138	0.092	0.093	0.144	0.138	0.135	0.139	0.140	0.141	0.140	0.145	0.145	0.144	0.091	0.094	0.091	0.094	0.092	0.091	0.090	0.092	0.094	0.094	0.092	0.090	0.091
11:00:17	20.0	0.091	0.092	0.092	0.094	0.093	0.092	0.090	0.091	0.092	0.092	0.090	0.092	0.091	0.153	0.155	0.158	0.155	0.157	0.154	0.161	0.160	0.158	0.155	0.092	0.093	0.160	0.151	0.155	0.151	0.155	0.153	0.158	0.160	0.156	0.160	0.092	0.091	0.153	0.154	0.149	0.158	0.157	0.155	0.157	0.157	0.158	0.156	0.093	0.093	0.155	0.150	0.156	0.154	0.153	0.154	0.150	0.154	0.156	0.156	0.090	0.093	0.154	0.160	0.157	0.158	0.153	0.155	0.155	0.152	0.153	0.154	0.092	0.093	0.163	0.157	0.153	0.156	0.161	0.158	0.157	0.160	0.157	0.158	0.091	0.094	0.092	0.094	0.092	0.091	0.090	0.092	0.094	0.094	0.092	0.090	0.091
12:00:18	20.0	0.091	0.092	0.092	0.094	0.093	0.093	0.090	0.091	0.092	0.093	0.090	0.092	0.091	0.172	0.174	0.176	0.168	0.176	0.174	0.181	0.178	0.179	0.174	0.092	0.093	0.173	0.170	0.176	0.170	0.175	0.172	0.179	0.178	0.174	0.178	0.092	0.091	0.175	0.171	0.168	0.174	0.177	0.175	0.178	0.175	0.176	0.172	0.093	0.093	0.177	0.170	0.173	0.173	0.172	0.173	0.168	0.169	0.173	0.172	0.090	0.093	0.171	0.176	0.176	0.177	0.172	0.175	0.169	0.166	0.170	0.167	0.092	0.093	0.179	0.173	0.171	0.174	0.173	0.174	0.174	0.177	0.175	0.171	0.091	0.094	0.091	0.094	0.091	0.090	0.090	0.092	0.093	0.094	0.092	0.091	0.091
13:00:18	19.9	0.091	0.092	0.092	0.094	0.093	0.093	0.090	0.091	0.092	0.092	0.090	0.092	0.091	0.186	0.196	0.195	0.188	0.196	0.196	0.202	0.198	0.208	0.193	0.092	0.093	0.197	0.187	0.195	0.186	0.192	0.190	0.200	0.201	0.195	0.199	0.092	0.091	0.196	0.190	0.183	0.194	0.194	0.194	0.195	0.194	0.200	0.195	0.093	0.093	0.193	0.185	0.189	0.186	0.189	0.195	0.183	0.194	0.197	0.198	0.090	0.093	0.184	0.191	0.192	0.193	0.185	0.194	0.187	0.184	0.194	0.188	0.092	0.093	0.193	0.187	0.186	0.189	0.192	0.190	0.194	0.201	0.201	0.192	0.092	0.094	0.091	0.093	0.091	0.091	0.090	0.092	0.094	0.094	0.092	0.090	0.091
14:00:20	19.9	0.091	0.092	0.092	0.094	0.093	0.092	0.090	0.091	0.092	0.093	0.091	0.092	0.091	0.215	0.227	0.223	0.215	0.227	0.224	0.231	0.225	0.231	0.219	0.093	0.093	0.226	0.215	0.225	0.211	0.219	0.217	0.229	0.227	0.222	0.225	0.092	0.092	0.226	0.219	0.210	0.224	0.222	0.220	0.222	0.220	0.226	0.219	0.093	0.093	0.222	0.210	0.215	0.213	0.220	0.224	0.206	0.219	0.225	0.222	0.091	0.093	0.210	0.220	0.224	0.223	0.209	0.221	0.211	0.210	0.218	0.210	0.092	0.093	0.220	0.212	0.208	0.212	0.219	0.211	0.224	0.229	0.227	0.220	0.092	0.094	0.092	0.094	0.092	0.091	0.090	0.092	0.094	0.094	0.092	0.090	0.091
15:00:20	19.9	0.091	0.092	0.092	0.094	0.093	0.093	0.090	0.091	0.092	0.093	0.090	0.092	0.091	0.246	0.259	0.258	0.249	0.265	0.255	0.264	0.258	0.272	0.251	0.093	0.093	0.263	0.246	0.258	0.242	0.252	0.248	0.267	0.264	0.251	0.262	0.092	0.091	0.257	0.253	0.237	0.260	0.260	0.252	0.257	0.249	0.263	0.257	0.093	0.093	0.255	0.243	0.250	0.243	0.253	0.260	0.236	0.260	0.263	0.262	0.090	0.093	0.239	0.256	0.255	0.253	0.237	0.253	0.252	0.244	0.252	0.240	0.092	0.093	0.250	0.241	0.232	0.237	0.258	0.245	0.265	0.274	0.261	0.258	0.091	0.094	0.092	0.094	0.091	0.090	0.090	0.092	0.094	0.094	0.092	0.090	0.091
16:00:21	19.9	0.091	0.092	0.092	0.095	0.093	0.093	0.090	0.091	0.092	0.093	0.090	0.092	0.091	0.292	0.305	0.300	0.309	0.319	0.300	0.306	0.293	0.320	0.298	0.092	0.093	0.317	0.288	0.309	0.283	0.301	0.296	0.305	0.313	0.288	0.316	0.092	0.091	0.304	0.303	0.278	0.304	0.306	0.301	0.301	0.289	0.317	0.302	0.093	0.093	0.304	0.284	0.299	0.290	0.299	0.305	0.283	0.314	0.310	0.307	0.090	0.093	0.277	0.300	0.307	0.306	0.279	0.311	0.311	0.284	0.287	0.275	0.092	0.093	0.273	0.262	0.251	0.276	0.316	0.301	0.307	0.317	0.305	0.312	0.092	0.094	0.092	0.094	0.092	0.091	0.091	0.093	0.094	0.094	0.092	0.091	0.092
17:00:23	20.0	0.091	0.092	0.092	0.094	0.093	0.093	0.090	0.091	0.092	0.093	0.091	0.092	0.091	0.339	0.365	0.360	0.365	0.378	0.360	0.366	0.341	0.381	0.346	0.092	0.093	0.374	0.341	0.363	0.330	0.347	0.347	0.358	0.369	0.334	0.376	0.093	0.092	0.357	0.365	0.319	0.364	0.367	0.350	0.356	0.341	0.367	0.348	0.093	0.093	0.351	0.331	0.349	0.335	0.351	0.362	0.328	0.371	0.367	0.360	0.090	0.093	0.324	0.359	0.354	0.352	0.329	0.372	0.365	0.336	0.336	0.320	0.092	0.093	0.344	0.329	0.322	0.330	0.370	0.357	0.368	0.374	0.369	0.378	0.092	0.094	0.092	0.094	0.092	0.091	0.091	0.093	0.094	0.094	0.093	0.091	0.092
18:00:22	20.0	0.091	0.093	0.092	0.095	0.093	0.093	0.090	0.091	0.092	0.093	0.091	0.092	0.091	0.394	0.427	0.422	0.431	0.442	0.413	0.429	0.403	0.444	0.397	0.093	0.093	0.436	0.397	0.425	0.387	0.399	0.396	0.420	0.433	0.387	0.440	0.093	0.092	0.413	0.427	0.374	0.430	0.433	0.409	0.418	0.402	0.437	0.408	0.093	0.093	0.411	0.392	0.411	0.391	0.408	0.424	0.385	0.430	0.420	0.421	0.091	0.093	0.383	0.420	0.418	0.412	0.386	0.426	0.421	0.390	0.395	0.373	0.092	0.093	0.405	0.388	0.371	0.383	0.439	0.408	0.427	0.430	0.434	0.446	0.092	0.094	0.092	0.094	0.092	0.091	0.091	0.092	0.094	0.094	0.093	0.091	0.092
19:00:27	20.0	0.091	0.092	0.092	0.094	0.093	0.093	0.090	0.091	0.092	0.093	0.090	0.092	0.091	0.454	0.494	0.485	0.502	0.510	0.480	0.506	0.466	0.502	0.454	0.092	0.093	0.502	0.456	0.486	0.446	0.463	0.461	0.487	0.493	0.443	0.501	0.092	0.092	0.481	0.497	0.436	0.495	0.498	0.476	0.489	0.461	0.498	0.468	0.093	0.093	0.478	0.457	0.477	0.454	0.469	0.491	0.445	0.490	0.481	0.487	0.090	0.094	0.446	0.492	0.480	0.480	0.445	0.488	0.484	0.443	0.456	0.435	0.092	0.094	0.474	0.454	0.431	0.440	0.505	0.470	0.482	0.498	0.500	0.518	0.092	0.094	0.092	0.094	0.092	0.091	0.091	0.093	0.094	0.094	0.093	0.091	0.092
20:00:25	20.0	0.091	0.092	0.092	0.094	0.093	0.093	0.091	0.091	0.092	0.093	0.091	0.092	0.091	0.519	0.560	0.546	0.567	0.573	0.539	0.571	0.529	0.566	0.516	0.093	0.093	0.562	0.521	0.547	0.507	0.524	0.514	0.550	0.559	0.505	0.565	0.093	0.092	0.541	0.560	0.490	0.557	0.560	0.540	0.549	0.516	0.555	0.527	0.093	0.093	0.540	0.511	0.535	0.514	0.525	0.554	0.503	0.551	0.539	0.551	0.090	0.093	0.509	0.555	0.543	0.541	0.502	0.546	0.550	0.504	0.519	0.500	0.092	0.094	0.538	0.513	0.494	0.499	0.565	0.530	0.549	0.566	0.567	0.588	0.092	0.094	0.092	0.094	0.092	0.091	0.091	0.092	0.094	0.094	0.093	0.091	0.092
21:00:27	20.0	0.091	0.092	0.092	0.094	0.093	0.093	0.090	0.091	0.092	0.093	0.091	0.092	0.091	0.573	0.619	0.603	0.620	0.628	0.594	0.628	0.584	0.623	0.570	0.093	0.093	0.624	0.577	0.609	0.556	0.578	0.563	0.606	0.619	0.562	0.623	0.093	0.092	0.597	0.613	0.543	0.612	0.614	0.600	0.603	0.568	0.611	0.585	0.093	0.093	0.592	0.564	0.594	0.562	0.576	0.610	0.553	0.609	0.598	0.610	0.090	0.093	0.561	0.610	0.601	0.594	0.553	0.601	0.602	0.560	0.576	0.560	0.092	0.094	0.596	0.567	0.548	0.551	0.622	0.586	0.610	0.624	0.630	0.651	0.092	0.094	0.092	0.094	0.092	0.091	0.091	0.092	0.094	0.094	0.092	0.091	0.092
22:00:27	19.9	0.091	0.092	0.092	0.094	0.093	0.093	0.090	0.091	0.092	0.093	0.091	0.092	0.091	0.619	0.670	0.653	0.673	0.682	0.643	0.680	0.635	0.677	0.623	0.093	0.093	0.678	0.626	0.660	0.601	0.623	0.610	0.656	0.668	0.614	0.682	0.093	0.092	0.652	0.667	0.586	0.665	0.663	0.653	0.655	0.618	0.663	0.636	0.093	0.093	0.647	0.612	0.649	0.609	0.620	0.666	0.604	0.666	0.656	0.665	0.090	0.093	0.614	0.663	0.655	0.649	0.602	0.657	0.663	0.613	0.633	0.614	0.092	0.094	0.654	0.618	0.603	0.603	0.677	0.635	0.665	0.681	0.685	0.708	0.092	0.094	0.092	0.094	0.092	0.091	0.091	0.092	0.094	0.094	0.093	0.091	0.092
23:00:27	19.8	0.091	0.092	0.092	0.094	0.093	0.093	0.090	0.091	0.092	0.093	0.091	0.092	0.091	0.660	0.721	0.706	0.722	0.727	0.685	0.730	0.686	0.727	0.664	0.092	0.093	0.730	0.671	0.709	0.644	0.666	0.654	0.713	0.720	0.659	0.732	0.092	0.092	0.703	0.718	0.633	0.716	0.712	0.704	0.706	0.665	0.715	0.685	0.093	0.093	0.704	0.659	0.705	0.652	0.664	0.717	0.655	0.721	0.710	0.719	0.090	0.094	0.664	0.720	0.704	0.706	0.649	0.713	0.717	0.665	0.683	0.664	0.092	0.093	0.707	0.666	0.651	0.650	0.731	0.685	0.722	0.734	0.739	0.760	0.092	0.094	0.092	0.094	0.092	0.091	0.091	0.093	0.094	0.094	0.092	0.091	0.092
24:00:28	19.8	0.091	0.092	0.092	0.094	0.093	0.093	0.090	0.091	0.092	0.093	0.090	0.092	0.091	0.703	0.764	0.754	0.769	0.775	0.727	0.780	0.722	0.774	0.704	0.093	0.093	0.778	0.712	0.759	0.681	0.704	0.692	0.758	0.766	0.698	0.781	0.093	0.092	0.751	0.766	0.675	0.762	0.761	0.752	0.753	0.708	0.762	0.725	0.093	0.093	0.749	0.703	0.756	0.694	0.706	0.763	0.691	0.769	0.759	0.766	0.091	0.093	0.708	0.772	0.754	0.759	0.695	0.762	0.767	0.705	0.730	0.709	0.092	0.094	0.761	0.709	0.695	0.696	0.782	0.728	0.773	0.784	0.794	0.811	0.091	0.094	0.092	0.094	0.092	0.091	0.091	0.093	0.094	0.094	0.093	0.091	0.092
25:00:29	19.8	0.091	0.092	0.092	0.095	0.093	0.093	0.090	0.091	0.092	0.093	0.091	0.092	0.091	0.739	0.810	0.794	0.803	0.813	0.759	0.822	0.763	0.818	0.744	0.093	0.094	0.823	0.748	0.801	0.718	0.738	0.727	0.805	0.817	0.739	0.830	0.093	0.092	0.795	0.811	0.709	0.808	0.805	0.799	0.801	0.752	0.810	0.765	0.093	0.093	0.797	0.742	0.805	0.727	0.741	0.813	0.736	0.820	0.809	0.812	0.090	0.094	0.750	0.817	0.800	0.805	0.735	0.816	0.817	0.750	0.770	0.748	0.092	0.094	0.810	0.748	0.732	0.740	0.832	0.775	0.824	0.825	0.838	0.856	0.092	0.094	0.092	0.094	0.092	0.091	0.091	0.093	0.094	0.094	0.093	0.091	0.091
26:00:31	19.8	0.091	0.092	0.092	0.094	0.093	0.093	0.090	0.091	0.092	0.092	0.090	0.092	0.091	0.770	0.847	0.831	0.835	0.851	0.789	0.864	0.798	0.856	0.774	0.092	0.093	0.860	0.782	0.842	0.749	0.772	0.759	0.846	0.854	0.772	0.869	0.092	0.092	0.836	0.851	0.746	0.846	0.843	0.841	0.843	0.786	0.851	0.800	0.093	0.093	0.840	0.777	0.846	0.760	0.775	0.854	0.775	0.857	0.845	0.853	0.090	0.093	0.784	0.858	0.839	0.849	0.767	0.856	0.853	0.778	0.807	0.784	0.092	0.093	0.853	0.783	0.768	0.776	0.872	0.813	0.862	0.866	0.878	0.897	0.091	0.094	0.092	0.094	0.092	0.090	0.091	0.092	0.094	0.094	0.092	0.091	0.091
27:00:31	19.9	0.091	0.092	0.092	0.095	0.093	0.093	0.090	0.091	0.092	0.093	0.090	0.092	0.091	0.797	0.878	0.859	0.859	0.880	0.813	0.895	0.825	0.886	0.802	0.093	0.093	0.889	0.811	0.873	0.772	0.796	0.786	0.880	0.888	0.799	0.900	0.093	0.092	0.867	0.877	0.774	0.877	0.872	0.875	0.877	0.815	0.882	0.824	0.093	0.093	0.873	0.804	0.877	0.786	0.800	0.888	0.806	0.891	0.879	0.887	0.091	0.094	0.814	0.890	0.872	0.882	0.794	0.893	0.888	0.808	0.840	0.815	0.092	0.094	0.887	0.811	0.793	0.803	0.901	0.844	0.895	0.899	0.912	0.926	0.092	0.094	0.092	0.094	0.092	0.091	0.091	0.093	0.094	0.094	0.092	0.091	0.092
28:00:32	19.9	0.091	0.092	0.092	0.094	0.093	0.093	0.090	0.091	0.092	0.092	0.091	0.092	0.091	0.816	0.900	0.882	0.881	0.902	0.834	0.921	0.847	0.911	0.819	0.093	0.093	0.913	0.831	0.898	0.792	0.816	0.805	0.904	0.912	0.818	0.922	0.093	0.092	0.892	0.900	0.795	0.900	0.896	0.903	0.905	0.835	0.909	0.843	0.093	0.093	0.900	0.825	0.904	0.807	0.819	0.915	0.828	0.912	0.903	0.912	0.091	0.094	0.836	0.916	0.898	0.909	0.817	0.919	0.908	0.828	0.863	0.838	0.092	0.094	0.913	0.830	0.815	0.826	0.924	0.866	0.918	0.926	0.937	0.950	0.092	0.094	0.091	0.094	0.092	0.091	0.091	0.092	0.094	0.094	0.092	0.091	0.091
29:00:34	19.9	0.092	0.092	0.093	0.095	0.093	0.093	0.091	0.091	0.092	0.093	0.091	0.092	0.091	0.833	0.917	0.898	0.896	0.917	0.850	0.939	0.862	0.928	0.834	0.093	0.093	0.930	0.845	0.917	0.808	0.830	0.823	0.924	0.928	0.834	0.941	0.093	0.092	0.915	0.918	0.812	0.919	0.914	0.926	0.923	0.850	0.927	0.855	0.093	0.093	0.919	0.841	0.922	0.823	0.835	0.935	0.844	0.931	0.922	0.931	0.091	0.094	0.854	0.936	0.916	0.929	0.833	0.942	0.925	0.842	0.879	0.855	0.092	0.094	0.933	0.847	0.831	0.842	0.942	0.883	0.933	0.943	0.954	0.970	0.092	0.094	0.092	0.094	0.092	0.091	0.091	0.093	0.094	0.094	0.093	0.091	0.092
30:00:35	19.8	0.091	0.092	0.092	0.095	0.093	0.093	0.091	0.091	0.092	0.092	0.091	0.092	0.092	0.844	0.927	0.909	0.906	0.930	0.860	0.952	0.873	0.941	0.845	0.093	0.093	0.943	0.857	0.929	0.816	0.839	0.835	0.939	0.942	0.844	0.955	0.093	0.092	0.929	0.932	0.824	0.932	0.926	0.938	0.936	0.860	0.939	0.865	0.093	0.093	0.935	0.851	0.936	0.833	0.845	0.950	0.854	0.944	0.935	0.945	0.090	0.093	0.867	0.950	0.931	0.943	0.844	0.955	0.938	0.853	0.888	0.866	0.092	0.094	0.948	0.857	0.844	0.855	0.955	0.892	0.948	0.961	0.970	0.985	0.092	0.094	0.092	0.094	0.092	0.091	0.091	0.093	0.094	0.094	0.093	0.091	0.092
31:00:37	19.8	0.091	0.092	0.092	0.095	0.093	0.093	0.091	0.091	0.092	0.093	0.091	0.092	0.091	0.852	0.938	0.922	0.918	0.938	0.867	0.964	0.882	0.951	0.855	0.093	0.093	0.954	0.865	0.941	0.825	0.851	0.845	0.948	0.953	0.855	0.966	0.093	0.092	0.941	0.942	0.833	0.944	0.938	0.950	0.950	0.869	0.953	0.875	0.094	0.093	0.948	0.858	0.949	0.842	0.855	0.961	0.864	0.958	0.949	0.958	0.091	0.094	0.874	0.960	0.942	0.954	0.851	0.968	0.952	0.861	0.896	0.875	0.092	0.094	0.957	0.866	0.852	0.863	0.968	0.907	0.960	0.974	0.982	0.996	0.092	0.094	0.092	0.094	0.092	0.091	0.091	0.093	0.094	0.094	0.092	0.091	0.092
32:00:35	19.8	0.091	0.092	0.092	0.095	0.094	0.093	0.090	0.091	0.092	0.093	0.091	0.093	0.091	0.859	0.947	0.927	0.924	0.944	0.871	0.971	0.885	0.960	0.861	0.093	0.093	0.964	0.870	0.950	0.831	0.856	0.849	0.957	0.961	0.857	0.971	0.093	0.092	0.949	0.953	0.842	0.953	0.946	0.959	0.957	0.874	0.961	0.879	0.093	0.093	0.957	0.864	0.959	0.849	0.861	0.969	0.869	0.965	0.957	0.967	0.091	0.094	0.880	0.970	0.951	0.963	0.859	0.977	0.958	0.868	0.906	0.883	0.092	0.094	0.968	0.871	0.859	0.872	0.976	0.912	0.968	0.978	0.989	1.002	0.092	0.094	0.092	0.094	0.092	0.091	0.091	0.093	0.094	0.094	0.093	0.091	0.092
33:00:37	19.7	0.091	0.092	0.093	0.094	0.093	0.093	0.090	0.091	0.092	0.093	0.091	0.092	0.091	0.863	0.947	0.931	0.929	0.948	0.873	0.976	0.890	0.964	0.863	0.093	0.093	0.965	0.873	0.953	0.833	0.857	0.852	0.959	0.963	0.859	0.973	0.093	0.092	0.954	0.958	0.847	0.956	0.948	0.963	0.960	0.875	0.962	0.881	0.093	0.093	0.963	0.867	0.966	0.852	0.862	0.971	0.869	0.967	0.960	0.971	0.091	0.094	0.885	0.972	0.957	0.969	0.863	0.979	0.960	0.868	0.910	0.885	0.092	0.094	0.973	0.875	0.865	0.877	0.979	0.911	0.969	0.983	0.995	1.008	0.092	0.094	0.092	0.094	0.092	0.091	0.091	0.093	0.094	0.094	0.093	0.091	0.092
34:00:38	19.7	0.091	0.092	0.093	0.095	0.094	0.093	0.091	0.091	0.092	0.093	0.091	0.092	0.091	0.867	0.951	0.934	0.934	0.948	0.873	0.977	0.890	0.964	0.867	0.093	0.093	0.969	0.876	0.957	0.834	0.857	0.852	0.962	0.965	0.860	0.976	0.093	0.092	0.957	0.960	0.848	0.958	0.950	0.964	0.963	0.879	0.964	0.885	0.093	0.093	0.965	0.867	0.968	0.854	0.862	0.974	0.873	0.969	0.965	0.975	0.091	0.094	0.889	0.975	0.959	0.973	0.864	0.984	0.963	0.871	0.914	0.892	0.093	0.094	0.976	0.879	0.869	0.879	0.981	0.915	0.972	0.984	0.998	1.011	0.092	0.094	0.092	0.094	0.092	0.091	0.091	0.093	0.094	0.094	0.093	0.091	0.092
35:00:40	19.7	0.091	0.092	0.092	0.094	0.094	0.093	0.090	0.091	0.092	0.093	0.091	0.092	0.091	0.863	0.948	0.932	0.935	0.945	0.868	0.976	0.890	0.966	0.867	0.093	0.093	0.965	0.871	0.955	0.832	0.854	0.847	0.960	0.966	0.861	0.977	0.093	0.092	0.955	0.955	0.843	0.955	0.946	0.965	0.963	0.880	0.965	0.885	0.093	0.093	0.964	0.863	0.966	0.850	0.856	0.974	0.874	0.971	0.967	0.975	0.091	0.094	0.887	0.971	0.956	0.969	0.859	0.986	0.964	0.868	0.909	0.893	0.094	0.094	0.976	0.874	0.864	0.874	0.980	0.920	0.974	0.984	1.000	1.010	0.092	0.094	0.091	0.094	0.092	0.091	0.091	0.093	0.094	0.094	0.092	0.091	0.092
36:00:40	19.6	0.092	0.092	0.093	0.095	0.094	0.093	0.091	0.091	0.092	0.093	0.091	0.092	0.091	0.860	0.946	0.930	0.933	0.942	0.863	0.973	0.886	0.965	0.866	0.093	0.093	0.962	0.866	0.952	0.827	0.848	0.844	0.958	0.965	0.858	0.975	0.093	0.092	0.954	0.953	0.842	0.952	0.943	0.963	0.960	0.878	0.963	0.883	0.094	0.093	0.963	0.859	0.962	0.843	0.851	0.972	0.868	0.967	0.966	0.975	0.091	0.094	0.883	0.969	0.956	0.968	0.854	0.984	0.961	0.865	0.908	0.891	0.092	0.094	0.975	0.869	0.860	0.870	0.976	0.913	0.972	0.983	1.000	1.011	0.092	0.094	0.092	0.094	0.092	0.091	0.091	0.093	0.094	0.094	0.092	0.091	0.092
37:00:41	19.6	0.091	0.092	0.092	0.095	0.094	0.093	0.091	0.092	0.092	0.093	0.091	0.093	0.092	0.853	0.944	0.929	0.935	0.940	0.856	0.970	0.879	0.960	0.863	0.093	0.093	0.960	0.859	0.947	0.820	0.841	0.833	0.956	0.962	0.855	0.973	0.093	0.092	0.951	0.948	0.833	0.949	0.939	0.960	0.958	0.873	0.961	0.878	0.094	0.093	0.960	0.852	0.959	0.833	0.843	0.968	0.863	0.964	0.962	0.973	0.091	0.094	0.875	0.963	0.951	0.964	0.847	0.982	0.959	0.857	0.903	0.886	0.092	0.094	0.972	0.864	0.853	0.863	0.973	0.911	0.973	0.980	0.996	1.008	0.092	0.094	0.092	0.094	0.092	0.091	0.091	0.093	0.094	0.094	0.092	0.091	0.092
38:00:42	19.5	0.091	0.092	0.093	0.094	0.093	0.093	0.091	0.091	0.092	0.093	0.091	0.092	0.091	0.844	0.940	0.927	0.933	0.935	0.846	0.966	0.871	0.959	0.857	0.093	0.093	0.953	0.851	0.944	0.812	0.833	0.826	0.952	0.958	0.847	0.969	0.093	0.092	0.949	0.943	0.825	0.944	0.935	0.955	0.954	0.869	0.958	0.872	0.093	0.093	0.955	0.844	0.954	0.825	0.832	0.965	0.854	0.960	0.959	0.973	0.091	0.094	0.868	0.957	0.947	0.959	0.838	0.979	0.959	0.851	0.897	0.880	0.101	0.093	0.968	0.856	0.844	0.852	0.969	0.909	0.973	0.980	0.996	1.006	0.092	0.094	0.092	0.094	0.092	0.091	0.091	0.093	0.094	0.094	0.093	0.091	0.092
39:00:43	19.5	0.092	0.092	0.093	0.095	0.094	0.093	0.091	0.092	0.092	0.093	0.091	0.092	0.091	0.835	0.936	0.926	0.932	0.930	0.836	0.961	0.863	0.955	0.849	0.093	0.093	0.950	0.843	0.939	0.805	0.823	0.819	0.948	0.956	0.839	0.967	0.093	0.092	0.943	0.938	0.817	0.939	0.929	0.951	0.949	0.860	0.955	0.866	0.093	0.094	0.951	0.833	0.949	0.813	0.822	0.958	0.843	0.957	0.957	0.970	0.091	0.094	0.858	0.951	0.942	0.955	0.830	0.974	0.954	0.845	0.888	0.873	0.099	0.094	0.965	0.847	0.835	0.845	0.964	0.898	0.970	0.978	0.991	1.002	0.092	0.094	0.092	0.094	0.092	0.091	0.091	0.093	0.094	0.094	0.093	0.091	0.092
40:00:44	19.5	0.091	0.092	0.092	0.094	0.093	0.093	0.091	0.091	0.092	0.093	0.091	0.092	0.091	0.826	0.931	0.921	0.929	0.923	0.825	0.955	0.854	0.951	0.839	0.093	0.093	0.946	0.830	0.933	0.793	0.813	0.808	0.943	0.951	0.833	0.963	0.093	0.092	0.939	0.932	0.805	0.931	0.922	0.945	0.945	0.851	0.947	0.857	0.093	0.093	0.947	0.824	0.941	0.802	0.811	0.954	0.835	0.952	0.952	0.969	0.091	0.094	0.848	0.944	0.934	0.948	0.818	0.970	0.950	0.836	0.879	0.865	0.095	0.093	0.960	0.836	0.825	0.834	0.960	0.886	0.969	0.975	0.989	0.998	0.092	0.094	0.092	0.094	0.092	0.091	0.091	0.093	0.094	0.094	0.092	0.091	0.092
41:00:46	19.5	0.091	0.092	0.092	0.094	0.093	0.093	0.090	0.091	0.092	0.093	0.091	0.092	0.091	0.817	0.925	0.915	0.926	0.915	0.818	0.949	0.844	0.945	0.834	0.092	0.093	0.940	0.820	0.928	0.784	0.803	0.799	0.939	0.950	0.822	0.958	0.093	0.092	0.934	0.926	0.796	0.925	0.917	0.941	0.940	0.840	0.945	0.850	0.093	0.093	0.940	0.812	0.928	0.791	0.798	0.948	0.826	0.947	0.950	0.965	0.090	0.093	0.838	0.936	0.926	0.937	0.805	0.965	0.947	0.827	0.872	0.859	0.092	0.093	0.954	0.827	0.815	0.824	0.954	0.880	0.968	0.971	0.984	0.995	0.091	0.094	0.091	0.093	0.092	0.091	0.090	0.092	0.094	0.093	0.092	0.090	0.091
42:00:44	19.5	0.091	0.092	0.092	0.094	0.094	0.093	0.091	0.091	0.092	0.093	0.091	0.092	0.091	0.808	0.919	0.912	0.920	0.909	0.811	0.945	0.834	0.939	0.825	0.092	0.093	0.934	0.811	0.918	0.775	0.797	0.790	0.937	0.944	0.815	0.956	0.093	0.092	0.930	0.922	0.787	0.914	0.904	0.934	0.935	0.834	0.943	0.842	0.093	0.093	0.936	0.800	0.919	0.782	0.789	0.942	0.819	0.944	0.949	0.964	0.091	0.094	0.828	0.929	0.917	0.923	0.795	0.956	0.945	0.823	0.867	0.853	0.092	0.093	0.951	0.818	0.806	0.815	0.950	0.873	0.965	0.973	0.979	0.993	0.092	0.094	0.091	0.094	0.092	0.091	0.091	0.092	0.094	0.094	0.092	0.091	0.091
43:00:46	19.5	0.091	0.092	0.092	0.095	0.094	0.093	0.091	0.091	0.092	0.093	0.091	0.092	0.091	0.799	0.913	0.909	0.915	0.906	0.805	0.940	0.827	0.933	0.822	0.093	0.093	0.926	0.803	0.909	0.767	0.792	0.784	0.932	0.939	0.809	0.957	0.093	0.092	0.923	0.909	0.779	0.906	0.897	0.931	0.932	0.830	0.937	0.838	0.093	0.093	0.932	0.793	0.911	0.774	0.782	0.937	0.813	0.944	0.946	0.963	0.091	0.094	0.817	0.919	0.909	0.914	0.789	0.951	0.945	0.817	0.863	0.848	0.093	0.093	0.947	0.810	0.799	0.809	0.936	0.869	0.964	0.972	0.978	0.990	0.092	0.094	0.092	0.094	0.092	0.091	0.091	0.093	0.094	0.094	0.093	0.091	0.091
44:00:48	19.6	0.091	0.092	0.092	0.095	0.094	0.093	0.091	0.092	0.092	0.093	0.091	0.092	0.092	0.795	0.911	0.901	0.912	0.903	0.800	0.932	0.823	0.932	0.818	0.093	0.093	0.919	0.796	0.898	0.761	0.787	0.780	0.928	0.932	0.807	0.957	0.093	0.092	0.918	0.900	0.773	0.895	0.894	0.926	0.923	0.827	0.921	0.835	0.094	0.094	0.929	0.787	0.900	0.770	0.776	0.927	0.809	0.949	0.943	0.967	0.091	0.094	0.811	0.908	0.900	0.909	0.784	0.938	0.931	0.816	0.860	0.842	0.093	0.093	0.943	0.804	0.791	0.800	0.921	0.868	0.968	0.974	0.975	0.988	0.092	0.094	0.092	0.094	0.092	0.091	0.091	0.093	0.094	0.094	0.093	0.091	0.092
45:00:49	19.6	0.091	0.092	0.092	0.095	0.094	0.093	0.091	0.091	0.092	0.093	0.091	0.092	0.091	0.792	0.909	0.899	0.910	0.898	0.798	0.925	0.818	0.935	0.817	0.093	0.093	0.916	0.792	0.893	0.761	0.787	0.777	0.925	0.925	0.807	0.961	0.093	0.092	0.915	0.895	0.770	0.894	0.888	0.912	0.921	0.826	0.920	0.835	0.094	0.093	0.923	0.783	0.897	0.768	0.773	0.916	0.804	0.941	0.933	0.971	0.091	0.094	0.805	0.906	0.893	0.905	0.782	0.929	0.928	0.817	0.857	0.839	0.093	0.093	0.942	0.798	0.787	0.799	0.920	0.865	0.972	0.981	0.969	0.988	0.092	0.094	0.092	0.094	0.092	0.091	0.091	0.093	0.094	0.094	0.094	0.091	0.091
46:00:49	19.6	0.092	0.092	0.093	0.095	0.094	0.094	0.091	0.092	0.093	0.093	0.091	0.093	0.092	0.797	0.908	0.900	0.908	0.900	0.813	0.921	0.819	0.935	0.814	0.093	0.093	0.913	0.791	0.893	0.762	0.787	0.780	0.916	0.923	0.806	0.963	0.093	0.092	0.911	0.894	0.769	0.892	0.889	0.910	0.918	0.821	0.924	0.833	0.094	0.094	0.920	0.784	0.898	0.768	0.773	0.912	0.804	0.928	0.933	0.979	0.091	0.094	0.805	0.907	0.895	0.905	0.782	0.928	0.929	0.817	0.860	0.837	0.093	0.094	0.944	0.800	0.792	0.797	0.922	0.862	0.978	0.985	0.961	0.992	0.092	0.094	0.092	0.094	0.092	0.091	0.091	0.093	0.094	0.094	0.094	0.091	0.092
47:00:50	19.7	0.091	0.092	0.092	0.095	0.094	0.093	0.090	0.091	0.092	0.093	0.091	0.092	0.091	0.793	0.909	0.902	0.909	0.903	0.813	0.920	0.818	0.937	0.814	0.093	0.093	0.910	0.791	0.895	0.765	0.795	0.787	0.911	0.927	0.806	0.941	0.093	0.092	0.906	0.898	0.791	0.894	0.892	0.909	0.920	0.831	0.929	0.836	0.094	0.094	0.921	0.788	0.901	0.770	0.775	0.913	0.813	0.935	0.942	0.967	0.091	0.094	0.806	0.909	0.895	0.909	0.785	0.930	0.932	0.818	0.860	0.837	0.093	0.093	0.945	0.797	0.792	0.795	0.926	0.858	0.970	0.987	0.958	0.996	0.092	0.094	0.092	0.094	0.092	0.091	0.090	0.093	0.094	0.094	0.093	0.091	0.091
48:00:52	19.7	0.091	0.092	0.092	0.094	0.093	0.093	0.090	0.091	0.092	0.093	0.091	0.092	0.091	0.797	0.909	0.904	0.914	0.905	0.818	0.923	0.821	0.946	0.816	0.093	0.093	0.909	0.795	0.898	0.771	0.801	0.793	0.914	0.931	0.809	0.946	0.093	0.092	0.901	0.902	0.794	0.901	0.900	0.909	0.911	0.837	0.935	0.840	0.093	0.093	0.918	0.804	0.902	0.774	0.786	0.918	0.820	0.940	0.953	0.963	0.091	0.094	0.806	0.911	0.897	0.914	0.788	0.935	0.936	0.823	0.864	0.839	0.093	0.093	0.950	0.801	0.796	0.801	0.932	0.859	0.956	0.989	0.967	1.003	0.092	0.094	0.092	0.094	0.092	0.091	0.091	0.092	0.094	0.094	0.092	0.091	0.092
49:00:54	19.6	0.091	0.092	0.092	0.095	0.094	0.093	0.091	0.091	0.092	0.093	0.091	0.092	0.091	0.801	0.904	0.904	0.917	0.912	0.829	0.929	0.827	0.949	0.823	0.093	0.093	0.912	0.802	0.905	0.779	0.810	0.807	0.925	0.937	0.815	0.954	0.093	0.092	0.902	0.907	0.802	0.905	0.905	0.913	0.917	0.850	0.942	0.848	0.093	0.093	0.907	0.810	0.908	0.783	0.797	0.924	0.825	0.952	0.961	0.962	0.090	0.094	0.808	0.915	0.902	0.915	0.793	0.942	0.947	0.829	0.869	0.845	0.093	0.093	0.956	0.803	0.804	0.809	0.936	0.868	0.958	0.978	0.976	1.013	0.092	0.094	0.092	0.094	0.092	0.091	0.090	0.093	0.094	0.094	0.093	0.091	0.092
50:00:54	19.6	0.091	0.092	0.093	0.095	0.094	0.093	0.091	0.092	0.092	0.093	0.091	0.092	0.092	0.809	0.908	0.909	0.925	0.920	0.839	0.937	0.832	0.961	0.833	0.093	0.093	0.917	0.833	0.913	0.790	0.823	0.826	0.936	0.949	0.825	0.966	0.093	0.092	0.907	0.914	0.810	0.915	0.914	0.923	0.925	0.864	0.953	0.858	0.094	0.094	0.907	0.819	0.917	0.793	0.810	0.931	0.831	0.960	0.968	0.965	0.091	0.094	0.815	0.924	0.911	0.926	0.805	0.947	0.956	0.838	0.880	0.852	0.093	0.094	0.965	0.812	0.813	0.817	0.944	0.876	0.967	0.985	0.989	1.026	0.092	0.094	0.092	0.094	0.092	0.091	0.091	0.093	0.094	0.094	0.095	0.091	0.092
51:00:55	19.6	0.091	0.092	0.093	0.095	0.094	0.093	0.091	0.091	0.092	0.093	0.091	0.092	0.092	0.829	0.915	0.915	0.934	0.930	0.856	0.948	0.842	0.966	0.844	0.093	0.093	0.925	0.843	0.920	0.805	0.836	0.836	0.945	0.961	0.834	0.977	0.093	0.092	0.905	0.925	0.822	0.930	0.926	0.933	0.939	0.869	0.956	0.870	0.094	0.093	0.912	0.828	0.926	0.804	0.820	0.941	0.838	0.972	0.979	0.976	0.091	0.094	0.822	0.933	0.921	0.936	0.813	0.956	0.963	0.847	0.889	0.861	0.092	0.093	0.975	0.817	0.821	0.824	0.952	0.884	0.975	0.993	0.996	1.039	0.092	0.094	0.092	0.094	0.092	0.091	0.091	0.093	0.094	0.094	0.093	0.091	0.092
52:00:55	19.6	0.091	0.092	0.092	0.095	0.093	0.093	0.090	0.091	0.092	0.093	0.091	0.092	0.091	0.839	0.923	0.923	0.942	0.944	0.877	0.956	0.855	0.977	0.852	0.093	0.093	0.934	0.859	0.930	0.820	0.851	0.849	0.955	0.968	0.846	0.992	0.093	0.092	0.915	0.935	0.835	0.946	0.942	0.946	0.949	0.878	0.969	0.882	0.093	0.093	0.920	0.840	0.938	0.818	0.832	0.953	0.849	0.981	0.989	0.985	0.091	0.094	0.831	0.942	0.930	0.945	0.824	0.964	0.974	0.857	0.900	0.870	0.093	0.093	0.984	0.829	0.832	0.835	0.960	0.894	0.985	1.005	1.009	1.056	0.092	0.094	0.092	0.094	0.092	0.091	0.091	0.093	0.094	0.094	0.093	0.091	0.092
53:00:56	19.6	0.091	0.092	0.092	0.095	0.094	0.093	0.091	0.091	0.092	0.093	0.091	0.092	0.092	0.851	0.932	0.928	0.955	0.953	0.895	0.966	0.867	0.990	0.866	0.093	0.093	0.944	0.869	0.943	0.837	0.866	0.867	0.965	0.986	0.856	1.004	0.093	0.092	0.920	0.947	0.849	0.957	0.958	0.959	0.961	0.892	0.983	0.897	0.094	0.093	0.928	0.853	0.955	0.831	0.847	0.962	0.861	0.993	1.001	0.993	0.091	0.094	0.842	0.953	0.942	0.956	0.838	0.973	0.984	0.869	0.914	0.881	0.093	0.093	0.995	0.841	0.845	0.846	0.968	0.905	0.996	1.015	1.019	1.069	0.092	0.094	0.092	0.094	0.092	0.091	0.091	0.093	0.094	0.094	0.093	0.091	0.092
54:00:56	19.6	0.091	0.092	0.092	0.095	0.094	0.093	0.091	0.091	0.092	0.093	0.091	0.092	0.092	0.866	0.945	0.941	0.972	0.967	0.915	0.981	0.883	1.001	0.880	0.093	0.093	0.955	0.888	0.958	0.852	0.889	0.880	0.982	0.999	0.872	1.016	0.093	0.092	0.929	0.962	0.867	0.976	0.972	0.977	0.977	0.906	0.995	0.913	0.093	0.093	0.935	0.870	0.969	0.848	0.864	0.976	0.876	1.008	1.014	1.001	0.091	0.094	0.858	0.965	0.954	0.972	0.853	0.988	0.994	0.882	0.927	0.892	0.093	0.093	1.006	0.857	0.857	0.858	0.979	0.921	1.007	1.025	1.027	1.079	0.092	0.094	0.092	0.094	0.092	0.091	0.090	0.093	0.094	0.094	0.093	0.091	0.092
55:00:59	19.6	0.091	0.092	0.093	0.095	0.094	0.094	0.091	0.091	0.092	0.093	0.091	0.092	0.092	0.880	0.954	0.956	0.986	0.982	0.939	0.995	0.898	1.018	0.896	0.093	0.093	0.963	0.905	0.976	0.874	0.909	0.905	0.996	1.015	0.886	1.025	0.093	0.092	0.939	0.975	0.884	0.994	0.991	0.992	0.992	0.921	1.011	0.932	0.094	0.094	0.944	0.884	0.984	0.863	0.882	0.990	0.891	1.019	1.028	1.011	0.091	0.094	0.873	0.978	0.967	0.986	0.872	0.998	1.006	0.896	0.944	0.908	0.093	0.093	1.016	0.872	0.871	0.872	0.990	0.935	1.016	1.034	1.034	1.091	0.092	0.094	0.092	0.094	0.092	0.091	0.091	0.093	0.094	0.094	0.092	0.091	0.092
56:01:00	19.7	0.091	0.092	0.093	0.095	0.094	0.093	0.091	0.091	0.092	0.093	0.091	0.092	0.092	0.899	0.968	0.968	0.998	0.999	0.958	1.006	0.917	1.029	0.909	0.093	0.093	0.974	0.928	0.991	0.891	0.929	0.921	1.011	1.029	0.902	1.037	0.093	0.092	0.951	0.990	0.903	1.008	1.003	1.003	1.005	0.941	1.027	0.953	0.094	0.093	0.956	0.905	0.998	0.884	0.900	1.004	0.910	1.032	1.040	1.022	0.091	0.094	0.890	0.994	0.983	0.999	0.889	1.008	1.018	0.911	0.959	0.921	0.093	0.093	1.030	0.887	0.887	0.889	1.000	0.953	1.025	1.046	1.046	1.105	0.092	0.094	0.092	0.094	0.092	0.091	0.090	0.093	0.094	0.094	0.093	0.091	0.091
57:01:00	19.7	0.091	0.092	0.093	0.095	0.094	0.093	0.090	0.091	0.092	0.093	0.091	0.092	0.091	0.918	0.981	0.982	1.010	1.013	0.976	1.019	0.937	1.045	0.923	0.093	0.093	0.986	0.947	1.006	0.915	0.948	0.943	1.024	1.044	0.919	1.050	0.093	0.092	0.962	1.001	0.920	1.020	1.017	1.017	1.019	0.960	1.039	0.969	0.094	0.094	0.969	0.924	1.012	0.902	0.920	1.013	0.924	1.046	1.051	1.031	0.091	0.094	0.908	1.002	0.994	1.012	0.909	1.020	1.028	0.925	0.973	0.938	0.093	0.093	1.044	0.905	0.902	0.903	1.008	0.968	1.035	1.055	1.054	1.115	0.092	0.094	0.091	0.094	0.092	0.091	0.090	0.093	0.094	0.094	0.093	0.091	0.092
58:01:01	19.7	0.091	0.092	0.093	0.095	0.094	0.093	0.091	0.091	0.092	0.093	0.091	0.092	0.091	0.938	0.994	0.996	1.022	1.026	0.994	1.032	0.954	1.054	0.942	0.093	0.093	1.001	0.964	1.019	0.936	0.970	0.960	1.036	1.058	0.932	1.062	0.094	0.092	0.974	1.017	0.937	1.033	1.029	1.031	1.031	0.974	1.049	0.988	0.094	0.093	0.980	0.942	1.024	0.920	0.939	1.026	0.940	1.056	1.064	1.043	0.091	0.094	0.924	1.016	1.007	1.025	0.926	1.030	1.038	0.938	0.986	0.953	0.093	0.093	1.056	0.920	0.916	0.919	1.020	0.982	1.044	1.067	1.061	1.125	0.092	0.094	0.092	0.094	0.092	0.091	0.091	0.093	0.094	0.094	0.093	0.091	0.092
59:01:02	19.7	0.091	0.092	0.092	0.095	0.094	0.093	0.090	0.091	0.092	0.093	0.091	0.092	0.091	0.955	1.006	1.011	1.034	1.037	1.006	1.042	0.969	1.064	0.960	0.093	0.093	1.013	0.980	1.032	0.955	0.982	0.974	1.046	1.069	0.952	1.074	0.093	0.092	0.987	1.026	0.953	1.045	1.040	1.044	1.042	0.986	1.060	0.997	0.094	0.093	0.990	0.957	1.035	0.936	0.954	1.036	0.954	1.065	1.073	1.049	0.091	0.094	0.939	1.028	1.017	1.034	0.943	1.040	1.046	0.953	1.000	0.966	0.093	0.093	1.072	0.938	0.934	0.937	1.028	0.993	1.051	1.074	1.071	1.140	0.092	0.094	0.091	0.094	0.092	0.091	0.091	0.093	0.094	0.094	0.093	0.091	0.091
60:01:04	19.6	0.091	0.092	0.093	0.095	0.094	0.093	0.091	0.091	0.092	0.093	0.091	0.092	0.091	0.970	1.017	1.023	1.042	1.048	1.017	1.053	0.983	1.076	0.977	0.093	0.093	1.023	0.991	1.043	0.965	0.997	0.987	1.057	1.078	0.969	1.084	0.093	0.092	0.999	1.036	0.970	1.056	1.049	1.053	1.051	0.998	1.074	1.007	0.094	0.093	1.004	0.965	1.046	0.951	0.966	1.047	0.963	1.074	1.082	1.058	0.091	0.094	0.953	1.037	1.028	1.045	0.953	1.050	1.052	0.964	1.009	0.977	0.093	0.093	1.087	0.949	0.952	0.948	1.038	1.006	1.061	1.085	1.081	1.151	0.092	0.094	0.092	0.094	0.092	0.091	0.091	0.093	0.094	0.094	0.093	0.091	0.092
61:01:03	19.6	0.091	0.092	0.092	0.095	0.094	0.093	0.091	0.091	0.092	0.093	0.091	0.092	0.092	0.982	1.030	1.034	1.052	1.055	1.026	1.064	0.996	1.085	0.993	0.093	0.093	1.033	1.002	1.051	0.979	1.007	0.996	1.063	1.086	0.983	1.095	0.093	0.092	1.013	1.046	0.983	1.062	1.056	1.061	1.059	1.008	1.081	1.017	0.094	0.093	1.016	0.975	1.055	0.965	0.978	1.054	0.974	1.079	1.090	1.066	0.091	0.094	0.966	1.048	1.038	1.054	0.966	1.057	1.058	0.973	1.016	0.988	0.093	0.094	1.104	0.965	0.966	0.961	1.044	1.016	1.067	1.091	1.092	1.160	0.092	0.094	0.092	0.094	0.092	0.091	0.090	0.093	0.094	0.094	0.093	0.091	0.092
62:01:06	19.5	0.091	0.092	0.093	0.095	0.094	0.093	0.091	0.092	0.092	0.093	0.091	0.092	0.092	0.994	1.040	1.045	1.060	1.065	1.032	1.071	1.008	1.091	1.004	0.093	0.093	1.046	1.005	1.060	0.983	1.010	1.002	1.070	1.093	0.991	1.101	0.093	0.092	1.022	1.055	0.991	1.068	1.061	1.068	1.064	1.010	1.086	1.021	0.094	0.094	1.025	0.985	1.061	0.971	0.983	1.060	0.980	1.083	1.093	1.071	0.091	0.094	0.972	1.056	1.045	1.061	0.974	1.063	1.063	0.979	1.020	0.997	0.093	0.093	1.117	0.973	0.978	0.972	1.050	1.021	1.071	1.093	1.093	1.172	0.092	0.094	0.092	0.094	0.092	0.091	0.090	0.093	0.094	0.094	0.093	0.091	0.092
63:01:06	19.5	0.091	0.092	0.093	0.095	0.094	0.093	0.091	0.091	0.092	0.093	0.091	0.092	0.092	1.001	1.047	1.053	1.063	1.068	1.031	1.079	1.016	1.095	1.015	0.093	0.093	1.055	1.013	1.065	0.989	1.014	1.007	1.074	1.094	0.998	1.103	0.093	0.092	1.032	1.058	0.997	1.072	1.063	1.071	1.068	1.015	1.087	1.030	0.094	0.094	1.032	0.988	1.065	0.974	0.989	1.063	0.983	1.083	1.094	1.074	0.091	0.094	0.982	1.061	1.051	1.067	0.978	1.067	1.064	0.985	1.024	1.008	0.093	0.093	1.130	0.981	0.987	0.980	1.051	1.027	1.073	1.096	1.093	1.180	0.092	0.094	0.092	0.094	0.092	0.091	0.091	0.093	0.094	0.094	0.093	0.091	0.092
64:01:08	19.5	0.091	0.092	0.093	0.095	0.094	0.093	0.090	0.092	0.092	0.093	0.091	0.092	0.092	1.007	1.049	1.054	1.065	1.069	1.029	1.079	1.020	1.095	1.021	0.093	0.093	1.058	1.014	1.065	0.988	1.011	1.008	1.072	1.091	1.001	1.101	0.093	0.092	1.035	1.061	0.997	1.070	1.062	1.073	1.069	1.014	1.085	1.032	0.094	0.094	1.036	0.987	1.064	0.980	0.986	1.064	0.982	1.081	1.094	1.074	0.091	0.094	0.983	1.064	1.051	1.065	0.977	1.067	1.061	0.988	1.023	1.010	0.093	0.094	1.139	0.985	0.992	0.984	1.049	1.029	1.075	1.096	1.092	1.183	0.092	0.094	0.092	0.094	0.092	0.091	0.091	0.093	0.094	0.094	0.093	0.091	0.092
65:01:08	19.4	0.092	0.092	0.093	0.095	0.094	0.093	0.091	0.092	0.092	0.093	0.091	0.093	0.092	1.010	1.046	1.053	1.063	1.065	1.021	1.076	1.020	1.093	1.027	0.093	0.093	1.059	1.008	1.063	0.985	1.006	1.000	1.066	1.090	1.002	1.095	0.094	0.092	1.038	1.057	0.994	1.064	1.056	1.068	1.065	1.010	1.082	1.031	0.094	0.094	1.039	0.984	1.060	0.977	0.982	1.060	0.980	1.074	1.086	1.069	0.091	0.094	0.984	1.061	1.051	1.061	0.976	1.063	1.057	0.984	1.019	1.012	0.093	0.094	1.144	0.985	0.991	0.984	1.044	1.022	1.067	1.090	1.088	1.181	0.092	0.094	0.092	0.094	0.092	0.091	0.091	0.093	0.094	0.094	0.093	0.091	0.092
66:01:10	19.4	0.091	0.092	0.093	0.095	0.094	0.094	0.091	0.091	0.092	0.093	0.091	0.093	0.092	1.008	1.042	1.046	1.055	1.057	1.009	1.070	1.014	1.083	1.030	0.093	0.093	1.056	0.999	1.060	0.979	0.996	0.992	1.059	1.078	0.997	1.086	0.093	0.092	1.037	1.051	0.987	1.055	1.048	1.064	1.054	1.002	1.074	1.028	0.094	0.094	1.036	0.980	1.052	0.967	0.975	1.052	0.973	1.062	1.079	1.064	0.091	0.094	0.986	1.057	1.046	1.054	0.970	1.054	1.050	0.982	1.017	1.013	0.093	0.093	1.147	0.985	0.992	0.982	1.039	1.018	1.061	1.083	1.077	1.184	0.092	0.094	0.092	0.094	0.092	0.091	0.091	0.093	0.094	0.094	0.093	0.091	0.092
67:01:11	19.4	0.091	0.092	0.093	0.095	0.094	0.093	0.091	0.091	0.092	0.093	0.091	0.092	0.092	0.999	1.033	1.040	1.046	1.047	0.995	1.064	1.007	1.072	1.026	0.093	0.093	1.047	0.988	1.046	0.971	0.981	0.975	1.046	1.065	0.991	1.075	0.094	0.092	1.026	1.044	0.976	1.043	1.039	1.054	1.047	0.989	1.063	1.022	0.094	0.094	1.028	0.968	1.040	0.958	0.962	1.042	0.959	1.049	1.063	1.057	0.091	0.094	0.980	1.047	1.037	1.045	0.963	1.043	1.033	0.976	1.007	1.007	0.093	0.094	1.149	0.980	0.989	0.978	1.029	1.006	1.050	1.074	1.069	1.182	0.092	0.094	0.092	0.094	0.092	0.091	0.091	0.093	0.094	0.094	0.093	0.091	0.092
68:01:11	19.4	0.091	0.092	0.093	0.095	0.094	0.093	0.091	0.091	0.092	0.093	0.091	0.092	0.092	0.992	1.027	1.029	1.039	1.038	0.978	1.051	0.992	1.061	1.020	0.093	0.093	1.040	0.969	1.036	0.957	0.963	0.959	1.034	1.051	0.980	1.062	0.093	0.092	1.019	1.035	0.965	1.031	1.023	1.040	1.029	0.972	1.046	1.010	0.094	0.093	1.018	0.951	1.028	0.944	0.946	1.029	0.946	1.038	1.050	1.048	0.091	0.094	0.969	1.038	1.029	1.035	0.951	1.033	1.022	0.968	0.995	0.999	0.093	0.093	1.148	0.970	0.981	0.970	1.017	0.994	1.039	1.067	1.056	1.181	0.092	0.094	0.092	0.094	0.092	0.091	0.091	0.093	0.094	0.094	0.093	0.091	0.091
69:01:21	19.5	0.091	0.092	0.093	0.095	0.094	0.094	0.091	0.092	0.092	0.093	0.091	0.092	0.092	0.978	1.016	1.021	1.024	1.027	0.962	1.039	0.977	1.047	1.011	0.093	0.093	1.032	0.954	1.022	0.938	0.945	0.938	1.018	1.036	0.966	1.051	0.093	0.092	1.010	1.024	0.948	1.017	1.011	1.026	1.018	0.958	1.035	0.990	0.094	0.093	1.008	0.933	1.015	0.929	0.930	1.016	0.928	1.024	1.036	1.035	0.091	0.094	0.957	1.024	1.013	1.020	0.934	1.021	1.010	0.956	0.976	0.987	0.093	0.093	1.148	0.959	0.969	0.957	1.009	0.980	1.030	1.058	1.046	1.180	0.092	0.094	0.092	0.094	0.092	0.091	0.091	0.093	0.094	0.094	0.093	0.091	0.091
70:01:12	19.6	0.091	0.092	0.092	0.095	0.094	0.093	0.091	0.091	0.092	0.093	0.091	0.092	0.092	0.962	1.006	1.009	1.011	1.013	0.945	1.023	0.959	1.034	0.998	0.093	0.093	1.026	0.937	1.013	0.922	0.924	0.917	1.004	1.016	0.951	1.031	0.093	0.092	1.001	1.010	0.930	1.004	0.998	1.010	1.003	0.937	1.024	0.974	0.094	0.093	0.999	0.914	1.000	0.912	0.912	1.002	0.911	1.011	1.019	1.024	0.091	0.094	0.943	1.014	1.004	1.008	0.921	1.007	0.998	0.945	0.967	0.975	0.093	0.093	1.146	0.946	0.955	0.946	1.000	0.964	1.020	1.050	1.034	1.178	0.092	0.094	0.092	0.094	0.092	0.091	0.091	0.093	0.094	0.094	0.092	0.091	0.092
71:01:14	19.6	0.091	0.092	0.093	0.095	0.094	0.093	0.091	0.092	0.093	0.093	0.091	0.093	0.092	0.946	0.996	1.002	0.998	1.001	0.928	1.008	0.942	1.022	0.985	0.093	0.093	1.012	0.919	0.998	0.900	0.912	0.894	0.991	1.005	0.934	1.022	0.093	0.092	0.992	0.999	0.914	0.993	0.984	0.996	0.988	0.920	1.008	0.955	0.094	0.093	0.989	0.894	0.989	0.894	0.897	0.990	0.892	1.000	1.007	1.012	0.091	0.094	0.923	1.002	0.990	0.996	0.902	0.993	0.985	0.932	0.951	0.962	0.093	0.093	1.148	0.930	0.938	0.930	0.990	0.946	1.009	1.042	1.024	1.176	0.092	0.094	0.092	0.094	0.092	0.091	0.091	0.093	0.094	0.094	0.093	0.091	0.092
72:01:13	19.8	0.092	0.092	0.093	0.095	0.094	0.093	0.091	0.092	0.092	0.093	0.091	0.092	0.092	0.926	0.988	0.996	0.990	0.993	0.913	0.998	0.922	1.004	0.967	0.093	0.093	1.004	0.899	0.988	0.887	0.885	0.879	0.976	0.989	0.919	1.010	0.093	0.092	0.982	0.983	0.896	0.980	0.969	0.979	0.976	0.899	0.994	0.938	0.094	0.093	0.980	0.879	0.975	0.880	0.880	0.979	0.876	0.988	0.997	0.999	0.091	0.094	0.907	0.990	0.981	0.986	0.886	0.981	0.976	0.910	0.935	0.947	0.093	0.093	1.146	0.909	0.922	0.918	0.980	0.931	1.001	1.035	1.010	1.170	0.092	0.094	0.092	0.094	0.092	0.091	0.091	0.093	0.094	0.094	0.093	0.091	0.092

