Time	T° 600	A1	A2	A3	A4	A5	A6	A7	A8	A9	A10	A11	A12	B1	B2	B3	B4	B5	B6	B7	B8	B9	B10	B11	B12	C1	C2	C3	C4	C5	C6	C7	C8	C9	C10	C11	C12	D1	D2	D3	D4	D5	D6	D7	D8	D9	D10	D11	D12	E1	E2	E3	E4	E5	E6	E7	E8	E9	E10	E11	E12	F1	F2	F3	F4	F5	F6	F7	F8	F9	F10	F11	F12	G1	G2	G3	G4	G5	G6	G7	G8	G9	G10	G11	G12	H1	H2	H3	H4	H5	H6	H7	H8	H9	H10	H11	H12
0:00:06	18.5	0.091	0.091	0.091	0.092	0.092	0.092	0.092	0.091	0.092	0.093	0.092	0.093	0.091	0.093	0.093	0.094	0.093	0.095	0.093	0.096	0.093	0.093	0.094	0.093	0.091	0.093	0.093	0.094	0.093	0.094	0.094	0.094	0.093	0.095	0.095	0.092	0.092	0.092	0.092	0.093	0.092	0.093	0.091	0.095	0.094	0.094	0.094	0.092	0.092	0.095	0.093	0.094	0.093	0.093	0.093	0.092	0.093	0.093	0.093	0.092	0.093	0.094	0.092	0.093	0.092	0.092	0.094	0.095	0.094	0.093	0.092	0.090	0.097	0.092	0.096	0.096	0.097	0.094	0.095	0.094	0.095	0.092	0.094	0.091	0.093	0.093	0.093	0.092	0.093	0.092	0.093	0.092	0.094	0.094	0.092	0.092
1:00:06	18.9	0.091	0.092	0.092	0.092	0.092	0.092	0.092	0.092	0.092	0.093	0.092	0.094	0.092	0.093	0.093	0.095	0.094	0.096	0.094	0.096	0.094	0.093	0.094	0.094	0.092	0.094	0.094	0.094	0.093	0.095	0.094	0.095	0.094	0.096	0.096	0.093	0.093	0.093	0.093	0.093	0.092	0.093	0.092	0.095	0.094	0.095	0.094	0.092	0.093	0.095	0.093	0.095	0.094	0.093	0.093	0.092	0.093	0.093	0.093	0.091	0.094	0.095	0.094	0.095	0.093	0.093	0.095	0.096	0.093	0.093	0.093	0.090	0.097	0.093	0.096	0.095	0.096	0.094	0.094	0.094	0.095	0.093	0.094	0.091	0.094	0.093	0.093	0.093	0.093	0.092	0.093	0.092	0.094	0.094	0.093	0.092
2:00:09	19.3	0.092	0.092	0.092	0.092	0.092	0.092	0.093	0.092	0.093	0.093	0.092	0.094	0.092	0.094	0.094	0.095	0.094	0.096	0.094	0.096	0.094	0.093	0.095	0.094	0.092	0.094	0.094	0.094	0.094	0.095	0.094	0.095	0.095	0.097	0.096	0.094	0.093	0.093	0.093	0.094	0.092	0.094	0.092	0.095	0.095	0.095	0.095	0.093	0.093	0.096	0.093	0.095	0.094	0.094	0.093	0.092	0.093	0.093	0.094	0.092	0.094	0.095	0.094	0.095	0.093	0.093	0.095	0.096	0.094	0.093	0.094	0.091	0.097	0.093	0.097	0.096	0.096	0.095	0.095	0.094	0.095	0.093	0.095	0.091	0.094	0.093	0.093	0.093	0.094	0.092	0.093	0.092	0.094	0.094	0.093	0.092
3:00:08	19.7	0.092	0.093	0.092	0.093	0.092	0.093	0.093	0.092	0.093	0.093	0.093	0.094	0.092	0.094	0.094	0.096	0.095	0.096	0.095	0.097	0.094	0.093	0.095	0.094	0.092	0.094	0.095	0.095	0.094	0.095	0.095	0.095	0.096	0.097	0.097	0.094	0.093	0.093	0.094	0.094	0.093	0.094	0.092	0.096	0.095	0.096	0.095	0.093	0.094	0.096	0.094	0.096	0.094	0.094	0.093	0.092	0.093	0.094	0.094	0.092	0.094	0.096	0.094	0.095	0.094	0.094	0.095	0.096	0.094	0.093	0.094	0.091	0.097	0.093	0.097	0.096	0.096	0.095	0.095	0.095	0.095	0.094	0.096	0.091	0.094	0.093	0.093	0.093	0.094	0.092	0.094	0.093	0.094	0.094	0.093	0.092
4:00:10	19.9	0.092	0.092	0.093	0.092	0.093	0.093	0.092	0.092	0.092	0.093	0.092	0.094	0.092	0.094	0.094	0.096	0.094	0.097	0.095	0.097	0.094	0.093	0.095	0.094	0.092	0.094	0.094	0.095	0.094	0.096	0.095	0.095	0.095	0.097	0.097	0.094	0.093	0.094	0.094	0.094	0.093	0.094	0.092	0.095	0.095	0.095	0.095	0.093	0.093	0.096	0.094	0.096	0.094	0.094	0.094	0.092	0.094	0.094	0.094	0.092	0.094	0.096	0.094	0.095	0.094	0.094	0.096	0.096	0.094	0.094	0.094	0.091	0.097	0.093	0.097	0.096	0.096	0.095	0.095	0.094	0.095	0.094	0.096	0.091	0.094	0.093	0.093	0.093	0.094	0.092	0.093	0.093	0.094	0.094	0.093	0.092
5:00:08	20.0	0.092	0.093	0.092	0.093	0.093	0.093	0.093	0.092	0.093	0.094	0.093	0.094	0.093	0.095	0.095	0.096	0.094	0.097	0.095	0.097	0.095	0.094	0.096	0.095	0.092	0.094	0.095	0.095	0.094	0.096	0.095	0.096	0.096	0.098	0.097	0.095	0.093	0.094	0.094	0.094	0.093	0.095	0.093	0.096	0.095	0.096	0.095	0.093	0.094	0.096	0.094	0.096	0.094	0.094	0.094	0.093	0.094	0.094	0.094	0.092	0.095	0.096	0.095	0.096	0.094	0.094	0.096	0.097	0.094	0.094	0.094	0.091	0.097	0.094	0.097	0.096	0.097	0.095	0.095	0.095	0.096	0.094	0.096	0.092	0.094	0.093	0.093	0.093	0.094	0.093	0.093	0.093	0.095	0.094	0.093	0.092
6:00:10	20.0	0.092	0.093	0.093	0.093	0.093	0.093	0.093	0.092	0.093	0.094	0.093	0.095	0.092	0.095	0.095	0.096	0.095	0.097	0.095	0.097	0.095	0.094	0.096	0.095	0.092	0.094	0.095	0.095	0.094	0.095	0.095	0.096	0.096	0.098	0.097	0.094	0.093	0.094	0.094	0.094	0.093	0.095	0.093	0.096	0.095	0.096	0.095	0.093	0.094	0.096	0.094	0.096	0.095	0.094	0.094	0.093	0.094	0.094	0.094	0.092	0.095	0.096	0.095	0.096	0.094	0.094	0.096	0.097	0.095	0.094	0.094	0.091	0.097	0.093	0.097	0.096	0.097	0.095	0.095	0.095	0.096	0.094	0.096	0.092	0.094	0.093	0.093	0.093	0.094	0.093	0.093	0.093	0.094	0.094	0.093	0.092
7:00:11	19.9	0.092	0.093	0.093	0.093	0.092	0.093	0.094	0.092	0.093	0.094	0.093	0.095	0.093	0.095	0.095	0.096	0.095	0.097	0.095	0.097	0.095	0.094	0.096	0.095	0.092	0.095	0.095	0.095	0.095	0.096	0.095	0.096	0.096	0.098	0.097	0.094	0.093	0.094	0.094	0.094	0.093	0.095	0.093	0.096	0.096	0.096	0.095	0.093	0.094	0.097	0.094	0.096	0.094	0.094	0.094	0.093	0.094	0.094	0.094	0.092	0.095	0.097	0.095	0.096	0.094	0.094	0.096	0.097	0.095	0.094	0.095	0.091	0.097	0.094	0.098	0.096	0.097	0.095	0.095	0.095	0.095	0.095	0.096	0.092	0.094	0.094	0.093	0.093	0.094	0.093	0.094	0.093	0.095	0.094	0.093	0.092
8:00:15	19.8	0.092	0.093	0.093	0.093	0.093	0.093	0.093	0.092	0.093	0.093	0.093	0.095	0.092	0.095	0.095	0.096	0.095	0.097	0.095	0.097	0.095	0.094	0.096	0.095	0.092	0.095	0.095	0.095	0.095	0.096	0.095	0.096	0.096	0.098	0.098	0.095	0.093	0.094	0.094	0.094	0.093	0.095	0.093	0.096	0.096	0.096	0.096	0.093	0.093	0.097	0.094	0.097	0.095	0.095	0.094	0.093	0.094	0.094	0.095	0.092	0.095	0.097	0.095	0.096	0.094	0.095	0.097	0.097	0.095	0.094	0.095	0.091	0.097	0.094	0.097	0.096	0.097	0.095	0.095	0.095	0.096	0.095	0.097	0.092	0.094	0.094	0.093	0.093	0.094	0.093	0.094	0.093	0.095	0.094	0.093	0.093
9:00:13	19.7	0.092	0.093	0.093	0.093	0.093	0.093	0.093	0.092	0.093	0.094	0.093	0.094	0.092	0.095	0.095	0.096	0.095	0.097	0.096	0.097	0.095	0.094	0.096	0.094	0.092	0.094	0.095	0.095	0.095	0.096	0.095	0.096	0.096	0.098	0.097	0.094	0.093	0.094	0.094	0.095	0.093	0.095	0.093	0.096	0.096	0.096	0.095	0.093	0.094	0.097	0.094	0.096	0.095	0.094	0.094	0.093	0.093	0.094	0.094	0.092	0.095	0.096	0.095	0.096	0.094	0.095	0.096	0.097	0.094	0.094	0.095	0.091	0.097	0.094	0.097	0.096	0.097	0.095	0.095	0.095	0.096	0.095	0.096	0.092	0.094	0.093	0.093	0.093	0.094	0.093	0.093	0.093	0.094	0.094	0.093	0.092
10:00:14	19.7	0.092	0.093	0.093	0.093	0.093	0.093	0.094	0.092	0.093	0.094	0.093	0.095	0.093	0.095	0.095	0.097	0.095	0.098	0.096	0.098	0.095	0.094	0.096	0.095	0.092	0.095	0.095	0.095	0.095	0.096	0.096	0.096	0.097	0.098	0.098	0.095	0.093	0.095	0.095	0.095	0.094	0.095	0.094	0.096	0.096	0.097	0.096	0.093	0.094	0.097	0.095	0.097	0.095	0.095	0.094	0.093	0.094	0.095	0.095	0.092	0.095	0.097	0.096	0.097	0.095	0.095	0.097	0.098	0.095	0.094	0.095	0.091	0.097	0.094	0.098	0.096	0.097	0.096	0.096	0.096	0.096	0.095	0.097	0.092	0.094	0.094	0.093	0.093	0.094	0.093	0.094	0.093	0.095	0.094	0.094	0.093
11:00:15	19.7	0.092	0.093	0.093	0.093	0.093	0.093	0.094	0.092	0.093	0.093	0.093	0.094	0.092	0.095	0.095	0.097	0.095	0.098	0.096	0.097	0.095	0.094	0.096	0.095	0.092	0.095	0.096	0.095	0.095	0.096	0.095	0.096	0.096	0.098	0.098	0.094	0.093	0.095	0.095	0.095	0.094	0.095	0.093	0.096	0.096	0.096	0.096	0.093	0.094	0.097	0.094	0.097	0.095	0.095	0.094	0.093	0.094	0.095	0.095	0.092	0.095	0.097	0.096	0.097	0.095	0.095	0.097	0.097	0.095	0.094	0.095	0.091	0.097	0.094	0.098	0.096	0.097	0.095	0.096	0.096	0.096	0.095	0.097	0.091	0.094	0.093	0.093	0.093	0.094	0.092	0.093	0.093	0.094	0.094	0.093	0.093
12:00:16	19.7	0.092	0.093	0.093	0.093	0.093	0.093	0.093	0.092	0.093	0.094	0.093	0.095	0.093	0.095	0.096	0.097	0.096	0.098	0.096	0.098	0.095	0.095	0.096	0.095	0.092	0.095	0.096	0.096	0.095	0.096	0.096	0.097	0.097	0.098	0.098	0.095	0.093	0.095	0.095	0.095	0.094	0.096	0.094	0.097	0.096	0.097	0.096	0.094	0.094	0.098	0.095	0.097	0.095	0.095	0.094	0.094	0.094	0.095	0.095	0.092	0.095	0.097	0.096	0.097	0.095	0.095	0.097	0.098	0.095	0.095	0.095	0.091	0.097	0.094	0.098	0.097	0.098	0.096	0.096	0.096	0.096	0.096	0.097	0.092	0.094	0.094	0.093	0.093	0.094	0.093	0.094	0.093	0.094	0.095	0.094	0.093
13:00:19	19.6	0.092	0.093	0.093	0.093	0.093	0.093	0.094	0.092	0.093	0.094	0.093	0.095	0.093	0.095	0.096	0.098	0.096	0.098	0.096	0.098	0.095	0.095	0.097	0.095	0.092	0.095	0.096	0.096	0.095	0.097	0.096	0.097	0.097	0.099	0.098	0.095	0.093	0.096	0.096	0.095	0.094	0.096	0.094	0.096	0.096	0.097	0.096	0.094	0.094	0.098	0.095	0.097	0.095	0.095	0.095	0.094	0.094	0.095	0.095	0.092	0.095	0.097	0.096	0.097	0.095	0.095	0.097	0.098	0.095	0.095	0.095	0.092	0.097	0.095	0.098	0.097	0.098	0.096	0.096	0.096	0.096	0.096	0.098	0.092	0.094	0.094	0.093	0.094	0.094	0.093	0.094	0.093	0.095	0.095	0.094	0.093
14:00:18	19.6	0.092	0.093	0.093	0.093	0.093	0.093	0.094	0.092	0.093	0.094	0.093	0.095	0.093	0.096	0.096	0.098	0.096	0.098	0.096	0.098	0.095	0.095	0.097	0.095	0.092	0.095	0.096	0.096	0.095	0.097	0.096	0.097	0.097	0.098	0.098	0.095	0.093	0.096	0.096	0.095	0.094	0.096	0.095	0.097	0.097	0.097	0.096	0.094	0.094	0.098	0.095	0.097	0.095	0.096	0.095	0.094	0.094	0.095	0.095	0.093	0.095	0.097	0.096	0.097	0.095	0.095	0.097	0.098	0.095	0.095	0.095	0.091	0.097	0.095	0.098	0.097	0.098	0.096	0.096	0.096	0.096	0.096	0.098	0.092	0.094	0.094	0.093	0.093	0.094	0.093	0.094	0.093	0.095	0.095	0.094	0.093
15:00:18	19.5	0.093	0.093	0.093	0.093	0.093	0.093	0.093	0.093	0.093	0.094	0.093	0.095	0.093	0.096	0.096	0.099	0.096	0.098	0.097	0.098	0.095	0.096	0.097	0.095	0.093	0.096	0.096	0.096	0.096	0.097	0.096	0.097	0.097	0.099	0.099	0.095	0.093	0.097	0.097	0.095	0.095	0.096	0.095	0.097	0.097	0.097	0.096	0.094	0.094	0.099	0.095	0.097	0.095	0.096	0.095	0.094	0.094	0.095	0.095	0.092	0.095	0.097	0.096	0.097	0.095	0.095	0.097	0.098	0.096	0.095	0.096	0.092	0.098	0.096	0.098	0.098	0.098	0.096	0.096	0.096	0.096	0.097	0.098	0.092	0.094	0.094	0.094	0.093	0.095	0.093	0.094	0.093	0.095	0.095	0.094	0.093
16:00:20	19.4	0.092	0.093	0.093	0.093	0.093	0.093	0.094	0.093	0.093	0.094	0.093	0.095	0.093	0.096	0.096	0.099	0.097	0.098	0.096	0.098	0.095	0.096	0.097	0.095	0.093	0.096	0.096	0.096	0.096	0.097	0.096	0.097	0.097	0.099	0.099	0.095	0.093	0.098	0.098	0.095	0.095	0.096	0.096	0.097	0.097	0.097	0.097	0.094	0.094	0.100	0.095	0.097	0.096	0.096	0.095	0.095	0.095	0.095	0.095	0.093	0.095	0.098	0.096	0.097	0.096	0.096	0.097	0.098	0.096	0.095	0.096	0.092	0.097	0.097	0.098	0.098	0.099	0.096	0.096	0.096	0.096	0.098	0.098	0.092	0.094	0.094	0.094	0.093	0.094	0.093	0.094	0.093	0.095	0.095	0.094	0.093
17:00:20	19.3	0.092	0.093	0.093	0.093	0.093	0.093	0.094	0.093	0.093	0.094	0.094	0.095	0.093	0.096	0.096	0.100	0.097	0.098	0.097	0.098	0.095	0.096	0.098	0.095	0.093	0.096	0.096	0.096	0.096	0.097	0.096	0.097	0.097	0.099	0.099	0.095	0.093	0.099	0.099	0.095	0.095	0.096	0.097	0.097	0.098	0.097	0.097	0.094	0.094	0.101	0.095	0.097	0.096	0.097	0.095	0.095	0.095	0.095	0.095	0.092	0.095	0.098	0.096	0.097	0.096	0.096	0.098	0.098	0.096	0.095	0.096	0.092	0.098	0.097	0.098	0.099	0.099	0.096	0.096	0.097	0.097	0.099	0.099	0.092	0.094	0.094	0.093	0.093	0.094	0.093	0.094	0.093	0.095	0.095	0.094	0.093
18:00:21	19.3	0.092	0.093	0.093	0.093	0.093	0.093	0.095	0.093	0.093	0.094	0.093	0.095	0.093	0.096	0.096	0.101	0.097	0.098	0.096	0.098	0.096	0.097	0.098	0.095	0.092	0.096	0.096	0.096	0.096	0.097	0.096	0.097	0.097	0.099	0.099	0.095	0.093	0.100	0.100	0.095	0.096	0.096	0.097	0.098	0.098	0.097	0.097	0.094	0.094	0.102	0.096	0.097	0.096	0.097	0.095	0.095	0.095	0.095	0.095	0.093	0.095	0.098	0.096	0.097	0.096	0.096	0.098	0.098	0.096	0.095	0.096	0.092	0.098	0.098	0.098	0.099	0.099	0.096	0.096	0.097	0.097	0.099	0.099	0.092	0.094	0.094	0.094	0.093	0.094	0.093	0.094	0.093	0.095	0.095	0.094	0.093
19:00:22	19.3	0.092	0.093	0.093	0.093	0.093	0.093	0.093	0.093	0.093	0.094	0.093	0.095	0.093	0.097	0.096	0.102	0.098	0.098	0.097	0.098	0.096	0.097	0.098	0.095	0.092	0.096	0.096	0.096	0.096	0.097	0.096	0.097	0.097	0.099	0.099	0.095	0.093	0.101	0.102	0.095	0.096	0.096	0.098	0.098	0.098	0.097	0.096	0.094	0.094	0.103	0.096	0.097	0.096	0.098	0.095	0.095	0.094	0.095	0.095	0.093	0.096	0.098	0.096	0.098	0.096	0.096	0.097	0.098	0.096	0.095	0.096	0.092	0.098	0.099	0.098	0.100	0.100	0.096	0.096	0.098	0.097	0.101	0.100	0.092	0.094	0.094	0.093	0.093	0.094	0.093	0.094	0.093	0.095	0.095	0.094	0.093
20:00:23	19.2	0.093	0.093	0.093	0.093	0.093	0.094	0.094	0.093	0.094	0.094	0.093	0.095	0.093	0.097	0.097	0.103	0.099	0.098	0.097	0.098	0.096	0.098	0.098	0.095	0.093	0.097	0.096	0.096	0.096	0.098	0.096	0.098	0.098	0.100	0.099	0.095	0.093	0.103	0.104	0.096	0.096	0.096	0.100	0.099	0.099	0.097	0.097	0.094	0.094	0.104	0.096	0.098	0.096	0.099	0.095	0.096	0.095	0.096	0.096	0.092	0.095	0.098	0.097	0.098	0.096	0.096	0.098	0.098	0.096	0.096	0.096	0.092	0.098	0.101	0.098	0.101	0.101	0.096	0.097	0.099	0.097	0.102	0.101	0.092	0.094	0.094	0.093	0.094	0.095	0.093	0.094	0.093	0.095	0.095	0.094	0.093
21:00:25	19.2	0.092	0.093	0.094	0.093	0.093	0.093	0.093	0.092	0.093	0.094	0.093	0.095	0.093	0.097	0.096	0.104	0.099	0.098	0.097	0.098	0.096	0.099	0.098	0.095	0.092	0.097	0.096	0.096	0.096	0.098	0.096	0.097	0.097	0.099	0.099	0.095	0.093	0.105	0.106	0.096	0.097	0.096	0.101	0.099	0.099	0.097	0.097	0.094	0.094	0.106	0.096	0.097	0.096	0.099	0.095	0.096	0.095	0.096	0.096	0.093	0.095	0.098	0.097	0.097	0.096	0.096	0.098	0.098	0.095	0.095	0.096	0.092	0.098	0.102	0.098	0.101	0.101	0.096	0.097	0.099	0.097	0.103	0.101	0.092	0.094	0.094	0.093	0.093	0.094	0.093	0.094	0.093	0.095	0.095	0.094	0.093
22:00:25	19.2	0.092	0.093	0.094	0.093	0.093	0.093	0.094	0.093	0.093	0.094	0.094	0.095	0.093	0.097	0.097	0.106	0.101	0.099	0.097	0.098	0.096	0.100	0.098	0.095	0.093	0.097	0.096	0.096	0.096	0.097	0.096	0.098	0.098	0.099	0.099	0.095	0.094	0.107	0.108	0.096	0.098	0.096	0.103	0.100	0.101	0.097	0.097	0.094	0.094	0.108	0.096	0.098	0.096	0.100	0.095	0.097	0.095	0.096	0.096	0.092	0.095	0.098	0.096	0.098	0.096	0.096	0.098	0.099	0.096	0.095	0.096	0.092	0.098	0.104	0.098	0.103	0.102	0.096	0.097	0.100	0.097	0.105	0.102	0.092	0.094	0.094	0.094	0.094	0.094	0.093	0.094	0.093	0.095	0.095	0.094	0.093
23:00:37	19.3	0.092	0.093	0.093	0.093	0.093	0.093	0.094	0.093	0.094	0.094	0.094	0.095	0.093	0.097	0.097	0.108	0.102	0.098	0.097	0.099	0.096	0.101	0.098	0.095	0.093	0.097	0.096	0.097	0.096	0.097	0.096	0.098	0.098	0.100	0.099	0.095	0.093	0.109	0.111	0.096	0.099	0.096	0.105	0.101	0.101	0.097	0.097	0.094	0.094	0.110	0.096	0.098	0.096	0.101	0.096	0.098	0.095	0.095	0.096	0.093	0.095	0.098	0.097	0.098	0.096	0.096	0.098	0.099	0.096	0.095	0.096	0.092	0.098	0.106	0.099	0.104	0.103	0.096	0.097	0.101	0.097	0.107	0.104	0.092	0.094	0.094	0.094	0.094	0.094	0.093	0.094	0.094	0.095	0.095	0.094	0.093
24:00:26	19.2	0.092	0.093	0.093	0.093	0.093	0.094	0.095	0.093	0.094	0.094	0.094	0.095	0.093	0.098	0.097	0.110	0.103	0.098	0.097	0.098	0.096	0.102	0.098	0.095	0.093	0.097	0.097	0.097	0.096	0.097	0.097	0.098	0.098	0.100	0.100	0.095	0.094	0.113	0.115	0.096	0.100	0.096	0.107	0.102	0.103	0.098	0.097	0.094	0.094	0.113	0.096	0.098	0.096	0.102	0.096	0.099	0.095	0.096	0.096	0.093	0.095	0.099	0.097	0.098	0.096	0.096	0.098	0.098	0.096	0.096	0.096	0.092	0.098	0.109	0.099	0.106	0.104	0.097	0.097	0.102	0.097	0.110	0.105	0.092	0.094	0.094	0.093	0.094	0.094	0.093	0.094	0.093	0.095	0.095	0.094	0.093
25:00:31	19.2	0.092	0.093	0.093	0.093	0.093	0.093	0.094	0.093	0.093	0.094	0.093	0.095	0.093	0.098	0.097	0.113	0.105	0.099	0.097	0.098	0.096	0.104	0.099	0.095	0.093	0.098	0.097	0.097	0.096	0.097	0.096	0.098	0.097	0.100	0.099	0.095	0.093	0.116	0.119	0.096	0.102	0.097	0.110	0.103	0.104	0.098	0.097	0.094	0.094	0.116	0.096	0.098	0.096	0.104	0.096	0.100	0.095	0.096	0.096	0.093	0.095	0.099	0.097	0.097	0.096	0.096	0.098	0.099	0.096	0.095	0.096	0.092	0.098	0.112	0.099	0.108	0.106	0.096	0.097	0.103	0.097	0.113	0.107	0.092	0.094	0.094	0.093	0.094	0.094	0.093	0.094	0.093	0.095	0.095	0.094	0.093
26:00:28	19.3	0.092	0.093	0.093	0.093	0.093	0.094	0.094	0.093	0.093	0.094	0.093	0.095	0.093	0.098	0.097	0.117	0.108	0.099	0.097	0.098	0.096	0.106	0.099	0.095	0.092	0.098	0.096	0.097	0.096	0.097	0.097	0.098	0.098	0.100	0.099	0.095	0.093	0.120	0.123	0.096	0.103	0.097	0.113	0.104	0.106	0.098	0.097	0.094	0.094	0.120	0.097	0.098	0.096	0.106	0.096	0.101	0.095	0.096	0.096	0.093	0.095	0.099	0.097	0.098	0.096	0.096	0.098	0.099	0.096	0.096	0.096	0.092	0.098	0.115	0.099	0.111	0.108	0.096	0.097	0.104	0.097	0.117	0.109	0.092	0.094	0.094	0.094	0.094	0.094	0.093	0.094	0.093	0.095	0.094	0.094	0.093
27:00:29	19.4	0.093	0.093	0.093	0.093	0.093	0.093	0.094	0.093	0.093	0.094	0.093	0.095	0.093	0.098	0.097	0.120	0.110	0.099	0.097	0.098	0.096	0.109	0.099	0.095	0.092	0.099	0.097	0.097	0.096	0.097	0.097	0.098	0.098	0.100	0.100	0.095	0.093	0.125	0.128	0.096	0.105	0.097	0.117	0.106	0.108	0.098	0.097	0.094	0.094	0.124	0.097	0.098	0.096	0.109	0.097	0.103	0.095	0.096	0.096	0.093	0.095	0.099	0.097	0.098	0.096	0.096	0.098	0.099	0.096	0.096	0.096	0.092	0.098	0.118	0.099	0.114	0.110	0.097	0.097	0.107	0.097	0.120	0.112	0.092	0.094	0.094	0.094	0.093	0.094	0.093	0.094	0.093	0.095	0.095	0.094	0.093
28:00:31	19.6	0.092	0.093	0.093	0.093	0.093	0.093	0.094	0.093	0.093	0.094	0.093	0.095	0.093	0.099	0.098	0.125	0.113	0.099	0.097	0.099	0.096	0.112	0.099	0.095	0.093	0.099	0.097	0.097	0.096	0.098	0.097	0.098	0.098	0.100	0.100	0.095	0.094	0.129	0.131	0.096	0.108	0.097	0.120	0.109	0.111	0.098	0.098	0.094	0.094	0.128	0.097	0.098	0.096	0.112	0.097	0.105	0.095	0.096	0.096	0.093	0.095	0.099	0.097	0.098	0.096	0.096	0.098	0.099	0.096	0.096	0.097	0.092	0.098	0.122	0.099	0.118	0.113	0.097	0.097	0.109	0.097	0.124	0.115	0.092	0.094	0.094	0.094	0.094	0.094	0.093	0.094	0.093	0.095	0.095	0.094	0.093
29:00:32	19.6	0.093	0.093	0.093	0.094	0.093	0.094	0.094	0.093	0.093	0.094	0.094	0.095	0.093	0.099	0.098	0.129	0.117	0.099	0.097	0.099	0.096	0.116	0.100	0.095	0.093	0.099	0.097	0.098	0.096	0.098	0.097	0.098	0.098	0.100	0.100	0.095	0.094	0.133	0.135	0.096	0.111	0.097	0.124	0.111	0.114	0.098	0.097	0.094	0.094	0.131	0.097	0.098	0.096	0.116	0.098	0.108	0.095	0.096	0.096	0.093	0.095	0.100	0.097	0.098	0.097	0.096	0.098	0.099	0.096	0.096	0.097	0.092	0.098	0.126	0.099	0.123	0.117	0.097	0.097	0.112	0.097	0.128	0.119	0.092	0.094	0.094	0.094	0.094	0.094	0.093	0.094	0.093	0.095	0.095	0.094	0.093
30:00:33	19.6	0.092	0.093	0.093	0.093	0.093	0.094	0.094	0.092	0.093	0.094	0.093	0.095	0.093	0.099	0.098	0.133	0.122	0.099	0.097	0.099	0.096	0.120	0.100	0.095	0.093	0.100	0.097	0.098	0.096	0.098	0.097	0.098	0.098	0.100	0.100	0.095	0.093	0.136	0.138	0.096	0.114	0.096	0.127	0.114	0.117	0.098	0.097	0.094	0.094	0.135	0.097	0.098	0.096	0.118	0.098	0.110	0.095	0.096	0.096	0.092	0.095	0.100	0.097	0.098	0.096	0.096	0.098	0.099	0.096	0.096	0.096	0.092	0.097	0.129	0.099	0.126	0.120	0.096	0.097	0.115	0.097	0.131	0.123	0.092	0.094	0.094	0.094	0.094	0.094	0.093	0.094	0.093	0.095	0.094	0.094	0.093
31:00:34	19.4	0.092	0.093	0.093	0.093	0.093	0.093	0.094	0.093	0.093	0.094	0.093	0.095	0.092	0.100	0.098	0.137	0.126	0.099	0.097	0.099	0.096	0.124	0.100	0.095	0.092	0.100	0.097	0.098	0.096	0.098	0.097	0.098	0.098	0.100	0.100	0.095	0.093	0.140	0.142	0.096	0.118	0.097	0.130	0.117	0.120	0.098	0.097	0.094	0.094	0.139	0.097	0.098	0.096	0.122	0.098	0.113	0.095	0.096	0.096	0.092	0.095	0.100	0.097	0.098	0.097	0.097	0.098	0.099	0.096	0.096	0.097	0.092	0.097	0.133	0.099	0.131	0.124	0.097	0.098	0.119	0.097	0.134	0.126	0.092	0.094	0.094	0.094	0.094	0.094	0.093	0.094	0.093	0.095	0.095	0.094	0.093
32:00:35	19.3	0.093	0.093	0.094	0.093	0.093	0.094	0.095	0.093	0.093	0.094	0.094	0.095	0.093	0.100	0.099	0.141	0.131	0.099	0.097	0.099	0.096	0.128	0.101	0.095	0.093	0.101	0.097	0.099	0.097	0.098	0.097	0.098	0.099	0.100	0.100	0.095	0.094	0.143	0.145	0.096	0.122	0.097	0.133	0.120	0.124	0.098	0.098	0.094	0.094	0.142	0.098	0.098	0.097	0.125	0.099	0.116	0.095	0.096	0.096	0.093	0.095	0.101	0.097	0.099	0.097	0.097	0.099	0.099	0.096	0.096	0.097	0.092	0.098	0.137	0.099	0.134	0.128	0.097	0.098	0.122	0.098	0.137	0.129	0.092	0.094	0.094	0.094	0.094	0.094	0.093	0.094	0.093	0.095	0.095	0.094	0.093
33:00:36	19.3	0.092	0.093	0.094	0.094	0.093	0.094	0.094	0.093	0.094	0.094	0.094	0.095	0.093	0.101	0.099	0.145	0.135	0.099	0.097	0.099	0.097	0.131	0.102	0.096	0.093	0.102	0.098	0.099	0.097	0.098	0.097	0.099	0.099	0.100	0.100	0.095	0.094	0.146	0.148	0.097	0.125	0.097	0.136	0.124	0.127	0.098	0.098	0.094	0.094	0.145	0.099	0.099	0.097	0.128	0.100	0.119	0.095	0.097	0.097	0.093	0.095	0.101	0.098	0.099	0.097	0.097	0.099	0.100	0.097	0.096	0.097	0.092	0.098	0.140	0.099	0.138	0.131	0.097	0.098	0.126	0.098	0.140	0.133	0.092	0.095	0.094	0.094	0.094	0.095	0.093	0.094	0.094	0.095	0.095	0.094	0.093
34:00:36	19.3	0.093	0.094	0.094	0.094	0.094	0.094	0.094	0.093	0.094	0.094	0.094	0.095	0.093	0.101	0.099	0.148	0.139	0.100	0.097	0.099	0.097	0.135	0.102	0.095	0.093	0.102	0.097	0.100	0.097	0.098	0.097	0.099	0.099	0.101	0.100	0.096	0.094	0.150	0.151	0.097	0.129	0.097	0.138	0.127	0.130	0.099	0.098	0.094	0.094	0.148	0.099	0.099	0.097	0.131	0.101	0.122	0.096	0.096	0.097	0.093	0.095	0.102	0.098	0.099	0.097	0.097	0.099	0.100	0.097	0.096	0.097	0.092	0.098	0.143	0.099	0.141	0.134	0.097	0.098	0.129	0.098	0.143	0.136	0.092	0.094	0.094	0.094	0.094	0.095	0.094	0.094	0.094	0.095	0.095	0.094	0.093
35:00:39	19.3	0.092	0.093	0.093	0.093	0.093	0.093	0.094	0.092	0.093	0.094	0.094	0.095	0.093	0.102	0.099	0.152	0.142	0.099	0.097	0.099	0.097	0.138	0.103	0.095	0.093	0.102	0.097	0.100	0.097	0.098	0.097	0.098	0.099	0.100	0.100	0.095	0.094	0.152	0.153	0.097	0.131	0.097	0.141	0.130	0.133	0.099	0.098	0.094	0.094	0.150	0.099	0.098	0.097	0.134	0.102	0.125	0.095	0.097	0.096	0.093	0.095	0.102	0.097	0.098	0.097	0.097	0.099	0.100	0.096	0.096	0.097	0.092	0.098	0.146	0.099	0.144	0.137	0.097	0.098	0.132	0.098	0.145	0.138	0.092	0.094	0.094	0.094	0.094	0.094	0.093	0.094	0.094	0.095	0.095	0.094	0.093
36:00:39	19.3	0.093	0.093	0.094	0.094	0.093	0.094	0.094	0.093	0.094	0.094	0.094	0.095	0.093	0.102	0.099	0.156	0.146	0.100	0.097	0.099	0.097	0.142	0.104	0.095	0.093	0.103	0.097	0.100	0.097	0.098	0.097	0.099	0.099	0.101	0.100	0.095	0.094	0.155	0.156	0.097	0.135	0.098	0.143	0.133	0.136	0.098	0.098	0.094	0.094	0.153	0.100	0.099	0.097	0.137	0.103	0.128	0.095	0.097	0.097	0.093	0.095	0.102	0.098	0.099	0.097	0.097	0.099	0.100	0.097	0.096	0.097	0.092	0.098	0.149	0.099	0.148	0.140	0.097	0.098	0.135	0.098	0.148	0.142	0.092	0.094	0.094	0.094	0.094	0.095	0.093	0.094	0.094	0.095	0.095	0.095	0.093
37:00:46	19.3	0.093	0.093	0.094	0.094	0.094	0.094	0.094	0.093	0.094	0.094	0.094	0.095	0.093	0.103	0.100	0.159	0.149	0.100	0.097	0.099	0.097	0.145	0.105	0.095	0.093	0.103	0.097	0.101	0.097	0.099	0.098	0.099	0.099	0.101	0.100	0.095	0.093	0.159	0.159	0.097	0.137	0.097	0.146	0.135	0.139	0.099	0.098	0.094	0.094	0.156	0.101	0.099	0.098	0.139	0.104	0.130	0.096	0.097	0.097	0.093	0.096	0.103	0.097	0.098	0.097	0.097	0.099	0.100	0.097	0.096	0.097	0.092	0.098	0.153	0.099	0.150	0.143	0.097	0.098	0.139	0.098	0.150	0.144	0.092	0.094	0.094	0.094	0.094	0.094	0.093	0.094	0.094	0.095	0.095	0.094	0.093
38:00:39	19.3	0.093	0.094	0.093	0.093	0.093	0.094	0.094	0.093	0.094	0.094	0.094	0.095	0.093	0.103	0.100	0.162	0.153	0.100	0.097	0.099	0.097	0.148	0.106	0.095	0.093	0.104	0.098	0.102	0.098	0.098	0.098	0.099	0.099	0.101	0.100	0.095	0.094	0.161	0.162	0.097	0.140	0.097	0.148	0.138	0.141	0.099	0.098	0.094	0.094	0.159	0.101	0.099	0.098	0.141	0.106	0.133	0.096	0.097	0.097	0.093	0.095	0.104	0.097	0.099	0.097	0.097	0.099	0.100	0.097	0.096	0.097	0.092	0.098	0.156	0.099	0.153	0.146	0.097	0.098	0.141	0.098	0.153	0.147	0.092	0.094	0.094	0.094	0.094	0.095	0.093	0.094	0.094	0.095	0.095	0.094	0.093
39:00:40	19.3	0.092	0.093	0.093	0.093	0.093	0.093	0.094	0.092	0.093	0.094	0.093	0.095	0.093	0.103	0.101	0.165	0.155	0.100	0.097	0.099	0.097	0.151	0.107	0.095	0.093	0.104	0.097	0.102	0.097	0.098	0.098	0.099	0.099	0.101	0.100	0.095	0.093	0.164	0.164	0.097	0.142	0.097	0.150	0.140	0.143	0.099	0.097	0.094	0.094	0.162	0.102	0.099	0.097	0.144	0.108	0.135	0.096	0.097	0.097	0.092	0.095	0.105	0.097	0.098	0.097	0.097	0.099	0.099	0.097	0.096	0.097	0.092	0.098	0.159	0.099	0.156	0.149	0.097	0.098	0.144	0.098	0.155	0.150	0.092	0.094	0.094	0.094	0.093	0.094	0.093	0.094	0.094	0.095	0.095	0.094	0.093
40:00:42	19.3	0.092	0.093	0.094	0.093	0.093	0.094	0.094	0.093	0.094	0.094	0.094	0.095	0.093	0.104	0.101	0.168	0.158	0.101	0.097	0.099	0.097	0.154	0.109	0.095	0.093	0.105	0.097	0.103	0.098	0.099	0.098	0.099	0.099	0.101	0.100	0.095	0.094	0.167	0.167	0.097	0.145	0.098	0.153	0.143	0.146	0.099	0.098	0.094	0.094	0.165	0.103	0.099	0.098	0.146	0.110	0.138	0.096	0.097	0.097	0.093	0.096	0.106	0.098	0.099	0.097	0.098	0.099	0.100	0.097	0.097	0.097	0.092	0.098	0.163	0.099	0.159	0.152	0.098	0.098	0.147	0.098	0.158	0.152	0.092	0.094	0.094	0.094	0.094	0.094	0.093	0.094	0.094	0.095	0.095	0.094	0.093
41:00:43	19.2	0.092	0.093	0.093	0.093	0.093	0.093	0.093	0.093	0.093	0.094	0.093	0.095	0.093	0.104	0.101	0.171	0.161	0.101	0.097	0.099	0.097	0.157	0.110	0.095	0.092	0.105	0.097	0.104	0.098	0.098	0.097	0.099	0.099	0.101	0.100	0.095	0.093	0.170	0.170	0.097	0.147	0.097	0.155	0.145	0.148	0.099	0.098	0.094	0.094	0.168	0.104	0.098	0.098	0.148	0.112	0.140	0.096	0.097	0.097	0.093	0.095	0.107	0.097	0.098	0.097	0.097	0.099	0.100	0.097	0.096	0.097	0.092	0.097	0.166	0.099	0.162	0.154	0.097	0.098	0.150	0.098	0.161	0.155	0.092	0.094	0.094	0.094	0.093	0.094	0.093	0.094	0.093	0.095	0.095	0.094	0.093
42:00:44	19.2	0.092	0.093	0.093	0.093	0.093	0.093	0.094	0.093	0.093	0.094	0.094	0.095	0.093	0.104	0.102	0.174	0.164	0.101	0.097	0.099	0.097	0.161	0.112	0.095	0.093	0.105	0.097	0.106	0.098	0.099	0.098	0.099	0.099	0.101	0.100	0.095	0.094	0.173	0.172	0.097	0.150	0.097	0.157	0.148	0.151	0.099	0.098	0.094	0.094	0.171	0.105	0.099	0.098	0.150	0.116	0.142	0.096	0.097	0.097	0.093	0.095	0.108	0.097	0.098	0.097	0.098	0.099	0.100	0.097	0.097	0.097	0.092	0.098	0.170	0.099	0.165	0.157	0.097	0.098	0.153	0.098	0.164	0.158	0.092	0.094	0.094	0.094	0.094	0.094	0.093	0.094	0.094	0.095	0.095	0.094	0.093
43:00:43	19.1	0.092	0.094	0.093	0.094	0.093	0.094	0.094	0.093	0.094	0.094	0.094	0.095	0.093	0.105	0.102	0.178	0.167	0.101	0.097	0.099	0.097	0.164	0.114	0.095	0.093	0.106	0.097	0.107	0.098	0.099	0.098	0.099	0.099	0.101	0.100	0.095	0.093	0.176	0.175	0.097	0.152	0.098	0.160	0.150	0.153	0.099	0.098	0.094	0.094	0.173	0.107	0.099	0.099	0.152	0.120	0.145	0.096	0.097	0.097	0.093	0.095	0.110	0.097	0.099	0.098	0.098	0.099	0.100	0.097	0.097	0.097	0.092	0.098	0.173	0.099	0.168	0.160	0.098	0.098	0.156	0.098	0.167	0.160	0.092	0.094	0.094	0.094	0.094	0.094	0.093	0.094	0.094	0.095	0.095	0.094	0.093
44:00:44	19.1	0.092	0.093	0.094	0.093	0.093	0.094	0.094	0.093	0.094	0.094	0.094	0.095	0.093	0.105	0.103	0.180	0.170	0.101	0.097	0.099	0.097	0.167	0.116	0.095	0.093	0.106	0.098	0.108	0.098	0.099	0.098	0.099	0.099	0.101	0.101	0.095	0.094	0.179	0.178	0.097	0.155	0.098	0.162	0.152	0.155	0.099	0.098	0.094	0.094	0.176	0.109	0.099	0.099	0.155	0.124	0.147	0.096	0.097	0.097	0.093	0.095	0.111	0.097	0.098	0.098	0.098	0.099	0.100	0.097	0.097	0.097	0.092	0.098	0.176	0.099	0.171	0.163	0.098	0.098	0.159	0.098	0.169	0.163	0.092	0.094	0.094	0.094	0.093	0.095	0.093	0.094	0.093	0.095	0.095	0.094	0.093
45:00:47	19.1	0.092	0.093	0.094	0.094	0.094	0.094	0.095	0.093	0.094	0.094	0.094	0.095	0.093	0.106	0.103	0.184	0.173	0.101	0.098	0.099	0.097	0.170	0.120	0.095	0.093	0.107	0.098	0.110	0.099	0.099	0.098	0.099	0.100	0.102	0.100	0.095	0.094	0.183	0.181	0.097	0.158	0.098	0.165	0.155	0.158	0.099	0.098	0.094	0.094	0.180	0.111	0.099	0.099	0.157	0.128	0.150	0.096	0.097	0.097	0.093	0.096	0.114	0.098	0.099	0.098	0.098	0.099	0.100	0.097	0.097	0.097	0.093	0.098	0.180	0.100	0.174	0.166	0.098	0.098	0.163	0.099	0.172	0.166	0.092	0.095	0.094	0.094	0.094	0.095	0.094	0.094	0.094	0.095	0.095	0.094	0.094
46:00:47	19.1	0.092	0.093	0.094	0.093	0.093	0.094	0.094	0.093	0.093	0.094	0.094	0.095	0.093	0.105	0.104	0.187	0.176	0.101	0.098	0.099	0.097	0.173	0.122	0.095	0.093	0.107	0.097	0.113	0.099	0.099	0.098	0.098	0.099	0.102	0.100	0.095	0.094	0.186	0.184	0.096	0.160	0.098	0.167	0.157	0.160	0.099	0.098	0.094	0.094	0.183	0.113	0.098	0.100	0.159	0.132	0.152	0.096	0.097	0.097	0.093	0.095	0.116	0.097	0.099	0.098	0.098	0.099	0.100	0.097	0.097	0.097	0.092	0.097	0.184	0.099	0.176	0.168	0.098	0.098	0.166	0.098	0.175	0.169	0.092	0.094	0.094	0.094	0.094	0.094	0.093	0.094	0.094	0.095	0.095	0.094	0.093
47:00:49	19.1	0.092	0.093	0.093	0.093	0.094	0.094	0.094	0.093	0.093	0.094	0.094	0.095	0.093	0.106	0.104	0.190	0.179	0.102	0.098	0.099	0.097	0.176	0.127	0.095	0.093	0.107	0.098	0.115	0.099	0.099	0.098	0.099	0.099	0.102	0.100	0.095	0.093	0.189	0.188	0.096	0.162	0.098	0.170	0.159	0.163	0.099	0.098	0.094	0.094	0.186	0.117	0.099	0.100	0.161	0.137	0.154	0.096	0.097	0.097	0.093	0.095	0.119	0.097	0.098	0.098	0.099	0.099	0.101	0.097	0.097	0.097	0.092	0.097	0.187	0.099	0.179	0.172	0.098	0.098	0.169	0.098	0.177	0.172	0.092	0.094	0.094	0.094	0.094	0.094	0.093	0.094	0.093	0.095	0.095	0.094	0.093
48:00:49	19.0	0.093	0.094	0.094	0.094	0.094	0.094	0.094	0.093	0.094	0.094	0.094	0.095	0.093	0.106	0.105	0.193	0.182	0.102	0.098	0.099	0.098	0.179	0.131	0.096	0.093	0.108	0.098	0.118	0.100	0.099	0.098	0.099	0.100	0.102	0.100	0.095	0.094	0.192	0.191	0.097	0.165	0.098	0.172	0.162	0.165	0.099	0.098	0.094	0.095	0.189	0.120	0.099	0.101	0.164	0.141	0.157	0.097	0.097	0.097	0.093	0.096	0.122	0.098	0.099	0.098	0.099	0.099	0.101	0.098	0.097	0.097	0.092	0.098	0.191	0.100	0.183	0.174	0.098	0.098	0.172	0.099	0.180	0.175	0.092	0.095	0.094	0.094	0.094	0.095	0.094	0.094	0.094	0.095	0.095	0.094	0.093
49:00:54	19.1	0.092	0.094	0.094	0.094	0.094	0.094	0.094	0.093	0.094	0.094	0.094	0.095	0.093	0.106	0.106	0.196	0.185	0.103	0.098	0.099	0.098	0.182	0.136	0.095	0.093	0.108	0.098	0.122	0.100	0.099	0.098	0.099	0.100	0.102	0.100	0.095	0.094	0.195	0.194	0.097	0.167	0.098	0.175	0.165	0.167	0.099	0.098	0.094	0.094	0.193	0.123	0.099	0.101	0.166	0.146	0.159	0.097	0.097	0.097	0.093	0.096	0.126	0.098	0.099	0.098	0.099	0.099	0.101	0.097	0.097	0.097	0.092	0.098	0.194	0.099	0.185	0.177	0.098	0.098	0.175	0.098	0.183	0.178	0.092	0.095	0.094	0.094	0.094	0.094	0.093	0.094	0.094	0.095	0.095	0.094	0.093
50:00:52	19.2	0.092	0.094	0.094	0.094	0.094	0.094	0.094	0.093	0.094	0.094	0.094	0.095	0.093	0.107	0.106	0.200	0.188	0.103	0.098	0.099	0.098	0.186	0.140	0.096	0.093	0.108	0.098	0.125	0.101	0.099	0.098	0.099	0.100	0.102	0.100	0.095	0.094	0.198	0.196	0.097	0.170	0.098	0.178	0.167	0.170	0.099	0.098	0.094	0.094	0.196	0.127	0.099	0.102	0.168	0.150	0.162	0.097	0.097	0.097	0.093	0.096	0.130	0.098	0.099	0.098	0.100	0.099	0.101	0.098	0.097	0.097	0.092	0.098	0.197	0.099	0.189	0.180	0.098	0.098	0.179	0.098	0.186	0.181	0.092	0.095	0.094	0.094	0.094	0.094	0.094	0.094	0.094	0.095	0.095	0.094	0.093
51:00:51	19.5	0.093	0.093	0.094	0.094	0.093	0.094	0.094	0.093	0.094	0.094	0.094	0.095	0.093	0.107	0.107	0.203	0.192	0.105	0.098	0.099	0.098	0.190	0.145	0.096	0.093	0.109	0.098	0.129	0.102	0.100	0.098	0.099	0.100	0.103	0.101	0.095	0.094	0.201	0.200	0.097	0.173	0.098	0.180	0.170	0.172	0.099	0.098	0.094	0.094	0.198	0.132	0.099	0.103	0.171	0.154	0.165	0.097	0.098	0.097	0.093	0.096	0.134	0.098	0.099	0.098	0.100	0.099	0.101	0.098	0.097	0.098	0.093	0.098	0.200	0.099	0.192	0.183	0.098	0.098	0.182	0.099	0.189	0.184	0.092	0.094	0.094	0.094	0.094	0.095	0.094	0.094	0.094	0.096	0.095	0.094	0.093
52:00:54	19.8	0.092	0.093	0.094	0.094	0.093	0.094	0.094	0.093	0.094	0.094	0.094	0.095	0.093	0.107	0.108	0.207	0.195	0.105	0.098	0.099	0.098	0.194	0.149	0.095	0.093	0.109	0.098	0.133	0.102	0.100	0.098	0.099	0.100	0.103	0.101	0.095	0.093	0.203	0.202	0.097	0.175	0.098	0.182	0.172	0.175	0.099	0.098	0.094	0.094	0.201	0.135	0.099	0.104	0.173	0.158	0.167	0.097	0.098	0.096	0.093	0.095	0.137	0.098	0.098	0.098	0.100	0.099	0.101	0.098	0.097	0.097	0.092	0.098	0.203	0.099	0.194	0.186	0.098	0.098	0.186	0.098	0.192	0.186	0.092	0.094	0.094	0.094	0.094	0.094	0.093	0.094	0.094	0.095	0.095	0.094	0.093
53:00:56	20.0	0.092	0.093	0.094	0.094	0.093	0.094	0.094	0.093	0.093	0.094	0.094	0.095	0.093	0.108	0.108	0.210	0.198	0.106	0.098	0.099	0.098	0.198	0.154	0.095	0.093	0.109	0.097	0.137	0.103	0.099	0.098	0.099	0.100	0.103	0.100	0.095	0.094	0.206	0.205	0.096	0.178	0.098	0.184	0.174	0.177	0.099	0.097	0.094	0.094	0.204	0.139	0.098	0.105	0.176	0.162	0.169	0.098	0.097	0.096	0.093	0.095	0.141	0.097	0.098	0.098	0.101	0.099	0.102	0.097	0.097	0.097	0.092	0.097	0.206	0.099	0.197	0.189	0.098	0.098	0.189	0.098	0.195	0.189	0.092	0.094	0.093	0.094	0.094	0.094	0.093	0.094	0.093	0.095	0.095	0.094	0.093
54:00:57	19.9	0.092	0.093	0.093	0.094	0.093	0.094	0.094	0.093	0.093	0.094	0.094	0.095	0.093	0.107	0.109	0.213	0.201	0.107	0.098	0.099	0.098	0.200	0.159	0.095	0.093	0.109	0.098	0.141	0.104	0.099	0.098	0.098	0.100	0.104	0.100	0.095	0.093	0.209	0.208	0.096	0.180	0.098	0.186	0.177	0.180	0.099	0.098	0.094	0.094	0.207	0.143	0.099	0.107	0.178	0.166	0.172	0.098	0.097	0.096	0.093	0.096	0.145	0.097	0.099	0.098	0.102	0.099	0.102	0.097	0.097	0.097	0.092	0.097	0.209	0.099	0.200	0.192	0.098	0.098	0.193	0.098	0.197	0.192	0.092	0.094	0.094	0.094	0.094	0.094	0.093	0.094	0.094	0.095	0.095	0.094	0.093
55:00:58	19.7	0.092	0.093	0.094	0.093	0.093	0.093	0.094	0.092	0.093	0.094	0.094	0.094	0.093	0.108	0.110	0.215	0.203	0.108	0.098	0.099	0.099	0.203	0.162	0.095	0.093	0.109	0.097	0.144	0.105	0.100	0.098	0.098	0.100	0.104	0.100	0.095	0.093	0.212	0.211	0.096	0.183	0.098	0.188	0.179	0.182	0.099	0.097	0.094	0.094	0.210	0.146	0.099	0.109	0.181	0.170	0.175	0.098	0.097	0.096	0.093	0.095	0.148	0.097	0.098	0.098	0.102	0.099	0.102	0.097	0.097	0.097	0.092	0.097	0.212	0.099	0.202	0.195	0.098	0.098	0.196	0.098	0.198	0.195	0.092	0.094	0.094	0.094	0.093	0.094	0.093	0.094	0.093	0.095	0.095	0.094	0.093
56:00:58	19.4	0.092	0.093	0.093	0.093	0.093	0.094	0.094	0.093	0.093	0.094	0.094	0.095	0.093	0.108	0.111	0.219	0.206	0.110	0.098	0.099	0.099	0.205	0.166	0.095	0.093	0.110	0.098	0.148	0.107	0.100	0.098	0.098	0.100	0.105	0.100	0.095	0.093	0.215	0.214	0.096	0.186	0.098	0.191	0.182	0.184	0.099	0.097	0.094	0.094	0.212	0.150	0.098	0.111	0.184	0.173	0.177	0.099	0.097	0.096	0.093	0.095	0.152	0.097	0.098	0.098	0.103	0.099	0.102	0.098	0.097	0.097	0.092	0.098	0.215	0.099	0.205	0.197	0.098	0.098	0.198	0.099	0.200	0.197	0.092	0.094	0.094	0.094	0.094	0.094	0.093	0.094	0.094	0.095	0.095	0.094	0.093
57:00:59	19.4	0.092	0.093	0.093	0.093	0.093	0.093	0.095	0.092	0.093	0.094	0.093	0.095	0.093	0.108	0.111	0.221	0.209	0.112	0.098	0.099	0.099	0.208	0.169	0.095	0.093	0.110	0.098	0.151	0.109	0.099	0.098	0.098	0.099	0.106	0.100	0.095	0.093	0.217	0.216	0.096	0.188	0.098	0.193	0.184	0.187	0.099	0.097	0.094	0.094	0.215	0.154	0.098	0.114	0.186	0.176	0.180	0.099	0.097	0.096	0.093	0.095	0.156	0.097	0.098	0.098	0.104	0.099	0.103	0.098	0.097	0.097	0.092	0.098	0.217	0.099	0.208	0.200	0.098	0.098	0.201	0.099	0.202	0.200	0.092	0.094	0.093	0.094	0.094	0.094	0.093	0.094	0.093	0.095	0.095	0.094	0.093
58:01:01	19.4	0.092	0.093	0.093	0.093	0.093	0.093	0.094	0.093	0.093	0.094	0.094	0.095	0.093	0.108	0.112	0.225	0.212	0.114	0.099	0.099	0.100	0.211	0.172	0.095	0.093	0.110	0.097	0.154	0.111	0.100	0.098	0.098	0.100	0.106	0.100	0.095	0.093	0.219	0.219	0.096	0.190	0.098	0.195	0.186	0.189	0.099	0.097	0.094	0.094	0.217	0.157	0.098	0.117	0.188	0.179	0.182	0.100	0.097	0.096	0.093	0.095	0.159	0.097	0.098	0.098	0.106	0.099	0.104	0.098	0.097	0.097	0.092	0.097	0.219	0.099	0.210	0.202	0.098	0.098	0.203	0.098	0.204	0.202	0.092	0.094	0.094	0.094	0.094	0.094	0.093	0.094	0.093	0.095	0.095	0.094	0.093
59:01:02	19.4	0.092	0.093	0.094	0.094	0.093	0.094	0.095	0.093	0.093	0.094	0.094	0.095	0.093	0.108	0.113	0.227	0.215	0.116	0.099	0.099	0.101	0.213	0.176	0.096	0.093	0.111	0.098	0.158	0.113	0.100	0.098	0.099	0.100	0.108	0.100	0.095	0.093	0.221	0.221	0.096	0.193	0.099	0.197	0.189	0.191	0.100	0.098	0.094	0.094	0.219	0.160	0.099	0.121	0.190	0.183	0.185	0.101	0.098	0.097	0.093	0.095	0.163	0.097	0.098	0.098	0.107	0.099	0.105	0.098	0.097	0.097	0.092	0.098	0.221	0.099	0.212	0.204	0.098	0.098	0.206	0.099	0.206	0.204	0.092	0.095	0.094	0.094	0.094	0.094	0.094	0.094	0.094	0.095	0.095	0.094	0.094
60:01:02	19.4	0.092	0.093	0.093	0.094	0.093	0.094	0.094	0.093	0.093	0.094	0.094	0.095	0.093	0.108	0.114	0.230	0.217	0.119	0.099	0.099	0.101	0.216	0.179	0.095	0.093	0.111	0.098	0.160	0.117	0.100	0.098	0.098	0.100	0.109	0.100	0.095	0.093	0.223	0.223	0.096	0.195	0.098	0.198	0.190	0.193	0.100	0.098	0.094	0.094	0.220	0.163	0.099	0.126	0.192	0.186	0.187	0.102	0.098	0.096	0.093	0.096	0.166	0.097	0.098	0.099	0.109	0.099	0.105	0.098	0.097	0.097	0.092	0.097	0.223	0.099	0.214	0.207	0.098	0.098	0.209	0.099	0.207	0.206	0.092	0.094	0.094	0.094	0.094	0.094	0.094	0.094	0.093	0.095	0.095	0.094	0.093
61:01:03	19.4	0.092	0.093	0.093	0.094	0.093	0.094	0.094	0.093	0.093	0.094	0.094	0.095	0.093	0.109	0.115	0.232	0.219	0.123	0.098	0.099	0.102	0.218	0.182	0.095	0.093	0.111	0.097	0.163	0.120	0.100	0.098	0.098	0.100	0.110	0.100	0.095	0.093	0.224	0.225	0.096	0.197	0.099	0.200	0.193	0.195	0.099	0.097	0.094	0.094	0.222	0.166	0.098	0.129	0.194	0.189	0.189	0.103	0.098	0.096	0.093	0.095	0.169	0.098	0.098	0.098	0.111	0.099	0.106	0.098	0.097	0.097	0.092	0.097	0.225	0.099	0.216	0.208	0.098	0.098	0.211	0.099	0.209	0.208	0.092	0.094	0.094	0.094	0.094	0.094	0.093	0.094	0.093	0.095	0.095	0.094	0.093
62:01:05	19.4	0.093	0.093	0.094	0.094	0.094	0.094	0.094	0.093	0.094	0.094	0.094	0.095	0.093	0.109	0.115	0.234	0.222	0.127	0.099	0.099	0.103	0.219	0.185	0.095	0.093	0.111	0.098	0.166	0.125	0.100	0.099	0.099	0.100	0.112	0.100	0.095	0.094	0.226	0.226	0.097	0.199	0.099	0.201	0.195	0.197	0.100	0.098	0.094	0.094	0.224	0.169	0.099	0.134	0.196	0.192	0.191	0.104	0.098	0.097	0.093	0.096	0.172	0.097	0.098	0.099	0.114	0.099	0.107	0.098	0.098	0.097	0.093	0.098	0.227	0.099	0.218	0.210	0.099	0.098	0.213	0.099	0.210	0.210	0.092	0.094	0.094	0.094	0.094	0.095	0.093	0.094	0.094	0.095	0.095	0.094	0.093
63:01:06	19.4	0.092	0.094	0.094	0.094	0.093	0.093	0.094	0.093	0.093	0.094	0.094	0.095	0.093	0.109	0.115	0.236	0.223	0.132	0.098	0.099	0.104	0.221	0.187	0.095	0.093	0.111	0.098	0.168	0.129	0.100	0.098	0.098	0.100	0.113	0.100	0.095	0.094	0.227	0.228	0.096	0.201	0.099	0.202	0.197	0.199	0.100	0.098	0.094	0.094	0.225	0.172	0.098	0.137	0.198	0.195	0.194	0.105	0.098	0.096	0.093	0.095	0.174	0.097	0.098	0.098	0.117	0.099	0.108	0.098	0.097	0.097	0.092	0.097	0.229	0.099	0.220	0.212	0.098	0.098	0.215	0.099	0.212	0.212	0.092	0.094	0.094	0.094	0.094	0.094	0.093	0.094	0.094	0.095	0.095	0.094	0.093
64:01:07	19.4	0.092	0.093	0.094	0.094	0.093	0.094	0.094	0.093	0.094	0.094	0.094	0.095	0.093	0.109	0.116	0.238	0.226	0.138	0.098	0.099	0.105	0.222	0.189	0.095	0.093	0.112	0.098	0.171	0.134	0.100	0.099	0.099	0.100	0.116	0.100	0.095	0.093	0.229	0.230	0.096	0.203	0.099	0.203	0.199	0.201	0.100	0.098	0.094	0.094	0.227	0.174	0.099	0.142	0.199	0.199	0.195	0.107	0.098	0.097	0.093	0.095	0.177	0.097	0.098	0.099	0.120	0.099	0.109	0.098	0.098	0.097	0.092	0.098	0.230	0.099	0.221	0.214	0.099	0.098	0.218	0.099	0.213	0.214	0.092	0.095	0.094	0.094	0.094	0.094	0.094	0.095	0.094	0.095	0.095	0.094	0.093
65:01:07	19.4	0.093	0.094	0.094	0.094	0.094	0.094	0.094	0.093	0.094	0.094	0.094	0.095	0.093	0.110	0.117	0.240	0.227	0.144	0.098	0.099	0.107	0.225	0.192	0.095	0.093	0.112	0.098	0.173	0.139	0.101	0.099	0.099	0.101	0.118	0.100	0.095	0.094	0.230	0.232	0.097	0.205	0.099	0.205	0.201	0.203	0.100	0.098	0.095	0.094	0.228	0.177	0.099	0.146	0.202	0.202	0.198	0.109	0.098	0.097	0.093	0.096	0.180	0.097	0.099	0.099	0.124	0.099	0.111	0.098	0.098	0.097	0.093	0.098	0.233	0.099	0.223	0.216	0.099	0.098	0.220	0.099	0.215	0.215	0.092	0.095	0.094	0.094	0.094	0.095	0.094	0.095	0.094	0.095	0.095	0.094	0.093
66:01:09	19.4	0.092	0.093	0.094	0.093	0.093	0.093	0.094	0.093	0.094	0.094	0.094	0.095	0.093	0.109	0.117	0.241	0.229	0.149	0.098	0.099	0.108	0.225	0.194	0.095	0.093	0.112	0.098	0.175	0.143	0.100	0.099	0.098	0.100	0.121	0.100	0.095	0.094	0.231	0.233	0.096	0.206	0.099	0.206	0.202	0.203	0.100	0.097	0.094	0.094	0.230	0.179	0.098	0.150	0.203	0.204	0.199	0.111	0.098	0.096	0.093	0.095	0.182	0.097	0.098	0.099	0.128	0.099	0.113	0.098	0.098	0.097	0.092	0.097	0.234	0.099	0.224	0.217	0.098	0.098	0.222	0.099	0.215	0.216	0.092	0.094	0.094	0.094	0.093	0.094	0.093	0.094	0.094	0.095	0.095	0.094	0.093
67:01:10	19.4	0.092	0.093	0.094	0.094	0.093	0.094	0.095	0.092	0.094	0.094	0.094	0.095	0.093	0.110	0.117	0.243	0.231	0.154	0.098	0.099	0.110	0.227	0.197	0.095	0.093	0.112	0.098	0.177	0.147	0.100	0.099	0.099	0.100	0.124	0.100	0.095	0.094	0.232	0.234	0.096	0.208	0.099	0.207	0.204	0.205	0.100	0.098	0.094	0.094	0.231	0.182	0.099	0.155	0.204	0.208	0.201	0.114	0.098	0.096	0.093	0.096	0.185	0.097	0.098	0.099	0.132	0.099	0.115	0.098	0.098	0.097	0.092	0.098	0.236	0.099	0.225	0.219	0.099	0.098	0.224	0.099	0.217	0.218	0.092	0.094	0.094	0.094	0.094	0.094	0.094	0.094	0.094	0.095	0.095	0.094	0.093
68:01:10	19.4	0.092	0.093	0.094	0.094	0.094	0.094	0.095	0.093	0.094	0.094	0.094	0.095	0.093	0.110	0.117	0.246	0.233	0.159	0.099	0.099	0.112	0.229	0.199	0.096	0.093	0.113	0.098	0.180	0.152	0.101	0.099	0.099	0.101	0.128	0.101	0.095	0.094	0.233	0.235	0.096	0.210	0.099	0.208	0.206	0.207	0.100	0.098	0.095	0.094	0.233	0.185	0.099	0.159	0.206	0.211	0.203	0.117	0.098	0.097	0.093	0.096	0.187	0.098	0.098	0.099	0.136	0.100	0.117	0.098	0.098	0.097	0.093	0.098	0.238	0.099	0.227	0.220	0.099	0.098	0.228	0.099	0.218	0.220	0.093	0.094	0.094	0.094	0.094	0.095	0.094	0.095	0.094	0.095	0.095	0.094	0.093
69:01:10	19.5	0.092	0.093	0.093	0.093	0.093	0.094	0.094	0.092	0.093	0.094	0.094	0.095	0.093	0.110	0.118	0.247	0.234	0.163	0.098	0.099	0.114	0.230	0.201	0.095	0.093	0.113	0.098	0.181	0.156	0.100	0.099	0.098	0.100	0.131	0.100	0.095	0.094	0.234	0.236	0.096	0.211	0.099	0.209	0.207	0.208	0.100	0.097	0.094	0.094	0.234	0.187	0.098	0.163	0.207	0.215	0.204	0.119	0.098	0.096	0.093	0.095	0.189	0.097	0.098	0.099	0.141	0.099	0.120	0.098	0.098	0.097	0.092	0.097	0.240	0.099	0.229	0.222	0.098	0.097	0.230	0.099	0.220	0.222	0.092	0.094	0.094	0.094	0.093	0.094	0.093	0.094	0.093	0.095	0.095	0.094	0.093
70:01:12	19.4	0.092	0.094	0.094	0.094	0.093	0.094	0.094	0.093	0.093	0.094	0.094	0.095	0.093	0.110	0.118	0.249	0.236	0.168	0.099	0.099	0.117	0.232	0.204	0.096	0.093	0.113	0.098	0.183	0.161	0.101	0.099	0.099	0.100	0.135	0.100	0.095	0.093	0.234	0.237	0.096	0.213	0.099	0.210	0.208	0.209	0.100	0.098	0.094	0.094	0.235	0.189	0.099	0.167	0.209	0.218	0.206	0.123	0.098	0.097	0.093	0.095	0.191	0.097	0.098	0.099	0.145	0.099	0.123	0.098	0.098	0.097	0.093	0.098	0.242	0.099	0.231	0.224	0.099	0.098	0.234	0.099	0.221	0.224	0.092	0.094	0.094	0.094	0.094	0.095	0.093	0.094	0.094	0.095	0.095	0.094	0.093
71:01:13	19.4	0.092	0.093	0.094	0.094	0.094	0.094	0.094	0.093	0.094	0.094	0.094	0.095	0.093	0.111	0.118	0.251	0.238	0.173	0.099	0.099	0.120	0.233	0.206	0.096	0.093	0.114	0.098	0.185	0.165	0.101	0.099	0.099	0.101	0.139	0.100	0.095	0.094	0.235	0.239	0.097	0.214	0.099	0.211	0.210	0.211	0.100	0.098	0.095	0.094	0.236	0.192	0.099	0.170	0.210	0.221	0.207	0.126	0.098	0.096	0.093	0.096	0.193	0.097	0.098	0.099	0.149	0.099	0.127	0.098	0.098	0.097	0.093	0.098	0.245	0.099	0.233	0.226	0.099	0.098	0.237	0.099	0.223	0.226	0.092	0.094	0.094	0.094	0.094	0.095	0.094	0.094	0.094	0.096	0.095	0.094	0.094
72:01:14	19.5	0.093	0.093	0.093	0.094	0.093	0.094	0.095	0.093	0.094	0.094	0.094	0.095	0.093	0.111	0.119	0.252	0.239	0.178	0.099	0.099	0.124	0.234	0.208	0.095	0.093	0.114	0.098	0.188	0.169	0.101	0.099	0.099	0.101	0.142	0.100	0.095	0.094	0.236	0.239	0.096	0.216	0.100	0.212	0.211	0.211	0.100	0.097	0.094	0.094	0.237	0.194	0.099	0.174	0.211	0.225	0.208	0.129	0.098	0.096	0.093	0.096	0.195	0.097	0.098	0.099	0.153	0.100	0.131	0.098	0.098	0.097	0.092	0.098	0.247	0.099	0.235	0.228	0.099	0.098	0.239	0.099	0.225	0.229	0.092	0.094	0.094	0.094	0.094	0.094	0.094	0.094	0.094	0.095	0.095	0.094	0.093

