Time	T° 600	A1	A2	A3	A4	A5	A6	A7	A8	A9	A10	A11	A12	B1	B2	B3	B4	B5	B6	B7	B8	B9	B10	B11	B12	C1	C2	C3	C4	C5	C6	C7	C8	C9	C10	C11	C12	D1	D2	D3	D4	D5	D6	D7	D8	D9	D10	D11	D12	E1	E2	E3	E4	E5	E6	E7	E8	E9	E10	E11	E12	F1	F2	F3	F4	F5	F6	F7	F8	F9	F10	F11	F12	G1	G2	G3	G4	G5	G6	G7	G8	G9	G10	G11	G12	H1	H2	H3	H4	H5	H6	H7	H8	H9	H10	H11	H12
0:00:06	18.5	0.092	0.092	0.092	0.094	0.093	0.093	0.094	0.092	0.092	0.091	0.092	0.093	0.091	0.094	0.093	0.094	0.094	0.093	0.093	0.095	0.094	0.096	0.093	0.094	0.092	0.095	0.093	0.093	0.095	0.095	0.094	0.094	0.095	0.095	0.094	0.094	0.093	0.095	0.093	0.092	0.092	0.092	0.092	0.095	0.094	0.096	0.093	0.094	0.095	0.095	0.093	0.095	0.095	0.092	0.092	0.091	0.092	0.092	0.093	0.092	0.094	0.096	0.097	0.096	0.096	0.094	0.096	0.095	0.092	0.092	0.091	0.091	0.093	0.095	0.096	0.094	0.095	0.095	0.094	0.095	0.097	0.095	0.091	0.091	0.095	0.094	0.095	0.092	0.092	0.092	0.093	0.092	0.093	0.093	0.091	0.092
1:00:05	18.9	0.092	0.092	0.092	0.094	0.094	0.093	0.093	0.092	0.092	0.091	0.093	0.094	0.091	0.095	0.094	0.094	0.094	0.094	0.093	0.096	0.094	0.096	0.094	0.094	0.092	0.095	0.094	0.093	0.096	0.097	0.094	0.094	0.096	0.096	0.095	0.094	0.093	0.095	0.094	0.092	0.092	0.093	0.094	0.096	0.094	0.096	0.094	0.094	0.095	0.096	0.093	0.096	0.096	0.093	0.093	0.092	0.093	0.093	0.094	0.092	0.095	0.096	0.097	0.096	0.096	0.094	0.096	0.095	0.092	0.093	0.093	0.091	0.093	0.095	0.096	0.095	0.095	0.095	0.095	0.096	0.096	0.094	0.093	0.092	0.095	0.094	0.095	0.092	0.092	0.092	0.093	0.092	0.093	0.093	0.092	0.092
2:00:08	19.3	0.092	0.093	0.092	0.094	0.094	0.093	0.093	0.091	0.092	0.091	0.093	0.094	0.092	0.095	0.094	0.095	0.095	0.094	0.094	0.096	0.094	0.097	0.094	0.094	0.092	0.095	0.094	0.093	0.096	0.098	0.095	0.095	0.096	0.096	0.096	0.094	0.093	0.095	0.094	0.092	0.092	0.093	0.094	0.096	0.094	0.096	0.094	0.094	0.095	0.096	0.093	0.095	0.097	0.093	0.093	0.092	0.093	0.093	0.094	0.092	0.095	0.096	0.097	0.097	0.096	0.094	0.097	0.095	0.093	0.092	0.093	0.091	0.093	0.096	0.096	0.095	0.095	0.095	0.095	0.096	0.096	0.094	0.093	0.092	0.095	0.094	0.095	0.092	0.092	0.092	0.093	0.092	0.094	0.093	0.093	0.092
3:00:07	19.7	0.092	0.093	0.092	0.094	0.093	0.093	0.093	0.092	0.092	0.091	0.093	0.094	0.092	0.094	0.094	0.095	0.095	0.094	0.094	0.097	0.094	0.096	0.095	0.094	0.092	0.095	0.094	0.093	0.096	0.099	0.095	0.095	0.096	0.096	0.096	0.095	0.093	0.095	0.094	0.093	0.092	0.093	0.095	0.096	0.094	0.095	0.094	0.094	0.095	0.096	0.093	0.096	0.097	0.093	0.093	0.092	0.093	0.093	0.095	0.092	0.095	0.096	0.097	0.096	0.096	0.094	0.097	0.096	0.093	0.093	0.093	0.091	0.093	0.096	0.096	0.095	0.095	0.095	0.095	0.097	0.096	0.094	0.093	0.092	0.095	0.094	0.095	0.092	0.092	0.092	0.093	0.092	0.094	0.093	0.093	0.092
4:00:09	19.9	0.092	0.093	0.092	0.094	0.093	0.093	0.093	0.092	0.092	0.092	0.094	0.094	0.092	0.095	0.094	0.095	0.095	0.094	0.094	0.097	0.094	0.097	0.095	0.094	0.092	0.095	0.094	0.093	0.096	0.100	0.096	0.095	0.096	0.096	0.096	0.094	0.093	0.095	0.094	0.093	0.093	0.093	0.096	0.096	0.095	0.096	0.094	0.094	0.095	0.096	0.093	0.096	0.097	0.093	0.093	0.092	0.093	0.093	0.095	0.092	0.095	0.096	0.097	0.097	0.096	0.094	0.097	0.096	0.093	0.093	0.094	0.092	0.093	0.096	0.096	0.095	0.095	0.095	0.096	0.097	0.096	0.094	0.094	0.092	0.095	0.095	0.095	0.092	0.092	0.092	0.093	0.092	0.094	0.094	0.093	0.092
5:00:08	20.0	0.092	0.093	0.092	0.094	0.094	0.093	0.093	0.092	0.092	0.092	0.094	0.094	0.092	0.095	0.094	0.095	0.095	0.095	0.094	0.097	0.094	0.097	0.095	0.095	0.092	0.096	0.094	0.094	0.097	0.100	0.096	0.095	0.096	0.097	0.096	0.095	0.093	0.095	0.094	0.093	0.093	0.094	0.096	0.097	0.095	0.096	0.095	0.094	0.095	0.096	0.094	0.096	0.098	0.093	0.094	0.092	0.094	0.094	0.095	0.092	0.095	0.097	0.098	0.097	0.097	0.094	0.097	0.096	0.093	0.093	0.094	0.092	0.093	0.096	0.097	0.095	0.095	0.095	0.096	0.097	0.096	0.095	0.094	0.092	0.095	0.095	0.095	0.092	0.093	0.092	0.093	0.092	0.094	0.094	0.093	0.092
6:00:09	20.0	0.092	0.093	0.092	0.094	0.093	0.093	0.093	0.092	0.092	0.092	0.094	0.094	0.092	0.095	0.094	0.095	0.095	0.095	0.094	0.098	0.094	0.097	0.095	0.095	0.092	0.096	0.094	0.094	0.096	0.098	0.096	0.095	0.097	0.097	0.096	0.095	0.093	0.096	0.094	0.093	0.093	0.094	0.096	0.097	0.095	0.096	0.095	0.095	0.095	0.096	0.094	0.096	0.098	0.094	0.094	0.093	0.094	0.094	0.095	0.092	0.095	0.096	0.098	0.097	0.096	0.094	0.098	0.096	0.094	0.093	0.094	0.092	0.093	0.096	0.096	0.095	0.095	0.095	0.096	0.098	0.096	0.095	0.094	0.092	0.095	0.094	0.095	0.093	0.092	0.093	0.093	0.092	0.094	0.093	0.093	0.092
7:00:11	19.9	0.092	0.093	0.092	0.095	0.094	0.093	0.093	0.092	0.092	0.092	0.094	0.094	0.092	0.095	0.094	0.095	0.095	0.095	0.095	0.097	0.095	0.097	0.095	0.095	0.092	0.096	0.094	0.094	0.097	0.098	0.096	0.095	0.097	0.097	0.096	0.095	0.094	0.095	0.094	0.093	0.093	0.094	0.096	0.097	0.095	0.096	0.095	0.094	0.095	0.096	0.094	0.096	0.098	0.094	0.094	0.093	0.094	0.094	0.095	0.092	0.095	0.097	0.098	0.097	0.097	0.094	0.097	0.096	0.094	0.093	0.094	0.091	0.093	0.096	0.096	0.095	0.095	0.095	0.096	0.097	0.096	0.095	0.094	0.092	0.095	0.094	0.095	0.092	0.092	0.092	0.093	0.092	0.094	0.094	0.093	0.092
8:00:15	19.8	0.092	0.093	0.092	0.095	0.094	0.093	0.093	0.092	0.092	0.092	0.094	0.094	0.092	0.095	0.095	0.095	0.095	0.095	0.095	0.098	0.095	0.097	0.095	0.095	0.092	0.096	0.095	0.094	0.097	0.099	0.097	0.096	0.097	0.097	0.097	0.095	0.094	0.096	0.094	0.094	0.094	0.094	0.096	0.097	0.095	0.096	0.096	0.095	0.095	0.097	0.094	0.096	0.098	0.094	0.094	0.093	0.094	0.094	0.096	0.092	0.095	0.097	0.098	0.097	0.097	0.095	0.098	0.097	0.094	0.094	0.094	0.092	0.093	0.096	0.097	0.095	0.096	0.096	0.097	0.097	0.096	0.095	0.094	0.092	0.095	0.095	0.095	0.092	0.093	0.093	0.093	0.093	0.094	0.094	0.093	0.093
9:00:12	19.7	0.092	0.093	0.092	0.094	0.094	0.093	0.093	0.091	0.092	0.092	0.094	0.094	0.092	0.095	0.094	0.095	0.095	0.095	0.095	0.097	0.094	0.098	0.095	0.095	0.092	0.095	0.094	0.094	0.097	0.098	0.096	0.096	0.097	0.097	0.097	0.095	0.093	0.096	0.094	0.093	0.093	0.094	0.096	0.097	0.095	0.096	0.095	0.095	0.095	0.097	0.094	0.096	0.098	0.094	0.094	0.093	0.094	0.094	0.095	0.092	0.094	0.096	0.097	0.097	0.096	0.094	0.098	0.096	0.094	0.093	0.094	0.091	0.093	0.096	0.096	0.095	0.095	0.096	0.096	0.098	0.096	0.095	0.094	0.092	0.095	0.094	0.095	0.092	0.092	0.092	0.093	0.092	0.094	0.093	0.093	0.092
10:00:14	19.7	0.092	0.093	0.093	0.095	0.094	0.093	0.093	0.092	0.092	0.092	0.094	0.095	0.092	0.095	0.095	0.096	0.095	0.095	0.095	0.098	0.095	0.098	0.096	0.095	0.092	0.096	0.095	0.094	0.097	0.099	0.097	0.096	0.097	0.097	0.097	0.095	0.093	0.096	0.094	0.094	0.094	0.094	0.097	0.097	0.095	0.096	0.096	0.094	0.095	0.097	0.094	0.096	0.098	0.094	0.094	0.093	0.094	0.094	0.096	0.092	0.095	0.097	0.098	0.097	0.097	0.095	0.098	0.097	0.094	0.094	0.095	0.092	0.093	0.097	0.097	0.095	0.096	0.096	0.097	0.098	0.097	0.095	0.094	0.092	0.095	0.095	0.095	0.093	0.093	0.092	0.093	0.093	0.094	0.094	0.094	0.092
11:00:15	19.7	0.092	0.093	0.092	0.094	0.094	0.093	0.093	0.092	0.092	0.092	0.094	0.094	0.092	0.095	0.095	0.095	0.095	0.095	0.095	0.097	0.095	0.098	0.095	0.094	0.092	0.096	0.095	0.094	0.097	0.097	0.097	0.096	0.097	0.097	0.097	0.095	0.093	0.096	0.094	0.094	0.094	0.094	0.096	0.097	0.095	0.096	0.096	0.094	0.095	0.097	0.094	0.097	0.098	0.094	0.095	0.093	0.094	0.094	0.095	0.092	0.094	0.097	0.098	0.097	0.097	0.095	0.098	0.096	0.094	0.094	0.094	0.092	0.093	0.096	0.096	0.095	0.095	0.096	0.096	0.098	0.097	0.095	0.094	0.092	0.095	0.094	0.095	0.092	0.092	0.092	0.093	0.092	0.094	0.093	0.093	0.092
12:00:16	19.7	0.092	0.093	0.092	0.095	0.094	0.094	0.093	0.092	0.092	0.092	0.094	0.095	0.092	0.096	0.095	0.096	0.096	0.095	0.096	0.098	0.095	0.098	0.096	0.095	0.093	0.096	0.095	0.094	0.097	0.096	0.097	0.097	0.097	0.098	0.097	0.095	0.094	0.096	0.094	0.094	0.094	0.094	0.096	0.098	0.096	0.096	0.096	0.095	0.096	0.098	0.095	0.097	0.098	0.095	0.095	0.094	0.095	0.094	0.096	0.092	0.095	0.097	0.098	0.097	0.097	0.095	0.098	0.097	0.094	0.094	0.095	0.092	0.093	0.097	0.097	0.095	0.096	0.096	0.097	0.098	0.097	0.096	0.095	0.092	0.095	0.095	0.095	0.093	0.093	0.093	0.094	0.093	0.094	0.094	0.094	0.093
13:00:18	19.6	0.092	0.093	0.092	0.095	0.094	0.093	0.093	0.092	0.092	0.092	0.094	0.094	0.092	0.096	0.095	0.096	0.096	0.096	0.096	0.098	0.095	0.098	0.096	0.095	0.093	0.096	0.095	0.095	0.097	0.096	0.097	0.097	0.098	0.098	0.097	0.095	0.094	0.096	0.095	0.094	0.094	0.094	0.096	0.098	0.096	0.096	0.096	0.095	0.096	0.098	0.094	0.097	0.098	0.095	0.095	0.094	0.095	0.094	0.096	0.092	0.095	0.097	0.098	0.097	0.097	0.096	0.098	0.097	0.095	0.094	0.095	0.092	0.093	0.097	0.097	0.095	0.096	0.096	0.097	0.098	0.097	0.096	0.095	0.092	0.095	0.095	0.095	0.093	0.093	0.092	0.094	0.093	0.094	0.094	0.093	0.093
14:00:18	19.6	0.092	0.093	0.092	0.094	0.093	0.093	0.093	0.092	0.092	0.092	0.094	0.094	0.092	0.096	0.095	0.096	0.096	0.095	0.096	0.097	0.095	0.098	0.096	0.095	0.092	0.096	0.095	0.094	0.097	0.096	0.096	0.097	0.098	0.098	0.097	0.095	0.093	0.096	0.095	0.094	0.094	0.094	0.096	0.097	0.096	0.096	0.096	0.095	0.095	0.099	0.094	0.097	0.098	0.096	0.096	0.093	0.094	0.094	0.096	0.092	0.094	0.097	0.098	0.097	0.097	0.096	0.098	0.097	0.095	0.094	0.095	0.092	0.093	0.097	0.097	0.095	0.096	0.096	0.097	0.098	0.097	0.096	0.095	0.092	0.095	0.094	0.095	0.092	0.092	0.092	0.093	0.093	0.094	0.093	0.093	0.092
15:00:18	19.5	0.092	0.093	0.092	0.095	0.094	0.093	0.093	0.092	0.092	0.092	0.094	0.094	0.092	0.097	0.095	0.096	0.096	0.095	0.097	0.098	0.095	0.098	0.096	0.095	0.093	0.096	0.095	0.095	0.097	0.097	0.097	0.098	0.098	0.098	0.098	0.095	0.093	0.096	0.095	0.094	0.094	0.094	0.096	0.098	0.096	0.096	0.096	0.095	0.095	0.099	0.095	0.097	0.098	0.096	0.096	0.094	0.095	0.094	0.096	0.092	0.094	0.097	0.098	0.097	0.097	0.096	0.098	0.097	0.095	0.095	0.096	0.092	0.093	0.096	0.098	0.096	0.097	0.096	0.097	0.098	0.097	0.096	0.095	0.092	0.095	0.094	0.095	0.092	0.093	0.092	0.093	0.093	0.094	0.093	0.094	0.093
16:00:19	19.4	0.092	0.093	0.092	0.095	0.094	0.093	0.093	0.092	0.092	0.092	0.094	0.094	0.092	0.097	0.095	0.096	0.096	0.095	0.098	0.098	0.096	0.098	0.096	0.095	0.092	0.096	0.096	0.095	0.097	0.097	0.097	0.099	0.098	0.099	0.098	0.095	0.094	0.096	0.095	0.095	0.095	0.094	0.096	0.098	0.097	0.096	0.097	0.095	0.095	0.100	0.095	0.097	0.098	0.097	0.097	0.094	0.095	0.094	0.096	0.092	0.094	0.097	0.098	0.097	0.097	0.097	0.098	0.097	0.095	0.095	0.096	0.092	0.093	0.097	0.098	0.096	0.097	0.096	0.097	0.098	0.098	0.096	0.095	0.092	0.095	0.095	0.095	0.092	0.093	0.093	0.093	0.093	0.094	0.094	0.093	0.093
17:00:19	19.3	0.092	0.093	0.092	0.095	0.094	0.093	0.093	0.092	0.092	0.092	0.094	0.094	0.092	0.098	0.095	0.097	0.096	0.095	0.099	0.098	0.096	0.099	0.096	0.095	0.092	0.096	0.096	0.095	0.097	0.096	0.097	0.100	0.099	0.099	0.098	0.095	0.093	0.096	0.096	0.095	0.095	0.094	0.096	0.098	0.097	0.096	0.097	0.095	0.095	0.101	0.095	0.097	0.098	0.098	0.098	0.094	0.095	0.095	0.096	0.092	0.095	0.097	0.098	0.098	0.097	0.097	0.099	0.097	0.096	0.095	0.096	0.092	0.093	0.097	0.098	0.096	0.097	0.096	0.097	0.098	0.098	0.097	0.095	0.092	0.095	0.094	0.095	0.092	0.092	0.093	0.093	0.093	0.094	0.094	0.093	0.093
18:00:20	19.3	0.092	0.093	0.093	0.094	0.094	0.093	0.093	0.092	0.092	0.092	0.094	0.094	0.092	0.099	0.095	0.097	0.097	0.096	0.100	0.098	0.096	0.099	0.096	0.095	0.092	0.096	0.096	0.095	0.097	0.096	0.097	0.102	0.099	0.100	0.099	0.095	0.093	0.096	0.096	0.095	0.096	0.094	0.097	0.098	0.098	0.097	0.097	0.095	0.096	0.102	0.096	0.098	0.098	0.099	0.099	0.094	0.095	0.094	0.096	0.092	0.095	0.097	0.098	0.097	0.097	0.098	0.099	0.097	0.096	0.096	0.097	0.092	0.093	0.097	0.098	0.097	0.098	0.096	0.097	0.098	0.098	0.097	0.095	0.092	0.095	0.095	0.095	0.093	0.093	0.093	0.094	0.093	0.094	0.094	0.094	0.093
19:00:21	19.2	0.092	0.093	0.093	0.095	0.094	0.093	0.093	0.092	0.092	0.092	0.094	0.094	0.092	0.100	0.095	0.098	0.097	0.096	0.101	0.098	0.097	0.099	0.097	0.095	0.093	0.097	0.097	0.095	0.097	0.096	0.098	0.103	0.100	0.100	0.099	0.095	0.094	0.097	0.096	0.096	0.096	0.095	0.097	0.098	0.098	0.097	0.097	0.095	0.096	0.103	0.096	0.098	0.098	0.100	0.100	0.094	0.095	0.095	0.096	0.093	0.094	0.097	0.098	0.098	0.097	0.100	0.099	0.097	0.097	0.096	0.098	0.092	0.093	0.097	0.099	0.097	0.098	0.097	0.097	0.098	0.098	0.098	0.096	0.092	0.095	0.095	0.095	0.093	0.093	0.093	0.093	0.093	0.094	0.094	0.094	0.093
20:00:23	19.2	0.092	0.093	0.092	0.095	0.094	0.093	0.093	0.092	0.092	0.092	0.094	0.094	0.092	0.102	0.096	0.098	0.098	0.096	0.103	0.098	0.097	0.099	0.097	0.095	0.093	0.097	0.098	0.095	0.097	0.096	0.097	0.105	0.101	0.101	0.100	0.095	0.094	0.096	0.097	0.097	0.097	0.095	0.097	0.098	0.099	0.096	0.098	0.095	0.096	0.105	0.097	0.098	0.098	0.102	0.101	0.094	0.095	0.095	0.096	0.092	0.095	0.097	0.098	0.098	0.097	0.101	0.099	0.097	0.097	0.097	0.099	0.092	0.093	0.097	0.100	0.097	0.099	0.097	0.098	0.099	0.099	0.098	0.096	0.092	0.095	0.095	0.095	0.093	0.093	0.093	0.094	0.093	0.094	0.094	0.094	0.093
21:00:25	19.2	0.092	0.093	0.092	0.094	0.094	0.093	0.093	0.092	0.092	0.092	0.094	0.095	0.092	0.103	0.095	0.099	0.098	0.096	0.105	0.098	0.098	0.099	0.097	0.095	0.093	0.097	0.098	0.095	0.097	0.097	0.097	0.107	0.101	0.101	0.101	0.095	0.094	0.096	0.098	0.097	0.098	0.095	0.097	0.098	0.099	0.097	0.098	0.095	0.095	0.107	0.097	0.098	0.098	0.104	0.103	0.094	0.095	0.095	0.096	0.092	0.095	0.098	0.099	0.098	0.097	0.102	0.099	0.097	0.098	0.098	0.099	0.092	0.093	0.097	0.100	0.098	0.100	0.097	0.097	0.098	0.100	0.099	0.096	0.092	0.095	0.095	0.095	0.093	0.093	0.092	0.094	0.093	0.094	0.094	0.094	0.093
22:00:25	19.2	0.092	0.093	0.093	0.095	0.094	0.093	0.093	0.092	0.092	0.092	0.094	0.094	0.092	0.104	0.095	0.100	0.099	0.096	0.107	0.098	0.099	0.100	0.097	0.095	0.093	0.097	0.099	0.096	0.097	0.097	0.098	0.109	0.102	0.102	0.101	0.095	0.094	0.097	0.098	0.098	0.099	0.095	0.097	0.099	0.101	0.097	0.098	0.095	0.096	0.109	0.098	0.098	0.098	0.106	0.104	0.094	0.095	0.095	0.096	0.092	0.095	0.098	0.098	0.098	0.097	0.103	0.099	0.098	0.099	0.098	0.100	0.092	0.093	0.097	0.101	0.099	0.100	0.097	0.098	0.098	0.100	0.100	0.096	0.092	0.095	0.095	0.095	0.093	0.093	0.093	0.093	0.093	0.094	0.094	0.094	0.093
23:00:36	19.3	0.092	0.093	0.093	0.095	0.094	0.094	0.093	0.092	0.092	0.092	0.094	0.095	0.092	0.107	0.096	0.101	0.100	0.097	0.110	0.099	0.100	0.100	0.097	0.095	0.093	0.097	0.100	0.096	0.098	0.097	0.098	0.113	0.103	0.104	0.103	0.095	0.094	0.097	0.099	0.099	0.100	0.095	0.097	0.099	0.102	0.097	0.099	0.095	0.096	0.112	0.100	0.099	0.098	0.109	0.107	0.095	0.096	0.095	0.097	0.092	0.095	0.098	0.099	0.098	0.098	0.106	0.100	0.098	0.100	0.100	0.102	0.092	0.093	0.097	0.102	0.099	0.101	0.097	0.098	0.099	0.101	0.101	0.097	0.092	0.095	0.095	0.095	0.093	0.093	0.093	0.094	0.093	0.094	0.094	0.094	0.093
24:00:25	19.2	0.092	0.093	0.093	0.095	0.094	0.094	0.093	0.092	0.093	0.093	0.094	0.095	0.092	0.110	0.096	0.103	0.101	0.097	0.113	0.099	0.101	0.101	0.097	0.095	0.093	0.098	0.102	0.096	0.098	0.098	0.099	0.117	0.105	0.105	0.104	0.095	0.094	0.097	0.100	0.100	0.102	0.095	0.097	0.099	0.103	0.097	0.099	0.095	0.096	0.116	0.101	0.099	0.099	0.112	0.110	0.095	0.096	0.095	0.097	0.093	0.095	0.098	0.099	0.098	0.098	0.108	0.100	0.098	0.102	0.101	0.104	0.092	0.094	0.098	0.103	0.100	0.103	0.098	0.098	0.099	0.102	0.103	0.097	0.093	0.095	0.095	0.096	0.094	0.093	0.093	0.094	0.094	0.095	0.094	0.094	0.093
25:00:30	19.2	0.092	0.093	0.093	0.095	0.094	0.093	0.093	0.092	0.093	0.092	0.094	0.095	0.092	0.113	0.096	0.104	0.102	0.097	0.117	0.099	0.102	0.101	0.097	0.095	0.093	0.098	0.103	0.096	0.098	0.097	0.099	0.121	0.106	0.107	0.106	0.095	0.094	0.097	0.102	0.102	0.104	0.095	0.097	0.099	0.105	0.097	0.100	0.095	0.096	0.119	0.102	0.099	0.099	0.116	0.113	0.095	0.096	0.095	0.097	0.093	0.095	0.098	0.099	0.098	0.098	0.111	0.100	0.098	0.104	0.102	0.105	0.093	0.094	0.098	0.104	0.101	0.105	0.098	0.098	0.099	0.104	0.104	0.098	0.092	0.095	0.095	0.095	0.094	0.093	0.093	0.094	0.093	0.094	0.094	0.094	0.093
26:00:28	19.3	0.092	0.093	0.093	0.095	0.094	0.093	0.093	0.092	0.092	0.092	0.094	0.095	0.092	0.116	0.096	0.106	0.104	0.097	0.121	0.098	0.103	0.101	0.098	0.095	0.093	0.098	0.105	0.096	0.098	0.097	0.099	0.125	0.108	0.109	0.107	0.095	0.094	0.097	0.103	0.103	0.106	0.095	0.098	0.100	0.107	0.097	0.100	0.095	0.095	0.124	0.103	0.100	0.098	0.119	0.116	0.095	0.096	0.095	0.097	0.092	0.095	0.098	0.099	0.098	0.097	0.114	0.101	0.098	0.105	0.104	0.108	0.095	0.093	0.098	0.105	0.102	0.106	0.098	0.098	0.099	0.105	0.106	0.098	0.092	0.095	0.095	0.095	0.094	0.093	0.093	0.094	0.093	0.094	0.094	0.094	0.093
27:00:28	19.4	0.092	0.093	0.093	0.095	0.094	0.094	0.093	0.092	0.093	0.092	0.094	0.095	0.092	0.120	0.096	0.108	0.106	0.098	0.125	0.099	0.105	0.102	0.098	0.095	0.093	0.098	0.107	0.096	0.098	0.097	0.099	0.129	0.110	0.111	0.110	0.095	0.094	0.097	0.105	0.105	0.109	0.095	0.098	0.100	0.110	0.098	0.100	0.095	0.096	0.129	0.106	0.100	0.099	0.123	0.119	0.095	0.096	0.095	0.097	0.093	0.095	0.099	0.099	0.098	0.098	0.117	0.101	0.098	0.108	0.107	0.110	0.094	0.094	0.098	0.107	0.104	0.108	0.099	0.098	0.099	0.107	0.109	0.099	0.093	0.095	0.095	0.096	0.094	0.093	0.093	0.094	0.093	0.094	0.094	0.094	0.093
28:00:30	19.6	0.092	0.093	0.093	0.095	0.094	0.094	0.093	0.092	0.092	0.092	0.094	0.095	0.092	0.125	0.096	0.111	0.108	0.098	0.129	0.099	0.107	0.102	0.098	0.095	0.093	0.098	0.109	0.097	0.098	0.098	0.100	0.133	0.113	0.114	0.113	0.095	0.094	0.097	0.107	0.108	0.112	0.095	0.098	0.101	0.113	0.097	0.101	0.095	0.096	0.133	0.108	0.101	0.099	0.126	0.123	0.095	0.096	0.095	0.097	0.093	0.095	0.099	0.099	0.098	0.098	0.120	0.101	0.098	0.111	0.109	0.114	0.092	0.094	0.098	0.110	0.106	0.111	0.099	0.098	0.099	0.109	0.111	0.099	0.093	0.095	0.095	0.096	0.093	0.093	0.093	0.094	0.093	0.094	0.094	0.094	0.093
29:00:31	19.6	0.092	0.093	0.093	0.095	0.094	0.093	0.093	0.092	0.092	0.092	0.094	0.094	0.092	0.129	0.096	0.113	0.111	0.098	0.132	0.098	0.109	0.103	0.098	0.095	0.093	0.098	0.112	0.096	0.097	0.097	0.100	0.136	0.116	0.117	0.116	0.095	0.094	0.097	0.110	0.110	0.115	0.095	0.097	0.101	0.116	0.097	0.101	0.095	0.095	0.137	0.111	0.101	0.098	0.129	0.126	0.095	0.096	0.095	0.097	0.092	0.095	0.099	0.099	0.098	0.097	0.124	0.102	0.098	0.114	0.112	0.118	0.092	0.093	0.098	0.112	0.108	0.114	0.099	0.098	0.099	0.112	0.114	0.099	0.092	0.095	0.095	0.095	0.093	0.093	0.093	0.094	0.093	0.094	0.094	0.094	0.093
30:00:32	19.6	0.092	0.093	0.093	0.095	0.094	0.093	0.093	0.092	0.092	0.092	0.094	0.095	0.092	0.133	0.096	0.118	0.114	0.098	0.136	0.099	0.112	0.104	0.098	0.095	0.093	0.099	0.116	0.097	0.098	0.097	0.101	0.139	0.121	0.121	0.120	0.095	0.094	0.097	0.113	0.114	0.120	0.096	0.098	0.101	0.120	0.097	0.102	0.095	0.096	0.141	0.114	0.101	0.099	0.132	0.129	0.095	0.096	0.095	0.097	0.092	0.095	0.099	0.099	0.098	0.098	0.127	0.102	0.098	0.118	0.116	0.122	0.092	0.093	0.098	0.115	0.111	0.118	0.100	0.098	0.099	0.114	0.118	0.100	0.092	0.095	0.095	0.095	0.093	0.093	0.093	0.094	0.093	0.094	0.094	0.094	0.093
31:00:33	19.4	0.093	0.093	0.093	0.095	0.094	0.094	0.093	0.092	0.092	0.092	0.094	0.095	0.092	0.137	0.096	0.122	0.118	0.099	0.140	0.099	0.116	0.104	0.098	0.095	0.093	0.099	0.120	0.097	0.098	0.098	0.102	0.142	0.124	0.125	0.123	0.095	0.094	0.097	0.117	0.118	0.125	0.096	0.098	0.102	0.124	0.098	0.102	0.095	0.096	0.145	0.118	0.102	0.099	0.135	0.132	0.095	0.097	0.095	0.097	0.093	0.095	0.100	0.099	0.098	0.098	0.130	0.103	0.099	0.122	0.120	0.126	0.092	0.094	0.098	0.119	0.114	0.122	0.101	0.099	0.099	0.118	0.122	0.101	0.093	0.096	0.095	0.095	0.093	0.093	0.093	0.094	0.093	0.094	0.094	0.094	0.093
32:00:34	19.3	0.092	0.093	0.093	0.095	0.094	0.093	0.093	0.092	0.092	0.092	0.094	0.095	0.092	0.141	0.096	0.127	0.121	0.098	0.143	0.099	0.119	0.105	0.098	0.095	0.093	0.100	0.125	0.097	0.098	0.098	0.102	0.145	0.127	0.127	0.127	0.095	0.094	0.097	0.120	0.122	0.128	0.095	0.098	0.103	0.128	0.098	0.103	0.095	0.096	0.149	0.122	0.102	0.099	0.138	0.134	0.095	0.097	0.095	0.097	0.092	0.095	0.100	0.099	0.098	0.098	0.133	0.104	0.098	0.125	0.123	0.130	0.094	0.093	0.098	0.123	0.117	0.126	0.101	0.099	0.099	0.121	0.125	0.101	0.093	0.095	0.095	0.095	0.094	0.093	0.093	0.094	0.093	0.094	0.094	0.094	0.093
33:00:36	19.3	0.092	0.093	0.093	0.095	0.094	0.094	0.093	0.092	0.093	0.092	0.094	0.095	0.092	0.145	0.097	0.131	0.126	0.099	0.146	0.100	0.123	0.105	0.099	0.095	0.093	0.100	0.129	0.098	0.098	0.098	0.103	0.148	0.131	0.131	0.130	0.095	0.094	0.097	0.124	0.126	0.132	0.096	0.098	0.104	0.131	0.098	0.103	0.095	0.096	0.152	0.126	0.103	0.099	0.141	0.136	0.095	0.097	0.096	0.097	0.093	0.095	0.101	0.099	0.098	0.098	0.136	0.105	0.098	0.128	0.126	0.133	0.094	0.094	0.098	0.126	0.121	0.130	0.102	0.099	0.099	0.124	0.129	0.102	0.093	0.095	0.095	0.096	0.093	0.093	0.093	0.094	0.094	0.094	0.094	0.094	0.093
34:00:35	19.3	0.092	0.093	0.093	0.095	0.094	0.093	0.093	0.092	0.092	0.092	0.094	0.095	0.092	0.149	0.096	0.135	0.130	0.099	0.149	0.099	0.127	0.106	0.099	0.095	0.093	0.101	0.133	0.098	0.098	0.098	0.104	0.150	0.134	0.133	0.132	0.095	0.094	0.097	0.127	0.129	0.135	0.095	0.098	0.104	0.135	0.098	0.104	0.095	0.096	0.156	0.129	0.103	0.099	0.143	0.139	0.095	0.097	0.096	0.098	0.092	0.095	0.101	0.099	0.098	0.098	0.139	0.106	0.099	0.130	0.129	0.136	0.092	0.093	0.098	0.130	0.125	0.134	0.103	0.098	0.099	0.128	0.132	0.102	0.093	0.095	0.095	0.095	0.093	0.093	0.093	0.094	0.094	0.094	0.094	0.094	0.093
35:00:38	19.3	0.092	0.093	0.093	0.095	0.094	0.094	0.093	0.092	0.093	0.092	0.094	0.095	0.092	0.153	0.096	0.140	0.134	0.100	0.152	0.100	0.130	0.107	0.099	0.095	0.093	0.102	0.137	0.098	0.098	0.098	0.105	0.153	0.137	0.136	0.135	0.095	0.094	0.098	0.130	0.132	0.139	0.096	0.098	0.106	0.139	0.098	0.104	0.095	0.096	0.159	0.133	0.104	0.099	0.146	0.141	0.095	0.097	0.095	0.098	0.093	0.095	0.102	0.100	0.098	0.098	0.142	0.107	0.099	0.133	0.131	0.140	0.092	0.093	0.098	0.134	0.128	0.138	0.104	0.099	0.100	0.131	0.135	0.103	0.093	0.095	0.095	0.096	0.094	0.093	0.093	0.094	0.093	0.095	0.094	0.094	0.093
36:00:38	19.3	0.092	0.093	0.093	0.095	0.094	0.093	0.093	0.092	0.092	0.092	0.094	0.095	0.092	0.157	0.097	0.144	0.138	0.099	0.155	0.100	0.134	0.108	0.099	0.095	0.093	0.102	0.142	0.099	0.098	0.098	0.106	0.155	0.140	0.139	0.138	0.095	0.094	0.098	0.134	0.136	0.142	0.096	0.098	0.107	0.141	0.098	0.105	0.095	0.096	0.162	0.136	0.104	0.099	0.149	0.143	0.095	0.097	0.096	0.098	0.093	0.095	0.103	0.099	0.099	0.098	0.145	0.108	0.098	0.135	0.134	0.142	0.092	0.094	0.098	0.138	0.131	0.141	0.105	0.099	0.099	0.134	0.138	0.104	0.093	0.095	0.095	0.096	0.093	0.093	0.093	0.094	0.093	0.094	0.094	0.094	0.093
37:00:46	19.3	0.092	0.093	0.093	0.095	0.094	0.094	0.093	0.092	0.092	0.093	0.094	0.095	0.093	0.161	0.097	0.148	0.142	0.100	0.158	0.100	0.137	0.108	0.099	0.095	0.093	0.103	0.146	0.099	0.098	0.098	0.108	0.158	0.143	0.141	0.141	0.095	0.094	0.098	0.137	0.139	0.145	0.096	0.099	0.109	0.145	0.099	0.106	0.095	0.096	0.166	0.139	0.105	0.099	0.151	0.146	0.096	0.097	0.096	0.098	0.093	0.095	0.104	0.100	0.099	0.098	0.148	0.110	0.099	0.138	0.137	0.145	0.096	0.094	0.099	0.141	0.135	0.145	0.107	0.099	0.100	0.138	0.141	0.105	0.093	0.095	0.095	0.096	0.094	0.093	0.093	0.094	0.094	0.094	0.094	0.094	0.093
38:00:39	19.3	0.092	0.093	0.093	0.095	0.095	0.094	0.093	0.092	0.092	0.092	0.094	0.095	0.092	0.164	0.097	0.152	0.145	0.100	0.162	0.100	0.140	0.109	0.100	0.095	0.093	0.104	0.149	0.099	0.098	0.098	0.110	0.161	0.146	0.143	0.143	0.096	0.094	0.098	0.140	0.142	0.148	0.096	0.098	0.110	0.148	0.098	0.106	0.095	0.096	0.169	0.142	0.105	0.099	0.154	0.148	0.096	0.097	0.096	0.098	0.093	0.095	0.105	0.100	0.099	0.098	0.150	0.112	0.099	0.140	0.139	0.148	0.093	0.093	0.098	0.144	0.138	0.148	0.109	0.099	0.100	0.140	0.144	0.105	0.093	0.095	0.095	0.095	0.094	0.093	0.093	0.094	0.094	0.094	0.094	0.094	0.093
39:00:40	19.3	0.092	0.093	0.093	0.095	0.094	0.094	0.093	0.092	0.093	0.092	0.095	0.095	0.092	0.168	0.097	0.155	0.148	0.100	0.164	0.100	0.143	0.109	0.100	0.095	0.093	0.106	0.153	0.099	0.098	0.098	0.112	0.163	0.148	0.145	0.145	0.095	0.094	0.097	0.142	0.145	0.151	0.096	0.098	0.112	0.151	0.098	0.107	0.095	0.096	0.173	0.145	0.106	0.099	0.156	0.150	0.096	0.097	0.096	0.098	0.093	0.095	0.106	0.100	0.099	0.098	0.153	0.114	0.098	0.142	0.142	0.150	0.093	0.093	0.098	0.148	0.141	0.151	0.111	0.099	0.100	0.143	0.146	0.106	0.092	0.095	0.095	0.095	0.093	0.093	0.093	0.094	0.094	0.094	0.094	0.094	0.093
40:00:41	19.2	0.092	0.093	0.093	0.095	0.095	0.094	0.093	0.092	0.093	0.093	0.095	0.095	0.092	0.172	0.097	0.159	0.152	0.101	0.168	0.100	0.146	0.110	0.100	0.095	0.093	0.107	0.157	0.100	0.098	0.099	0.115	0.166	0.152	0.148	0.148	0.096	0.094	0.098	0.145	0.148	0.154	0.096	0.099	0.115	0.154	0.099	0.108	0.095	0.096	0.176	0.149	0.106	0.099	0.159	0.153	0.096	0.098	0.096	0.098	0.093	0.095	0.108	0.100	0.099	0.098	0.156	0.116	0.099	0.144	0.144	0.153	0.093	0.094	0.099	0.151	0.144	0.155	0.114	0.099	0.100	0.146	0.149	0.107	0.093	0.095	0.095	0.095	0.094	0.093	0.093	0.094	0.094	0.094	0.094	0.094	0.093
41:00:42	19.2	0.092	0.093	0.093	0.095	0.094	0.093	0.093	0.092	0.093	0.093	0.094	0.095	0.093	0.176	0.097	0.163	0.155	0.101	0.171	0.099	0.149	0.111	0.100	0.095	0.093	0.109	0.161	0.100	0.098	0.098	0.118	0.168	0.154	0.150	0.150	0.095	0.094	0.098	0.148	0.151	0.156	0.096	0.099	0.118	0.156	0.099	0.108	0.095	0.096	0.180	0.152	0.107	0.099	0.162	0.155	0.096	0.098	0.096	0.098	0.093	0.095	0.110	0.100	0.098	0.098	0.159	0.120	0.099	0.147	0.146	0.155	0.094	0.093	0.098	0.154	0.147	0.158	0.117	0.099	0.100	0.149	0.152	0.107	0.093	0.095	0.095	0.095	0.094	0.093	0.093	0.094	0.094	0.095	0.094	0.094	0.093
42:00:44	19.2	0.092	0.093	0.093	0.095	0.094	0.094	0.093	0.092	0.093	0.092	0.095	0.095	0.092	0.180	0.097	0.166	0.158	0.101	0.174	0.099	0.152	0.111	0.100	0.095	0.093	0.111	0.164	0.100	0.098	0.099	0.121	0.171	0.157	0.152	0.152	0.096	0.094	0.098	0.151	0.154	0.159	0.096	0.099	0.122	0.159	0.099	0.109	0.095	0.096	0.184	0.155	0.107	0.099	0.164	0.158	0.096	0.098	0.096	0.098	0.093	0.095	0.112	0.100	0.098	0.098	0.162	0.123	0.099	0.149	0.149	0.157	0.093	0.093	0.098	0.157	0.150	0.160	0.120	0.099	0.100	0.152	0.154	0.108	0.093	0.095	0.095	0.095	0.093	0.093	0.093	0.094	0.094	0.094	0.094	0.094	0.093
43:00:43	19.1	0.092	0.093	0.093	0.095	0.094	0.093	0.093	0.092	0.092	0.092	0.094	0.095	0.092	0.184	0.097	0.170	0.161	0.101	0.177	0.099	0.155	0.111	0.100	0.095	0.093	0.113	0.167	0.100	0.098	0.098	0.125	0.173	0.159	0.155	0.155	0.095	0.094	0.097	0.153	0.156	0.161	0.096	0.098	0.126	0.162	0.099	0.109	0.095	0.096	0.188	0.158	0.107	0.099	0.167	0.160	0.096	0.098	0.096	0.098	0.093	0.095	0.114	0.100	0.098	0.098	0.164	0.128	0.099	0.151	0.151	0.160	0.092	0.093	0.098	0.160	0.153	0.163	0.125	0.099	0.100	0.155	0.157	0.108	0.093	0.095	0.095	0.095	0.093	0.093	0.093	0.094	0.093	0.094	0.094	0.094	0.093
44:00:44	19.1	0.092	0.093	0.093	0.095	0.095	0.093	0.093	0.092	0.093	0.092	0.095	0.095	0.092	0.188	0.097	0.173	0.164	0.102	0.180	0.099	0.158	0.112	0.100	0.095	0.093	0.116	0.171	0.101	0.098	0.099	0.130	0.176	0.163	0.157	0.157	0.095	0.094	0.098	0.156	0.159	0.164	0.097	0.098	0.131	0.164	0.099	0.109	0.095	0.096	0.192	0.161	0.108	0.099	0.170	0.162	0.096	0.098	0.096	0.098	0.093	0.095	0.118	0.100	0.098	0.098	0.168	0.133	0.099	0.154	0.154	0.163	0.095	0.094	0.098	0.164	0.156	0.167	0.129	0.099	0.100	0.158	0.160	0.109	0.093	0.096	0.095	0.096	0.094	0.093	0.093	0.094	0.094	0.094	0.094	0.094	0.093
45:00:46	19.1	0.092	0.094	0.093	0.095	0.094	0.094	0.093	0.092	0.093	0.092	0.095	0.095	0.093	0.192	0.097	0.177	0.167	0.102	0.184	0.099	0.161	0.113	0.101	0.095	0.093	0.120	0.175	0.101	0.099	0.099	0.136	0.179	0.166	0.159	0.159	0.096	0.094	0.098	0.159	0.162	0.167	0.097	0.099	0.135	0.167	0.100	0.110	0.095	0.096	0.196	0.163	0.109	0.099	0.172	0.165	0.096	0.098	0.096	0.098	0.093	0.095	0.121	0.100	0.099	0.099	0.170	0.139	0.099	0.155	0.156	0.166	0.093	0.094	0.098	0.166	0.159	0.169	0.134	0.099	0.100	0.160	0.162	0.109	0.093	0.095	0.095	0.096	0.093	0.093	0.093	0.094	0.094	0.095	0.094	0.094	0.094
46:00:47	19.1	0.092	0.093	0.093	0.095	0.094	0.094	0.093	0.092	0.093	0.093	0.094	0.095	0.092	0.195	0.097	0.181	0.170	0.102	0.187	0.100	0.164	0.113	0.101	0.095	0.093	0.124	0.178	0.101	0.098	0.099	0.141	0.181	0.169	0.162	0.162	0.095	0.094	0.097	0.162	0.165	0.169	0.097	0.099	0.140	0.170	0.099	0.111	0.095	0.096	0.200	0.167	0.109	0.099	0.175	0.167	0.096	0.099	0.096	0.098	0.093	0.095	0.125	0.100	0.098	0.098	0.173	0.143	0.099	0.158	0.158	0.168	0.092	0.093	0.098	0.170	0.162	0.172	0.138	0.100	0.100	0.163	0.165	0.110	0.093	0.095	0.095	0.095	0.093	0.093	0.093	0.094	0.094	0.094	0.094	0.094	0.093
47:00:48	19.1	0.092	0.093	0.093	0.095	0.094	0.093	0.093	0.092	0.092	0.093	0.094	0.095	0.092	0.199	0.097	0.184	0.173	0.103	0.190	0.099	0.166	0.113	0.101	0.095	0.093	0.128	0.181	0.101	0.098	0.099	0.145	0.184	0.172	0.164	0.165	0.095	0.093	0.097	0.164	0.167	0.172	0.096	0.098	0.143	0.172	0.099	0.110	0.095	0.096	0.204	0.170	0.109	0.099	0.178	0.170	0.096	0.099	0.096	0.098	0.092	0.095	0.129	0.100	0.098	0.098	0.176	0.148	0.099	0.160	0.160	0.171	0.095	0.093	0.098	0.172	0.165	0.175	0.143	0.099	0.100	0.166	0.168	0.110	0.092	0.095	0.095	0.095	0.093	0.093	0.093	0.094	0.094	0.094	0.094	0.094	0.093
48:00:48	19.0	0.092	0.093	0.093	0.095	0.095	0.094	0.093	0.092	0.093	0.093	0.095	0.095	0.093	0.203	0.097	0.188	0.176	0.103	0.193	0.099	0.170	0.114	0.102	0.095	0.093	0.133	0.186	0.102	0.099	0.099	0.150	0.187	0.175	0.167	0.167	0.096	0.094	0.098	0.167	0.170	0.174	0.097	0.099	0.148	0.175	0.100	0.111	0.095	0.096	0.209	0.173	0.110	0.099	0.181	0.172	0.096	0.099	0.096	0.098	0.093	0.095	0.134	0.100	0.099	0.098	0.179	0.153	0.099	0.162	0.163	0.174	0.093	0.094	0.099	0.176	0.168	0.178	0.148	0.100	0.100	0.169	0.171	0.110	0.093	0.095	0.095	0.096	0.093	0.093	0.093	0.095	0.094	0.094	0.094	0.094	0.093
49:00:53	19.1	0.093	0.093	0.093	0.095	0.094	0.094	0.093	0.092	0.093	0.092	0.094	0.095	0.092	0.207	0.097	0.191	0.179	0.103	0.196	0.100	0.173	0.114	0.102	0.095	0.093	0.137	0.189	0.101	0.098	0.099	0.155	0.189	0.178	0.169	0.170	0.095	0.094	0.097	0.170	0.173	0.177	0.097	0.099	0.153	0.178	0.100	0.112	0.095	0.096	0.212	0.176	0.110	0.099	0.183	0.175	0.096	0.099	0.096	0.098	0.093	0.095	0.139	0.100	0.099	0.099	0.182	0.157	0.099	0.165	0.165	0.177	0.093	0.094	0.099	0.179	0.171	0.181	0.153	0.100	0.100	0.172	0.174	0.111	0.093	0.095	0.095	0.095	0.093	0.093	0.093	0.094	0.094	0.094	0.094	0.094	0.093
50:00:51	19.2	0.092	0.093	0.093	0.095	0.094	0.094	0.093	0.092	0.092	0.092	0.094	0.095	0.092	0.210	0.097	0.195	0.183	0.104	0.199	0.099	0.176	0.114	0.102	0.095	0.093	0.141	0.193	0.102	0.098	0.099	0.159	0.192	0.181	0.171	0.172	0.095	0.094	0.097	0.173	0.176	0.180	0.097	0.099	0.157	0.181	0.100	0.112	0.095	0.096	0.216	0.179	0.110	0.099	0.186	0.176	0.096	0.099	0.096	0.098	0.092	0.095	0.143	0.100	0.099	0.098	0.185	0.161	0.099	0.167	0.168	0.179	0.093	0.093	0.098	0.182	0.174	0.184	0.157	0.099	0.100	0.175	0.177	0.111	0.093	0.095	0.095	0.095	0.093	0.093	0.093	0.094	0.094	0.094	0.094	0.094	0.093
51:00:51	19.5	0.093	0.094	0.093	0.095	0.095	0.094	0.093	0.092	0.092	0.092	0.094	0.095	0.093	0.214	0.097	0.199	0.187	0.105	0.202	0.100	0.180	0.115	0.102	0.095	0.093	0.146	0.197	0.102	0.099	0.099	0.164	0.195	0.184	0.174	0.175	0.096	0.094	0.097	0.176	0.179	0.183	0.097	0.099	0.161	0.184	0.100	0.112	0.095	0.096	0.220	0.183	0.111	0.099	0.189	0.179	0.096	0.100	0.097	0.098	0.093	0.095	0.148	0.101	0.099	0.099	0.188	0.166	0.099	0.170	0.171	0.181	0.093	0.094	0.098	0.186	0.177	0.187	0.162	0.100	0.100	0.178	0.180	0.111	0.093	0.095	0.095	0.095	0.093	0.093	0.093	0.094	0.094	0.094	0.094	0.094	0.093
52:00:53	19.8	0.092	0.093	0.093	0.095	0.094	0.093	0.093	0.092	0.093	0.092	0.094	0.095	0.092	0.217	0.097	0.203	0.190	0.105	0.206	0.099	0.183	0.115	0.102	0.095	0.093	0.150	0.200	0.102	0.099	0.099	0.169	0.197	0.187	0.176	0.178	0.095	0.094	0.097	0.178	0.182	0.185	0.097	0.099	0.165	0.186	0.100	0.112	0.095	0.096	0.223	0.185	0.111	0.099	0.192	0.182	0.096	0.100	0.096	0.098	0.093	0.095	0.153	0.101	0.098	0.098	0.190	0.170	0.098	0.172	0.173	0.184	0.096	0.094	0.098	0.188	0.179	0.190	0.166	0.099	0.100	0.181	0.183	0.111	0.092	0.095	0.095	0.095	0.093	0.093	0.093	0.094	0.093	0.094	0.094	0.094	0.093
53:00:55	20.0	0.092	0.093	0.093	0.095	0.094	0.094	0.093	0.092	0.093	0.093	0.094	0.095	0.092	0.220	0.097	0.206	0.194	0.106	0.209	0.099	0.187	0.116	0.103	0.095	0.093	0.155	0.204	0.103	0.099	0.100	0.174	0.200	0.190	0.180	0.182	0.096	0.094	0.098	0.181	0.186	0.188	0.097	0.099	0.170	0.189	0.100	0.113	0.095	0.096	0.227	0.189	0.112	0.099	0.195	0.184	0.096	0.101	0.097	0.099	0.093	0.095	0.158	0.101	0.099	0.099	0.193	0.176	0.099	0.174	0.176	0.186	0.093	0.093	0.098	0.192	0.183	0.194	0.171	0.100	0.100	0.185	0.186	0.112	0.093	0.095	0.095	0.096	0.093	0.093	0.093	0.094	0.094	0.094	0.094	0.094	0.093
54:00:56	19.9	0.092	0.093	0.093	0.095	0.094	0.093	0.093	0.092	0.093	0.093	0.094	0.095	0.092	0.223	0.097	0.209	0.197	0.106	0.212	0.099	0.190	0.117	0.103	0.095	0.093	0.159	0.208	0.103	0.099	0.100	0.178	0.202	0.193	0.182	0.185	0.096	0.094	0.098	0.185	0.188	0.191	0.097	0.099	0.174	0.192	0.100	0.113	0.095	0.096	0.231	0.192	0.112	0.099	0.197	0.186	0.096	0.101	0.097	0.098	0.093	0.095	0.162	0.101	0.099	0.099	0.196	0.180	0.099	0.176	0.178	0.189	0.096	0.093	0.098	0.195	0.186	0.197	0.175	0.100	0.100	0.188	0.189	0.112	0.093	0.095	0.095	0.095	0.093	0.093	0.093	0.094	0.094	0.094	0.094	0.094	0.093
55:00:57	19.7	0.092	0.093	0.093	0.095	0.094	0.094	0.093	0.092	0.093	0.092	0.094	0.095	0.092	0.226	0.097	0.212	0.199	0.107	0.214	0.099	0.192	0.117	0.104	0.095	0.093	0.163	0.212	0.103	0.099	0.100	0.183	0.204	0.196	0.184	0.187	0.095	0.094	0.097	0.188	0.192	0.194	0.097	0.099	0.177	0.195	0.100	0.113	0.095	0.096	0.235	0.196	0.113	0.099	0.200	0.189	0.096	0.102	0.097	0.098	0.093	0.095	0.166	0.102	0.098	0.099	0.198	0.183	0.099	0.179	0.181	0.192	0.092	0.093	0.098	0.199	0.189	0.200	0.179	0.100	0.100	0.191	0.192	0.113	0.093	0.095	0.095	0.095	0.093	0.093	0.093	0.094	0.094	0.094	0.094	0.094	0.093
56:00:58	19.4	0.092	0.093	0.093	0.095	0.094	0.094	0.093	0.092	0.092	0.092	0.094	0.095	0.092	0.229	0.097	0.216	0.202	0.108	0.217	0.099	0.194	0.117	0.104	0.095	0.093	0.167	0.216	0.103	0.099	0.099	0.186	0.206	0.199	0.186	0.189	0.095	0.094	0.097	0.191	0.195	0.196	0.097	0.098	0.180	0.197	0.100	0.113	0.095	0.095	0.240	0.199	0.114	0.099	0.202	0.191	0.096	0.102	0.097	0.098	0.093	0.095	0.170	0.102	0.099	0.099	0.201	0.187	0.098	0.182	0.183	0.196	0.094	0.093	0.098	0.202	0.193	0.203	0.183	0.099	0.100	0.194	0.194	0.113	0.093	0.095	0.095	0.095	0.093	0.093	0.093	0.094	0.093	0.094	0.094	0.094	0.093
57:00:58	19.4	0.092	0.093	0.093	0.095	0.094	0.094	0.093	0.092	0.092	0.092	0.094	0.095	0.092	0.232	0.097	0.218	0.205	0.109	0.219	0.099	0.196	0.118	0.105	0.095	0.093	0.170	0.220	0.104	0.099	0.100	0.191	0.208	0.201	0.189	0.192	0.095	0.094	0.097	0.194	0.197	0.199	0.097	0.099	0.184	0.200	0.100	0.114	0.095	0.095	0.243	0.202	0.114	0.099	0.205	0.193	0.096	0.103	0.097	0.098	0.093	0.095	0.174	0.102	0.098	0.099	0.203	0.191	0.098	0.184	0.185	0.198	0.092	0.093	0.098	0.205	0.195	0.206	0.188	0.100	0.100	0.197	0.197	0.113	0.093	0.095	0.095	0.095	0.093	0.093	0.093	0.094	0.094	0.094	0.094	0.094	0.093
58:01:00	19.4	0.092	0.093	0.093	0.095	0.094	0.093	0.093	0.092	0.093	0.092	0.094	0.095	0.092	0.234	0.097	0.221	0.208	0.111	0.222	0.099	0.199	0.118	0.106	0.095	0.093	0.173	0.223	0.104	0.099	0.100	0.195	0.210	0.204	0.191	0.194	0.095	0.093	0.097	0.197	0.201	0.202	0.097	0.099	0.187	0.203	0.100	0.114	0.095	0.095	0.245	0.205	0.115	0.099	0.208	0.195	0.096	0.104	0.097	0.098	0.093	0.095	0.177	0.102	0.098	0.099	0.206	0.194	0.098	0.186	0.188	0.201	0.093	0.093	0.098	0.208	0.198	0.209	0.191	0.099	0.100	0.200	0.199	0.113	0.093	0.095	0.095	0.095	0.093	0.093	0.093	0.094	0.093	0.094	0.094	0.094	0.093
59:01:01	19.4	0.093	0.093	0.093	0.095	0.094	0.094	0.093	0.092	0.093	0.092	0.094	0.095	0.093	0.236	0.097	0.224	0.211	0.113	0.224	0.100	0.202	0.120	0.107	0.095	0.093	0.177	0.226	0.105	0.099	0.101	0.199	0.212	0.207	0.193	0.196	0.095	0.094	0.097	0.199	0.203	0.204	0.098	0.099	0.191	0.205	0.101	0.115	0.095	0.096	0.248	0.208	0.116	0.100	0.211	0.197	0.096	0.106	0.097	0.099	0.093	0.095	0.181	0.103	0.098	0.099	0.208	0.198	0.099	0.188	0.190	0.203	0.093	0.094	0.099	0.211	0.201	0.211	0.195	0.100	0.100	0.202	0.201	0.114	0.093	0.095	0.095	0.095	0.093	0.093	0.093	0.094	0.094	0.094	0.094	0.094	0.093
60:01:02	19.4	0.093	0.094	0.093	0.095	0.095	0.094	0.093	0.092	0.093	0.093	0.095	0.095	0.093	0.238	0.097	0.227	0.214	0.115	0.226	0.100	0.204	0.120	0.108	0.095	0.093	0.180	0.229	0.106	0.099	0.100	0.202	0.214	0.209	0.195	0.198	0.096	0.094	0.097	0.202	0.206	0.207	0.098	0.099	0.195	0.207	0.101	0.115	0.095	0.096	0.250	0.211	0.117	0.100	0.213	0.199	0.097	0.107	0.097	0.099	0.093	0.095	0.184	0.103	0.099	0.099	0.211	0.201	0.099	0.190	0.192	0.204	0.093	0.094	0.099	0.213	0.204	0.214	0.199	0.100	0.100	0.204	0.203	0.114	0.093	0.095	0.095	0.095	0.093	0.093	0.093	0.094	0.094	0.095	0.094	0.094	0.093
61:01:03	19.4	0.092	0.094	0.093	0.095	0.094	0.094	0.093	0.092	0.093	0.092	0.094	0.095	0.092	0.240	0.097	0.229	0.215	0.117	0.227	0.100	0.206	0.121	0.109	0.095	0.093	0.183	0.232	0.106	0.099	0.100	0.205	0.215	0.212	0.196	0.200	0.095	0.094	0.097	0.204	0.207	0.209	0.097	0.099	0.199	0.209	0.101	0.115	0.095	0.095	0.251	0.213	0.119	0.100	0.216	0.201	0.096	0.109	0.097	0.099	0.093	0.095	0.187	0.104	0.098	0.099	0.212	0.205	0.099	0.191	0.193	0.206	0.093	0.093	0.098	0.215	0.206	0.216	0.204	0.100	0.100	0.206	0.205	0.114	0.093	0.095	0.095	0.095	0.093	0.093	0.093	0.094	0.094	0.094	0.094	0.094	0.093
62:01:05	19.4	0.092	0.093	0.093	0.095	0.094	0.093	0.093	0.092	0.092	0.092	0.094	0.094	0.092	0.241	0.097	0.231	0.217	0.120	0.229	0.099	0.208	0.122	0.111	0.095	0.093	0.186	0.235	0.107	0.099	0.100	0.209	0.216	0.214	0.198	0.201	0.095	0.093	0.097	0.206	0.210	0.211	0.097	0.099	0.202	0.211	0.101	0.115	0.095	0.095	0.253	0.216	0.120	0.100	0.218	0.202	0.096	0.110	0.097	0.098	0.093	0.094	0.190	0.104	0.098	0.099	0.214	0.208	0.098	0.192	0.195	0.207	0.092	0.093	0.098	0.217	0.208	0.218	0.208	0.099	0.099	0.208	0.207	0.114	0.092	0.095	0.094	0.095	0.093	0.093	0.093	0.094	0.093	0.094	0.094	0.094	0.093
63:01:05	19.4	0.092	0.094	0.093	0.095	0.094	0.093	0.093	0.092	0.093	0.092	0.095	0.095	0.093	0.243	0.097	0.234	0.220	0.122	0.231	0.100	0.210	0.124	0.113	0.095	0.093	0.188	0.238	0.108	0.100	0.101	0.213	0.217	0.215	0.200	0.203	0.095	0.094	0.097	0.208	0.212	0.213	0.098	0.099	0.207	0.213	0.101	0.116	0.095	0.096	0.255	0.218	0.122	0.100	0.221	0.204	0.096	0.113	0.097	0.099	0.093	0.095	0.193	0.105	0.099	0.099	0.215	0.212	0.099	0.195	0.197	0.210	0.093	0.094	0.098	0.220	0.210	0.220	0.212	0.100	0.100	0.210	0.209	0.115	0.093	0.095	0.095	0.095	0.093	0.093	0.093	0.094	0.094	0.094	0.094	0.094	0.093
64:01:06	19.4	0.092	0.094	0.093	0.095	0.094	0.094	0.093	0.092	0.093	0.093	0.094	0.094	0.092	0.245	0.097	0.236	0.222	0.126	0.232	0.100	0.211	0.125	0.115	0.095	0.093	0.190	0.240	0.109	0.100	0.101	0.217	0.218	0.217	0.202	0.205	0.095	0.094	0.097	0.211	0.215	0.215	0.098	0.099	0.211	0.215	0.102	0.116	0.095	0.096	0.255	0.220	0.124	0.101	0.224	0.205	0.096	0.116	0.097	0.098	0.093	0.095	0.196	0.106	0.099	0.099	0.216	0.216	0.099	0.196	0.198	0.211	0.093	0.093	0.098	0.222	0.213	0.222	0.216	0.100	0.100	0.211	0.210	0.115	0.093	0.095	0.095	0.095	0.093	0.093	0.093	0.094	0.094	0.094	0.094	0.094	0.093
65:01:06	19.4	0.092	0.094	0.093	0.095	0.095	0.094	0.093	0.092	0.093	0.093	0.094	0.095	0.093	0.248	0.098	0.238	0.225	0.131	0.234	0.100	0.213	0.127	0.118	0.095	0.093	0.193	0.243	0.111	0.100	0.101	0.221	0.220	0.218	0.203	0.206	0.095	0.094	0.097	0.213	0.217	0.217	0.098	0.099	0.215	0.216	0.102	0.116	0.095	0.096	0.256	0.222	0.127	0.101	0.228	0.208	0.097	0.119	0.097	0.099	0.093	0.095	0.199	0.108	0.099	0.099	0.218	0.221	0.099	0.198	0.200	0.213	0.093	0.093	0.099	0.224	0.215	0.224	0.221	0.100	0.100	0.214	0.212	0.115	0.093	0.095	0.095	0.095	0.094	0.093	0.093	0.094	0.094	0.094	0.094	0.094	0.093
66:01:08	19.4	0.092	0.093	0.093	0.095	0.094	0.094	0.093	0.092	0.093	0.092	0.094	0.095	0.092	0.249	0.097	0.240	0.227	0.135	0.236	0.100	0.215	0.129	0.120	0.095	0.093	0.195	0.245	0.112	0.101	0.101	0.226	0.220	0.219	0.205	0.208	0.095	0.094	0.097	0.215	0.219	0.218	0.098	0.099	0.219	0.217	0.102	0.116	0.095	0.095	0.256	0.223	0.130	0.101	0.230	0.209	0.097	0.123	0.097	0.099	0.093	0.095	0.202	0.109	0.099	0.099	0.218	0.225	0.099	0.199	0.201	0.214	0.092	0.094	0.098	0.226	0.217	0.226	0.225	0.100	0.099	0.215	0.213	0.115	0.093	0.095	0.095	0.095	0.093	0.093	0.093	0.094	0.094	0.094	0.094	0.094	0.093
67:01:09	19.4	0.093	0.094	0.093	0.095	0.095	0.094	0.093	0.092	0.093	0.093	0.094	0.095	0.093	0.251	0.098	0.242	0.228	0.140	0.237	0.100	0.216	0.132	0.124	0.095	0.093	0.198	0.248	0.114	0.102	0.102	0.230	0.222	0.220	0.206	0.209	0.096	0.094	0.097	0.217	0.220	0.220	0.098	0.099	0.223	0.219	0.103	0.116	0.095	0.096	0.257	0.226	0.133	0.102	0.235	0.211	0.097	0.128	0.097	0.099	0.093	0.095	0.205	0.111	0.099	0.099	0.219	0.230	0.099	0.201	0.203	0.216	0.093	0.093	0.098	0.229	0.219	0.228	0.230	0.100	0.100	0.217	0.215	0.116	0.093	0.095	0.095	0.096	0.093	0.093	0.093	0.095	0.094	0.094	0.094	0.094	0.093
68:01:09	19.4	0.093	0.094	0.093	0.095	0.094	0.094	0.093	0.092	0.093	0.093	0.095	0.095	0.092	0.252	0.098	0.244	0.231	0.145	0.238	0.100	0.218	0.134	0.128	0.095	0.093	0.201	0.250	0.116	0.102	0.101	0.234	0.223	0.220	0.207	0.211	0.096	0.094	0.097	0.219	0.223	0.222	0.098	0.099	0.228	0.220	0.103	0.117	0.095	0.096	0.259	0.228	0.137	0.102	0.238	0.212	0.097	0.132	0.097	0.099	0.093	0.095	0.208	0.113	0.099	0.099	0.219	0.234	0.099	0.202	0.204	0.218	0.093	0.094	0.099	0.230	0.221	0.230	0.235	0.100	0.100	0.218	0.216	0.116	0.093	0.095	0.095	0.095	0.093	0.093	0.093	0.094	0.093	0.094	0.094	0.094	0.093
69:01:09	19.5	0.092	0.093	0.093	0.095	0.094	0.094	0.093	0.092	0.093	0.092	0.094	0.095	0.092	0.253	0.097	0.247	0.233	0.150	0.239	0.100	0.220	0.137	0.133	0.095	0.093	0.203	0.252	0.119	0.103	0.101	0.238	0.224	0.221	0.208	0.211	0.096	0.094	0.097	0.221	0.224	0.223	0.098	0.099	0.232	0.222	0.104	0.117	0.095	0.096	0.260	0.229	0.141	0.103	0.242	0.213	0.097	0.137	0.097	0.099	0.093	0.095	0.210	0.116	0.099	0.099	0.220	0.239	0.099	0.203	0.205	0.219	0.093	0.093	0.099	0.232	0.223	0.232	0.239	0.100	0.100	0.220	0.217	0.116	0.093	0.095	0.095	0.095	0.093	0.093	0.093	0.095	0.094	0.094	0.094	0.094	0.093
70:01:11	19.4	0.093	0.093	0.093	0.095	0.094	0.093	0.093	0.092	0.093	0.092	0.094	0.095	0.092	0.255	0.097	0.249	0.235	0.155	0.241	0.100	0.221	0.141	0.138	0.095	0.093	0.205	0.255	0.122	0.104	0.102	0.243	0.225	0.221	0.210	0.213	0.096	0.094	0.097	0.223	0.226	0.224	0.098	0.099	0.236	0.223	0.104	0.117	0.095	0.096	0.260	0.231	0.144	0.103	0.245	0.214	0.097	0.140	0.097	0.099	0.093	0.095	0.213	0.118	0.099	0.100	0.220	0.243	0.099	0.204	0.207	0.220	0.093	0.093	0.099	0.234	0.224	0.234	0.244	0.100	0.100	0.221	0.219	0.117	0.093	0.095	0.095	0.095	0.093	0.093	0.093	0.094	0.094	0.094	0.094	0.094	0.093
71:01:13	19.4	0.093	0.093	0.093	0.095	0.095	0.094	0.093	0.092	0.093	0.093	0.095	0.095	0.092	0.256	0.098	0.252	0.237	0.160	0.242	0.100	0.223	0.145	0.142	0.095	0.093	0.208	0.257	0.126	0.105	0.102	0.248	0.227	0.220	0.211	0.214	0.096	0.094	0.097	0.226	0.227	0.226	0.098	0.100	0.240	0.225	0.106	0.118	0.095	0.096	0.261	0.232	0.149	0.104	0.249	0.214	0.097	0.145	0.097	0.099	0.093	0.095	0.217	0.122	0.099	0.100	0.221	0.249	0.099	0.206	0.208	0.222	0.093	0.094	0.099	0.235	0.225	0.234	0.249	0.101	0.100	0.222	0.220	0.117	0.093	0.095	0.095	0.095	0.093	0.093	0.093	0.094	0.094	0.094	0.094	0.094	0.093
72:01:14	19.5	0.093	0.093	0.093	0.095	0.095	0.094	0.093	0.092	0.092	0.092	0.094	0.095	0.092	0.257	0.098	0.260	0.238	0.164	0.243	0.099	0.224	0.148	0.147	0.095	0.093	0.210	0.258	0.130	0.106	0.102	0.253	0.231	0.220	0.212	0.215	0.095	0.094	0.097	0.228	0.228	0.227	0.098	0.100	0.245	0.227	0.106	0.117	0.095	0.096	0.259	0.234	0.152	0.106	0.253	0.213	0.097	0.148	0.097	0.099	0.093	0.095	0.219	0.126	0.099	0.100	0.222	0.255	0.099	0.206	0.209	0.223	0.094	0.093	0.098	0.237	0.226	0.236	0.254	0.101	0.100	0.223	0.222	0.117	0.093	0.095	0.095	0.095	0.093	0.093	0.093	0.094	0.093	0.094	0.094	0.094	0.093

