Time	T° 600	A1	A2	A3	A4	A5	A6	A7	A8	A9	A10	A11	A12	B1	B2	B3	B4	B5	B6	B7	B8	B9	B10	B11	B12	C1	C2	C3	C4	C5	C6	C7	C8	C9	C10	C11	C12	D1	D2	D3	D4	D5	D6	D7	D8	D9	D10	D11	D12	E1	E2	E3	E4	E5	E6	E7	E8	E9	E10	E11	E12	F1	F2	F3	F4	F5	F6	F7	F8	F9	F10	F11	F12	G1	G2	G3	G4	G5	G6	G7	G8	G9	G10	G11	G12	H1	H2	H3	H4	H5	H6	H7	H8	H9	H10	H11	H12
0:00:06	19.0	0.091	0.091	0.091	0.094	0.092	0.091	0.091	0.091	0.091	0.091	0.092	0.093	0.091	0.095	0.095	0.095	0.095	0.096	0.096	0.098	0.097	0.098	0.096	0.092	0.092	0.095	0.096	0.097	0.097	0.096	0.096	0.097	0.100	0.097	0.099	0.092	0.092	0.094	0.096	0.095	0.094	0.096	0.097	0.096	0.098	0.098	0.096	0.092	0.093	0.097	0.095	0.098	0.098	0.096	0.095	0.095	0.095	0.095	0.096	0.090	0.093	0.096	0.099	0.097	0.096	0.095	0.100	0.096	0.097	0.094	0.095	0.090	0.091	0.095	0.098	0.095	0.095	0.096	0.096	0.097	0.097	0.096	0.095	0.090	0.094	0.092	0.094	0.090	0.090	0.090	0.090	0.091	0.091	0.091	0.091	0.090
1:00:04	19.3	0.091	0.092	0.091	0.095	0.093	0.092	0.092	0.091	0.091	0.091	0.093	0.094	0.091	0.096	0.097	0.097	0.098	0.099	0.098	0.099	0.098	0.100	0.098	0.094	0.092	0.097	0.098	0.099	0.098	0.098	0.097	0.098	0.101	0.099	0.100	0.094	0.093	0.097	0.097	0.095	0.096	0.096	0.096	0.098	0.099	0.100	0.098	0.094	0.094	0.099	0.096	0.099	0.099	0.097	0.096	0.095	0.097	0.097	0.097	0.091	0.094	0.097	0.100	0.098	0.098	0.097	0.099	0.099	0.098	0.096	0.097	0.091	0.092	0.098	0.099	0.097	0.097	0.097	0.097	0.099	0.099	0.098	0.098	0.091	0.094	0.094	0.094	0.091	0.091	0.091	0.092	0.092	0.092	0.092	0.092	0.092
2:00:05	19.3	0.091	0.092	0.099	0.095	0.093	0.092	0.092	0.092	0.092	0.092	0.094	0.094	0.091	0.097	0.098	0.099	0.100	0.100	0.099	0.100	0.099	0.102	0.098	0.094	0.093	0.099	0.099	0.100	0.098	0.099	0.098	0.099	0.103	0.100	0.102	0.095	0.093	0.098	0.098	0.096	0.097	0.098	0.097	0.100	0.099	0.101	0.099	0.094	0.095	0.101	0.097	0.101	0.100	0.098	0.098	0.096	0.098	0.098	0.099	0.092	0.094	0.098	0.102	0.100	0.100	0.098	0.101	0.101	0.098	0.098	0.098	0.092	0.092	0.099	0.100	0.098	0.098	0.099	0.099	0.100	0.100	0.099	0.099	0.092	0.095	0.094	0.095	0.092	0.092	0.092	0.093	0.093	0.093	0.093	0.093	0.092
3:00:06	19.3	0.092	0.092	0.092	0.095	0.093	0.092	0.092	0.092	0.092	0.092	0.094	0.095	0.091	0.097	0.100	0.101	0.102	0.103	0.100	0.102	0.099	0.103	0.099	0.094	0.093	0.100	0.100	0.101	0.099	0.099	0.098	0.101	0.106	0.100	0.104	0.095	0.093	0.100	0.100	0.096	0.100	0.099	0.099	0.102	0.100	0.103	0.100	0.095	0.095	0.102	0.098	0.103	0.100	0.099	0.100	0.096	0.100	0.100	0.101	0.092	0.095	0.099	0.103	0.102	0.102	0.098	0.102	0.102	0.098	0.098	0.099	0.092	0.093	0.101	0.100	0.098	0.098	0.101	0.099	0.102	0.102	0.101	0.101	0.092	0.095	0.094	0.095	0.092	0.092	0.092	0.093	0.093	0.093	0.093	0.093	0.093
4:00:08	19.3	0.091	0.092	0.092	0.095	0.093	0.092	0.092	0.092	0.092	0.092	0.094	0.094	0.092	0.097	0.102	0.103	0.105	0.107	0.100	0.104	0.099	0.106	0.099	0.094	0.092	0.103	0.100	0.104	0.099	0.100	0.098	0.104	0.109	0.100	0.107	0.095	0.093	0.102	0.102	0.096	0.102	0.102	0.102	0.105	0.101	0.106	0.102	0.095	0.095	0.105	0.098	0.105	0.101	0.099	0.103	0.096	0.103	0.103	0.104	0.092	0.094	0.100	0.106	0.104	0.105	0.099	0.105	0.105	0.098	0.099	0.099	0.092	0.093	0.104	0.100	0.098	0.098	0.104	0.100	0.105	0.105	0.105	0.105	0.092	0.095	0.094	0.095	0.092	0.092	0.092	0.093	0.093	0.093	0.093	0.093	0.092
5:00:08	19.3	0.092	0.093	0.092	0.096	0.093	0.093	0.092	0.092	0.092	0.093	0.094	0.095	0.092	0.098	0.107	0.109	0.110	0.113	0.101	0.109	0.100	0.113	0.099	0.095	0.093	0.108	0.101	0.109	0.099	0.100	0.098	0.109	0.114	0.101	0.113	0.095	0.093	0.107	0.107	0.097	0.108	0.107	0.106	0.110	0.102	0.112	0.103	0.095	0.095	0.110	0.099	0.110	0.101	0.100	0.110	0.096	0.109	0.109	0.110	0.093	0.095	0.101	0.111	0.110	0.110	0.099	0.109	0.111	0.098	0.100	0.100	0.092	0.093	0.108	0.101	0.098	0.098	0.109	0.101	0.111	0.111	0.111	0.110	0.093	0.095	0.094	0.095	0.092	0.092	0.092	0.093	0.093	0.094	0.093	0.094	0.093
6:00:08	19.3	0.092	0.093	0.092	0.096	0.094	0.093	0.093	0.092	0.092	0.093	0.095	0.095	0.092	0.098	0.115	0.118	0.119	0.125	0.102	0.117	0.101	0.123	0.100	0.095	0.093	0.116	0.102	0.117	0.100	0.101	0.098	0.118	0.124	0.101	0.122	0.095	0.093	0.116	0.114	0.097	0.116	0.116	0.114	0.118	0.103	0.122	0.104	0.095	0.095	0.119	0.100	0.119	0.101	0.100	0.120	0.097	0.118	0.119	0.121	0.093	0.095	0.101	0.118	0.118	0.118	0.100	0.116	0.120	0.099	0.101	0.100	0.092	0.093	0.116	0.101	0.098	0.099	0.117	0.103	0.121	0.120	0.121	0.121	0.093	0.096	0.095	0.095	0.093	0.092	0.092	0.093	0.093	0.094	0.094	0.094	0.093
7:00:11	19.2	0.092	0.093	0.092	0.096	0.094	0.093	0.093	0.092	0.093	0.093	0.094	0.095	0.092	0.098	0.129	0.133	0.135	0.144	0.103	0.133	0.101	0.140	0.100	0.095	0.093	0.130	0.103	0.131	0.099	0.102	0.099	0.134	0.140	0.101	0.139	0.095	0.094	0.130	0.127	0.097	0.132	0.131	0.130	0.133	0.105	0.139	0.106	0.095	0.095	0.133	0.100	0.133	0.101	0.101	0.138	0.097	0.134	0.137	0.140	0.093	0.095	0.102	0.131	0.133	0.134	0.100	0.128	0.137	0.099	0.102	0.101	0.092	0.093	0.129	0.101	0.099	0.099	0.133	0.104	0.138	0.138	0.139	0.140	0.093	0.096	0.095	0.095	0.093	0.092	0.092	0.093	0.093	0.094	0.094	0.094	0.093
8:00:12	19.2	0.092	0.093	0.092	0.096	0.094	0.093	0.093	0.092	0.093	0.093	0.094	0.095	0.092	0.098	0.153	0.159	0.159	0.175	0.104	0.158	0.102	0.169	0.100	0.095	0.093	0.152	0.105	0.154	0.100	0.102	0.099	0.160	0.168	0.101	0.167	0.095	0.094	0.154	0.150	0.097	0.159	0.156	0.157	0.159	0.106	0.169	0.108	0.095	0.095	0.157	0.101	0.157	0.101	0.101	0.168	0.097	0.161	0.167	0.170	0.093	0.095	0.103	0.153	0.156	0.159	0.101	0.147	0.166	0.099	0.103	0.102	0.092	0.093	0.149	0.101	0.099	0.099	0.159	0.106	0.168	0.168	0.169	0.171	0.093	0.095	0.095	0.095	0.092	0.092	0.093	0.093	0.093	0.094	0.094	0.094	0.093
9:00:13	19.1	0.092	0.093	0.093	0.096	0.094	0.093	0.093	0.093	0.093	0.093	0.095	0.095	0.092	0.099	0.187	0.197	0.200	0.222	0.105	0.197	0.102	0.212	0.100	0.095	0.093	0.188	0.107	0.193	0.100	0.103	0.099	0.201	0.212	0.101	0.210	0.095	0.094	0.190	0.186	0.098	0.205	0.197	0.198	0.200	0.108	0.209	0.111	0.095	0.095	0.192	0.102	0.189	0.102	0.102	0.217	0.097	0.200	0.211	0.214	0.093	0.095	0.105	0.190	0.190	0.198	0.102	0.176	0.212	0.099	0.105	0.102	0.093	0.093	0.182	0.101	0.099	0.099	0.201	0.108	0.215	0.216	0.210	0.217	0.093	0.096	0.095	0.095	0.093	0.093	0.093	0.094	0.094	0.094	0.094	0.094	0.093
10:00:14	19.0	0.092	0.093	0.092	0.096	0.094	0.093	0.093	0.092	0.093	0.093	0.094	0.095	0.092	0.099	0.223	0.232	0.228	0.264	0.105	0.240	0.103	0.251	0.100	0.095	0.093	0.219	0.108	0.224	0.100	0.103	0.099	0.239	0.256	0.101	0.247	0.095	0.094	0.225	0.221	0.097	0.246	0.225	0.235	0.232	0.111	0.249	0.114	0.095	0.095	0.228	0.102	0.223	0.101	0.102	0.254	0.097	0.237	0.246	0.252	0.093	0.095	0.106	0.228	0.227	0.237	0.102	0.203	0.257	0.098	0.106	0.102	0.092	0.093	0.217	0.101	0.099	0.099	0.235	0.110	0.257	0.258	0.245	0.257	0.093	0.095	0.095	0.095	0.092	0.092	0.093	0.094	0.094	0.094	0.094	0.094	0.093
11:00:15	19.0	0.092	0.093	0.093	0.096	0.094	0.093	0.093	0.093	0.093	0.093	0.095	0.095	0.093	0.099	0.258	0.261	0.261	0.304	0.107	0.268	0.104	0.285	0.100	0.095	0.093	0.262	0.111	0.257	0.100	0.105	0.099	0.277	0.294	0.101	0.302	0.095	0.094	0.261	0.252	0.098	0.278	0.257	0.286	0.262	0.114	0.292	0.117	0.095	0.095	0.262	0.103	0.253	0.102	0.102	0.293	0.097	0.277	0.293	0.296	0.093	0.095	0.108	0.254	0.262	0.271	0.103	0.235	0.297	0.099	0.108	0.103	0.093	0.093	0.246	0.102	0.099	0.099	0.277	0.113	0.300	0.294	0.280	0.290	0.093	0.096	0.095	0.095	0.093	0.093	0.093	0.094	0.093	0.094	0.094	0.094	0.093
12:00:16	18.9	0.092	0.093	0.093	0.096	0.094	0.093	0.093	0.093	0.093	0.093	0.095	0.095	0.092	0.099	0.311	0.321	0.305	0.359	0.108	0.303	0.104	0.343	0.100	0.095	0.093	0.302	0.114	0.295	0.100	0.105	0.099	0.335	0.354	0.101	0.366	0.096	0.094	0.295	0.287	0.098	0.323	0.287	0.320	0.310	0.117	0.348	0.121	0.095	0.095	0.299	0.105	0.286	0.102	0.102	0.336	0.098	0.328	0.347	0.362	0.093	0.095	0.109	0.288	0.290	0.305	0.104	0.271	0.349	0.099	0.111	0.104	0.093	0.093	0.289	0.102	0.099	0.099	0.323	0.116	0.351	0.347	0.348	0.355	0.093	0.096	0.095	0.095	0.093	0.093	0.093	0.094	0.094	0.094	0.094	0.094	0.093
13:00:17	18.8	0.092	0.093	0.093	0.096	0.094	0.093	0.093	0.092	0.093	0.094	0.095	0.095	0.092	0.100	0.366	0.371	0.349	0.388	0.109	0.340	0.105	0.395	0.100	0.095	0.093	0.340	0.117	0.337	0.100	0.106	0.099	0.372	0.402	0.102	0.398	0.095	0.094	0.353	0.355	0.098	0.358	0.356	0.351	0.369	0.121	0.385	0.125	0.095	0.096	0.360	0.106	0.332	0.102	0.103	0.371	0.098	0.371	0.389	0.398	0.093	0.095	0.111	0.346	0.335	0.357	0.105	0.299	0.393	0.099	0.113	0.105	0.093	0.093	0.331	0.102	0.099	0.100	0.368	0.121	0.389	0.387	0.395	0.398	0.093	0.095	0.095	0.095	0.093	0.093	0.093	0.094	0.094	0.094	0.094	0.094	0.094
14:00:17	18.8	0.092	0.093	0.092	0.096	0.094	0.093	0.093	0.092	0.093	0.093	0.094	0.095	0.093	0.100	0.406	0.420	0.396	0.432	0.111	0.390	0.106	0.432	0.100	0.095	0.093	0.383	0.121	0.385	0.100	0.107	0.099	0.406	0.428	0.101	0.431	0.095	0.094	0.384	0.381	0.098	0.389	0.393	0.386	0.397	0.126	0.422	0.130	0.095	0.095	0.392	0.107	0.364	0.102	0.103	0.400	0.098	0.404	0.422	0.434	0.093	0.095	0.113	0.377	0.380	0.395	0.105	0.332	0.424	0.099	0.116	0.105	0.092	0.093	0.374	0.102	0.099	0.099	0.403	0.126	0.430	0.424	0.424	0.429	0.093	0.096	0.095	0.095	0.093	0.093	0.093	0.094	0.094	0.094	0.094	0.094	0.093
15:00:19	18.7	0.092	0.093	0.093	0.096	0.094	0.093	0.093	0.093	0.093	0.093	0.095	0.095	0.093	0.100	0.459	0.450	0.470	0.498	0.112	0.423	0.107	0.513	0.100	0.095	0.093	0.419	0.126	0.436	0.100	0.108	0.099	0.459	0.541	0.102	0.525	0.095	0.094	0.465	0.433	0.098	0.443	0.466	0.412	0.498	0.131	0.518	0.136	0.095	0.096	0.468	0.108	0.432	0.102	0.103	0.496	0.098	0.501	0.493	0.513	0.093	0.095	0.116	0.460	0.461	0.496	0.106	0.356	0.505	0.099	0.119	0.106	0.093	0.093	0.455	0.102	0.099	0.100	0.484	0.134	0.538	0.518	0.520	0.524	0.093	0.096	0.095	0.096	0.093	0.093	0.093	0.094	0.093	0.094	0.094	0.094	0.093
16:00:19	18.9	0.092	0.093	0.093	0.097	0.094	0.093	0.093	0.093	0.093	0.093	0.095	0.095	0.093	0.100	0.446	0.506	0.503	0.510	0.114	0.425	0.107	0.504	0.101	0.095	0.093	0.484	0.132	0.450	0.100	0.109	0.099	0.458	0.532	0.102	0.508	0.095	0.094	0.476	0.436	0.098	0.422	0.474	0.414	0.511	0.137	0.504	0.144	0.095	0.096	0.488	0.110	0.452	0.102	0.104	0.503	0.098	0.515	0.509	0.517	0.093	0.095	0.118	0.470	0.477	0.499	0.108	0.399	0.530	0.099	0.124	0.107	0.093	0.093	0.484	0.102	0.100	0.100	0.473	0.143	0.530	0.536	0.547	0.535	0.093	0.095	0.095	0.095	0.093	0.093	0.093	0.094	0.094	0.094	0.094	0.094	0.093
17:00:21	19.0	0.093	0.093	0.093	0.096	0.094	0.093	0.093	0.092	0.093	0.093	0.095	0.095	0.093	0.100	0.456	0.501	0.507	0.507	0.116	0.449	0.108	0.502	0.100	0.095	0.093	0.495	0.138	0.460	0.100	0.110	0.099	0.469	0.513	0.102	0.488	0.095	0.093	0.481	0.459	0.098	0.453	0.467	0.430	0.501	0.144	0.493	0.154	0.095	0.095	0.489	0.111	0.481	0.102	0.104	0.491	0.098	0.501	0.497	0.499	0.093	0.095	0.121	0.480	0.492	0.503	0.109	0.428	0.494	0.099	0.129	0.108	0.092	0.093	0.512	0.102	0.100	0.100	0.481	0.153	0.498	0.516	0.515	0.512	0.093	0.095	0.095	0.095	0.093	0.093	0.093	0.094	0.094	0.094	0.094	0.094	0.093
18:00:22	19.2	0.093	0.094	0.093	0.097	0.094	0.093	0.093	0.093	0.093	0.093	0.095	0.095	0.093	0.100	0.496	0.533	0.539	0.534	0.119	0.513	0.110	0.537	0.100	0.095	0.093	0.534	0.146	0.502	0.100	0.112	0.099	0.512	0.559	0.102	0.520	0.095	0.094	0.515	0.501	0.098	0.492	0.506	0.481	0.523	0.154	0.533	0.166	0.095	0.096	0.520	0.113	0.512	0.102	0.105	0.524	0.098	0.527	0.525	0.525	0.093	0.095	0.125	0.518	0.532	0.540	0.110	0.464	0.513	0.099	0.134	0.110	0.093	0.093	0.531	0.102	0.100	0.100	0.513	0.165	0.521	0.524	0.537	0.536	0.093	0.096	0.095	0.095	0.093	0.092	0.093	0.094	0.094	0.094	0.094	0.094	0.093
19:00:22	19.3	0.092	0.094	0.093	0.095	0.094	0.093	0.093	0.093	0.093	0.093	0.095	0.097	0.093	0.100	0.555	0.595	0.601	0.598	0.121	0.592	0.111	0.614	0.100	0.095	0.093	0.590	0.157	0.562	0.100	0.113	0.099	0.571	0.638	0.102	0.604	0.095	0.094	0.571	0.552	0.098	0.549	0.563	0.557	0.583	0.166	0.607	0.181	0.095	0.096	0.573	0.115	0.569	0.102	0.105	0.580	0.098	0.589	0.594	0.600	0.093	0.095	0.130	0.574	0.581	0.596	0.112	0.523	0.581	0.099	0.141	0.112	0.093	0.094	0.574	0.102	0.100	0.100	0.570	0.179	0.595	0.586	0.614	0.622	0.093	0.095	0.095	0.096	0.093	0.093	0.093	0.094	0.094	0.094	0.094	0.094	0.093
20:00:26	19.5	0.092	0.093	0.093	0.096	0.094	0.093	0.093	0.092	0.093	0.093	0.094	0.095	0.092	0.101	0.624	0.657	0.657	0.657	0.123	0.655	0.111	0.677	0.100	0.095	0.093	0.653	0.169	0.621	0.100	0.114	0.099	0.635	0.699	0.102	0.676	0.095	0.094	0.637	0.618	0.098	0.619	0.628	0.620	0.653	0.179	0.684	0.197	0.095	0.095	0.653	0.117	0.639	0.102	0.106	0.647	0.098	0.658	0.671	0.688	0.093	0.095	0.135	0.639	0.657	0.668	0.113	0.583	0.658	0.099	0.149	0.113	0.093	0.093	0.640	0.102	0.100	0.099	0.652	0.199	0.674	0.666	0.693	0.702	0.093	0.095	0.095	0.095	0.093	0.092	0.093	0.094	0.093	0.094	0.094	0.094	0.093
21:00:25	19.9	0.092	0.093	0.093	0.096	0.094	0.093	0.093	0.092	0.093	0.093	0.095	0.095	0.093	0.101	0.678	0.707	0.706	0.706	0.127	0.712	0.113	0.732	0.100	0.095	0.093	0.704	0.184	0.677	0.100	0.115	0.099	0.696	0.749	0.102	0.734	0.095	0.094	0.691	0.676	0.098	0.675	0.682	0.684	0.707	0.192	0.741	0.216	0.095	0.095	0.708	0.119	0.697	0.102	0.107	0.698	0.098	0.710	0.728	0.743	0.093	0.095	0.142	0.695	0.704	0.719	0.115	0.631	0.719	0.099	0.157	0.116	0.093	0.093	0.700	0.102	0.100	0.099	0.704	0.219	0.733	0.726	0.746	0.758	0.093	0.095	0.095	0.095	0.093	0.092	0.093	0.094	0.094	0.094	0.094	0.094	0.093
22:00:26	20.3	0.092	0.093	0.092	0.095	0.094	0.093	0.093	0.092	0.092	0.093	0.094	0.095	0.092	0.101	0.738	0.762	0.767	0.763	0.131	0.772	0.114	0.789	0.100	0.094	0.093	0.756	0.207	0.731	0.100	0.117	0.099	0.757	0.798	0.102	0.788	0.095	0.093	0.749	0.731	0.098	0.737	0.747	0.744	0.763	0.207	0.795	0.237	0.095	0.095	0.759	0.123	0.756	0.102	0.108	0.761	0.098	0.763	0.783	0.800	0.093	0.095	0.152	0.751	0.761	0.777	0.117	0.677	0.775	0.099	0.169	0.119	0.092	0.093	0.762	0.102	0.100	0.100	0.766	0.240	0.795	0.783	0.802	0.817	0.093	0.095	0.095	0.095	0.093	0.092	0.092	0.094	0.093	0.094	0.094	0.094	0.093
23:00:26	20.6	0.092	0.093	0.092	0.095	0.094	0.093	0.093	0.092	0.092	0.093	0.094	0.095	0.092	0.101	0.801	0.815	0.828	0.825	0.137	0.834	0.116	0.848	0.100	0.095	0.093	0.817	0.217	0.793	0.100	0.120	0.099	0.824	0.858	0.102	0.847	0.095	0.093	0.812	0.790	0.098	0.801	0.815	0.813	0.825	0.230	0.855	0.268	0.095	0.095	0.819	0.127	0.822	0.102	0.109	0.825	0.098	0.820	0.842	0.862	0.093	0.095	0.161	0.811	0.817	0.836	0.120	0.727	0.834	0.100	0.184	0.121	0.092	0.093	0.823	0.102	0.100	0.100	0.828	0.245	0.854	0.847	0.862	0.885	0.093	0.095	0.095	0.095	0.093	0.092	0.092	0.094	0.093	0.094	0.094	0.094	0.093
24:00:27	20.8	0.092	0.093	0.093	0.096	0.094	0.093	0.093	0.093	0.093	0.093	0.095	0.095	0.092	0.101	0.870	0.879	0.896	0.892	0.143	0.903	0.119	0.649	0.100	0.095	0.093	0.881	0.234	0.864	0.100	0.123	0.100	0.892	1.054	0.102	0.921	0.095	0.094	0.880	0.855	0.099	0.870	0.889	0.891	0.892	0.240	0.932	0.274	0.095	0.096	0.883	0.132	0.893	0.103	0.111	0.894	0.099	0.884	0.911	0.937	0.093	0.095	0.173	0.875	0.884	0.901	0.124	0.827	0.899	0.100	0.203	0.125	0.093	0.093	0.886	0.102	0.100	0.100	0.896	0.247	0.918	0.912	0.943	1.051	0.093	0.096	0.095	0.095	0.093	0.093	0.093	0.094	0.093	0.094	0.094	0.094	0.093
25:00:29	20.7	0.092	0.093	0.093	0.097	0.094	0.093	0.093	0.092	0.093	0.093	0.095	0.095	0.092	0.102	1.032	1.021	0.940	0.919	0.151	1.012	0.122	0.967	0.100	0.095	0.093	0.936	0.252	0.959	0.101	0.126	0.100	1.016	1.086	0.103	0.993	0.095	0.094	0.992	0.954	0.099	1.057	0.995	1.021	1.065	0.243	1.045	0.293	0.095	0.096	0.923	0.137	1.045	0.103	0.112	1.016	0.099	1.061	1.064	1.110	0.093	0.095	0.185	0.966	1.033	1.062	0.128	0.755	1.050	0.100	0.229	0.128	0.093	0.093	0.897	0.102	0.100	0.100	1.075	0.263	1.024	1.073	1.044	1.144	0.093	0.096	0.095	0.095	0.093	0.093	0.093	0.094	0.094	0.094	0.094	0.094	0.093
26:00:29	20.4	0.092	0.094	0.093	0.096	0.094	0.093	0.093	0.092	0.093	0.093	0.094	0.095	0.092	0.102	1.093	1.091	1.074	1.068	0.160	1.076	0.127	1.093	0.101	0.095	0.093	1.083	0.270	1.069	0.101	0.131	0.100	1.087	1.051	0.103	1.089	0.095	0.094	1.080	1.056	0.099	1.071	1.061	1.105	1.099	0.287	1.116	0.311	0.095	0.096	1.047	0.145	1.092	0.103	0.114	1.093	0.099	1.112	1.105	1.134	0.093	0.095	0.195	1.073	1.113	1.094	0.134	0.800	1.106	0.100	0.252	0.131	0.093	0.093	1.091	0.103	0.100	0.100	1.114	0.288	1.124	1.136	1.113	1.094	0.093	0.095	0.095	0.095	0.093	0.093	0.093	0.094	0.094	0.094	0.094	0.094	0.093
27:00:30	20.1	0.092	0.093	0.093	0.096	0.094	0.093	0.093	0.092	0.092	0.093	0.094	0.095	0.093	0.102	1.069	1.059	1.074	1.070	0.172	1.088	0.133	1.090	0.101	0.095	0.093	1.090	0.301	1.079	0.101	0.136	0.100	1.085	1.055	0.103	1.078	0.095	0.093	1.076	1.074	0.099	1.063	1.071	1.087	1.090	0.297	1.090	0.313	0.095	0.095	1.094	0.155	1.087	0.103	0.116	1.087	0.099	1.100	1.091	1.111	0.093	0.095	0.215	1.102	1.094	1.083	0.141	0.867	1.095	0.100	0.254	0.133	0.092	0.093	1.121	0.103	0.101	0.101	1.104	0.306	1.114	1.119	1.108	1.086	0.093	0.095	0.095	0.095	0.093	0.092	0.093	0.095	0.094	0.094	0.094	0.094	0.093
28:00:31	19.9	0.092	0.093	0.093	0.097	0.094	0.093	0.093	0.093	0.093	0.093	0.094	0.095	0.092	0.103	1.076	1.062	1.082	1.079	0.184	1.099	0.140	1.091	0.101	0.095	0.093	1.098	0.342	1.091	0.101	0.142	0.100	1.093	1.062	0.103	1.080	0.095	0.094	1.080	1.087	0.099	1.072	1.080	1.094	1.097	0.326	1.090	0.318	0.095	0.096	1.102	0.165	1.093	0.103	0.119	1.098	0.099	1.105	1.092	1.109	0.093	0.095	0.212	1.113	1.099	1.088	0.149	0.901	1.100	0.101	0.264	0.136	0.093	0.093	1.129	0.103	0.101	0.101	1.109	0.322	1.117	1.120	1.110	1.089	0.093	0.095	0.095	0.095	0.093	0.093	0.093	0.095	0.094	0.094	0.094	0.094	0.093
29:00:32	19.7	0.093	0.094	0.093	0.097	0.094	0.094	0.093	0.093	0.093	0.093	0.094	0.095	0.093	0.103	1.083	1.071	1.085	1.085	0.198	1.105	0.148	1.096	0.102	0.095	0.093	1.101	0.360	1.102	0.101	0.150	0.101	1.110	1.075	0.104	1.090	0.096	0.094	1.086	1.100	0.100	1.084	1.090	1.106	1.101	0.346	1.099	0.323	0.095	0.096	1.107	0.177	1.100	0.103	0.121	1.109	0.100	1.105	1.101	1.118	0.093	0.095	0.212	1.121	1.112	1.099	0.159	0.926	1.114	0.101	0.262	0.139	0.093	0.094	1.134	0.103	0.101	0.101	1.114	0.337	1.125	1.127	1.117	1.097	0.093	0.096	0.096	0.095	0.093	0.093	0.093	0.095	0.094	0.095	0.094	0.094	0.094
30:00:33	19.6	0.093	0.094	0.093	0.097	0.094	0.093	0.093	0.093	0.093	0.093	0.095	0.095	0.093	0.103	1.095	1.083	1.098	1.096	0.210	1.118	0.157	1.106	0.102	0.095	0.093	1.110	0.368	1.112	0.102	0.159	0.101	1.120	1.089	0.104	1.102	0.096	0.094	1.095	1.110	0.100	1.095	1.100	1.117	1.115	0.361	1.111	0.347	0.095	0.096	1.115	0.189	1.109	0.104	0.124	1.121	0.100	1.117	1.111	1.127	0.093	0.095	0.230	1.131	1.120	1.108	0.171	0.954	1.123	0.101	0.277	0.144	0.093	0.093	1.140	0.103	0.101	0.101	1.121	0.342	1.134	1.136	1.126	1.109	0.094	0.096	0.096	0.096	0.093	0.093	0.093	0.095	0.094	0.095	0.094	0.094	0.094
31:00:34	19.5	0.093	0.094	0.093	0.097	0.094	0.093	0.094	0.093	0.093	0.093	0.095	0.095	0.093	0.104	1.109	1.096	1.114	1.113	0.224	1.133	0.168	1.121	0.102	0.095	0.093	1.121	0.380	1.124	0.102	0.170	0.101	1.132	1.116	0.105	1.115	0.095	0.094	1.105	1.120	0.100	1.106	1.113	1.129	1.129	0.370	1.126	0.358	0.096	0.096	1.123	0.206	1.120	0.104	0.126	1.133	0.101	1.130	1.121	1.139	0.093	0.095	0.259	1.143	1.127	1.116	0.184	0.974	1.134	0.101	0.306	0.150	0.093	0.094	1.146	0.104	0.102	0.102	1.133	0.356	1.145	1.149	1.138	1.124	0.094	0.096	0.096	0.096	0.093	0.093	0.093	0.095	0.094	0.095	0.094	0.094	0.094
32:00:34	19.5	0.093	0.094	0.093	0.097	0.094	0.094	0.093	0.093	0.093	0.093	0.095	0.095	0.093	0.104	1.119	1.108	1.122	1.124	0.237	1.141	0.180	1.132	0.102	0.095	0.093	1.129	0.420	1.134	0.102	0.183	0.101	1.145	1.173	0.105	1.126	0.096	0.094	1.113	1.129	0.100	1.116	1.121	1.141	1.137	0.390	1.137	0.375	0.095	0.096	1.130	0.208	1.129	0.104	0.130	1.143	0.101	1.138	1.133	1.151	0.093	0.095	0.300	1.151	1.138	1.128	0.202	0.939	1.146	0.102	0.323	0.157	0.093	0.093	1.152	0.104	0.102	0.102	1.142	0.377	1.155	1.158	1.151	1.147	0.093	0.096	0.096	0.096	0.093	0.093	0.094	0.095	0.094	0.095	0.094	0.094	0.094
33:00:36	19.5	0.092	0.094	0.093	0.096	0.094	0.093	0.093	0.093	0.093	0.093	0.094	0.095	0.093	0.104	1.127	1.119	1.130	1.134	0.257	1.148	0.193	1.140	0.102	0.095	0.093	1.140	0.472	1.141	0.102	0.196	0.101	1.155	1.125	0.105	1.136	0.095	0.094	1.119	1.137	0.100	1.125	1.129	1.148	1.145	0.449	1.147	0.433	0.095	0.096	1.134	0.206	1.141	0.104	0.134	1.151	0.102	1.142	1.142	1.161	0.093	0.095	0.324	1.158	1.145	1.140	0.221	0.947	1.152	0.102	0.338	0.166	0.093	0.093	1.158	0.104	0.102	0.102	1.152	0.420	1.165	1.164	1.161	1.161	0.093	0.096	0.096	0.095	0.093	0.093	0.093	0.095	0.094	0.095	0.094	0.094	0.093
34:00:36	19.5	0.093	0.093	0.093	0.095	0.095	0.094	0.093	0.093	0.093	0.093	0.095	0.095	0.092	0.105	1.136	1.127	1.140	1.146	0.300	1.157	0.208	1.150	0.102	0.095	0.093	1.152	0.536	1.148	0.102	0.209	0.102	1.163	1.134	0.106	1.146	0.096	0.094	1.129	1.145	0.101	1.130	1.137	1.154	1.152	0.513	1.155	0.507	0.095	0.096	1.140	0.227	1.150	0.105	0.138	1.158	0.102	1.149	1.148	1.169	0.093	0.095	0.351	1.164	1.150	1.147	0.237	0.974	1.157	0.102	0.359	0.176	0.093	0.094	1.164	0.104	0.102	0.102	1.158	0.489	1.170	1.170	1.186	1.165	0.094	0.096	0.096	0.095	0.093	0.093	0.093	0.095	0.094	0.095	0.094	0.094	0.094
35:00:37	19.5	0.093	0.094	0.093	0.097	0.094	0.094	0.093	0.093	0.093	0.094	0.095	0.095	0.093	0.106	1.142	1.131	1.148	1.154	0.320	1.162	0.230	1.157	0.103	0.095	0.093	1.158	0.598	1.152	0.103	0.216	0.102	1.167	1.129	0.106	1.152	0.096	0.094	1.136	1.150	0.101	1.134	1.143	1.156	1.154	0.574	1.161	0.570	0.095	0.096	1.146	0.252	1.156	0.105	0.143	1.161	0.103	1.153	1.153	1.175	0.094	0.095	0.376	1.167	1.154	1.150	0.253	0.987	1.159	0.103	0.382	0.188	0.093	0.093	1.169	0.104	0.102	0.102	1.164	0.555	1.175	1.178	1.198	1.174	0.094	0.096	0.096	0.096	0.093	0.093	0.093	0.095	0.094	0.095	0.095	0.094	0.094
36:00:37	19.5	0.093	0.094	0.093	0.096	0.094	0.093	0.093	0.093	0.093	0.093	0.095	0.096	0.092	0.106	1.142	1.131	1.149	1.156	0.334	1.167	0.255	1.163	0.103	0.095	0.093	1.162	0.650	1.154	0.103	0.207	0.102	1.170	1.129	0.107	1.160	0.096	0.094	1.137	1.152	0.101	1.136	1.144	1.159	1.157	0.626	1.171	0.626	0.096	0.096	1.149	0.285	1.157	0.105	0.150	1.160	0.103	1.161	1.158	1.183	0.093	0.095	0.396	1.172	1.155	1.153	0.265	1.001	1.166	0.103	0.436	0.202	0.093	0.093	1.183	0.104	0.102	0.102	1.187	0.614	1.182	1.207	1.198	1.174	0.093	0.095	0.096	0.095	0.093	0.093	0.093	0.095	0.094	0.095	0.094	0.094	0.093
37:00:39	19.5	0.093	0.094	0.093	0.096	0.095	0.093	0.093	0.093	0.093	0.093	0.095	0.096	0.093	0.107	1.144	1.129	1.157	1.165	0.349	1.170	0.274	1.167	0.103	0.095	0.093	1.165	0.697	1.155	0.103	0.208	0.102	1.174	1.132	0.108	1.107	0.096	0.094	1.145	1.157	0.102	1.137	1.149	1.163	1.160	0.673	1.186	0.674	0.095	0.096	1.157	0.315	1.162	0.105	0.159	1.163	0.104	1.176	1.179	1.130	0.093	0.095	0.426	1.177	1.159	1.157	0.263	1.010	1.194	0.103	0.500	0.217	0.093	0.094	1.202	0.105	0.103	0.103	1.166	0.662	1.203	1.180	1.188	1.173	0.094	0.096	0.096	0.096	0.093	0.093	0.094	0.095	0.094	0.095	0.095	0.094	0.094
38:00:40	19.5	0.093	0.094	0.093	0.096	0.095	0.094	0.093	0.093	0.093	0.094	0.095	0.095	0.093	0.108	1.147	1.132	1.160	1.166	0.369	1.178	0.264	1.091	0.103	0.095	0.094	1.170	0.743	1.158	0.104	0.229	0.103	1.176	1.149	0.108	1.174	0.096	0.094	1.148	1.162	0.102	1.140	1.151	1.170	1.164	0.718	1.134	0.716	0.096	0.096	1.161	0.345	1.164	0.106	0.167	1.164	0.105	1.205	1.139	1.195	0.093	0.096	0.458	1.187	1.164	1.162	0.262	1.023	1.162	0.104	0.560	0.232	0.093	0.094	1.167	0.105	0.103	0.103	1.197	0.707	1.177	1.206	1.180	1.175	0.094	0.096	0.096	0.095	0.093	0.093	0.093	0.095	0.094	0.095	0.094	0.095	0.094
39:00:41	19.5	0.093	0.094	0.093	0.096	0.095	0.094	0.093	0.093	0.093	0.093	0.095	0.095	0.093	0.109	1.149	1.136	1.166	1.169	0.397	1.192	0.280	1.106	0.103	0.095	0.093	1.175	0.788	1.161	0.104	0.263	0.103	1.178	1.175	0.109	1.188	0.096	0.094	1.152	1.170	0.102	1.144	1.154	1.178	1.173	0.760	1.172	0.754	0.095	0.096	1.167	0.372	1.167	0.106	0.179	1.167	0.106	1.158	1.159	1.206	0.093	0.095	0.497	1.200	1.175	1.171	0.272	1.025	1.185	0.105	0.610	0.249	0.093	0.094	1.189	0.105	0.103	0.103	1.196	0.747	1.208	1.200	1.177	1.178	0.094	0.096	0.096	0.095	0.093	0.093	0.093	0.095	0.094	0.095	0.094	0.095	0.093
40:00:42	19.5	0.093	0.094	0.093	0.096	0.095	0.094	0.093	0.093	0.093	0.093	0.095	0.095	0.093	0.109	1.154	1.140	1.185	1.174	0.417	1.206	0.287	1.157	0.104	0.095	0.093	1.181	0.831	1.166	0.104	0.295	0.104	1.182	1.213	0.111	1.179	0.096	0.094	1.161	1.180	0.103	1.152	1.159	1.189	1.101	0.801	1.174	0.794	0.096	0.096	1.177	0.401	1.174	0.106	0.195	1.173	0.108	1.172	1.176	1.200	0.093	0.095	0.547	1.218	1.120	1.188	0.284	0.999	1.189	0.106	0.658	0.262	0.093	0.094	1.200	0.105	0.103	0.103	1.187	0.785	1.210	1.196	1.179	1.183	0.093	0.095	0.095	0.095	0.093	0.093	0.093	0.096	0.094	0.094	0.094	0.094	0.093
41:00:43	19.6	0.093	0.094	0.093	0.096	0.095	0.093	0.093	0.093	0.093	0.093	0.094	0.096	0.092	0.111	1.163	1.148	1.130	1.100	0.461	1.150	0.315	1.191	0.104	0.095	0.093	1.196	0.844	1.182	0.105	0.320	0.104	1.194	1.243	0.112	1.174	0.096	0.094	1.177	1.199	0.104	1.169	1.174	1.209	1.155	0.843	1.175	0.839	0.095	0.096	1.204	0.436	1.189	0.106	0.214	1.189	0.110	1.179	1.175	1.198	0.093	0.095	0.597	1.172	1.168	1.154	0.302	0.983	1.185	0.107	0.702	0.272	0.093	0.094	1.202	0.106	0.104	0.103	1.185	0.828	1.209	1.191	1.185	1.192	0.094	0.096	0.095	0.095	0.093	0.093	0.093	0.096	0.094	0.095	0.095	0.095	0.094
42:00:44	19.8	0.093	0.094	0.093	0.095	0.094	0.094	0.093	0.093	0.093	0.093	0.095	0.095	0.093	0.112	1.181	1.173	1.173	1.142	0.509	1.182	0.336	1.192	0.104	0.095	0.093	1.232	0.958	1.110	0.106	0.340	0.105	1.127	1.181	0.113	1.173	0.096	0.094	1.203	1.147	0.105	1.208	1.198	1.125	1.182	0.857	1.180	0.974	0.095	0.096	1.186	0.465	1.224	0.107	0.238	1.171	0.112	1.179	1.173	1.198	0.093	0.095	0.650	1.198	1.193	1.196	0.325	0.989	1.180	0.107	0.744	0.282	0.093	0.094	1.206	0.106	0.104	0.104	1.188	1.063	1.208	1.194	1.190	1.207	0.093	0.095	0.096	0.095	0.093	0.093	0.094	0.095	0.094	0.095	0.095	0.094	0.093
43:00:45	20.1	0.093	0.094	0.093	0.096	0.094	0.093	0.093	0.093	0.093	0.093	0.095	0.095	0.092	0.113	1.100	1.202	1.191	1.179	0.562	1.190	0.353	1.200	0.104	0.095	0.093	1.193	0.975	1.139	0.107	0.360	0.105	1.188	1.178	0.115	1.176	0.095	0.094	1.182	1.155	0.105	1.157	1.159	1.144	1.190	1.003	1.184	1.033	0.095	0.096	1.209	0.518	1.186	0.108	0.255	1.167	0.115	1.180	1.173	1.203	0.093	0.095	0.697	1.208	1.195	1.199	0.337	1.010	1.185	0.109	0.783	0.296	0.093	0.093	1.213	0.106	0.104	0.104	1.195	1.053	1.212	1.201	1.199	1.198	0.093	0.095	0.095	0.095	0.093	0.092	0.093	0.096	0.094	0.094	0.094	0.094	0.094
44:00:52	20.4	0.093	0.094	0.093	0.096	0.094	0.094	0.093	0.093	0.093	0.093	0.095	0.096	0.092	0.115	1.149	1.129	1.189	1.204	0.614	1.196	0.373	1.210	0.105	0.095	0.093	1.216	0.988	1.147	0.108	0.380	0.106	1.195	1.182	0.118	1.187	0.095	0.094	1.194	1.175	0.107	1.183	1.194	1.177	1.201	1.006	1.187	1.011	0.095	0.096	1.214	0.565	1.216	0.108	0.264	1.215	0.120	1.183	1.178	1.211	0.093	0.095	0.742	1.216	1.195	1.196	0.358	1.020	1.192	0.110	0.825	0.291	0.093	0.094	1.221	0.106	0.105	0.104	1.203	1.026	1.218	1.208	1.210	1.229	0.093	0.096	0.095	0.095	0.093	0.093	0.093	0.095	0.094	0.095	0.094	0.094	0.093
45:00:46	20.7	0.092	0.093	0.093	0.095	0.094	0.093	0.093	0.093	0.093	0.093	0.094	0.095	0.092	0.117	1.171	1.183	1.191	1.208	0.663	1.214	0.405	1.229	0.105	0.095	0.093	1.220	0.995	1.199	0.109	0.412	0.107	1.224	1.191	0.121	1.200	0.095	0.094	1.205	1.210	0.108	1.186	1.198	1.199	1.204	1.007	1.197	1.006	0.095	0.096	1.216	0.612	1.223	0.109	0.261	1.220	0.125	1.189	1.191	1.222	0.093	0.095	0.779	1.217	1.201	1.199	0.383	1.028	1.204	0.112	1.043	0.298	0.093	0.093	1.226	0.106	0.105	0.104	1.211	1.022	1.227	1.219	1.237	1.254	0.093	0.095	0.095	0.095	0.093	0.093	0.093	0.095	0.094	0.095	0.094	0.094	0.093
46:00:47	20.9	0.093	0.094	0.093	0.096	0.094	0.093	0.093	0.093	0.093	0.093	0.095	0.096	0.093	0.120	1.208	1.197	1.204	1.213	0.709	1.235	0.440	1.244	0.106	0.095	0.093	1.222	0.999	1.227	0.112	0.459	0.109	1.233	1.204	0.126	1.214	0.095	0.094	1.214	1.218	0.111	1.192	1.212	1.214	1.211	1.006	1.210	1.000	0.095	0.096	1.217	0.663	1.224	0.111	0.273	1.222	0.134	1.202	1.209	1.233	0.093	0.095	0.823	1.222	1.217	1.208	0.417	1.037	1.218	0.116	0.960	0.308	0.093	0.094	1.233	0.107	0.106	0.105	1.223	1.017	1.240	1.234	1.291	1.270	0.094	0.095	0.096	0.095	0.093	0.093	0.093	0.095	0.094	0.094	0.094	0.094	0.093
47:00:48	21.0	0.092	0.093	0.092	0.095	0.094	0.093	0.093	0.092	0.093	0.093	0.094	0.095	0.092	0.123	1.228	1.208	1.233	1.231	0.751	1.249	0.488	1.267	0.106	0.095	0.093	1.231	1.005	1.231	0.114	0.512	0.110	1.239	1.225	0.133	1.228	0.095	0.093	1.217	1.222	0.113	1.204	1.226	1.224	1.223	1.009	1.229	1.001	0.095	0.096	1.224	0.712	1.231	0.112	0.284	1.229	0.146	1.218	1.225	1.249	0.093	0.095	1.055	1.232	1.238	1.226	0.462	1.053	1.234	0.120	1.022	0.327	0.092	0.093	1.245	0.108	0.106	0.106	1.238	1.015	1.257	1.249	1.274	1.276	0.093	0.095	0.095	0.095	0.093	0.092	0.093	0.095	0.094	0.094	0.094	0.094	0.093
48:00:49	21.0	0.092	0.093	0.093	0.095	0.094	0.093	0.093	0.093	0.093	0.093	0.095	0.095	0.092	0.126	1.233	1.224	1.251	1.258	0.793	1.260	0.543	1.287	0.107	0.095	0.093	1.243	1.009	1.236	0.117	0.568	0.113	1.248	1.247	0.143	1.243	0.095	0.094	1.226	1.230	0.117	1.218	1.239	1.235	1.242	1.014	1.248	1.002	0.095	0.096	1.234	0.754	1.244	0.114	0.296	1.240	0.161	1.235	1.242	1.266	0.093	0.095	0.963	1.248	1.255	1.238	0.517	1.063	1.252	0.128	1.003	0.344	0.093	0.094	1.268	0.109	0.108	0.107	1.265	1.013	1.274	1.280	1.306	1.279	0.093	0.095	0.095	0.095	0.093	0.093	0.093	0.095	0.094	0.094	0.094	0.094	0.093
49:00:50	21.0	0.092	0.093	0.093	0.096	0.094	0.093	0.093	0.093	0.093	0.093	0.095	0.095	0.093	0.131	1.239	1.239	1.264	1.281	0.874	1.278	0.591	1.303	0.108	0.095	0.093	1.260	1.019	1.248	0.122	0.624	0.117	1.260	1.276	0.154	1.267	0.095	0.094	1.240	1.243	0.123	1.237	1.252	1.253	1.260	1.019	1.277	1.009	0.095	0.096	1.250	0.793	1.262	0.116	0.314	1.257	0.178	1.258	1.264	1.291	0.093	0.095	1.010	1.264	1.271	1.253	0.568	1.039	1.276	0.138	0.993	0.375	0.093	0.093	1.315	0.110	0.108	0.108	1.319	1.018	1.295	1.321	1.312	1.288	0.093	0.095	0.095	0.095	0.093	0.093	0.093	0.095	0.094	0.095	0.095	0.094	0.093
50:00:51	20.8	0.093	0.094	0.093	0.096	0.094	0.093	0.093	0.093	0.093	0.093	0.095	0.095	0.092	0.138	1.262	1.259	1.286	1.298	0.917	1.298	0.643	1.323	0.110	0.095	0.093	1.277	1.029	1.266	0.128	0.678	0.123	1.281	1.315	0.171	1.193	0.096	0.094	1.259	1.265	0.130	1.253	1.268	1.273	1.282	1.030	1.313	1.019	0.095	0.096	1.270	0.869	1.280	0.119	0.336	1.277	0.208	1.290	1.298	1.258	0.093	0.095	1.007	1.283	1.288	1.271	0.620	1.044	1.313	0.153	0.993	0.412	0.093	0.093	1.279	0.111	0.110	0.109	1.292	1.026	1.300	1.325	1.318	1.303	0.093	0.096	0.095	0.095	0.093	0.093	0.093	0.095	0.094	0.095	0.094	0.094	0.094
51:00:52	20.6	0.093	0.094	0.093	0.096	0.094	0.094	0.093	0.092	0.093	0.093	0.095	0.095	0.093	0.146	1.285	1.274	1.305	1.311	0.997	1.318	0.696	1.342	0.112	0.096	0.093	1.296	1.040	1.284	0.137	0.725	0.129	1.297	1.356	0.195	1.274	0.096	0.094	1.275	1.282	0.141	1.268	1.282	1.292	1.300	1.041	1.353	1.030	0.095	0.096	1.285	0.989	1.295	0.123	0.368	1.294	0.244	1.328	1.349	1.315	0.093	0.095	1.000	1.308	1.308	1.289	0.673	1.063	1.383	0.175	1.000	0.448	0.093	0.094	1.319	0.113	0.111	0.111	1.322	1.035	1.294	1.354	1.322	1.320	0.093	0.095	0.095	0.095	0.093	0.093	0.093	0.095	0.094	0.095	0.094	0.094	0.093
52:00:53	20.3	0.094	0.093	0.093	0.096	0.095	0.093	0.093	0.092	0.092	0.093	0.095	0.095	0.092	0.156	1.299	1.288	1.325	1.332	0.997	1.339	0.755	1.266	0.113	0.095	0.093	1.312	1.053	1.300	0.148	0.770	0.139	1.312	1.407	0.223	1.327	0.095	0.094	1.291	1.303	0.155	1.283	1.298	1.316	1.321	1.052	1.278	1.040	0.095	0.096	1.303	0.991	1.312	0.128	0.409	1.312	0.283	1.322	1.293	1.378	0.093	0.095	1.002	1.332	1.328	1.311	0.724	1.078	1.328	0.212	1.007	0.490	0.093	0.093	1.351	0.114	0.113	0.114	1.342	1.045	1.357	1.361	1.327	1.336	0.093	0.095	0.095	0.095	0.093	0.093	0.093	0.095	0.094	0.095	0.094	0.094	0.093
53:00:54	20.1	0.094	0.094	0.093	0.096	0.095	0.094	0.093	0.093	0.093	0.094	0.095	0.095	0.093	0.169	1.313	1.302	1.344	1.350	1.000	1.361	0.855	1.254	0.116	0.095	0.093	1.332	1.064	1.318	0.163	0.839	0.152	1.329	1.421	0.257	1.347	0.096	0.094	1.308	1.325	0.173	1.300	1.313	1.337	1.343	1.063	1.327	1.052	0.095	0.096	1.324	0.987	1.328	0.135	0.449	1.328	0.316	1.313	1.342	1.379	0.093	0.095	1.004	1.359	1.355	1.332	0.773	1.097	1.344	0.246	1.018	0.545	0.093	0.094	1.364	0.116	0.115	0.117	1.347	1.057	1.373	1.363	1.334	1.355	0.094	0.096	0.095	0.095	0.093	0.093	0.093	0.095	0.094	0.095	0.094	0.094	0.093
54:00:55	20.0	0.093	0.093	0.093	0.096	0.095	0.094	0.093	0.093	0.093	0.094	0.095	0.095	0.092	0.184	1.330	1.316	1.366	1.367	1.003	1.385	0.809	1.263	0.119	0.095	0.093	1.352	1.078	1.336	0.184	0.875	0.169	1.347	1.347	0.280	1.354	0.095	0.094	1.326	1.348	0.199	1.318	1.329	1.360	1.366	1.076	1.345	1.066	0.095	0.096	1.348	0.978	1.347	0.143	0.498	1.345	0.311	1.342	1.347	1.380	0.093	0.095	1.007	1.391	1.268	1.358	0.885	1.126	1.367	0.267	1.029	0.592	0.093	0.094	1.377	0.118	0.117	0.120	1.348	1.070	1.388	1.365	1.344	1.375	0.093	0.096	0.096	0.095	0.093	0.093	0.093	0.095	0.094	0.095	0.094	0.094	0.094
55:00:54	19.8	0.093	0.094	0.093	0.096	0.095	0.094	0.093	0.093	0.093	0.094	0.095	0.095	0.093	0.198	1.348	1.334	1.295	1.385	1.009	1.413	0.877	1.286	0.123	0.096	0.093	1.372	1.093	1.354	0.211	0.952	0.191	1.365	1.349	0.282	1.357	0.096	0.094	1.347	1.369	0.222	1.339	1.347	1.381	1.392	1.087	1.358	1.081	0.095	0.096	1.377	0.975	1.365	0.154	0.551	1.364	0.332	1.347	1.357	1.383	0.094	0.095	1.016	1.372	1.316	1.358	0.882	1.144	1.367	0.275	1.039	0.645	0.093	0.094	1.384	0.121	0.120	0.125	1.353	1.083	1.391	1.368	1.356	1.403	0.093	0.096	0.096	0.095	0.093	0.093	0.093	0.096	0.094	0.094	0.095	0.095	0.094
56:00:57	19.6	0.093	0.093	0.093	0.096	0.094	0.093	0.093	0.093	0.093	0.093	0.095	0.095	0.092	0.215	1.368	1.352	1.318	1.248	1.018	1.324	0.925	1.377	0.127	0.095	0.093	1.399	1.109	1.374	0.236	0.962	0.218	1.383	1.359	0.304	1.359	0.095	0.094	1.369	1.393	0.231	1.363	1.365	1.405	1.317	1.103	1.363	1.097	0.095	0.096	1.417	0.976	1.387	0.169	0.599	1.382	0.323	1.363	1.375	1.384	0.093	0.095	1.021	1.350	1.344	1.337	0.941	1.172	1.372	0.283	1.052	0.702	0.093	0.093	1.389	0.124	0.124	0.129	1.359	1.100	1.393	1.374	1.368	1.341	0.093	0.095	0.095	0.095	0.093	0.093	0.093	0.096	0.094	0.095	0.094	0.094	0.093
57:00:59	19.5	0.092	0.093	0.093	0.096	0.094	0.093	0.093	0.093	0.093	0.093	0.095	0.095	0.092	0.228	1.389	1.374	1.344	1.299	1.026	1.335	0.950	1.393	0.131	0.095	0.093	1.314	1.126	1.397	0.239	0.966	0.247	1.404	1.366	0.286	1.365	0.095	0.094	1.395	1.423	0.238	1.391	1.386	1.429	1.338	1.117	1.369	1.110	0.095	0.096	1.329	0.981	1.414	0.189	0.646	1.405	0.331	1.368	1.377	1.391	0.093	0.095	1.031	1.370	1.381	1.368	0.970	1.198	1.377	0.292	1.065	0.775	0.093	0.094	1.397	0.127	0.128	0.135	1.369	1.116	1.399	1.382	1.382	1.404	0.093	0.095	0.095	0.095	0.093	0.093	0.093	0.095	0.094	0.094	0.094	0.094	0.093
58:00:59	19.5	0.092	0.093	0.093	0.096	0.094	0.093	0.093	0.093	0.093	0.093	0.095	0.095	0.092	0.239	1.409	1.396	1.377	1.337	1.034	1.367	0.951	1.397	0.137	0.095	0.093	1.349	1.144	1.421	0.256	0.967	0.248	1.427	1.375	0.295	1.373	0.095	0.094	1.337	1.327	0.243	1.328	1.299	1.330	1.373	1.131	1.387	1.124	0.095	0.096	1.370	0.989	1.349	0.213	0.700	1.330	0.344	1.373	1.383	1.399	0.093	0.095	1.044	1.373	1.388	1.388	0.976	1.202	1.382	0.308	1.079	0.859	0.093	0.093	1.406	0.132	0.133	0.142	1.381	1.130	1.407	1.391	1.397	1.414	0.093	0.095	0.095	0.095	0.093	0.093	0.093	0.095	0.094	0.094	0.094	0.094	0.093
59:00:59	19.5	0.093	0.093	0.093	0.096	0.094	0.093	0.093	0.092	0.093	0.093	0.094	0.095	0.092	0.238	1.297	1.313	1.387	1.360	1.046	1.385	0.948	1.408	0.144	0.095	0.093	1.379	1.157	1.436	0.266	0.961	0.254	1.339	1.386	0.314	1.384	0.096	0.094	1.350	1.353	0.256	1.341	1.320	1.346	1.390	1.145	1.393	1.135	0.095	0.096	1.397	0.998	1.367	0.239	0.768	1.342	0.363	1.383	1.389	1.407	0.093	0.095	1.050	1.389	1.393	1.390	0.969	1.243	1.393	0.332	1.096	0.817	0.093	0.094	1.417	0.138	0.139	0.150	1.393	1.143	1.417	1.404	1.421	1.426	0.093	0.095	0.095	0.095	0.093	0.093	0.093	0.095	0.094	0.094	0.094	0.094	0.093
60:01:00	19.5	0.092	0.093	0.093	0.095	0.094	0.093	0.093	0.092	0.093	0.093	0.094	0.095	0.093	0.239	1.342	1.327	1.412	1.382	1.058	1.399	0.951	1.420	0.151	0.095	0.093	1.407	1.172	1.352	0.274	0.965	0.274	1.392	1.394	0.337	1.397	0.095	0.094	1.388	1.367	0.271	1.383	1.384	1.359	1.405	1.158	1.402	1.149	0.095	0.095	1.414	1.008	1.416	0.250	0.822	1.393	0.391	1.390	1.397	1.419	0.093	0.095	1.061	1.401	1.400	1.395	0.964	1.263	1.401	0.364	1.107	0.879	0.093	0.093	1.426	0.145	0.145	0.161	1.405	1.157	1.428	1.417	1.457	1.438	0.093	0.095	0.095	0.095	0.093	0.093	0.093	0.095	0.094	0.094	0.094	0.094	0.093
61:01:01	19.5	0.093	0.094	0.093	0.096	0.094	0.093	0.093	0.093	0.093	0.094	0.095	0.095	0.093	0.246	1.365	1.351	1.419	1.423	1.070	1.410	0.961	1.433	0.161	0.095	0.093	1.419	1.188	1.377	0.293	0.972	0.282	1.414	1.406	0.367	1.411	0.096	0.094	1.401	1.379	0.292	1.404	1.408	1.378	1.425	1.171	1.413	1.164	0.095	0.096	1.424	1.020	1.422	0.251	0.854	1.426	0.428	1.399	1.407	1.434	0.093	0.095	1.077	1.412	1.409	1.404	0.967	1.264	1.411	0.405	1.118	0.922	0.093	0.094	1.436	0.154	0.154	0.172	1.417	1.173	1.440	1.430	1.484	1.443	0.094	0.095	0.095	0.095	0.093	0.094	0.093	0.095	0.094	0.095	0.094	0.094	0.093
62:01:02	19.4	0.093	0.094	0.093	0.096	0.094	0.093	0.093	0.092	0.093	0.094	0.095	0.096	0.093	0.251	1.384	1.385	1.427	1.433	1.083	1.424	0.971	1.443	0.173	0.095	0.093	1.430	1.206	1.395	0.317	0.983	0.301	1.429	1.423	0.404	1.423	0.096	0.094	1.411	1.411	0.319	1.410	1.411	1.406	1.433	1.184	1.422	1.179	0.095	0.096	1.432	1.033	1.435	0.250	0.910	1.443	0.476	1.408	1.417	1.445	0.093	0.095	1.089	1.421	1.420	1.414	0.977	1.284	1.422	0.453	1.129	0.941	0.093	0.094	1.448	0.165	0.164	0.186	1.430	1.187	1.451	1.442	1.395	1.448	0.093	0.095	0.095	0.095	0.093	0.093	0.093	0.096	0.094	0.094	0.094	0.094	0.093
63:01:04	19.4	0.093	0.093	0.093	0.095	0.094	0.093	0.093	0.093	0.093	0.093	0.095	0.096	0.092	0.267	1.410	1.401	1.435	1.439	1.096	1.432	0.983	1.453	0.185	0.095	0.093	1.438	1.221	1.425	0.347	0.994	0.327	1.452	1.439	0.445	1.432	0.096	0.094	1.427	1.424	0.354	1.416	1.422	1.420	1.440	1.198	1.433	1.195	0.095	0.096	1.440	1.045	1.444	0.254	0.931	1.452	0.529	1.418	1.426	1.455	0.093	0.095	1.103	1.429	1.432	1.425	0.985	1.293	1.433	0.509	1.144	0.936	0.093	0.093	1.460	0.178	0.175	0.202	1.444	1.205	1.462	1.453	1.418	1.454	0.093	0.095	0.095	0.095	0.093	0.093	0.093	0.095	0.094	0.094	0.094	0.094	0.093
64:01:04	19.5	0.092	0.093	0.092	0.095	0.094	0.093	0.093	0.092	0.093	0.093	0.094	0.096	0.092	0.281	1.430	1.416	1.450	1.447	1.109	1.444	0.997	1.462	0.200	0.095	0.093	1.448	1.237	1.444	0.386	1.000	0.360	1.464	1.452	0.489	1.442	0.095	0.094	1.432	1.436	0.394	1.424	1.434	1.431	1.448	1.212	1.440	1.212	0.095	0.095	1.445	1.060	1.448	0.263	0.926	1.458	0.578	1.428	1.434	1.464	0.093	0.095	1.111	1.437	1.443	1.435	0.996	1.292	1.442	0.572	1.156	0.940	0.092	0.093	1.472	0.193	0.189	0.219	1.455	1.228	1.472	1.463	1.449	1.458	0.093	0.095	0.095	0.095	0.093	0.093	0.093	0.095	0.094	0.094	0.094	0.094	0.093
65:01:05	19.8	0.092	0.093	0.093	0.096	0.094	0.093	0.093	0.093	0.093	0.093	0.095	0.096	0.093	0.303	1.439	1.424	1.458	1.456	1.123	1.459	1.012	1.470	0.218	0.095	0.093	1.455	1.254	1.455	0.433	1.014	0.401	1.469	1.468	0.539	1.452	0.095	0.094	1.439	1.444	0.439	1.431	1.441	1.439	1.454	1.226	1.449	1.238	0.095	0.096	1.453	1.075	1.457	0.286	0.930	1.463	0.629	1.438	1.442	1.472	0.093	0.095	1.123	1.444	1.452	1.446	1.010	1.296	1.451	0.636	1.168	0.947	0.093	0.094	1.401	0.210	0.205	0.240	1.467	1.286	1.480	1.475	1.449	1.466	0.093	0.095	0.095	0.095	0.093	0.093	0.093	0.095	0.094	0.094	0.094	0.094	0.093
66:01:09	20.2	0.093	0.093	0.093	0.096	0.094	0.093	0.093	0.093	0.093	0.093	0.095	0.096	0.093	0.332	1.446	1.430	1.466	1.462	1.134	1.465	1.028	1.479	0.238	0.095	0.093	1.462	1.277	1.459	0.486	1.025	0.445	1.473	1.482	0.579	1.462	0.096	0.094	1.445	1.450	0.481	1.437	1.446	1.444	1.460	1.242	1.456	1.324	0.095	0.096	1.458	1.087	1.461	0.317	0.932	1.468	0.682	1.446	1.450	1.481	0.093	0.095	1.135	1.451	1.459	1.453	1.025	1.289	1.459	0.701	1.184	0.955	0.093	0.094	1.399	0.231	0.222	0.260	1.482	1.389	1.489	1.488	1.452	1.472	0.093	0.096	0.095	0.095	0.093	0.093	0.093	0.095	0.094	0.095	0.094	0.094	0.093
67:01:09	20.6	0.093	0.093	0.092	0.095	0.094	0.093	0.093	0.092	0.093	0.093	0.094	0.096	0.092	0.367	1.451	1.433	1.473	1.468	1.141	1.468	1.038	1.486	0.260	0.095	0.093	1.467	1.317	1.461	0.547	1.042	0.499	1.476	1.494	0.632	1.474	0.095	0.093	1.450	1.452	0.530	1.442	1.450	1.448	1.463	1.259	1.464	1.429	0.095	0.095	1.463	1.099	1.464	0.357	0.939	1.472	0.754	1.454	1.458	1.489	0.092	0.095	1.154	1.455	1.465	1.459	1.040	1.262	1.464	0.762	1.195	0.965	0.092	0.093	1.408	0.251	0.242	0.268	1.481	1.442	1.497	1.508	1.458	1.478	0.093	0.095	0.095	0.095	0.093	0.092	0.092	0.095	0.093	0.094	0.094	0.094	0.093
68:01:21	21.1	0.092	0.093	0.093	0.096	0.094	0.093	0.093	0.092	0.092	0.093	0.094	0.096	0.092	0.406	1.459	1.441	1.479	1.475	1.154	1.474	1.055	1.498	0.274	0.095	0.093	1.472	1.325	1.465	0.606	1.060	0.561	1.479	1.508	0.691	1.488	0.095	0.093	1.455	1.457	0.573	1.447	1.455	1.452	1.467	1.298	1.474	1.447	0.095	0.096	1.467	1.109	1.469	0.403	0.948	1.475	0.831	1.463	1.465	1.504	0.093	0.095	1.169	1.461	1.472	1.466	1.056	1.242	1.474	0.830	1.210	0.982	0.092	0.093	1.419	0.250	0.257	0.265	1.513	1.343	1.509	1.538	1.468	1.488	0.093	0.095	0.095	0.095	0.093	0.093	0.093	0.095	0.093	0.094	0.094	0.094	0.093
69:01:11	21.6	0.092	0.094	0.093	0.096	0.094	0.093	0.093	0.092	0.093	0.093	0.094	0.096	0.093	0.432	1.468	1.446	1.487	1.486	1.166	1.481	1.063	1.513	0.282	0.095	0.093	1.478	1.286	1.469	0.660	1.075	0.619	1.482	1.530	0.754	1.509	0.096	0.093	1.460	1.460	0.622	1.452	1.460	1.457	1.471	1.383	1.486	1.339	0.095	0.096	1.472	1.121	1.474	0.446	0.958	1.478	0.945	1.475	1.477	1.521	0.093	0.095	1.185	1.470	1.480	1.473	1.073	1.206	1.490	0.912	1.234	1.000	0.093	0.094	1.444	0.256	0.260	0.271	1.516	1.333	1.524	1.593	1.478	1.498	0.093	0.095	0.095	0.095	0.093	0.093	0.093	0.095	0.094	0.094	0.094	0.094	0.093
70:01:10	22.1	0.092	0.093	0.093	0.095	0.094	0.093	0.093	0.092	0.093	0.093	0.094	0.096	0.092	0.484	1.476	1.454	1.500	1.499	1.179	1.489	1.076	1.524	0.279	0.095	0.092	1.486	1.313	1.474	0.749	1.093	0.697	1.485	1.551	0.846	1.535	0.095	0.093	1.464	1.465	0.712	1.460	1.466	1.465	1.478	1.408	1.501	1.326	0.095	0.095	1.479	1.131	1.480	0.506	0.974	1.482	0.972	1.491	1.491	1.544	0.093	0.095	1.206	1.480	1.489	1.486	1.091	1.204	1.509	0.961	1.270	1.020	0.092	0.093	1.460	0.266	0.258	0.283	1.477	1.331	1.548	1.503	1.490	1.508	0.093	0.095	0.095	0.095	0.093	0.093	0.092	0.094	0.093	0.094	0.094	0.094	0.093
71:01:11	22.4	0.092	0.093	0.093	0.096	0.094	0.093	0.093	0.092	0.092	0.093	0.094	0.095	0.092	0.534	1.484	1.464	1.511	1.512	1.190	1.498	1.087	1.537	0.287	0.095	0.093	1.496	1.325	1.482	0.836	1.104	0.793	1.493	1.564	0.908	1.578	0.095	0.093	1.474	1.471	0.779	1.471	1.474	1.475	1.488	1.359	1.513	1.324	0.095	0.096	1.487	1.143	1.490	0.568	0.988	1.490	0.964	1.506	1.507	1.581	0.092	0.095	1.233	1.494	1.502	1.498	1.101	1.115	1.529	0.961	1.312	1.038	0.092	0.093	1.498	0.279	0.272	0.291	1.490	1.333	1.584	1.489	1.497	1.519	0.093	0.095	0.095	0.095	0.093	0.093	0.093	0.094	0.094	0.094	0.094	0.094	0.093
72:01:12	22.5	0.092	0.093	0.092	0.096	0.094	0.093	0.093	0.092	0.093	0.093	0.094	0.095	0.092	0.591	1.496	1.476	1.522	1.525	1.210	1.508	1.099	1.551	0.288	0.095	0.093	1.508	1.346	1.492	0.884	1.112	0.876	1.503	1.578	0.916	1.471	0.095	0.093	1.486	1.482	0.843	1.483	1.484	1.486	1.498	1.349	1.528	1.329	0.095	0.095	1.499	1.158	1.503	0.627	1.010	1.501	0.969	1.521	1.524	1.496	0.093	0.095	1.270	1.508	1.515	1.511	1.113	1.156	1.554	0.958	1.362	1.058	0.093	0.093	1.532	0.306	0.282	0.318	1.504	1.340	1.552	1.501	1.509	1.537	0.093	0.095	0.095	0.095	0.093	0.093	0.093	0.095	0.093	0.094	0.094	0.094	0.093

