Time	T° 600	A1	A2	A3	A4	A5	A6	A7	A8	A9	A10	A11	A12	B1	B2	B3	B4	B5	B6	B7	B8	B9	B10	B11	B12	C1	C2	C3	C4	C5	C6	C7	C8	C9	C10	C11	C12	D1	D2	D3	D4	D5	D6	D7	D8	D9	D10	D11	D12	E1	E2	E3	E4	E5	E6	E7	E8	E9	E10	E11	E12	F1	F2	F3	F4	F5	F6	F7	F8	F9	F10	F11	F12	G1	G2	G3	G4	G5	G6	G7	G8	G9	G10	G11	G12	H1	H2	H3	H4	H5	H6	H7	H8	H9	H10	H11	H12
0:00:06	21.6	0.095	0.092	0.094	0.096	0.096	0.096	0.092	0.093	0.094	0.096	0.093	0.094	0.095	0.097	0.097	0.099	0.098	0.097	0.098	0.101	0.097	0.100	0.101	0.094	0.093	0.098	0.098	0.099	0.097	0.099	0.097	0.098	0.097	0.102	0.098	0.093	0.094	0.097	0.096	0.098	0.096	0.095	0.096	0.099	0.097	0.097	0.097	0.094	0.096	0.098	0.101	0.100	0.098	0.098	0.097	0.095	0.096	0.096	0.096	0.092	0.097	0.097	0.100	0.099	0.098	0.097	0.098	0.099	0.096	0.096	0.097	0.092	0.096	0.097	0.097	0.097	0.100	0.097	0.096	0.098	0.100	0.098	0.097	0.092	0.096	0.093	0.096	0.093	0.094	0.093	0.096	0.096	0.095	0.093	0.093	0.093
1:00:05	22.0	0.095	0.093	0.094	0.096	0.096	0.096	0.092	0.093	0.094	0.096	0.093	0.094	0.094	0.097	0.098	0.100	0.098	0.098	0.098	0.102	0.099	0.100	0.102	0.095	0.093	0.098	0.098	0.100	0.098	0.100	0.098	0.098	0.097	0.103	0.099	0.094	0.094	0.098	0.097	0.099	0.097	0.096	0.096	0.100	0.097	0.098	0.098	0.094	0.096	0.098	0.102	0.101	0.099	0.098	0.097	0.096	0.097	0.097	0.097	0.092	0.097	0.098	0.101	0.100	0.098	0.098	0.098	0.100	0.096	0.097	0.097	0.092	0.096	0.098	0.097	0.098	0.101	0.097	0.097	0.098	0.100	0.098	0.097	0.092	0.096	0.093	0.096	0.093	0.093	0.093	0.096	0.096	0.096	0.094	0.093	0.093
2:00:07	22.2	0.095	0.093	0.094	0.096	0.095	0.096	0.092	0.093	0.094	0.096	0.093	0.093	0.094	0.098	0.099	0.101	0.099	0.099	0.099	0.102	0.101	0.101	0.103	0.094	0.093	0.099	0.099	0.101	0.099	0.101	0.099	0.099	0.098	0.104	0.100	0.094	0.094	0.099	0.097	0.100	0.098	0.097	0.097	0.102	0.098	0.099	0.099	0.094	0.096	0.099	0.103	0.101	0.101	0.099	0.099	0.096	0.098	0.097	0.097	0.092	0.096	0.100	0.101	0.101	0.099	0.100	0.099	0.101	0.098	0.098	0.098	0.092	0.096	0.098	0.098	0.099	0.101	0.098	0.098	0.099	0.101	0.099	0.097	0.092	0.096	0.093	0.096	0.093	0.093	0.093	0.095	0.096	0.095	0.093	0.093	0.092
3:00:08	22.3	0.095	0.093	0.095	0.096	0.096	0.096	0.092	0.093	0.094	0.096	0.093	0.094	0.094	0.099	0.101	0.102	0.101	0.101	0.100	0.103	0.103	0.102	0.105	0.095	0.093	0.100	0.100	0.103	0.101	0.102	0.100	0.101	0.100	0.106	0.101	0.094	0.094	0.101	0.098	0.101	0.099	0.098	0.099	0.104	0.099	0.100	0.101	0.094	0.096	0.100	0.105	0.102	0.103	0.100	0.100	0.097	0.100	0.099	0.099	0.092	0.097	0.101	0.103	0.102	0.100	0.101	0.100	0.103	0.098	0.100	0.099	0.092	0.096	0.099	0.100	0.101	0.102	0.099	0.099	0.099	0.102	0.100	0.098	0.092	0.096	0.093	0.096	0.094	0.094	0.093	0.096	0.096	0.096	0.094	0.093	0.093
4:00:09	22.1	0.095	0.092	0.094	0.096	0.095	0.095	0.092	0.093	0.094	0.095	0.093	0.094	0.094	0.101	0.103	0.103	0.102	0.102	0.101	0.105	0.105	0.103	0.107	0.094	0.093	0.101	0.101	0.105	0.103	0.103	0.101	0.102	0.101	0.108	0.103	0.094	0.094	0.103	0.099	0.102	0.100	0.099	0.100	0.106	0.100	0.101	0.103	0.094	0.095	0.100	0.107	0.104	0.105	0.101	0.102	0.098	0.102	0.099	0.100	0.092	0.096	0.103	0.104	0.104	0.101	0.103	0.101	0.104	0.099	0.101	0.100	0.092	0.096	0.100	0.102	0.102	0.103	0.100	0.100	0.100	0.102	0.101	0.099	0.092	0.096	0.093	0.096	0.094	0.094	0.093	0.096	0.096	0.095	0.093	0.093	0.092
5:00:09	21.8	0.095	0.092	0.095	0.096	0.096	0.096	0.092	0.093	0.094	0.096	0.094	0.094	0.094	0.103	0.106	0.106	0.104	0.105	0.103	0.106	0.108	0.105	0.110	0.095	0.094	0.102	0.102	0.108	0.106	0.105	0.102	0.103	0.102	0.110	0.105	0.094	0.094	0.106	0.100	0.104	0.102	0.101	0.102	0.109	0.102	0.103	0.106	0.094	0.096	0.102	0.110	0.106	0.108	0.103	0.105	0.099	0.105	0.101	0.101	0.092	0.096	0.106	0.106	0.105	0.103	0.106	0.103	0.107	0.101	0.103	0.102	0.092	0.096	0.101	0.104	0.105	0.105	0.102	0.102	0.102	0.104	0.103	0.100	0.092	0.096	0.093	0.096	0.094	0.094	0.093	0.096	0.096	0.096	0.093	0.093	0.093
6:00:10	21.6	0.095	0.093	0.095	0.096	0.096	0.096	0.092	0.093	0.094	0.096	0.093	0.094	0.094	0.105	0.109	0.108	0.106	0.108	0.105	0.108	0.112	0.107	0.113	0.095	0.094	0.103	0.104	0.111	0.110	0.108	0.105	0.105	0.105	0.113	0.107	0.094	0.094	0.109	0.101	0.106	0.104	0.103	0.105	0.113	0.103	0.105	0.108	0.094	0.096	0.103	0.114	0.108	0.112	0.105	0.109	0.101	0.108	0.103	0.103	0.092	0.096	0.109	0.108	0.108	0.105	0.109	0.105	0.110	0.103	0.106	0.104	0.092	0.096	0.102	0.107	0.108	0.106	0.103	0.104	0.103	0.106	0.105	0.102	0.092	0.096	0.093	0.096	0.094	0.094	0.094	0.096	0.096	0.096	0.093	0.093	0.093
7:00:11	21.3	0.095	0.093	0.094	0.096	0.095	0.096	0.092	0.093	0.094	0.096	0.093	0.094	0.094	0.108	0.113	0.111	0.108	0.112	0.107	0.110	0.116	0.109	0.118	0.095	0.095	0.105	0.106	0.115	0.114	0.110	0.107	0.107	0.107	0.117	0.110	0.094	0.094	0.113	0.102	0.109	0.107	0.106	0.108	0.116	0.106	0.108	0.111	0.094	0.096	0.105	0.118	0.110	0.115	0.108	0.112	0.103	0.112	0.105	0.106	0.092	0.096	0.114	0.112	0.110	0.107	0.113	0.107	0.114	0.104	0.109	0.106	0.092	0.096	0.103	0.111	0.112	0.108	0.106	0.106	0.105	0.107	0.108	0.103	0.092	0.097	0.094	0.096	0.094	0.094	0.093	0.096	0.096	0.096	0.094	0.093	0.093
8:00:13	21.0	0.095	0.093	0.095	0.096	0.096	0.096	0.092	0.093	0.094	0.096	0.093	0.094	0.094	0.111	0.119	0.116	0.111	0.115	0.110	0.113	0.124	0.112	0.121	0.095	0.094	0.107	0.107	0.120	0.130	0.113	0.111	0.111	0.110	0.122	0.114	0.094	0.094	0.117	0.104	0.112	0.110	0.109	0.113	0.121	0.108	0.111	0.114	0.094	0.096	0.106	0.121	0.113	0.118	0.111	0.117	0.104	0.116	0.107	0.109	0.092	0.096	0.117	0.115	0.113	0.110	0.119	0.110	0.119	0.107	0.114	0.109	0.092	0.096	0.105	0.115	0.117	0.110	0.109	0.109	0.107	0.109	0.111	0.105	0.092	0.096	0.094	0.096	0.094	0.094	0.094	0.096	0.096	0.096	0.094	0.093	0.093
9:00:13	20.6	0.095	0.093	0.094	0.096	0.096	0.096	0.092	0.093	0.094	0.096	0.094	0.094	0.094	0.115	0.133	0.122	0.115	0.121	0.114	0.117	0.132	0.115	0.127	0.094	0.095	0.109	0.110	0.137	0.135	0.117	0.115	0.115	0.114	0.129	0.121	0.094	0.094	0.125	0.106	0.116	0.113	0.113	0.118	0.126	0.112	0.116	0.120	0.094	0.096	0.109	0.126	0.117	0.128	0.116	0.127	0.107	0.123	0.111	0.113	0.092	0.097	0.121	0.122	0.117	0.114	0.122	0.114	0.127	0.110	0.119	0.112	0.092	0.096	0.107	0.122	0.121	0.113	0.112	0.113	0.110	0.112	0.116	0.107	0.092	0.096	0.094	0.097	0.094	0.094	0.094	0.096	0.096	0.096	0.094	0.093	0.093
10:00:15	20.4	0.096	0.093	0.095	0.096	0.096	0.096	0.093	0.093	0.094	0.096	0.094	0.094	0.095	0.121	0.157	0.131	0.121	0.126	0.119	0.122	0.152	0.120	0.134	0.095	0.095	0.112	0.112	0.150	0.146	0.123	0.121	0.120	0.119	0.139	0.126	0.094	0.094	0.142	0.109	0.121	0.118	0.119	0.123	0.133	0.116	0.122	0.127	0.094	0.096	0.112	0.131	0.122	0.137	0.121	0.131	0.111	0.131	0.116	0.119	0.092	0.097	0.128	0.127	0.123	0.119	0.134	0.119	0.135	0.114	0.126	0.117	0.092	0.096	0.110	0.128	0.144	0.117	0.117	0.118	0.114	0.116	0.122	0.111	0.092	0.096	0.094	0.097	0.094	0.094	0.094	0.096	0.096	0.096	0.094	0.094	0.093
11:00:16	20.2	0.095	0.093	0.095	0.096	0.096	0.096	0.092	0.093	0.094	0.095	0.094	0.094	0.094	0.127	0.171	0.148	0.126	0.138	0.124	0.127	0.159	0.125	0.144	0.095	0.094	0.115	0.116	0.156	0.165	0.128	0.125	0.125	0.124	0.150	0.137	0.094	0.094	0.159	0.111	0.126	0.123	0.124	0.132	0.142	0.120	0.128	0.133	0.094	0.096	0.115	0.139	0.127	0.143	0.126	0.139	0.115	0.144	0.121	0.124	0.092	0.096	0.141	0.135	0.127	0.124	0.147	0.125	0.148	0.119	0.134	0.123	0.092	0.096	0.112	0.137	0.153	0.122	0.122	0.123	0.118	0.120	0.127	0.115	0.092	0.096	0.094	0.097	0.094	0.094	0.094	0.096	0.096	0.096	0.094	0.093	0.093
12:00:15	20.1	0.095	0.093	0.095	0.097	0.096	0.096	0.093	0.093	0.094	0.096	0.094	0.094	0.095	0.133	0.174	0.164	0.135	0.148	0.130	0.132	0.162	0.130	0.153	0.095	0.095	0.119	0.120	0.162	0.170	0.134	0.132	0.130	0.130	0.159	0.150	0.094	0.094	0.168	0.115	0.132	0.129	0.130	0.138	0.153	0.125	0.136	0.142	0.094	0.096	0.121	0.151	0.134	0.153	0.132	0.149	0.120	0.150	0.127	0.131	0.092	0.097	0.152	0.144	0.133	0.129	0.156	0.132	0.155	0.124	0.145	0.129	0.093	0.096	0.116	0.148	0.160	0.127	0.127	0.129	0.123	0.126	0.135	0.121	0.092	0.096	0.094	0.097	0.094	0.094	0.094	0.096	0.096	0.096	0.094	0.093	0.093
13:00:17	20.0	0.095	0.093	0.095	0.096	0.096	0.096	0.093	0.093	0.094	0.096	0.094	0.094	0.094	0.142	0.175	0.173	0.148	0.157	0.137	0.138	0.169	0.137	0.159	0.095	0.094	0.124	0.125	0.169	0.174	0.147	0.140	0.136	0.138	0.164	0.160	0.094	0.094	0.173	0.120	0.142	0.136	0.148	0.148	0.160	0.131	0.146	0.151	0.094	0.095	0.126	0.157	0.140	0.160	0.144	0.157	0.125	0.156	0.134	0.137	0.092	0.096	0.163	0.154	0.139	0.137	0.163	0.141	0.162	0.131	0.156	0.135	0.092	0.096	0.120	0.159	0.165	0.133	0.133	0.136	0.128	0.132	0.145	0.127	0.092	0.096	0.094	0.097	0.094	0.094	0.093	0.096	0.096	0.096	0.094	0.093	0.093
14:00:18	20.0	0.095	0.093	0.095	0.096	0.096	0.096	0.093	0.093	0.094	0.096	0.094	0.094	0.095	0.161	0.186	0.188	0.163	0.163	0.148	0.145	0.188	0.143	0.166	0.095	0.095	0.130	0.131	0.175	0.182	0.156	0.148	0.146	0.149	0.170	0.176	0.094	0.094	0.179	0.125	0.151	0.151	0.163	0.164	0.168	0.137	0.156	0.165	0.094	0.096	0.132	0.166	0.152	0.166	0.157	0.159	0.130	0.170	0.143	0.148	0.093	0.097	0.172	0.168	0.150	0.148	0.173	0.151	0.172	0.139	0.166	0.143	0.093	0.097	0.125	0.173	0.177	0.139	0.140	0.145	0.134	0.140	0.154	0.135	0.092	0.096	0.094	0.097	0.094	0.094	0.094	0.096	0.096	0.096	0.094	0.093	0.093
15:00:19	19.9	0.095	0.093	0.095	0.096	0.096	0.096	0.093	0.093	0.094	0.096	0.094	0.094	0.094	0.175	0.197	0.201	0.177	0.165	0.158	0.153	0.188	0.152	0.169	0.095	0.095	0.136	0.137	0.183	0.196	0.168	0.163	0.157	0.158	0.176	0.186	0.094	0.094	0.183	0.130	0.169	0.164	0.173	0.178	0.170	0.144	0.163	0.179	0.094	0.096	0.139	0.170	0.166	0.172	0.165	0.165	0.137	0.177	0.155	0.158	0.092	0.097	0.183	0.179	0.159	0.156	0.178	0.159	0.181	0.146	0.180	0.151	0.093	0.096	0.131	0.181	0.184	0.147	0.150	0.154	0.141	0.148	0.164	0.149	0.092	0.096	0.094	0.097	0.094	0.094	0.094	0.096	0.096	0.096	0.094	0.093	0.093
16:00:19	19.8	0.095	0.093	0.095	0.096	0.096	0.096	0.093	0.093	0.095	0.096	0.094	0.094	0.094	0.188	0.219	0.223	0.183	0.174	0.171	0.167	0.197	0.164	0.177	0.095	0.095	0.143	0.144	0.201	0.208	0.176	0.177	0.170	0.170	0.185	0.203	0.095	0.094	0.201	0.136	0.174	0.173	0.175	0.182	0.181	0.154	0.173	0.184	0.095	0.096	0.149	0.174	0.171	0.189	0.171	0.177	0.146	0.191	0.165	0.171	0.093	0.097	0.191	0.194	0.173	0.169	0.192	0.167	0.193	0.156	0.196	0.164	0.093	0.097	0.138	0.195	0.197	0.157	0.158	0.167	0.148	0.158	0.173	0.161	0.092	0.096	0.094	0.097	0.095	0.094	0.094	0.096	0.096	0.096	0.094	0.094	0.093
17:00:22	19.8	0.096	0.093	0.095	0.097	0.097	0.097	0.093	0.094	0.095	0.096	0.094	0.094	0.094	0.195	0.210	0.248	0.189	0.194	0.181	0.179	0.204	0.174	0.193	0.095	0.095	0.152	0.157	0.210	0.211	0.176	0.190	0.175	0.182	0.204	0.206	0.095	0.094	0.227	0.145	0.184	0.180	0.178	0.197	0.204	0.165	0.189	0.196	0.095	0.096	0.154	0.189	0.180	0.205	0.190	0.191	0.158	0.208	0.169	0.184	0.093	0.097	0.210	0.201	0.185	0.178	0.203	0.174	0.203	0.164	0.209	0.175	0.093	0.097	0.145	0.212	0.212	0.170	0.169	0.171	0.160	0.168	0.188	0.179	0.093	0.096	0.094	0.097	0.095	0.095	0.094	0.097	0.097	0.097	0.094	0.094	0.093
18:00:23	19.9	0.095	0.093	0.095	0.096	0.097	0.096	0.093	0.093	0.094	0.096	0.094	0.094	0.094	0.207	0.206	0.257	0.206	0.209	0.185	0.199	0.226	0.186	0.209	0.095	0.094	0.163	0.167	0.237	0.234	0.189	0.195	0.188	0.189	0.206	0.210	0.094	0.094	0.226	0.150	0.190	0.188	0.194	0.212	0.214	0.176	0.207	0.210	0.094	0.096	0.167	0.210	0.188	0.218	0.192	0.209	0.168	0.216	0.180	0.192	0.093	0.097	0.223	0.209	0.196	0.189	0.216	0.190	0.213	0.174	0.208	0.188	0.093	0.097	0.148	0.218	0.225	0.181	0.180	0.186	0.172	0.173	0.199	0.176	0.092	0.096	0.094	0.097	0.094	0.094	0.094	0.096	0.096	0.096	0.094	0.094	0.093
19:00:23	20.0	0.095	0.093	0.095	0.097	0.096	0.096	0.093	0.093	0.095	0.096	0.094	0.094	0.094	0.223	0.257	0.251	0.219	0.226	0.217	0.212	0.246	0.197	0.230	0.095	0.094	0.169	0.174	0.247	0.242	0.203	0.201	0.199	0.200	0.221	0.219	0.094	0.094	0.235	0.156	0.218	0.202	0.205	0.214	0.237	0.189	0.212	0.221	0.095	0.096	0.175	0.254	0.205	0.234	0.207	0.215	0.174	0.233	0.192	0.204	0.092	0.096	0.237	0.222	0.206	0.201	0.232	0.199	0.233	0.188	0.223	0.197	0.093	0.096	0.157	0.227	0.233	0.193	0.196	0.197	0.180	0.193	0.212	0.194	0.092	0.096	0.094	0.097	0.094	0.094	0.094	0.096	0.096	0.096	0.094	0.094	0.092
20:00:24	20.1	0.095	0.093	0.095	0.097	0.096	0.096	0.093	0.093	0.094	0.096	0.094	0.094	0.094	0.230	0.266	0.258	0.224	0.248	0.223	0.216	0.269	0.206	0.252	0.095	0.094	0.174	0.177	0.272	0.267	0.212	0.212	0.206	0.211	0.239	0.231	0.095	0.094	0.255	0.165	0.230	0.216	0.217	0.226	0.264	0.202	0.221	0.228	0.095	0.096	0.189	0.254	0.211	0.258	0.214	0.237	0.189	0.254	0.201	0.213	0.092	0.096	0.258	0.236	0.216	0.213	0.255	0.210	0.254	0.199	0.240	0.208	0.093	0.096	0.168	0.247	0.249	0.205	0.211	0.209	0.197	0.204	0.222	0.210	0.092	0.096	0.094	0.097	0.095	0.094	0.094	0.096	0.096	0.096	0.094	0.093	0.093
21:00:25	20.1	0.095	0.093	0.095	0.097	0.096	0.096	0.093	0.093	0.094	0.096	0.094	0.094	0.094	0.237	0.287	0.280	0.228	0.273	0.228	0.222	0.299	0.218	0.274	0.095	0.096	0.182	0.188	0.296	0.288	0.219	0.223	0.214	0.225	0.259	0.250	0.094	0.094	0.277	0.175	0.229	0.223	0.227	0.243	0.289	0.211	0.233	0.240	0.095	0.096	0.201	0.268	0.221	0.279	0.226	0.260	0.203	0.279	0.207	0.224	0.092	0.096	0.282	0.257	0.233	0.225	0.279	0.223	0.280	0.208	0.261	0.218	0.093	0.096	0.176	0.271	0.273	0.216	0.218	0.222	0.210	0.208	0.238	0.233	0.093	0.096	0.094	0.097	0.094	0.094	0.094	0.096	0.096	0.096	0.094	0.093	0.093
22:00:26	20.2	0.095	0.093	0.095	0.096	0.096	0.096	0.093	0.093	0.094	0.096	0.094	0.094	0.094	0.248	0.311	0.310	0.244	0.301	0.241	0.234	0.335	0.233	0.300	0.095	0.094	0.194	0.203	0.323	0.315	0.230	0.239	0.226	0.240	0.282	0.274	0.094	0.094	0.302	0.188	0.236	0.227	0.238	0.264	0.316	0.220	0.249	0.257	0.095	0.096	0.221	0.288	0.231	0.304	0.240	0.286	0.217	0.306	0.219	0.241	0.092	0.096	0.312	0.273	0.250	0.241	0.306	0.237	0.307	0.222	0.286	0.232	0.093	0.096	0.191	0.293	0.302	0.228	0.232	0.237	0.224	0.223	0.256	0.251	0.093	0.096	0.094	0.097	0.094	0.094	0.094	0.096	0.097	0.096	0.094	0.094	0.093
23:00:26	20.3	0.095	0.093	0.095	0.096	0.096	0.096	0.093	0.093	0.094	0.096	0.094	0.094	0.094	0.272	0.339	0.348	0.264	0.334	0.258	0.252	0.368	0.249	0.328	0.095	0.094	0.207	0.219	0.355	0.346	0.246	0.260	0.242	0.260	0.309	0.303	0.094	0.094	0.331	0.202	0.253	0.246	0.256	0.292	0.345	0.235	0.269	0.280	0.094	0.096	0.239	0.316	0.245	0.336	0.260	0.316	0.226	0.336	0.234	0.259	0.092	0.096	0.344	0.300	0.272	0.264	0.337	0.256	0.334	0.237	0.314	0.248	0.092	0.096	0.206	0.324	0.334	0.244	0.250	0.255	0.236	0.231	0.279	0.281	0.092	0.096	0.094	0.097	0.094	0.094	0.094	0.096	0.096	0.096	0.094	0.093	0.093
24:00:27	20.4	0.096	0.093	0.095	0.097	0.096	0.096	0.093	0.093	0.094	0.096	0.094	0.094	0.094	0.298	0.368	0.385	0.291	0.365	0.281	0.273	0.404	0.270	0.356	0.095	0.095	0.223	0.234	0.383	0.375	0.267	0.286	0.262	0.284	0.335	0.338	0.094	0.094	0.364	0.217	0.273	0.269	0.281	0.324	0.376	0.251	0.293	0.309	0.094	0.096	0.257	0.348	0.264	0.364	0.285	0.344	0.242	0.363	0.251	0.283	0.093	0.097	0.377	0.331	0.294	0.288	0.368	0.278	0.362	0.256	0.345	0.269	0.093	0.096	0.222	0.356	0.369	0.263	0.269	0.276	0.254	0.246	0.305	0.299	0.093	0.096	0.094	0.097	0.095	0.094	0.094	0.096	0.096	0.096	0.094	0.093	0.093
25:00:28	20.4	0.095	0.093	0.095	0.097	0.096	0.096	0.093	0.093	0.094	0.096	0.094	0.094	0.094	0.332	0.406	0.423	0.323	0.399	0.307	0.297	0.433	0.295	0.384	0.095	0.094	0.241	0.252	0.407	0.398	0.294	0.314	0.283	0.312	0.361	0.377	0.094	0.093	0.395	0.231	0.299	0.295	0.312	0.359	0.406	0.270	0.321	0.343	0.094	0.096	0.277	0.381	0.288	0.398	0.310	0.375	0.260	0.392	0.273	0.314	0.092	0.096	0.407	0.371	0.322	0.318	0.403	0.304	0.391	0.278	0.371	0.293	0.093	0.097	0.233	0.396	0.401	0.286	0.304	0.302	0.277	0.266	0.334	0.328	0.092	0.095	0.094	0.096	0.094	0.094	0.094	0.096	0.096	0.096	0.094	0.093	0.094
26:00:28	20.5	0.095	0.093	0.095	0.096	0.096	0.096	0.093	0.093	0.094	0.096	0.093	0.094	0.094	0.365	0.436	0.447	0.355	0.427	0.336	0.324	0.462	0.322	0.406	0.095	0.094	0.256	0.273	0.441	0.425	0.326	0.344	0.309	0.343	0.386	0.405	0.094	0.093	0.429	0.247	0.330	0.324	0.345	0.388	0.434	0.294	0.352	0.376	0.094	0.096	0.299	0.413	0.313	0.428	0.341	0.404	0.283	0.414	0.298	0.347	0.092	0.096	0.441	0.411	0.365	0.351	0.435	0.335	0.415	0.304	0.392	0.325	0.093	0.096	0.251	0.427	0.435	0.312	0.324	0.333	0.303	0.292	0.366	0.361	0.092	0.096	0.094	0.096	0.094	0.094	0.094	0.096	0.096	0.096	0.094	0.093	0.093
27:00:30	20.3	0.096	0.094	0.096	0.097	0.096	0.096	0.093	0.094	0.094	0.096	0.094	0.095	0.094	0.397	0.467	0.470	0.389	0.456	0.368	0.355	0.492	0.352	0.429	0.095	0.095	0.277	0.297	0.468	0.450	0.359	0.378	0.337	0.376	0.408	0.430	0.094	0.094	0.458	0.265	0.364	0.358	0.380	0.413	0.461	0.321	0.384	0.406	0.095	0.096	0.323	0.442	0.344	0.456	0.374	0.430	0.310	0.437	0.325	0.380	0.093	0.096	0.473	0.440	0.400	0.384	0.465	0.368	0.440	0.331	0.412	0.355	0.093	0.097	0.271	0.448	0.467	0.341	0.345	0.365	0.332	0.330	0.391	0.397	0.092	0.096	0.094	0.097	0.095	0.094	0.094	0.096	0.096	0.096	0.094	0.094	0.093
28:00:31	20.1	0.096	0.093	0.095	0.097	0.096	0.096	0.093	0.093	0.094	0.096	0.094	0.094	0.094	0.428	0.490	0.491	0.414	0.486	0.397	0.382	0.517	0.382	0.456	0.095	0.095	0.296	0.324	0.495	0.473	0.392	0.403	0.365	0.402	0.432	0.450	0.094	0.094	0.484	0.285	0.397	0.389	0.409	0.435	0.488	0.345	0.406	0.429	0.095	0.096	0.351	0.471	0.374	0.483	0.402	0.457	0.337	0.461	0.353	0.406	0.093	0.096	0.507	0.458	0.431	0.410	0.494	0.398	0.466	0.358	0.430	0.385	0.093	0.097	0.294	0.474	0.499	0.370	0.382	0.394	0.359	0.360	0.411	0.424	0.092	0.096	0.094	0.097	0.094	0.094	0.094	0.096	0.097	0.096	0.094	0.094	0.093
29:00:32	20.0	0.095	0.093	0.095	0.096	0.096	0.096	0.093	0.093	0.094	0.096	0.094	0.094	0.094	0.452	0.513	0.510	0.439	0.516	0.421	0.402	0.539	0.402	0.483	0.095	0.094	0.321	0.353	0.518	0.498	0.415	0.424	0.385	0.422	0.458	0.470	0.094	0.093	0.512	0.308	0.420	0.416	0.432	0.456	0.520	0.369	0.424	0.449	0.094	0.096	0.375	0.499	0.404	0.512	0.426	0.485	0.362	0.485	0.377	0.428	0.092	0.096	0.536	0.481	0.455	0.432	0.523	0.420	0.494	0.378	0.446	0.405	0.093	0.096	0.319	0.493	0.526	0.395	0.429	0.415	0.383	0.388	0.428	0.443	0.092	0.096	0.094	0.097	0.094	0.094	0.094	0.096	0.096	0.096	0.094	0.093	0.093
30:00:33	19.9	0.095	0.093	0.095	0.096	0.096	0.096	0.093	0.093	0.094	0.096	0.094	0.094	0.094	0.471	0.546	0.529	0.455	0.540	0.441	0.419	0.569	0.421	0.505	0.095	0.094	0.345	0.382	0.545	0.521	0.435	0.444	0.403	0.440	0.481	0.489	0.094	0.094	0.540	0.332	0.442	0.434	0.451	0.475	0.547	0.385	0.440	0.469	0.094	0.096	0.394	0.527	0.425	0.540	0.450	0.511	0.380	0.505	0.395	0.448	0.092	0.096	0.568	0.504	0.479	0.456	0.548	0.440	0.522	0.393	0.464	0.422	0.093	0.096	0.343	0.519	0.556	0.414	0.449	0.432	0.399	0.410	0.444	0.459	0.092	0.096	0.094	0.097	0.095	0.094	0.094	0.096	0.096	0.096	0.094	0.093	0.093
31:00:34	19.9	0.095	0.093	0.095	0.096	0.096	0.096	0.093	0.093	0.094	0.096	0.093	0.094	0.094	0.492	0.569	0.549	0.475	0.561	0.458	0.438	0.584	0.440	0.528	0.095	0.095	0.368	0.401	0.568	0.541	0.455	0.464	0.422	0.459	0.504	0.512	0.094	0.093	0.570	0.355	0.463	0.454	0.471	0.497	0.576	0.399	0.457	0.487	0.094	0.096	0.412	0.554	0.445	0.565	0.470	0.536	0.396	0.525	0.411	0.469	0.093	0.096	0.593	0.526	0.498	0.487	0.575	0.460	0.547	0.410	0.481	0.443	0.093	0.096	0.365	0.547	0.583	0.432	0.473	0.449	0.415	0.435	0.459	0.479	0.092	0.096	0.094	0.097	0.094	0.094	0.094	0.096	0.096	0.096	0.094	0.093	0.093
32:00:34	19.8	0.096	0.094	0.095	0.097	0.097	0.096	0.093	0.094	0.094	0.096	0.094	0.094	0.094	0.509	0.592	0.568	0.491	0.585	0.478	0.456	0.606	0.459	0.546	0.095	0.094	0.383	0.418	0.590	0.563	0.476	0.482	0.438	0.479	0.524	0.531	0.095	0.094	0.597	0.374	0.483	0.469	0.490	0.517	0.598	0.416	0.472	0.506	0.095	0.096	0.426	0.579	0.465	0.589	0.490	0.560	0.411	0.541	0.428	0.489	0.092	0.096	0.619	0.543	0.520	0.507	0.598	0.479	0.570	0.428	0.498	0.466	0.093	0.097	0.383	0.555	0.609	0.452	0.497	0.465	0.433	0.453	0.473	0.498	0.093	0.096	0.094	0.097	0.094	0.094	0.094	0.096	0.096	0.096	0.094	0.093	0.093
33:00:36	19.8	0.095	0.094	0.095	0.096	0.096	0.096	0.093	0.093	0.095	0.096	0.094	0.094	0.094	0.527	0.616	0.586	0.509	0.608	0.495	0.474	0.627	0.478	0.566	0.095	0.094	0.398	0.433	0.607	0.580	0.496	0.501	0.455	0.499	0.542	0.555	0.095	0.094	0.622	0.388	0.503	0.489	0.510	0.536	0.620	0.436	0.489	0.528	0.095	0.096	0.443	0.604	0.482	0.611	0.511	0.582	0.428	0.562	0.445	0.510	0.093	0.096	0.644	0.566	0.543	0.541	0.622	0.498	0.594	0.445	0.514	0.487	0.093	0.096	0.400	0.579	0.631	0.472	0.521	0.483	0.453	0.472	0.487	0.519	0.092	0.096	0.094	0.097	0.095	0.094	0.094	0.096	0.096	0.096	0.094	0.093	0.093
34:00:36	19.8	0.095	0.094	0.095	0.096	0.096	0.096	0.093	0.093	0.094	0.096	0.094	0.094	0.094	0.544	0.637	0.605	0.526	0.626	0.512	0.493	0.650	0.497	0.588	0.095	0.095	0.411	0.449	0.630	0.602	0.514	0.520	0.472	0.519	0.562	0.576	0.094	0.094	0.644	0.400	0.522	0.507	0.530	0.558	0.645	0.455	0.506	0.549	0.094	0.096	0.463	0.626	0.501	0.632	0.533	0.603	0.448	0.579	0.460	0.531	0.092	0.096	0.666	0.591	0.564	0.561	0.644	0.517	0.617	0.462	0.530	0.508	0.093	0.096	0.414	0.618	0.657	0.492	0.541	0.500	0.474	0.490	0.500	0.538	0.092	0.096	0.094	0.096	0.094	0.094	0.094	0.096	0.096	0.096	0.094	0.093	0.093
35:00:38	19.8	0.096	0.094	0.095	0.096	0.096	0.096	0.093	0.093	0.094	0.096	0.094	0.094	0.094	0.564	0.660	0.626	0.547	0.648	0.532	0.512	0.672	0.517	0.609	0.095	0.095	0.428	0.467	0.650	0.622	0.534	0.541	0.489	0.541	0.580	0.600	0.095	0.094	0.665	0.415	0.542	0.526	0.548	0.581	0.669	0.472	0.523	0.571	0.094	0.096	0.484	0.650	0.520	0.655	0.556	0.626	0.467	0.598	0.477	0.555	0.093	0.096	0.687	0.613	0.587	0.581	0.666	0.538	0.641	0.478	0.547	0.530	0.093	0.097	0.433	0.632	0.679	0.512	0.566	0.525	0.494	0.512	0.514	0.559	0.092	0.096	0.094	0.097	0.095	0.094	0.094	0.096	0.096	0.096	0.094	0.093	0.093
36:00:38	19.8	0.095	0.093	0.095	0.097	0.096	0.096	0.093	0.094	0.095	0.096	0.094	0.094	0.094	0.582	0.680	0.647	0.566	0.668	0.551	0.532	0.692	0.537	0.629	0.095	0.094	0.446	0.485	0.667	0.639	0.553	0.562	0.506	0.562	0.599	0.623	0.094	0.094	0.688	0.433	0.561	0.545	0.569	0.604	0.690	0.491	0.539	0.593	0.095	0.096	0.505	0.671	0.540	0.676	0.578	0.645	0.486	0.619	0.493	0.577	0.093	0.096	0.713	0.624	0.610	0.598	0.690	0.559	0.667	0.494	0.564	0.552	0.093	0.096	0.453	0.653	0.702	0.533	0.588	0.544	0.515	0.530	0.528	0.582	0.092	0.096	0.094	0.097	0.095	0.094	0.094	0.096	0.096	0.096	0.094	0.094	0.093
37:00:40	19.7	0.095	0.093	0.095	0.096	0.096	0.096	0.093	0.093	0.095	0.096	0.094	0.094	0.094	0.601	0.700	0.666	0.586	0.688	0.572	0.552	0.711	0.558	0.650	0.095	0.095	0.464	0.504	0.682	0.654	0.573	0.583	0.524	0.584	0.617	0.646	0.094	0.094	0.712	0.450	0.579	0.562	0.589	0.626	0.712	0.509	0.557	0.615	0.095	0.096	0.526	0.693	0.561	0.696	0.602	0.666	0.506	0.638	0.509	0.600	0.092	0.096	0.734	0.647	0.633	0.623	0.711	0.580	0.691	0.511	0.579	0.574	0.093	0.096	0.473	0.679	0.723	0.554	0.613	0.566	0.535	0.553	0.543	0.602	0.093	0.096	0.094	0.097	0.094	0.094	0.094	0.096	0.096	0.096	0.094	0.093	0.094
38:00:41	19.7	0.096	0.093	0.095	0.097	0.097	0.096	0.093	0.094	0.094	0.096	0.094	0.094	0.094	0.619	0.718	0.685	0.605	0.708	0.591	0.573	0.730	0.579	0.671	0.095	0.094	0.483	0.522	0.700	0.671	0.592	0.605	0.541	0.605	0.635	0.667	0.095	0.094	0.734	0.468	0.598	0.581	0.610	0.648	0.732	0.525	0.574	0.637	0.095	0.096	0.548	0.714	0.581	0.716	0.626	0.686	0.525	0.657	0.524	0.622	0.092	0.097	0.753	0.670	0.656	0.648	0.734	0.601	0.711	0.525	0.594	0.595	0.093	0.097	0.494	0.715	0.743	0.574	0.635	0.590	0.555	0.578	0.558	0.622	0.093	0.096	0.094	0.097	0.094	0.094	0.094	0.096	0.097	0.096	0.094	0.094	0.093
39:00:41	19.6	0.095	0.093	0.095	0.096	0.096	0.096	0.093	0.094	0.094	0.096	0.094	0.094	0.094	0.638	0.737	0.702	0.624	0.727	0.610	0.592	0.747	0.599	0.694	0.095	0.094	0.503	0.540	0.722	0.694	0.611	0.627	0.558	0.626	0.655	0.688	0.095	0.094	0.754	0.487	0.617	0.600	0.630	0.667	0.752	0.540	0.589	0.658	0.095	0.096	0.570	0.736	0.601	0.738	0.648	0.708	0.544	0.675	0.539	0.644	0.093	0.097	0.774	0.696	0.676	0.679	0.756	0.621	0.732	0.539	0.608	0.616	0.093	0.096	0.515	0.736	0.761	0.594	0.645	0.610	0.573	0.599	0.572	0.641	0.092	0.096	0.094	0.097	0.094	0.094	0.094	0.096	0.096	0.096	0.094	0.094	0.093
40:00:43	19.6	0.095	0.094	0.096	0.097	0.096	0.096	0.093	0.094	0.095	0.096	0.094	0.094	0.095	0.656	0.756	0.720	0.644	0.742	0.629	0.613	0.761	0.619	0.713	0.095	0.095	0.521	0.557	0.744	0.715	0.631	0.646	0.574	0.646	0.673	0.706	0.095	0.094	0.773	0.506	0.636	0.619	0.649	0.686	0.772	0.556	0.605	0.678	0.095	0.096	0.593	0.756	0.623	0.754	0.666	0.726	0.560	0.686	0.554	0.665	0.093	0.096	0.794	0.719	0.696	0.693	0.777	0.641	0.748	0.554	0.623	0.637	0.093	0.097	0.536	0.763	0.780	0.613	0.656	0.633	0.592	0.620	0.585	0.659	0.093	0.096	0.094	0.097	0.095	0.094	0.094	0.096	0.097	0.096	0.094	0.094	0.093
41:00:42	19.6	0.095	0.093	0.095	0.096	0.096	0.096	0.093	0.094	0.094	0.096	0.094	0.094	0.094	0.676	0.773	0.736	0.665	0.754	0.648	0.632	0.774	0.636	0.728	0.095	0.094	0.540	0.576	0.757	0.730	0.650	0.666	0.589	0.664	0.689	0.723	0.094	0.094	0.792	0.524	0.654	0.636	0.668	0.703	0.788	0.570	0.622	0.696	0.095	0.096	0.614	0.775	0.643	0.771	0.684	0.742	0.575	0.699	0.567	0.683	0.092	0.096	0.808	0.733	0.715	0.716	0.795	0.660	0.763	0.566	0.635	0.657	0.093	0.096	0.556	0.770	0.796	0.631	0.699	0.653	0.608	0.643	0.596	0.676	0.092	0.096	0.094	0.096	0.094	0.094	0.094	0.096	0.096	0.096	0.094	0.093	0.093
42:00:44	19.7	0.095	0.094	0.095	0.097	0.096	0.096	0.093	0.093	0.095	0.096	0.094	0.094	0.094	0.693	0.787	0.751	0.681	0.767	0.666	0.650	0.787	0.655	0.744	0.095	0.095	0.561	0.594	0.772	0.746	0.668	0.683	0.603	0.682	0.704	0.739	0.095	0.094	0.808	0.543	0.671	0.654	0.687	0.721	0.803	0.584	0.639	0.712	0.095	0.096	0.635	0.792	0.662	0.784	0.704	0.757	0.591	0.711	0.581	0.702	0.093	0.097	0.826	0.750	0.735	0.725	0.812	0.679	0.777	0.580	0.648	0.675	0.093	0.097	0.577	0.787	0.813	0.649	0.699	0.674	0.622	0.666	0.607	0.691	0.093	0.096	0.094	0.097	0.095	0.094	0.094	0.096	0.097	0.096	0.094	0.093	0.093
43:00:43	19.8	0.095	0.093	0.095	0.097	0.097	0.096	0.093	0.093	0.094	0.096	0.094	0.094	0.094	0.710	0.801	0.766	0.699	0.778	0.683	0.668	0.797	0.671	0.759	0.095	0.094	0.581	0.612	0.785	0.758	0.686	0.701	0.617	0.699	0.718	0.754	0.095	0.094	0.822	0.562	0.688	0.672	0.702	0.737	0.816	0.597	0.654	0.727	0.094	0.096	0.654	0.807	0.680	0.799	0.719	0.771	0.605	0.720	0.593	0.716	0.092	0.096	0.838	0.769	0.748	0.744	0.827	0.697	0.790	0.590	0.660	0.690	0.093	0.097	0.597	0.803	0.826	0.667	0.713	0.692	0.635	0.682	0.615	0.706	0.092	0.096	0.094	0.097	0.095	0.094	0.094	0.096	0.096	0.096	0.094	0.093	0.093
44:00:46	19.9	0.095	0.093	0.095	0.096	0.096	0.096	0.093	0.093	0.094	0.096	0.093	0.094	0.094	0.724	0.814	0.780	0.714	0.789	0.700	0.684	0.808	0.687	0.772	0.094	0.095	0.601	0.630	0.794	0.765	0.702	0.718	0.631	0.712	0.727	0.768	0.094	0.093	0.836	0.581	0.704	0.688	0.718	0.753	0.826	0.610	0.667	0.742	0.094	0.096	0.673	0.824	0.698	0.811	0.736	0.785	0.618	0.730	0.604	0.731	0.092	0.096	0.852	0.785	0.763	0.762	0.841	0.714	0.799	0.601	0.671	0.704	0.093	0.096	0.616	0.826	0.837	0.683	0.736	0.710	0.647	0.700	0.624	0.718	0.092	0.096	0.094	0.096	0.094	0.094	0.094	0.096	0.096	0.096	0.094	0.093	0.093
45:00:48	20.2	0.095	0.093	0.095	0.096	0.096	0.096	0.093	0.093	0.095	0.096	0.094	0.094	0.094	0.738	0.826	0.793	0.729	0.799	0.714	0.700	0.817	0.702	0.784	0.095	0.094	0.621	0.648	0.803	0.779	0.717	0.734	0.645	0.727	0.739	0.780	0.094	0.094	0.849	0.601	0.719	0.703	0.733	0.766	0.838	0.622	0.680	0.755	0.095	0.096	0.689	0.835	0.715	0.823	0.751	0.797	0.630	0.737	0.615	0.744	0.092	0.096	0.865	0.802	0.779	0.778	0.854	0.730	0.809	0.611	0.679	0.717	0.093	0.096	0.634	0.842	0.848	0.698	0.765	0.729	0.657	0.718	0.633	0.729	0.092	0.096	0.094	0.097	0.095	0.094	0.094	0.096	0.096	0.096	0.094	0.093	0.093
46:00:48	20.5	0.095	0.093	0.095	0.096	0.096	0.096	0.093	0.093	0.094	0.096	0.094	0.094	0.094	0.751	0.835	0.804	0.742	0.808	0.728	0.715	0.826	0.714	0.793	0.095	0.095	0.639	0.664	0.808	0.791	0.730	0.748	0.660	0.740	0.748	0.791	0.094	0.094	0.861	0.618	0.732	0.718	0.745	0.780	0.848	0.633	0.691	0.767	0.094	0.096	0.704	0.847	0.728	0.833	0.765	0.803	0.642	0.742	0.626	0.755	0.092	0.096	0.876	0.812	0.791	0.781	0.867	0.746	0.819	0.622	0.688	0.729	0.093	0.096	0.651	0.852	0.857	0.713	0.775	0.743	0.668	0.736	0.642	0.741	0.092	0.096	0.094	0.097	0.094	0.094	0.094	0.096	0.096	0.096	0.093	0.093	0.093
47:00:49	20.8	0.095	0.093	0.095	0.096	0.096	0.096	0.093	0.093	0.094	0.096	0.094	0.094	0.094	0.764	0.846	0.817	0.756	0.817	0.740	0.730	0.833	0.729	0.803	0.095	0.094	0.655	0.680	0.816	0.798	0.743	0.761	0.675	0.752	0.757	0.802	0.094	0.094	0.870	0.637	0.747	0.731	0.758	0.790	0.857	0.645	0.703	0.779	0.095	0.096	0.717	0.859	0.743	0.844	0.779	0.815	0.652	0.749	0.637	0.768	0.092	0.096	0.885	0.828	0.803	0.806	0.879	0.759	0.825	0.632	0.694	0.742	0.093	0.096	0.665	0.867	0.867	0.726	0.775	0.756	0.676	0.751	0.650	0.752	0.092	0.096	0.094	0.096	0.095	0.094	0.094	0.096	0.096	0.096	0.094	0.093	0.093
48:00:50	21.2	0.095	0.093	0.095	0.096	0.096	0.096	0.093	0.093	0.094	0.096	0.094	0.094	0.094	0.777	0.850	0.825	0.767	0.823	0.750	0.741	0.837	0.739	0.811	0.095	0.094	0.670	0.693	0.824	0.808	0.753	0.773	0.690	0.762	0.766	0.811	0.094	0.093	0.880	0.653	0.760	0.743	0.768	0.799	0.864	0.657	0.717	0.789	0.094	0.096	0.729	0.867	0.756	0.848	0.789	0.821	0.665	0.752	0.648	0.777	0.092	0.096	0.891	0.837	0.814	0.805	0.890	0.772	0.833	0.644	0.704	0.753	0.093	0.096	0.678	0.891	0.874	0.738	0.787	0.769	0.684	0.760	0.659	0.762	0.092	0.096	0.094	0.096	0.094	0.094	0.094	0.096	0.096	0.096	0.094	0.093	0.093
49:00:51	21.6	0.095	0.093	0.095	0.096	0.096	0.096	0.093	0.093	0.094	0.096	0.094	0.094	0.094	0.788	0.856	0.833	0.777	0.831	0.761	0.751	0.844	0.750	0.823	0.094	0.095	0.682	0.704	0.827	0.818	0.761	0.783	0.705	0.771	0.776	0.819	0.094	0.093	0.888	0.666	0.772	0.754	0.777	0.809	0.871	0.672	0.730	0.798	0.094	0.096	0.740	0.878	0.768	0.856	0.797	0.829	0.677	0.759	0.662	0.787	0.092	0.096	0.902	0.850	0.823	0.813	0.903	0.784	0.840	0.657	0.714	0.764	0.093	0.096	0.688	0.899	0.879	0.749	0.797	0.784	0.693	0.776	0.668	0.771	0.092	0.096	0.094	0.096	0.094	0.094	0.094	0.096	0.096	0.096	0.094	0.093	0.092
50:00:52	21.8	0.095	0.093	0.095	0.096	0.096	0.096	0.092	0.093	0.094	0.096	0.094	0.094	0.094	0.796	0.864	0.841	0.785	0.835	0.768	0.759	0.849	0.754	0.832	0.095	0.095	0.693	0.713	0.837	0.834	0.768	0.790	0.718	0.777	0.785	0.824	0.094	0.093	0.895	0.677	0.781	0.763	0.783	0.813	0.875	0.685	0.742	0.804	0.094	0.096	0.750	0.883	0.778	0.860	0.803	0.835	0.689	0.764	0.678	0.793	0.092	0.096	0.903	0.855	0.828	0.830	0.910	0.793	0.849	0.669	0.726	0.771	0.092	0.096	0.697	0.899	0.884	0.760	0.813	0.792	0.703	0.787	0.680	0.777	0.092	0.096	0.094	0.096	0.094	0.094	0.094	0.096	0.096	0.096	0.094	0.093	0.092
51:00:52	21.8	0.095	0.093	0.095	0.096	0.096	0.096	0.092	0.093	0.094	0.096	0.094	0.094	0.094	0.805	0.873	0.849	0.791	0.842	0.775	0.767	0.860	0.762	0.844	0.095	0.095	0.705	0.722	0.845	0.845	0.773	0.796	0.731	0.784	0.797	0.830	0.094	0.093	0.904	0.688	0.789	0.769	0.789	0.820	0.881	0.701	0.758	0.810	0.094	0.096	0.764	0.892	0.787	0.868	0.810	0.842	0.704	0.773	0.694	0.800	0.092	0.096	0.909	0.869	0.838	0.837	0.913	0.801	0.860	0.686	0.740	0.780	0.092	0.096	0.707	0.900	0.889	0.772	0.822	0.801	0.713	0.794	0.694	0.783	0.092	0.096	0.094	0.097	0.094	0.094	0.094	0.096	0.096	0.096	0.094	0.093	0.093
52:00:53	21.6	0.095	0.093	0.095	0.096	0.096	0.096	0.092	0.093	0.094	0.096	0.094	0.094	0.094	0.811	0.884	0.856	0.799	0.851	0.782	0.773	0.871	0.770	0.860	0.094	0.095	0.713	0.729	0.853	0.853	0.777	0.803	0.743	0.790	0.811	0.835	0.094	0.093	0.913	0.696	0.794	0.776	0.794	0.825	0.889	0.715	0.772	0.815	0.094	0.096	0.774	0.902	0.795	0.878	0.816	0.853	0.717	0.784	0.711	0.806	0.092	0.096	0.918	0.882	0.841	0.843	0.921	0.809	0.873	0.702	0.753	0.788	0.093	0.096	0.714	0.915	0.897	0.780	0.822	0.811	0.724	0.804	0.708	0.790	0.092	0.096	0.094	0.096	0.094	0.094	0.094	0.096	0.096	0.096	0.094	0.093	0.093
53:00:53	21.3	0.095	0.093	0.095	0.096	0.096	0.096	0.092	0.093	0.094	0.096	0.094	0.094	0.094	0.817	0.894	0.860	0.802	0.860	0.787	0.779	0.882	0.776	0.874	0.095	0.095	0.723	0.734	0.865	0.867	0.781	0.809	0.755	0.795	0.826	0.840	0.094	0.093	0.923	0.706	0.799	0.780	0.799	0.830	0.899	0.728	0.786	0.821	0.094	0.096	0.783	0.913	0.802	0.887	0.820	0.864	0.729	0.796	0.729	0.812	0.092	0.096	0.928	0.877	0.848	0.844	0.929	0.814	0.887	0.720	0.767	0.795	0.092	0.096	0.724	0.922	0.907	0.789	0.832	0.819	0.736	0.811	0.722	0.793	0.092	0.096	0.094	0.096	0.094	0.094	0.094	0.096	0.096	0.096	0.094	0.093	0.093
54:00:55	21.0	0.095	0.093	0.095	0.096	0.096	0.096	0.092	0.093	0.094	0.096	0.094	0.094	0.094	0.821	0.903	0.863	0.805	0.870	0.791	0.783	0.894	0.782	0.889	0.095	0.095	0.731	0.739	0.877	0.871	0.783	0.814	0.766	0.799	0.842	0.843	0.094	0.093	0.935	0.713	0.801	0.783	0.801	0.834	0.909	0.742	0.800	0.824	0.094	0.096	0.790	0.923	0.808	0.897	0.824	0.876	0.741	0.810	0.745	0.816	0.092	0.096	0.939	0.883	0.849	0.846	0.938	0.819	0.901	0.739	0.785	0.802	0.093	0.096	0.734	0.927	0.917	0.799	0.838	0.828	0.748	0.820	0.740	0.796	0.092	0.096	0.094	0.096	0.094	0.094	0.094	0.096	0.096	0.096	0.094	0.093	0.093
55:00:56	20.7	0.095	0.093	0.095	0.096	0.096	0.096	0.093	0.093	0.094	0.096	0.094	0.094	0.094	0.824	0.914	0.868	0.810	0.880	0.797	0.789	0.903	0.789	0.907	0.094	0.095	0.740	0.743	0.889	0.887	0.786	0.819	0.777	0.804	0.860	0.847	0.094	0.094	0.945	0.721	0.805	0.788	0.805	0.839	0.921	0.753	0.813	0.829	0.094	0.096	0.796	0.934	0.815	0.907	0.828	0.887	0.752	0.826	0.758	0.821	0.092	0.096	0.947	0.891	0.855	0.847	0.946	0.824	0.917	0.756	0.804	0.810	0.093	0.096	0.743	0.929	0.927	0.808	0.842	0.835	0.761	0.821	0.757	0.797	0.092	0.096	0.094	0.096	0.094	0.094	0.094	0.096	0.096	0.096	0.094	0.093	0.093
56:00:56	20.4	0.095	0.093	0.095	0.096	0.096	0.096	0.093	0.093	0.094	0.096	0.094	0.093	0.094	0.828	0.928	0.872	0.814	0.893	0.802	0.796	0.912	0.795	0.924	0.094	0.094	0.746	0.747	0.899	0.889	0.788	0.824	0.788	0.806	0.876	0.853	0.094	0.093	0.954	0.728	0.808	0.790	0.807	0.842	0.929	0.764	0.822	0.834	0.094	0.096	0.799	0.945	0.821	0.919	0.833	0.900	0.763	0.843	0.771	0.827	0.092	0.097	0.959	0.899	0.863	0.851	0.955	0.827	0.931	0.769	0.820	0.818	0.092	0.096	0.751	0.933	0.936	0.815	0.847	0.842	0.775	0.826	0.774	0.801	0.092	0.096	0.094	0.096	0.094	0.094	0.094	0.096	0.096	0.096	0.094	0.093	0.093
57:00:58	20.1	0.095	0.093	0.095	0.096	0.097	0.096	0.093	0.093	0.094	0.096	0.094	0.094	0.094	0.831	0.937	0.875	0.817	0.904	0.807	0.801	0.924	0.802	0.938	0.095	0.094	0.752	0.751	0.910	0.900	0.790	0.828	0.797	0.810	0.893	0.858	0.094	0.093	0.965	0.735	0.812	0.794	0.810	0.847	0.942	0.773	0.831	0.840	0.094	0.096	0.804	0.956	0.826	0.929	0.836	0.912	0.773	0.859	0.782	0.832	0.092	0.097	0.969	0.906	0.869	0.854	0.963	0.830	0.943	0.783	0.835	0.825	0.093	0.096	0.758	0.941	0.946	0.824	0.850	0.852	0.787	0.834	0.789	0.803	0.092	0.096	0.094	0.097	0.094	0.094	0.094	0.096	0.096	0.096	0.094	0.093	0.093
58:00:59	20.1	0.095	0.093	0.095	0.096	0.096	0.096	0.093	0.093	0.094	0.096	0.094	0.094	0.094	0.834	0.943	0.878	0.820	0.914	0.811	0.805	0.931	0.806	0.948	0.095	0.094	0.755	0.752	0.918	0.909	0.791	0.831	0.804	0.812	0.906	0.862	0.094	0.094	0.974	0.741	0.814	0.794	0.813	0.849	0.950	0.780	0.838	0.844	0.094	0.096	0.808	0.966	0.831	0.940	0.839	0.922	0.781	0.869	0.790	0.837	0.092	0.097	0.975	0.911	0.872	0.857	0.973	0.833	0.954	0.792	0.845	0.832	0.093	0.096	0.765	0.939	0.953	0.832	0.863	0.856	0.799	0.842	0.801	0.806	0.092	0.096	0.094	0.097	0.094	0.094	0.094	0.096	0.096	0.096	0.094	0.093	0.093
59:01:00	20.0	0.095	0.093	0.095	0.096	0.097	0.096	0.093	0.093	0.094	0.096	0.094	0.094	0.094	0.838	0.949	0.881	0.823	0.923	0.814	0.811	0.941	0.810	0.956	0.095	0.094	0.760	0.756	0.928	0.917	0.794	0.833	0.809	0.815	0.915	0.867	0.095	0.094	0.984	0.748	0.817	0.797	0.816	0.852	0.959	0.785	0.842	0.848	0.094	0.096	0.812	0.974	0.835	0.947	0.842	0.931	0.788	0.877	0.796	0.841	0.092	0.097	0.984	0.914	0.875	0.860	0.980	0.836	0.962	0.799	0.855	0.836	0.093	0.097	0.770	0.944	0.962	0.837	0.861	0.862	0.808	0.847	0.813	0.809	0.092	0.096	0.094	0.097	0.094	0.094	0.094	0.096	0.096	0.096	0.094	0.093	0.093
60:00:59	20.0	0.095	0.093	0.095	0.096	0.096	0.096	0.093	0.093	0.094	0.096	0.094	0.094	0.094	0.840	0.957	0.884	0.825	0.930	0.818	0.815	0.947	0.815	0.965	0.095	0.095	0.763	0.758	0.934	0.926	0.796	0.836	0.814	0.818	0.926	0.871	0.094	0.093	0.991	0.754	0.820	0.799	0.819	0.855	0.967	0.790	0.846	0.853	0.094	0.096	0.817	0.982	0.839	0.954	0.845	0.940	0.793	0.884	0.803	0.846	0.092	0.097	0.993	0.917	0.876	0.863	0.989	0.839	0.970	0.807	0.864	0.843	0.093	0.097	0.776	0.946	0.968	0.842	0.875	0.868	0.818	0.852	0.823	0.812	0.093	0.096	0.094	0.096	0.094	0.094	0.094	0.096	0.096	0.096	0.094	0.093	0.093
61:01:01	20.0	0.095	0.093	0.095	0.096	0.096	0.096	0.093	0.093	0.094	0.096	0.093	0.093	0.094	0.843	0.962	0.885	0.826	0.936	0.820	0.818	0.952	0.815	0.972	0.095	0.095	0.769	0.760	0.941	0.932	0.797	0.837	0.816	0.819	0.933	0.875	0.094	0.093	0.999	0.760	0.821	0.799	0.821	0.856	0.974	0.794	0.852	0.856	0.094	0.096	0.821	0.990	0.842	0.960	0.847	0.945	0.797	0.887	0.807	0.848	0.092	0.097	1.001	0.920	0.880	0.864	0.995	0.841	0.977	0.811	0.871	0.847	0.093	0.096	0.780	0.953	0.975	0.848	0.869	0.872	0.825	0.857	0.833	0.814	0.092	0.096	0.094	0.096	0.094	0.094	0.093	0.096	0.096	0.096	0.094	0.093	0.093
62:01:02	19.9	0.095	0.093	0.095	0.096	0.096	0.096	0.093	0.093	0.094	0.096	0.094	0.094	0.094	0.846	0.967	0.887	0.829	0.942	0.822	0.820	0.957	0.817	0.978	0.095	0.095	0.772	0.761	0.948	0.940	0.798	0.840	0.820	0.821	0.941	0.879	0.095	0.093	1.006	0.765	0.823	0.802	0.823	0.858	0.980	0.797	0.855	0.859	0.094	0.096	0.824	0.996	0.844	0.967	0.849	0.953	0.799	0.890	0.810	0.851	0.092	0.097	1.009	0.924	0.882	0.866	1.001	0.843	0.985	0.815	0.876	0.851	0.093	0.096	0.784	0.958	0.982	0.853	0.879	0.869	0.833	0.861	0.840	0.817	0.093	0.096	0.094	0.096	0.094	0.094	0.094	0.096	0.096	0.096	0.094	0.093	0.093
63:01:03	19.9	0.095	0.093	0.095	0.096	0.096	0.096	0.093	0.093	0.094	0.096	0.094	0.094	0.094	0.851	0.972	0.891	0.832	0.952	0.826	0.826	0.964	0.821	0.987	0.095	0.095	0.776	0.763	0.954	0.949	0.802	0.842	0.823	0.825	0.949	0.884	0.095	0.093	1.013	0.767	0.827	0.804	0.826	0.862	0.986	0.800	0.858	0.866	0.094	0.096	0.829	1.004	0.847	0.974	0.853	0.960	0.803	0.895	0.813	0.858	0.092	0.097	1.015	0.928	0.885	0.868	1.007	0.846	0.991	0.819	0.884	0.859	0.093	0.097	0.789	0.963	0.987	0.857	0.889	0.877	0.839	0.864	0.848	0.821	0.092	0.096	0.094	0.097	0.094	0.094	0.094	0.096	0.096	0.096	0.094	0.093	0.093
64:01:04	19.9	0.095	0.093	0.095	0.096	0.096	0.096	0.093	0.093	0.094	0.096	0.094	0.094	0.095	0.854	0.978	0.894	0.834	0.958	0.829	0.829	0.971	0.823	0.993	0.095	0.095	0.779	0.765	0.960	0.954	0.803	0.844	0.823	0.827	0.955	0.890	0.095	0.094	1.017	0.772	0.829	0.806	0.829	0.863	0.993	0.799	0.861	0.869	0.094	0.096	0.834	1.010	0.849	0.980	0.854	0.968	0.805	0.897	0.815	0.860	0.092	0.097	1.023	0.930	0.888	0.870	1.018	0.849	0.998	0.823	0.889	0.862	0.093	0.097	0.793	0.978	0.994	0.862	0.889	0.877	0.845	0.862	0.855	0.824	0.093	0.096	0.094	0.096	0.094	0.094	0.094	0.096	0.096	0.096	0.094	0.093	0.093
65:01:04	19.9	0.095	0.093	0.095	0.096	0.096	0.096	0.092	0.093	0.094	0.096	0.094	0.094	0.094	0.858	0.983	0.896	0.837	0.966	0.831	0.831	0.975	0.826	1.000	0.095	0.095	0.781	0.765	0.965	0.961	0.805	0.846	0.825	0.829	0.961	0.894	0.095	0.093	1.023	0.776	0.831	0.808	0.831	0.866	0.998	0.802	0.864	0.874	0.094	0.096	0.837	1.017	0.851	0.987	0.856	0.970	0.807	0.901	0.817	0.864	0.092	0.097	1.030	0.933	0.890	0.871	1.022	0.850	1.004	0.824	0.892	0.868	0.093	0.097	0.798	0.970	0.999	0.866	0.883	0.879	0.850	0.864	0.860	0.829	0.092	0.096	0.094	0.096	0.094	0.094	0.094	0.096	0.096	0.096	0.094	0.093	0.093
66:01:07	19.9	0.095	0.093	0.095	0.096	0.096	0.096	0.093	0.093	0.094	0.096	0.094	0.094	0.094	0.862	0.989	0.900	0.839	0.974	0.833	0.834	0.982	0.829	1.006	0.095	0.095	0.785	0.767	0.972	0.968	0.807	0.849	0.826	0.831	0.969	0.899	0.094	0.093	1.033	0.779	0.834	0.809	0.833	0.868	1.006	0.803	0.867	0.878	0.094	0.096	0.841	1.024	0.853	0.993	0.858	0.981	0.809	0.905	0.819	0.868	0.092	0.097	1.038	0.935	0.892	0.873	1.031	0.853	1.011	0.826	0.898	0.872	0.093	0.096	0.805	0.970	1.006	0.868	0.894	0.880	0.856	0.867	0.864	0.832	0.092	0.096	0.094	0.096	0.094	0.094	0.094	0.096	0.096	0.096	0.094	0.093	0.093
67:01:07	19.8	0.095	0.093	0.095	0.096	0.096	0.096	0.092	0.093	0.094	0.095	0.094	0.094	0.094	0.867	0.995	0.903	0.842	0.981	0.836	0.836	0.989	0.832	1.014	0.095	0.095	0.788	0.767	0.977	0.974	0.809	0.850	0.827	0.833	0.975	0.903	0.094	0.093	1.040	0.780	0.837	0.811	0.836	0.871	1.011	0.803	0.869	0.882	0.094	0.096	0.844	1.031	0.854	1.000	0.859	0.988	0.810	0.907	0.821	0.872	0.092	0.097	1.047	0.938	0.895	0.874	1.037	0.855	1.018	0.829	0.903	0.876	0.093	0.096	0.809	0.974	1.011	0.871	0.898	0.878	0.859	0.876	0.870	0.836	0.093	0.096	0.094	0.096	0.094	0.094	0.094	0.096	0.096	0.096	0.094	0.093	0.093
68:01:09	20.0	0.095	0.093	0.095	0.096	0.096	0.096	0.093	0.093	0.094	0.096	0.094	0.094	0.094	0.870	0.999	0.906	0.844	0.987	0.838	0.835	0.993	0.833	1.018	0.095	0.095	0.791	0.768	0.985	0.979	0.811	0.850	0.826	0.835	0.979	0.906	0.095	0.093	1.047	0.781	0.840	0.813	0.838	0.872	1.017	0.803	0.870	0.885	0.094	0.096	0.846	1.037	0.856	1.005	0.861	0.993	0.812	0.910	0.821	0.874	0.092	0.097	1.055	0.939	0.897	0.876	1.044	0.857	1.023	0.829	0.904	0.879	0.093	0.096	0.812	0.977	1.018	0.873	0.899	0.882	0.861	0.877	0.870	0.840	0.092	0.096	0.094	0.096	0.095	0.094	0.094	0.096	0.096	0.096	0.094	0.093	0.093
69:01:09	20.4	0.095	0.093	0.095	0.096	0.095	0.096	0.092	0.093	0.094	0.096	0.094	0.094	0.094	0.872	1.004	0.908	0.846	0.990	0.837	0.830	0.997	0.829	1.016	0.095	0.094	0.791	0.768	0.985	0.983	0.813	0.847	0.824	0.835	0.981	0.908	0.095	0.093	1.052	0.781	0.841	0.813	0.839	0.869	1.021	0.799	0.870	0.884	0.094	0.096	0.846	1.042	0.854	1.008	0.860	0.995	0.810	0.908	0.819	0.873	0.092	0.097	1.061	0.938	0.897	0.875	1.047	0.857	1.027	0.825	0.902	0.881	0.092	0.097	0.808	0.977	1.022	0.873	0.894	0.878	0.860	0.878	0.869	0.841	0.092	0.096	0.094	0.096	0.094	0.094	0.094	0.096	0.096	0.096	0.094	0.093	0.093
70:01:09	20.9	0.095	0.093	0.095	0.096	0.095	0.096	0.092	0.093	0.094	0.095	0.093	0.093	0.094	0.875	1.006	0.910	0.846	0.992	0.838	0.828	1.000	0.828	1.019	0.095	0.093	0.793	0.767	0.987	0.986	0.813	0.846	0.820	0.836	0.984	0.911	0.094	0.093	1.054	0.780	0.841	0.813	0.840	0.869	1.023	0.796	0.867	0.886	0.094	0.096	0.848	1.044	0.854	1.011	0.858	0.998	0.806	0.907	0.815	0.873	0.092	0.096	1.065	0.936	0.895	0.874	1.050	0.858	1.031	0.821	0.898	0.880	0.092	0.096	0.812	0.975	1.023	0.871	0.882	0.866	0.855	0.876	0.864	0.843	0.092	0.096	0.093	0.096	0.094	0.094	0.093	0.095	0.096	0.096	0.093	0.093	0.093
71:01:11	21.5	0.095	0.093	0.095	0.096	0.096	0.095	0.092	0.093	0.094	0.095	0.093	0.094	0.094	0.876	1.011	0.914	0.848	0.994	0.835	0.822	1.003	0.825	1.018	0.095	0.094	0.791	0.766	0.990	0.991	0.814	0.842	0.814	0.836	0.985	0.912	0.095	0.093	1.054	0.779	0.843	0.813	0.841	0.868	1.025	0.789	0.864	0.887	0.094	0.096	0.849	1.045	0.852	1.013	0.856	1.000	0.801	0.905	0.809	0.870	0.092	0.097	1.066	0.935	0.893	0.872	1.052	0.857	1.034	0.814	0.891	0.877	0.092	0.096	0.812	0.990	1.023	0.869	0.871	0.863	0.848	0.872	0.856	0.844	0.092	0.096	0.093	0.096	0.094	0.094	0.093	0.096	0.096	0.096	0.093	0.093	0.093
72:01:11	21.9	0.094	0.093	0.094	0.096	0.095	0.095	0.092	0.092	0.094	0.095	0.093	0.093	0.094	0.878	1.014	0.917	0.850	0.996	0.834	0.820	1.008	0.823	1.021	0.095	0.094	0.789	0.763	0.995	0.998	0.816	0.841	0.810	0.836	0.989	0.913	0.094	0.093	1.055	0.774	0.844	0.813	0.842	0.868	1.026	0.786	0.862	0.888	0.094	0.095	0.848	1.047	0.851	1.016	0.855	1.004	0.796	0.904	0.805	0.869	0.092	0.096	1.067	0.932	0.891	0.871	1.055	0.858	1.035	0.807	0.884	0.875	0.092	0.096	0.811	0.975	1.025	0.865	0.867	0.861	0.843	0.870	0.848	0.844	0.092	0.096	0.093	0.096	0.094	0.094	0.093	0.095	0.096	0.095	0.093	0.093	0.093

