Time	T° 600	A1	A2	A3	A4	A5	A6	A7	A8	A9	A10	A11	A12	B1	B2	B3	B4	B5	B6	B7	B8	B9	B10	B11	B12	C1	C2	C3	C4	C5	C6	C7	C8	C9	C10	C11	C12	D1	D2	D3	D4	D5	D6	D7	D8	D9	D10	D11	D12	E1	E2	E3	E4	E5	E6	E7	E8	E9	E10	E11	E12	F1	F2	F3	F4	F5	F6	F7	F8	F9	F10	F11	F12	G1	G2	G3	G4	G5	G6	G7	G8	G9	G10	G11	G12	H1	H2	H3	H4	H5	H6	H7	H8	H9	H10	H11	H12
0:00:06	18.7	0.090	0.092	0.090	0.094	0.092	0.093	0.090	0.091	0.091	0.091	0.091	0.092	0.091	0.188	0.217	0.168	0.152	0.219	0.219	0.205	0.227	0.131	0.205	0.092	0.090	0.173	0.187	0.228	0.213	0.179	0.210	0.185	0.194	0.199	0.258	0.092	0.090	0.167	0.161	0.182	0.098	0.210	0.178	0.163	0.159	0.211	0.208	0.090	0.092	0.174	0.200	0.176	0.191	0.156	0.215	0.149	0.194	0.213	0.212	0.090	0.093	0.201	0.200	0.200	0.196	0.196	0.186	0.191	0.227	0.190	0.203	0.089	0.092	0.099	0.219	0.191	0.157	0.210	0.195	0.096	0.212	0.148	0.158	0.089	0.092	0.093	0.090	0.090	0.090	0.091	0.092	0.092	0.092	0.090	0.091	0.090
1:00:05	19.4	0.090	0.092	0.091	0.094	0.092	0.093	0.091	0.093	0.091	0.091	0.091	0.092	0.091	0.192	0.223	0.173	0.157	0.224	0.223	0.210	0.234	0.135	0.211	0.092	0.089	0.178	0.191	0.232	0.218	0.184	0.217	0.191	0.197	0.203	0.262	0.092	0.090	0.172	0.165	0.187	0.101	0.214	0.183	0.169	0.164	0.218	0.213	0.090	0.093	0.180	0.204	0.178	0.196	0.160	0.222	0.153	0.199	0.197	0.222	0.089	0.093	0.205	0.205	0.215	0.202	0.200	0.192	0.194	0.233	0.195	0.211	0.089	0.092	0.100	0.225	0.198	0.162	0.218	0.201	0.098	0.220	0.152	0.163	0.090	0.092	0.092	0.090	0.090	0.090	0.091	0.092	0.092	0.092	0.090	0.091	0.090
2:00:06	19.9	0.091	0.093	0.091	0.093	0.093	0.093	0.091	0.093	0.091	0.091	0.092	0.092	0.091	0.198	0.230	0.177	0.164	0.232	0.231	0.217	0.241	0.139	0.219	0.092	0.090	0.183	0.197	0.239	0.226	0.193	0.224	0.198	0.204	0.211	0.272	0.092	0.090	0.177	0.169	0.192	0.105	0.221	0.189	0.175	0.170	0.226	0.219	0.090	0.093	0.185	0.211	0.185	0.203	0.164	0.230	0.158	0.207	0.194	0.229	0.090	0.093	0.212	0.212	0.218	0.209	0.208	0.199	0.200	0.243	0.204	0.220	0.089	0.093	0.102	0.233	0.205	0.166	0.225	0.208	0.099	0.228	0.157	0.168	0.090	0.092	0.093	0.090	0.090	0.090	0.091	0.092	0.093	0.093	0.090	0.091	0.091
3:00:06	20.2	0.091	0.092	0.091	0.094	0.093	0.093	0.091	0.093	0.091	0.091	0.092	0.093	0.091	0.204	0.236	0.181	0.170	0.239	0.237	0.225	0.248	0.154	0.226	0.092	0.090	0.189	0.201	0.246	0.233	0.200	0.230	0.205	0.211	0.218	0.282	0.093	0.090	0.182	0.175	0.198	0.107	0.226	0.194	0.180	0.175	0.234	0.225	0.090	0.094	0.190	0.217	0.190	0.210	0.168	0.236	0.163	0.215	0.196	0.236	0.090	0.093	0.217	0.219	0.200	0.216	0.215	0.205	0.209	0.250	0.211	0.227	0.090	0.092	0.103	0.241	0.211	0.171	0.231	0.214	0.101	0.234	0.162	0.174	0.090	0.092	0.093	0.090	0.090	0.091	0.091	0.092	0.093	0.093	0.091	0.091	0.091
4:00:07	20.5	0.091	0.092	0.091	0.094	0.093	0.093	0.091	0.092	0.091	0.091	0.092	0.093	0.091	0.210	0.243	0.184	0.176	0.247	0.244	0.233	0.255	0.158	0.233	0.092	0.090	0.195	0.208	0.251	0.240	0.207	0.237	0.211	0.219	0.224	0.289	0.093	0.090	0.187	0.181	0.204	0.111	0.233	0.199	0.184	0.180	0.240	0.230	0.090	0.094	0.195	0.225	0.196	0.215	0.174	0.245	0.168	0.222	0.201	0.243	0.090	0.093	0.223	0.225	0.202	0.223	0.222	0.213	0.216	0.257	0.219	0.234	0.090	0.093	0.104	0.248	0.216	0.176	0.237	0.220	0.103	0.241	0.168	0.180	0.090	0.092	0.093	0.090	0.090	0.091	0.091	0.092	0.093	0.093	0.091	0.091	0.091
5:00:08	20.6	0.091	0.092	0.091	0.094	0.093	0.093	0.091	0.091	0.091	0.091	0.092	0.093	0.091	0.216	0.249	0.188	0.182	0.254	0.250	0.241	0.263	0.162	0.238	0.092	0.089	0.199	0.217	0.260	0.248	0.214	0.242	0.218	0.226	0.230	0.295	0.094	0.090	0.192	0.186	0.210	0.117	0.239	0.204	0.189	0.184	0.247	0.236	0.090	0.095	0.201	0.230	0.203	0.222	0.179	0.252	0.172	0.228	0.206	0.249	0.090	0.093	0.228	0.232	0.204	0.229	0.230	0.218	0.224	0.263	0.225	0.240	0.090	0.092	0.106	0.254	0.221	0.181	0.245	0.228	0.105	0.248	0.173	0.184	0.090	0.092	0.093	0.090	0.090	0.091	0.091	0.092	0.093	0.093	0.090	0.091	0.091
6:00:10	20.5	0.090	0.092	0.091	0.094	0.093	0.093	0.091	0.091	0.091	0.091	0.092	0.093	0.091	0.223	0.256	0.194	0.188	0.262	0.255	0.248	0.271	0.166	0.245	0.092	0.090	0.204	0.222	0.266	0.256	0.221	0.247	0.224	0.233	0.237	0.301	0.094	0.090	0.196	0.190	0.218	0.125	0.244	0.208	0.193	0.188	0.254	0.242	0.090	0.097	0.205	0.236	0.210	0.228	0.183	0.260	0.177	0.236	0.212	0.255	0.090	0.093	0.236	0.236	0.204	0.236	0.239	0.226	0.229	0.269	0.231	0.247	0.090	0.093	0.107	0.261	0.225	0.186	0.251	0.236	0.108	0.254	0.179	0.190	0.090	0.092	0.093	0.090	0.090	0.091	0.091	0.092	0.093	0.093	0.091	0.091	0.090
7:00:13	20.5	0.091	0.093	0.091	0.094	0.093	0.093	0.091	0.092	0.091	0.091	0.092	0.093	0.091	0.228	0.263	0.197	0.193	0.267	0.261	0.255	0.278	0.173	0.251	0.092	0.090	0.214	0.225	0.273	0.265	0.227	0.257	0.231	0.239	0.243	0.306	0.093	0.090	0.201	0.195	0.224	0.136	0.251	0.214	0.198	0.194	0.261	0.248	0.091	0.098	0.210	0.242	0.218	0.235	0.188	0.270	0.181	0.243	0.221	0.260	0.090	0.093	0.241	0.243	0.207	0.241	0.256	0.232	0.235	0.274	0.238	0.253	0.090	0.093	0.110	0.267	0.232	0.191	0.260	0.242	0.113	0.262	0.185	0.196	0.090	0.092	0.093	0.090	0.090	0.091	0.091	0.092	0.093	0.093	0.091	0.092	0.091
8:00:11	20.4	0.090	0.093	0.091	0.094	0.093	0.093	0.091	0.091	0.091	0.091	0.092	0.093	0.091	0.232	0.268	0.202	0.198	0.274	0.267	0.261	0.287	0.177	0.259	0.092	0.090	0.218	0.230	0.282	0.271	0.235	0.264	0.238	0.243	0.250	0.312	0.094	0.090	0.205	0.199	0.230	0.147	0.257	0.217	0.203	0.198	0.268	0.252	0.091	0.100	0.214	0.245	0.225	0.244	0.193	0.280	0.186	0.246	0.229	0.264	0.090	0.093	0.244	0.250	0.210	0.246	0.267	0.238	0.240	0.281	0.245	0.258	0.090	0.093	0.114	0.273	0.236	0.195	0.266	0.250	0.118	0.268	0.190	0.202	0.090	0.092	0.093	0.090	0.090	0.091	0.091	0.092	0.093	0.093	0.091	0.091	0.090
9:00:13	20.4	0.090	0.093	0.091	0.094	0.093	0.093	0.091	0.092	0.091	0.092	0.092	0.093	0.091	0.239	0.275	0.206	0.203	0.279	0.273	0.270	0.288	0.182	0.264	0.092	0.090	0.226	0.240	0.289	0.275	0.243	0.270	0.246	0.249	0.257	0.318	0.094	0.091	0.210	0.204	0.237	0.161	0.265	0.222	0.208	0.203	0.276	0.259	0.090	0.103	0.218	0.249	0.229	0.249	0.198	0.291	0.191	0.241	0.237	0.270	0.090	0.093	0.250	0.258	0.213	0.255	0.277	0.245	0.243	0.286	0.251	0.265	0.090	0.093	0.118	0.279	0.241	0.199	0.273	0.262	0.125	0.275	0.195	0.208	0.090	0.092	0.093	0.090	0.091	0.091	0.091	0.092	0.093	0.093	0.091	0.092	0.091
10:00:14	20.4	0.091	0.093	0.091	0.094	0.093	0.093	0.091	0.092	0.091	0.091	0.092	0.092	0.091	0.243	0.281	0.212	0.210	0.282	0.280	0.278	0.334	0.189	0.272	0.092	0.090	0.234	0.245	0.294	0.281	0.249	0.277	0.253	0.257	0.260	0.324	0.093	0.090	0.216	0.208	0.245	0.176	0.273	0.227	0.212	0.207	0.282	0.264	0.091	0.106	0.222	0.253	0.235	0.253	0.203	0.300	0.196	0.247	0.241	0.276	0.090	0.093	0.256	0.264	0.217	0.261	0.285	0.252	0.248	0.294	0.256	0.272	0.090	0.093	0.124	0.287	0.247	0.203	0.281	0.270	0.132	0.280	0.201	0.214	0.090	0.092	0.093	0.090	0.091	0.091	0.091	0.092	0.093	0.093	0.091	0.091	0.090
11:00:15	20.3	0.091	0.093	0.091	0.094	0.093	0.093	0.091	0.091	0.091	0.091	0.092	0.093	0.091	0.252	0.287	0.215	0.216	0.287	0.286	0.286	0.343	0.195	0.279	0.092	0.090	0.234	0.253	0.296	0.284	0.258	0.284	0.261	0.263	0.261	0.330	0.093	0.090	0.221	0.213	0.252	0.184	0.279	0.231	0.216	0.212	0.286	0.270	0.090	0.109	0.226	0.259	0.243	0.259	0.211	0.305	0.202	0.255	0.245	0.282	0.090	0.093	0.263	0.271	0.220	0.266	0.290	0.259	0.256	0.300	0.265	0.277	0.090	0.093	0.132	0.290	0.253	0.207	0.286	0.276	0.140	0.285	0.206	0.220	0.090	0.092	0.093	0.090	0.091	0.091	0.091	0.092	0.093	0.093	0.091	0.091	0.090
12:00:16	20.4	0.091	0.093	0.091	0.094	0.093	0.093	0.091	0.092	0.091	0.092	0.092	0.093	0.091	0.258	0.293	0.219	0.222	0.293	0.293	0.295	0.349	0.201	0.286	0.093	0.090	0.242	0.259	0.302	0.286	0.264	0.292	0.267	0.268	0.268	0.337	0.093	0.090	0.227	0.218	0.259	0.199	0.285	0.237	0.221	0.217	0.295	0.278	0.091	0.114	0.231	0.267	0.249	0.265	0.217	0.308	0.208	0.261	0.252	0.291	0.090	0.093	0.272	0.278	0.223	0.271	0.291	0.267	0.263	0.308	0.274	0.285	0.090	0.093	0.142	0.297	0.259	0.212	0.295	0.283	0.147	0.293	0.211	0.228	0.090	0.092	0.093	0.090	0.091	0.091	0.092	0.093	0.093	0.093	0.091	0.092	0.091
13:00:16	20.4	0.091	0.093	0.091	0.094	0.093	0.093	0.091	0.092	0.091	0.091	0.092	0.093	0.091	0.264	0.299	0.225	0.229	0.299	0.300	0.303	0.354	0.210	0.290	0.092	0.090	0.243	0.265	0.305	0.289	0.269	0.297	0.276	0.274	0.279	0.344	0.093	0.090	0.233	0.224	0.267	0.211	0.296	0.244	0.226	0.223	0.302	0.283	0.091	0.119	0.235	0.272	0.253	0.269	0.223	0.314	0.213	0.266	0.258	0.297	0.090	0.093	0.278	0.283	0.227	0.279	0.296	0.275	0.269	0.315	0.281	0.292	0.090	0.093	0.153	0.301	0.266	0.218	0.301	0.287	0.152	0.300	0.218	0.235	0.090	0.092	0.093	0.090	0.091	0.091	0.091	0.092	0.093	0.093	0.091	0.091	0.091
14:00:17	20.4	0.091	0.092	0.091	0.094	0.093	0.093	0.091	0.092	0.091	0.091	0.092	0.093	0.091	0.271	0.305	0.233	0.237	0.302	0.306	0.309	0.359	0.217	0.291	0.092	0.090	0.250	0.271	0.312	0.293	0.274	0.303	0.283	0.279	0.285	0.350	0.093	0.090	0.237	0.229	0.271	0.221	0.298	0.249	0.231	0.228	0.306	0.291	0.091	0.124	0.241	0.279	0.255	0.273	0.229	0.320	0.218	0.274	0.265	0.305	0.090	0.093	0.287	0.288	0.230	0.284	0.299	0.281	0.274	0.321	0.288	0.300	0.090	0.093	0.180	0.309	0.272	0.224	0.309	0.291	0.162	0.304	0.224	0.244	0.090	0.092	0.093	0.090	0.091	0.091	0.091	0.093	0.093	0.093	0.091	0.091	0.090
15:00:18	20.5	0.091	0.093	0.091	0.094	0.093	0.093	0.091	0.092	0.091	0.092	0.092	0.093	0.091	0.274	0.311	0.240	0.243	0.308	0.311	0.317	0.365	0.225	0.296	0.092	0.090	0.259	0.280	0.318	0.298	0.279	0.308	0.291	0.285	0.288	0.356	0.094	0.091	0.243	0.235	0.279	0.233	0.306	0.256	0.238	0.234	0.312	0.297	0.091	0.129	0.247	0.287	0.262	0.279	0.236	0.326	0.225	0.280	0.269	0.313	0.090	0.093	0.294	0.292	0.235	0.288	0.307	0.290	0.280	0.327	0.295	0.307	0.090	0.093	0.201	0.315	0.280	0.230	0.314	0.297	0.174	0.311	0.232	0.253	0.090	0.092	0.093	0.090	0.091	0.091	0.091	0.093	0.093	0.093	0.091	0.091	0.091
16:00:19	20.5	0.091	0.093	0.091	0.094	0.093	0.093	0.091	0.092	0.091	0.092	0.092	0.093	0.091	0.277	0.317	0.248	0.250	0.314	0.316	0.325	0.370	0.234	0.300	0.093	0.090	0.264	0.288	0.324	0.304	0.284	0.313	0.296	0.289	0.292	0.362	0.093	0.091	0.249	0.240	0.282	0.244	0.311	0.262	0.244	0.239	0.316	0.305	0.091	0.135	0.253	0.294	0.267	0.282	0.245	0.333	0.230	0.287	0.274	0.320	0.090	0.093	0.302	0.296	0.240	0.295	0.312	0.298	0.285	0.333	0.300	0.313	0.090	0.093	0.207	0.321	0.288	0.237	0.321	0.303	0.184	0.315	0.238	0.261	0.090	0.092	0.093	0.090	0.091	0.091	0.091	0.092	0.093	0.093	0.091	0.092	0.090
17:00:20	20.6	0.091	0.093	0.091	0.094	0.093	0.094	0.092	0.092	0.091	0.092	0.092	0.093	0.091	0.282	0.323	0.257	0.258	0.321	0.323	0.333	0.379	0.241	0.306	0.093	0.090	0.270	0.296	0.331	0.310	0.295	0.317	0.302	0.296	0.298	0.368	0.094	0.090	0.255	0.246	0.290	0.256	0.316	0.269	0.251	0.245	0.319	0.311	0.091	0.141	0.259	0.304	0.273	0.289	0.252	0.343	0.237	0.295	0.281	0.325	0.090	0.094	0.312	0.302	0.247	0.303	0.316	0.305	0.292	0.338	0.305	0.320	0.090	0.093	0.215	0.328	0.297	0.244	0.327	0.311	0.194	0.322	0.246	0.271	0.090	0.093	0.093	0.090	0.091	0.091	0.092	0.093	0.094	0.094	0.091	0.092	0.091
18:00:21	20.6	0.091	0.093	0.091	0.094	0.093	0.093	0.091	0.092	0.091	0.092	0.092	0.093	0.091	0.288	0.331	0.267	0.266	0.329	0.329	0.343	0.387	0.249	0.314	0.093	0.090	0.276	0.306	0.338	0.318	0.309	0.324	0.309	0.302	0.304	0.374	0.094	0.090	0.262	0.252	0.296	0.268	0.324	0.277	0.257	0.251	0.324	0.318	0.091	0.148	0.266	0.313	0.279	0.297	0.261	0.353	0.245	0.302	0.289	0.331	0.090	0.093	0.321	0.309	0.254	0.310	0.324	0.314	0.298	0.344	0.310	0.324	0.090	0.093	0.226	0.335	0.306	0.251	0.335	0.320	0.203	0.328	0.254	0.279	0.090	0.092	0.093	0.090	0.091	0.091	0.091	0.093	0.093	0.093	0.091	0.092	0.091
19:00:23	20.7	0.091	0.093	0.091	0.094	0.093	0.093	0.091	0.092	0.091	0.092	0.092	0.093	0.091	0.294	0.340	0.276	0.275	0.338	0.337	0.352	0.397	0.256	0.321	0.093	0.090	0.282	0.315	0.348	0.326	0.317	0.331	0.316	0.308	0.312	0.380	0.093	0.090	0.269	0.259	0.303	0.282	0.332	0.286	0.263	0.257	0.329	0.325	0.091	0.156	0.272	0.322	0.287	0.306	0.269	0.364	0.253	0.312	0.297	0.337	0.090	0.093	0.332	0.316	0.263	0.317	0.332	0.323	0.307	0.351	0.316	0.331	0.090	0.093	0.243	0.343	0.314	0.259	0.344	0.330	0.215	0.337	0.261	0.289	0.090	0.092	0.093	0.090	0.091	0.091	0.091	0.093	0.093	0.093	0.091	0.092	0.090
20:00:26	20.7	0.091	0.093	0.091	0.094	0.093	0.093	0.091	0.092	0.091	0.092	0.092	0.093	0.091	0.302	0.349	0.285	0.283	0.348	0.347	0.362	0.407	0.264	0.331	0.093	0.090	0.290	0.325	0.357	0.334	0.326	0.339	0.324	0.316	0.321	0.389	0.094	0.091	0.276	0.267	0.312	0.297	0.341	0.296	0.271	0.265	0.334	0.334	0.091	0.165	0.280	0.333	0.297	0.316	0.278	0.375	0.262	0.321	0.306	0.345	0.090	0.093	0.344	0.325	0.270	0.326	0.342	0.333	0.315	0.359	0.324	0.338	0.090	0.093	0.261	0.352	0.323	0.268	0.353	0.341	0.228	0.345	0.270	0.298	0.091	0.092	0.093	0.090	0.091	0.091	0.091	0.093	0.093	0.093	0.091	0.092	0.090
21:00:25	20.8	0.091	0.093	0.091	0.094	0.093	0.094	0.092	0.092	0.091	0.092	0.092	0.093	0.091	0.311	0.360	0.296	0.292	0.359	0.356	0.372	0.418	0.272	0.342	0.093	0.090	0.299	0.336	0.367	0.344	0.336	0.347	0.336	0.323	0.332	0.397	0.094	0.091	0.286	0.277	0.321	0.309	0.350	0.305	0.281	0.272	0.342	0.342	0.091	0.174	0.287	0.344	0.307	0.327	0.287	0.387	0.270	0.332	0.315	0.354	0.090	0.094	0.356	0.334	0.280	0.336	0.353	0.345	0.326	0.368	0.334	0.347	0.090	0.094	0.278	0.363	0.332	0.277	0.364	0.352	0.241	0.356	0.278	0.309	0.090	0.092	0.094	0.090	0.091	0.091	0.092	0.093	0.093	0.093	0.091	0.092	0.090
22:00:25	20.8	0.091	0.093	0.091	0.094	0.093	0.093	0.091	0.092	0.091	0.092	0.092	0.093	0.091	0.320	0.368	0.308	0.301	0.370	0.365	0.385	0.429	0.282	0.352	0.093	0.090	0.309	0.344	0.378	0.355	0.346	0.356	0.344	0.332	0.343	0.406	0.094	0.091	0.295	0.286	0.330	0.321	0.361	0.313	0.290	0.280	0.349	0.351	0.091	0.184	0.295	0.355	0.317	0.339	0.298	0.398	0.280	0.343	0.324	0.364	0.090	0.094	0.368	0.343	0.290	0.345	0.364	0.356	0.336	0.377	0.342	0.357	0.090	0.093	0.292	0.372	0.343	0.287	0.375	0.362	0.254	0.365	0.288	0.320	0.090	0.092	0.093	0.090	0.091	0.091	0.092	0.093	0.093	0.093	0.091	0.092	0.091
23:00:25	20.8	0.091	0.093	0.091	0.094	0.093	0.093	0.091	0.092	0.091	0.092	0.092	0.093	0.091	0.331	0.379	0.319	0.310	0.382	0.376	0.394	0.441	0.293	0.364	0.093	0.090	0.320	0.357	0.390	0.366	0.357	0.366	0.356	0.342	0.354	0.416	0.093	0.091	0.303	0.294	0.341	0.332	0.373	0.323	0.300	0.289	0.358	0.361	0.091	0.195	0.304	0.367	0.328	0.353	0.310	0.410	0.290	0.356	0.334	0.374	0.090	0.093	0.381	0.354	0.299	0.356	0.376	0.369	0.349	0.386	0.352	0.368	0.090	0.093	0.308	0.382	0.352	0.297	0.386	0.374	0.266	0.377	0.297	0.330	0.090	0.093	0.093	0.090	0.091	0.091	0.091	0.093	0.093	0.093	0.091	0.092	0.090
24:00:28	20.9	0.090	0.093	0.091	0.094	0.093	0.093	0.091	0.092	0.091	0.092	0.092	0.093	0.091	0.342	0.391	0.329	0.321	0.395	0.386	0.406	0.453	0.301	0.378	0.093	0.090	0.331	0.368	0.402	0.378	0.369	0.378	0.367	0.353	0.367	0.427	0.093	0.090	0.312	0.304	0.353	0.345	0.383	0.332	0.309	0.298	0.368	0.372	0.091	0.207	0.314	0.380	0.340	0.365	0.320	0.425	0.300	0.368	0.345	0.385	0.090	0.094	0.395	0.365	0.311	0.367	0.390	0.380	0.360	0.396	0.362	0.379	0.090	0.093	0.323	0.392	0.363	0.308	0.397	0.386	0.277	0.388	0.306	0.341	0.090	0.093	0.093	0.090	0.091	0.091	0.091	0.093	0.093	0.093	0.091	0.092	0.091
25:00:28	21.1	0.092	0.093	0.091	0.094	0.093	0.094	0.091	0.092	0.091	0.092	0.092	0.093	0.091	0.353	0.404	0.339	0.332	0.408	0.398	0.420	0.466	0.312	0.393	0.093	0.090	0.344	0.381	0.415	0.391	0.381	0.390	0.380	0.363	0.380	0.439	0.094	0.091	0.323	0.313	0.364	0.358	0.395	0.341	0.319	0.307	0.378	0.383	0.091	0.215	0.323	0.395	0.353	0.379	0.331	0.438	0.310	0.382	0.357	0.398	0.090	0.094	0.409	0.377	0.323	0.379	0.403	0.393	0.374	0.408	0.375	0.391	0.090	0.093	0.339	0.403	0.374	0.319	0.409	0.399	0.290	0.401	0.316	0.352	0.090	0.092	0.094	0.090	0.091	0.091	0.092	0.093	0.094	0.094	0.091	0.092	0.091
26:00:28	21.2	0.091	0.093	0.091	0.094	0.093	0.094	0.091	0.092	0.092	0.092	0.092	0.093	0.091	0.365	0.418	0.350	0.343	0.422	0.410	0.433	0.480	0.324	0.407	0.093	0.090	0.357	0.393	0.429	0.405	0.393	0.403	0.391	0.375	0.395	0.450	0.094	0.091	0.333	0.322	0.376	0.372	0.406	0.352	0.329	0.317	0.388	0.395	0.091	0.224	0.333	0.408	0.365	0.395	0.342	0.452	0.321	0.398	0.369	0.411	0.090	0.094	0.424	0.389	0.335	0.390	0.419	0.406	0.388	0.420	0.386	0.405	0.090	0.093	0.355	0.416	0.386	0.331	0.422	0.412	0.304	0.415	0.328	0.364	0.090	0.093	0.093	0.091	0.091	0.091	0.092	0.093	0.093	0.094	0.091	0.092	0.091
27:00:29	21.4	0.091	0.093	0.091	0.094	0.093	0.093	0.091	0.092	0.091	0.092	0.092	0.093	0.091	0.378	0.432	0.361	0.355	0.438	0.422	0.446	0.494	0.335	0.422	0.092	0.090	0.371	0.406	0.444	0.419	0.406	0.415	0.405	0.387	0.408	0.462	0.093	0.091	0.347	0.331	0.388	0.385	0.420	0.362	0.340	0.326	0.399	0.407	0.091	0.224	0.343	0.424	0.380	0.411	0.353	0.466	0.330	0.412	0.381	0.423	0.090	0.093	0.440	0.402	0.347	0.403	0.433	0.419	0.402	0.432	0.398	0.418	0.090	0.093	0.373	0.427	0.398	0.344	0.434	0.426	0.320	0.429	0.340	0.376	0.090	0.093	0.093	0.090	0.090	0.091	0.091	0.093	0.093	0.093	0.091	0.092	0.091
28:00:31	21.5	0.090	0.093	0.091	0.094	0.093	0.093	0.091	0.092	0.091	0.092	0.092	0.093	0.091	0.391	0.448	0.375	0.366	0.454	0.436	0.459	0.510	0.348	0.438	0.093	0.090	0.384	0.420	0.458	0.435	0.421	0.429	0.419	0.400	0.425	0.475	0.094	0.091	0.357	0.340	0.401	0.399	0.433	0.374	0.353	0.338	0.411	0.420	0.091	0.237	0.355	0.440	0.395	0.428	0.365	0.482	0.342	0.429	0.394	0.438	0.090	0.094	0.456	0.416	0.362	0.417	0.450	0.433	0.418	0.445	0.412	0.432	0.090	0.093	0.391	0.440	0.411	0.356	0.449	0.440	0.336	0.443	0.353	0.390	0.090	0.093	0.093	0.090	0.091	0.091	0.092	0.093	0.093	0.093	0.091	0.092	0.091
29:00:32	21.6	0.091	0.093	0.091	0.094	0.093	0.094	0.091	0.092	0.091	0.092	0.092	0.093	0.091	0.406	0.464	0.386	0.378	0.473	0.450	0.474	0.526	0.361	0.456	0.093	0.090	0.400	0.432	0.474	0.451	0.435	0.443	0.433	0.414	0.442	0.487	0.093	0.091	0.369	0.350	0.416	0.411	0.448	0.386	0.367	0.350	0.425	0.433	0.091	0.232	0.365	0.458	0.409	0.445	0.377	0.499	0.354	0.446	0.406	0.452	0.090	0.094	0.474	0.429	0.376	0.431	0.468	0.447	0.436	0.460	0.426	0.446	0.090	0.093	0.410	0.456	0.425	0.369	0.464	0.455	0.354	0.458	0.366	0.404	0.090	0.093	0.093	0.090	0.091	0.091	0.091	0.093	0.093	0.094	0.091	0.092	0.091
30:00:32	21.6	0.090	0.093	0.091	0.094	0.093	0.094	0.092	0.092	0.091	0.092	0.092	0.093	0.091	0.420	0.483	0.401	0.390	0.491	0.463	0.487	0.544	0.373	0.473	0.093	0.090	0.415	0.447	0.491	0.469	0.450	0.456	0.450	0.428	0.459	0.501	0.093	0.091	0.383	0.361	0.429	0.426	0.463	0.399	0.381	0.361	0.438	0.447	0.091	0.235	0.375	0.475	0.425	0.463	0.391	0.514	0.366	0.462	0.419	0.468	0.090	0.094	0.493	0.444	0.389	0.447	0.486	0.460	0.453	0.473	0.440	0.462	0.090	0.093	0.431	0.470	0.438	0.383	0.478	0.471	0.373	0.473	0.379	0.418	0.090	0.092	0.093	0.090	0.091	0.091	0.091	0.093	0.093	0.093	0.091	0.092	0.091
31:00:34	21.6	0.090	0.093	0.091	0.094	0.093	0.093	0.091	0.092	0.091	0.092	0.092	0.093	0.091	0.436	0.501	0.413	0.403	0.510	0.476	0.501	0.564	0.386	0.492	0.092	0.090	0.432	0.460	0.510	0.488	0.465	0.469	0.464	0.443	0.478	0.514	0.094	0.090	0.395	0.373	0.443	0.440	0.477	0.412	0.395	0.373	0.453	0.460	0.091	0.249	0.387	0.494	0.441	0.483	0.406	0.530	0.379	0.483	0.434	0.483	0.090	0.094	0.513	0.459	0.406	0.462	0.504	0.473	0.473	0.487	0.455	0.476	0.090	0.093	0.452	0.485	0.453	0.397	0.493	0.486	0.392	0.488	0.392	0.432	0.090	0.092	0.093	0.090	0.092	0.091	0.091	0.092	0.093	0.093	0.091	0.092	0.090
32:00:35	21.5	0.091	0.093	0.091	0.094	0.093	0.093	0.091	0.092	0.092	0.092	0.092	0.093	0.091	0.450	0.518	0.428	0.417	0.533	0.489	0.516	0.584	0.400	0.512	0.093	0.090	0.449	0.474	0.527	0.508	0.482	0.486	0.478	0.458	0.497	0.527	0.095	0.091	0.408	0.384	0.458	0.455	0.495	0.426	0.410	0.386	0.467	0.473	0.091	0.271	0.400	0.513	0.457	0.503	0.419	0.547	0.392	0.501	0.448	0.500	0.090	0.094	0.533	0.474	0.421	0.478	0.524	0.487	0.492	0.503	0.471	0.493	0.090	0.093	0.472	0.500	0.468	0.411	0.508	0.502	0.413	0.504	0.405	0.447	0.090	0.093	0.093	0.090	0.091	0.091	0.092	0.093	0.093	0.094	0.091	0.092	0.091
33:00:34	21.3	0.091	0.093	0.091	0.094	0.093	0.093	0.091	0.091	0.091	0.091	0.092	0.093	0.091	0.465	0.539	0.441	0.429	0.553	0.502	0.531	0.607	0.413	0.531	0.092	0.090	0.466	0.488	0.548	0.528	0.499	0.501	0.492	0.474	0.517	0.539	0.095	0.090	0.420	0.396	0.474	0.470	0.510	0.439	0.425	0.399	0.483	0.487	0.091	0.265	0.413	0.533	0.473	0.523	0.433	0.565	0.405	0.522	0.464	0.515	0.090	0.094	0.555	0.489	0.436	0.495	0.545	0.499	0.511	0.518	0.487	0.507	0.090	0.093	0.494	0.517	0.483	0.424	0.523	0.518	0.432	0.520	0.419	0.462	0.090	0.092	0.093	0.090	0.091	0.091	0.092	0.093	0.093	0.093	0.091	0.092	0.090
34:00:36	21.1	0.091	0.093	0.091	0.094	0.093	0.093	0.091	0.092	0.091	0.092	0.092	0.093	0.091	0.483	0.562	0.455	0.443	0.578	0.518	0.546	0.628	0.427	0.554	0.092	0.090	0.484	0.503	0.567	0.550	0.516	0.516	0.509	0.489	0.539	0.554	0.094	0.090	0.434	0.407	0.490	0.488	0.527	0.453	0.440	0.412	0.499	0.502	0.090	0.281	0.426	0.554	0.491	0.547	0.448	0.583	0.418	0.542	0.480	0.529	0.090	0.093	0.578	0.504	0.452	0.512	0.568	0.510	0.532	0.534	0.503	0.523	0.090	0.093	0.516	0.532	0.499	0.437	0.538	0.534	0.455	0.537	0.433	0.476	0.090	0.093	0.093	0.090	0.091	0.091	0.091	0.093	0.093	0.093	0.091	0.092	0.090
35:00:39	21.0	0.091	0.093	0.091	0.094	0.093	0.094	0.091	0.092	0.091	0.092	0.092	0.093	0.091	0.498	0.580	0.469	0.457	0.601	0.530	0.562	0.652	0.440	0.574	0.093	0.090	0.502	0.514	0.587	0.572	0.531	0.530	0.521	0.504	0.561	0.565	0.094	0.091	0.447	0.418	0.505	0.504	0.542	0.465	0.456	0.424	0.515	0.514	0.091	0.296	0.440	0.574	0.507	0.569	0.462	0.602	0.431	0.562	0.495	0.545	0.090	0.094	0.601	0.517	0.468	0.529	0.590	0.523	0.556	0.550	0.520	0.540	0.090	0.093	0.537	0.549	0.514	0.452	0.553	0.551	0.477	0.554	0.447	0.492	0.091	0.093	0.093	0.090	0.091	0.091	0.091	0.093	0.094	0.094	0.091	0.092	0.090
36:00:38	20.8	0.091	0.093	0.091	0.095	0.093	0.094	0.091	0.092	0.092	0.092	0.092	0.093	0.091	0.515	0.604	0.481	0.470	0.628	0.545	0.576	0.676	0.455	0.597	0.093	0.090	0.519	0.529	0.608	0.596	0.550	0.547	0.537	0.519	0.585	0.578	0.095	0.091	0.461	0.429	0.522	0.520	0.560	0.480	0.472	0.438	0.529	0.529	0.091	0.309	0.453	0.596	0.523	0.593	0.476	0.620	0.445	0.584	0.516	0.562	0.090	0.094	0.625	0.532	0.485	0.546	0.614	0.537	0.579	0.565	0.536	0.555	0.090	0.094	0.559	0.566	0.531	0.465	0.570	0.567	0.499	0.571	0.461	0.506	0.090	0.093	0.094	0.091	0.091	0.091	0.092	0.093	0.094	0.094	0.091	0.092	0.091
37:00:38	20.5	0.091	0.093	0.091	0.094	0.093	0.094	0.091	0.092	0.092	0.092	0.092	0.093	0.091	0.532	0.627	0.492	0.483	0.653	0.557	0.591	0.701	0.469	0.618	0.093	0.090	0.538	0.542	0.630	0.620	0.566	0.563	0.552	0.535	0.609	0.590	0.095	0.091	0.476	0.441	0.536	0.536	0.577	0.492	0.488	0.451	0.544	0.542	0.091	0.320	0.466	0.622	0.540	0.614	0.492	0.638	0.459	0.604	0.530	0.579	0.091	0.094	0.651	0.546	0.501	0.563	0.636	0.549	0.604	0.580	0.552	0.570	0.090	0.093	0.578	0.583	0.547	0.479	0.585	0.584	0.523	0.590	0.474	0.520	0.090	0.093	0.093	0.091	0.091	0.091	0.092	0.093	0.094	0.094	0.091	0.092	0.090
38:00:48	20.4	0.091	0.093	0.091	0.095	0.093	0.094	0.091	0.092	0.092	0.092	0.092	0.093	0.091	0.548	0.651	0.504	0.495	0.680	0.572	0.604	0.728	0.482	0.645	0.093	0.090	0.556	0.554	0.652	0.644	0.584	0.578	0.568	0.552	0.632	0.600	0.094	0.091	0.490	0.453	0.550	0.552	0.593	0.506	0.506	0.464	0.559	0.554	0.091	0.322	0.478	0.643	0.557	0.640	0.505	0.657	0.472	0.626	0.546	0.595	0.090	0.093	0.676	0.561	0.517	0.580	0.661	0.558	0.628	0.595	0.568	0.583	0.090	0.093	0.599	0.599	0.564	0.491	0.601	0.601	0.560	0.606	0.487	0.534	0.091	0.093	0.093	0.091	0.091	0.091	0.092	0.093	0.094	0.094	0.091	0.092	0.091
39:00:40	20.2	0.091	0.093	0.091	0.094	0.093	0.093	0.091	0.092	0.091	0.092	0.092	0.093	0.091	0.564	0.674	0.515	0.506	0.704	0.588	0.619	0.753	0.495	0.665	0.093	0.090	0.573	0.568	0.673	0.668	0.599	0.592	0.580	0.568	0.656	0.612	0.094	0.090	0.505	0.465	0.564	0.570	0.611	0.518	0.521	0.476	0.576	0.564	0.091	0.315	0.490	0.667	0.573	0.663	0.517	0.676	0.484	0.650	0.561	0.610	0.090	0.093	0.700	0.572	0.533	0.597	0.681	0.568	0.654	0.611	0.584	0.598	0.090	0.093	0.619	0.616	0.579	0.503	0.615	0.615	0.591	0.624	0.501	0.546	0.090	0.093	0.093	0.090	0.091	0.091	0.091	0.093	0.093	0.093	0.091	0.092	0.090
40:00:42	20.0	0.091	0.093	0.091	0.094	0.093	0.093	0.091	0.092	0.092	0.092	0.092	0.093	0.091	0.580	0.698	0.525	0.520	0.727	0.601	0.633	0.778	0.509	0.687	0.093	0.090	0.591	0.579	0.695	0.690	0.617	0.610	0.593	0.584	0.681	0.621	0.094	0.090	0.520	0.476	0.580	0.588	0.626	0.529	0.538	0.489	0.588	0.572	0.091	0.332	0.502	0.691	0.587	0.688	0.530	0.693	0.497	0.673	0.574	0.625	0.090	0.094	0.726	0.584	0.551	0.614	0.703	0.575	0.679	0.627	0.600	0.613	0.090	0.093	0.638	0.633	0.594	0.515	0.628	0.629	0.608	0.641	0.514	0.558	0.090	0.092	0.094	0.090	0.091	0.091	0.092	0.093	0.093	0.093	0.091	0.092	0.090
41:00:43	20.0	0.091	0.093	0.091	0.094	0.093	0.094	0.092	0.092	0.091	0.092	0.092	0.093	0.091	0.597	0.723	0.536	0.533	0.747	0.614	0.645	0.802	0.521	0.709	0.093	0.090	0.607	0.593	0.718	0.714	0.633	0.622	0.607	0.601	0.706	0.627	0.095	0.091	0.535	0.487	0.594	0.607	0.642	0.541	0.554	0.502	0.604	0.585	0.091	0.340	0.513	0.715	0.603	0.710	0.540	0.711	0.507	0.696	0.594	0.642	0.090	0.094	0.750	0.593	0.566	0.629	0.721	0.588	0.703	0.640	0.614	0.625	0.090	0.093	0.654	0.648	0.610	0.526	0.642	0.644	0.629	0.658	0.526	0.570	0.090	0.093	0.094	0.090	0.091	0.091	0.092	0.094	0.094	0.093	0.091	0.092	0.091
42:00:45	20.0	0.090	0.093	0.091	0.094	0.093	0.094	0.091	0.092	0.092	0.092	0.092	0.093	0.091	0.614	0.747	0.546	0.545	0.762	0.623	0.662	0.822	0.533	0.732	0.093	0.090	0.625	0.604	0.739	0.735	0.647	0.635	0.619	0.618	0.728	0.639	0.095	0.091	0.550	0.499	0.607	0.623	0.656	0.551	0.571	0.513	0.620	0.594	0.091	0.347	0.525	0.739	0.618	0.730	0.551	0.730	0.518	0.714	0.606	0.658	0.090	0.094	0.771	0.605	0.574	0.646	0.737	0.595	0.725	0.655	0.629	0.640	0.090	0.093	0.668	0.665	0.624	0.536	0.658	0.658	0.650	0.674	0.537	0.579	0.090	0.093	0.094	0.091	0.091	0.091	0.092	0.093	0.094	0.094	0.091	0.092	0.091
43:00:47	20.0	0.090	0.093	0.091	0.094	0.093	0.093	0.091	0.092	0.091	0.092	0.092	0.093	0.091	0.627	0.766	0.554	0.555	0.775	0.637	0.674	0.839	0.542	0.753	0.092	0.090	0.641	0.615	0.758	0.753	0.661	0.650	0.633	0.633	0.750	0.651	0.094	0.090	0.563	0.510	0.616	0.637	0.672	0.560	0.585	0.525	0.634	0.601	0.091	0.359	0.535	0.758	0.633	0.748	0.559	0.745	0.528	0.737	0.622	0.676	0.090	0.094	0.788	0.617	0.579	0.662	0.750	0.587	0.743	0.667	0.644	0.654	0.090	0.093	0.676	0.682	0.638	0.544	0.673	0.676	0.672	0.690	0.548	0.588	0.090	0.092	0.094	0.090	0.091	0.091	0.092	0.093	0.093	0.093	0.091	0.092	0.090
44:00:47	20.0	0.090	0.093	0.091	0.094	0.093	0.093	0.091	0.092	0.091	0.091	0.092	0.092	0.091	0.639	0.781	0.561	0.566	0.786	0.632	0.688	0.853	0.553	0.771	0.093	0.090	0.657	0.623	0.774	0.765	0.678	0.660	0.647	0.650	0.767	0.661	0.095	0.090	0.578	0.520	0.633	0.654	0.686	0.568	0.600	0.536	0.650	0.615	0.091	0.370	0.545	0.774	0.652	0.765	0.567	0.757	0.537	0.759	0.636	0.693	0.090	0.094	0.802	0.629	0.588	0.678	0.760	0.594	0.757	0.682	0.657	0.667	0.090	0.093	0.691	0.698	0.651	0.553	0.687	0.691	0.690	0.704	0.558	0.596	0.090	0.093	0.093	0.090	0.091	0.091	0.092	0.093	0.093	0.094	0.091	0.092	0.090
45:00:48	20.0	0.090	0.093	0.091	0.094	0.093	0.094	0.092	0.092	0.092	0.092	0.092	0.093	0.091	0.654	0.796	0.570	0.575	0.795	0.638	0.703	0.864	0.561	0.787	0.093	0.090	0.674	0.639	0.791	0.777	0.694	0.675	0.664	0.666	0.781	0.670	0.094	0.091	0.591	0.530	0.651	0.670	0.700	0.575	0.613	0.545	0.662	0.621	0.091	0.383	0.554	0.786	0.669	0.776	0.575	0.766	0.545	0.777	0.652	0.708	0.091	0.094	0.815	0.645	0.601	0.692	0.770	0.597	0.771	0.694	0.668	0.682	0.090	0.094	0.705	0.714	0.664	0.559	0.698	0.703	0.735	0.720	0.565	0.603	0.090	0.093	0.094	0.091	0.091	0.091	0.092	0.093	0.094	0.094	0.092	0.093	0.091
46:00:49	20.0	0.091	0.093	0.091	0.094	0.093	0.093	0.091	0.092	0.091	0.092	0.092	0.093	0.091	0.669	0.807	0.574	0.582	0.803	0.650	0.713	0.874	0.568	0.799	0.093	0.090	0.691	0.646	0.808	0.786	0.706	0.687	0.675	0.681	0.793	0.669	0.093	0.091	0.602	0.540	0.666	0.683	0.711	0.580	0.625	0.554	0.674	0.633	0.091	0.394	0.562	0.795	0.684	0.786	0.579	0.774	0.551	0.793	0.668	0.723	0.091	0.094	0.827	0.660	0.614	0.703	0.781	0.599	0.780	0.717	0.688	0.694	0.090	0.093	0.717	0.727	0.675	0.565	0.710	0.715	0.749	0.732	0.573	0.608	0.090	0.093	0.093	0.090	0.091	0.091	0.092	0.093	0.094	0.094	0.091	0.092	0.090
47:00:49	20.0	0.090	0.093	0.091	0.094	0.093	0.094	0.091	0.092	0.091	0.092	0.092	0.093	0.091	0.677	0.816	0.579	0.590	0.810	0.664	0.723	0.883	0.573	0.806	0.093	0.090	0.702	0.655	0.820	0.796	0.715	0.688	0.688	0.696	0.804	0.680	0.092	0.091	0.614	0.548	0.680	0.696	0.721	0.584	0.637	0.562	0.690	0.643	0.091	0.402	0.568	0.808	0.697	0.794	0.583	0.792	0.558	0.812	0.690	0.735	0.090	0.094	0.839	0.675	0.626	0.712	0.789	0.603	0.790	0.731	0.709	0.704	0.090	0.093	0.732	0.739	0.685	0.569	0.724	0.724	0.735	0.743	0.580	0.612	0.090	0.093	0.093	0.090	0.091	0.091	0.092	0.093	0.094	0.094	0.091	0.092	0.091
48:00:51	19.9	0.091	0.093	0.091	0.094	0.093	0.093	0.091	0.092	0.092	0.092	0.092	0.093	0.091	0.687	0.825	0.583	0.596	0.817	0.651	0.730	0.891	0.578	0.814	0.093	0.090	0.715	0.674	0.824	0.804	0.731	0.709	0.705	0.708	0.815	0.690	0.093	0.091	0.624	0.555	0.702	0.714	0.730	0.588	0.645	0.568	0.704	0.647	0.091	0.409	0.573	0.818	0.709	0.802	0.586	0.790	0.562	0.828	0.698	0.744	0.090	0.094	0.847	0.686	0.640	0.719	0.795	0.606	0.797	0.739	0.725	0.717	0.090	0.094	0.745	0.748	0.693	0.572	0.728	0.734	0.734	0.754	0.585	0.615	0.090	0.093	0.094	0.090	0.091	0.091	0.092	0.094	0.094	0.094	0.091	0.092	0.091
49:00:52	19.8	0.090	0.093	0.091	0.094	0.093	0.093	0.091	0.092	0.091	0.091	0.092	0.093	0.091	0.704	0.832	0.587	0.602	0.822	0.667	0.737	0.897	0.582	0.816	0.093	0.090	0.727	0.686	0.834	0.812	0.742	0.709	0.708	0.718	0.822	0.673	0.093	0.090	0.632	0.561	0.712	0.724	0.737	0.591	0.650	0.574	0.719	0.643	0.091	0.417	0.577	0.826	0.719	0.810	0.589	0.798	0.566	0.840	0.713	0.751	0.090	0.094	0.857	0.691	0.648	0.724	0.802	0.608	0.803	0.748	0.731	0.725	0.090	0.093	0.757	0.758	0.701	0.575	0.753	0.742	0.737	0.766	0.588	0.617	0.090	0.092	0.093	0.090	0.091	0.091	0.092	0.093	0.094	0.094	0.091	0.092	0.090
50:00:53	19.8	0.090	0.093	0.091	0.094	0.093	0.093	0.091	0.092	0.091	0.091	0.092	0.092	0.091	0.710	0.839	0.589	0.606	0.827	0.656	0.740	0.903	0.586	0.820	0.092	0.090	0.735	0.689	0.836	0.820	0.748	0.731	0.718	0.726	0.829	0.676	0.092	0.090	0.641	0.567	0.719	0.734	0.744	0.593	0.657	0.578	0.728	0.649	0.091	0.439	0.582	0.839	0.728	0.816	0.590	0.798	0.568	0.852	0.726	0.760	0.090	0.093	0.864	0.706	0.658	0.730	0.808	0.610	0.808	0.759	0.740	0.732	0.090	0.093	0.766	0.768	0.707	0.576	0.762	0.750	0.741	0.775	0.592	0.620	0.090	0.093	0.093	0.090	0.091	0.091	0.091	0.093	0.093	0.093	0.091	0.092	0.090
51:00:54	20.0	0.091	0.093	0.091	0.094	0.093	0.094	0.091	0.092	0.091	0.092	0.092	0.093	0.091	0.729	0.844	0.590	0.609	0.830	0.656	0.735	0.908	0.589	0.776	0.093	0.090	0.744	0.699	0.858	0.833	0.755	0.724	0.713	0.733	0.833	0.688	0.093	0.091	0.647	0.572	0.721	0.746	0.750	0.595	0.660	0.583	0.716	0.642	0.091	0.423	0.585	0.844	0.738	0.821	0.592	0.810	0.571	0.865	0.730	0.766	0.090	0.094	0.871	0.734	0.668	0.734	0.812	0.611	0.813	0.771	0.755	0.741	0.090	0.094	0.776	0.775	0.713	0.578	0.768	0.757	0.742	0.783	0.594	0.623	0.090	0.093	0.094	0.091	0.091	0.091	0.092	0.094	0.094	0.094	0.091	0.092	0.091
52:00:55	20.2	0.090	0.093	0.091	0.094	0.093	0.093	0.091	0.092	0.091	0.092	0.092	0.093	0.091	0.668	0.849	0.593	0.612	0.831	0.692	0.738	0.911	0.591	0.783	0.092	0.090	0.749	0.698	0.864	0.838	0.759	0.693	0.722	0.739	0.837	0.673	0.092	0.091	0.654	0.576	0.759	0.745	0.755	0.596	0.665	0.585	0.734	0.637	0.091	0.438	0.587	0.866	0.746	0.826	0.594	0.812	0.572	0.821	0.732	0.771	0.090	0.094	0.877	0.759	0.681	0.740	0.815	0.612	0.816	0.795	0.761	0.748	0.090	0.093	0.781	0.783	0.718	0.579	0.740	0.764	0.747	0.789	0.596	0.624	0.090	0.093	0.094	0.091	0.091	0.091	0.092	0.093	0.093	0.094	0.091	0.092	0.091
53:00:56	20.3	0.090	0.093	0.091	0.094	0.093	0.094	0.091	0.092	0.091	0.092	0.092	0.093	0.091	0.640	0.853	0.595	0.614	0.834	0.662	0.741	0.913	0.591	0.800	0.093	0.090	0.754	0.704	0.810	0.841	0.760	0.719	0.692	0.744	0.840	0.673	0.092	0.091	0.658	0.579	0.727	0.752	0.760	0.596	0.670	0.587	0.761	0.645	0.091	0.451	0.588	0.865	0.753	0.830	0.595	0.824	0.573	0.822	0.727	0.773	0.090	0.094	0.880	0.770	0.653	0.743	0.818	0.612	0.817	0.804	0.763	0.751	0.090	0.093	0.786	0.788	0.722	0.579	0.730	0.769	0.752	0.795	0.597	0.625	0.090	0.092	0.093	0.090	0.091	0.091	0.092	0.093	0.093	0.094	0.091	0.092	0.090
54:00:57	20.4	0.090	0.093	0.091	0.094	0.093	0.093	0.091	0.092	0.091	0.091	0.092	0.093	0.091	0.727	0.857	0.596	0.616	0.836	0.662	0.742	0.910	0.592	0.819	0.093	0.090	0.759	0.701	0.791	0.852	0.765	0.753	0.700	0.749	0.841	0.674	0.092	0.090	0.664	0.582	0.741	0.757	0.764	0.598	0.672	0.589	0.727	0.642	0.091	0.453	0.591	0.866	0.759	0.833	0.596	0.866	0.573	0.820	0.735	0.777	0.090	0.094	0.885	0.727	0.643	0.746	0.822	0.613	0.818	0.815	0.770	0.753	0.090	0.093	0.789	0.795	0.726	0.580	0.730	0.775	0.753	0.801	0.598	0.626	0.090	0.093	0.094	0.090	0.091	0.091	0.092	0.093	0.093	0.093	0.091	0.092	0.090
55:00:58	20.3	0.090	0.093	0.091	0.094	0.093	0.093	0.091	0.092	0.091	0.091	0.092	0.093	0.091	0.756	0.861	0.600	0.618	0.839	0.664	0.743	0.919	0.593	0.852	0.093	0.090	0.763	0.708	0.793	0.863	0.769	0.755	0.667	0.752	0.845	0.674	0.092	0.091	0.668	0.585	0.750	0.761	0.767	0.599	0.675	0.590	0.695	0.640	0.091	0.460	0.593	0.868	0.764	0.838	0.597	0.889	0.574	0.823	0.674	0.781	0.090	0.093	0.889	0.688	0.638	0.749	0.827	0.615	0.819	0.826	0.775	0.756	0.090	0.093	0.791	0.800	0.729	0.581	0.680	0.781	0.754	0.806	0.599	0.627	0.090	0.093	0.093	0.091	0.091	0.091	0.092	0.093	0.093	0.094	0.091	0.092	0.091
56:01:01	20.2	0.090	0.093	0.091	0.094	0.093	0.094	0.091	0.092	0.092	0.092	0.092	0.093	0.091	0.752	0.865	0.603	0.621	0.842	0.666	0.752	0.924	0.594	0.871	0.093	0.090	0.766	0.720	0.796	0.889	0.773	0.757	0.663	0.756	0.847	0.675	0.092	0.091	0.672	0.587	0.686	0.763	0.771	0.600	0.678	0.591	0.806	0.642	0.091	0.470	0.595	0.870	0.772	0.854	0.600	0.889	0.575	0.850	0.672	0.785	0.090	0.094	0.893	0.693	0.640	0.754	0.813	0.616	0.821	0.819	0.780	0.760	0.091	0.094	0.794	0.808	0.733	0.583	0.678	0.787	0.757	0.812	0.601	0.630	0.091	0.093	0.094	0.091	0.091	0.091	0.092	0.094	0.094	0.094	0.091	0.092	0.091
57:01:01	20.1	0.091	0.093	0.091	0.094	0.093	0.094	0.091	0.092	0.092	0.092	0.092	0.093	0.092	0.775	0.869	0.605	0.623	0.846	0.665	0.772	0.931	0.597	0.912	0.093	0.090	0.766	0.712	0.796	0.893	0.777	0.759	0.665	0.759	0.848	0.676	0.093	0.091	0.674	0.590	0.757	0.767	0.774	0.602	0.683	0.592	0.782	0.642	0.091	0.474	0.596	0.872	0.763	0.848	0.602	0.890	0.577	0.859	0.669	0.788	0.091	0.094	0.897	0.693	0.628	0.756	0.734	0.617	0.824	0.824	0.786	0.764	0.090	0.093	0.796	0.813	0.737	0.584	0.672	0.793	0.756	0.817	0.601	0.633	0.090	0.093	0.094	0.091	0.091	0.091	0.092	0.093	0.094	0.094	0.091	0.092	0.091
58:00:59	20.0	0.091	0.093	0.091	0.094	0.093	0.094	0.091	0.092	0.091	0.092	0.092	0.093	0.091	0.770	0.873	0.609	0.624	0.849	0.663	0.731	0.901	0.600	0.924	0.093	0.090	0.762	0.708	0.798	0.876	0.780	0.758	0.665	0.764	0.849	0.677	0.092	0.091	0.677	0.593	0.756	0.767	0.777	0.603	0.686	0.594	0.688	0.642	0.105	0.494	0.598	0.890	0.635	0.761	0.605	0.890	0.578	0.863	0.664	0.791	0.090	0.094	0.899	0.695	0.627	0.759	0.717	0.619	0.826	0.893	0.791	0.766	0.090	0.093	0.798	0.819	0.739	0.586	0.674	0.800	0.759	0.825	0.603	0.635	0.091	0.093	0.094	0.091	0.091	0.091	0.092	0.093	0.094	0.094	0.091	0.092	0.091
59:01:01	19.9	0.091	0.093	0.091	0.095	0.093	0.094	0.092	0.092	0.091	0.092	0.092	0.093	0.091	0.730	0.877	0.611	0.626	0.853	0.664	0.834	0.829	0.602	0.920	0.093	0.090	0.763	0.705	0.799	0.880	0.782	0.761	0.668	0.768	0.852	0.678	0.093	0.091	0.680	0.594	0.755	0.774	0.781	0.606	0.689	0.595	0.677	0.642	0.105	0.541	0.600	0.883	0.637	0.763	0.606	0.892	0.580	0.876	0.663	0.793	0.091	0.094	0.912	0.700	0.629	0.765	0.718	0.620	0.829	1.100	0.807	0.769	0.090	0.093	0.798	0.827	0.743	0.590	0.676	0.807	0.767	0.833	0.605	0.639	0.090	0.093	0.093	0.090	0.091	0.091	0.092	0.093	0.094	0.094	0.091	0.092	0.091
60:01:04	19.9	0.091	0.093	0.091	0.095	0.093	0.094	0.091	0.092	0.092	0.092	0.092	0.093	0.092	0.731	0.882	0.617	0.627	0.858	0.666	0.899	0.782	0.604	0.928	0.093	0.090	0.773	0.704	0.800	0.907	0.810	0.763	0.669	0.772	0.855	0.678	0.093	0.091	0.684	0.595	0.756	0.778	0.784	0.608	0.693	0.597	0.681	0.643	0.091	0.660	0.601	0.883	0.639	0.767	0.610	0.892	0.582	0.921	0.659	0.797	0.091	0.094	0.910	0.701	0.630	0.771	0.716	0.622	0.833	1.077	0.837	0.772	0.091	0.094	0.801	0.834	0.747	0.591	0.676	0.815	0.761	0.842	0.606	0.642	0.091	0.093	0.094	0.091	0.091	0.091	0.092	0.094	0.094	0.094	0.092	0.092	0.091
61:01:03	19.9	0.090	0.093	0.091	0.094	0.093	0.094	0.091	0.092	0.091	0.091	0.092	0.093	0.091	0.731	0.886	0.618	0.628	0.862	0.667	0.900	0.778	0.606	0.991	0.093	0.090	0.780	0.704	0.803	0.932	0.845	0.765	0.671	0.776	0.858	0.678	0.092	0.091	0.688	0.597	0.756	0.782	0.787	0.609	0.696	0.598	0.680	0.643	0.091	0.631	0.602	0.887	0.637	0.771	0.612	0.891	0.583	0.949	0.669	0.802	0.091	0.094	0.914	0.703	0.629	0.774	0.712	0.624	0.836	0.776	0.811	0.776	0.090	0.093	0.800	0.842	0.748	0.594	0.672	0.822	0.761	0.846	0.608	0.644	0.090	0.093	0.094	0.091	0.091	0.091	0.092	0.094	0.094	0.094	0.091	0.093	0.091
62:01:04	19.9	0.090	0.093	0.091	0.094	0.093	0.094	0.091	0.092	0.091	0.092	0.092	0.093	0.091	0.731	0.890	0.621	0.630	0.866	0.667	0.899	0.774	0.608	0.992	0.093	0.090	0.784	0.706	0.805	0.951	0.862	0.763	0.673	0.781	0.860	0.678	0.092	0.091	0.690	0.599	0.755	0.785	0.791	0.610	0.697	0.601	0.679	0.644	0.091	0.557	0.606	0.891	0.638	0.771	0.616	0.893	0.586	0.868	0.791	0.810	0.090	0.094	0.920	0.717	0.629	0.779	0.709	0.625	0.838	0.766	0.638	0.778	0.090	0.093	0.800	0.852	0.751	0.595	0.674	0.830	0.761	0.851	0.610	0.646	0.090	0.093	0.093	0.091	0.091	0.092	0.092	0.093	0.094	0.093	0.091	0.092	0.091
63:01:05	19.9	0.091	0.093	0.091	0.095	0.093	0.094	0.092	0.092	0.092	0.092	0.092	0.093	0.091	0.733	0.894	0.625	0.632	0.871	0.667	0.902	0.774	0.610	1.015	0.093	0.090	0.786	0.706	0.808	0.913	0.872	0.767	0.675	0.787	0.864	0.680	0.093	0.091	0.691	0.602	0.757	0.789	0.795	0.613	0.699	0.603	0.680	0.644	0.091	0.565	0.607	0.897	0.639	0.773	0.621	0.894	0.588	0.867	0.887	0.816	0.091	0.094	0.926	0.712	0.630	0.786	0.710	0.627	0.842	0.765	0.639	0.783	0.091	0.094	0.800	0.861	0.754	0.601	0.677	0.839	0.763	0.859	0.612	0.651	0.091	0.093	0.094	0.091	0.091	0.091	0.092	0.094	0.094	0.094	0.092	0.093	0.091
64:01:06	19.8	0.090	0.093	0.091	0.094	0.093	0.094	0.091	0.092	0.092	0.092	0.092	0.093	0.091	0.734	0.899	0.627	0.635	0.877	0.669	0.904	0.773	0.613	0.938	0.093	0.090	0.789	0.707	0.812	0.915	0.866	0.771	0.679	0.837	0.869	0.682	0.092	0.091	0.694	0.604	0.759	0.791	0.798	0.615	0.700	0.604	0.680	0.645	0.091	0.603	0.609	0.897	0.642	0.774	0.624	0.895	0.591	0.867	0.829	0.826	0.090	0.094	0.933	0.713	0.632	0.792	0.709	0.629	0.846	0.765	0.823	0.788	0.090	0.094	0.799	0.869	0.755	0.601	0.678	0.845	0.767	0.866	0.614	0.654	0.090	0.093	0.094	0.091	0.091	0.092	0.092	0.093	0.094	0.094	0.091	0.093	0.091
65:01:07	19.7	0.090	0.093	0.091	0.094	0.093	0.094	0.091	0.092	0.091	0.092	0.092	0.093	0.091	0.736	0.903	0.630	0.637	0.881	0.664	0.906	0.773	0.614	0.937	0.092	0.090	0.813	0.708	0.815	0.935	0.857	0.772	0.679	0.872	0.872	0.682	0.092	0.091	0.695	0.605	0.761	0.795	0.802	0.617	0.699	0.606	0.684	0.645	0.091	0.554	0.612	0.897	0.643	0.776	0.626	0.896	0.592	0.869	0.884	0.829	0.090	0.094	0.939	0.713	0.633	0.797	0.710	0.631	0.848	0.764	0.835	0.792	0.090	0.093	0.798	0.877	0.756	0.605	0.679	0.854	0.768	0.871	0.614	0.655	0.090	0.093	0.094	0.091	0.091	0.091	0.092	0.093	0.093	0.094	0.091	0.092	0.090
66:01:08	19.6	0.090	0.093	0.091	0.094	0.093	0.094	0.091	0.092	0.091	0.092	0.092	0.093	0.091	0.737	0.905	0.635	0.639	0.885	0.666	0.908	0.773	0.615	0.956	0.093	0.090	0.867	0.708	0.819	0.935	0.857	0.765	0.678	0.898	0.876	0.680	0.092	0.091	0.699	0.608	0.764	0.798	0.805	0.619	0.703	0.605	0.682	0.646	0.091	0.784	0.615	0.900	0.644	0.780	0.629	0.897	0.594	0.868	0.939	0.832	0.090	0.093	0.946	0.716	0.636	0.802	0.712	0.633	0.852	0.766	0.643	0.796	0.090	0.093	0.799	0.887	0.759	0.608	0.683	0.864	0.772	0.886	0.618	0.657	0.090	0.093	0.094	0.091	0.091	0.091	0.092	0.093	0.093	0.094	0.091	0.092	0.091
67:01:09	19.6	0.091	0.093	0.091	0.094	0.093	0.094	0.092	0.092	0.091	0.092	0.092	0.093	0.091	0.739	0.909	0.642	0.645	0.893	0.668	0.911	0.774	0.617	0.969	0.093	0.090	0.909	0.711	0.822	0.928	0.857	0.763	0.681	0.934	0.882	0.680	0.093	0.091	0.703	0.611	0.766	0.802	0.810	0.621	0.707	0.606	0.685	0.647	0.091	0.598	0.617	0.904	0.646	0.783	0.631	0.900	0.596	0.871	0.941	0.837	0.091	0.094	0.953	0.720	0.637	0.806	0.715	0.635	0.855	0.769	0.645	0.799	0.091	0.093	0.801	0.900	0.761	0.610	0.688	0.875	0.774	0.895	0.619	0.659	0.091	0.093	0.094	0.091	0.091	0.091	0.092	0.094	0.093	0.094	0.091	0.092	0.091
68:01:09	19.5	0.091	0.093	0.091	0.095	0.093	0.094	0.091	0.092	0.092	0.092	0.092	0.093	0.091	0.742	0.913	0.643	0.645	0.899	0.668	0.913	0.776	0.618	0.951	0.093	0.090	0.906	0.712	0.825	0.923	0.859	0.767	0.681	0.949	0.885	0.681	0.093	0.091	0.708	0.616	0.769	0.807	0.815	0.623	0.711	0.609	0.685	0.648	0.091	0.782	0.621	0.909	0.648	0.787	0.636	0.903	0.596	0.873	0.965	0.839	0.091	0.094	0.965	0.728	0.640	0.812	0.719	0.640	0.859	0.772	0.647	0.802	0.090	0.094	0.801	0.918	0.763	0.612	0.697	0.885	0.775	0.905	0.620	0.662	0.091	0.093	0.094	0.091	0.091	0.091	0.092	0.093	0.094	0.094	0.091	0.092	0.091
69:01:11	19.4	0.090	0.093	0.091	0.094	0.093	0.094	0.091	0.092	0.091	0.092	0.092	0.093	0.091	0.743	0.917	0.646	0.650	0.902	0.675	0.916	0.777	0.620	0.974	0.092	0.090	0.873	0.715	0.829	0.936	0.854	0.766	0.681	0.942	0.888	0.681	0.092	0.091	0.710	0.620	0.771	0.809	0.815	0.625	0.712	0.608	0.691	0.648	0.091	0.790	0.622	0.913	0.649	0.787	0.640	0.909	0.596	0.874	0.980	0.844	0.090	0.094	0.973	0.743	0.641	0.817	0.720	0.642	0.862	0.773	0.647	0.804	0.090	0.093	0.800	0.929	0.765	0.613	0.704	0.896	0.777	0.914	0.621	0.664	0.090	0.093	0.093	0.090	0.091	0.091	0.092	0.093	0.093	0.094	0.091	0.092	0.091
70:01:11	19.5	0.091	0.093	0.091	0.094	0.093	0.094	0.091	0.092	0.092	0.092	0.092	0.093	0.091	0.745	0.921	0.646	0.652	0.906	0.678	0.920	0.778	0.623	0.980	0.093	0.090	0.882	0.716	0.832	0.933	0.858	0.767	0.682	0.932	0.892	0.682	0.092	0.091	0.713	0.623	0.773	0.815	0.816	0.630	0.716	0.609	0.685	0.652	0.091	0.712	0.626	0.918	0.651	0.792	0.644	0.910	0.598	0.877	0.954	0.848	0.090	0.094	0.981	0.762	0.642	0.822	0.722	0.644	0.866	0.775	0.649	0.808	0.090	0.093	0.801	0.943	0.768	0.614	0.705	0.906	0.779	0.922	0.623	0.667	0.090	0.093	0.094	0.091	0.091	0.091	0.092	0.093	0.094	0.094	0.092	0.092	0.091
71:01:13	19.6	0.090	0.093	0.091	0.094	0.093	0.094	0.091	0.092	0.091	0.092	0.092	0.093	0.091	0.746	0.925	0.649	0.655	0.912	0.676	0.924	0.781	0.624	1.068	0.092	0.090	0.891	0.720	0.835	0.929	0.860	0.769	0.683	0.917	0.897	0.682	0.092	0.091	0.717	0.625	0.775	0.816	0.819	0.632	0.718	0.610	0.686	0.655	0.091	0.740	0.628	0.922	0.652	0.795	0.646	0.913	0.600	0.880	0.914	0.853	0.090	0.093	0.990	0.758	0.642	0.827	0.722	0.646	0.869	0.777	0.647	0.809	0.090	0.093	0.801	0.956	0.771	0.618	0.705	0.918	0.781	0.932	0.625	0.674	0.091	0.093	0.094	0.091	0.091	0.091	0.092	0.093	0.094	0.094	0.091	0.092	0.091
72:01:16	19.7	0.091	0.093	0.091	0.094	0.093	0.094	0.091	0.092	0.091	0.091	0.092	0.093	0.091	0.747	0.929	0.651	0.654	0.916	0.677	0.927	0.780	0.626	1.059	0.093	0.090	0.896	0.721	0.838	0.928	0.868	0.771	0.686	0.901	0.901	0.685	0.092	0.091	0.720	0.626	0.777	0.826	0.820	0.633	0.720	0.611	0.700	0.656	0.091	0.581	0.632	0.925	0.655	0.799	0.649	0.903	0.602	0.882	0.938	0.857	0.090	0.094	0.999	0.763	0.641	0.830	0.722	0.648	0.873	0.776	0.649	0.811	0.090	0.093	0.802	0.968	0.773	0.621	0.710	0.930	0.784	0.938	0.627	0.674	0.091	0.093	0.094	0.091	0.091	0.091	0.092	0.094	0.094	0.094	0.091	0.092	0.091

