Time	T° 600	A1	A2	A3	A4	A5	A6	A7	A8	A9	A10	A11	A12	B1	B2	B3	B4	B5	B6	B7	B8	B9	B10	B11	B12	C1	C2	C3	C4	C5	C6	C7	C8	C9	C10	C11	C12	D1	D2	D3	D4	D5	D6	D7	D8	D9	D10	D11	D12	E1	E2	E3	E4	E5	E6	E7	E8	E9	E10	E11	E12	F1	F2	F3	F4	F5	F6	F7	F8	F9	F10	F11	F12	G1	G2	G3	G4	G5	G6	G7	G8	G9	G10	G11	G12	H1	H2	H3	H4	H5	H6	H7	H8	H9	H10	H11	H12
0:00:06	19.4	0.094	0.095	0.094	0.094	0.096	0.094	0.093	0.094	0.094	0.094	0.093	0.095	0.092	0.095	0.099	0.096	0.102	0.098	0.098	0.098	0.096	0.097	0.098	0.095	0.094	0.098	0.114	0.095	0.096	0.113	0.097	0.097	0.102	0.100	0.144	0.092	0.093	0.096	0.095	0.112	0.100	0.101	0.122	0.099	0.097	0.121	0.112	0.092	0.092	0.095	0.096	0.097	0.097	0.123	0.096	0.094	0.099	0.100	0.096	0.093	0.094	0.098	0.095	0.098	0.098	0.095	0.118	0.096	0.118	0.099	0.096	0.097	0.092	0.095	0.100	0.099	0.095	0.121	0.102	0.104	0.097	0.112	0.096	0.261	0.093	0.095	0.094	0.093	0.095	0.094	0.095	0.094	0.093	0.384	0.120	0.123
1:00:04	20.2	0.094	0.095	0.094	0.094	0.096	0.094	0.094	0.094	0.094	0.094	0.094	0.095	0.092	0.096	0.100	0.097	0.102	0.099	0.099	0.098	0.097	0.097	0.099	0.096	0.094	0.099	0.121	0.095	0.097	0.119	0.097	0.098	0.102	0.099	0.152	0.092	0.093	0.096	0.095	0.116	0.104	0.102	0.128	0.098	0.098	0.128	0.118	0.093	0.098	0.096	0.097	0.098	0.097	0.124	0.096	0.095	0.099	0.101	0.097	0.094	0.094	0.100	0.096	0.098	0.100	0.096	0.125	0.097	0.125	0.098	0.097	0.097	0.093	0.096	0.102	0.100	0.096	0.128	0.107	0.108	0.099	0.124	0.097	0.226	0.093	0.096	0.094	0.094	0.097	0.094	0.095	0.095	0.093	0.396	0.119	0.113
2:00:05	20.6	0.094	0.096	0.094	0.094	0.096	0.094	0.094	0.094	0.094	0.094	0.094	0.095	0.092	0.096	0.100	0.097	0.103	0.099	0.100	0.099	0.097	0.097	0.100	0.096	0.094	0.100	0.125	0.096	0.097	0.125	0.098	0.098	0.104	0.100	0.158	0.092	0.092	0.097	0.096	0.120	0.107	0.104	0.133	0.099	0.098	0.132	0.123	0.093	0.092	0.096	0.097	0.098	0.098	0.124	0.097	0.095	0.099	0.103	0.097	0.094	0.094	0.101	0.096	0.099	0.101	0.096	0.132	0.097	0.133	0.098	0.097	0.097	0.093	0.096	0.102	0.101	0.096	0.137	0.111	0.112	0.100	0.128	0.106	0.191	0.093	0.095	0.094	0.094	0.095	0.094	0.095	0.095	0.093	0.370	0.105	0.107
3:00:05	20.7	0.093	0.095	0.094	0.094	0.096	0.094	0.094	0.094	0.094	0.094	0.093	0.095	0.092	0.096	0.101	0.098	0.103	0.100	0.101	0.099	0.097	0.097	0.100	0.095	0.094	0.100	0.130	0.096	0.097	0.130	0.099	0.099	0.105	0.101	0.165	0.092	0.092	0.097	0.096	0.125	0.111	0.106	0.141	0.100	0.099	0.138	0.129	0.093	0.092	0.097	0.098	0.098	0.098	0.124	0.097	0.095	0.100	0.104	0.097	0.094	0.094	0.102	0.097	0.099	0.103	0.096	0.138	0.097	0.138	0.099	0.098	0.098	0.093	0.097	0.104	0.101	0.097	0.143	0.114	0.118	0.102	0.135	0.097	0.177	0.093	0.096	0.094	0.093	0.095	0.094	0.095	0.095	0.093	0.325	0.093	0.102
4:00:06	20.7	0.093	0.095	0.094	0.094	0.096	0.094	0.094	0.094	0.094	0.094	0.094	0.095	0.093	0.097	0.101	0.098	0.104	0.100	0.104	0.100	0.098	0.098	0.101	0.095	0.094	0.101	0.135	0.097	0.098	0.134	0.100	0.100	0.108	0.101	0.170	0.093	0.092	0.098	0.097	0.129	0.116	0.109	0.145	0.101	0.099	0.144	0.135	0.093	0.092	0.097	0.098	0.099	0.099	0.125	0.098	0.096	0.100	0.107	0.099	0.094	0.094	0.104	0.098	0.099	0.105	0.097	0.144	0.098	0.143	0.100	0.099	0.097	0.093	0.097	0.106	0.103	0.098	0.145	0.118	0.123	0.105	0.137	0.098	0.156	0.093	0.095	0.094	0.093	0.095	0.094	0.095	0.095	0.094	0.301	0.089	0.097
5:00:08	20.6	0.094	0.095	0.094	0.094	0.097	0.094	0.094	0.094	0.094	0.094	0.093	0.095	0.092	0.098	0.102	0.099	0.104	0.101	0.107	0.100	0.099	0.099	0.102	0.095	0.094	0.102	0.139	0.097	0.098	0.138	0.101	0.100	0.111	0.101	0.173	0.092	0.092	0.099	0.098	0.134	0.120	0.113	0.149	0.102	0.100	0.147	0.141	0.092	0.092	0.098	0.099	0.100	0.099	0.126	0.099	0.097	0.101	0.110	0.099	0.097	0.094	0.106	0.098	0.100	0.108	0.098	0.150	0.099	0.148	0.101	0.101	0.096	0.093	0.098	0.109	0.104	0.098	0.152	0.122	0.128	0.108	0.143	0.099	0.135	0.093	0.095	0.094	0.093	0.094	0.094	0.094	0.095	0.093	0.257	0.085	0.085
6:00:08	20.4	0.094	0.095	0.094	0.094	0.097	0.095	0.094	0.094	0.094	0.094	0.094	0.095	0.092	0.099	0.103	0.100	0.106	0.102	0.111	0.102	0.100	0.100	0.103	0.095	0.094	0.103	0.143	0.099	0.100	0.142	0.104	0.102	0.115	0.103	0.179	0.093	0.092	0.100	0.099	0.139	0.126	0.117	0.155	0.105	0.102	0.150	0.145	0.093	0.093	0.100	0.101	0.102	0.101	0.127	0.100	0.098	0.102	0.114	0.101	0.098	0.094	0.111	0.100	0.101	0.112	0.099	0.157	0.100	0.155	0.104	0.103	0.096	0.093	0.100	0.114	0.107	0.100	0.158	0.132	0.131	0.112	0.147	0.101	0.119	0.093	0.096	0.094	0.094	0.094	0.094	0.095	0.095	0.094	0.212	0.085	0.084
7:00:09	20.2	0.094	0.095	0.094	0.094	0.097	0.094	0.094	0.094	0.094	0.094	0.094	0.095	0.093	0.101	0.105	0.102	0.107	0.103	0.116	0.103	0.102	0.102	0.105	0.095	0.094	0.105	0.148	0.100	0.101	0.147	0.107	0.103	0.120	0.105	0.184	0.093	0.093	0.102	0.101	0.143	0.131	0.122	0.161	0.107	0.103	0.155	0.152	0.093	0.093	0.102	0.102	0.103	0.103	0.129	0.101	0.100	0.103	0.117	0.102	0.098	0.094	0.115	0.101	0.102	0.117	0.101	0.161	0.102	0.161	0.106	0.106	0.098	0.093	0.101	0.118	0.109	0.102	0.162	0.137	0.140	0.116	0.153	0.102	0.105	0.093	0.096	0.094	0.094	0.095	0.094	0.095	0.095	0.094	0.174	0.086	0.083
8:00:10	20.1	0.094	0.095	0.094	0.094	0.097	0.095	0.094	0.094	0.094	0.094	0.094	0.095	0.092	0.103	0.107	0.104	0.109	0.106	0.122	0.105	0.104	0.104	0.107	0.095	0.094	0.107	0.154	0.102	0.103	0.152	0.110	0.105	0.124	0.107	0.187	0.093	0.092	0.105	0.102	0.148	0.137	0.127	0.168	0.110	0.105	0.161	0.158	0.093	0.092	0.104	0.104	0.105	0.105	0.131	0.103	0.102	0.106	0.122	0.105	0.098	0.094	0.120	0.103	0.104	0.122	0.103	0.167	0.104	0.164	0.109	0.109	0.098	0.093	0.103	0.123	0.112	0.105	0.166	0.144	0.146	0.121	0.160	0.104	0.096	0.093	0.096	0.094	0.093	0.095	0.095	0.095	0.095	0.094	0.139	0.086	0.083
9:00:12	20.0	0.094	0.095	0.094	0.094	0.097	0.094	0.094	0.094	0.094	0.094	0.093	0.095	0.092	0.105	0.109	0.106	0.111	0.108	0.126	0.107	0.106	0.106	0.109	0.094	0.094	0.110	0.157	0.104	0.106	0.157	0.114	0.107	0.129	0.108	0.194	0.093	0.092	0.107	0.105	0.152	0.141	0.132	0.172	0.113	0.107	0.165	0.167	0.093	0.092	0.106	0.106	0.108	0.108	0.134	0.106	0.104	0.108	0.126	0.107	0.097	0.094	0.126	0.105	0.106	0.127	0.105	0.171	0.106	0.170	0.111	0.113	0.097	0.092	0.106	0.127	0.116	0.107	0.172	0.148	0.150	0.126	0.174	0.107	0.091	0.093	0.096	0.094	0.093	0.095	0.095	0.095	0.095	0.094	0.111	0.086	0.084
10:00:12	19.8	0.094	0.095	0.094	0.094	0.097	0.095	0.094	0.094	0.094	0.094	0.093	0.095	0.092	0.108	0.113	0.108	0.115	0.111	0.131	0.110	0.109	0.109	0.112	0.094	0.094	0.113	0.164	0.107	0.109	0.161	0.119	0.110	0.132	0.110	0.201	0.092	0.092	0.111	0.108	0.158	0.147	0.137	0.179	0.117	0.110	0.171	0.173	0.093	0.092	0.110	0.109	0.111	0.111	0.137	0.109	0.107	0.111	0.130	0.111	0.098	0.094	0.132	0.108	0.108	0.132	0.109	0.177	0.108	0.177	0.115	0.119	0.098	0.093	0.109	0.132	0.121	0.111	0.181	0.153	0.157	0.131	0.176	0.110	0.092	0.093	0.095	0.094	0.093	0.094	0.095	0.095	0.095	0.093	0.096	0.086	0.084
11:00:12	19.7	0.094	0.095	0.094	0.094	0.097	0.094	0.094	0.094	0.094	0.094	0.094	0.095	0.092	0.112	0.117	0.111	0.119	0.116	0.137	0.114	0.114	0.113	0.116	0.094	0.094	0.118	0.170	0.110	0.113	0.168	0.125	0.114	0.136	0.113	0.203	0.093	0.094	0.116	0.111	0.163	0.152	0.142	0.186	0.122	0.114	0.176	0.178	0.093	0.092	0.114	0.113	0.115	0.116	0.141	0.114	0.110	0.114	0.135	0.116	0.098	0.094	0.139	0.111	0.112	0.137	0.113	0.184	0.111	0.183	0.120	0.125	0.096	0.093	0.114	0.137	0.127	0.116	0.186	0.159	0.163	0.136	0.181	0.115	0.091	0.093	0.096	0.094	0.094	0.095	0.095	0.095	0.095	0.093	0.090	0.086	0.085
12:00:13	19.6	0.094	0.095	0.094	0.094	0.097	0.095	0.094	0.094	0.094	0.095	0.094	0.095	0.093	0.116	0.122	0.115	0.125	0.121	0.142	0.119	0.117	0.118	0.120	0.093	0.094	0.124	0.177	0.114	0.118	0.176	0.132	0.116	0.140	0.117	0.211	0.093	0.094	0.122	0.114	0.169	0.158	0.147	0.191	0.126	0.118	0.182	0.182	0.093	0.093	0.120	0.118	0.120	0.122	0.147	0.119	0.114	0.118	0.139	0.121	0.097	0.094	0.146	0.116	0.117	0.142	0.118	0.191	0.114	0.189	0.125	0.133	0.097	0.093	0.120	0.142	0.134	0.122	0.192	0.164	0.171	0.141	0.187	0.121	0.091	0.093	0.096	0.094	0.094	0.095	0.096	0.095	0.095	0.093	0.089	0.086	0.085
13:00:14	19.5	0.094	0.096	0.095	0.094	0.097	0.094	0.094	0.094	0.094	0.094	0.094	0.095	0.093	0.121	0.128	0.119	0.132	0.129	0.150	0.124	0.121	0.122	0.125	0.093	0.094	0.131	0.182	0.118	0.125	0.182	0.138	0.121	0.144	0.121	0.219	0.093	0.095	0.130	0.119	0.174	0.164	0.154	0.198	0.130	0.123	0.188	0.189	0.093	0.093	0.128	0.122	0.127	0.130	0.155	0.126	0.119	0.123	0.142	0.129	0.098	0.094	0.152	0.122	0.123	0.149	0.125	0.198	0.119	0.196	0.130	0.140	0.098	0.093	0.128	0.146	0.142	0.130	0.199	0.170	0.177	0.145	0.192	0.129	0.092	0.093	0.096	0.094	0.093	0.095	0.096	0.095	0.095	0.094	0.089	0.086	0.085
14:00:15	19.4	0.094	0.095	0.094	0.094	0.097	0.095	0.094	0.094	0.094	0.094	0.093	0.095	0.093	0.125	0.137	0.125	0.141	0.137	0.157	0.128	0.126	0.127	0.130	0.093	0.094	0.138	0.189	0.123	0.133	0.190	0.145	0.124	0.149	0.126	0.232	0.093	0.095	0.138	0.121	0.181	0.172	0.161	0.205	0.134	0.126	0.198	0.194	0.093	0.093	0.136	0.126	0.135	0.139	0.163	0.134	0.122	0.128	0.145	0.137	0.098	0.094	0.158	0.127	0.130	0.155	0.133	0.205	0.123	0.202	0.134	0.149	0.097	0.093	0.135	0.151	0.150	0.139	0.207	0.179	0.176	0.150	0.198	0.136	0.091	0.093	0.096	0.094	0.094	0.095	0.096	0.095	0.095	0.094	0.089	0.086	0.086
15:00:16	19.3	0.094	0.095	0.094	0.094	0.097	0.095	0.094	0.094	0.095	0.094	0.094	0.095	0.093	0.129	0.144	0.129	0.148	0.145	0.165	0.134	0.130	0.131	0.134	0.093	0.094	0.144	0.197	0.127	0.141	0.198	0.153	0.127	0.153	0.130	0.232	0.093	0.094	0.146	0.124	0.187	0.182	0.168	0.207	0.138	0.130	0.203	0.201	0.093	0.093	0.143	0.131	0.142	0.145	0.169	0.141	0.127	0.133	0.149	0.145	0.098	0.094	0.166	0.128	0.136	0.163	0.140	0.213	0.126	0.209	0.138	0.157	0.097	0.093	0.142	0.156	0.158	0.147	0.214	0.186	0.187	0.154	0.202	0.143	0.091	0.093	0.096	0.094	0.093	0.095	0.096	0.095	0.095	0.094	0.089	0.087	0.086
16:00:17	19.2	0.094	0.095	0.094	0.094	0.097	0.095	0.094	0.095	0.095	0.095	0.094	0.095	0.093	0.134	0.154	0.134	0.157	0.155	0.172	0.139	0.132	0.135	0.138	0.094	0.094	0.154	0.205	0.132	0.148	0.206	0.160	0.129	0.158	0.131	0.237	0.093	0.095	0.158	0.128	0.194	0.189	0.176	0.215	0.143	0.134	0.210	0.207	0.093	0.093	0.153	0.137	0.150	0.154	0.178	0.149	0.130	0.136	0.154	0.155	0.098	0.094	0.174	0.129	0.145	0.171	0.148	0.222	0.129	0.216	0.142	0.164	0.097	0.093	0.153	0.161	0.166	0.157	0.229	0.192	0.190	0.160	0.213	0.153	0.091	0.093	0.096	0.094	0.094	0.095	0.099	0.095	0.095	0.094	0.090	0.087	0.086
17:00:18	19.2	0.094	0.096	0.095	0.095	0.097	0.095	0.094	0.094	0.095	0.094	0.094	0.095	0.093	0.137	0.166	0.137	0.169	0.166	0.181	0.143	0.138	0.139	0.141	0.094	0.094	0.165	0.213	0.135	0.159	0.215	0.168	0.133	0.162	0.135	0.245	0.093	0.095	0.170	0.130	0.201	0.199	0.184	0.222	0.147	0.137	0.219	0.213	0.093	0.093	0.164	0.140	0.159	0.165	0.190	0.161	0.133	0.139	0.159	0.165	0.094	0.094	0.184	0.131	0.154	0.182	0.159	0.231	0.133	0.224	0.147	0.172	0.098	0.093	0.165	0.167	0.174	0.168	0.240	0.200	0.199	0.165	0.218	0.165	0.091	0.093	0.096	0.094	0.094	0.095	0.099	0.095	0.095	0.094	0.089	0.087	0.086
18:00:19	19.2	0.094	0.095	0.094	0.094	0.097	0.094	0.094	0.094	0.094	0.094	0.093	0.095	0.092	0.135	0.178	0.139	0.180	0.178	0.192	0.145	0.141	0.140	0.143	0.093	0.094	0.178	0.223	0.137	0.171	0.222	0.175	0.134	0.166	0.137	0.252	0.093	0.094	0.186	0.133	0.207	0.208	0.193	0.230	0.151	0.140	0.223	0.218	0.093	0.092	0.177	0.142	0.171	0.178	0.202	0.174	0.135	0.142	0.163	0.178	0.093	0.094	0.193	0.130	0.165	0.190	0.172	0.240	0.137	0.232	0.151	0.182	0.097	0.093	0.178	0.171	0.183	0.180	0.252	0.211	0.204	0.170	0.225	0.177	0.090	0.093	0.096	0.094	0.093	0.095	0.099	0.095	0.095	0.093	0.089	0.086	0.086
19:00:20	19.3	0.094	0.095	0.094	0.094	0.097	0.095	0.094	0.094	0.094	0.094	0.094	0.095	0.093	0.136	0.191	0.141	0.192	0.190	0.199	0.149	0.143	0.143	0.146	0.093	0.094	0.190	0.233	0.139	0.183	0.231	0.186	0.134	0.170	0.139	0.259	0.093	0.094	0.199	0.136	0.215	0.220	0.203	0.236	0.156	0.143	0.230	0.227	0.093	0.093	0.191	0.144	0.183	0.192	0.215	0.188	0.138	0.146	0.168	0.190	0.094	0.094	0.203	0.132	0.177	0.201	0.187	0.250	0.140	0.239	0.154	0.193	0.097	0.093	0.192	0.176	0.193	0.194	0.261	0.222	0.207	0.174	0.235	0.192	0.091	0.093	0.096	0.094	0.093	0.095	0.099	0.095	0.095	0.094	0.088	0.086	0.086
20:00:20	19.5	0.093	0.095	0.094	0.094	0.097	0.095	0.094	0.095	0.094	0.094	0.094	0.095	0.093	0.139	0.205	0.144	0.206	0.205	0.206	0.151	0.147	0.145	0.149	0.093	0.094	0.201	0.242	0.141	0.197	0.243	0.197	0.136	0.174	0.141	0.267	0.093	0.095	0.213	0.138	0.223	0.231	0.211	0.240	0.160	0.147	0.237	0.233	0.093	0.093	0.205	0.148	0.196	0.206	0.230	0.203	0.142	0.149	0.173	0.205	0.094	0.094	0.214	0.131	0.190	0.211	0.202	0.260	0.141	0.248	0.159	0.205	0.098	0.093	0.205	0.181	0.203	0.209	0.273	0.233	0.216	0.181	0.243	0.207	0.091	0.093	0.096	0.094	0.093	0.095	0.099	0.095	0.095	0.094	0.088	0.086	0.086
21:00:21	19.7	0.094	0.095	0.094	0.094	0.097	0.094	0.094	0.094	0.094	0.094	0.093	0.095	0.092	0.142	0.219	0.148	0.218	0.220	0.215	0.155	0.151	0.149	0.152	0.093	0.094	0.214	0.252	0.144	0.211	0.254	0.209	0.136	0.179	0.145	0.274	0.093	0.095	0.227	0.141	0.238	0.242	0.221	0.250	0.165	0.151	0.242	0.241	0.093	0.093	0.219	0.152	0.209	0.220	0.244	0.219	0.143	0.155	0.178	0.218	0.094	0.094	0.225	0.132	0.199	0.223	0.218	0.270	0.143	0.256	0.162	0.217	0.097	0.093	0.220	0.187	0.213	0.223	0.283	0.243	0.225	0.186	0.250	0.220	0.091	0.093	0.096	0.094	0.093	0.095	0.094	0.095	0.095	0.094	0.088	0.086	0.085
22:00:22	19.7	0.094	0.095	0.094	0.094	0.097	0.095	0.094	0.094	0.094	0.094	0.094	0.095	0.092	0.145	0.234	0.152	0.230	0.234	0.225	0.160	0.156	0.153	0.156	0.093	0.094	0.225	0.264	0.148	0.224	0.264	0.221	0.137	0.184	0.148	0.281	0.093	0.094	0.240	0.145	0.238	0.253	0.232	0.260	0.169	0.155	0.252	0.243	0.093	0.093	0.233	0.156	0.221	0.235	0.259	0.235	0.146	0.160	0.183	0.233	0.094	0.094	0.237	0.132	0.208	0.234	0.235	0.282	0.146	0.264	0.167	0.231	0.097	0.093	0.234	0.194	0.223	0.237	0.295	0.256	0.236	0.192	0.257	0.234	0.091	0.093	0.096	0.094	0.093	0.095	0.094	0.095	0.095	0.094	0.090	0.086	0.086
23:00:23	19.8	0.094	0.095	0.094	0.094	0.097	0.094	0.094	0.094	0.094	0.094	0.094	0.095	0.093	0.148	0.248	0.155	0.241	0.249	0.235	0.163	0.161	0.156	0.160	0.093	0.094	0.236	0.275	0.152	0.235	0.275	0.233	0.140	0.189	0.152	0.288	0.093	0.094	0.251	0.149	0.246	0.266	0.243	0.271	0.173	0.159	0.258	0.250	0.093	0.092	0.246	0.161	0.233	0.249	0.273	0.250	0.148	0.164	0.189	0.245	0.094	0.094	0.249	0.133	0.215	0.246	0.250	0.292	0.154	0.272	0.171	0.245	0.097	0.093	0.246	0.199	0.237	0.251	0.307	0.264	0.247	0.199	0.265	0.248	0.091	0.093	0.096	0.094	0.093	0.094	0.093	0.095	0.095	0.093	0.089	0.086	0.085
24:00:24	19.9	0.094	0.095	0.094	0.094	0.097	0.095	0.094	0.095	0.094	0.094	0.093	0.095	0.092	0.153	0.260	0.160	0.253	0.261	0.246	0.168	0.166	0.161	0.164	0.093	0.094	0.248	0.288	0.155	0.246	0.286	0.246	0.141	0.195	0.156	0.296	0.093	0.094	0.263	0.155	0.254	0.280	0.256	0.283	0.178	0.164	0.266	0.256	0.093	0.093	0.258	0.165	0.245	0.261	0.286	0.265	0.150	0.170	0.194	0.258	0.094	0.094	0.262	0.135	0.221	0.259	0.265	0.304	0.157	0.280	0.176	0.259	0.097	0.093	0.259	0.205	0.249	0.265	0.319	0.275	0.255	0.206	0.273	0.261	0.091	0.094	0.096	0.094	0.093	0.095	0.094	0.095	0.095	0.094	0.089	0.087	0.086
25:00:25	20.0	0.094	0.095	0.094	0.094	0.097	0.094	0.094	0.094	0.094	0.094	0.093	0.095	0.092	0.156	0.273	0.164	0.263	0.276	0.258	0.173	0.172	0.166	0.169	0.093	0.094	0.258	0.301	0.161	0.259	0.296	0.259	0.144	0.200	0.159	0.302	0.092	0.094	0.275	0.158	0.263	0.292	0.268	0.294	0.184	0.169	0.274	0.262	0.093	0.093	0.272	0.169	0.257	0.275	0.299	0.279	0.154	0.175	0.200	0.270	0.094	0.094	0.275	0.138	0.228	0.271	0.279	0.315	0.160	0.288	0.180	0.272	0.097	0.093	0.271	0.211	0.263	0.279	0.331	0.288	0.264	0.211	0.282	0.276	0.091	0.094	0.095	0.093	0.093	0.094	0.093	0.094	0.095	0.093	0.089	0.086	0.085
26:00:26	20.1	0.094	0.095	0.094	0.094	0.097	0.094	0.094	0.094	0.094	0.094	0.093	0.095	0.092	0.161	0.286	0.169	0.272	0.289	0.270	0.177	0.177	0.170	0.173	0.093	0.094	0.268	0.314	0.166	0.270	0.309	0.272	0.146	0.205	0.163	0.308	0.093	0.094	0.288	0.162	0.273	0.306	0.280	0.306	0.190	0.173	0.282	0.273	0.093	0.092	0.283	0.175	0.269	0.288	0.313	0.293	0.156	0.180	0.205	0.283	0.093	0.094	0.289	0.140	0.234	0.285	0.293	0.326	0.163	0.298	0.185	0.287	0.097	0.092	0.283	0.217	0.276	0.291	0.342	0.298	0.270	0.217	0.292	0.288	0.091	0.094	0.095	0.094	0.093	0.094	0.094	0.094	0.094	0.093	0.089	0.086	0.085
27:00:27	20.1	0.094	0.095	0.094	0.094	0.098	0.095	0.094	0.095	0.095	0.094	0.094	0.095	0.092	0.166	0.300	0.174	0.283	0.303	0.283	0.183	0.183	0.176	0.178	0.094	0.094	0.280	0.322	0.171	0.282	0.320	0.287	0.150	0.212	0.168	0.316	0.093	0.094	0.299	0.168	0.283	0.320	0.294	0.318	0.196	0.179	0.291	0.277	0.093	0.093	0.298	0.180	0.282	0.301	0.327	0.308	0.161	0.186	0.211	0.296	0.094	0.094	0.304	0.143	0.243	0.299	0.309	0.338	0.168	0.308	0.190	0.301	0.098	0.093	0.297	0.222	0.290	0.305	0.354	0.311	0.278	0.223	0.303	0.302	0.091	0.094	0.096	0.094	0.093	0.095	0.094	0.095	0.095	0.094	0.089	0.086	0.086
28:00:29	19.9	0.094	0.095	0.094	0.094	0.098	0.094	0.094	0.094	0.094	0.094	0.093	0.095	0.092	0.173	0.314	0.180	0.293	0.316	0.294	0.189	0.189	0.181	0.183	0.093	0.094	0.292	0.333	0.176	0.294	0.330	0.300	0.154	0.217	0.172	0.324	0.093	0.095	0.313	0.172	0.292	0.334	0.306	0.330	0.202	0.184	0.299	0.284	0.093	0.093	0.309	0.185	0.293	0.315	0.340	0.322	0.164	0.191	0.216	0.310	0.094	0.094	0.317	0.145	0.252	0.313	0.324	0.351	0.172	0.318	0.195	0.316	0.098	0.093	0.310	0.228	0.305	0.319	0.367	0.324	0.287	0.231	0.312	0.319	0.091	0.094	0.096	0.094	0.093	0.094	0.093	0.095	0.094	0.094	0.089	0.086	0.085
29:00:31	19.9	0.094	0.095	0.094	0.094	0.098	0.095	0.094	0.094	0.094	0.094	0.093	0.095	0.092	0.178	0.327	0.186	0.303	0.330	0.307	0.195	0.195	0.186	0.188	0.093	0.094	0.302	0.344	0.181	0.305	0.343	0.313	0.158	0.223	0.177	0.333	0.093	0.094	0.324	0.177	0.301	0.347	0.320	0.343	0.207	0.189	0.308	0.293	0.093	0.092	0.321	0.191	0.306	0.326	0.353	0.335	0.168	0.197	0.223	0.323	0.094	0.094	0.329	0.149	0.258	0.327	0.335	0.362	0.176	0.326	0.200	0.329	0.096	0.093	0.323	0.235	0.319	0.333	0.380	0.335	0.295	0.237	0.321	0.331	0.091	0.094	0.096	0.094	0.093	0.094	0.094	0.095	0.095	0.094	0.088	0.086	0.086
30:00:32	19.8	0.093	0.095	0.094	0.094	0.098	0.094	0.094	0.094	0.094	0.094	0.093	0.095	0.092	0.184	0.340	0.191	0.314	0.341	0.320	0.200	0.201	0.192	0.194	0.093	0.094	0.312	0.356	0.186	0.316	0.356	0.327	0.162	0.229	0.182	0.342	0.093	0.094	0.334	0.181	0.312	0.360	0.332	0.355	0.213	0.194	0.317	0.299	0.093	0.093	0.334	0.196	0.318	0.338	0.365	0.349	0.173	0.203	0.228	0.337	0.094	0.094	0.343	0.152	0.265	0.340	0.348	0.374	0.182	0.335	0.205	0.342	0.097	0.093	0.334	0.240	0.332	0.344	0.392	0.348	0.304	0.243	0.332	0.343	0.091	0.093	0.096	0.094	0.093	0.095	0.093	0.095	0.095	0.093	0.088	0.086	0.085
31:00:32	19.8	0.094	0.095	0.094	0.094	0.099	0.095	0.094	0.094	0.094	0.094	0.093	0.095	0.092	0.191	0.351	0.197	0.323	0.353	0.332	0.206	0.208	0.197	0.199	0.093	0.094	0.325	0.369	0.192	0.326	0.369	0.341	0.166	0.236	0.187	0.352	0.093	0.094	0.347	0.186	0.324	0.377	0.349	0.367	0.219	0.199	0.326	0.306	0.093	0.093	0.345	0.202	0.329	0.350	0.377	0.360	0.177	0.209	0.234	0.349	0.094	0.094	0.358	0.157	0.272	0.353	0.360	0.386	0.187	0.346	0.211	0.356	0.097	0.093	0.346	0.248	0.345	0.357	0.406	0.360	0.312	0.249	0.342	0.355	0.091	0.094	0.096	0.094	0.093	0.095	0.094	0.095	0.095	0.094	0.089	0.086	0.086
32:00:33	19.8	0.094	0.095	0.094	0.094	0.099	0.095	0.094	0.094	0.094	0.094	0.093	0.095	0.092	0.198	0.363	0.203	0.332	0.365	0.344	0.212	0.214	0.203	0.205	0.093	0.094	0.333	0.382	0.197	0.337	0.382	0.356	0.171	0.242	0.192	0.360	0.093	0.094	0.358	0.191	0.340	0.388	0.364	0.379	0.224	0.204	0.337	0.315	0.093	0.093	0.355	0.209	0.338	0.362	0.390	0.373	0.182	0.216	0.239	0.361	0.094	0.094	0.371	0.161	0.279	0.366	0.373	0.399	0.192	0.354	0.216	0.370	0.097	0.093	0.359	0.256	0.359	0.369	0.419	0.374	0.323	0.257	0.355	0.367	0.091	0.094	0.096	0.094	0.093	0.095	0.094	0.095	0.095	0.094	0.088	0.087	0.085
33:00:34	19.8	0.094	0.095	0.094	0.094	0.099	0.095	0.094	0.094	0.094	0.094	0.093	0.095	0.092	0.205	0.376	0.209	0.345	0.375	0.357	0.219	0.221	0.209	0.211	0.093	0.094	0.345	0.396	0.203	0.347	0.395	0.369	0.176	0.249	0.198	0.370	0.093	0.094	0.370	0.196	0.347	0.402	0.377	0.390	0.231	0.210	0.347	0.323	0.093	0.093	0.366	0.216	0.350	0.373	0.402	0.384	0.186	0.223	0.246	0.372	0.094	0.094	0.384	0.165	0.285	0.380	0.386	0.411	0.197	0.366	0.221	0.384	0.097	0.093	0.371	0.263	0.374	0.381	0.433	0.386	0.335	0.263	0.365	0.379	0.091	0.094	0.096	0.094	0.093	0.095	0.094	0.095	0.094	0.094	0.088	0.086	0.086
34:00:35	19.8	0.093	0.095	0.094	0.094	0.099	0.094	0.094	0.094	0.094	0.094	0.093	0.095	0.092	0.214	0.387	0.216	0.355	0.387	0.369	0.225	0.228	0.216	0.216	0.093	0.094	0.354	0.408	0.210	0.358	0.407	0.382	0.182	0.255	0.203	0.379	0.093	0.094	0.381	0.202	0.359	0.416	0.389	0.402	0.237	0.218	0.358	0.333	0.093	0.093	0.377	0.224	0.360	0.386	0.415	0.397	0.191	0.230	0.253	0.384	0.094	0.094	0.398	0.169	0.293	0.393	0.399	0.429	0.202	0.374	0.227	0.398	0.097	0.093	0.384	0.271	0.388	0.394	0.448	0.399	0.346	0.271	0.378	0.391	0.091	0.094	0.095	0.094	0.093	0.094	0.093	0.095	0.094	0.093	0.088	0.086	0.085
35:00:36	19.8	0.094	0.095	0.094	0.094	0.099	0.095	0.094	0.095	0.094	0.094	0.093	0.095	0.092	0.225	0.399	0.224	0.367	0.398	0.383	0.233	0.237	0.223	0.223	0.093	0.094	0.366	0.420	0.218	0.369	0.419	0.398	0.188	0.263	0.211	0.390	0.093	0.095	0.392	0.206	0.372	0.430	0.403	0.416	0.244	0.225	0.369	0.343	0.093	0.093	0.390	0.233	0.371	0.399	0.427	0.409	0.197	0.237	0.260	0.397	0.094	0.094	0.410	0.173	0.302	0.407	0.411	0.441	0.209	0.385	0.233	0.414	0.097	0.093	0.397	0.279	0.403	0.407	0.462	0.413	0.357	0.280	0.389	0.404	0.091	0.094	0.096	0.094	0.093	0.095	0.094	0.095	0.095	0.094	0.089	0.086	0.085
36:00:38	19.8	0.094	0.095	0.094	0.094	0.099	0.095	0.094	0.094	0.094	0.094	0.093	0.095	0.092	0.236	0.412	0.232	0.379	0.410	0.398	0.241	0.246	0.231	0.229	0.093	0.094	0.378	0.433	0.226	0.380	0.431	0.410	0.195	0.270	0.218	0.400	0.093	0.094	0.403	0.211	0.383	0.444	0.417	0.428	0.251	0.232	0.378	0.352	0.093	0.092	0.403	0.244	0.383	0.410	0.439	0.422	0.202	0.243	0.267	0.410	0.094	0.094	0.425	0.178	0.311	0.421	0.424	0.454	0.215	0.396	0.239	0.428	0.097	0.093	0.410	0.285	0.419	0.420	0.475	0.426	0.367	0.287	0.399	0.417	0.091	0.094	0.096	0.094	0.093	0.095	0.094	0.095	0.095	0.094	0.088	0.086	0.085
37:00:39	19.8	0.094	0.095	0.094	0.094	0.099	0.095	0.094	0.095	0.094	0.094	0.093	0.095	0.092	0.251	0.424	0.240	0.391	0.422	0.411	0.251	0.258	0.240	0.236	0.093	0.094	0.389	0.448	0.236	0.392	0.446	0.425	0.202	0.278	0.226	0.411	0.093	0.095	0.415	0.217	0.396	0.458	0.432	0.442	0.258	0.240	0.388	0.362	0.093	0.093	0.416	0.258	0.394	0.424	0.454	0.436	0.207	0.250	0.275	0.423	0.094	0.094	0.439	0.184	0.320	0.437	0.438	0.467	0.221	0.406	0.247	0.443	0.098	0.093	0.423	0.294	0.434	0.433	0.489	0.440	0.379	0.295	0.411	0.431	0.091	0.094	0.096	0.094	0.094	0.094	0.094	0.095	0.095	0.094	0.088	0.087	0.086
38:00:39	19.8	0.094	0.095	0.094	0.094	0.099	0.095	0.094	0.094	0.094	0.094	0.093	0.095	0.092	0.268	0.436	0.250	0.403	0.434	0.426	0.263	0.271	0.249	0.244	0.093	0.094	0.402	0.460	0.247	0.404	0.457	0.440	0.209	0.286	0.234	0.421	0.093	0.094	0.428	0.222	0.407	0.473	0.446	0.464	0.265	0.248	0.400	0.372	0.093	0.093	0.429	0.272	0.405	0.436	0.467	0.448	0.211	0.257	0.283	0.436	0.094	0.094	0.453	0.189	0.331	0.450	0.451	0.479	0.227	0.418	0.255	0.458	0.097	0.093	0.436	0.301	0.449	0.446	0.502	0.454	0.389	0.302	0.423	0.443	0.091	0.094	0.096	0.094	0.094	0.095	0.094	0.096	0.094	0.093	0.088	0.086	0.085
39:00:41	19.8	0.094	0.095	0.094	0.094	0.098	0.095	0.094	0.095	0.094	0.094	0.093	0.095	0.092	0.287	0.450	0.262	0.413	0.447	0.439	0.276	0.286	0.260	0.252	0.093	0.094	0.414	0.474	0.259	0.415	0.471	0.452	0.216	0.294	0.243	0.432	0.093	0.094	0.441	0.228	0.417	0.487	0.460	0.469	0.275	0.258	0.411	0.382	0.093	0.093	0.441	0.289	0.417	0.448	0.480	0.462	0.216	0.263	0.291	0.450	0.094	0.094	0.466	0.193	0.342	0.464	0.464	0.491	0.232	0.427	0.264	0.473	0.097	0.093	0.450	0.311	0.464	0.459	0.515	0.468	0.400	0.311	0.436	0.457	0.090	0.094	0.095	0.094	0.093	0.094	0.094	0.095	0.095	0.093	0.088	0.086	0.086
40:00:41	19.8	0.093	0.095	0.094	0.094	0.098	0.095	0.094	0.095	0.094	0.094	0.093	0.095	0.092	0.307	0.462	0.275	0.426	0.459	0.454	0.292	0.302	0.275	0.262	0.093	0.094	0.428	0.487	0.274	0.428	0.485	0.464	0.225	0.304	0.254	0.443	0.093	0.094	0.453	0.233	0.431	0.501	0.474	0.482	0.285	0.270	0.420	0.393	0.093	0.092	0.454	0.308	0.431	0.461	0.494	0.476	0.221	0.270	0.299	0.464	0.094	0.094	0.480	0.199	0.352	0.479	0.477	0.505	0.238	0.438	0.274	0.486	0.097	0.093	0.464	0.320	0.480	0.472	0.528	0.482	0.410	0.320	0.447	0.471	0.091	0.094	0.096	0.094	0.093	0.094	0.094	0.095	0.094	0.093	0.088	0.086	0.085
41:00:43	19.8	0.094	0.095	0.094	0.094	0.099	0.095	0.095	0.094	0.094	0.094	0.093	0.095	0.092	0.330	0.475	0.290	0.437	0.471	0.467	0.309	0.319	0.289	0.271	0.093	0.094	0.440	0.501	0.290	0.440	0.497	0.476	0.233	0.314	0.266	0.453	0.093	0.094	0.466	0.239	0.441	0.516	0.488	0.495	0.296	0.281	0.431	0.404	0.093	0.093	0.466	0.327	0.442	0.473	0.508	0.489	0.225	0.277	0.309	0.476	0.094	0.094	0.495	0.203	0.366	0.493	0.490	0.516	0.243	0.449	0.285	0.500	0.097	0.093	0.476	0.329	0.494	0.486	0.541	0.496	0.421	0.329	0.459	0.484	0.091	0.094	0.096	0.094	0.093	0.095	0.094	0.095	0.094	0.093	0.088	0.086	0.086
42:00:43	20.0	0.094	0.095	0.094	0.093	0.099	0.095	0.094	0.095	0.094	0.094	0.094	0.095	0.092	0.352	0.486	0.307	0.451	0.484	0.482	0.328	0.338	0.306	0.282	0.093	0.094	0.452	0.516	0.308	0.452	0.512	0.488	0.243	0.324	0.280	0.465	0.092	0.094	0.480	0.245	0.455	0.531	0.503	0.510	0.309	0.294	0.444	0.416	0.093	0.093	0.479	0.349	0.457	0.489	0.520	0.501	0.230	0.284	0.318	0.491	0.094	0.094	0.509	0.208	0.379	0.508	0.503	0.530	0.250	0.461	0.298	0.513	0.098	0.093	0.490	0.340	0.508	0.500	0.555	0.509	0.433	0.339	0.470	0.497	0.091	0.094	0.096	0.094	0.094	0.094	0.094	0.095	0.095	0.094	0.088	0.086	0.086
43:00:44	20.0	0.093	0.095	0.094	0.093	0.099	0.095	0.094	0.094	0.094	0.094	0.093	0.095	0.092	0.375	0.498	0.325	0.464	0.498	0.494	0.348	0.357	0.325	0.294	0.093	0.094	0.465	0.528	0.327	0.467	0.525	0.501	0.255	0.335	0.295	0.477	0.093	0.094	0.490	0.251	0.468	0.546	0.518	0.524	0.323	0.308	0.454	0.428	0.093	0.092	0.493	0.372	0.469	0.501	0.534	0.515	0.235	0.290	0.327	0.504	0.094	0.094	0.523	0.214	0.392	0.523	0.517	0.544	0.255	0.472	0.311	0.528	0.098	0.093	0.504	0.350	0.523	0.514	0.569	0.523	0.444	0.348	0.483	0.511	0.091	0.094	0.096	0.094	0.093	0.094	0.094	0.095	0.095	0.093	0.088	0.086	0.086
44:00:46	20.2	0.094	0.095	0.094	0.093	0.099	0.095	0.094	0.094	0.094	0.094	0.093	0.095	0.092	0.400	0.511	0.344	0.478	0.509	0.510	0.369	0.378	0.346	0.308	0.093	0.094	0.478	0.542	0.349	0.479	0.540	0.513	0.268	0.346	0.312	0.489	0.093	0.094	0.504	0.257	0.476	0.560	0.533	0.537	0.339	0.323	0.466	0.441	0.093	0.092	0.506	0.396	0.482	0.516	0.548	0.529	0.241	0.296	0.338	0.519	0.094	0.094	0.537	0.219	0.405	0.537	0.530	0.556	0.260	0.482	0.326	0.541	0.098	0.093	0.516	0.360	0.536	0.528	0.584	0.537	0.456	0.358	0.498	0.526	0.091	0.093	0.095	0.094	0.093	0.095	0.094	0.095	0.094	0.093	0.089	0.086	0.085
45:00:47	20.3	0.093	0.095	0.094	0.093	0.098	0.094	0.094	0.095	0.094	0.094	0.093	0.095	0.092	0.426	0.523	0.365	0.490	0.523	0.524	0.392	0.400	0.368	0.323	0.093	0.094	0.494	0.556	0.369	0.493	0.554	0.525	0.284	0.359	0.331	0.500	0.092	0.094	0.519	0.263	0.487	0.576	0.547	0.552	0.356	0.338	0.482	0.454	0.093	0.093	0.521	0.422	0.498	0.532	0.562	0.543	0.247	0.302	0.347	0.533	0.094	0.094	0.551	0.226	0.422	0.553	0.544	0.570	0.266	0.494	0.342	0.556	0.098	0.093	0.532	0.370	0.549	0.543	0.597	0.551	0.465	0.368	0.509	0.541	0.091	0.094	0.096	0.094	0.093	0.094	0.094	0.095	0.094	0.093	0.088	0.087	0.085
46:00:46	20.2	0.093	0.095	0.094	0.093	0.099	0.094	0.094	0.094	0.094	0.094	0.093	0.095	0.092	0.451	0.536	0.386	0.505	0.536	0.539	0.413	0.421	0.393	0.340	0.093	0.094	0.509	0.570	0.390	0.507	0.569	0.538	0.301	0.372	0.351	0.514	0.093	0.094	0.532	0.269	0.500	0.590	0.561	0.566	0.375	0.356	0.491	0.468	0.093	0.092	0.535	0.448	0.511	0.545	0.575	0.556	0.253	0.308	0.357	0.548	0.094	0.094	0.567	0.233	0.439	0.567	0.557	0.583	0.272	0.508	0.360	0.571	0.098	0.093	0.546	0.381	0.564	0.557	0.610	0.566	0.477	0.378	0.522	0.555	0.091	0.094	0.095	0.094	0.093	0.094	0.094	0.095	0.095	0.093	0.089	0.086	0.085
47:00:47	20.1	0.094	0.095	0.094	0.093	0.099	0.094	0.094	0.095	0.094	0.094	0.093	0.095	0.092	0.477	0.550	0.409	0.519	0.549	0.554	0.436	0.446	0.416	0.357	0.093	0.094	0.524	0.586	0.415	0.521	0.582	0.551	0.320	0.386	0.374	0.526	0.093	0.095	0.546	0.276	0.512	0.606	0.576	0.580	0.395	0.376	0.504	0.483	0.093	0.093	0.549	0.476	0.526	0.560	0.590	0.572	0.260	0.315	0.367	0.564	0.094	0.094	0.582	0.239	0.453	0.583	0.571	0.598	0.279	0.518	0.379	0.587	0.098	0.093	0.562	0.391	0.579	0.572	0.624	0.580	0.487	0.389	0.535	0.571	0.091	0.094	0.096	0.094	0.093	0.095	0.094	0.095	0.094	0.093	0.088	0.087	0.086
48:00:48	20.0	0.093	0.095	0.094	0.093	0.098	0.094	0.094	0.094	0.094	0.094	0.093	0.095	0.092	0.503	0.562	0.430	0.534	0.561	0.569	0.461	0.470	0.440	0.376	0.093	0.094	0.537	0.598	0.441	0.533	0.595	0.564	0.342	0.399	0.399	0.539	0.092	0.094	0.560	0.281	0.524	0.621	0.589	0.593	0.417	0.396	0.517	0.499	0.093	0.092	0.564	0.506	0.542	0.574	0.604	0.584	0.265	0.321	0.377	0.578	0.094	0.094	0.597	0.246	0.471	0.598	0.584	0.609	0.285	0.527	0.399	0.602	0.098	0.093	0.576	0.402	0.594	0.586	0.637	0.594	0.497	0.399	0.545	0.585	0.091	0.094	0.095	0.094	0.093	0.094	0.094	0.094	0.094	0.093	0.088	0.086	0.086
49:00:50	19.9	0.093	0.095	0.094	0.093	0.099	0.094	0.094	0.094	0.094	0.094	0.093	0.095	0.092	0.532	0.575	0.453	0.547	0.574	0.582	0.485	0.494	0.465	0.397	0.093	0.094	0.550	0.611	0.461	0.548	0.610	0.578	0.363	0.415	0.423	0.553	0.093	0.094	0.573	0.286	0.534	0.636	0.604	0.606	0.439	0.417	0.531	0.515	0.093	0.092	0.578	0.534	0.555	0.589	0.618	0.598	0.271	0.327	0.388	0.592	0.093	0.094	0.611	0.253	0.487	0.612	0.597	0.623	0.291	0.542	0.420	0.618	0.098	0.093	0.590	0.414	0.608	0.599	0.650	0.609	0.509	0.410	0.559	0.599	0.091	0.094	0.095	0.093	0.093	0.094	0.093	0.094	0.094	0.093	0.088	0.086	0.085
50:00:50	19.8	0.093	0.095	0.094	0.093	0.099	0.094	0.094	0.094	0.094	0.094	0.093	0.095	0.092	0.561	0.585	0.479	0.563	0.588	0.597	0.512	0.519	0.490	0.420	0.093	0.094	0.565	0.626	0.488	0.562	0.621	0.591	0.387	0.431	0.446	0.567	0.092	0.094	0.586	0.292	0.545	0.653	0.617	0.619	0.463	0.440	0.545	0.533	0.093	0.092	0.592	0.562	0.568	0.603	0.631	0.611	0.278	0.332	0.398	0.607	0.093	0.094	0.625	0.259	0.506	0.626	0.611	0.635	0.296	0.553	0.444	0.633	0.097	0.092	0.606	0.425	0.624	0.612	0.662	0.623	0.518	0.421	0.571	0.614	0.091	0.094	0.095	0.093	0.093	0.094	0.093	0.094	0.094	0.093	0.088	0.086	0.085
51:00:51	19.9	0.093	0.095	0.094	0.093	0.099	0.095	0.094	0.094	0.094	0.094	0.093	0.095	0.092	0.589	0.598	0.506	0.577	0.600	0.609	0.538	0.543	0.514	0.442	0.093	0.094	0.579	0.637	0.515	0.576	0.634	0.604	0.409	0.448	0.474	0.582	0.092	0.094	0.599	0.299	0.557	0.666	0.629	0.632	0.487	0.462	0.559	0.553	0.093	0.092	0.606	0.590	0.583	0.617	0.644	0.624	0.284	0.338	0.408	0.622	0.094	0.094	0.639	0.267	0.524	0.641	0.623	0.649	0.303	0.563	0.468	0.650	0.098	0.092	0.619	0.437	0.639	0.626	0.674	0.635	0.528	0.432	0.584	0.628	0.091	0.094	0.095	0.094	0.094	0.094	0.093	0.095	0.094	0.093	0.089	0.086	0.086
52:00:52	19.9	0.093	0.095	0.094	0.093	0.099	0.095	0.094	0.094	0.094	0.094	0.093	0.094	0.092	0.622	0.610	0.530	0.592	0.615	0.622	0.563	0.571	0.538	0.466	0.093	0.094	0.593	0.653	0.540	0.590	0.644	0.618	0.435	0.467	0.501	0.600	0.093	0.094	0.614	0.305	0.569	0.681	0.643	0.645	0.514	0.488	0.575	0.573	0.092	0.092	0.620	0.619	0.597	0.633	0.659	0.638	0.291	0.343	0.419	0.637	0.094	0.094	0.652	0.273	0.539	0.655	0.636	0.660	0.310	0.574	0.494	0.666	0.098	0.093	0.635	0.449	0.653	0.639	0.688	0.650	0.539	0.445	0.598	0.643	0.091	0.094	0.096	0.093	0.093	0.094	0.093	0.095	0.094	0.093	0.088	0.087	0.085
53:00:53	20.0	0.093	0.095	0.094	0.093	0.099	0.095	0.094	0.094	0.094	0.094	0.093	0.095	0.092	0.658	0.621	0.559	0.607	0.627	0.636	0.595	0.600	0.565	0.491	0.093	0.094	0.607	0.665	0.568	0.604	0.658	0.631	0.462	0.486	0.528	0.619	0.093	0.094	0.626	0.313	0.580	0.696	0.656	0.658	0.543	0.516	0.592	0.595	0.093	0.092	0.635	0.645	0.611	0.646	0.672	0.651	0.297	0.348	0.430	0.652	0.094	0.094	0.666	0.280	0.557	0.668	0.650	0.673	0.316	0.586	0.521	0.682	0.098	0.093	0.649	0.461	0.671	0.653	0.700	0.663	0.549	0.457	0.612	0.657	0.091	0.094	0.095	0.094	0.093	0.094	0.094	0.095	0.094	0.093	0.088	0.086	0.086
54:00:54	20.0	0.094	0.095	0.094	0.093	0.099	0.095	0.101	0.094	0.094	0.094	0.093	0.095	0.092	0.690	0.634	0.586	0.622	0.641	0.650	0.625	0.629	0.597	0.517	0.093	0.094	0.621	0.677	0.598	0.618	0.669	0.646	0.489	0.508	0.558	0.636	0.093	0.094	0.640	0.320	0.591	0.711	0.668	0.669	0.571	0.546	0.613	0.620	0.093	0.092	0.648	0.675	0.625	0.661	0.687	0.665	0.305	0.354	0.442	0.669	0.094	0.094	0.679	0.289	0.574	0.682	0.663	0.687	0.323	0.598	0.550	0.700	0.098	0.093	0.664	0.474	0.687	0.665	0.712	0.676	0.561	0.470	0.626	0.672	0.091	0.094	0.096	0.094	0.093	0.095	0.094	0.095	0.095	0.093	0.088	0.086	0.086
55:00:56	19.9	0.093	0.095	0.094	0.093	0.099	0.095	0.101	0.094	0.094	0.094	0.093	0.095	0.092	0.723	0.647	0.615	0.637	0.654	0.661	0.656	0.657	0.625	0.545	0.093	0.094	0.635	0.689	0.628	0.632	0.683	0.658	0.521	0.529	0.590	0.656	0.092	0.094	0.653	0.327	0.604	0.731	0.682	0.682	0.603	0.578	0.631	0.642	0.093	0.092	0.664	0.704	0.639	0.675	0.700	0.679	0.313	0.360	0.454	0.686	0.094	0.094	0.691	0.296	0.595	0.696	0.675	0.699	0.331	0.613	0.580	0.716	0.097	0.092	0.679	0.487	0.704	0.679	0.723	0.688	0.572	0.483	0.642	0.687	0.091	0.094	0.096	0.094	0.093	0.094	0.094	0.095	0.094	0.094	0.089	0.086	0.086
56:00:55	19.8	0.093	0.095	0.094	0.093	0.099	0.095	0.100	0.094	0.094	0.094	0.093	0.095	0.092	0.752	0.658	0.643	0.653	0.667	0.673	0.686	0.684	0.655	0.576	0.093	0.094	0.649	0.702	0.659	0.648	0.693	0.672	0.550	0.553	0.618	0.680	0.092	0.094	0.667	0.335	0.616	0.743	0.693	0.693	0.636	0.609	0.651	0.668	0.093	0.092	0.678	0.737	0.652	0.690	0.716	0.692	0.320	0.367	0.467	0.700	0.094	0.094	0.704	0.305	0.609	0.709	0.688	0.713	0.338	0.625	0.612	0.735	0.097	0.092	0.694	0.500	0.719	0.691	0.735	0.698	0.583	0.496	0.658	0.701	0.091	0.093	0.096	0.094	0.093	0.094	0.094	0.094	0.094	0.093	0.089	0.086	0.085
57:00:56	19.8	0.093	0.095	0.094	0.093	0.099	0.095	0.100	0.094	0.094	0.094	0.093	0.095	0.092	0.779	0.670	0.674	0.668	0.681	0.685	0.715	0.719	0.691	0.604	0.093	0.094	0.663	0.714	0.686	0.662	0.705	0.685	0.585	0.578	0.649	0.698	0.093	0.094	0.680	0.342	0.627	0.758	0.708	0.703	0.668	0.641	0.671	0.695	0.093	0.092	0.693	0.769	0.666	0.703	0.730	0.705	0.328	0.373	0.476	0.718	0.094	0.094	0.716	0.314	0.629	0.721	0.701	0.725	0.345	0.643	0.644	0.751	0.098	0.092	0.707	0.513	0.733	0.704	0.746	0.705	0.593	0.509	0.677	0.714	0.091	0.093	0.095	0.093	0.093	0.094	0.093	0.095	0.094	0.093	0.088	0.086	0.085
58:00:58	19.7	0.093	0.095	0.094	0.093	0.099	0.095	0.100	0.094	0.094	0.094	0.093	0.095	0.092	0.808	0.681	0.704	0.684	0.697	0.697	0.746	0.750	0.720	0.633	0.093	0.094	0.677	0.726	0.719	0.677	0.715	0.695	0.617	0.605	0.682	0.724	0.093	0.094	0.692	0.351	0.638	0.771	0.719	0.715	0.702	0.671	0.691	0.722	0.093	0.092	0.708	0.806	0.680	0.718	0.744	0.718	0.336	0.381	0.490	0.734	0.094	0.094	0.728	0.324	0.646	0.734	0.712	0.739	0.353	0.656	0.676	0.767	0.098	0.093	0.721	0.527	0.749	0.716	0.766	0.713	0.605	0.523	0.694	0.728	0.091	0.093	0.096	0.094	0.093	0.094	0.093	0.095	0.094	0.093	0.088	0.086	0.086
59:00:58	19.7	0.093	0.095	0.094	0.093	0.098	0.095	0.101	0.094	0.094	0.094	0.093	0.095	0.092	0.843	0.694	0.733	0.701	0.712	0.709	0.775	0.784	0.751	0.664	0.093	0.094	0.691	0.737	0.748	0.690	0.726	0.712	0.649	0.634	0.711	0.747	0.092	0.094	0.706	0.358	0.652	0.775	0.730	0.724	0.735	0.704	0.714	0.749	0.093	0.092	0.722	0.843	0.694	0.736	0.757	0.730	0.344	0.387	0.502	0.749	0.094	0.094	0.741	0.333	0.662	0.747	0.723	0.751	0.361	0.672	0.709	0.783	0.098	0.092	0.736	0.541	0.760	0.728	0.779	0.723	0.617	0.537	0.714	0.742	0.091	0.093	0.095	0.094	0.093	0.094	0.093	0.095	0.094	0.093	0.090	0.086	0.085
60:00:59	19.6	0.093	0.095	0.094	0.093	0.099	0.094	0.100	0.094	0.094	0.094	0.093	0.094	0.092	0.870	0.706	0.766	0.716	0.724	0.721	0.803	0.809	0.782	0.696	0.093	0.094	0.705	0.750	0.772	0.705	0.737	0.739	0.681	0.661	0.742	0.770	0.092	0.094	0.718	0.367	0.664	0.796	0.742	0.735	0.767	0.736	0.736	0.775	0.093	0.092	0.736	0.875	0.708	0.747	0.770	0.743	0.352	0.395	0.515	0.766	0.094	0.094	0.750	0.342	0.679	0.758	0.736	0.763	0.369	0.684	0.743	0.802	0.097	0.093	0.749	0.555	0.773	0.740	0.788	0.740	0.627	0.552	0.733	0.755	0.091	0.093	0.095	0.093	0.093	0.094	0.093	0.095	0.094	0.093	0.088	0.086	0.085
61:01:00	19.6	0.093	0.095	0.094	0.093	0.099	0.095	0.100	0.095	0.094	0.094	0.093	0.095	0.092	0.901	0.718	0.792	0.732	0.738	0.732	0.833	0.839	0.810	0.727	0.093	0.094	0.718	0.758	0.800	0.721	0.748	0.778	0.713	0.689	0.774	0.793	0.093	0.095	0.730	0.376	0.676	0.813	0.756	0.744	0.798	0.766	0.760	0.802	0.093	0.092	0.750	0.908	0.722	0.762	0.784	0.756	0.361	0.402	0.527	0.782	0.094	0.094	0.763	0.352	0.695	0.771	0.747	0.771	0.377	0.703	0.773	0.815	0.098	0.093	0.764	0.569	0.786	0.751	0.801	0.756	0.637	0.566	0.751	0.770	0.091	0.093	0.095	0.094	0.093	0.094	0.094	0.094	0.094	0.093	0.089	0.086	0.085
62:01:01	19.5	0.093	0.095	0.094	0.093	0.098	0.095	0.100	0.094	0.094	0.094	0.093	0.095	0.092	0.939	0.729	0.816	0.748	0.752	0.745	0.862	0.868	0.838	0.757	0.093	0.094	0.732	0.770	0.827	0.734	0.757	0.788	0.745	0.719	0.806	0.818	0.093	0.094	0.743	0.385	0.691	0.829	0.767	0.756	0.829	0.794	0.784	0.822	0.093	0.092	0.763	0.943	0.735	0.776	0.796	0.768	0.371	0.410	0.540	0.794	0.094	0.094	0.772	0.361	0.741	0.781	0.758	0.778	0.386	0.717	0.802	0.825	0.097	0.093	0.777	0.582	0.797	0.764	0.813	0.779	0.649	0.580	0.771	0.784	0.091	0.093	0.095	0.094	0.093	0.094	0.093	0.095	0.094	0.093	0.089	0.086	0.085
63:01:02	19.4	0.093	0.095	0.094	0.093	0.099	0.095	0.100	0.094	0.094	0.094	0.093	0.095	0.092	0.970	0.739	0.846	0.763	0.764	0.756	0.885	0.894	0.863	0.786	0.093	0.094	0.744	0.784	0.851	0.748	0.767	0.779	0.776	0.748	0.834	0.836	0.092	0.094	0.753	0.395	0.702	0.838	0.777	0.768	0.854	0.822	0.803	0.844	0.092	0.093	0.775	0.973	0.747	0.791	0.808	0.779	0.380	0.417	0.552	0.808	0.094	0.094	0.785	0.372	0.757	0.791	0.769	0.800	0.394	0.734	0.832	0.835	0.098	0.093	0.788	0.597	0.808	0.773	0.818	0.786	0.660	0.594	0.791	0.797	0.091	0.093	0.095	0.094	0.093	0.094	0.093	0.094	0.095	0.093	0.089	0.086	0.085
64:01:03	19.4	0.093	0.095	0.094	0.093	0.099	0.095	0.100	0.094	0.094	0.094	0.093	0.095	0.092	0.984	0.751	0.866	0.779	0.778	0.765	0.910	0.913	0.889	0.813	0.093	0.094	0.757	0.791	0.886	0.762	0.779	0.836	0.809	0.775	0.862	0.859	0.092	0.094	0.765	0.403	0.716	0.848	0.788	0.775	0.875	0.850	0.827	0.853	0.093	0.092	0.787	0.998	0.758	0.803	0.821	0.790	0.388	0.424	0.565	0.823	0.094	0.094	0.795	0.381	0.770	0.803	0.780	0.805	0.403	0.751	0.856	0.886	0.098	0.093	0.801	0.610	0.812	0.783	0.834	0.810	0.669	0.608	0.810	0.807	0.091	0.093	0.095	0.094	0.093	0.094	0.093	0.095	0.095	0.093	0.089	0.086	0.086
65:01:04	19.5	0.093	0.095	0.094	0.093	0.099	0.095	0.100	0.094	0.094	0.094	0.093	0.095	0.092	1.017	0.761	0.890	0.792	0.787	0.778	0.929	0.938	0.911	0.841	0.093	0.094	0.769	0.801	0.907	0.773	0.780	0.913	0.833	0.802	0.899	0.879	0.093	0.094	0.774	0.412	0.729	0.853	0.799	0.785	0.897	0.870	0.849	0.869	0.093	0.092	0.799	1.023	0.771	0.817	0.831	0.799	0.398	0.432	0.578	0.838	0.094	0.094	0.801	0.391	0.783	0.810	0.789	0.818	0.412	0.770	0.876	0.915	0.098	0.093	0.813	0.624	0.811	0.789	0.848	0.908	0.680	0.623	0.831	0.818	0.092	0.093	0.095	0.093	0.093	0.094	0.093	0.095	0.095	0.093	0.088	0.086	0.085
66:01:05	19.6	0.093	0.095	0.094	0.093	0.099	0.095	0.100	0.094	0.094	0.094	0.093	0.095	0.092	1.039	0.771	0.910	0.805	0.797	0.783	0.953	0.952	0.933	0.865	0.093	0.094	0.781	0.810	0.930	0.785	0.790	0.865	0.863	0.827	0.912	0.895	0.092	0.094	0.784	0.422	0.745	0.865	0.809	0.799	0.917	0.897	0.868	0.902	0.093	0.092	0.813	1.042	0.782	0.827	0.842	0.808	0.406	0.441	0.591	0.847	0.094	0.094	0.813	0.400	0.796	0.821	0.799	0.838	0.421	0.782	0.900	0.963	0.098	0.093	0.824	0.638	0.831	0.857	0.857	1.011	0.690	0.637	0.846	0.828	0.091	0.093	0.095	0.094	0.093	0.094	0.093	0.095	0.095	0.093	0.088	0.086	0.085
67:01:05	19.7	0.093	0.095	0.094	0.093	0.098	0.095	0.100	0.094	0.093	0.094	0.093	0.095	0.092	1.045	0.779	0.927	0.818	0.807	0.784	0.975	0.973	0.955	0.888	0.093	0.094	0.793	0.821	0.950	0.796	0.812	0.982	0.894	0.851	0.926	0.907	0.092	0.094	0.794	0.432	0.756	0.872	0.802	0.798	0.927	0.912	0.884	0.921	0.092	0.092	0.825	1.062	0.793	0.837	0.854	0.817	0.416	0.449	0.604	0.856	0.094	0.094	0.822	0.410	0.804	0.829	0.808	0.823	0.430	0.802	0.921	1.080	0.098	0.093	0.833	0.653	0.843	0.857	0.856	1.044	0.699	0.651	0.863	0.839	0.091	0.093	0.095	0.094	0.093	0.094	0.093	0.095	0.096	0.093	0.089	0.086	0.085
68:01:06	19.8	0.093	0.095	0.094	0.093	0.099	0.095	0.101	0.094	0.094	0.094	0.093	0.095	0.092	1.056	0.789	0.958	0.827	0.816	0.777	0.990	0.988	0.965	0.914	0.093	0.094	0.803	0.822	0.990	0.806	0.812	1.018	0.920	0.869	0.945	0.910	0.093	0.094	0.806	0.442	0.772	0.869	0.830	0.810	0.955	0.936	0.897	0.977	0.093	0.092	0.833	1.091	0.804	0.846	0.863	0.828	0.425	0.457	0.618	0.867	0.094	0.094	0.823	0.421	0.813	0.817	0.818	0.847	0.440	0.815	0.941	0.981	0.098	0.093	0.842	0.667	0.844	0.894	0.864	1.055	0.709	0.665	0.869	0.860	0.091	0.093	0.095	0.094	0.093	0.094	0.094	0.095	0.095	0.093	0.089	0.086	0.085
69:01:07	19.8	0.093	0.095	0.094	0.093	0.099	0.095	0.101	0.094	0.094	0.094	0.093	0.095	0.092	1.089	0.797	0.992	0.837	0.820	0.881	1.019	0.994	0.953	0.935	0.093	0.094	0.811	0.838	0.998	0.816	0.828	1.075	0.953	0.888	0.961	0.924	0.093	0.094	0.815	0.451	0.787	0.888	0.842	0.826	1.032	0.947	0.910	0.957	0.093	0.092	0.842	1.088	0.815	0.856	0.870	0.839	0.435	0.465	0.632	0.875	0.094	0.094	0.822	0.431	0.828	0.864	0.827	0.854	0.449	0.830	0.952	1.254	0.098	0.093	0.851	0.681	0.885	0.928	0.858	1.145	0.719	0.681	0.881	0.873	0.091	0.093	0.095	0.094	0.093	0.094	0.094	0.095	0.096	0.093	0.089	0.086	0.085
70:01:08	19.7	0.093	0.095	0.094	0.093	0.099	0.095	0.101	0.094	0.094	0.094	0.093	0.095	0.092	1.111	0.805	1.028	0.847	0.827	0.914	1.015	1.013	0.985	0.948	0.093	0.094	0.820	0.845	1.041	0.825	0.850	1.175	0.995	0.909	0.972	0.961	0.093	0.094	0.822	0.462	0.802	0.894	0.869	0.832	1.055	0.973	0.916	1.033	0.093	0.092	0.850	1.126	0.825	0.877	0.877	0.844	0.446	0.473	0.646	0.885	0.096	0.094	0.839	0.441	0.844	0.864	0.835	0.865	0.459	0.844	0.969	1.305	0.097	0.093	0.843	0.696	0.915	0.961	0.888	1.194	0.728	0.695	0.890	0.879	0.091	0.093	0.095	0.093	0.093	0.094	0.093	0.095	0.096	0.093	0.088	0.086	0.085
71:01:10	19.7	0.093	0.095	0.094	0.093	0.099	0.095	0.101	0.094	0.094	0.094	0.093	0.095	0.091	1.074	0.812	1.022	0.858	0.842	0.997	1.032	1.029	0.980	0.953	0.092	0.094	0.828	0.846	1.049	0.834	0.874	1.029	0.979	0.931	0.979	1.022	0.092	0.094	0.830	0.471	0.817	0.899	0.869	0.840	1.067	1.019	0.943	1.041	0.093	0.092	0.856	1.142	0.831	0.881	0.886	0.852	0.455	0.483	0.658	0.899	0.107	0.094	0.851	0.452	0.857	0.879	0.842	0.870	0.469	0.841	0.973	1.162	0.098	0.092	0.898	0.709	0.964	1.045	0.892	1.178	0.738	0.709	0.939	0.881	0.091	0.093	0.095	0.094	0.093	0.094	0.093	0.094	0.096	0.093	0.089	0.086	0.085
72:01:10	19.6	0.093	0.094	0.094	0.092	0.098	0.095	0.100	0.094	0.094	0.093	0.093	0.095	0.092	1.178	0.822	1.041	0.868	0.845	1.047	1.031	1.031	0.985	0.975	0.092	0.094	0.837	0.868	1.068	0.843	0.891	1.071	1.013	0.930	0.986	1.048	0.092	0.094	0.837	0.482	0.836	0.880	0.894	0.839	1.102	1.021	0.960	1.016	0.092	0.092	0.865	1.165	0.838	0.890	0.892	0.854	0.464	0.491	0.671	0.952	0.107	0.094	0.852	0.463	0.862	0.902	0.850	0.907	0.479	0.861	0.982	1.122	0.097	0.092	0.943	0.722	0.946	1.051	0.934	1.278	0.748	0.724	0.978	0.856	0.091	0.093	0.095	0.093	0.093	0.094	0.093	0.094	0.095	0.093	0.090	0.086	0.085
73:01:11	19.6	0.093	0.094	0.094	0.092	0.099	0.095	0.101	0.094	0.093	0.094	0.093	0.095	0.092	1.153	0.830	1.064	0.877	0.853	1.079	1.049	1.034	0.997	0.974	0.092	0.094	0.844	0.877	1.083	0.852	0.921	1.160	1.049	0.939	0.994	1.000	0.092	0.094	0.845	0.492	0.851	0.834	0.946	0.845	1.014	1.072	1.016	1.057	0.093	0.092	0.871	1.172	0.848	0.898	0.899	0.865	0.475	0.499	0.684	0.869	0.107	0.094	0.859	0.473	0.870	1.028	0.858	0.938	0.489	0.885	0.982	1.262	0.097	0.092	1.062	0.730	0.990	1.020	0.957	1.305	0.756	0.738	0.988	1.124	0.090	0.093	0.095	0.093	0.093	0.094	0.093	0.094	0.096	0.093	0.089	0.086	0.085
74:01:12	19.6	0.093	0.095	0.094	0.093	0.098	0.095	0.101	0.094	0.094	0.094	0.093	0.094	0.092	1.204	0.839	1.029	0.887	0.860	1.036	1.060	1.041	1.001	0.992	0.093	0.094	0.852	0.864	1.110	0.862	0.972	1.008	1.075	0.982	1.000	1.034	0.093	0.094	0.854	0.502	0.860	1.029	0.901	0.853	1.040	1.078	1.042	1.031	0.092	0.092	0.882	1.172	0.855	0.903	0.906	0.881	0.485	0.508	0.697	0.978	0.107	0.094	0.890	0.484	0.894	1.055	0.865	0.972	0.499	0.890	0.990	1.251	0.098	0.092	0.957	0.744	1.011	1.014	0.984	1.386	0.765	0.753	0.961	1.206	0.090	0.093	0.095	0.093	0.093	0.094	0.093	0.094	0.096	0.093	0.087	0.086	0.085
75:01:12	19.7	0.093	0.095	0.094	0.093	0.099	0.096	0.101	0.094	0.094	0.094	0.093	0.095	0.092	1.214	0.846	1.032	0.896	0.869	1.197	1.053	1.045	0.999	0.988	0.093	0.094	0.861	0.882	1.123	0.871	0.994	1.207	0.965	0.964	1.013	1.025	0.093	0.094	0.861	0.512	0.874	1.012	0.934	0.859	1.041	1.008	0.984	1.028	0.093	0.093	0.884	1.193	0.862	0.909	0.913	0.961	0.496	0.517	0.709	1.042	0.107	0.094	0.906	0.494	0.894	1.047	0.872	1.013	0.509	0.882	0.992	1.014	0.098	0.093	0.967	0.761	0.992	1.166	1.055	1.347	0.776	0.763	0.960	1.200	0.090	0.093	0.095	0.093	0.093	0.094	0.094	0.094	0.097	0.093	0.087	0.086	0.085
76:01:13	19.7	0.093	0.094	0.093	0.092	0.098	0.095	0.101	0.094	0.094	0.093	0.092	0.094	0.092	1.238	0.854	1.034	0.904	0.877	1.161	1.064	1.053	1.007	0.994	0.092	0.093	0.866	0.908	1.137	0.878	0.988	1.011	1.044	1.105	1.019	1.076	0.092	0.094	0.872	0.522	0.890	0.992	0.908	0.907	1.031	1.051	1.046	1.030	0.092	0.092	0.912	1.214	0.866	0.913	0.917	1.182	0.506	0.530	0.720	0.948	0.107	0.093	0.891	0.504	0.893	1.155	0.878	1.040	0.519	0.911	1.021	1.027	0.097	0.092	0.940	0.767	0.952	1.192	1.021	1.389	0.784	0.774	1.047	0.923	0.090	0.093	0.095	0.093	0.093	0.094	0.093	0.094	0.095	0.093	0.087	0.086	0.085
77:01:14	19.8	0.093	0.095	0.094	0.093	0.099	0.095	0.101	0.094	0.093	0.094	0.093	0.095	0.092	1.267	0.862	1.039	0.915	0.882	1.150	1.067	1.063	1.014	1.000	0.093	0.094	0.876	0.959	1.136	0.887	1.118	1.353	1.103	1.101	1.025	1.048	0.092	0.094	0.882	0.532	0.885	1.102	1.027	0.995	1.053	1.045	1.065	1.030	0.093	0.092	0.913	1.202	0.874	0.918	0.922	0.961	0.516	0.539	0.730	0.918	0.107	0.094	0.905	0.516	0.901	1.138	0.886	1.035	0.530	0.917	1.006	1.101	0.097	0.093	0.950	0.783	1.004	1.088	1.046	1.375	0.795	0.782	1.086	1.031	0.091	0.093	0.095	0.093	0.093	0.094	0.093	0.094	0.096	0.093	0.088	0.086	0.085
78:01:15	19.9	0.093	0.094	0.093	0.092	0.098	0.095	0.101	0.094	0.093	0.093	0.092	0.094	0.092	1.263	0.871	1.034	0.925	0.889	1.215	1.078	1.072	1.030	1.007	0.093	0.094	0.883	0.971	1.123	0.897	1.139	1.362	1.042	1.096	1.036	1.047	0.092	0.094	0.893	0.542	0.901	1.160	1.065	0.983	1.050	0.985	1.041	1.029	0.093	0.092	0.922	1.217	0.877	0.926	0.927	0.885	0.526	0.548	0.742	0.955	0.107	0.093	0.899	0.526	0.937	1.105	0.893	1.060	0.540	0.939	1.021	1.111	0.097	0.092	0.972	0.795	0.990	1.065	1.082	1.239	0.795	0.815	1.094	0.983	0.090	0.093	0.095	0.093	0.093	0.094	0.093	0.094	0.096	0.093	0.087	0.086	0.085
79:01:16	19.8	0.093	0.095	0.094	0.093	0.099	0.095	0.101	0.094	0.094	0.094	0.093	0.095	0.092	1.287	0.879	1.047	0.935	0.898	1.229	1.082	1.079	1.028	1.011	0.093	0.094	0.892	1.006	1.169	0.903	1.136	1.204	1.071	1.102	1.045	1.045	0.093	0.094	0.899	0.552	0.904	1.168	1.162	1.013	1.054	1.043	1.040	1.038	0.092	0.093	0.926	1.222	0.885	0.922	0.930	0.980	0.536	0.557	0.753	0.895	0.107	0.094	0.939	0.537	0.909	1.160	0.899	1.174	0.551	1.000	1.024	1.170	0.098	0.093	1.006	0.799	0.989	1.062	1.143	1.360	0.798	0.850	1.093	0.907	0.090	0.093	0.095	0.094	0.093	0.094	0.093	0.094	0.095	0.093	0.088	0.087	0.085
80:01:17	19.7	0.093	0.095	0.093	0.092	0.098	0.095	0.101	0.094	0.094	0.094	0.093	0.094	0.092	1.319	0.889	1.060	0.949	0.904	1.207	1.093	1.086	1.043	1.022	0.092	0.094	0.900	1.022	1.193	0.912	1.128	1.331	1.041	1.124	1.050	1.048	0.093	0.094	0.911	0.562	0.905	1.193	1.176	1.028	1.103	1.087	1.038	1.046	0.093	0.092	0.891	1.205	0.956	0.969	0.941	1.275	0.548	0.566	0.766	1.062	0.107	0.094	0.953	0.548	0.928	1.282	0.906	1.127	0.563	1.028	1.029	1.081	0.098	0.092	0.949	0.821	0.981	1.069	1.184	1.384	0.816	0.927	1.118	0.921	0.090	0.093	0.095	0.093	0.093	0.094	0.093	0.094	0.096	0.093	0.087	0.086	0.085
81:01:18	19.6	0.093	0.095	0.094	0.092	0.099	0.095	0.101	0.094	0.094	0.094	0.093	0.095	0.092	1.308	0.899	1.054	0.959	0.909	1.207	1.103	1.091	1.041	1.025	0.092	0.094	0.906	1.018	1.198	0.923	1.173	1.282	1.052	1.114	1.060	1.073	0.093	0.094	0.920	0.571	0.932	1.191	1.339	1.103	1.083	1.076	1.062	1.047	0.093	0.092	0.865	1.227	0.879	0.995	0.955	1.155	0.557	0.575	0.785	1.051	0.107	0.094	0.944	0.561	0.996	1.300	0.911	1.125	0.571	0.984	1.037	1.022	0.097	0.093	0.953	0.822	1.032	1.087	1.157	1.339	0.826	0.939	1.131	0.945	0.090	0.093	0.095	0.094	0.093	0.095	0.093	0.095	0.096	0.093	0.087	0.086	0.085
82:01:20	19.6	0.093	0.095	0.093	0.092	0.099	0.095	0.101	0.094	0.094	0.094	0.093	0.094	0.092	1.332	0.909	1.055	0.971	0.923	1.143	1.099	1.093	1.046	1.033	0.093	0.094	0.914	1.214	1.201	0.935	1.186	1.181	1.165	1.147	1.066	1.090	0.093	0.094	0.941	0.581	1.022	1.198	1.226	1.158	1.142	1.092	1.157	1.059	0.092	0.092	0.906	1.229	1.016	1.029	1.039	1.068	0.568	0.584	0.793	0.992	0.107	0.094	0.931	0.570	1.033	1.246	1.180	1.219	0.579	1.019	1.044	1.015	0.098	0.093	1.058	0.827	1.030	1.212	1.215	1.245	0.833	0.992	1.112	0.938	0.090	0.093	0.095	0.093	0.093	0.094	0.093	0.094	0.094	0.093	0.087	0.086	0.085
83:01:21	19.6	0.093	0.095	0.094	0.093	0.099	0.095	0.101	0.095	0.094	0.094	0.093	0.095	0.092	1.345	0.919	1.068	0.979	0.930	1.224	1.117	1.108	1.061	1.046	0.093	0.094	1.106	1.179	1.231	0.950	1.147	1.224	1.165	1.108	1.072	1.098	0.093	0.094	0.949	0.591	1.007	1.195	1.187	1.225	1.141	1.095	1.147	1.068	0.093	0.093	0.990	1.229	0.942	0.993	1.169	1.017	0.579	0.594	0.788	0.994	0.107	0.094	0.919	0.580	1.000	1.195	1.079	1.232	0.593	1.097	1.056	1.007	0.098	0.092	1.026	0.922	0.971	1.125	1.274	1.223	0.843	1.017	1.133	0.966	0.090	0.094	0.095	0.094	0.093	0.094	0.094	0.095	0.094	0.093	0.087	0.086	0.085
84:01:22	19.5	0.093	0.095	0.094	0.093	0.099	0.095	0.101	0.094	0.093	0.094	0.093	0.095	0.092	1.355	0.926	1.078	0.991	0.939	1.117	1.118	1.111	1.059	1.049	0.093	0.094	0.930	1.170	1.246	0.966	1.227	1.248	1.102	1.074	1.083	1.162	0.093	0.094	0.958	0.601	1.067	1.113	1.323	1.231	1.139	1.085	1.116	1.064	0.093	0.092	0.961	1.215	0.942	1.013	1.155	1.213	0.589	0.603	0.808	0.998	0.107	0.094	0.922	0.590	0.977	1.183	1.088	1.224	0.628	1.122	1.062	1.027	0.098	0.093	1.053	0.953	1.061	1.094	1.263	1.370	0.848	1.059	1.080	0.990	0.090	0.093	0.095	0.094	0.093	0.094	0.093	0.094	0.094	0.093	0.087	0.086	0.085
85:01:22	19.6	0.093	0.095	0.094	0.093	0.099	0.096	0.101	0.094	0.093	0.093	0.093	0.095	0.092	1.349	0.933	1.100	0.998	0.947	1.261	1.144	1.141	1.087	1.060	0.093	0.094	1.028	1.154	1.284	1.065	1.215	1.347	1.130	1.101	1.095	1.106	0.093	0.094	0.976	0.611	1.010	1.288	1.214	1.291	1.155	1.111	1.121	1.069	0.093	0.092	0.971	1.250	0.945	0.996	1.250	1.127	0.598	0.612	0.829	1.010	0.107	0.094	0.954	0.598	0.979	1.180	0.965	1.303	0.635	1.126	1.069	1.020	0.098	0.092	1.048	1.013	1.033	1.077	1.242	1.366	0.850	1.052	1.070	1.020	0.090	0.093	0.095	0.093	0.093	0.094	0.094	0.094	0.094	0.093	0.087	0.087	0.085
86:01:22	19.6	0.093	0.095	0.094	0.093	0.099	0.096	0.101	0.094	0.094	0.094	0.093	0.095	0.092	1.386	0.941	1.099	1.004	0.955	1.159	1.137	1.139	1.076	1.062	0.093	0.094	1.181	1.116	1.285	1.002	1.250	1.348	1.133	1.147	1.099	1.090	0.093	0.094	0.993	0.620	1.080	1.250	1.163	1.267	1.141	1.107	1.135	1.076	0.092	0.092	0.973	1.260	0.958	1.022	1.232	1.027	0.608	0.621	0.839	1.056	0.107	0.094	0.949	0.616	1.065	1.324	1.038	1.274	0.661	1.150	1.074	1.023	0.098	0.093	1.032	1.019	1.112	1.085	1.172	1.360	0.870	1.085	1.078	0.983	0.090	0.093	0.095	0.094	0.093	0.094	0.093	0.094	0.094	0.093	0.087	0.086	0.085
87:01:23	19.6	0.093	0.095	0.093	0.092	0.098	0.096	0.102	0.094	0.093	0.094	0.093	0.094	0.092	1.414	0.951	1.111	1.012	1.014	1.337	1.156	1.154	1.089	1.066	0.092	0.094	0.972	1.156	1.327	1.114	1.280	1.292	1.101	1.179	1.108	1.181	0.093	0.094	1.009	0.631	1.087	1.319	1.220	1.272	1.133	1.100	1.101	1.084	0.093	0.092	0.990	1.291	0.927	1.016	1.099	1.056	0.618	0.630	0.854	1.020	0.107	0.094	0.958	0.623	0.996	1.150	1.116	1.228	0.671	1.109	1.085	1.039	0.098	0.092	1.016	1.011	1.126	1.206	1.213	1.303	0.850	1.102	1.199	0.995	0.090	0.093	0.095	0.093	0.093	0.094	0.093	0.094	0.094	0.093	0.087	0.086	0.085
88:01:24	19.6	0.093	0.095	0.094	0.093	0.099	0.096	0.102	0.094	0.094	0.094	0.093	0.095	0.092	1.377	0.958	1.117	1.058	1.065	1.085	1.176	1.164	1.101	1.075	0.093	0.094	1.147	1.291	1.317	1.078	1.216	1.361	1.179	1.209	1.117	1.231	0.093	0.094	1.020	0.640	1.132	1.300	1.293	1.328	1.134	1.097	1.097	1.085	0.093	0.093	1.017	1.282	0.987	1.022	1.134	0.997	0.627	0.639	0.837	1.026	0.107	0.094	0.943	0.651	1.178	1.140	1.097	1.153	0.659	1.073	1.089	1.049	0.098	0.093	1.024	1.071	1.141	1.072	1.278	1.233	0.884	1.076	1.191	1.002	0.090	0.093	0.095	0.094	0.093	0.094	0.094	0.094	0.094	0.093	0.087	0.086	0.085
89:01:26	19.6	0.093	0.095	0.094	0.093	0.099	0.096	0.102	0.094	0.094	0.094	0.093	0.095	0.092	1.417	0.975	1.131	1.065	1.045	1.102	1.165	1.178	1.094	1.075	0.093	0.094	1.111	1.348	1.351	1.065	1.303	1.252	1.161	1.162	1.121	1.165	0.093	0.094	1.038	0.648	1.144	1.217	1.348	1.372	1.118	1.105	1.100	1.084	0.092	0.092	1.042	1.307	0.989	1.044	1.237	0.991	0.634	0.647	0.889	1.033	0.107	0.094	0.954	0.652	1.027	1.098	1.140	1.166	0.701	1.169	1.095	1.078	0.098	0.093	1.040	1.098	1.112	1.063	1.294	1.366	0.888	1.222	1.108	1.003	0.090	0.093	0.095	0.094	0.093	0.094	0.093	0.095	0.095	0.093	0.087	0.086	0.085
90:01:27	19.7	0.093	0.095	0.094	0.093	0.099	0.095	0.102	0.094	0.093	0.093	0.093	0.094	0.091	1.413	0.984	1.142	1.039	1.101	1.312	1.175	1.184	1.095	1.085	0.093	0.094	1.284	1.341	1.359	1.130	1.326	1.194	1.211	1.138	1.125	1.207	0.093	0.094	1.054	0.657	1.197	1.193	1.265	1.398	1.125	1.113	1.116	1.089	0.093	0.092	1.081	1.323	1.015	1.029	1.309	1.132	0.645	0.656	0.918	1.046	0.107	0.094	0.954	0.657	1.003	1.113	1.108	1.350	0.713	1.155	1.101	1.082	0.098	0.093	1.063	1.139	1.150	1.050	1.298	1.320	0.929	1.170	1.109	1.016	0.090	0.093	0.095	0.094	0.093	0.094	0.093	0.094	0.094	0.093	0.087	0.086	0.085
91:01:28	19.7	0.093	0.095	0.093	0.092	0.099	0.096	0.102	0.094	0.094	0.094	0.093	0.095	0.092	1.445	0.989	1.172	1.101	1.076	1.228	1.181	1.201	1.125	1.095	0.093	0.094	1.218	1.369	1.380	1.014	1.219	1.294	1.152	1.135	1.135	1.185	0.093	0.094	1.054	0.668	1.154	1.171	1.327	1.375	1.141	1.120	1.184	1.095	0.093	0.092	1.045	1.322	1.028	1.026	1.325	1.020	0.661	0.665	0.883	1.069	0.107	0.094	0.979	0.674	1.020	1.308	1.259	1.208	0.763	1.067	1.110	1.065	0.098	0.093	1.091	1.099	1.194	1.069	1.274	1.197	0.981	1.052	1.165	1.015	0.090	0.094	0.096	0.094	0.093	0.094	0.093	0.094	0.094	0.093	0.087	0.086	0.085
92:01:28	19.8	0.093	0.095	0.094	0.093	0.099	0.096	0.102	0.094	0.094	0.094	0.093	0.095	0.092	1.443	1.011	1.174	1.124	1.115	1.168	1.200	1.202	1.116	1.101	0.092	0.094	1.289	1.292	1.401	1.095	1.345	1.235	1.219	1.170	1.137	1.158	0.093	0.094	1.069	0.677	1.243	1.298	1.311	1.252	1.127	1.124	1.153	1.101	0.093	0.092	1.011	1.331	1.074	1.070	1.196	1.045	0.670	0.673	1.021	1.059	0.107	0.094	1.020	0.690	1.051	1.141	1.061	1.126	0.772	1.078	1.119	1.076	0.098	0.093	1.084	1.217	1.227	1.056	1.391	1.161	0.984	1.217	1.172	1.019	0.090	0.094	0.095	0.094	0.093	0.094	0.093	0.094	0.094	0.093	0.087	0.086	0.085
93:01:30	19.8	0.093	0.095	0.094	0.093	0.099	0.096	0.102	0.095	0.094	0.094	0.093	0.094	0.092	1.435	1.050	1.185	1.160	1.042	1.169	1.192	1.210	1.139	1.104	0.093	0.094	1.188	1.358	1.410	1.093	1.323	1.219	1.159	1.171	1.145	1.212	0.093	0.094	1.066	0.686	1.221	1.320	1.322	1.294	1.131	1.132	1.121	1.127	0.093	0.092	1.019	1.321	1.053	1.073	1.147	1.007	0.673	0.681	0.965	1.062	0.107	0.094	0.999	0.696	1.055	1.240	1.151	1.124	0.866	1.198	1.126	1.078	0.099	0.093	1.108	1.139	1.209	1.045	1.269	1.194	1.038	1.121	1.143	1.026	0.090	0.094	0.095	0.094	0.093	0.094	0.093	0.095	0.094	0.093	0.087	0.086	0.085
94:01:30	19.9	0.093	0.095	0.094	0.092	0.099	0.096	0.101	0.095	0.093	0.093	0.093	0.095	0.091	1.438	1.012	1.198	1.155	1.074	1.019	1.203	1.213	1.139	1.115	0.092	0.094	1.229	1.362	1.417	0.959	1.202	1.153	1.200	1.151	1.154	1.195	0.093	0.094	1.070	0.694	1.182	1.304	1.408	1.270	1.137	1.138	1.170	1.113	0.092	0.092	1.063	1.351	1.064	1.092	1.243	1.021	0.681	0.690	1.051	1.074	0.107	0.094	1.088	0.726	1.069	1.302	1.228	1.105	0.876	1.094	1.134	1.086	0.098	0.092	1.124	1.101	1.160	1.051	1.281	1.282	1.071	1.164	1.110	1.030	0.090	0.094	0.095	0.094	0.093	0.094	0.093	0.094	0.094	0.093	0.087	0.086	0.085
95:01:31	19.9	0.093	0.095	0.093	0.092	0.099	0.096	0.102	0.094	0.093	0.093	0.093	0.095	0.092	1.450	1.041	1.212	1.133	1.031	1.027	1.214	1.226	1.150	1.110	0.093	0.094	1.231	1.357	1.430	1.087	1.205	1.194	1.251	1.186	1.158	1.180	0.093	0.094	1.079	0.704	1.189	1.150	1.414	1.239	1.147	1.147	1.144	1.115	0.092	0.092	1.069	1.333	1.101	1.094	1.245	1.018	0.711	0.700	1.084	1.077	0.107	0.094	1.092	0.750	1.084	1.168	1.151	1.162	0.846	1.085	1.137	1.095	0.098	0.092	1.053	1.262	1.141	1.042	1.347	1.215	1.049	1.164	1.164	1.038	0.090	0.094	0.095	0.093	0.093	0.094	0.093	0.094	0.094	0.093	0.087	0.086	0.085
96:01:32	19.8	0.093	0.095	0.094	0.092	0.099	0.096	0.102	0.094	0.094	0.093	0.093	0.094	0.092	1.427	1.017	1.209	1.197	1.035	1.022	1.205	1.224	1.152	1.122	0.093	0.094	1.250	1.327	1.429	1.063	1.193	0.999	1.204	1.195	1.158	1.163	0.093	0.094	1.077	0.708	1.143	1.150	1.402	1.233	1.148	1.151	1.136	1.117	0.093	0.092	1.095	1.341	1.169	1.113	1.276	1.035	0.801	0.714	0.960	1.083	0.107	0.094	1.078	0.771	1.068	1.289	1.165	1.167	0.866	1.091	1.147	1.105	0.098	0.093	1.091	1.092	1.138	1.050	1.296	1.259	1.085	1.175	1.177	1.041	0.090	0.094	0.095	0.094	0.093	0.094	0.093	0.094	0.094	0.093	0.087	0.086	0.085

