Time	T° 600	A1	A2	A3	A4	A5	A6	A7	A8	A9	A10	A11	A12	B1	B2	B3	B4	B5	B6	B7	B8	B9	B10	B11	B12	C1	C2	C3	C4	C5	C6	C7	C8	C9	C10	C11	C12	D1	D2	D3	D4	D5	D6	D7	D8	D9	D10	D11	D12	E1	E2	E3	E4	E5	E6	E7	E8	E9	E10	E11	E12	F1	F2	F3	F4	F5	F6	F7	F8	F9	F10	F11	F12	G1	G2	G3	G4	G5	G6	G7	G8	G9	G10	G11	G12	H1	H2	H3	H4	H5	H6	H7	H8	H9	H10	H11	H12
0:00:06	19.7	0.096	0.096	0.098	0.096	0.096	0.097	0.096	0.096	0.097	0.098	0.097	0.095	0.097	0.099	0.099	0.103	0.099	0.099	0.098	0.101	0.100	0.100	0.099	0.098	0.095	0.098	0.098	0.100	0.102	0.099	0.100	0.099	0.099	0.101	0.099	0.097	0.101	0.098	0.098	0.098	0.099	0.097	0.101	0.100	0.098	0.101	0.099	0.097	0.099	0.101	0.102	0.101	0.100	0.101	0.102	0.099	0.098	0.100	0.099	0.096	0.099	0.100	0.100	0.102	0.100	0.098	0.101	0.099	0.099	0.098	0.100	0.096	0.098	0.100	0.099	0.099	0.101	0.099	0.099	0.101	0.101	0.100	0.099	0.095	0.098	0.096	0.098	0.096	0.095	0.096	0.097	0.099	0.098	0.097	0.096	0.097
0:59:58	20.2	0.096	0.096	0.098	0.097	0.096	0.097	0.096	0.096	0.097	0.098	0.097	0.096	0.097	0.099	0.099	0.103	0.099	0.099	0.099	0.102	0.099	0.101	0.099	0.098	0.095	0.098	0.099	0.100	0.102	0.099	0.100	0.099	0.099	0.101	0.099	0.097	0.102	0.098	0.098	0.098	0.099	0.098	0.099	0.101	0.098	0.101	0.100	0.097	0.099	0.101	0.102	0.101	0.101	0.102	0.102	0.099	0.099	0.100	0.099	0.096	0.099	0.100	0.100	0.102	0.100	0.099	0.102	0.099	0.099	0.099	0.100	0.096	0.098	0.101	0.100	0.099	0.101	0.100	0.099	0.101	0.101	0.101	0.099	0.096	0.098	0.097	0.099	0.096	0.095	0.096	0.097	0.099	0.098	0.097	0.099	0.097
1:59:58	20.6	0.096	0.096	0.098	0.096	0.096	0.097	0.096	0.096	0.097	0.099	0.096	0.096	0.096	0.099	0.099	0.102	0.099	0.099	0.099	0.102	0.100	0.101	0.099	0.098	0.095	0.098	0.099	0.100	0.102	0.099	0.100	0.099	0.099	0.101	0.099	0.097	0.102	0.098	0.099	0.098	0.098	0.098	0.100	0.101	0.098	0.101	0.100	0.097	0.099	0.101	0.102	0.101	0.101	0.102	0.102	0.099	0.099	0.100	0.099	0.096	0.099	0.100	0.101	0.102	0.100	0.099	0.102	0.099	0.100	0.099	0.100	0.096	0.098	0.101	0.100	0.100	0.101	0.100	0.099	0.101	0.101	0.101	0.099	0.096	0.098	0.097	0.099	0.096	0.095	0.096	0.097	0.099	0.098	0.097	0.098	0.097
2:59:57	20.7	0.096	0.096	0.098	0.096	0.096	0.097	0.096	0.096	0.097	0.098	0.096	0.095	0.097	0.099	0.099	0.102	0.099	0.100	0.099	0.102	0.100	0.101	0.099	0.098	0.095	0.098	0.099	0.100	0.102	0.099	0.101	0.099	0.099	0.101	0.099	0.097	0.101	0.098	0.099	0.098	0.099	0.098	0.100	0.101	0.098	0.101	0.100	0.097	0.099	0.101	0.102	0.101	0.101	0.102	0.102	0.099	0.099	0.100	0.099	0.096	0.099	0.101	0.101	0.102	0.100	0.099	0.102	0.100	0.100	0.099	0.099	0.096	0.098	0.101	0.100	0.100	0.101	0.100	0.099	0.101	0.101	0.101	0.099	0.096	0.098	0.097	0.099	0.096	0.096	0.096	0.097	0.100	0.098	0.097	0.098	0.097
3:59:59	20.7	0.096	0.096	0.098	0.096	0.096	0.097	0.096	0.096	0.097	0.098	0.096	0.095	0.097	0.099	0.099	0.102	0.099	0.100	0.100	0.102	0.100	0.101	0.099	0.098	0.095	0.099	0.100	0.100	0.102	0.099	0.101	0.099	0.100	0.102	0.100	0.097	0.101	0.099	0.099	0.099	0.099	0.098	0.100	0.101	0.099	0.102	0.100	0.097	0.099	0.101	0.102	0.101	0.101	0.102	0.102	0.099	0.099	0.100	0.099	0.096	0.099	0.101	0.102	0.102	0.101	0.099	0.102	0.100	0.100	0.099	0.100	0.096	0.098	0.101	0.101	0.100	0.101	0.100	0.100	0.101	0.101	0.101	0.100	0.095	0.098	0.097	0.098	0.096	0.095	0.096	0.097	0.099	0.098	0.097	0.098	0.097
4:59:59	20.7	0.096	0.096	0.098	0.096	0.096	0.097	0.096	0.096	0.097	0.098	0.096	0.096	0.096	0.099	0.099	0.102	0.100	0.100	0.099	0.102	0.100	0.101	0.100	0.098	0.095	0.099	0.100	0.101	0.103	0.099	0.102	0.100	0.100	0.102	0.100	0.097	0.101	0.098	0.099	0.099	0.099	0.098	0.100	0.102	0.098	0.102	0.101	0.097	0.099	0.102	0.102	0.101	0.101	0.103	0.102	0.099	0.100	0.100	0.099	0.096	0.099	0.101	0.102	0.102	0.101	0.099	0.103	0.100	0.100	0.100	0.100	0.096	0.098	0.101	0.101	0.101	0.102	0.101	0.100	0.102	0.101	0.101	0.100	0.095	0.098	0.097	0.099	0.096	0.095	0.096	0.097	0.099	0.098	0.097	0.098	0.096
6:00:01	20.7	0.096	0.096	0.097	0.096	0.096	0.097	0.096	0.096	0.097	0.098	0.096	0.095	0.096	0.099	0.099	0.102	0.100	0.101	0.100	0.102	0.101	0.101	0.101	0.098	0.095	0.099	0.101	0.101	0.104	0.100	0.103	0.100	0.100	0.102	0.100	0.097	0.102	0.098	0.100	0.099	0.099	0.098	0.101	0.103	0.099	0.102	0.101	0.097	0.099	0.101	0.103	0.102	0.102	0.104	0.102	0.100	0.100	0.100	0.099	0.095	0.098	0.102	0.103	0.102	0.101	0.100	0.104	0.100	0.101	0.100	0.100	0.096	0.098	0.101	0.103	0.102	0.102	0.102	0.101	0.102	0.101	0.101	0.100	0.095	0.098	0.097	0.098	0.096	0.095	0.096	0.097	0.099	0.098	0.097	0.098	0.096
7:00:02	20.6	0.096	0.096	0.098	0.096	0.096	0.097	0.096	0.096	0.097	0.099	0.097	0.096	0.097	0.100	0.099	0.103	0.100	0.103	0.100	0.103	0.101	0.102	0.101	0.099	0.095	0.100	0.102	0.102	0.106	0.100	0.104	0.100	0.101	0.102	0.101	0.097	0.102	0.099	0.102	0.099	0.100	0.099	0.101	0.105	0.099	0.104	0.102	0.097	0.099	0.102	0.103	0.103	0.103	0.105	0.102	0.100	0.101	0.100	0.100	0.096	0.099	0.102	0.105	0.103	0.101	0.100	0.106	0.101	0.102	0.101	0.100	0.096	0.098	0.102	0.105	0.103	0.102	0.104	0.101	0.102	0.102	0.101	0.100	0.096	0.098	0.097	0.099	0.096	0.095	0.096	0.098	0.099	0.099	0.097	0.098	0.096
8:00:03	20.4	0.096	0.096	0.098	0.096	0.096	0.096	0.096	0.096	0.097	0.098	0.097	0.095	0.097	0.099	0.099	0.103	0.100	0.104	0.100	0.103	0.102	0.102	0.102	0.099	0.095	0.101	0.104	0.104	0.107	0.100	0.106	0.101	0.102	0.102	0.100	0.097	0.101	0.099	0.103	0.100	0.100	0.099	0.101	0.107	0.099	0.105	0.102	0.097	0.099	0.102	0.104	0.104	0.105	0.107	0.102	0.100	0.102	0.100	0.100	0.096	0.099	0.103	0.106	0.103	0.102	0.100	0.108	0.101	0.102	0.102	0.100	0.096	0.098	0.102	0.106	0.105	0.102	0.106	0.101	0.102	0.102	0.101	0.101	0.095	0.098	0.097	0.099	0.096	0.095	0.096	0.097	0.099	0.098	0.097	0.098	0.096
9:00:04	20.2	0.096	0.096	0.098	0.096	0.096	0.097	0.096	0.096	0.097	0.098	0.097	0.095	0.096	0.099	0.099	0.103	0.100	0.106	0.100	0.103	0.103	0.103	0.103	0.098	0.094	0.101	0.106	0.106	0.110	0.100	0.109	0.101	0.103	0.102	0.100	0.097	0.100	0.099	0.105	0.100	0.100	0.099	0.101	0.109	0.099	0.106	0.103	0.097	0.099	0.102	0.104	0.106	0.107	0.110	0.102	0.100	0.103	0.100	0.100	0.096	0.098	0.104	0.108	0.103	0.102	0.100	0.111	0.101	0.103	0.103	0.100	0.096	0.098	0.102	0.109	0.107	0.103	0.108	0.101	0.103	0.102	0.101	0.101	0.095	0.097	0.096	0.099	0.096	0.095	0.095	0.097	0.099	0.098	0.097	0.098	0.096
10:00:06	20.1	0.096	0.096	0.098	0.096	0.096	0.096	0.096	0.096	0.097	0.098	0.096	0.096	0.097	0.100	0.099	0.102	0.101	0.109	0.101	0.103	0.105	0.103	0.105	0.098	0.095	0.102	0.110	0.109	0.114	0.101	0.113	0.101	0.105	0.102	0.101	0.097	0.102	0.099	0.108	0.100	0.100	0.100	0.102	0.113	0.100	0.108	0.105	0.097	0.101	0.102	0.104	0.108	0.111	0.114	0.103	0.101	0.104	0.100	0.100	0.096	0.098	0.105	0.112	0.103	0.102	0.101	0.116	0.102	0.104	0.104	0.100	0.096	0.098	0.102	0.113	0.110	0.103	0.113	0.102	0.103	0.102	0.102	0.102	0.095	0.098	0.097	0.098	0.096	0.095	0.096	0.097	0.099	0.098	0.097	0.098	0.097
11:00:06	20.0	0.096	0.096	0.098	0.096	0.096	0.097	0.096	0.096	0.097	0.098	0.096	0.096	0.096	0.100	0.099	0.103	0.101	0.113	0.101	0.104	0.106	0.105	0.107	0.098	0.095	0.104	0.114	0.114	0.120	0.101	0.118	0.102	0.107	0.103	0.101	0.097	0.102	0.099	0.113	0.100	0.101	0.100	0.102	0.119	0.100	0.110	0.106	0.097	0.099	0.102	0.105	0.112	0.116	0.121	0.103	0.101	0.106	0.100	0.100	0.096	0.099	0.107	0.117	0.103	0.102	0.102	0.122	0.102	0.107	0.106	0.100	0.097	0.098	0.102	0.119	0.115	0.103	0.119	0.102	0.103	0.102	0.102	0.103	0.096	0.098	0.097	0.099	0.096	0.095	0.096	0.097	0.099	0.098	0.097	0.098	0.096
12:00:06	19.9	0.096	0.096	0.098	0.097	0.096	0.097	0.096	0.097	0.097	0.099	0.097	0.096	0.097	0.100	0.100	0.103	0.102	0.119	0.102	0.104	0.109	0.106	0.110	0.099	0.095	0.106	0.120	0.121	0.128	0.102	0.126	0.102	0.110	0.103	0.101	0.097	0.101	0.099	0.120	0.101	0.101	0.101	0.103	0.127	0.100	0.114	0.110	0.097	0.099	0.102	0.105	0.117	0.123	0.130	0.104	0.102	0.109	0.101	0.101	0.096	0.099	0.109	0.124	0.104	0.103	0.102	0.133	0.102	0.109	0.109	0.101	0.097	0.098	0.102	0.129	0.122	0.104	0.128	0.103	0.104	0.103	0.102	0.105	0.096	0.098	0.097	0.099	0.097	0.096	0.096	0.098	0.099	0.099	0.097	0.098	0.097
13:00:07	19.9	0.096	0.096	0.098	0.097	0.096	0.097	0.096	0.097	0.097	0.099	0.097	0.096	0.097	0.100	0.100	0.103	0.102	0.126	0.102	0.104	0.113	0.107	0.113	0.099	0.095	0.109	0.128	0.132	0.138	0.102	0.137	0.102	0.113	0.103	0.101	0.097	0.101	0.099	0.130	0.101	0.101	0.101	0.103	0.138	0.100	0.117	0.112	0.097	0.099	0.102	0.105	0.124	0.132	0.141	0.104	0.102	0.112	0.101	0.101	0.096	0.099	0.112	0.134	0.104	0.103	0.103	0.146	0.103	0.112	0.113	0.101	0.097	0.098	0.103	0.141	0.131	0.104	0.141	0.103	0.105	0.102	0.102	0.107	0.096	0.098	0.097	0.099	0.096	0.095	0.096	0.098	0.100	0.099	0.097	0.099	0.097
14:00:09	19.8	0.096	0.096	0.098	0.097	0.096	0.097	0.096	0.096	0.097	0.098	0.097	0.096	0.097	0.100	0.099	0.103	0.102	0.137	0.102	0.105	0.117	0.110	0.118	0.099	0.095	0.112	0.138	0.146	0.152	0.102	0.149	0.102	0.119	0.103	0.102	0.097	0.101	0.099	0.140	0.101	0.102	0.102	0.103	0.150	0.100	0.123	0.116	0.097	0.099	0.103	0.106	0.134	0.144	0.151	0.104	0.102	0.116	0.101	0.101	0.096	0.099	0.116	0.147	0.104	0.104	0.103	0.161	0.103	0.116	0.117	0.101	0.097	0.098	0.103	0.156	0.140	0.105	0.156	0.103	0.105	0.103	0.102	0.110	0.096	0.098	0.097	0.099	0.096	0.096	0.096	0.098	0.099	0.099	0.097	0.098	0.097
15:00:10	19.8	0.096	0.096	0.098	0.096	0.096	0.097	0.096	0.096	0.097	0.098	0.097	0.096	0.096	0.100	0.100	0.103	0.102	0.148	0.103	0.105	0.123	0.113	0.123	0.098	0.095	0.116	0.144	0.157	0.160	0.103	0.165	0.103	0.125	0.103	0.101	0.097	0.101	0.099	0.145	0.101	0.102	0.102	0.104	0.161	0.100	0.129	0.122	0.097	0.099	0.102	0.106	0.143	0.157	0.157	0.104	0.103	0.122	0.101	0.101	0.096	0.099	0.121	0.160	0.104	0.103	0.103	0.176	0.103	0.122	0.124	0.101	0.097	0.098	0.102	0.175	0.154	0.105	0.176	0.104	0.105	0.102	0.102	0.113	0.095	0.098	0.096	0.099	0.096	0.095	0.096	0.097	0.099	0.098	0.097	0.098	0.097
16:00:11	19.8	0.096	0.096	0.098	0.097	0.096	0.097	0.096	0.096	0.097	0.099	0.097	0.096	0.097	0.100	0.099	0.103	0.102	0.169	0.103	0.105	0.130	0.117	0.130	0.099	0.095	0.121	0.151	0.171	0.166	0.103	0.178	0.103	0.133	0.103	0.102	0.097	0.101	0.100	0.151	0.102	0.102	0.102	0.104	0.167	0.101	0.139	0.129	0.097	0.099	0.102	0.107	0.156	0.182	0.170	0.105	0.103	0.131	0.101	0.101	0.096	0.099	0.130	0.182	0.105	0.104	0.104	0.187	0.104	0.130	0.132	0.101	0.097	0.098	0.103	0.202	0.176	0.105	0.203	0.105	0.106	0.103	0.102	0.119	0.096	0.098	0.097	0.099	0.096	0.096	0.096	0.098	0.099	0.099	0.097	0.098	0.097
17:00:12	19.8	0.096	0.096	0.098	0.097	0.096	0.097	0.096	0.097	0.097	0.099	0.097	0.096	0.097	0.100	0.100	0.103	0.103	0.192	0.103	0.105	0.137	0.123	0.135	0.098	0.095	0.129	0.164	0.194	0.174	0.103	0.195	0.104	0.140	0.103	0.102	0.097	0.101	0.100	0.160	0.102	0.102	0.103	0.104	0.182	0.100	0.145	0.138	0.097	0.099	0.103	0.108	0.175	0.212	0.185	0.105	0.104	0.142	0.101	0.101	0.096	0.099	0.140	0.208	0.105	0.104	0.104	0.210	0.104	0.138	0.139	0.101	0.097	0.098	0.103	0.230	0.180	0.106	0.233	0.105	0.106	0.103	0.103	0.125	0.096	0.098	0.097	0.099	0.097	0.096	0.096	0.098	0.100	0.099	0.097	0.099	0.097
18:00:12	19.8	0.096	0.097	0.098	0.096	0.096	0.097	0.096	0.097	0.097	0.099	0.097	0.096	0.097	0.100	0.100	0.103	0.103	0.213	0.104	0.105	0.142	0.130	0.136	0.099	0.095	0.139	0.181	0.219	0.189	0.104	0.208	0.104	0.146	0.103	0.102	0.097	0.101	0.100	0.176	0.102	0.102	0.103	0.105	0.201	0.101	0.150	0.143	0.097	0.099	0.103	0.108	0.199	0.233	0.194	0.105	0.104	0.150	0.101	0.101	0.096	0.099	0.152	0.235	0.105	0.105	0.105	0.235	0.104	0.143	0.145	0.101	0.097	0.098	0.103	0.246	0.190	0.106	0.264	0.106	0.107	0.103	0.102	0.135	0.096	0.098	0.097	0.099	0.096	0.096	0.096	0.098	0.099	0.099	0.097	0.098	0.097
19:00:13	19.8	0.097	0.097	0.098	0.097	0.096	0.097	0.096	0.097	0.098	0.099	0.097	0.096	0.097	0.100	0.100	0.104	0.103	0.219	0.105	0.106	0.146	0.137	0.138	0.099	0.095	0.146	0.198	0.226	0.208	0.105	0.221	0.104	0.150	0.104	0.102	0.097	0.101	0.100	0.195	0.103	0.103	0.104	0.105	0.218	0.101	0.153	0.148	0.097	0.099	0.103	0.109	0.206	0.232	0.208	0.106	0.105	0.158	0.102	0.101	0.096	0.099	0.161	0.260	0.105	0.105	0.106	0.254	0.105	0.147	0.150	0.101	0.097	0.099	0.103	0.256	0.207	0.107	0.281	0.107	0.107	0.103	0.103	0.148	0.096	0.098	0.097	0.099	0.097	0.096	0.096	0.098	0.100	0.099	0.097	0.099	0.097
20:00:14	19.8	0.096	0.096	0.098	0.096	0.096	0.096	0.096	0.096	0.097	0.098	0.096	0.096	0.096	0.099	0.099	0.103	0.103	0.232	0.105	0.106	0.150	0.141	0.138	0.098	0.094	0.148	0.214	0.232	0.224	0.104	0.239	0.104	0.152	0.103	0.102	0.097	0.101	0.099	0.215	0.103	0.102	0.104	0.105	0.236	0.100	0.154	0.151	0.097	0.099	0.103	0.109	0.216	0.245	0.223	0.105	0.105	0.159	0.101	0.101	0.096	0.099	0.164	0.270	0.105	0.105	0.106	0.268	0.105	0.148	0.152	0.101	0.097	0.098	0.103	0.272	0.223	0.107	0.294	0.107	0.107	0.103	0.103	0.154	0.096	0.098	0.097	0.099	0.096	0.095	0.096	0.097	0.099	0.098	0.097	0.098	0.096
21:00:15	19.8	0.096	0.096	0.098	0.097	0.096	0.096	0.096	0.096	0.097	0.098	0.097	0.096	0.097	0.099	0.100	0.103	0.103	0.251	0.105	0.106	0.155	0.145	0.141	0.098	0.095	0.149	0.233	0.247	0.243	0.105	0.259	0.105	0.155	0.103	0.102	0.097	0.101	0.100	0.239	0.103	0.103	0.105	0.106	0.258	0.101	0.156	0.153	0.097	0.099	0.103	0.110	0.229	0.263	0.241	0.105	0.106	0.160	0.101	0.101	0.096	0.099	0.166	0.286	0.105	0.106	0.106	0.288	0.105	0.150	0.155	0.101	0.097	0.098	0.103	0.289	0.240	0.107	0.309	0.108	0.108	0.103	0.102	0.159	0.096	0.098	0.097	0.099	0.096	0.096	0.096	0.098	0.099	0.099	0.097	0.098	0.097
22:00:16	19.7	0.096	0.096	0.098	0.097	0.096	0.097	0.096	0.096	0.097	0.098	0.097	0.096	0.097	0.100	0.100	0.104	0.104	0.271	0.105	0.107	0.160	0.147	0.147	0.098	0.095	0.152	0.252	0.270	0.265	0.106	0.278	0.105	0.158	0.104	0.102	0.097	0.101	0.100	0.262	0.103	0.103	0.105	0.106	0.279	0.101	0.160	0.157	0.097	0.099	0.103	0.110	0.246	0.282	0.261	0.106	0.106	0.164	0.101	0.101	0.096	0.099	0.167	0.304	0.105	0.106	0.107	0.308	0.106	0.152	0.158	0.101	0.097	0.098	0.103	0.307	0.259	0.108	0.324	0.109	0.108	0.103	0.103	0.163	0.096	0.098	0.097	0.099	0.096	0.095	0.096	0.098	0.099	0.098	0.097	0.098	0.097
23:00:17	19.8	0.096	0.096	0.098	0.097	0.096	0.097	0.096	0.096	0.098	0.098	0.097	0.096	0.097	0.099	0.100	0.103	0.104	0.291	0.106	0.107	0.165	0.148	0.151	0.098	0.095	0.155	0.273	0.292	0.286	0.106	0.299	0.106	0.162	0.104	0.102	0.097	0.101	0.100	0.286	0.104	0.103	0.106	0.107	0.300	0.101	0.165	0.160	0.097	0.099	0.103	0.111	0.263	0.302	0.282	0.106	0.107	0.166	0.101	0.101	0.096	0.099	0.171	0.322	0.105	0.107	0.108	0.326	0.106	0.155	0.161	0.101	0.097	0.099	0.103	0.326	0.278	0.108	0.341	0.110	0.108	0.103	0.103	0.163	0.096	0.098	0.097	0.099	0.096	0.096	0.096	0.098	0.099	0.099	0.097	0.098	0.097
24:00:18	20.0	0.096	0.096	0.098	0.096	0.096	0.097	0.096	0.096	0.097	0.098	0.096	0.096	0.097	0.100	0.100	0.103	0.104	0.313	0.106	0.107	0.172	0.152	0.159	0.098	0.095	0.159	0.294	0.314	0.309	0.106	0.320	0.106	0.165	0.104	0.103	0.097	0.100	0.100	0.309	0.104	0.104	0.106	0.107	0.321	0.101	0.171	0.166	0.097	0.099	0.103	0.112	0.282	0.324	0.304	0.106	0.107	0.170	0.101	0.101	0.096	0.099	0.175	0.340	0.105	0.107	0.108	0.343	0.106	0.157	0.165	0.101	0.097	0.099	0.103	0.344	0.298	0.108	0.357	0.110	0.109	0.103	0.103	0.163	0.096	0.098	0.097	0.099	0.096	0.095	0.096	0.098	0.099	0.099	0.097	0.098	0.097
25:00:25	20.3	0.096	0.096	0.098	0.096	0.096	0.097	0.096	0.096	0.097	0.098	0.096	0.096	0.096	0.099	0.100	0.103	0.104	0.336	0.106	0.107	0.181	0.157	0.169	0.098	0.095	0.164	0.316	0.335	0.332	0.106	0.343	0.106	0.171	0.104	0.102	0.097	0.101	0.099	0.331	0.104	0.104	0.107	0.107	0.342	0.101	0.180	0.174	0.097	0.099	0.103	0.112	0.305	0.346	0.326	0.106	0.108	0.176	0.101	0.101	0.096	0.099	0.182	0.360	0.105	0.107	0.109	0.362	0.107	0.162	0.171	0.101	0.096	0.098	0.103	0.362	0.320	0.109	0.374	0.112	0.109	0.103	0.103	0.167	0.096	0.097	0.097	0.099	0.096	0.095	0.096	0.098	0.099	0.098	0.097	0.098	0.096
26:00:20	20.6	0.096	0.096	0.098	0.097	0.096	0.097	0.096	0.097	0.097	0.099	0.097	0.096	0.097	0.099	0.100	0.103	0.105	0.360	0.107	0.108	0.193	0.163	0.183	0.098	0.095	0.173	0.337	0.357	0.355	0.107	0.364	0.107	0.179	0.104	0.103	0.097	0.101	0.100	0.354	0.105	0.105	0.108	0.108	0.365	0.101	0.192	0.185	0.098	0.099	0.103	0.113	0.330	0.370	0.349	0.107	0.109	0.186	0.102	0.101	0.096	0.099	0.192	0.381	0.105	0.108	0.110	0.383	0.107	0.168	0.179	0.101	0.097	0.099	0.103	0.383	0.339	0.109	0.392	0.113	0.110	0.103	0.103	0.172	0.096	0.098	0.097	0.099	0.096	0.096	0.096	0.098	0.099	0.099	0.097	0.098	0.096
27:00:21	20.9	0.096	0.096	0.098	0.097	0.096	0.097	0.096	0.096	0.097	0.099	0.097	0.096	0.096	0.099	0.100	0.103	0.105	0.384	0.108	0.108	0.205	0.170	0.199	0.098	0.094	0.183	0.358	0.378	0.380	0.107	0.387	0.107	0.190	0.104	0.103	0.097	0.101	0.100	0.376	0.105	0.105	0.109	0.109	0.386	0.101	0.204	0.198	0.097	0.099	0.103	0.114	0.356	0.395	0.374	0.107	0.109	0.197	0.101	0.101	0.096	0.099	0.204	0.401	0.106	0.108	0.111	0.403	0.108	0.176	0.188	0.101	0.096	0.098	0.104	0.403	0.359	0.110	0.411	0.114	0.111	0.103	0.102	0.179	0.096	0.098	0.097	0.099	0.096	0.095	0.096	0.098	0.099	0.099	0.097	0.098	0.096
28:00:22	21.1	0.096	0.096	0.098	0.096	0.096	0.097	0.096	0.096	0.097	0.098	0.096	0.096	0.096	0.099	0.100	0.103	0.105	0.409	0.108	0.108	0.216	0.180	0.216	0.098	0.095	0.195	0.379	0.400	0.405	0.107	0.411	0.108	0.199	0.104	0.103	0.097	0.100	0.100	0.399	0.105	0.105	0.110	0.109	0.408	0.101	0.217	0.210	0.097	0.100	0.103	0.115	0.380	0.418	0.396	0.107	0.110	0.209	0.101	0.101	0.096	0.099	0.217	0.421	0.106	0.108	0.112	0.424	0.108	0.185	0.198	0.101	0.096	0.098	0.104	0.425	0.381	0.110	0.430	0.115	0.111	0.103	0.102	0.189	0.096	0.098	0.097	0.099	0.096	0.095	0.096	0.098	0.099	0.099	0.097	0.098	0.096
29:00:23	21.2	0.096	0.096	0.098	0.097	0.096	0.097	0.096	0.096	0.097	0.098	0.097	0.096	0.096	0.099	0.100	0.103	0.106	0.433	0.108	0.108	0.230	0.192	0.234	0.099	0.095	0.209	0.403	0.422	0.430	0.108	0.435	0.108	0.212	0.104	0.103	0.097	0.101	0.100	0.424	0.106	0.105	0.111	0.110	0.431	0.101	0.233	0.222	0.097	0.099	0.103	0.116	0.406	0.442	0.420	0.108	0.110	0.225	0.101	0.101	0.096	0.099	0.232	0.445	0.106	0.109	0.113	0.446	0.109	0.196	0.211	0.101	0.096	0.099	0.104	0.447	0.403	0.111	0.451	0.116	0.112	0.103	0.103	0.199	0.096	0.098	0.097	0.099	0.096	0.096	0.096	0.097	0.100	0.099	0.097	0.098	0.096
30:00:24	21.1	0.096	0.096	0.098	0.096	0.096	0.096	0.096	0.096	0.097	0.098	0.096	0.096	0.097	0.099	0.100	0.103	0.106	0.457	0.109	0.108	0.243	0.204	0.254	0.098	0.095	0.225	0.428	0.447	0.453	0.108	0.458	0.109	0.224	0.104	0.103	0.097	0.100	0.100	0.445	0.106	0.105	0.112	0.110	0.455	0.101	0.249	0.238	0.097	0.099	0.103	0.117	0.431	0.467	0.442	0.107	0.111	0.242	0.101	0.101	0.096	0.099	0.247	0.467	0.106	0.109	0.114	0.469	0.109	0.209	0.224	0.101	0.096	0.099	0.104	0.469	0.427	0.111	0.473	0.117	0.113	0.103	0.103	0.213	0.096	0.098	0.097	0.099	0.096	0.095	0.096	0.098	0.099	0.099	0.097	0.098	0.096
31:00:25	20.9	0.096	0.096	0.098	0.096	0.096	0.096	0.096	0.096	0.097	0.098	0.096	0.095	0.096	0.098	0.099	0.103	0.106	0.481	0.109	0.108	0.257	0.218	0.274	0.098	0.094	0.240	0.451	0.468	0.477	0.109	0.481	0.109	0.238	0.104	0.103	0.097	0.101	0.100	0.468	0.106	0.106	0.113	0.110	0.477	0.101	0.267	0.255	0.097	0.099	0.103	0.118	0.457	0.491	0.467	0.107	0.112	0.260	0.101	0.101	0.096	0.099	0.263	0.489	0.105	0.110	0.114	0.490	0.110	0.222	0.239	0.101	0.096	0.098	0.103	0.491	0.449	0.112	0.496	0.118	0.113	0.103	0.103	0.228	0.096	0.097	0.097	0.099	0.096	0.095	0.095	0.097	0.099	0.098	0.096	0.098	0.096
32:00:24	20.7	0.096	0.096	0.098	0.097	0.096	0.096	0.096	0.096	0.097	0.099	0.096	0.096	0.096	0.099	0.099	0.103	0.106	0.505	0.109	0.109	0.272	0.233	0.295	0.098	0.095	0.258	0.476	0.488	0.501	0.110	0.505	0.109	0.253	0.104	0.103	0.097	0.101	0.100	0.490	0.107	0.106	0.113	0.111	0.501	0.101	0.285	0.274	0.097	0.099	0.103	0.119	0.482	0.516	0.492	0.108	0.113	0.278	0.101	0.101	0.096	0.099	0.279	0.511	0.105	0.110	0.115	0.511	0.110	0.235	0.253	0.101	0.096	0.099	0.103	0.513	0.472	0.112	0.517	0.119	0.114	0.103	0.103	0.244	0.096	0.098	0.097	0.099	0.096	0.095	0.095	0.098	0.099	0.099	0.097	0.098	0.096
33:00:26	20.5	0.096	0.096	0.098	0.097	0.096	0.097	0.096	0.096	0.097	0.099	0.097	0.096	0.096	0.099	0.099	0.103	0.107	0.529	0.110	0.109	0.286	0.248	0.316	0.098	0.095	0.275	0.499	0.512	0.525	0.111	0.528	0.110	0.269	0.104	0.103	0.097	0.101	0.100	0.510	0.108	0.106	0.114	0.112	0.524	0.101	0.302	0.292	0.097	0.099	0.103	0.121	0.507	0.539	0.515	0.108	0.114	0.296	0.101	0.101	0.096	0.099	0.295	0.533	0.106	0.111	0.116	0.535	0.111	0.249	0.268	0.101	0.096	0.099	0.103	0.534	0.494	0.113	0.537	0.120	0.114	0.103	0.103	0.260	0.096	0.098	0.097	0.099	0.096	0.095	0.096	0.098	0.099	0.098	0.097	0.098	0.096
34:00:27	20.2	0.096	0.096	0.098	0.096	0.096	0.097	0.096	0.096	0.097	0.098	0.097	0.096	0.097	0.099	0.099	0.103	0.107	0.552	0.109	0.110	0.301	0.265	0.333	0.099	0.095	0.291	0.524	0.532	0.547	0.111	0.551	0.110	0.282	0.104	0.103	0.097	0.101	0.100	0.533	0.108	0.106	0.115	0.112	0.547	0.101	0.320	0.308	0.097	0.099	0.103	0.122	0.531	0.562	0.539	0.108	0.115	0.315	0.101	0.101	0.096	0.099	0.312	0.553	0.106	0.111	0.117	0.556	0.112	0.263	0.281	0.101	0.096	0.100	0.103	0.556	0.516	0.113	0.559	0.121	0.115	0.103	0.103	0.276	0.096	0.097	0.097	0.099	0.096	0.095	0.095	0.098	0.099	0.099	0.097	0.098	0.096
35:00:28	20.1	0.096	0.096	0.098	0.097	0.096	0.097	0.096	0.096	0.097	0.099	0.096	0.096	0.097	0.099	0.099	0.103	0.108	0.575	0.110	0.110	0.314	0.280	0.352	0.098	0.095	0.308	0.547	0.551	0.570	0.112	0.575	0.111	0.295	0.104	0.103	0.097	0.101	0.100	0.551	0.108	0.107	0.117	0.113	0.570	0.102	0.334	0.325	0.097	0.099	0.103	0.123	0.552	0.583	0.560	0.108	0.117	0.330	0.101	0.101	0.096	0.099	0.328	0.575	0.105	0.112	0.118	0.576	0.112	0.275	0.294	0.101	0.097	0.100	0.103	0.577	0.539	0.114	0.579	0.123	0.115	0.103	0.103	0.292	0.096	0.098	0.097	0.099	0.096	0.095	0.096	0.098	0.099	0.099	0.097	0.098	0.096
36:00:32	20.0	0.096	0.096	0.098	0.097	0.096	0.097	0.096	0.096	0.097	0.099	0.097	0.096	0.097	0.098	0.099	0.103	0.108	0.599	0.110	0.110	0.326	0.294	0.366	0.099	0.095	0.323	0.568	0.573	0.592	0.113	0.598	0.111	0.308	0.104	0.103	0.097	0.101	0.100	0.572	0.108	0.107	0.118	0.113	0.590	0.102	0.349	0.340	0.097	0.099	0.103	0.125	0.576	0.605	0.581	0.109	0.118	0.347	0.101	0.101	0.096	0.099	0.343	0.595	0.106	0.112	0.119	0.599	0.113	0.291	0.304	0.101	0.097	0.101	0.104	0.598	0.562	0.115	0.600	0.123	0.116	0.104	0.103	0.306	0.097	0.098	0.097	0.099	0.096	0.096	0.096	0.098	0.099	0.099	0.097	0.098	0.096
37:00:31	19.9	0.096	0.096	0.098	0.097	0.096	0.097	0.096	0.096	0.097	0.099	0.097	0.096	0.097	0.098	0.099	0.103	0.109	0.619	0.110	0.110	0.337	0.308	0.380	0.098	0.095	0.336	0.591	0.591	0.613	0.114	0.619	0.112	0.320	0.104	0.103	0.097	0.101	0.100	0.591	0.109	0.107	0.119	0.114	0.612	0.102	0.361	0.354	0.098	0.099	0.104	0.127	0.597	0.625	0.604	0.109	0.120	0.362	0.101	0.102	0.096	0.099	0.355	0.615	0.106	0.113	0.121	0.618	0.113	0.302	0.313	0.101	0.097	0.102	0.104	0.616	0.582	0.115	0.619	0.124	0.116	0.104	0.103	0.318	0.097	0.098	0.097	0.099	0.096	0.096	0.096	0.098	0.099	0.099	0.097	0.099	0.096
38:00:32	19.8	0.096	0.096	0.098	0.096	0.096	0.096	0.096	0.096	0.097	0.098	0.097	0.096	0.097	0.098	0.099	0.103	0.109	0.641	0.110	0.110	0.346	0.323	0.396	0.098	0.094	0.348	0.610	0.612	0.634	0.114	0.639	0.111	0.330	0.104	0.103	0.097	0.101	0.100	0.612	0.109	0.107	0.120	0.114	0.632	0.101	0.371	0.365	0.097	0.099	0.103	0.127	0.619	0.644	0.624	0.109	0.122	0.374	0.101	0.102	0.096	0.099	0.366	0.636	0.105	0.113	0.122	0.639	0.114	0.312	0.321	0.101	0.097	0.103	0.103	0.634	0.604	0.115	0.638	0.125	0.117	0.103	0.103	0.331	0.096	0.097	0.097	0.098	0.096	0.095	0.095	0.098	0.099	0.098	0.097	0.098	0.096
39:00:32	19.8	0.096	0.096	0.098	0.097	0.096	0.097	0.096	0.096	0.097	0.099	0.097	0.096	0.097	0.098	0.099	0.103	0.109	0.661	0.111	0.111	0.353	0.333	0.407	0.099	0.095	0.358	0.631	0.631	0.655	0.115	0.660	0.112	0.340	0.104	0.103	0.097	0.101	0.100	0.631	0.109	0.108	0.122	0.115	0.653	0.101	0.380	0.374	0.097	0.099	0.103	0.129	0.639	0.664	0.643	0.109	0.123	0.386	0.101	0.102	0.096	0.099	0.374	0.654	0.105	0.113	0.123	0.658	0.115	0.322	0.327	0.101	0.097	0.106	0.103	0.652	0.625	0.116	0.658	0.126	0.118	0.104	0.103	0.338	0.097	0.097	0.097	0.099	0.096	0.095	0.096	0.098	0.099	0.099	0.097	0.098	0.096
40:00:36	19.8	0.096	0.096	0.098	0.097	0.096	0.097	0.096	0.096	0.097	0.098	0.097	0.096	0.097	0.098	0.099	0.103	0.109	0.681	0.111	0.111	0.360	0.343	0.414	0.098	0.095	0.367	0.649	0.651	0.675	0.115	0.679	0.112	0.345	0.103	0.104	0.097	0.101	0.100	0.651	0.110	0.108	0.124	0.116	0.673	0.102	0.387	0.382	0.097	0.099	0.103	0.131	0.660	0.684	0.661	0.110	0.125	0.394	0.101	0.102	0.096	0.099	0.381	0.673	0.106	0.114	0.124	0.676	0.115	0.330	0.333	0.101	0.097	0.109	0.104	0.669	0.645	0.116	0.675	0.127	0.118	0.104	0.103	0.348	0.096	0.098	0.097	0.099	0.096	0.095	0.095	0.098	0.099	0.099	0.097	0.098	0.096
41:00:34	19.7	0.096	0.096	0.098	0.096	0.096	0.097	0.096	0.096	0.097	0.098	0.096	0.095	0.097	0.098	0.098	0.103	0.109	0.699	0.111	0.111	0.365	0.349	0.420	0.098	0.094	0.375	0.668	0.669	0.694	0.116	0.699	0.113	0.351	0.103	0.103	0.097	0.101	0.100	0.667	0.110	0.108	0.126	0.116	0.692	0.101	0.392	0.389	0.097	0.099	0.103	0.132	0.678	0.702	0.680	0.110	0.128	0.402	0.101	0.101	0.095	0.099	0.388	0.689	0.105	0.114	0.125	0.694	0.115	0.336	0.338	0.101	0.097	0.112	0.104	0.686	0.664	0.117	0.694	0.127	0.119	0.103	0.103	0.355	0.096	0.098	0.096	0.098	0.096	0.095	0.095	0.097	0.099	0.098	0.097	0.098	0.096
42:00:34	19.7	0.096	0.096	0.097	0.096	0.096	0.097	0.096	0.096	0.097	0.098	0.096	0.096	0.097	0.098	0.098	0.102	0.109	0.717	0.112	0.111	0.370	0.355	0.422	0.098	0.095	0.380	0.686	0.687	0.713	0.116	0.717	0.114	0.356	0.103	0.103	0.097	0.101	0.100	0.685	0.110	0.108	0.128	0.117	0.712	0.101	0.396	0.392	0.097	0.098	0.103	0.133	0.697	0.719	0.697	0.110	0.130	0.408	0.101	0.101	0.095	0.100	0.393	0.708	0.106	0.115	0.127	0.713	0.116	0.340	0.342	0.101	0.097	0.118	0.103	0.703	0.684	0.117	0.713	0.129	0.119	0.104	0.103	0.362	0.096	0.097	0.097	0.099	0.096	0.095	0.095	0.097	0.099	0.098	0.097	0.098	0.096
43:00:35	19.7	0.096	0.096	0.098	0.097	0.096	0.097	0.096	0.096	0.097	0.098	0.097	0.096	0.097	0.098	0.099	0.103	0.110	0.735	0.113	0.111	0.373	0.359	0.420	0.098	0.095	0.381	0.704	0.703	0.731	0.117	0.736	0.114	0.360	0.103	0.104	0.097	0.101	0.100	0.702	0.111	0.108	0.131	0.118	0.731	0.102	0.402	0.397	0.097	0.099	0.103	0.135	0.715	0.737	0.716	0.110	0.133	0.413	0.101	0.102	0.096	0.100	0.401	0.724	0.106	0.115	0.128	0.729	0.117	0.350	0.346	0.101	0.097	0.127	0.104	0.719	0.702	0.118	0.727	0.130	0.120	0.104	0.103	0.369	0.096	0.098	0.097	0.099	0.096	0.095	0.096	0.098	0.099	0.099	0.097	0.098	0.096
44:00:36	19.7	0.096	0.096	0.097	0.096	0.096	0.097	0.096	0.096	0.097	0.098	0.096	0.096	0.096	0.098	0.098	0.103	0.110	0.753	0.113	0.112	0.373	0.362	0.420	0.098	0.095	0.385	0.720	0.719	0.749	0.118	0.753	0.114	0.362	0.103	0.104	0.097	0.101	0.099	0.718	0.111	0.109	0.132	0.118	0.749	0.102	0.407	0.400	0.097	0.099	0.103	0.137	0.732	0.753	0.731	0.110	0.136	0.418	0.101	0.102	0.096	0.100	0.405	0.740	0.106	0.115	0.130	0.746	0.117	0.352	0.350	0.101	0.096	0.140	0.104	0.734	0.720	0.118	0.742	0.130	0.120	0.104	0.103	0.375	0.096	0.098	0.097	0.099	0.096	0.096	0.095	0.097	0.099	0.099	0.097	0.098	0.096
45:00:38	19.7	0.096	0.096	0.098	0.096	0.096	0.097	0.096	0.096	0.097	0.098	0.096	0.096	0.097	0.098	0.098	0.103	0.111	0.769	0.114	0.112	0.376	0.367	0.423	0.098	0.095	0.391	0.737	0.735	0.765	0.119	0.770	0.115	0.364	0.103	0.105	0.097	0.101	0.099	0.733	0.111	0.109	0.135	0.119	0.767	0.102	0.412	0.402	0.097	0.099	0.103	0.138	0.749	0.771	0.746	0.111	0.140	0.425	0.101	0.102	0.096	0.101	0.407	0.756	0.106	0.116	0.131	0.764	0.117	0.354	0.352	0.101	0.096	0.155	0.104	0.749	0.737	0.119	0.760	0.131	0.121	0.104	0.104	0.380	0.096	0.098	0.097	0.099	0.096	0.095	0.096	0.097	0.099	0.098	0.097	0.098	0.096
46:00:39	19.7	0.096	0.096	0.098	0.097	0.096	0.097	0.096	0.096	0.097	0.098	0.097	0.096	0.097	0.098	0.099	0.103	0.111	0.786	0.115	0.112	0.376	0.368	0.427	0.098	0.095	0.393	0.753	0.751	0.782	0.120	0.788	0.115	0.365	0.103	0.105	0.097	0.101	0.100	0.747	0.111	0.110	0.137	0.120	0.785	0.102	0.415	0.405	0.097	0.099	0.103	0.141	0.766	0.787	0.762	0.111	0.144	0.426	0.101	0.102	0.096	0.102	0.412	0.771	0.106	0.116	0.134	0.778	0.118	0.358	0.355	0.101	0.097	0.172	0.104	0.763	0.753	0.119	0.774	0.132	0.121	0.104	0.104	0.385	0.096	0.098	0.097	0.099	0.096	0.096	0.096	0.098	0.099	0.099	0.097	0.098	0.096
47:00:40	19.7	0.096	0.096	0.098	0.097	0.096	0.097	0.096	0.096	0.097	0.098	0.097	0.096	0.097	0.098	0.098	0.103	0.112	0.800	0.116	0.112	0.376	0.371	0.430	0.098	0.095	0.396	0.768	0.767	0.799	0.120	0.802	0.116	0.367	0.103	0.105	0.097	0.101	0.099	0.763	0.112	0.110	0.140	0.121	0.800	0.102	0.418	0.407	0.097	0.099	0.103	0.142	0.781	0.803	0.777	0.111	0.148	0.429	0.101	0.102	0.096	0.103	0.414	0.787	0.106	0.117	0.135	0.794	0.118	0.359	0.359	0.101	0.097	0.210	0.104	0.778	0.768	0.120	0.789	0.133	0.121	0.104	0.104	0.388	0.096	0.097	0.097	0.099	0.096	0.095	0.096	0.097	0.099	0.099	0.097	0.098	0.096
48:00:42	19.8	0.096	0.096	0.098	0.097	0.096	0.097	0.096	0.096	0.097	0.098	0.097	0.096	0.097	0.098	0.099	0.103	0.112	0.814	0.117	0.113	0.377	0.372	0.434	0.099	0.095	0.400	0.783	0.781	0.814	0.122	0.818	0.116	0.368	0.103	0.106	0.097	0.101	0.099	0.775	0.112	0.110	0.143	0.122	0.817	0.102	0.421	0.409	0.097	0.099	0.103	0.145	0.797	0.818	0.792	0.112	0.153	0.429	0.102	0.102	0.096	0.105	0.418	0.802	0.106	0.117	0.138	0.810	0.119	0.362	0.363	0.101	0.097	0.253	0.104	0.793	0.785	0.120	0.803	0.134	0.122	0.104	0.104	0.392	0.096	0.098	0.097	0.099	0.096	0.095	0.096	0.098	0.099	0.099	0.097	0.098	0.097
49:00:44	20.0	0.096	0.096	0.098	0.097	0.096	0.097	0.096	0.096	0.097	0.099	0.097	0.096	0.097	0.098	0.098	0.103	0.113	0.829	0.118	0.113	0.377	0.374	0.436	0.098	0.095	0.404	0.796	0.797	0.831	0.123	0.834	0.117	0.369	0.103	0.107	0.097	0.101	0.099	0.790	0.113	0.110	0.146	0.123	0.833	0.102	0.422	0.410	0.097	0.099	0.103	0.147	0.811	0.834	0.806	0.112	0.157	0.432	0.102	0.102	0.096	0.108	0.422	0.817	0.107	0.117	0.140	0.823	0.120	0.365	0.365	0.101	0.097	0.278	0.104	0.807	0.801	0.121	0.817	0.135	0.123	0.104	0.105	0.395	0.096	0.098	0.097	0.099	0.096	0.096	0.096	0.098	0.099	0.099	0.097	0.098	0.097
50:00:43	20.1	0.096	0.096	0.098	0.096	0.096	0.096	0.096	0.096	0.097	0.098	0.096	0.095	0.096	0.098	0.098	0.103	0.113	0.843	0.119	0.113	0.377	0.375	0.435	0.098	0.094	0.406	0.812	0.810	0.846	0.124	0.848	0.117	0.370	0.103	0.107	0.097	0.101	0.099	0.804	0.113	0.111	0.148	0.123	0.846	0.102	0.423	0.411	0.097	0.098	0.102	0.149	0.826	0.848	0.819	0.112	0.160	0.435	0.101	0.102	0.095	0.112	0.426	0.831	0.107	0.118	0.142	0.839	0.120	0.367	0.366	0.101	0.097	0.308	0.104	0.822	0.815	0.120	0.832	0.135	0.123	0.104	0.105	0.398	0.096	0.097	0.096	0.098	0.096	0.095	0.096	0.097	0.099	0.098	0.097	0.098	0.096
51:00:43	20.2	0.096	0.096	0.098	0.097	0.096	0.097	0.096	0.096	0.097	0.099	0.097	0.096	0.097	0.098	0.099	0.103	0.115	0.857	0.121	0.114	0.378	0.377	0.436	0.099	0.095	0.407	0.825	0.824	0.859	0.127	0.863	0.118	0.372	0.103	0.109	0.097	0.102	0.100	0.817	0.114	0.111	0.152	0.125	0.861	0.103	0.425	0.413	0.098	0.099	0.103	0.152	0.839	0.862	0.833	0.113	0.164	0.435	0.102	0.102	0.096	0.118	0.428	0.847	0.107	0.119	0.145	0.854	0.121	0.369	0.366	0.101	0.097	0.336	0.104	0.836	0.831	0.121	0.845	0.136	0.124	0.104	0.106	0.400	0.096	0.098	0.097	0.099	0.096	0.096	0.096	0.098	0.099	0.099	0.097	0.099	0.097
52:00:45	20.3	0.096	0.096	0.098	0.097	0.096	0.097	0.096	0.096	0.097	0.098	0.096	0.095	0.096	0.098	0.098	0.103	0.115	0.869	0.123	0.114	0.376	0.380	0.436	0.099	0.095	0.407	0.838	0.837	0.871	0.129	0.878	0.118	0.372	0.103	0.110	0.097	0.101	0.099	0.831	0.114	0.111	0.155	0.126	0.875	0.103	0.426	0.415	0.097	0.099	0.103	0.154	0.852	0.876	0.846	0.113	0.168	0.434	0.101	0.102	0.096	0.127	0.430	0.859	0.107	0.119	0.148	0.862	0.122	0.369	0.366	0.101	0.097	0.363	0.104	0.849	0.845	0.121	0.855	0.136	0.124	0.104	0.107	0.401	0.096	0.098	0.097	0.099	0.096	0.095	0.096	0.097	0.099	0.099	0.097	0.098	0.096
53:00:45	20.4	0.096	0.096	0.098	0.097	0.096	0.097	0.096	0.096	0.097	0.098	0.097	0.096	0.097	0.098	0.099	0.103	0.117	0.884	0.125	0.114	0.376	0.381	0.438	0.099	0.095	0.407	0.853	0.850	0.885	0.132	0.890	0.118	0.371	0.103	0.112	0.097	0.102	0.099	0.842	0.114	0.111	0.159	0.127	0.890	0.103	0.429	0.418	0.097	0.099	0.103	0.158	0.865	0.889	0.859	0.113	0.172	0.435	0.102	0.102	0.096	0.138	0.431	0.873	0.107	0.120	0.152	0.877	0.123	0.368	0.367	0.101	0.097	0.390	0.104	0.863	0.859	0.122	0.871	0.138	0.125	0.104	0.109	0.401	0.096	0.098	0.097	0.099	0.096	0.096	0.096	0.097	0.099	0.099	0.097	0.098	0.096
54:00:47	20.4	0.096	0.096	0.098	0.097	0.096	0.097	0.097	0.096	0.097	0.098	0.097	0.096	0.096	0.098	0.098	0.103	0.118	0.896	0.127	0.114	0.376	0.383	0.438	0.099	0.095	0.408	0.864	0.861	0.897	0.136	0.902	0.119	0.372	0.103	0.115	0.097	0.102	0.099	0.855	0.115	0.112	0.162	0.128	0.903	0.104	0.431	0.421	0.097	0.099	0.103	0.161	0.877	0.902	0.872	0.114	0.176	0.435	0.102	0.102	0.096	0.152	0.432	0.885	0.108	0.120	0.156	0.889	0.124	0.369	0.368	0.101	0.097	0.415	0.104	0.876	0.873	0.122	0.881	0.138	0.126	0.104	0.110	0.401	0.096	0.097	0.097	0.099	0.096	0.096	0.096	0.098	0.099	0.099	0.097	0.098	0.097
55:00:47	20.3	0.096	0.096	0.098	0.097	0.096	0.097	0.096	0.096	0.097	0.098	0.097	0.096	0.097	0.098	0.099	0.104	0.121	0.908	0.130	0.114	0.377	0.384	0.440	0.099	0.095	0.411	0.878	0.874	0.910	0.141	0.916	0.120	0.373	0.103	0.118	0.097	0.102	0.099	0.870	0.115	0.112	0.166	0.129	0.915	0.105	0.434	0.423	0.097	0.099	0.103	0.165	0.887	0.913	0.884	0.114	0.181	0.434	0.102	0.102	0.096	0.173	0.433	0.898	0.108	0.121	0.161	0.901	0.125	0.371	0.369	0.101	0.097	0.441	0.104	0.888	0.887	0.123	0.894	0.139	0.126	0.105	0.113	0.401	0.096	0.097	0.097	0.099	0.096	0.096	0.096	0.098	0.099	0.099	0.097	0.098	0.096
56:00:49	20.2	0.096	0.096	0.098	0.096	0.096	0.097	0.096	0.096	0.097	0.098	0.096	0.096	0.096	0.098	0.098	0.104	0.123	0.920	0.133	0.115	0.379	0.386	0.442	0.098	0.095	0.413	0.888	0.884	0.921	0.147	0.930	0.119	0.375	0.102	0.121	0.097	0.103	0.099	0.882	0.116	0.112	0.169	0.130	0.928	0.105	0.435	0.424	0.097	0.099	0.102	0.168	0.898	0.926	0.896	0.115	0.184	0.434	0.102	0.102	0.096	0.207	0.435	0.910	0.108	0.121	0.165	0.912	0.126	0.372	0.372	0.101	0.097	0.466	0.104	0.902	0.900	0.123	0.904	0.140	0.126	0.105	0.116	0.401	0.096	0.097	0.097	0.099	0.096	0.095	0.096	0.097	0.099	0.099	0.097	0.098	0.096
57:00:49	20.0	0.096	0.096	0.098	0.096	0.096	0.097	0.096	0.096	0.097	0.098	0.096	0.096	0.096	0.098	0.098	0.104	0.126	0.928	0.137	0.115	0.380	0.387	0.444	0.098	0.094	0.416	0.901	0.897	0.933	0.156	0.940	0.120	0.377	0.102	0.126	0.097	0.103	0.099	0.892	0.116	0.112	0.172	0.132	0.940	0.107	0.436	0.425	0.097	0.099	0.102	0.171	0.908	0.935	0.906	0.115	0.189	0.433	0.102	0.102	0.096	0.233	0.437	0.920	0.108	0.122	0.170	0.926	0.127	0.375	0.374	0.101	0.097	0.495	0.104	0.912	0.911	0.123	0.916	0.141	0.127	0.105	0.121	0.403	0.095	0.097	0.097	0.098	0.096	0.095	0.095	0.097	0.099	0.099	0.097	0.098	0.096
58:00:50	19.9	0.096	0.096	0.098	0.096	0.096	0.097	0.096	0.096	0.097	0.098	0.097	0.095	0.096	0.098	0.098	0.105	0.130	0.938	0.140	0.115	0.382	0.388	0.446	0.098	0.095	0.421	0.911	0.908	0.943	0.169	0.954	0.120	0.379	0.102	0.131	0.097	0.103	0.099	0.905	0.117	0.112	0.175	0.133	0.951	0.108	0.437	0.427	0.097	0.099	0.102	0.175	0.916	0.944	0.917	0.116	0.192	0.434	0.102	0.102	0.096	0.255	0.440	0.931	0.109	0.123	0.174	0.932	0.129	0.378	0.378	0.100	0.097	0.521	0.104	0.925	0.923	0.124	0.927	0.142	0.128	0.105	0.124	0.406	0.096	0.097	0.097	0.099	0.096	0.096	0.096	0.097	0.099	0.098	0.097	0.098	0.096
59:00:52	19.9	0.096	0.096	0.097	0.097	0.096	0.097	0.096	0.096	0.097	0.098	0.096	0.095	0.097	0.098	0.098	0.105	0.135	0.947	0.142	0.115	0.385	0.389	0.448	0.098	0.095	0.425	0.921	0.920	0.951	0.185	0.964	0.121	0.382	0.102	0.130	0.097	0.104	0.099	0.915	0.118	0.113	0.178	0.135	0.962	0.110	0.439	0.429	0.097	0.099	0.102	0.178	0.926	0.953	0.928	0.117	0.196	0.436	0.102	0.102	0.096	0.280	0.443	0.941	0.110	0.125	0.179	0.945	0.131	0.382	0.381	0.100	0.097	0.550	0.104	0.937	0.935	0.124	0.938	0.143	0.128	0.106	0.125	0.407	0.096	0.097	0.096	0.099	0.096	0.095	0.095	0.097	0.099	0.099	0.097	0.098	0.096
60:00:52	19.8	0.095	0.096	0.097	0.096	0.096	0.096	0.096	0.096	0.097	0.098	0.096	0.096	0.097	0.099	0.098	0.106	0.142	0.953	0.145	0.116	0.387	0.391	0.451	0.098	0.095	0.430	0.929	0.929	0.961	0.201	0.975	0.121	0.384	0.102	0.128	0.097	0.104	0.099	0.925	0.119	0.113	0.181	0.136	0.971	0.113	0.441	0.431	0.097	0.099	0.102	0.182	0.936	0.962	0.936	0.117	0.200	0.437	0.102	0.102	0.096	0.304	0.446	0.949	0.111	0.126	0.184	0.952	0.133	0.385	0.385	0.101	0.097	0.576	0.104	0.950	0.944	0.124	0.948	0.144	0.128	0.107	0.125	0.409	0.096	0.098	0.096	0.099	0.096	0.095	0.095	0.097	0.099	0.099	0.097	0.098	0.096
61:00:53	19.8	0.096	0.096	0.098	0.097	0.096	0.097	0.096	0.096	0.097	0.098	0.096	0.096	0.096	0.099	0.098	0.107	0.151	0.960	0.148	0.116	0.391	0.392	0.453	0.098	0.095	0.435	0.940	0.940	0.970	0.210	0.982	0.122	0.388	0.102	0.126	0.097	0.104	0.099	0.932	0.121	0.113	0.184	0.138	0.979	0.116	0.443	0.434	0.097	0.099	0.102	0.185	0.952	0.969	0.944	0.118	0.203	0.438	0.102	0.102	0.096	0.329	0.450	0.958	0.112	0.128	0.189	0.961	0.137	0.389	0.390	0.100	0.097	0.602	0.104	0.962	0.956	0.125	0.959	0.145	0.129	0.108	0.125	0.412	0.096	0.098	0.097	0.099	0.096	0.095	0.096	0.098	0.099	0.098	0.097	0.098	0.096
62:00:53	19.8	0.096	0.096	0.098	0.097	0.096	0.097	0.096	0.096	0.097	0.098	0.096	0.096	0.097	0.099	0.098	0.109	0.159	0.967	0.152	0.117	0.395	0.394	0.456	0.098	0.094	0.440	0.948	0.949	0.975	0.210	0.988	0.122	0.391	0.102	0.126	0.097	0.105	0.099	0.939	0.123	0.113	0.187	0.140	0.986	0.122	0.446	0.437	0.097	0.099	0.102	0.187	0.962	0.976	0.952	0.119	0.208	0.440	0.103	0.102	0.096	0.353	0.453	0.966	0.113	0.130	0.192	0.967	0.140	0.393	0.394	0.100	0.097	0.630	0.104	0.971	0.966	0.125	0.967	0.147	0.130	0.109	0.125	0.416	0.096	0.097	0.097	0.099	0.096	0.095	0.096	0.098	0.099	0.099	0.097	0.098	0.097
63:00:55	19.8	0.096	0.096	0.097	0.096	0.096	0.096	0.096	0.096	0.097	0.098	0.096	0.096	0.096	0.100	0.098	0.111	0.168	0.975	0.155	0.117	0.398	0.396	0.460	0.098	0.094	0.446	0.956	0.955	0.979	0.209	0.995	0.122	0.395	0.102	0.125	0.097	0.105	0.099	0.948	0.125	0.113	0.190	0.142	0.993	0.128	0.449	0.442	0.097	0.099	0.102	0.189	0.971	0.983	0.960	0.120	0.211	0.442	0.102	0.102	0.096	0.375	0.457	0.973	0.115	0.133	0.195	0.968	0.145	0.397	0.399	0.100	0.097	0.656	0.104	0.982	0.978	0.125	0.972	0.148	0.131	0.111	0.126	0.418	0.096	0.097	0.096	0.098	0.096	0.095	0.095	0.097	0.099	0.099	0.097	0.098	0.096
64:00:56	19.8	0.096	0.096	0.098	0.097	0.096	0.096	0.096	0.096	0.097	0.098	0.096	0.096	0.096	0.100	0.098	0.114	0.180	0.982	0.162	0.117	0.402	0.399	0.462	0.098	0.094	0.452	0.969	0.962	0.986	0.210	1.000	0.123	0.400	0.102	0.126	0.097	0.105	0.099	0.954	0.128	0.114	0.192	0.143	0.998	0.134	0.452	0.446	0.097	0.099	0.102	0.192	0.981	0.988	0.966	0.121	0.217	0.443	0.102	0.103	0.096	0.400	0.461	0.979	0.118	0.136	0.197	0.976	0.152	0.402	0.404	0.101	0.097	0.682	0.104	0.990	0.987	0.126	0.983	0.149	0.132	0.114	0.127	0.422	0.096	0.097	0.097	0.099	0.096	0.095	0.096	0.097	0.099	0.098	0.097	0.098	0.096
65:00:56	19.8	0.095	0.096	0.098	0.096	0.096	0.097	0.096	0.096	0.097	0.098	0.096	0.095	0.096	0.101	0.098	0.117	0.191	0.987	0.168	0.118	0.407	0.401	0.468	0.098	0.094	0.458	0.973	0.968	0.986	0.214	1.005	0.124	0.405	0.102	0.126	0.097	0.105	0.099	0.964	0.131	0.114	0.195	0.146	1.002	0.140	0.455	0.451	0.097	0.099	0.102	0.195	0.990	0.995	0.976	0.122	0.221	0.446	0.102	0.103	0.096	0.420	0.466	0.986	0.121	0.141	0.200	0.980	0.158	0.406	0.410	0.101	0.097	0.707	0.104	0.996	1.000	0.126	0.980	0.151	0.133	0.117	0.129	0.426	0.095	0.097	0.097	0.099	0.096	0.095	0.095	0.097	0.099	0.098	0.097	0.098	0.096
66:00:57	19.8	0.095	0.096	0.097	0.097	0.096	0.097	0.096	0.096	0.097	0.098	0.096	0.096	0.096	0.102	0.098	0.119	0.201	0.994	0.175	0.118	0.412	0.404	0.472	0.098	0.094	0.463	0.979	0.973	0.987	0.219	1.010	0.124	0.410	0.102	0.127	0.097	0.105	0.099	0.971	0.135	0.114	0.198	0.148	1.005	0.142	0.460	0.457	0.097	0.099	0.102	0.198	0.997	1.003	0.985	0.123	0.225	0.448	0.102	0.103	0.096	0.441	0.471	0.994	0.126	0.146	0.202	0.989	0.166	0.411	0.415	0.102	0.097	0.728	0.104	1.003	1.008	0.127	0.980	0.152	0.134	0.122	0.132	0.430	0.096	0.097	0.097	0.099	0.096	0.095	0.096	0.098	0.099	0.099	0.097	0.098	0.096
67:00:57	19.7	0.096	0.096	0.098	0.097	0.096	0.097	0.096	0.096	0.097	0.098	0.097	0.096	0.097	0.104	0.098	0.121	0.214	0.999	0.184	0.119	0.418	0.407	0.477	0.098	0.095	0.469	0.994	0.979	0.993	0.225	1.013	0.125	0.416	0.102	0.130	0.097	0.105	0.099	0.978	0.140	0.115	0.202	0.150	1.010	0.145	0.465	0.462	0.097	0.099	0.102	0.201	1.007	1.009	0.993	0.124	0.231	0.450	0.102	0.103	0.096	0.463	0.476	0.999	0.132	0.152	0.205	0.995	0.175	0.416	0.422	0.102	0.097	0.754	0.105	1.011	1.016	0.127	0.989	0.154	0.135	0.128	0.137	0.435	0.096	0.098	0.097	0.099	0.096	0.095	0.096	0.098	0.099	0.099	0.097	0.098	0.097
68:00:59	19.7	0.095	0.096	0.098	0.097	0.096	0.097	0.096	0.096	0.097	0.098	0.096	0.096	0.097	0.105	0.098	0.122	0.228	1.005	0.192	0.119	0.423	0.411	0.482	0.098	0.095	0.474	1.004	0.984	0.994	0.233	1.016	0.125	0.421	0.102	0.134	0.097	0.105	0.099	0.982	0.144	0.115	0.205	0.153	1.012	0.153	0.470	0.468	0.097	0.099	0.102	0.204	1.013	1.013	0.999	0.125	0.235	0.453	0.102	0.103	0.096	0.487	0.480	1.002	0.139	0.159	0.209	1.001	0.183	0.421	0.427	0.102	0.097	0.779	0.104	1.020	1.025	0.128	0.991	0.156	0.137	0.136	0.142	0.440	0.096	0.097	0.097	0.099	0.096	0.095	0.095	0.097	0.099	0.099	0.097	0.098	0.096
69:01:00	19.7	0.095	0.096	0.097	0.096	0.096	0.097	0.096	0.096	0.097	0.098	0.096	0.096	0.097	0.108	0.098	0.122	0.244	1.012	0.202	0.120	0.428	0.415	0.488	0.098	0.094	0.479	1.010	0.988	0.997	0.242	1.020	0.126	0.427	0.102	0.138	0.097	0.105	0.099	0.988	0.148	0.115	0.207	0.155	1.015	0.163	0.475	0.474	0.097	0.099	0.102	0.207	1.017	1.020	1.010	0.126	0.240	0.456	0.101	0.103	0.096	0.511	0.484	1.007	0.148	0.166	0.212	1.007	0.187	0.426	0.433	0.102	0.097	0.804	0.104	1.030	1.030	0.128	0.994	0.158	0.139	0.145	0.149	0.446	0.096	0.097	0.097	0.098	0.096	0.095	0.095	0.097	0.099	0.099	0.097	0.098	0.096
70:01:00	19.8	0.096	0.096	0.097	0.097	0.096	0.097	0.096	0.096	0.097	0.098	0.096	0.096	0.097	0.111	0.098	0.123	0.259	1.020	0.209	0.120	0.435	0.419	0.495	0.098	0.095	0.483	1.013	0.993	0.996	0.251	1.023	0.127	0.433	0.102	0.144	0.097	0.105	0.099	0.995	0.150	0.116	0.210	0.158	1.018	0.173	0.481	0.480	0.097	0.099	0.102	0.210	1.023	1.023	1.018	0.128	0.245	0.459	0.101	0.103	0.096	0.534	0.488	1.012	0.160	0.173	0.218	1.013	0.191	0.431	0.439	0.103	0.097	0.829	0.104	1.042	1.040	0.129	0.996	0.160	0.141	0.158	0.158	0.451	0.096	0.097	0.097	0.099	0.096	0.095	0.095	0.098	0.099	0.099	0.097	0.098	0.096
71:01:03	19.9	0.096	0.096	0.097	0.097	0.096	0.097	0.096	0.096	0.097	0.098	0.096	0.095	0.096	0.114	0.098	0.123	0.276	1.026	0.218	0.121	0.441	0.422	0.500	0.098	0.095	0.487	1.022	0.997	1.009	0.262	1.023	0.128	0.439	0.102	0.150	0.097	0.105	0.099	0.999	0.152	0.116	0.213	0.161	1.020	0.185	0.486	0.486	0.097	0.099	0.102	0.212	1.023	1.032	1.019	0.130	0.250	0.463	0.101	0.103	0.096	0.558	0.491	1.013	0.173	0.178	0.223	1.013	0.196	0.436	0.445	0.103	0.097	0.853	0.104	1.052	1.053	0.129	1.006	0.164	0.144	0.170	0.168	0.457	0.096	0.097	0.097	0.099	0.096	0.095	0.095	0.097	0.099	0.098	0.097	0.098	0.096
72:01:02	20.2	0.096	0.096	0.097	0.097	0.096	0.096	0.096	0.096	0.097	0.098	0.096	0.095	0.097	0.117	0.098	0.124	0.294	1.031	0.224	0.121	0.447	0.427	0.506	0.098	0.094	0.491	1.034	1.000	1.010	0.274	1.027	0.129	0.443	0.102	0.157	0.097	0.105	0.099	1.005	0.154	0.116	0.216	0.163	1.022	0.199	0.492	0.492	0.097	0.099	0.102	0.215	1.030	1.036	1.025	0.131	0.254	0.466	0.101	0.103	0.096	0.581	0.495	1.017	0.185	0.181	0.229	1.020	0.199	0.441	0.451	0.104	0.097	0.872	0.104	1.058	1.059	0.130	1.007	0.167	0.147	0.176	0.180	0.462	0.096	0.097	0.096	0.098	0.096	0.095	0.095	0.097	0.099	0.099	0.097	0.098	0.096

