Time	T° 600	A1	A2	A3	A4	A5	A6	A7	A8	A9	A10	A11	A12	B1	B2	B3	B4	B5	B6	B7	B8	B9	B10	B11	B12	C1	C2	C3	C4	C5	C6	C7	C8	C9	C10	C11	C12	D1	D2	D3	D4	D5	D6	D7	D8	D9	D10	D11	D12	E1	E2	E3	E4	E5	E6	E7	E8	E9	E10	E11	E12	F1	F2	F3	F4	F5	F6	F7	F8	F9	F10	F11	F12	G1	G2	G3	G4	G5	G6	G7	G8	G9	G10	G11	G12	H1	H2	H3	H4	H5	H6	H7	H8	H9	H10	H11	H12
0:00:06	21.7	0.095	0.092	0.096	0.096	0.095	0.093	0.093	0.093	0.094	0.095	0.093	0.095	0.092	0.096	0.097	0.100	0.100	0.099	0.097	0.101	0.098	0.100	0.100	0.095	0.093	0.098	0.098	0.097	0.103	0.101	0.100	0.099	0.098	0.101	0.100	0.095	0.093	0.097	0.098	0.098	0.097	0.098	0.099	0.099	0.098	0.100	0.098	0.094	0.096	0.099	0.103	0.097	0.098	0.098	0.097	0.096	0.097	0.097	0.097	0.093	0.097	0.098	0.101	0.097	0.098	0.098	0.100	0.097	0.097	0.097	0.100	0.095	0.096	0.097	0.100	0.098	0.099	0.098	0.097	0.100	0.099	0.098	0.098	0.094	0.095	0.094	0.095	0.093	0.093	0.093	0.095	0.096	0.094	0.094	0.094	0.092
1:00:06	22.0	0.094	0.092	0.096	0.096	0.094	0.093	0.092	0.092	0.093	0.095	0.093	0.094	0.092	0.097	0.097	0.101	0.100	0.099	0.098	0.101	0.098	0.101	0.101	0.094	0.092	0.098	0.098	0.098	0.103	0.102	0.101	0.099	0.099	0.102	0.101	0.094	0.093	0.097	0.098	0.098	0.097	0.099	0.100	0.099	0.099	0.100	0.099	0.094	0.096	0.098	0.103	0.098	0.099	0.099	0.097	0.097	0.098	0.097	0.098	0.092	0.096	0.098	0.102	0.097	0.098	0.098	0.101	0.097	0.098	0.098	0.100	0.094	0.095	0.097	0.100	0.098	0.099	0.099	0.098	0.101	0.100	0.099	0.099	0.094	0.094	0.094	0.095	0.093	0.093	0.092	0.094	0.096	0.094	0.093	0.093	0.092
2:00:07	22.2	0.095	0.092	0.096	0.096	0.094	0.093	0.093	0.093	0.093	0.095	0.093	0.095	0.092	0.099	0.099	0.102	0.102	0.101	0.100	0.103	0.100	0.102	0.102	0.094	0.092	0.099	0.100	0.099	0.105	0.104	0.103	0.101	0.101	0.104	0.102	0.095	0.093	0.098	0.099	0.099	0.099	0.100	0.102	0.101	0.100	0.102	0.101	0.094	0.096	0.100	0.105	0.100	0.101	0.100	0.099	0.098	0.100	0.099	0.100	0.093	0.097	0.099	0.103	0.099	0.100	0.100	0.102	0.098	0.099	0.100	0.102	0.094	0.096	0.098	0.101	0.100	0.101	0.100	0.099	0.102	0.101	0.101	0.101	0.094	0.095	0.093	0.095	0.093	0.093	0.093	0.094	0.096	0.094	0.094	0.094	0.093
3:00:08	22.3	0.094	0.092	0.096	0.096	0.094	0.093	0.093	0.092	0.093	0.094	0.093	0.094	0.092	0.101	0.100	0.103	0.103	0.102	0.101	0.104	0.101	0.104	0.104	0.094	0.092	0.100	0.101	0.100	0.106	0.105	0.105	0.102	0.102	0.105	0.103	0.095	0.093	0.100	0.100	0.101	0.101	0.102	0.104	0.102	0.102	0.103	0.102	0.094	0.096	0.101	0.106	0.101	0.103	0.102	0.101	0.099	0.101	0.101	0.101	0.092	0.096	0.100	0.104	0.101	0.102	0.101	0.103	0.100	0.101	0.102	0.103	0.094	0.095	0.099	0.102	0.102	0.102	0.102	0.101	0.103	0.103	0.102	0.102	0.093	0.094	0.094	0.095	0.093	0.093	0.092	0.093	0.096	0.094	0.093	0.093	0.092
4:00:09	22.1	0.094	0.092	0.095	0.095	0.094	0.093	0.092	0.092	0.093	0.094	0.092	0.094	0.091	0.103	0.101	0.104	0.105	0.105	0.103	0.106	0.103	0.106	0.106	0.094	0.092	0.101	0.103	0.102	0.108	0.108	0.107	0.105	0.105	0.107	0.105	0.094	0.093	0.101	0.101	0.102	0.103	0.104	0.107	0.104	0.104	0.105	0.104	0.094	0.095	0.101	0.107	0.103	0.105	0.104	0.103	0.101	0.103	0.102	0.103	0.092	0.096	0.101	0.105	0.102	0.103	0.103	0.105	0.101	0.102	0.104	0.105	0.094	0.095	0.100	0.103	0.103	0.104	0.103	0.102	0.105	0.105	0.105	0.104	0.093	0.094	0.093	0.095	0.093	0.093	0.092	0.093	0.096	0.094	0.093	0.093	0.092
5:00:09	21.8	0.095	0.092	0.096	0.096	0.095	0.093	0.093	0.092	0.093	0.095	0.093	0.095	0.092	0.106	0.103	0.107	0.109	0.107	0.107	0.110	0.106	0.109	0.109	0.095	0.092	0.103	0.106	0.104	0.111	0.111	0.111	0.108	0.109	0.110	0.109	0.095	0.093	0.103	0.103	0.105	0.106	0.107	0.110	0.108	0.107	0.108	0.107	0.094	0.095	0.103	0.109	0.107	0.108	0.107	0.107	0.104	0.107	0.106	0.107	0.093	0.096	0.103	0.107	0.105	0.106	0.106	0.108	0.104	0.106	0.108	0.108	0.094	0.096	0.102	0.105	0.106	0.106	0.106	0.105	0.108	0.108	0.108	0.107	0.094	0.095	0.094	0.095	0.093	0.093	0.093	0.094	0.096	0.094	0.093	0.094	0.092
6:00:10	21.6	0.095	0.092	0.096	0.096	0.094	0.093	0.093	0.093	0.093	0.094	0.093	0.095	0.091	0.110	0.106	0.109	0.113	0.111	0.111	0.113	0.110	0.112	0.113	0.094	0.093	0.105	0.108	0.107	0.115	0.115	0.115	0.113	0.113	0.113	0.112	0.094	0.093	0.105	0.105	0.107	0.111	0.111	0.115	0.112	0.111	0.111	0.110	0.094	0.095	0.105	0.112	0.111	0.113	0.111	0.111	0.107	0.111	0.110	0.110	0.093	0.096	0.106	0.110	0.109	0.110	0.110	0.111	0.107	0.110	0.113	0.111	0.094	0.095	0.104	0.107	0.110	0.109	0.109	0.108	0.111	0.112	0.113	0.110	0.094	0.095	0.094	0.095	0.093	0.093	0.093	0.094	0.096	0.095	0.094	0.094	0.093
7:00:12	21.3	0.095	0.092	0.096	0.096	0.094	0.093	0.093	0.093	0.094	0.095	0.093	0.095	0.092	0.114	0.108	0.112	0.117	0.115	0.115	0.117	0.114	0.116	0.117	0.095	0.093	0.107	0.112	0.110	0.119	0.120	0.121	0.118	0.118	0.118	0.117	0.095	0.093	0.108	0.108	0.111	0.116	0.115	0.121	0.116	0.115	0.115	0.114	0.095	0.096	0.108	0.114	0.117	0.118	0.116	0.116	0.111	0.115	0.115	0.114	0.093	0.097	0.108	0.112	0.114	0.113	0.113	0.115	0.111	0.114	0.116	0.115	0.094	0.096	0.107	0.109	0.114	0.113	0.116	0.112	0.115	0.116	0.120	0.116	0.094	0.095	0.094	0.095	0.093	0.094	0.093	0.094	0.096	0.095	0.094	0.094	0.093
8:00:13	21.0	0.095	0.093	0.096	0.096	0.094	0.093	0.093	0.093	0.093	0.095	0.093	0.095	0.092	0.118	0.111	0.115	0.125	0.118	0.122	0.122	0.122	0.122	0.125	0.095	0.093	0.110	0.116	0.115	0.130	0.126	0.133	0.129	0.124	0.123	0.123	0.095	0.093	0.110	0.112	0.116	0.128	0.120	0.135	0.126	0.127	0.120	0.118	0.094	0.096	0.111	0.118	0.130	0.129	0.122	0.127	0.118	0.127	0.121	0.117	0.093	0.097	0.112	0.116	0.123	0.120	0.118	0.121	0.116	0.120	0.121	0.119	0.094	0.096	0.110	0.112	0.119	0.118	0.119	0.116	0.119	0.125	0.130	0.123	0.094	0.095	0.094	0.095	0.093	0.093	0.093	0.094	0.096	0.095	0.094	0.094	0.093
9:00:14	20.6	0.094	0.092	0.096	0.096	0.095	0.093	0.093	0.093	0.094	0.095	0.093	0.095	0.092	0.124	0.116	0.120	0.145	0.125	0.140	0.142	0.135	0.128	0.142	0.095	0.093	0.113	0.121	0.121	0.144	0.134	0.145	0.142	0.131	0.129	0.132	0.095	0.093	0.114	0.117	0.121	0.146	0.129	0.158	0.140	0.145	0.125	0.126	0.095	0.096	0.115	0.123	0.142	0.144	0.127	0.151	0.129	0.146	0.127	0.123	0.093	0.097	0.116	0.121	0.138	0.136	0.123	0.134	0.134	0.136	0.128	0.125	0.094	0.096	0.114	0.116	0.128	0.125	0.123	0.120	0.130	0.141	0.136	0.133	0.094	0.095	0.094	0.095	0.093	0.093	0.093	0.094	0.096	0.095	0.094	0.094	0.093
10:00:16	20.4	0.094	0.092	0.096	0.095	0.094	0.093	0.093	0.092	0.093	0.095	0.093	0.095	0.091	0.130	0.121	0.126	0.168	0.128	0.172	0.163	0.155	0.137	0.155	0.095	0.093	0.117	0.126	0.127	0.170	0.142	0.161	0.150	0.142	0.137	0.152	0.094	0.093	0.118	0.122	0.128	0.165	0.130	0.182	0.174	0.167	0.134	0.128	0.094	0.096	0.120	0.128	0.163	0.165	0.136	0.171	0.143	0.165	0.139	0.129	0.093	0.096	0.122	0.126	0.156	0.154	0.129	0.151	0.151	0.147	0.136	0.136	0.094	0.095	0.119	0.121	0.144	0.131	0.129	0.127	0.143	0.155	0.143	0.141	0.093	0.094	0.094	0.095	0.093	0.093	0.093	0.094	0.096	0.094	0.094	0.094	0.092
11:00:16	20.2	0.095	0.092	0.096	0.096	0.094	0.093	0.093	0.093	0.094	0.095	0.093	0.095	0.092	0.142	0.127	0.133	0.179	0.135	0.183	0.180	0.177	0.147	0.170	0.095	0.093	0.123	0.132	0.138	0.183	0.157	0.178	0.162	0.155	0.148	0.169	0.095	0.093	0.124	0.131	0.139	0.187	0.137	0.189	0.181	0.181	0.143	0.135	0.094	0.096	0.125	0.135	0.182	0.187	0.145	0.183	0.150	0.173	0.157	0.135	0.093	0.096	0.128	0.132	0.177	0.168	0.139	0.161	0.161	0.168	0.145	0.149	0.094	0.095	0.125	0.126	0.158	0.148	0.137	0.138	0.160	0.168	0.161	0.154	0.094	0.095	0.094	0.095	0.093	0.093	0.093	0.094	0.096	0.095	0.094	0.094	0.093
12:00:16	20.1	0.095	0.093	0.096	0.096	0.095	0.093	0.093	0.093	0.094	0.095	0.093	0.095	0.092	0.155	0.135	0.151	0.172	0.147	0.176	0.178	0.178	0.159	0.173	0.095	0.093	0.130	0.143	0.158	0.182	0.161	0.183	0.167	0.160	0.155	0.173	0.095	0.093	0.130	0.151	0.151	0.185	0.149	0.185	0.177	0.175	0.154	0.144	0.095	0.096	0.131	0.146	0.175	0.172	0.153	0.176	0.156	0.172	0.160	0.145	0.093	0.097	0.135	0.149	0.165	0.162	0.150	0.161	0.163	0.164	0.157	0.157	0.094	0.096	0.131	0.134	0.151	0.156	0.148	0.146	0.165	0.169	0.166	0.162	0.094	0.095	0.094	0.095	0.093	0.094	0.093	0.094	0.096	0.095	0.094	0.094	0.093
13:00:18	20.1	0.095	0.093	0.096	0.096	0.095	0.093	0.093	0.093	0.093	0.095	0.093	0.095	0.092	0.160	0.161	0.164	0.179	0.158	0.185	0.184	0.182	0.164	0.177	0.095	0.093	0.136	0.149	0.184	0.191	0.169	0.188	0.172	0.165	0.161	0.183	0.095	0.093	0.137	0.159	0.167	0.190	0.158	0.186	0.180	0.187	0.160	0.161	0.094	0.096	0.137	0.156	0.182	0.183	0.160	0.182	0.164	0.177	0.165	0.156	0.093	0.097	0.143	0.164	0.177	0.176	0.158	0.172	0.170	0.171	0.166	0.169	0.094	0.096	0.138	0.145	0.166	0.164	0.159	0.158	0.170	0.177	0.169	0.168	0.094	0.095	0.094	0.095	0.093	0.093	0.093	0.094	0.096	0.095	0.094	0.094	0.093
14:00:18	20.0	0.095	0.093	0.096	0.096	0.095	0.094	0.093	0.093	0.094	0.095	0.093	0.095	0.092	0.170	0.168	0.173	0.190	0.164	0.190	0.196	0.189	0.173	0.186	0.095	0.093	0.149	0.155	0.181	0.201	0.179	0.194	0.178	0.175	0.171	0.193	0.095	0.093	0.146	0.173	0.187	0.193	0.165	0.200	0.187	0.184	0.170	0.168	0.094	0.096	0.146	0.170	0.188	0.187	0.168	0.189	0.171	0.185	0.177	0.168	0.093	0.097	0.153	0.172	0.179	0.180	0.167	0.178	0.179	0.179	0.172	0.175	0.094	0.096	0.146	0.156	0.170	0.176	0.169	0.168	0.178	0.185	0.177	0.175	0.094	0.095	0.094	0.095	0.093	0.094	0.093	0.094	0.096	0.095	0.094	0.094	0.093
15:00:19	19.9	0.095	0.093	0.097	0.096	0.095	0.093	0.093	0.093	0.094	0.095	0.094	0.095	0.092	0.182	0.177	0.182	0.206	0.163	0.201	0.204	0.209	0.177	0.200	0.095	0.093	0.157	0.163	0.188	0.211	0.189	0.212	0.187	0.179	0.175	0.202	0.095	0.093	0.157	0.174	0.190	0.208	0.170	0.213	0.198	0.195	0.171	0.173	0.095	0.096	0.157	0.180	0.204	0.199	0.172	0.199	0.178	0.197	0.180	0.169	0.093	0.097	0.164	0.173	0.191	0.188	0.169	0.186	0.186	0.186	0.176	0.189	0.094	0.096	0.156	0.167	0.178	0.187	0.178	0.173	0.185	0.193	0.186	0.188	0.094	0.095	0.094	0.095	0.094	0.094	0.093	0.094	0.096	0.095	0.094	0.094	0.093
16:00:20	19.8	0.095	0.093	0.096	0.096	0.095	0.093	0.093	0.093	0.094	0.095	0.093	0.095	0.091	0.196	0.186	0.193	0.215	0.170	0.216	0.213	0.215	0.182	0.211	0.095	0.093	0.174	0.167	0.200	0.233	0.202	0.224	0.194	0.190	0.184	0.221	0.095	0.093	0.174	0.186	0.199	0.220	0.179	0.219	0.209	0.207	0.176	0.172	0.094	0.096	0.170	0.196	0.216	0.215	0.178	0.211	0.193	0.203	0.190	0.172	0.093	0.097	0.173	0.183	0.208	0.206	0.177	0.199	0.197	0.197	0.183	0.205	0.094	0.096	0.169	0.178	0.191	0.204	0.187	0.179	0.198	0.207	0.195	0.202	0.094	0.095	0.094	0.095	0.093	0.094	0.093	0.094	0.096	0.095	0.094	0.094	0.093
17:00:22	19.8	0.095	0.093	0.096	0.096	0.095	0.093	0.093	0.093	0.094	0.095	0.093	0.095	0.092	0.193	0.202	0.209	0.223	0.189	0.226	0.222	0.223	0.199	0.216	0.095	0.093	0.183	0.178	0.213	0.230	0.214	0.224	0.205	0.205	0.200	0.227	0.095	0.093	0.182	0.200	0.211	0.223	0.188	0.217	0.213	0.210	0.190	0.187	0.095	0.096	0.184	0.204	0.217	0.217	0.191	0.214	0.199	0.207	0.200	0.186	0.093	0.097	0.187	0.196	0.214	0.212	0.194	0.211	0.199	0.202	0.190	0.223	0.094	0.096	0.178	0.194	0.203	0.212	0.199	0.190	0.204	0.214	0.202	0.209	0.094	0.095	0.094	0.096	0.094	0.094	0.093	0.094	0.097	0.095	0.094	0.094	0.093
18:00:23	19.9	0.094	0.092	0.096	0.096	0.094	0.093	0.093	0.093	0.094	0.094	0.093	0.095	0.091	0.218	0.216	0.230	0.239	0.207	0.239	0.236	0.238	0.215	0.233	0.094	0.093	0.189	0.195	0.233	0.240	0.231	0.233	0.219	0.220	0.217	0.239	0.094	0.093	0.184	0.217	0.229	0.233	0.201	0.230	0.225	0.220	0.205	0.203	0.094	0.096	0.194	0.224	0.228	0.228	0.206	0.224	0.213	0.215	0.213	0.201	0.093	0.096	0.195	0.207	0.222	0.224	0.206	0.220	0.210	0.213	0.200	0.230	0.094	0.096	0.192	0.207	0.215	0.231	0.216	0.208	0.214	0.227	0.215	0.220	0.094	0.095	0.094	0.095	0.093	0.093	0.093	0.094	0.096	0.095	0.094	0.094	0.093
19:00:23	20.0	0.095	0.092	0.096	0.096	0.095	0.093	0.093	0.093	0.094	0.095	0.093	0.095	0.091	0.242	0.232	0.234	0.250	0.224	0.247	0.247	0.253	0.237	0.248	0.095	0.093	0.206	0.210	0.236	0.256	0.251	0.252	0.235	0.237	0.239	0.257	0.095	0.093	0.196	0.223	0.236	0.245	0.219	0.241	0.234	0.232	0.225	0.217	0.094	0.096	0.205	0.232	0.240	0.241	0.226	0.237	0.229	0.227	0.230	0.221	0.093	0.096	0.210	0.220	0.236	0.238	0.222	0.235	0.223	0.230	0.218	0.249	0.094	0.096	0.206	0.221	0.233	0.250	0.237	0.231	0.230	0.249	0.230	0.236	0.094	0.095	0.094	0.095	0.094	0.094	0.093	0.094	0.096	0.095	0.094	0.094	0.093
20:00:25	20.1	0.095	0.093	0.097	0.096	0.095	0.093	0.094	0.093	0.094	0.095	0.093	0.095	0.091	0.265	0.234	0.243	0.273	0.246	0.277	0.276	0.287	0.264	0.282	0.095	0.093	0.224	0.227	0.240	0.283	0.275	0.278	0.255	0.258	0.264	0.286	0.095	0.093	0.211	0.236	0.244	0.262	0.241	0.267	0.254	0.259	0.245	0.245	0.095	0.096	0.218	0.244	0.255	0.259	0.249	0.262	0.254	0.250	0.249	0.246	0.093	0.097	0.220	0.231	0.256	0.258	0.242	0.257	0.245	0.256	0.240	0.271	0.094	0.096	0.222	0.232	0.262	0.272	0.257	0.256	0.255	0.280	0.248	0.256	0.094	0.095	0.094	0.095	0.093	0.093	0.093	0.094	0.096	0.095	0.094	0.094	0.093
21:00:26	20.1	0.095	0.092	0.096	0.096	0.094	0.093	0.093	0.093	0.093	0.095	0.093	0.095	0.091	0.295	0.246	0.254	0.300	0.269	0.306	0.304	0.317	0.291	0.315	0.095	0.093	0.242	0.248	0.248	0.311	0.302	0.300	0.277	0.278	0.291	0.316	0.094	0.093	0.231	0.243	0.249	0.287	0.263	0.294	0.278	0.284	0.268	0.271	0.094	0.096	0.236	0.257	0.281	0.286	0.273	0.288	0.281	0.278	0.271	0.273	0.093	0.096	0.239	0.242	0.282	0.286	0.266	0.281	0.272	0.289	0.263	0.299	0.094	0.095	0.241	0.251	0.289	0.299	0.284	0.281	0.283	0.310	0.273	0.279	0.094	0.095	0.094	0.095	0.093	0.093	0.093	0.094	0.096	0.095	0.094	0.094	0.093
22:00:27	20.2	0.094	0.092	0.096	0.095	0.094	0.093	0.093	0.092	0.093	0.095	0.093	0.095	0.091	0.319	0.260	0.276	0.330	0.296	0.341	0.339	0.353	0.321	0.350	0.094	0.093	0.248	0.274	0.272	0.339	0.331	0.326	0.303	0.304	0.320	0.346	0.094	0.093	0.247	0.260	0.262	0.318	0.288	0.323	0.305	0.315	0.293	0.302	0.094	0.095	0.252	0.276	0.310	0.316	0.303	0.323	0.309	0.313	0.297	0.305	0.092	0.096	0.257	0.261	0.310	0.312	0.292	0.307	0.301	0.319	0.292	0.331	0.094	0.095	0.259	0.275	0.325	0.330	0.313	0.314	0.312	0.344	0.298	0.306	0.094	0.095	0.093	0.095	0.093	0.093	0.093	0.094	0.096	0.095	0.094	0.094	0.093
23:00:27	20.3	0.094	0.092	0.096	0.096	0.094	0.093	0.093	0.093	0.093	0.094	0.093	0.094	0.091	0.349	0.288	0.302	0.360	0.324	0.375	0.375	0.385	0.351	0.382	0.094	0.093	0.264	0.303	0.298	0.370	0.362	0.354	0.330	0.328	0.349	0.376	0.094	0.093	0.255	0.284	0.290	0.345	0.323	0.355	0.336	0.346	0.324	0.329	0.094	0.095	0.273	0.297	0.344	0.351	0.337	0.355	0.339	0.347	0.318	0.334	0.093	0.096	0.281	0.287	0.341	0.352	0.322	0.346	0.329	0.350	0.321	0.360	0.094	0.095	0.283	0.304	0.358	0.359	0.351	0.346	0.339	0.374	0.327	0.338	0.094	0.095	0.093	0.095	0.093	0.093	0.093	0.094	0.096	0.095	0.094	0.094	0.093
24:00:28	20.4	0.094	0.092	0.096	0.096	0.094	0.093	0.093	0.093	0.093	0.095	0.093	0.095	0.091	0.375	0.317	0.332	0.387	0.350	0.404	0.405	0.414	0.381	0.414	0.094	0.093	0.284	0.331	0.324	0.397	0.390	0.383	0.357	0.355	0.375	0.404	0.095	0.093	0.275	0.312	0.319	0.375	0.350	0.383	0.358	0.371	0.350	0.362	0.094	0.096	0.297	0.322	0.378	0.380	0.369	0.381	0.366	0.371	0.342	0.364	0.093	0.096	0.309	0.315	0.370	0.385	0.347	0.374	0.356	0.380	0.350	0.392	0.094	0.096	0.309	0.338	0.398	0.392	0.379	0.373	0.367	0.409	0.355	0.367	0.094	0.095	0.094	0.095	0.093	0.093	0.093	0.094	0.097	0.095	0.095	0.094	0.093
25:00:28	20.4	0.094	0.092	0.096	0.095	0.095	0.093	0.093	0.093	0.093	0.094	0.093	0.095	0.091	0.404	0.351	0.367	0.417	0.376	0.435	0.436	0.446	0.407	0.444	0.095	0.093	0.310	0.356	0.358	0.426	0.421	0.407	0.386	0.380	0.401	0.435	0.095	0.093	0.297	0.342	0.353	0.403	0.376	0.412	0.385	0.402	0.375	0.392	0.094	0.095	0.325	0.353	0.405	0.408	0.401	0.412	0.397	0.399	0.366	0.394	0.092	0.096	0.341	0.349	0.400	0.414	0.373	0.406	0.386	0.412	0.376	0.424	0.094	0.095	0.340	0.377	0.426	0.426	0.405	0.404	0.398	0.447	0.378	0.393	0.094	0.094	0.094	0.095	0.093	0.093	0.093	0.094	0.096	0.095	0.095	0.094	0.093
26:00:29	20.5	0.094	0.092	0.096	0.095	0.094	0.093	0.093	0.092	0.093	0.094	0.093	0.094	0.091	0.435	0.390	0.404	0.454	0.396	0.473	0.475	0.479	0.436	0.481	0.094	0.093	0.341	0.382	0.398	0.460	0.446	0.440	0.409	0.401	0.424	0.466	0.094	0.092	0.325	0.373	0.388	0.435	0.403	0.442	0.415	0.434	0.399	0.420	0.094	0.095	0.355	0.389	0.432	0.436	0.435	0.445	0.421	0.433	0.388	0.417	0.092	0.096	0.379	0.380	0.433	0.446	0.398	0.441	0.417	0.446	0.404	0.461	0.094	0.095	0.374	0.413	0.460	0.461	0.436	0.435	0.430	0.486	0.402	0.415	0.094	0.094	0.093	0.095	0.093	0.093	0.093	0.094	0.096	0.094	0.094	0.094	0.093
27:00:31	20.3	0.094	0.092	0.096	0.095	0.094	0.093	0.093	0.092	0.093	0.094	0.093	0.094	0.091	0.462	0.419	0.431	0.477	0.414	0.495	0.496	0.504	0.461	0.509	0.094	0.093	0.370	0.407	0.424	0.489	0.471	0.472	0.430	0.417	0.446	0.495	0.094	0.093	0.354	0.402	0.422	0.466	0.425	0.475	0.447	0.460	0.421	0.447	0.094	0.095	0.387	0.424	0.469	0.470	0.467	0.471	0.451	0.459	0.409	0.444	0.092	0.096	0.409	0.412	0.456	0.479	0.422	0.468	0.448	0.473	0.430	0.492	0.094	0.095	0.407	0.446	0.494	0.493	0.461	0.463	0.461	0.520	0.425	0.436	0.094	0.094	0.094	0.095	0.093	0.093	0.093	0.094	0.096	0.095	0.094	0.094	0.093
28:00:32	20.1	0.095	0.092	0.096	0.096	0.095	0.093	0.093	0.093	0.094	0.094	0.093	0.095	0.091	0.489	0.443	0.454	0.502	0.435	0.516	0.517	0.521	0.485	0.530	0.095	0.093	0.400	0.434	0.448	0.511	0.495	0.495	0.451	0.436	0.468	0.518	0.095	0.093	0.385	0.427	0.447	0.492	0.445	0.496	0.474	0.484	0.439	0.472	0.094	0.096	0.416	0.447	0.496	0.494	0.497	0.498	0.476	0.486	0.429	0.467	0.093	0.097	0.437	0.438	0.485	0.503	0.445	0.492	0.476	0.500	0.454	0.521	0.094	0.096	0.436	0.474	0.521	0.522	0.484	0.486	0.491	0.549	0.445	0.457	0.094	0.095	0.094	0.095	0.093	0.094	0.093	0.094	0.096	0.095	0.095	0.094	0.093
29:00:33	20.0	0.094	0.092	0.096	0.095	0.094	0.093	0.093	0.092	0.093	0.095	0.093	0.095	0.091	0.512	0.462	0.473	0.522	0.458	0.533	0.535	0.539	0.510	0.554	0.095	0.092	0.431	0.459	0.467	0.531	0.520	0.517	0.471	0.456	0.490	0.539	0.095	0.093	0.412	0.448	0.468	0.513	0.467	0.517	0.497	0.507	0.458	0.498	0.094	0.096	0.438	0.471	0.520	0.515	0.524	0.518	0.505	0.508	0.448	0.491	0.093	0.096	0.462	0.465	0.505	0.532	0.465	0.513	0.504	0.523	0.477	0.545	0.094	0.095	0.459	0.495	0.551	0.548	0.505	0.511	0.518	0.577	0.464	0.474	0.094	0.095	0.093	0.095	0.093	0.093	0.093	0.094	0.096	0.095	0.095	0.094	0.092
30:00:34	19.9	0.095	0.092	0.096	0.096	0.095	0.093	0.094	0.093	0.094	0.095	0.093	0.095	0.091	0.536	0.478	0.489	0.549	0.488	0.542	0.540	0.551	0.534	0.575	0.095	0.093	0.445	0.514	0.485	0.541	0.548	0.530	0.493	0.480	0.514	0.552	0.095	0.093	0.428	0.469	0.485	0.533	0.488	0.530	0.517	0.531	0.481	0.523	0.095	0.096	0.457	0.492	0.539	0.537	0.550	0.538	0.541	0.527	0.475	0.514	0.093	0.097	0.485	0.503	0.535	0.537	0.489	0.542	0.545	0.547	0.510	0.565	0.094	0.096	0.480	0.515	0.575	0.575	0.522	0.542	0.548	0.608	0.492	0.500	0.094	0.095	0.094	0.095	0.093	0.094	0.093	0.094	0.097	0.095	0.095	0.094	0.093
31:00:34	19.9	0.095	0.092	0.096	0.096	0.095	0.093	0.094	0.093	0.094	0.094	0.093	0.095	0.091	0.567	0.490	0.504	0.554	0.499	0.558	0.551	0.566	0.547	0.597	0.094	0.093	0.457	0.544	0.496	0.567	0.580	0.550	0.517	0.504	0.534	0.571	0.095	0.093	0.445	0.484	0.500	0.550	0.511	0.543	0.537	0.552	0.504	0.547	0.094	0.095	0.474	0.504	0.559	0.561	0.577	0.562	0.561	0.554	0.492	0.535	0.093	0.097	0.501	0.499	0.560	0.554	0.511	0.568	0.547	0.575	0.529	0.594	0.094	0.096	0.496	0.515	0.600	0.604	0.551	0.572	0.576	0.630	0.509	0.520	0.094	0.095	0.094	0.095	0.093	0.093	0.093	0.094	0.096	0.095	0.095	0.094	0.093
32:00:35	19.8	0.095	0.092	0.097	0.096	0.095	0.093	0.094	0.093	0.094	0.095	0.093	0.095	0.091	0.596	0.506	0.518	0.571	0.514	0.572	0.569	0.584	0.568	0.619	0.095	0.093	0.474	0.573	0.512	0.589	0.603	0.569	0.534	0.523	0.554	0.597	0.095	0.093	0.459	0.502	0.515	0.567	0.533	0.561	0.556	0.574	0.520	0.576	0.095	0.096	0.493	0.520	0.577	0.579	0.601	0.580	0.578	0.578	0.511	0.559	0.093	0.097	0.515	0.514	0.583	0.563	0.534	0.588	0.554	0.596	0.549	0.618	0.094	0.095	0.512	0.537	0.631	0.626	0.572	0.595	0.596	0.652	0.525	0.536	0.094	0.095	0.094	0.095	0.093	0.094	0.093	0.094	0.097	0.095	0.095	0.094	0.093
33:00:37	19.8	0.095	0.092	0.096	0.096	0.095	0.094	0.093	0.093	0.094	0.094	0.093	0.094	0.091	0.622	0.523	0.534	0.586	0.528	0.589	0.588	0.602	0.588	0.641	0.095	0.093	0.493	0.599	0.528	0.609	0.628	0.583	0.550	0.543	0.573	0.617	0.095	0.093	0.476	0.522	0.531	0.584	0.553	0.577	0.573	0.593	0.538	0.600	0.094	0.095	0.515	0.539	0.596	0.596	0.622	0.599	0.601	0.600	0.528	0.577	0.093	0.096	0.535	0.535	0.599	0.579	0.556	0.607	0.572	0.616	0.565	0.636	0.094	0.095	0.535	0.560	0.649	0.644	0.594	0.615	0.615	0.671	0.540	0.550	0.094	0.095	0.094	0.095	0.093	0.093	0.093	0.094	0.096	0.095	0.095	0.094	0.093
34:00:37	19.8	0.095	0.093	0.097	0.096	0.095	0.094	0.094	0.093	0.094	0.095	0.093	0.095	0.091	0.650	0.542	0.554	0.604	0.544	0.609	0.605	0.622	0.607	0.662	0.095	0.093	0.512	0.626	0.545	0.630	0.653	0.605	0.567	0.563	0.592	0.641	0.095	0.093	0.499	0.542	0.550	0.604	0.571	0.595	0.594	0.611	0.557	0.622	0.095	0.096	0.538	0.558	0.616	0.616	0.644	0.617	0.623	0.619	0.545	0.599	0.093	0.097	0.560	0.559	0.616	0.602	0.578	0.624	0.593	0.637	0.584	0.661	0.094	0.096	0.558	0.584	0.671	0.667	0.616	0.635	0.638	0.695	0.556	0.566	0.094	0.096	0.094	0.095	0.094	0.094	0.093	0.094	0.097	0.095	0.095	0.094	0.093
35:00:38	19.8	0.094	0.093	0.097	0.096	0.095	0.093	0.094	0.093	0.094	0.095	0.093	0.095	0.091	0.673	0.560	0.574	0.619	0.560	0.622	0.626	0.640	0.627	0.681	0.095	0.093	0.530	0.650	0.568	0.652	0.675	0.623	0.583	0.582	0.613	0.661	0.095	0.093	0.519	0.563	0.568	0.619	0.590	0.614	0.609	0.632	0.572	0.647	0.094	0.096	0.562	0.579	0.628	0.630	0.664	0.636	0.641	0.640	0.563	0.620	0.097	0.097	0.580	0.582	0.635	0.619	0.599	0.642	0.613	0.656	0.602	0.682	0.094	0.096	0.579	0.605	0.689	0.689	0.637	0.658	0.658	0.714	0.572	0.581	0.094	0.096	0.094	0.095	0.093	0.093	0.093	0.094	0.096	0.095	0.095	0.094	0.093
36:00:38	19.8	0.095	0.092	0.097	0.096	0.095	0.093	0.094	0.093	0.094	0.095	0.093	0.095	0.091	0.699	0.578	0.594	0.636	0.574	0.641	0.642	0.655	0.647	0.703	0.095	0.093	0.549	0.675	0.587	0.670	0.698	0.640	0.597	0.603	0.632	0.682	0.095	0.093	0.539	0.584	0.588	0.637	0.608	0.629	0.628	0.647	0.590	0.670	0.094	0.096	0.594	0.599	0.650	0.650	0.685	0.653	0.662	0.660	0.580	0.644	0.095	0.097	0.599	0.604	0.654	0.639	0.619	0.663	0.632	0.675	0.623	0.703	0.094	0.095	0.601	0.627	0.709	0.710	0.660	0.679	0.680	0.735	0.588	0.597	0.094	0.096	0.094	0.095	0.093	0.093	0.093	0.094	0.097	0.095	0.095	0.094	0.093
37:00:41	19.7	0.095	0.092	0.096	0.096	0.095	0.094	0.094	0.093	0.094	0.095	0.093	0.095	0.091	0.724	0.598	0.615	0.653	0.587	0.654	0.657	0.668	0.664	0.721	0.095	0.093	0.569	0.700	0.607	0.689	0.721	0.658	0.613	0.621	0.652	0.702	0.095	0.093	0.558	0.605	0.608	0.655	0.627	0.648	0.643	0.667	0.607	0.695	0.095	0.095	0.626	0.621	0.661	0.658	0.706	0.671	0.678	0.678	0.595	0.667	0.093	0.097	0.620	0.626	0.671	0.661	0.638	0.681	0.650	0.691	0.643	0.723	0.094	0.096	0.625	0.658	0.728	0.733	0.679	0.700	0.700	0.726	0.603	0.614	0.094	0.096	0.094	0.095	0.093	0.094	0.093	0.094	0.097	0.095	0.095	0.094	0.093
38:00:41	19.7	0.095	0.092	0.096	0.096	0.095	0.093	0.094	0.093	0.094	0.095	0.093	0.095	0.091	0.750	0.619	0.635	0.668	0.605	0.673	0.674	0.689	0.682	0.739	0.095	0.093	0.588	0.724	0.628	0.707	0.742	0.677	0.628	0.642	0.673	0.723	0.095	0.093	0.579	0.627	0.628	0.670	0.645	0.666	0.661	0.687	0.623	0.715	0.095	0.096	0.654	0.641	0.679	0.677	0.726	0.687	0.698	0.696	0.612	0.691	0.096	0.097	0.638	0.648	0.688	0.679	0.658	0.699	0.672	0.710	0.660	0.744	0.094	0.096	0.648	0.680	0.750	0.750	0.701	0.721	0.721	0.717	0.619	0.632	0.094	0.097	0.094	0.095	0.093	0.093	0.093	0.094	0.096	0.095	0.095	0.094	0.093
39:00:41	19.6	0.095	0.093	0.097	0.096	0.095	0.093	0.093	0.094	0.094	0.095	0.093	0.095	0.091	0.773	0.640	0.660	0.689	0.623	0.693	0.689	0.711	0.701	0.761	0.095	0.093	0.608	0.746	0.647	0.725	0.763	0.699	0.643	0.665	0.693	0.746	0.095	0.093	0.599	0.649	0.650	0.687	0.664	0.685	0.679	0.700	0.639	0.732	0.095	0.096	0.682	0.662	0.696	0.699	0.746	0.703	0.726	0.712	0.627	0.712	0.093	0.097	0.662	0.671	0.705	0.699	0.677	0.717	0.691	0.731	0.678	0.761	0.095	0.096	0.670	0.701	0.764	0.769	0.721	0.741	0.739	0.713	0.634	0.650	0.094	0.097	0.094	0.095	0.093	0.094	0.094	0.094	0.097	0.095	0.095	0.094	0.093
40:00:43	19.6	0.095	0.092	0.097	0.096	0.095	0.093	0.094	0.093	0.094	0.095	0.093	0.095	0.091	0.794	0.660	0.685	0.709	0.639	0.712	0.714	0.729	0.717	0.782	0.095	0.093	0.626	0.768	0.666	0.742	0.780	0.715	0.662	0.685	0.712	0.765	0.095	0.093	0.622	0.669	0.668	0.707	0.682	0.705	0.698	0.721	0.655	0.758	0.095	0.096	0.707	0.683	0.710	0.711	0.766	0.722	0.743	0.730	0.643	0.737	0.093	0.097	0.687	0.694	0.723	0.714	0.696	0.735	0.712	0.748	0.694	0.780	0.094	0.096	0.680	0.719	0.783	0.789	0.737	0.758	0.759	0.708	0.651	0.665	0.094	0.098	0.094	0.095	0.093	0.094	0.093	0.094	0.096	0.095	0.095	0.094	0.093
41:00:42	19.6	0.094	0.092	0.097	0.096	0.095	0.093	0.093	0.093	0.093	0.095	0.093	0.095	0.091	0.815	0.683	0.703	0.731	0.654	0.729	0.729	0.747	0.733	0.798	0.095	0.093	0.644	0.787	0.685	0.759	0.796	0.735	0.676	0.706	0.728	0.787	0.095	0.093	0.645	0.686	0.687	0.725	0.699	0.724	0.717	0.734	0.671	0.773	0.094	0.096	0.731	0.703	0.725	0.731	0.785	0.736	0.763	0.745	0.658	0.755	0.094	0.096	0.694	0.717	0.740	0.731	0.714	0.751	0.731	0.766	0.711	0.796	0.094	0.095	0.697	0.738	0.806	0.808	0.753	0.775	0.775	0.706	0.666	0.681	0.094	0.098	0.094	0.095	0.093	0.093	0.093	0.094	0.096	0.095	0.095	0.094	0.092
42:00:44	19.7	0.095	0.092	0.097	0.096	0.095	0.093	0.093	0.094	0.094	0.095	0.093	0.095	0.091	0.830	0.702	0.722	0.743	0.665	0.741	0.744	0.762	0.746	0.810	0.095	0.093	0.663	0.804	0.703	0.773	0.810	0.752	0.692	0.725	0.745	0.801	0.095	0.093	0.667	0.697	0.706	0.742	0.715	0.744	0.732	0.755	0.687	0.793	0.095	0.096	0.752	0.722	0.741	0.746	0.801	0.754	0.778	0.764	0.670	0.774	0.096	0.097	0.713	0.737	0.754	0.745	0.730	0.767	0.749	0.782	0.725	0.811	0.094	0.096	0.727	0.748	0.823	0.831	0.768	0.791	0.793	0.706	0.680	0.696	0.094	0.100	0.094	0.095	0.094	0.094	0.093	0.094	0.097	0.095	0.095	0.094	0.093
43:00:44	19.8	0.095	0.092	0.096	0.096	0.095	0.093	0.094	0.093	0.094	0.094	0.093	0.095	0.091	0.844	0.722	0.742	0.753	0.676	0.755	0.758	0.775	0.756	0.825	0.095	0.093	0.681	0.820	0.723	0.787	0.824	0.765	0.705	0.742	0.759	0.814	0.095	0.093	0.684	0.715	0.723	0.758	0.729	0.760	0.749	0.771	0.702	0.811	0.094	0.095	0.773	0.739	0.758	0.762	0.816	0.770	0.792	0.780	0.682	0.787	0.093	0.097	0.732	0.755	0.769	0.759	0.743	0.782	0.766	0.797	0.738	0.826	0.094	0.095	0.741	0.744	0.840	0.843	0.779	0.809	0.811	0.708	0.693	0.708	0.094	0.101	0.094	0.095	0.093	0.093	0.093	0.094	0.096	0.095	0.095	0.094	0.092
44:00:47	20.0	0.095	0.092	0.097	0.096	0.095	0.093	0.094	0.093	0.094	0.095	0.093	0.094	0.091	0.857	0.742	0.758	0.762	0.685	0.764	0.769	0.784	0.767	0.836	0.095	0.093	0.697	0.835	0.740	0.802	0.834	0.778	0.717	0.757	0.773	0.827	0.095	0.093	0.702	0.735	0.742	0.771	0.743	0.773	0.763	0.785	0.714	0.826	0.095	0.096	0.792	0.759	0.772	0.772	0.828	0.786	0.802	0.796	0.691	0.802	0.094	0.097	0.750	0.772	0.781	0.772	0.754	0.795	0.779	0.810	0.750	0.841	0.094	0.096	0.746	0.772	0.858	0.857	0.793	0.820	0.825	0.714	0.703	0.719	0.094	0.102	0.094	0.095	0.093	0.093	0.093	0.094	0.097	0.095	0.095	0.094	0.093
45:00:48	20.2	0.094	0.092	0.096	0.096	0.095	0.093	0.094	0.093	0.094	0.095	0.093	0.095	0.091	0.866	0.758	0.775	0.775	0.695	0.778	0.779	0.799	0.776	0.849	0.094	0.093	0.716	0.847	0.756	0.812	0.847	0.790	0.726	0.771	0.784	0.841	0.095	0.093	0.718	0.754	0.759	0.783	0.755	0.787	0.777	0.798	0.724	0.838	0.095	0.096	0.809	0.775	0.786	0.787	0.841	0.798	0.818	0.807	0.700	0.813	0.096	0.097	0.750	0.791	0.793	0.784	0.766	0.806	0.793	0.823	0.759	0.850	0.094	0.095	0.772	0.791	0.866	0.870	0.802	0.834	0.838	0.718	0.712	0.728	0.094	0.104	0.094	0.095	0.093	0.094	0.093	0.094	0.097	0.095	0.095	0.094	0.092
46:00:48	20.5	0.094	0.092	0.097	0.096	0.095	0.093	0.094	0.093	0.094	0.095	0.093	0.095	0.091	0.875	0.773	0.789	0.782	0.706	0.789	0.785	0.806	0.785	0.859	0.095	0.093	0.730	0.859	0.768	0.824	0.859	0.802	0.734	0.785	0.794	0.852	0.095	0.093	0.735	0.770	0.775	0.791	0.765	0.798	0.788	0.805	0.733	0.848	0.095	0.096	0.824	0.789	0.795	0.799	0.852	0.808	0.832	0.816	0.706	0.821	0.093	0.097	0.772	0.807	0.804	0.794	0.775	0.817	0.804	0.835	0.767	0.859	0.094	0.095	0.774	0.788	0.879	0.883	0.813	0.843	0.848	0.719	0.720	0.737	0.094	0.106	0.094	0.095	0.093	0.093	0.093	0.094	0.096	0.095	0.095	0.094	0.093
47:00:50	20.9	0.094	0.092	0.096	0.096	0.094	0.093	0.094	0.093	0.093	0.094	0.093	0.095	0.091	0.881	0.787	0.802	0.790	0.710	0.798	0.794	0.814	0.789	0.868	0.094	0.093	0.744	0.870	0.796	0.832	0.868	0.811	0.742	0.798	0.805	0.863	0.095	0.093	0.748	0.783	0.790	0.798	0.774	0.808	0.795	0.815	0.743	0.858	0.095	0.096	0.840	0.803	0.807	0.808	0.861	0.815	0.842	0.824	0.715	0.831	0.093	0.096	0.784	0.824	0.813	0.804	0.783	0.825	0.814	0.844	0.774	0.868	0.094	0.095	0.791	0.809	0.892	0.893	0.821	0.853	0.859	0.735	0.727	0.745	0.094	0.109	0.094	0.095	0.093	0.093	0.093	0.094	0.096	0.095	0.094	0.094	0.092
48:00:51	21.2	0.094	0.092	0.096	0.096	0.095	0.093	0.094	0.093	0.093	0.094	0.093	0.095	0.091	0.891	0.799	0.815	0.797	0.717	0.804	0.798	0.820	0.797	0.875	0.094	0.093	0.758	0.878	0.807	0.839	0.874	0.820	0.749	0.809	0.814	0.869	0.095	0.093	0.759	0.798	0.803	0.806	0.783	0.816	0.803	0.823	0.751	0.867	0.094	0.095	0.853	0.814	0.815	0.816	0.869	0.824	0.850	0.832	0.721	0.839	0.093	0.097	0.800	0.837	0.820	0.813	0.790	0.836	0.821	0.852	0.780	0.877	0.094	0.095	0.807	0.819	0.902	0.906	0.829	0.862	0.869	0.748	0.734	0.751	0.094	0.112	0.094	0.095	0.093	0.093	0.093	0.094	0.096	0.095	0.094	0.094	0.092
49:00:52	21.6	0.095	0.093	0.097	0.096	0.095	0.094	0.094	0.093	0.094	0.095	0.093	0.095	0.092	0.898	0.810	0.826	0.805	0.723	0.811	0.808	0.833	0.801	0.881	0.095	0.093	0.775	0.885	0.818	0.843	0.880	0.827	0.757	0.818	0.822	0.879	0.095	0.093	0.771	0.811	0.814	0.814	0.789	0.826	0.814	0.832	0.759	0.872	0.095	0.096	0.863	0.825	0.825	0.822	0.876	0.830	0.858	0.838	0.725	0.843	0.094	0.097	0.805	0.850	0.831	0.823	0.796	0.842	0.829	0.859	0.786	0.883	0.094	0.096	0.804	0.837	0.912	0.913	0.837	0.870	0.877	0.754	0.740	0.757	0.094	0.116	0.094	0.095	0.093	0.094	0.093	0.094	0.097	0.095	0.095	0.094	0.093
50:00:53	21.8	0.094	0.092	0.096	0.096	0.094	0.093	0.093	0.093	0.093	0.094	0.093	0.094	0.091	0.906	0.820	0.833	0.814	0.727	0.822	0.817	0.837	0.806	0.886	0.094	0.093	0.783	0.892	0.825	0.853	0.887	0.839	0.766	0.827	0.832	0.883	0.094	0.092	0.783	0.821	0.822	0.823	0.798	0.834	0.821	0.839	0.766	0.878	0.094	0.095	0.871	0.833	0.831	0.829	0.882	0.838	0.864	0.848	0.732	0.851	0.094	0.096	0.820	0.858	0.839	0.832	0.805	0.851	0.838	0.867	0.795	0.889	0.094	0.095	0.823	0.837	0.924	0.926	0.844	0.878	0.886	0.766	0.748	0.765	0.094	0.120	0.093	0.095	0.093	0.093	0.092	0.094	0.096	0.094	0.094	0.094	0.092
51:00:53	21.8	0.095	0.092	0.096	0.096	0.094	0.093	0.093	0.093	0.093	0.095	0.093	0.095	0.091	0.914	0.829	0.838	0.822	0.734	0.831	0.826	0.846	0.809	0.893	0.095	0.093	0.791	0.898	0.822	0.859	0.895	0.847	0.775	0.839	0.844	0.891	0.095	0.093	0.793	0.829	0.831	0.833	0.810	0.844	0.832	0.846	0.775	0.885	0.094	0.095	0.880	0.847	0.842	0.840	0.891	0.845	0.874	0.854	0.738	0.859	0.092	0.096	0.812	0.868	0.851	0.843	0.815	0.860	0.847	0.876	0.804	0.896	0.094	0.095	0.821	0.842	0.932	0.935	0.853	0.886	0.896	0.779	0.755	0.773	0.094	0.127	0.094	0.095	0.093	0.093	0.093	0.094	0.096	0.094	0.095	0.094	0.092
52:00:53	21.6	0.094	0.092	0.096	0.095	0.094	0.093	0.093	0.093	0.093	0.094	0.093	0.094	0.091	0.925	0.833	0.843	0.834	0.739	0.840	0.838	0.857	0.820	0.902	0.094	0.093	0.801	0.908	0.835	0.866	0.904	0.858	0.785	0.853	0.857	0.899	0.094	0.092	0.802	0.836	0.837	0.842	0.822	0.854	0.842	0.856	0.787	0.894	0.094	0.095	0.881	0.854	0.851	0.852	0.901	0.855	0.883	0.864	0.746	0.870	0.092	0.096	0.820	0.872	0.863	0.855	0.830	0.868	0.860	0.886	0.819	0.903	0.094	0.095	0.834	0.850	0.942	0.947	0.865	0.897	0.907	0.793	0.764	0.784	0.094	0.135	0.093	0.094	0.093	0.093	0.092	0.094	0.096	0.095	0.094	0.094	0.092
53:00:54	21.3	0.094	0.092	0.096	0.095	0.094	0.092	0.093	0.092	0.093	0.094	0.092	0.094	0.091	0.937	0.841	0.845	0.846	0.745	0.852	0.850	0.868	0.829	0.912	0.094	0.093	0.806	0.918	0.840	0.876	0.914	0.870	0.796	0.866	0.874	0.907	0.094	0.092	0.809	0.841	0.843	0.854	0.835	0.865	0.852	0.868	0.800	0.903	0.094	0.095	0.901	0.861	0.863	0.861	0.910	0.867	0.892	0.874	0.753	0.884	0.092	0.096	0.829	0.879	0.873	0.867	0.845	0.879	0.870	0.896	0.832	0.912	0.094	0.095	0.837	0.855	0.954	0.959	0.879	0.909	0.919	0.810	0.773	0.794	0.094	0.146	0.093	0.095	0.093	0.093	0.092	0.094	0.096	0.094	0.094	0.094	0.092
54:00:56	21.0	0.094	0.092	0.096	0.096	0.094	0.093	0.093	0.093	0.093	0.095	0.093	0.095	0.091	0.950	0.845	0.849	0.858	0.753	0.864	0.863	0.881	0.843	0.924	0.095	0.093	0.811	0.929	0.845	0.886	0.925	0.878	0.811	0.881	0.891	0.917	0.095	0.092	0.816	0.850	0.848	0.865	0.850	0.876	0.861	0.878	0.812	0.917	0.094	0.095	0.910	0.868	0.874	0.872	0.922	0.878	0.902	0.884	0.760	0.900	0.092	0.097	0.835	0.884	0.886	0.879	0.860	0.891	0.881	0.908	0.848	0.923	0.094	0.095	0.843	0.868	0.962	0.969	0.893	0.921	0.929	0.828	0.783	0.805	0.094	0.163	0.094	0.095	0.093	0.093	0.093	0.094	0.096	0.095	0.095	0.094	0.092
55:00:56	20.7	0.094	0.092	0.096	0.096	0.094	0.093	0.093	0.093	0.094	0.095	0.093	0.094	0.091	0.963	0.854	0.854	0.871	0.763	0.878	0.875	0.892	0.861	0.939	0.094	0.093	0.819	0.940	0.847	0.894	0.936	0.884	0.826	0.897	0.910	0.929	0.095	0.093	0.822	0.857	0.851	0.876	0.867	0.886	0.874	0.890	0.828	0.931	0.094	0.095	0.895	0.873	0.886	0.886	0.934	0.889	0.911	0.895	0.769	0.916	0.094	0.097	0.846	0.887	0.899	0.893	0.878	0.902	0.894	0.919	0.865	0.931	0.094	0.095	0.860	0.870	0.972	0.981	0.910	0.934	0.941	0.841	0.793	0.816	0.094	0.171	0.094	0.095	0.093	0.093	0.093	0.094	0.096	0.095	0.095	0.094	0.093
56:00:57	20.4	0.094	0.092	0.096	0.095	0.094	0.093	0.093	0.093	0.093	0.094	0.093	0.094	0.091	0.974	0.857	0.858	0.884	0.769	0.889	0.887	0.904	0.875	0.949	0.094	0.093	0.821	0.950	0.850	0.902	0.945	0.895	0.841	0.910	0.925	0.939	0.094	0.092	0.827	0.862	0.853	0.887	0.881	0.895	0.883	0.900	0.842	0.942	0.094	0.095	0.907	0.877	0.895	0.896	0.944	0.900	0.920	0.905	0.776	0.929	0.092	0.096	0.853	0.890	0.910	0.903	0.893	0.912	0.903	0.930	0.881	0.940	0.094	0.095	0.858	0.881	0.979	0.990	0.924	0.944	0.955	0.852	0.799	0.824	0.094	0.185	0.093	0.095	0.093	0.093	0.092	0.094	0.096	0.095	0.094	0.094	0.092
57:00:59	20.2	0.094	0.092	0.096	0.096	0.094	0.093	0.093	0.093	0.093	0.094	0.093	0.094	0.091	0.986	0.861	0.860	0.895	0.773	0.902	0.901	0.914	0.887	0.961	0.094	0.093	0.826	0.962	0.851	0.914	0.954	0.905	0.855	0.924	0.940	0.950	0.095	0.093	0.833	0.866	0.856	0.899	0.896	0.909	0.894	0.910	0.856	0.954	0.094	0.095	0.914	0.882	0.906	0.906	0.955	0.911	0.929	0.917	0.782	0.942	0.093	0.096	0.861	0.893	0.921	0.914	0.907	0.921	0.915	0.939	0.896	0.950	0.094	0.096	0.859	0.889	0.986	0.999	0.934	0.954	0.964	0.864	0.804	0.830	0.094	0.200	0.094	0.095	0.093	0.093	0.093	0.094	0.096	0.095	0.094	0.094	0.092
58:00:59	20.1	0.094	0.092	0.096	0.096	0.094	0.093	0.093	0.093	0.093	0.095	0.093	0.095	0.091	0.996	0.865	0.864	0.906	0.776	0.911	0.910	0.923	0.895	0.972	0.095	0.093	0.829	0.971	0.854	0.922	0.963	0.912	0.868	0.936	0.953	0.960	0.095	0.093	0.838	0.870	0.859	0.908	0.911	0.918	0.905	0.920	0.867	0.965	0.094	0.096	0.910	0.888	0.916	0.917	0.965	0.922	0.938	0.927	0.786	0.952	0.093	0.097	0.864	0.897	0.930	0.926	0.920	0.929	0.925	0.949	0.907	0.959	0.094	0.096	0.870	0.896	0.995	1.007	0.942	0.962	0.973	0.870	0.808	0.834	0.094	0.215	0.094	0.095	0.093	0.093	0.093	0.094	0.097	0.095	0.094	0.094	0.093
59:01:00	20.0	0.094	0.092	0.096	0.096	0.094	0.093	0.094	0.093	0.094	0.094	0.093	0.094	0.091	1.004	0.869	0.866	0.914	0.778	0.918	0.920	0.933	0.904	0.980	0.095	0.093	0.831	0.978	0.855	0.929	0.971	0.921	0.879	0.946	0.964	0.969	0.095	0.093	0.845	0.873	0.862	0.918	0.920	0.927	0.916	0.930	0.877	0.973	0.095	0.095	0.916	0.891	0.924	0.926	0.972	0.931	0.946	0.934	0.787	0.960	0.093	0.097	0.873	0.899	0.940	0.935	0.929	0.940	0.935	0.958	0.916	0.966	0.094	0.095	0.868	0.902	1.004	1.014	0.949	0.969	0.979	0.881	0.811	0.839	0.094	0.238	0.094	0.095	0.093	0.093	0.093	0.094	0.096	0.095	0.094	0.094	0.093
60:01:00	20.0	0.094	0.092	0.096	0.096	0.095	0.093	0.093	0.093	0.093	0.094	0.093	0.094	0.091	1.012	0.871	0.868	0.921	0.779	0.923	0.924	0.934	0.910	0.988	0.094	0.093	0.833	0.986	0.857	0.937	0.978	0.930	0.888	0.955	0.971	0.976	0.095	0.093	0.848	0.877	0.864	0.924	0.931	0.935	0.923	0.935	0.885	0.980	0.094	0.095	0.924	0.895	0.932	0.935	0.981	0.937	0.953	0.941	0.789	0.968	0.093	0.097	0.878	0.902	0.947	0.943	0.937	0.948	0.944	0.965	0.924	0.973	0.094	0.095	0.888	0.908	1.011	1.022	0.954	0.977	0.987	0.885	0.813	0.843	0.094	0.262	0.093	0.095	0.093	0.093	0.093	0.094	0.096	0.095	0.095	0.094	0.092
61:01:02	20.0	0.094	0.092	0.096	0.096	0.095	0.093	0.093	0.093	0.093	0.094	0.093	0.095	0.091	1.019	0.875	0.870	0.930	0.781	0.930	0.931	0.940	0.915	0.998	0.094	0.093	0.837	0.994	0.860	0.943	0.986	0.938	0.898	0.965	0.979	0.985	0.095	0.093	0.853	0.880	0.866	0.932	0.939	0.942	0.934	0.942	0.891	0.988	0.094	0.096	0.918	0.899	0.938	0.942	0.987	0.945	0.960	0.947	0.790	0.975	0.093	0.096	0.881	0.905	0.953	0.951	0.945	0.953	0.953	0.974	0.932	0.977	0.094	0.095	0.889	0.912	1.019	1.029	0.959	0.984	0.994	0.890	0.817	0.848	0.094	0.286	0.093	0.095	0.093	0.093	0.092	0.094	0.096	0.095	0.094	0.094	0.093
62:01:03	19.9	0.094	0.092	0.096	0.096	0.094	0.093	0.093	0.093	0.093	0.094	0.093	0.094	0.091	1.021	0.877	0.874	0.937	0.781	0.938	0.939	0.949	0.919	1.008	0.095	0.093	0.843	1.001	0.862	0.950	0.993	0.944	0.905	0.972	0.988	0.993	0.095	0.093	0.859	0.882	0.868	0.940	0.947	0.950	0.940	0.950	0.899	0.996	0.094	0.095	0.916	0.903	0.947	0.950	0.993	0.953	0.967	0.956	0.792	0.983	0.093	0.097	0.891	0.908	0.959	0.957	0.952	0.961	0.959	0.981	0.938	0.985	0.094	0.095	0.885	0.909	1.026	1.036	0.964	0.991	1.003	0.893	0.819	0.852	0.094	0.318	0.094	0.095	0.093	0.094	0.093	0.094	0.096	0.095	0.094	0.094	0.093
63:01:04	19.9	0.094	0.092	0.096	0.096	0.094	0.093	0.093	0.093	0.093	0.094	0.093	0.095	0.091	1.024	0.882	0.877	0.945	0.783	0.944	0.947	0.953	0.923	1.015	0.095	0.093	0.847	1.008	0.866	0.954	1.002	0.952	0.913	0.980	0.994	1.001	0.095	0.093	0.866	0.885	0.871	0.947	0.955	0.956	0.949	0.955	0.906	1.002	0.094	0.096	0.933	0.904	0.952	0.957	1.000	0.959	0.973	0.962	0.793	0.989	0.093	0.097	0.896	0.911	0.967	0.965	0.959	0.967	0.969	0.988	0.946	0.990	0.094	0.095	0.902	0.917	1.034	1.044	0.969	0.998	1.010	0.893	0.823	0.856	0.094	0.352	0.094	0.095	0.093	0.093	0.093	0.094	0.096	0.094	0.094	0.094	0.093
64:01:04	19.9	0.094	0.092	0.096	0.095	0.094	0.093	0.093	0.093	0.093	0.094	0.093	0.094	0.091	1.025	0.884	0.880	0.949	0.782	0.954	0.956	0.963	0.926	1.026	0.095	0.093	0.855	1.015	0.868	0.961	1.008	0.960	0.921	0.987	1.004	1.009	0.095	0.093	0.878	0.889	0.874	0.955	0.963	0.966	0.957	0.966	0.912	1.010	0.094	0.095	0.938	0.907	0.960	0.964	1.007	0.967	0.980	0.972	0.795	0.997	0.094	0.096	0.899	0.914	0.974	0.973	0.965	0.974	0.975	0.995	0.952	0.998	0.094	0.095	0.898	0.923	1.044	1.052	0.972	1.004	1.017	0.893	0.824	0.860	0.094	0.384	0.094	0.095	0.093	0.093	0.093	0.094	0.096	0.095	0.094	0.094	0.093
65:01:05	19.9	0.094	0.092	0.096	0.095	0.094	0.093	0.093	0.093	0.093	0.094	0.093	0.094	0.091	1.023	0.887	0.883	0.958	0.785	0.959	0.960	0.968	0.931	1.033	0.094	0.093	0.860	1.022	0.871	0.968	1.015	0.967	0.930	0.995	1.010	1.017	0.094	0.092	0.884	0.890	0.876	0.961	0.971	0.972	0.964	0.969	0.920	1.016	0.094	0.095	0.938	0.911	0.966	0.971	1.013	0.974	0.985	0.975	0.797	1.004	0.093	0.096	0.908	0.915	0.980	0.977	0.974	0.979	0.983	1.002	0.959	1.002	0.094	0.095	0.900	0.946	1.051	1.058	0.977	1.012	1.023	0.896	0.828	0.865	0.094	0.417	0.094	0.095	0.093	0.093	0.093	0.094	0.096	0.095	0.094	0.094	0.092
66:01:08	19.9	0.094	0.092	0.096	0.096	0.094	0.093	0.093	0.093	0.093	0.094	0.093	0.094	0.091	1.016	0.889	0.886	0.962	0.785	0.966	0.968	0.974	0.934	1.042	0.095	0.093	0.861	1.029	0.873	0.972	1.020	0.975	0.938	1.002	1.017	1.023	0.095	0.093	0.886	0.894	0.878	0.967	0.978	0.980	0.970	0.977	0.925	1.025	0.094	0.096	0.927	0.912	0.971	0.977	1.018	0.981	0.993	0.983	0.799	1.010	0.095	0.097	0.912	0.918	0.986	0.986	0.980	0.987	0.988	1.009	0.966	1.009	0.094	0.095	0.922	0.949	1.059	1.065	0.980	1.017	1.031	0.895	0.830	0.868	0.094	0.449	0.093	0.095	0.093	0.093	0.093	0.094	0.096	0.095	0.094	0.094	0.093
67:01:08	19.9	0.094	0.092	0.096	0.096	0.094	0.093	0.093	0.092	0.093	0.094	0.093	0.094	0.091	0.956	0.892	0.888	0.969	0.785	0.974	0.975	0.981	0.936	1.050	0.094	0.093	0.863	1.036	0.875	0.978	1.028	0.987	0.945	1.009	1.026	1.030	0.094	0.092	0.889	0.894	0.880	0.976	0.985	0.984	0.977	0.985	0.931	1.031	0.094	0.095	0.932	0.915	0.979	0.983	1.024	0.986	0.998	0.989	0.800	1.016	0.092	0.097	0.917	0.920	0.992	0.990	0.986	0.992	0.995	1.016	0.972	1.015	0.094	0.095	0.920	0.942	1.066	1.073	0.983	1.022	1.038	0.896	0.833	0.873	0.094	0.478	0.093	0.095	0.093	0.093	0.092	0.094	0.096	0.095	0.094	0.094	0.092
68:01:09	20.0	0.094	0.092	0.096	0.095	0.094	0.093	0.093	0.093	0.093	0.094	0.093	0.094	0.091	0.937	0.894	0.891	0.974	0.786	0.982	0.981	0.988	0.938	1.058	0.095	0.093	0.866	1.042	0.878	0.983	1.031	0.986	0.952	1.014	1.032	1.037	0.094	0.093	0.892	0.896	0.883	0.982	0.992	0.998	0.981	0.992	0.936	1.038	0.094	0.095	0.941	0.916	0.985	0.989	1.029	0.993	1.003	0.996	0.802	1.022	0.093	0.097	0.922	0.922	0.998	0.997	0.993	0.998	1.001	1.022	0.976	1.021	0.094	0.095	0.931	0.960	1.072	1.081	0.986	1.027	1.044	0.898	0.834	0.874	0.094	0.510	0.093	0.095	0.093	0.093	0.093	0.094	0.096	0.094	0.094	0.094	0.092
69:01:10	20.4	0.094	0.092	0.096	0.095	0.094	0.093	0.093	0.093	0.093	0.094	0.093	0.094	0.091	0.888	0.896	0.894	0.982	0.786	0.987	0.985	0.988	0.939	1.063	0.095	0.093	0.868	1.046	0.880	0.985	1.039	0.992	0.958	1.019	1.034	1.042	0.095	0.092	0.893	0.897	0.884	0.986	0.996	0.997	0.988	0.993	0.940	1.042	0.094	0.095	0.938	0.916	0.989	0.994	1.033	0.997	1.008	0.999	0.803	1.025	0.092	0.096	0.924	0.923	1.003	1.003	0.997	1.003	1.006	1.027	0.983	1.025	0.094	0.095	0.935	0.952	1.077	1.084	0.991	1.032	1.049	0.900	0.839	0.877	0.094	0.542	0.094	0.095	0.093	0.093	0.093	0.094	0.096	0.095	0.094	0.094	0.092
70:01:10	21.0	0.094	0.092	0.096	0.095	0.094	0.093	0.093	0.093	0.093	0.094	0.093	0.094	0.091	0.931	0.895	0.893	0.982	0.786	0.986	0.987	0.991	0.935	1.066	0.094	0.092	0.867	1.047	0.881	0.989	1.044	0.995	0.963	1.022	1.036	1.044	0.094	0.092	0.891	0.896	0.884	0.987	0.998	1.000	0.990	0.996	0.941	1.044	0.094	0.095	0.932	0.914	0.991	0.996	1.035	1.000	1.011	1.002	0.803	1.026	0.092	0.096	0.925	0.923	1.006	1.006	0.999	1.006	1.009	1.029	0.983	1.027	0.094	0.095	0.931	0.961	1.080	1.088	0.995	1.034	1.052	0.903	0.840	0.877	0.094	0.573	0.093	0.095	0.093	0.093	0.093	0.094	0.096	0.094	0.094	0.094	0.092
71:01:12	21.5	0.094	0.092	0.096	0.095	0.094	0.093	0.092	0.092	0.093	0.094	0.092	0.094	0.091	0.951	0.895	0.894	0.983	0.785	0.989	0.991	0.994	0.930	1.067	0.094	0.093	0.864	1.048	0.883	0.992	1.049	0.999	0.966	1.025	1.038	1.044	0.094	0.092	0.887	0.895	0.884	0.992	1.000	1.003	0.993	0.999	0.942	1.045	0.094	0.095	0.926	0.911	0.995	0.998	1.038	1.002	1.012	1.005	0.804	1.026	0.092	0.096	0.925	0.922	1.009	1.009	1.000	1.010	1.013	1.033	0.985	1.029	0.094	0.095	0.939	0.949	1.081	1.089	0.995	1.034	1.054	0.901	0.840	0.875	0.094	0.604	0.093	0.094	0.093	0.093	0.092	0.093	0.096	0.094	0.094	0.094	0.092
72:01:12	22.0	0.094	0.092	0.096	0.095	0.094	0.092	0.092	0.092	0.093	0.094	0.092	0.094	0.091	0.969	0.896	0.895	0.987	0.784	0.994	0.995	0.999	0.927	1.069	0.094	0.092	0.864	1.049	0.884	0.996	1.053	1.003	0.971	1.028	1.039	1.046	0.094	0.092	0.881	0.895	0.885	0.995	1.003	1.008	0.997	1.003	0.943	1.046	0.094	0.095	0.943	0.910	0.999	1.003	1.041	1.007	1.016	1.009	0.806	1.029	0.092	0.096	0.925	0.921	1.014	1.012	1.003	1.015	1.017	1.036	0.987	1.031	0.094	0.095	0.940	0.944	1.083	1.091	0.998	1.036	1.058	0.906	0.845	0.878	0.094	0.635	0.093	0.094	0.092	0.093	0.092	0.094	0.096	0.094	0.094	0.094	0.092

