Time	T° 600	A1	A2	A3	A4	A5	A6	A7	A8	A9	A10	A11	A12	B1	B2	B3	B4	B5	B6	B7	B8	B9	B10	B11	B12	C1	C2	C3	C4	C5	C6	C7	C8	C9	C10	C11	C12	D1	D2	D3	D4	D5	D6	D7	D8	D9	D10	D11	D12	E1	E2	E3	E4	E5	E6	E7	E8	E9	E10	E11	E12	F1	F2	F3	F4	F5	F6	F7	F8	F9	F10	F11	F12	G1	G2	G3	G4	G5	G6	G7	G8	G9	G10	G11	G12	H1	H2	H3	H4	H5	H6	H7	H8	H9	H10	H11	H12
0:00:06	22.3	0.044	0.044	0.046	0.048	0.045	0.046	0.044	0.045	0.045	0.045	0.047	0.046	0.045	0.049	0.048	0.051	0.048	0.048	0.048	0.051	0.050	0.051	0.051	0.048	0.045	0.049	0.048	0.049	0.048	0.051	0.049	0.049	0.049	0.049	0.051	0.046	0.044	0.048	0.047	0.049	0.048	0.049	0.049	0.049	0.051	0.049	0.052	0.045	0.044	0.050	0.048	0.049	0.050	0.047	0.048	0.047	0.048	0.049	0.049	0.045	0.044	0.050	0.049	0.050	0.049	0.049	0.049	0.049	0.050	0.049	0.049	0.046	0.048	0.049	0.051	0.048	0.050	0.048	0.050	0.048	0.052	0.047	0.049	0.045	0.045	0.048	0.044	0.045	0.045	0.044	0.047	0.047	0.047	0.048	0.045	0.046
1:00:06	22.0	0.045	0.044	0.046	0.048	0.046	0.047	0.044	0.045	0.045	0.045	0.047	0.046	0.045	0.049	0.049	0.051	0.049	0.049	0.049	0.052	0.050	0.052	0.052	0.048	0.045	0.049	0.049	0.050	0.049	0.051	0.050	0.050	0.050	0.050	0.052	0.046	0.045	0.049	0.049	0.050	0.048	0.049	0.049	0.049	0.051	0.050	0.052	0.045	0.044	0.050	0.049	0.050	0.051	0.048	0.049	0.048	0.050	0.050	0.050	0.045	0.045	0.051	0.050	0.051	0.050	0.050	0.050	0.049	0.050	0.049	0.050	0.046	0.048	0.050	0.052	0.048	0.051	0.049	0.050	0.049	0.052	0.048	0.049	0.046	0.045	0.048	0.044	0.045	0.045	0.045	0.047	0.048	0.048	0.048	0.046	0.045
2:00:08	22.1	0.045	0.044	0.046	0.048	0.046	0.047	0.044	0.045	0.045	0.046	0.047	0.046	0.045	0.050	0.050	0.052	0.050	0.050	0.050	0.052	0.051	0.053	0.053	0.048	0.045	0.050	0.050	0.050	0.050	0.052	0.050	0.050	0.050	0.051	0.052	0.046	0.045	0.050	0.049	0.051	0.049	0.050	0.050	0.049	0.051	0.050	0.053	0.046	0.045	0.051	0.050	0.051	0.051	0.049	0.050	0.049	0.050	0.050	0.050	0.045	0.045	0.052	0.051	0.052	0.050	0.050	0.050	0.050	0.051	0.050	0.050	0.046	0.048	0.050	0.052	0.049	0.052	0.050	0.051	0.050	0.053	0.049	0.050	0.046	0.045	0.048	0.045	0.046	0.045	0.045	0.047	0.048	0.048	0.048	0.046	0.046
3:00:10	22.2	0.045	0.044	0.046	0.048	0.045	0.047	0.044	0.045	0.045	0.045	0.047	0.046	0.045	0.050	0.051	0.053	0.050	0.050	0.050	0.052	0.051	0.053	0.053	0.048	0.045	0.050	0.051	0.051	0.050	0.052	0.051	0.051	0.051	0.051	0.052	0.046	0.044	0.050	0.050	0.051	0.049	0.051	0.050	0.050	0.052	0.050	0.053	0.045	0.044	0.051	0.050	0.051	0.052	0.049	0.050	0.049	0.051	0.051	0.051	0.045	0.044	0.052	0.051	0.052	0.051	0.050	0.051	0.050	0.051	0.050	0.051	0.046	0.048	0.050	0.052	0.049	0.052	0.050	0.051	0.050	0.053	0.049	0.050	0.046	0.045	0.048	0.044	0.045	0.045	0.044	0.047	0.048	0.048	0.048	0.045	0.046
4:00:11	22.2	0.045	0.044	0.046	0.049	0.046	0.047	0.044	0.045	0.045	0.046	0.047	0.046	0.045	0.051	0.052	0.053	0.051	0.051	0.051	0.053	0.052	0.054	0.054	0.048	0.045	0.051	0.051	0.052	0.051	0.053	0.051	0.051	0.051	0.052	0.053	0.046	0.045	0.051	0.050	0.051	0.050	0.051	0.051	0.051	0.052	0.051	0.054	0.046	0.044	0.051	0.051	0.051	0.053	0.049	0.051	0.050	0.051	0.051	0.051	0.045	0.045	0.053	0.051	0.052	0.051	0.051	0.051	0.051	0.052	0.051	0.051	0.046	0.048	0.051	0.053	0.051	0.053	0.051	0.051	0.051	0.054	0.050	0.051	0.045	0.045	0.048	0.045	0.045	0.045	0.045	0.048	0.048	0.048	0.048	0.045	0.046
5:00:12	22.1	0.044	0.044	0.046	0.048	0.046	0.047	0.044	0.045	0.046	0.046	0.047	0.046	0.045	0.051	0.053	0.054	0.052	0.052	0.051	0.053	0.053	0.054	0.055	0.048	0.045	0.051	0.052	0.053	0.052	0.054	0.052	0.052	0.052	0.052	0.053	0.046	0.044	0.051	0.050	0.052	0.050	0.051	0.051	0.051	0.053	0.051	0.055	0.046	0.044	0.052	0.052	0.051	0.054	0.050	0.051	0.050	0.053	0.052	0.051	0.045	0.045	0.055	0.052	0.053	0.052	0.052	0.052	0.052	0.052	0.051	0.052	0.045	0.048	0.051	0.053	0.051	0.053	0.052	0.052	0.051	0.054	0.050	0.051	0.046	0.045	0.048	0.045	0.045	0.045	0.044	0.047	0.047	0.048	0.048	0.045	0.046
6:00:13	22.0	0.044	0.044	0.046	0.048	0.046	0.047	0.044	0.045	0.045	0.045	0.047	0.046	0.045	0.052	0.054	0.054	0.053	0.053	0.051	0.054	0.054	0.054	0.056	0.048	0.045	0.052	0.052	0.054	0.054	0.055	0.052	0.052	0.053	0.053	0.054	0.046	0.044	0.052	0.051	0.052	0.051	0.052	0.052	0.052	0.053	0.052	0.055	0.045	0.044	0.052	0.053	0.052	0.055	0.050	0.053	0.051	0.054	0.052	0.052	0.045	0.045	0.056	0.052	0.053	0.053	0.054	0.052	0.053	0.053	0.051	0.052	0.046	0.048	0.051	0.054	0.053	0.053	0.052	0.052	0.051	0.055	0.050	0.052	0.045	0.045	0.048	0.045	0.045	0.045	0.045	0.047	0.048	0.048	0.048	0.046	0.046
7:00:13	21.9	0.044	0.044	0.046	0.048	0.045	0.047	0.044	0.045	0.045	0.046	0.047	0.046	0.045	0.052	0.055	0.054	0.053	0.055	0.052	0.055	0.055	0.054	0.057	0.048	0.045	0.052	0.053	0.056	0.055	0.056	0.053	0.053	0.053	0.054	0.054	0.046	0.044	0.052	0.051	0.053	0.051	0.053	0.052	0.053	0.054	0.052	0.056	0.046	0.044	0.052	0.054	0.052	0.057	0.051	0.055	0.051	0.055	0.052	0.052	0.045	0.045	0.056	0.053	0.054	0.053	0.055	0.053	0.054	0.053	0.052	0.053	0.046	0.048	0.051	0.054	0.055	0.054	0.053	0.053	0.051	0.055	0.051	0.052	0.045	0.044	0.048	0.045	0.045	0.044	0.044	0.047	0.047	0.047	0.048	0.045	0.046
8:00:14	21.7	0.045	0.044	0.046	0.048	0.046	0.047	0.044	0.045	0.045	0.046	0.047	0.046	0.045	0.053	0.056	0.055	0.054	0.058	0.053	0.055	0.056	0.055	0.059	0.048	0.045	0.053	0.053	0.058	0.058	0.057	0.054	0.055	0.055	0.056	0.055	0.046	0.044	0.053	0.052	0.053	0.052	0.054	0.053	0.055	0.055	0.053	0.056	0.046	0.045	0.053	0.056	0.053	0.059	0.052	0.057	0.052	0.057	0.053	0.053	0.045	0.045	0.058	0.053	0.055	0.054	0.058	0.054	0.056	0.054	0.052	0.053	0.046	0.048	0.052	0.055	0.058	0.055	0.053	0.054	0.052	0.056	0.051	0.053	0.046	0.045	0.048	0.045	0.046	0.045	0.045	0.048	0.048	0.048	0.048	0.045	0.046
9:00:15	21.4	0.045	0.045	0.046	0.048	0.046	0.047	0.044	0.045	0.045	0.045	0.047	0.046	0.045	0.053	0.057	0.056	0.054	0.061	0.055	0.056	0.058	0.055	0.061	0.048	0.045	0.054	0.053	0.060	0.062	0.058	0.056	0.056	0.055	0.057	0.056	0.046	0.044	0.053	0.052	0.054	0.053	0.055	0.054	0.056	0.055	0.053	0.057	0.046	0.044	0.053	0.057	0.053	0.063	0.053	0.060	0.052	0.059	0.053	0.053	0.045	0.045	0.059	0.054	0.056	0.055	0.061	0.054	0.058	0.054	0.053	0.054	0.046	0.048	0.052	0.055	0.061	0.055	0.055	0.055	0.052	0.056	0.052	0.053	0.045	0.045	0.048	0.045	0.045	0.045	0.045	0.047	0.047	0.047	0.048	0.045	0.046
10:00:16	21.2	0.045	0.045	0.046	0.049	0.046	0.047	0.044	0.045	0.045	0.046	0.047	0.046	0.045	0.053	0.058	0.056	0.054	0.066	0.056	0.057	0.059	0.055	0.063	0.048	0.045	0.053	0.054	0.061	0.066	0.059	0.056	0.057	0.056	0.059	0.057	0.046	0.044	0.055	0.052	0.054	0.053	0.056	0.055	0.058	0.056	0.054	0.057	0.046	0.044	0.053	0.058	0.054	0.067	0.053	0.064	0.052	0.060	0.054	0.053	0.045	0.045	0.060	0.054	0.056	0.055	0.066	0.055	0.060	0.055	0.053	0.054	0.046	0.048	0.052	0.055	0.066	0.056	0.055	0.055	0.053	0.057	0.052	0.054	0.045	0.045	0.048	0.045	0.046	0.045	0.045	0.047	0.048	0.048	0.048	0.045	0.046
11:00:16	21.1	0.044	0.044	0.045	0.048	0.045	0.046	0.044	0.045	0.045	0.045	0.047	0.046	0.045	0.053	0.059	0.056	0.054	0.070	0.057	0.057	0.061	0.055	0.065	0.048	0.044	0.053	0.053	0.063	0.071	0.060	0.057	0.058	0.056	0.060	0.057	0.045	0.044	0.055	0.052	0.054	0.053	0.056	0.055	0.060	0.055	0.054	0.057	0.045	0.044	0.053	0.059	0.054	0.072	0.053	0.069	0.052	0.062	0.054	0.053	0.045	0.044	0.061	0.054	0.056	0.056	0.071	0.056	0.061	0.055	0.053	0.054	0.045	0.048	0.052	0.055	0.073	0.056	0.055	0.056	0.053	0.057	0.052	0.055	0.045	0.044	0.048	0.044	0.045	0.044	0.044	0.047	0.047	0.047	0.048	0.045	0.046
12:00:18	21.0	0.045	0.044	0.046	0.048	0.045	0.047	0.044	0.045	0.045	0.046	0.047	0.046	0.045	0.054	0.061	0.056	0.055	0.077	0.058	0.058	0.064	0.056	0.069	0.048	0.045	0.054	0.054	0.065	0.078	0.062	0.058	0.060	0.058	0.063	0.058	0.046	0.045	0.057	0.053	0.055	0.055	0.058	0.057	0.063	0.057	0.055	0.058	0.046	0.044	0.054	0.062	0.054	0.081	0.054	0.078	0.053	0.065	0.055	0.054	0.046	0.045	0.063	0.055	0.057	0.057	0.079	0.057	0.064	0.056	0.054	0.056	0.046	0.048	0.053	0.056	0.082	0.057	0.057	0.057	0.054	0.058	0.053	0.056	0.046	0.045	0.048	0.045	0.045	0.045	0.045	0.048	0.048	0.048	0.048	0.046	0.046
13:00:19	21.0	0.045	0.044	0.046	0.048	0.046	0.047	0.044	0.045	0.045	0.046	0.047	0.046	0.045	0.054	0.062	0.056	0.056	0.087	0.059	0.059	0.066	0.056	0.072	0.048	0.045	0.054	0.054	0.068	0.087	0.063	0.059	0.060	0.058	0.065	0.058	0.046	0.044	0.057	0.053	0.055	0.055	0.059	0.058	0.065	0.057	0.055	0.059	0.046	0.044	0.054	0.065	0.055	0.091	0.055	0.089	0.053	0.067	0.056	0.055	0.045	0.045	0.065	0.055	0.057	0.058	0.090	0.057	0.067	0.056	0.055	0.056	0.046	0.048	0.053	0.056	0.089	0.058	0.057	0.058	0.053	0.058	0.053	0.056	0.045	0.045	0.048	0.045	0.045	0.045	0.045	0.047	0.048	0.048	0.048	0.045	0.046
14:00:20	20.9	0.045	0.044	0.046	0.048	0.046	0.047	0.044	0.045	0.045	0.045	0.047	0.046	0.045	0.054	0.065	0.057	0.056	0.100	0.060	0.059	0.069	0.056	0.077	0.048	0.045	0.055	0.054	0.071	0.098	0.064	0.060	0.062	0.059	0.067	0.059	0.046	0.044	0.059	0.053	0.056	0.056	0.060	0.058	0.069	0.057	0.055	0.059	0.046	0.044	0.054	0.068	0.055	0.105	0.055	0.105	0.053	0.070	0.056	0.055	0.045	0.045	0.067	0.056	0.057	0.058	0.106	0.058	0.070	0.057	0.055	0.056	0.046	0.049	0.053	0.056	0.108	0.058	0.058	0.058	0.054	0.059	0.054	0.057	0.046	0.045	0.048	0.045	0.045	0.045	0.045	0.047	0.048	0.048	0.048	0.045	0.046
15:00:20	20.8	0.044	0.044	0.046	0.048	0.045	0.047	0.044	0.045	0.045	0.045	0.047	0.046	0.045	0.054	0.067	0.057	0.057	0.113	0.061	0.060	0.073	0.056	0.083	0.048	0.045	0.055	0.054	0.076	0.113	0.065	0.061	0.063	0.059	0.070	0.059	0.046	0.045	0.060	0.053	0.056	0.056	0.061	0.059	0.073	0.058	0.056	0.059	0.045	0.045	0.054	0.072	0.055	0.119	0.056	0.117	0.053	0.075	0.057	0.055	0.045	0.045	0.069	0.056	0.058	0.059	0.120	0.059	0.074	0.057	0.056	0.057	0.046	0.052	0.053	0.057	0.118	0.059	0.059	0.059	0.054	0.059	0.054	0.058	0.045	0.045	0.048	0.045	0.046	0.045	0.045	0.047	0.048	0.048	0.048	0.045	0.046
16:00:22	20.7	0.045	0.044	0.046	0.048	0.046	0.046	0.044	0.045	0.045	0.045	0.047	0.046	0.045	0.055	0.070	0.057	0.057	0.135	0.063	0.060	0.078	0.056	0.092	0.048	0.045	0.055	0.055	0.082	0.138	0.067	0.063	0.065	0.060	0.075	0.059	0.046	0.045	0.063	0.053	0.056	0.057	0.062	0.060	0.079	0.058	0.056	0.060	0.046	0.044	0.054	0.077	0.055	0.142	0.056	0.134	0.053	0.081	0.057	0.056	0.045	0.045	0.072	0.056	0.058	0.060	0.154	0.060	0.079	0.058	0.056	0.057	0.046	0.050	0.053	0.057	0.126	0.060	0.060	0.059	0.054	0.059	0.054	0.059	0.046	0.045	0.048	0.045	0.045	0.045	0.045	0.047	0.048	0.048	0.048	0.045	0.046
17:00:23	20.7	0.044	0.044	0.046	0.048	0.045	0.047	0.044	0.045	0.045	0.045	0.047	0.046	0.045	0.055	0.073	0.057	0.058	0.155	0.064	0.061	0.084	0.056	0.103	0.048	0.045	0.056	0.055	0.091	0.167	0.068	0.064	0.066	0.060	0.082	0.060	0.046	0.044	0.065	0.054	0.057	0.058	0.063	0.061	0.082	0.058	0.057	0.061	0.046	0.044	0.054	0.083	0.055	0.181	0.057	0.180	0.053	0.089	0.058	0.056	0.045	0.044	0.076	0.056	0.059	0.060	0.185	0.060	0.087	0.058	0.056	0.057	0.046	0.050	0.053	0.057	0.138	0.060	0.061	0.060	0.054	0.059	0.055	0.059	0.045	0.045	0.048	0.045	0.046	0.045	0.045	0.047	0.047	0.048	0.048	0.045	0.046
18:00:24	20.7	0.044	0.044	0.046	0.048	0.046	0.047	0.044	0.045	0.045	0.046	0.047	0.046	0.045	0.056	0.078	0.058	0.058	0.181	0.065	0.062	0.094	0.056	0.115	0.048	0.045	0.056	0.055	0.102	0.173	0.070	0.065	0.067	0.060	0.090	0.060	0.046	0.045	0.069	0.054	0.057	0.058	0.064	0.063	0.086	0.058	0.057	0.061	0.046	0.044	0.054	0.091	0.056	0.185	0.058	0.208	0.053	0.099	0.058	0.056	0.046	0.045	0.080	0.056	0.059	0.061	0.188	0.061	0.096	0.058	0.057	0.058	0.046	0.050	0.053	0.057	0.151	0.061	0.062	0.061	0.054	0.060	0.055	0.060	0.046	0.045	0.048	0.045	0.045	0.045	0.045	0.047	0.047	0.047	0.048	0.045	0.046
19:00:24	20.6	0.044	0.044	0.046	0.048	0.046	0.047	0.044	0.045	0.045	0.046	0.047	0.046	0.045	0.056	0.085	0.058	0.059	0.198	0.066	0.063	0.105	0.056	0.123	0.048	0.045	0.056	0.055	0.111	0.185	0.072	0.067	0.069	0.061	0.102	0.060	0.046	0.045	0.074	0.054	0.057	0.059	0.066	0.064	0.091	0.059	0.058	0.061	0.046	0.044	0.054	0.100	0.056	0.197	0.058	0.218	0.054	0.110	0.059	0.057	0.045	0.045	0.086	0.056	0.059	0.063	0.201	0.061	0.109	0.058	0.058	0.058	0.046	0.049	0.053	0.057	0.166	0.061	0.063	0.062	0.054	0.060	0.055	0.061	0.045	0.045	0.048	0.045	0.045	0.045	0.045	0.048	0.048	0.048	0.048	0.046	0.046
20:00:25	20.5	0.044	0.044	0.046	0.048	0.046	0.047	0.044	0.045	0.045	0.046	0.047	0.046	0.045	0.056	0.093	0.057	0.059	0.219	0.068	0.064	0.114	0.056	0.133	0.048	0.045	0.056	0.055	0.125	0.208	0.073	0.069	0.070	0.061	0.114	0.061	0.046	0.044	0.077	0.054	0.058	0.060	0.067	0.066	0.096	0.059	0.058	0.062	0.045	0.044	0.054	0.106	0.057	0.218	0.059	0.237	0.054	0.120	0.059	0.057	0.045	0.045	0.093	0.057	0.059	0.064	0.222	0.063	0.120	0.059	0.058	0.059	0.046	0.049	0.053	0.057	0.180	0.062	0.064	0.062	0.054	0.060	0.056	0.062	0.045	0.045	0.048	0.045	0.045	0.045	0.044	0.047	0.048	0.048	0.048	0.046	0.046
21:00:26	20.6	0.044	0.044	0.046	0.048	0.045	0.047	0.044	0.045	0.045	0.046	0.047	0.046	0.045	0.056	0.101	0.058	0.060	0.243	0.070	0.065	0.122	0.056	0.142	0.048	0.045	0.056	0.055	0.137	0.230	0.075	0.070	0.071	0.061	0.124	0.061	0.046	0.044	0.082	0.054	0.058	0.061	0.069	0.067	0.101	0.059	0.058	0.062	0.045	0.044	0.055	0.115	0.056	0.239	0.060	0.257	0.054	0.128	0.060	0.058	0.045	0.045	0.104	0.057	0.060	0.064	0.246	0.063	0.129	0.059	0.058	0.059	0.046	0.048	0.054	0.057	0.196	0.063	0.065	0.063	0.054	0.061	0.055	0.063	0.046	0.045	0.048	0.045	0.046	0.045	0.045	0.047	0.048	0.047	0.048	0.045	0.046
22:00:27	20.9	0.044	0.044	0.046	0.048	0.046	0.047	0.044	0.045	0.045	0.045	0.047	0.046	0.045	0.056	0.109	0.058	0.060	0.268	0.071	0.065	0.129	0.056	0.151	0.048	0.045	0.056	0.055	0.145	0.254	0.076	0.072	0.073	0.061	0.133	0.061	0.046	0.044	0.086	0.055	0.058	0.061	0.070	0.068	0.106	0.060	0.058	0.062	0.045	0.044	0.054	0.125	0.057	0.263	0.060	0.280	0.053	0.137	0.060	0.058	0.045	0.045	0.113	0.057	0.060	0.065	0.271	0.064	0.139	0.059	0.058	0.059	0.046	0.048	0.053	0.057	0.212	0.063	0.066	0.063	0.054	0.060	0.056	0.064	0.045	0.045	0.048	0.045	0.045	0.045	0.045	0.047	0.048	0.047	0.048	0.045	0.046
23:00:28	21.3	0.044	0.044	0.046	0.048	0.046	0.047	0.044	0.045	0.046	0.045	0.047	0.046	0.045	0.056	0.117	0.058	0.061	0.295	0.071	0.066	0.137	0.056	0.159	0.048	0.045	0.058	0.055	0.159	0.279	0.077	0.073	0.073	0.062	0.142	0.061	0.046	0.045	0.092	0.055	0.058	0.062	0.071	0.070	0.112	0.060	0.059	0.063	0.046	0.045	0.055	0.138	0.057	0.288	0.061	0.305	0.054	0.147	0.061	0.058	0.045	0.045	0.122	0.057	0.061	0.066	0.297	0.065	0.150	0.059	0.059	0.059	0.046	0.048	0.054	0.058	0.230	0.064	0.067	0.064	0.054	0.061	0.056	0.066	0.045	0.045	0.048	0.045	0.046	0.045	0.045	0.047	0.048	0.048	0.048	0.046	0.046
24:00:29	21.8	0.044	0.044	0.046	0.048	0.046	0.047	0.044	0.045	0.045	0.046	0.047	0.046	0.045	0.056	0.125	0.058	0.062	0.320	0.072	0.066	0.145	0.056	0.168	0.048	0.045	0.058	0.056	0.172	0.302	0.079	0.074	0.074	0.062	0.148	0.061	0.046	0.045	0.099	0.055	0.058	0.063	0.073	0.071	0.119	0.060	0.059	0.063	0.046	0.044	0.055	0.149	0.057	0.313	0.061	0.329	0.053	0.155	0.061	0.058	0.045	0.045	0.132	0.058	0.061	0.067	0.324	0.066	0.164	0.059	0.059	0.060	0.046	0.048	0.054	0.058	0.251	0.064	0.068	0.065	0.054	0.060	0.056	0.067	0.046	0.045	0.048	0.045	0.046	0.045	0.045	0.048	0.048	0.048	0.048	0.045	0.046
25:00:30	22.3	0.044	0.044	0.046	0.048	0.046	0.047	0.044	0.045	0.045	0.045	0.047	0.046	0.044	0.056	0.134	0.058	0.062	0.346	0.073	0.067	0.155	0.055	0.179	0.048	0.044	0.059	0.056	0.186	0.327	0.080	0.076	0.075	0.061	0.157	0.061	0.045	0.044	0.106	0.055	0.058	0.064	0.074	0.073	0.126	0.060	0.059	0.063	0.045	0.044	0.055	0.162	0.057	0.338	0.062	0.354	0.053	0.166	0.062	0.059	0.045	0.045	0.141	0.058	0.061	0.068	0.352	0.067	0.179	0.059	0.058	0.060	0.045	0.048	0.054	0.058	0.270	0.065	0.069	0.065	0.053	0.061	0.055	0.068	0.045	0.045	0.048	0.045	0.045	0.045	0.044	0.047	0.048	0.047	0.048	0.045	0.046
26:00:31	22.8	0.044	0.044	0.046	0.048	0.046	0.047	0.044	0.045	0.045	0.046	0.047	0.046	0.045	0.056	0.145	0.058	0.065	0.370	0.075	0.068	0.166	0.055	0.196	0.048	0.045	0.059	0.057	0.202	0.352	0.082	0.078	0.078	0.062	0.171	0.061	0.046	0.044	0.111	0.055	0.059	0.065	0.076	0.075	0.135	0.060	0.060	0.064	0.045	0.044	0.055	0.177	0.057	0.364	0.063	0.378	0.053	0.180	0.062	0.059	0.045	0.045	0.155	0.058	0.061	0.069	0.379	0.068	0.199	0.060	0.059	0.061	0.046	0.049	0.054	0.058	0.290	0.066	0.070	0.066	0.053	0.061	0.056	0.070	0.046	0.045	0.048	0.045	0.046	0.045	0.045	0.048	0.048	0.048	0.048	0.046	0.046
27:00:33	23.2	0.044	0.044	0.046	0.048	0.046	0.047	0.044	0.045	0.045	0.046	0.047	0.046	0.045	0.057	0.159	0.058	0.065	0.394	0.076	0.068	0.180	0.055	0.214	0.048	0.045	0.059	0.057	0.219	0.377	0.084	0.080	0.079	0.062	0.181	0.060	0.046	0.044	0.118	0.055	0.058	0.066	0.078	0.077	0.143	0.060	0.060	0.064	0.045	0.044	0.055	0.192	0.057	0.389	0.064	0.401	0.053	0.193	0.063	0.059	0.045	0.044	0.171	0.058	0.061	0.071	0.403	0.069	0.219	0.059	0.059	0.061	0.046	0.048	0.054	0.058	0.309	0.067	0.071	0.066	0.053	0.060	0.055	0.072	0.045	0.045	0.048	0.045	0.046	0.045	0.045	0.047	0.048	0.048	0.048	0.045	0.046
28:00:32	23.4	0.044	0.044	0.046	0.048	0.046	0.047	0.044	0.045	0.046	0.046	0.047	0.046	0.045	0.057	0.173	0.058	0.067	0.418	0.078	0.069	0.197	0.054	0.233	0.048	0.045	0.059	0.057	0.234	0.402	0.086	0.083	0.082	0.062	0.194	0.061	0.046	0.044	0.124	0.055	0.059	0.066	0.080	0.079	0.152	0.060	0.060	0.063	0.045	0.044	0.055	0.204	0.058	0.415	0.065	0.423	0.053	0.207	0.063	0.059	0.045	0.045	0.185	0.058	0.061	0.072	0.427	0.071	0.238	0.059	0.059	0.061	0.046	0.048	0.054	0.058	0.330	0.068	0.073	0.067	0.053	0.060	0.055	0.073	0.045	0.045	0.048	0.045	0.045	0.045	0.045	0.047	0.048	0.048	0.048	0.045	0.046
29:00:33	23.5	0.044	0.044	0.046	0.048	0.045	0.046	0.044	0.045	0.045	0.046	0.047	0.046	0.044	0.057	0.188	0.058	0.068	0.443	0.082	0.072	0.217	0.054	0.255	0.048	0.045	0.059	0.057	0.253	0.431	0.090	0.088	0.086	0.062	0.210	0.060	0.045	0.044	0.131	0.055	0.059	0.067	0.082	0.081	0.162	0.059	0.060	0.064	0.045	0.044	0.055	0.218	0.057	0.441	0.065	0.445	0.053	0.221	0.062	0.059	0.045	0.044	0.199	0.058	0.061	0.073	0.451	0.072	0.258	0.059	0.059	0.061	0.045	0.048	0.054	0.058	0.349	0.068	0.075	0.068	0.052	0.060	0.055	0.074	0.045	0.044	0.048	0.044	0.045	0.045	0.045	0.047	0.047	0.047	0.048	0.045	0.045
30:00:34	23.4	0.044	0.044	0.046	0.048	0.046	0.047	0.044	0.045	0.045	0.046	0.047	0.046	0.044	0.058	0.201	0.058	0.069	0.464	0.083	0.072	0.230	0.054	0.273	0.048	0.045	0.059	0.057	0.268	0.451	0.093	0.089	0.089	0.062	0.227	0.061	0.046	0.044	0.139	0.055	0.059	0.068	0.084	0.084	0.172	0.060	0.060	0.064	0.046	0.044	0.056	0.234	0.058	0.464	0.066	0.467	0.053	0.238	0.063	0.059	0.045	0.045	0.212	0.058	0.062	0.076	0.474	0.074	0.277	0.059	0.060	0.061	0.046	0.048	0.054	0.058	0.369	0.069	0.077	0.070	0.052	0.060	0.055	0.076	0.046	0.045	0.048	0.045	0.045	0.045	0.045	0.047	0.048	0.048	0.048	0.045	0.046
31:00:35	23.2	0.044	0.044	0.046	0.048	0.046	0.047	0.044	0.045	0.045	0.045	0.047	0.046	0.045	0.058	0.215	0.058	0.070	0.486	0.086	0.074	0.248	0.054	0.294	0.048	0.045	0.058	0.057	0.286	0.475	0.095	0.092	0.092	0.063	0.244	0.061	0.045	0.044	0.147	0.055	0.059	0.069	0.086	0.087	0.183	0.060	0.060	0.064	0.045	0.044	0.055	0.249	0.058	0.486	0.067	0.488	0.052	0.256	0.064	0.059	0.045	0.045	0.226	0.058	0.062	0.077	0.491	0.075	0.296	0.059	0.060	0.061	0.045	0.048	0.054	0.057	0.387	0.070	0.080	0.071	0.052	0.060	0.054	0.078	0.046	0.045	0.048	0.045	0.045	0.045	0.045	0.047	0.047	0.047	0.048	0.045	0.046
32:00:36	23.0	0.044	0.044	0.046	0.048	0.045	0.046	0.044	0.045	0.045	0.045	0.047	0.046	0.045	0.058	0.229	0.058	0.071	0.507	0.088	0.077	0.265	0.054	0.313	0.048	0.044	0.057	0.056	0.304	0.498	0.099	0.094	0.096	0.063	0.262	0.061	0.046	0.044	0.156	0.055	0.059	0.070	0.088	0.089	0.193	0.060	0.060	0.064	0.045	0.044	0.055	0.264	0.058	0.507	0.068	0.508	0.052	0.272	0.064	0.059	0.045	0.045	0.240	0.059	0.062	0.078	0.511	0.077	0.314	0.059	0.060	0.062	0.046	0.048	0.053	0.058	0.404	0.071	0.082	0.072	0.052	0.060	0.054	0.079	0.046	0.045	0.048	0.045	0.045	0.045	0.044	0.047	0.047	0.047	0.048	0.045	0.046
33:00:37	22.8	0.044	0.044	0.045	0.048	0.045	0.046	0.044	0.045	0.045	0.045	0.047	0.046	0.045	0.057	0.242	0.057	0.072	0.529	0.090	0.078	0.284	0.053	0.331	0.048	0.044	0.056	0.055	0.322	0.523	0.101	0.096	0.099	0.063	0.280	0.062	0.046	0.044	0.165	0.055	0.059	0.071	0.090	0.092	0.203	0.060	0.060	0.064	0.045	0.044	0.054	0.279	0.058	0.529	0.069	0.533	0.052	0.290	0.064	0.060	0.045	0.044	0.255	0.058	0.063	0.080	0.529	0.078	0.331	0.059	0.060	0.062	0.045	0.048	0.053	0.057	0.425	0.072	0.084	0.073	0.052	0.060	0.054	0.080	0.045	0.045	0.048	0.045	0.045	0.044	0.044	0.047	0.047	0.047	0.048	0.045	0.046
34:00:38	22.6	0.044	0.045	0.046	0.049	0.046	0.047	0.044	0.045	0.045	0.046	0.047	0.046	0.045	0.058	0.255	0.058	0.074	0.551	0.093	0.081	0.301	0.054	0.349	0.048	0.045	0.056	0.056	0.340	0.545	0.104	0.099	0.102	0.064	0.298	0.063	0.046	0.045	0.174	0.055	0.060	0.072	0.092	0.096	0.212	0.061	0.060	0.065	0.046	0.044	0.055	0.294	0.058	0.550	0.071	0.555	0.052	0.307	0.065	0.060	0.045	0.045	0.269	0.058	0.063	0.082	0.551	0.080	0.348	0.059	0.060	0.062	0.046	0.048	0.053	0.058	0.443	0.074	0.086	0.075	0.052	0.061	0.055	0.082	0.046	0.045	0.049	0.045	0.046	0.045	0.045	0.048	0.048	0.048	0.048	0.046	0.046
35:00:39	22.5	0.044	0.044	0.046	0.048	0.046	0.047	0.044	0.045	0.046	0.046	0.047	0.046	0.045	0.057	0.268	0.057	0.075	0.573	0.095	0.083	0.316	0.053	0.364	0.048	0.045	0.055	0.055	0.356	0.565	0.106	0.101	0.105	0.063	0.313	0.063	0.046	0.045	0.183	0.055	0.060	0.073	0.093	0.100	0.220	0.061	0.060	0.065	0.046	0.044	0.054	0.308	0.059	0.574	0.071	0.578	0.052	0.321	0.065	0.060	0.045	0.045	0.283	0.058	0.064	0.083	0.569	0.081	0.362	0.059	0.060	0.062	0.046	0.048	0.052	0.057	0.462	0.075	0.088	0.076	0.052	0.060	0.054	0.083	0.046	0.045	0.048	0.045	0.045	0.045	0.045	0.048	0.048	0.048	0.048	0.046	0.046
36:00:40	22.3	0.044	0.044	0.046	0.048	0.046	0.047	0.044	0.045	0.045	0.046	0.047	0.046	0.045	0.057	0.280	0.057	0.076	0.594	0.097	0.084	0.329	0.053	0.378	0.048	0.045	0.055	0.055	0.371	0.588	0.108	0.102	0.108	0.063	0.328	0.063	0.046	0.044	0.192	0.054	0.060	0.073	0.094	0.103	0.229	0.061	0.060	0.065	0.045	0.044	0.054	0.320	0.058	0.595	0.072	0.600	0.052	0.336	0.065	0.060	0.045	0.045	0.296	0.058	0.064	0.084	0.590	0.082	0.375	0.059	0.060	0.062	0.046	0.048	0.052	0.057	0.480	0.075	0.090	0.077	0.052	0.061	0.054	0.084	0.045	0.045	0.048	0.045	0.045	0.045	0.045	0.047	0.047	0.047	0.048	0.045	0.046
37:00:41	22.1	0.044	0.044	0.045	0.048	0.045	0.047	0.044	0.045	0.045	0.045	0.047	0.045	0.045	0.057	0.290	0.057	0.077	0.615	0.099	0.086	0.341	0.053	0.389	0.048	0.045	0.054	0.054	0.384	0.611	0.110	0.104	0.111	0.063	0.340	0.063	0.045	0.044	0.199	0.054	0.060	0.074	0.095	0.108	0.236	0.061	0.060	0.064	0.045	0.044	0.053	0.331	0.058	0.615	0.072	0.621	0.052	0.349	0.065	0.059	0.045	0.045	0.308	0.057	0.064	0.085	0.612	0.082	0.387	0.059	0.060	0.061	0.045	0.048	0.051	0.057	0.497	0.076	0.091	0.077	0.051	0.060	0.054	0.085	0.045	0.044	0.048	0.045	0.045	0.044	0.044	0.047	0.047	0.047	0.048	0.045	0.046
38:00:41	22.0	0.044	0.044	0.046	0.048	0.046	0.047	0.044	0.045	0.045	0.045	0.047	0.046	0.045	0.057	0.299	0.056	0.079	0.635	0.101	0.088	0.352	0.053	0.398	0.048	0.045	0.054	0.054	0.395	0.632	0.112	0.106	0.113	0.064	0.353	0.063	0.046	0.045	0.207	0.054	0.060	0.075	0.097	0.112	0.243	0.061	0.060	0.065	0.045	0.044	0.054	0.341	0.059	0.637	0.074	0.644	0.052	0.360	0.065	0.060	0.045	0.045	0.320	0.058	0.065	0.086	0.633	0.084	0.397	0.059	0.060	0.061	0.046	0.048	0.051	0.057	0.516	0.077	0.092	0.079	0.052	0.061	0.054	0.086	0.045	0.045	0.048	0.045	0.046	0.045	0.045	0.047	0.048	0.048	0.048	0.046	0.046
39:00:42	21.8	0.044	0.044	0.046	0.048	0.045	0.046	0.044	0.045	0.045	0.045	0.047	0.046	0.045	0.056	0.307	0.056	0.080	0.655	0.102	0.090	0.360	0.053	0.405	0.048	0.044	0.054	0.053	0.405	0.650	0.114	0.107	0.116	0.063	0.363	0.063	0.045	0.044	0.212	0.054	0.060	0.075	0.098	0.116	0.245	0.061	0.059	0.064	0.045	0.044	0.053	0.349	0.058	0.658	0.074	0.665	0.052	0.369	0.065	0.059	0.045	0.044	0.330	0.057	0.064	0.087	0.654	0.084	0.405	0.059	0.059	0.061	0.045	0.048	0.050	0.056	0.533	0.078	0.094	0.079	0.051	0.059	0.054	0.087	0.045	0.045	0.048	0.045	0.045	0.044	0.045	0.047	0.048	0.047	0.048	0.045	0.046
40:00:43	21.6	0.044	0.044	0.046	0.048	0.046	0.047	0.044	0.045	0.045	0.046	0.047	0.046	0.045	0.057	0.314	0.056	0.081	0.676	0.105	0.092	0.367	0.053	0.411	0.048	0.045	0.053	0.054	0.414	0.673	0.116	0.110	0.119	0.064	0.373	0.064	0.046	0.045	0.217	0.054	0.060	0.076	0.099	0.121	0.246	0.061	0.060	0.065	0.046	0.045	0.053	0.355	0.059	0.678	0.075	0.685	0.052	0.378	0.065	0.059	0.045	0.045	0.339	0.058	0.065	0.088	0.677	0.085	0.413	0.059	0.059	0.061	0.046	0.048	0.051	0.057	0.550	0.079	0.095	0.080	0.052	0.059	0.054	0.088	0.046	0.045	0.049	0.045	0.046	0.045	0.045	0.047	0.048	0.047	0.048	0.045	0.046
41:00:44	21.5	0.044	0.044	0.046	0.048	0.045	0.046	0.044	0.045	0.045	0.045	0.047	0.045	0.044	0.056	0.319	0.056	0.082	0.694	0.105	0.094	0.371	0.052	0.417	0.047	0.044	0.053	0.053	0.420	0.694	0.118	0.112	0.121	0.063	0.379	0.063	0.045	0.044	0.220	0.053	0.060	0.076	0.100	0.124	0.247	0.061	0.059	0.064	0.045	0.044	0.053	0.361	0.058	0.698	0.075	0.706	0.052	0.385	0.065	0.059	0.045	0.044	0.347	0.057	0.065	0.089	0.694	0.086	0.418	0.058	0.059	0.060	0.045	0.048	0.050	0.056	0.565	0.079	0.096	0.081	0.051	0.059	0.054	0.089	0.045	0.044	0.048	0.045	0.045	0.044	0.044	0.047	0.047	0.047	0.048	0.045	0.046
42:00:45	21.5	0.044	0.044	0.046	0.048	0.045	0.046	0.044	0.044	0.045	0.045	0.047	0.046	0.044	0.056	0.323	0.055	0.083	0.713	0.107	0.096	0.376	0.052	0.421	0.048	0.044	0.053	0.053	0.425	0.712	0.121	0.113	0.124	0.063	0.386	0.063	0.045	0.044	0.222	0.053	0.060	0.077	0.101	0.127	0.246	0.061	0.059	0.064	0.045	0.044	0.052	0.364	0.059	0.717	0.077	0.727	0.052	0.390	0.065	0.059	0.045	0.044	0.352	0.057	0.065	0.090	0.716	0.087	0.421	0.059	0.059	0.060	0.046	0.048	0.050	0.056	0.581	0.080	0.098	0.082	0.051	0.059	0.054	0.090	0.045	0.045	0.048	0.045	0.045	0.045	0.044	0.047	0.048	0.047	0.048	0.045	0.046
43:00:46	21.5	0.044	0.044	0.046	0.048	0.046	0.047	0.044	0.045	0.045	0.045	0.047	0.046	0.045	0.056	0.325	0.055	0.085	0.733	0.109	0.098	0.378	0.052	0.425	0.048	0.045	0.053	0.053	0.430	0.732	0.124	0.115	0.126	0.064	0.391	0.063	0.046	0.045	0.222	0.053	0.060	0.078	0.102	0.131	0.247	0.061	0.059	0.064	0.046	0.044	0.053	0.368	0.059	0.738	0.078	0.746	0.052	0.394	0.065	0.059	0.045	0.045	0.356	0.057	0.065	0.091	0.737	0.088	0.424	0.059	0.059	0.060	0.046	0.048	0.050	0.056	0.599	0.081	0.099	0.082	0.052	0.059	0.054	0.092	0.045	0.044	0.048	0.045	0.046	0.045	0.045	0.047	0.048	0.048	0.048	0.045	0.046
44:00:47	21.6	0.044	0.044	0.046	0.048	0.045	0.046	0.044	0.045	0.046	0.045	0.047	0.046	0.045	0.057	0.325	0.055	0.086	0.751	0.111	0.100	0.379	0.052	0.426	0.048	0.045	0.053	0.053	0.433	0.750	0.126	0.117	0.129	0.064	0.394	0.063	0.045	0.044	0.224	0.053	0.060	0.079	0.103	0.133	0.246	0.061	0.059	0.064	0.046	0.044	0.053	0.369	0.059	0.757	0.079	0.766	0.051	0.396	0.065	0.059	0.045	0.045	0.360	0.057	0.065	0.092	0.756	0.089	0.426	0.059	0.059	0.060	0.046	0.048	0.050	0.056	0.613	0.082	0.101	0.082	0.051	0.059	0.054	0.093	0.045	0.045	0.048	0.045	0.045	0.045	0.045	0.047	0.047	0.047	0.048	0.045	0.046
45:00:48	21.8	0.044	0.044	0.046	0.048	0.046	0.046	0.044	0.045	0.045	0.045	0.047	0.046	0.045	0.056	0.325	0.054	0.087	0.769	0.113	0.102	0.377	0.052	0.427	0.048	0.044	0.053	0.053	0.435	0.766	0.129	0.119	0.132	0.064	0.399	0.063	0.046	0.044	0.224	0.053	0.060	0.079	0.105	0.136	0.244	0.061	0.059	0.064	0.045	0.044	0.053	0.370	0.059	0.775	0.080	0.784	0.051	0.399	0.065	0.058	0.045	0.045	0.363	0.057	0.065	0.094	0.774	0.090	0.428	0.058	0.059	0.060	0.046	0.048	0.050	0.056	0.627	0.083	0.103	0.084	0.051	0.058	0.054	0.094	0.045	0.045	0.048	0.045	0.045	0.045	0.044	0.047	0.048	0.048	0.048	0.045	0.046
46:00:49	22.0	0.044	0.044	0.045	0.048	0.045	0.046	0.044	0.045	0.045	0.046	0.047	0.046	0.044	0.056	0.326	0.054	0.090	0.786	0.115	0.104	0.376	0.052	0.426	0.047	0.044	0.053	0.053	0.436	0.784	0.132	0.120	0.135	0.063	0.401	0.063	0.045	0.044	0.224	0.053	0.060	0.080	0.106	0.140	0.243	0.061	0.059	0.064	0.045	0.044	0.053	0.368	0.059	0.793	0.081	0.802	0.051	0.399	0.064	0.058	0.045	0.044	0.364	0.057	0.065	0.095	0.794	0.091	0.429	0.058	0.059	0.060	0.046	0.048	0.050	0.056	0.641	0.084	0.105	0.085	0.051	0.058	0.054	0.096	0.045	0.044	0.048	0.045	0.045	0.045	0.044	0.047	0.048	0.047	0.048	0.045	0.046
47:00:49	22.2	0.044	0.044	0.046	0.048	0.045	0.046	0.044	0.044	0.045	0.045	0.046	0.045	0.045	0.056	0.324	0.054	0.091	0.803	0.117	0.106	0.374	0.052	0.424	0.048	0.044	0.053	0.053	0.437	0.801	0.135	0.122	0.137	0.063	0.403	0.062	0.045	0.044	0.224	0.053	0.060	0.081	0.107	0.143	0.242	0.061	0.059	0.063	0.045	0.044	0.053	0.368	0.058	0.810	0.082	0.819	0.051	0.400	0.064	0.058	0.045	0.044	0.365	0.056	0.065	0.097	0.810	0.092	0.429	0.058	0.059	0.059	0.046	0.048	0.049	0.056	0.655	0.085	0.106	0.085	0.051	0.058	0.054	0.098	0.045	0.044	0.048	0.044	0.045	0.045	0.044	0.047	0.047	0.048	0.048	0.045	0.046
48:00:51	22.3	0.044	0.044	0.046	0.048	0.045	0.046	0.044	0.045	0.045	0.045	0.047	0.046	0.044	0.056	0.324	0.054	0.094	0.821	0.119	0.109	0.372	0.051	0.423	0.048	0.044	0.053	0.053	0.437	0.819	0.138	0.124	0.141	0.063	0.404	0.062	0.045	0.044	0.224	0.053	0.059	0.082	0.109	0.147	0.242	0.061	0.059	0.063	0.046	0.044	0.053	0.367	0.058	0.827	0.083	0.838	0.051	0.398	0.064	0.058	0.045	0.044	0.367	0.057	0.064	0.098	0.827	0.093	0.430	0.058	0.059	0.059	0.045	0.048	0.049	0.056	0.669	0.087	0.108	0.086	0.051	0.058	0.054	0.100	0.045	0.044	0.048	0.045	0.045	0.045	0.044	0.047	0.048	0.048	0.048	0.045	0.046
49:00:51	22.4	0.044	0.044	0.046	0.048	0.046	0.046	0.044	0.045	0.045	0.046	0.047	0.046	0.045	0.056	0.323	0.053	0.096	0.837	0.121	0.112	0.370	0.052	0.420	0.048	0.044	0.053	0.053	0.437	0.835	0.141	0.126	0.144	0.063	0.405	0.062	0.046	0.044	0.225	0.052	0.059	0.083	0.110	0.151	0.242	0.061	0.059	0.063	0.045	0.044	0.053	0.365	0.058	0.844	0.085	0.854	0.051	0.398	0.064	0.058	0.045	0.045	0.367	0.057	0.064	0.100	0.845	0.095	0.429	0.058	0.058	0.059	0.046	0.048	0.049	0.056	0.683	0.088	0.111	0.087	0.051	0.058	0.054	0.102	0.045	0.044	0.048	0.045	0.045	0.045	0.044	0.047	0.048	0.048	0.048	0.045	0.046
50:00:52	22.4	0.044	0.044	0.046	0.048	0.046	0.047	0.044	0.045	0.045	0.046	0.047	0.046	0.045	0.055	0.323	0.053	0.098	0.852	0.124	0.114	0.368	0.052	0.418	0.048	0.045	0.053	0.053	0.437	0.851	0.144	0.129	0.147	0.063	0.406	0.062	0.045	0.044	0.227	0.052	0.060	0.085	0.113	0.156	0.243	0.061	0.059	0.063	0.045	0.044	0.053	0.364	0.058	0.860	0.086	0.869	0.051	0.397	0.064	0.058	0.045	0.045	0.368	0.057	0.065	0.102	0.860	0.096	0.429	0.058	0.059	0.059	0.046	0.048	0.049	0.056	0.697	0.090	0.113	0.088	0.051	0.058	0.054	0.105	0.045	0.045	0.048	0.045	0.045	0.045	0.045	0.047	0.047	0.048	0.048	0.045	0.046
51:00:53	22.4	0.044	0.044	0.046	0.048	0.046	0.047	0.044	0.045	0.045	0.045	0.047	0.046	0.045	0.056	0.323	0.054	0.100	0.869	0.126	0.117	0.366	0.052	0.417	0.048	0.045	0.054	0.053	0.437	0.868	0.147	0.131	0.152	0.063	0.406	0.062	0.046	0.044	0.228	0.053	0.059	0.086	0.115	0.160	0.244	0.061	0.058	0.063	0.045	0.044	0.053	0.362	0.058	0.877	0.088	0.886	0.051	0.395	0.064	0.057	0.045	0.045	0.369	0.057	0.065	0.104	0.876	0.098	0.429	0.058	0.058	0.059	0.046	0.048	0.049	0.057	0.711	0.092	0.115	0.089	0.051	0.058	0.055	0.107	0.045	0.045	0.048	0.045	0.045	0.045	0.045	0.047	0.048	0.048	0.048	0.045	0.046
52:00:54	22.4	0.044	0.044	0.046	0.048	0.046	0.046	0.044	0.045	0.045	0.046	0.047	0.046	0.044	0.055	0.324	0.053	0.102	0.883	0.129	0.120	0.364	0.052	0.414	0.048	0.045	0.053	0.053	0.436	0.883	0.149	0.133	0.154	0.062	0.406	0.062	0.046	0.044	0.229	0.052	0.059	0.088	0.117	0.164	0.246	0.061	0.058	0.063	0.045	0.044	0.052	0.362	0.058	0.892	0.090	0.901	0.051	0.393	0.064	0.057	0.045	0.045	0.370	0.057	0.064	0.105	0.892	0.099	0.428	0.057	0.058	0.058	0.046	0.048	0.049	0.056	0.723	0.094	0.117	0.090	0.051	0.058	0.055	0.110	0.045	0.045	0.048	0.045	0.046	0.045	0.044	0.047	0.048	0.048	0.048	0.045	0.046
53:00:56	22.3	0.044	0.044	0.046	0.048	0.046	0.047	0.044	0.045	0.046	0.046	0.047	0.046	0.045	0.055	0.325	0.053	0.104	0.898	0.132	0.123	0.363	0.052	0.413	0.048	0.045	0.053	0.053	0.436	0.897	0.151	0.136	0.158	0.063	0.408	0.062	0.046	0.045	0.231	0.052	0.059	0.089	0.118	0.169	0.248	0.061	0.058	0.063	0.045	0.044	0.052	0.362	0.058	0.907	0.092	0.916	0.051	0.393	0.064	0.057	0.045	0.045	0.371	0.057	0.065	0.108	0.908	0.101	0.429	0.057	0.058	0.058	0.046	0.048	0.049	0.056	0.736	0.096	0.120	0.091	0.051	0.059	0.056	0.113	0.045	0.044	0.048	0.045	0.045	0.045	0.045	0.047	0.048	0.048	0.048	0.046	0.046
54:00:56	22.2	0.044	0.044	0.046	0.048	0.045	0.046	0.044	0.045	0.045	0.045	0.047	0.046	0.045	0.055	0.326	0.053	0.107	0.912	0.135	0.126	0.362	0.052	0.412	0.048	0.045	0.053	0.052	0.435	0.912	0.153	0.139	0.161	0.063	0.408	0.061	0.045	0.044	0.233	0.052	0.059	0.091	0.120	0.174	0.249	0.061	0.058	0.063	0.045	0.044	0.052	0.362	0.058	0.923	0.094	0.931	0.051	0.390	0.063	0.057	0.045	0.044	0.372	0.056	0.064	0.110	0.922	0.102	0.429	0.057	0.058	0.057	0.046	0.048	0.048	0.056	0.749	0.099	0.122	0.092	0.050	0.058	0.057	0.115	0.045	0.045	0.048	0.045	0.045	0.044	0.044	0.047	0.048	0.048	0.048	0.045	0.046
55:00:57	22.0	0.044	0.044	0.046	0.048	0.045	0.047	0.044	0.045	0.045	0.045	0.047	0.046	0.045	0.055	0.328	0.053	0.110	0.927	0.138	0.130	0.362	0.053	0.412	0.048	0.044	0.053	0.052	0.434	0.926	0.155	0.142	0.164	0.063	0.410	0.061	0.045	0.044	0.235	0.052	0.059	0.093	0.123	0.178	0.251	0.061	0.058	0.063	0.046	0.044	0.052	0.363	0.058	0.936	0.096	0.946	0.051	0.389	0.063	0.056	0.045	0.045	0.375	0.056	0.064	0.113	0.936	0.105	0.430	0.057	0.057	0.057	0.045	0.048	0.048	0.056	0.760	0.102	0.125	0.094	0.050	0.058	0.058	0.118	0.045	0.045	0.048	0.045	0.046	0.045	0.044	0.047	0.047	0.048	0.048	0.045	0.046
56:00:58	21.9	0.044	0.044	0.045	0.048	0.046	0.046	0.044	0.044	0.045	0.045	0.047	0.046	0.045	0.055	0.330	0.053	0.112	0.939	0.141	0.133	0.362	0.053	0.412	0.048	0.045	0.053	0.052	0.433	0.940	0.158	0.145	0.167	0.063	0.410	0.061	0.045	0.044	0.237	0.053	0.058	0.095	0.125	0.183	0.253	0.062	0.057	0.063	0.045	0.044	0.051	0.364	0.058	0.950	0.098	0.958	0.051	0.388	0.063	0.056	0.045	0.044	0.376	0.056	0.065	0.115	0.949	0.107	0.431	0.056	0.057	0.057	0.046	0.048	0.048	0.056	0.773	0.105	0.128	0.095	0.050	0.058	0.060	0.121	0.045	0.045	0.048	0.045	0.045	0.045	0.044	0.047	0.047	0.048	0.048	0.045	0.046
57:00:59	21.7	0.044	0.044	0.046	0.048	0.045	0.046	0.044	0.045	0.045	0.045	0.047	0.046	0.044	0.055	0.332	0.054	0.115	0.953	0.144	0.136	0.362	0.054	0.413	0.048	0.044	0.053	0.052	0.432	0.954	0.159	0.147	0.169	0.063	0.411	0.061	0.045	0.044	0.240	0.053	0.058	0.098	0.127	0.188	0.256	0.063	0.058	0.063	0.045	0.044	0.051	0.366	0.057	0.962	0.101	0.973	0.051	0.388	0.063	0.056	0.045	0.045	0.377	0.056	0.065	0.118	0.964	0.109	0.432	0.056	0.057	0.057	0.046	0.048	0.048	0.056	0.784	0.109	0.130	0.096	0.050	0.058	0.063	0.125	0.045	0.045	0.048	0.045	0.045	0.045	0.045	0.047	0.048	0.048	0.048	0.045	0.046
58:00:59	21.6	0.044	0.044	0.046	0.048	0.046	0.047	0.044	0.045	0.046	0.046	0.047	0.046	0.045	0.055	0.335	0.055	0.118	0.967	0.148	0.140	0.364	0.055	0.414	0.048	0.045	0.053	0.052	0.433	0.967	0.162	0.151	0.172	0.063	0.413	0.061	0.046	0.045	0.242	0.054	0.059	0.101	0.130	0.195	0.259	0.063	0.058	0.063	0.045	0.045	0.051	0.369	0.058	0.976	0.104	0.986	0.052	0.387	0.063	0.056	0.045	0.045	0.380	0.056	0.065	0.122	0.977	0.111	0.434	0.056	0.057	0.058	0.046	0.048	0.048	0.056	0.795	0.114	0.133	0.099	0.051	0.059	0.068	0.128	0.045	0.045	0.048	0.045	0.046	0.045	0.045	0.047	0.048	0.048	0.048	0.046	0.046
59:01:00	21.5	0.044	0.044	0.046	0.048	0.046	0.047	0.045	0.045	0.046	0.046	0.047	0.046	0.045	0.055	0.338	0.055	0.122	0.978	0.152	0.145	0.366	0.056	0.416	0.048	0.045	0.053	0.052	0.433	0.979	0.165	0.154	0.174	0.064	0.414	0.061	0.046	0.045	0.245	0.054	0.058	0.103	0.133	0.201	0.263	0.064	0.058	0.064	0.046	0.045	0.051	0.371	0.058	0.989	0.107	0.999	0.052	0.388	0.063	0.056	0.045	0.045	0.384	0.056	0.065	0.125	0.990	0.113	0.435	0.057	0.057	0.058	0.046	0.048	0.048	0.056	0.806	0.119	0.137	0.101	0.050	0.059	0.072	0.131	0.046	0.045	0.048	0.045	0.046	0.045	0.045	0.047	0.048	0.048	0.048	0.046	0.046
60:01:01	21.3	0.044	0.044	0.046	0.049	0.046	0.047	0.044	0.045	0.046	0.046	0.047	0.046	0.045	0.055	0.342	0.056	0.125	0.991	0.156	0.148	0.368	0.058	0.418	0.048	0.045	0.053	0.052	0.434	0.991	0.167	0.157	0.176	0.065	0.415	0.061	0.046	0.045	0.247	0.055	0.058	0.106	0.136	0.208	0.266	0.065	0.058	0.064	0.046	0.045	0.051	0.373	0.057	1.001	0.109	1.011	0.052	0.389	0.063	0.056	0.045	0.045	0.384	0.056	0.066	0.129	1.002	0.116	0.437	0.056	0.057	0.057	0.046	0.048	0.048	0.056	0.816	0.126	0.140	0.103	0.050	0.059	0.076	0.134	0.045	0.045	0.049	0.045	0.046	0.045	0.045	0.047	0.048	0.048	0.048	0.046	0.046
61:01:02	21.2	0.044	0.044	0.046	0.048	0.045	0.046	0.044	0.045	0.045	0.046	0.047	0.046	0.045	0.055	0.344	0.057	0.129	1.003	0.160	0.152	0.370	0.060	0.419	0.048	0.045	0.052	0.052	0.436	1.002	0.169	0.161	0.179	0.065	0.416	0.061	0.045	0.044	0.250	0.057	0.058	0.108	0.138	0.216	0.270	0.066	0.058	0.064	0.045	0.045	0.051	0.376	0.057	1.012	0.111	1.023	0.052	0.390	0.062	0.055	0.045	0.045	0.387	0.056	0.065	0.133	1.013	0.118	0.439	0.056	0.057	0.056	0.046	0.048	0.048	0.056	0.825	0.132	0.142	0.105	0.050	0.058	0.080	0.137	0.045	0.044	0.048	0.045	0.046	0.045	0.045	0.047	0.048	0.047	0.048	0.045	0.045
62:01:03	21.1	0.044	0.044	0.046	0.048	0.046	0.046	0.044	0.044	0.045	0.046	0.047	0.046	0.045	0.055	0.348	0.059	0.133	1.014	0.163	0.155	0.373	0.063	0.422	0.048	0.044	0.053	0.052	0.437	1.014	0.171	0.164	0.181	0.065	0.418	0.061	0.046	0.044	0.253	0.058	0.058	0.110	0.141	0.225	0.273	0.067	0.057	0.065	0.045	0.044	0.051	0.379	0.057	1.023	0.114	1.036	0.052	0.391	0.062	0.055	0.045	0.044	0.390	0.055	0.066	0.136	1.026	0.121	0.441	0.056	0.057	0.057	0.045	0.048	0.048	0.056	0.835	0.140	0.146	0.107	0.050	0.058	0.084	0.140	0.045	0.045	0.048	0.045	0.045	0.044	0.045	0.047	0.048	0.047	0.048	0.045	0.045
63:01:04	21.0	0.044	0.044	0.046	0.048	0.045	0.046	0.044	0.045	0.045	0.045	0.047	0.046	0.045	0.055	0.351	0.061	0.138	1.025	0.168	0.159	0.376	0.067	0.424	0.048	0.045	0.053	0.052	0.439	1.025	0.174	0.166	0.183	0.066	0.419	0.061	0.046	0.045	0.255	0.061	0.058	0.113	0.144	0.234	0.278	0.069	0.058	0.065	0.045	0.044	0.051	0.382	0.057	1.035	0.117	1.048	0.053	0.394	0.062	0.055	0.045	0.045	0.392	0.056	0.066	0.141	1.040	0.123	0.443	0.056	0.057	0.057	0.046	0.048	0.048	0.056	0.844	0.149	0.149	0.109	0.050	0.059	0.088	0.143	0.045	0.045	0.048	0.045	0.046	0.045	0.045	0.047	0.048	0.048	0.048	0.045	0.046
64:01:06	20.9	0.044	0.044	0.046	0.048	0.045	0.046	0.044	0.045	0.045	0.046	0.047	0.046	0.045	0.055	0.355	0.064	0.145	1.037	0.175	0.170	0.382	0.070	0.430	0.048	0.044	0.054	0.052	0.442	1.037	0.178	0.171	0.188	0.066	0.421	0.061	0.045	0.044	0.258	0.066	0.057	0.115	0.146	0.244	0.281	0.071	0.057	0.066	0.045	0.044	0.051	0.386	0.057	1.045	0.120	1.060	0.054	0.396	0.061	0.054	0.045	0.045	0.401	0.055	0.066	0.145	1.051	0.125	0.446	0.056	0.057	0.056	0.046	0.048	0.048	0.056	0.853	0.158	0.151	0.111	0.051	0.059	0.094	0.145	0.045	0.044	0.048	0.045	0.045	0.045	0.045	0.047	0.048	0.047	0.048	0.045	0.045
65:01:07	20.9	0.044	0.044	0.046	0.048	0.046	0.046	0.044	0.045	0.045	0.046	0.047	0.046	0.045	0.055	0.358	0.068	0.149	1.047	0.177	0.167	0.382	0.071	0.431	0.048	0.044	0.053	0.052	0.442	1.048	0.178	0.171	0.188	0.067	0.423	0.061	0.045	0.045	0.261	0.069	0.057	0.118	0.150	0.255	0.286	0.074	0.058	0.067	0.045	0.044	0.051	0.390	0.057	1.056	0.124	1.072	0.054	0.399	0.062	0.055	0.045	0.045	0.400	0.055	0.067	0.150	1.062	0.129	0.448	0.056	0.057	0.057	0.046	0.048	0.048	0.055	0.861	0.168	0.155	0.114	0.051	0.059	0.102	0.150	0.045	0.045	0.048	0.045	0.045	0.045	0.045	0.047	0.047	0.048	0.048	0.045	0.045
66:01:08	20.9	0.044	0.044	0.045	0.048	0.045	0.046	0.044	0.045	0.045	0.045	0.047	0.046	0.045	0.055	0.363	0.073	0.156	1.060	0.181	0.172	0.386	0.073	0.434	0.048	0.044	0.053	0.052	0.444	1.058	0.181	0.173	0.190	0.068	0.425	0.061	0.045	0.044	0.265	0.073	0.057	0.121	0.153	0.266	0.290	0.078	0.058	0.068	0.045	0.044	0.051	0.394	0.057	1.067	0.128	1.083	0.056	0.402	0.062	0.055	0.045	0.045	0.404	0.055	0.068	0.155	1.072	0.132	0.451	0.055	0.057	0.057	0.046	0.048	0.048	0.055	0.869	0.178	0.158	0.117	0.051	0.060	0.114	0.153	0.045	0.045	0.048	0.045	0.045	0.045	0.044	0.047	0.048	0.048	0.048	0.045	0.046
67:01:07	20.9	0.044	0.044	0.046	0.048	0.046	0.046	0.044	0.045	0.045	0.046	0.047	0.046	0.044	0.055	0.368	0.079	0.163	1.070	0.185	0.176	0.390	0.074	0.438	0.048	0.044	0.053	0.052	0.446	1.069	0.183	0.176	0.193	0.069	0.426	0.061	0.045	0.044	0.267	0.075	0.057	0.124	0.155	0.277	0.294	0.082	0.059	0.070	0.045	0.044	0.051	0.399	0.057	1.078	0.132	1.095	0.057	0.405	0.062	0.055	0.045	0.045	0.408	0.055	0.069	0.162	1.083	0.136	0.453	0.055	0.057	0.057	0.046	0.048	0.048	0.055	0.878	0.189	0.161	0.120	0.051	0.060	0.130	0.156	0.045	0.045	0.048	0.045	0.045	0.045	0.044	0.047	0.048	0.047	0.048	0.045	0.046
68:01:09	21.0	0.044	0.044	0.046	0.048	0.045	0.046	0.044	0.045	0.045	0.045	0.047	0.046	0.044	0.055	0.372	0.087	0.171	1.080	0.189	0.182	0.394	0.076	0.442	0.048	0.044	0.054	0.052	0.449	1.080	0.186	0.178	0.195	0.070	0.428	0.061	0.045	0.044	0.270	0.077	0.057	0.126	0.158	0.289	0.298	0.088	0.060	0.072	0.045	0.044	0.051	0.403	0.056	1.088	0.137	1.107	0.059	0.409	0.062	0.055	0.045	0.045	0.411	0.055	0.071	0.169	1.090	0.141	0.456	0.056	0.057	0.057	0.045	0.048	0.048	0.055	0.886	0.200	0.165	0.123	0.051	0.061	0.144	0.159	0.045	0.044	0.048	0.045	0.045	0.045	0.044	0.047	0.048	0.048	0.048	0.045	0.046
69:01:10	21.2	0.044	0.044	0.045	0.048	0.045	0.046	0.044	0.044	0.045	0.045	0.047	0.046	0.044	0.055	0.377	0.096	0.180	1.091	0.194	0.188	0.399	0.079	0.447	0.048	0.044	0.054	0.052	0.452	1.090	0.189	0.180	0.197	0.072	0.430	0.061	0.045	0.044	0.273	0.079	0.056	0.129	0.161	0.302	0.303	0.094	0.061	0.074	0.045	0.044	0.051	0.409	0.056	1.098	0.142	1.112	0.061	0.412	0.062	0.054	0.045	0.044	0.416	0.055	0.073	0.176	1.098	0.145	0.460	0.055	0.057	0.058	0.045	0.048	0.048	0.055	0.893	0.212	0.168	0.126	0.051	0.062	0.158	0.162	0.045	0.044	0.048	0.044	0.045	0.044	0.044	0.047	0.048	0.048	0.048	0.045	0.045
70:01:11	21.5	0.044	0.044	0.046	0.048	0.045	0.046	0.044	0.045	0.045	0.045	0.047	0.046	0.045	0.056	0.383	0.107	0.191	1.102	0.203	0.201	0.406	0.086	0.454	0.047	0.045	0.055	0.052	0.457	1.102	0.193	0.185	0.202	0.074	0.434	0.062	0.046	0.044	0.276	0.081	0.056	0.130	0.163	0.315	0.308	0.101	0.063	0.078	0.045	0.044	0.052	0.414	0.056	1.108	0.147	1.125	0.065	0.417	0.062	0.054	0.045	0.045	0.424	0.055	0.074	0.184	1.107	0.148	0.464	0.056	0.057	0.059	0.046	0.048	0.048	0.055	0.901	0.225	0.172	0.129	0.052	0.064	0.170	0.164	0.045	0.045	0.048	0.045	0.045	0.045	0.044	0.047	0.048	0.047	0.048	0.045	0.046
71:01:11	21.8	0.044	0.044	0.046	0.048	0.046	0.047	0.044	0.045	0.045	0.046	0.047	0.046	0.045	0.055	0.389	0.117	0.200	1.104	0.207	0.200	0.409	0.085	0.458	0.048	0.045	0.055	0.052	0.460	1.107	0.194	0.186	0.203	0.077	0.437	0.062	0.046	0.044	0.280	0.085	0.056	0.133	0.166	0.329	0.313	0.108	0.065	0.082	0.046	0.044	0.051	0.420	0.056	1.119	0.154	1.126	0.067	0.423	0.062	0.054	0.045	0.045	0.424	0.055	0.079	0.194	1.114	0.154	0.468	0.055	0.058	0.059	0.046	0.048	0.048	0.055	0.909	0.240	0.178	0.135	0.052	0.066	0.184	0.168	0.045	0.044	0.048	0.045	0.046	0.045	0.044	0.047	0.048	0.048	0.048	0.045	0.046
72:01:12	22.0	0.044	0.044	0.046	0.048	0.046	0.046	0.044	0.045	0.046	0.045	0.047	0.046	0.044	0.056	0.395	0.130	0.211	1.117	0.215	0.208	0.415	0.090	0.465	0.048	0.045	0.055	0.052	0.464	1.121	0.197	0.189	0.205	0.078	0.440	0.063	0.046	0.044	0.284	0.091	0.056	0.135	0.170	0.344	0.318	0.118	0.067	0.088	0.045	0.044	0.052	0.427	0.056	1.127	0.161	1.130	0.070	0.429	0.062	0.054	0.045	0.045	0.427	0.055	0.084	0.203	1.120	0.158	0.471	0.055	0.058	0.060	0.046	0.048	0.049	0.055	0.916	0.255	0.184	0.139	0.053	0.068	0.198	0.171	0.046	0.045	0.048	0.045	0.045	0.044	0.045	0.047	0.048	0.048	0.048	0.045	0.046

