Time	T° 600	A1	A2	A3	A4	A5	A6	A7	A8	A9	A10	A11	A12	B1	B2	B3	B4	B5	B6	B7	B8	B9	B10	B11	B12	C1	C2	C3	C4	C5	C6	C7	C8	C9	C10	C11	C12	D1	D2	D3	D4	D5	D6	D7	D8	D9	D10	D11	D12	E1	E2	E3	E4	E5	E6	E7	E8	E9	E10	E11	E12	F1	F2	F3	F4	F5	F6	F7	F8	F9	F10	F11	F12	G1	G2	G3	G4	G5	G6	G7	G8	G9	G10	G11	G12	H1	H2	H3	H4	H5	H6	H7	H8	H9	H10	H11	H12
0:00:06	21.6	0.096	0.093	0.095	0.096	0.096	0.097	0.093	0.094	0.093	0.096	0.093	0.094	0.094	0.096	0.097	0.099	0.099	0.102	0.098	0.100	0.098	0.100	0.100	0.096	0.093	0.097	0.098	0.098	0.099	0.101	0.098	0.097	0.096	0.100	0.099	0.095	0.093	0.097	0.099	0.098	0.098	0.096	0.097	0.098	0.097	0.097	0.097	0.095	0.097	0.096	0.101	0.100	0.098	0.098	0.096	0.096	0.097	0.096	0.097	0.093	0.096	0.099	0.103	0.101	0.098	0.098	0.097	0.098	0.097	0.098	0.099	0.093	0.097	0.099	0.098	0.098	0.101	0.098	0.098	0.099	0.100	0.098	0.098	0.093	0.096	0.093	0.096	0.094	0.094	0.094	0.096	0.097	0.096	0.095	0.094	0.093
1:00:06	22.0	0.096	0.093	0.095	0.096	0.096	0.097	0.093	0.094	0.093	0.096	0.094	0.094	0.095	0.097	0.097	0.100	0.100	0.099	0.099	0.100	0.099	0.101	0.101	0.096	0.093	0.098	0.099	0.099	0.100	0.102	0.098	0.098	0.097	0.101	0.100	0.095	0.093	0.098	0.101	0.100	0.099	0.097	0.099	0.099	0.098	0.098	0.098	0.095	0.097	0.097	0.102	0.101	0.099	0.100	0.096	0.098	0.097	0.098	0.098	0.093	0.096	0.100	0.105	0.101	0.099	0.098	0.098	0.099	0.098	0.099	0.100	0.094	0.097	0.100	0.099	0.099	0.101	0.099	0.099	0.100	0.101	0.099	0.099	0.093	0.096	0.094	0.096	0.094	0.094	0.094	0.096	0.097	0.096	0.095	0.094	0.093
2:00:07	22.2	0.096	0.093	0.095	0.096	0.096	0.096	0.093	0.093	0.093	0.096	0.093	0.094	0.094	0.098	0.098	0.101	0.101	0.100	0.100	0.102	0.101	0.102	0.102	0.095	0.093	0.099	0.101	0.100	0.101	0.103	0.099	0.099	0.099	0.102	0.101	0.095	0.093	0.100	0.101	0.101	0.100	0.098	0.100	0.100	0.099	0.100	0.099	0.095	0.097	0.098	0.103	0.102	0.100	0.101	0.096	0.099	0.098	0.098	0.099	0.093	0.096	0.101	0.105	0.103	0.100	0.098	0.100	0.100	0.099	0.100	0.101	0.093	0.097	0.101	0.100	0.100	0.102	0.100	0.100	0.101	0.102	0.100	0.100	0.093	0.096	0.093	0.096	0.094	0.094	0.099	0.096	0.096	0.096	0.095	0.093	0.093
3:00:08	22.3	0.096	0.093	0.095	0.096	0.096	0.096	0.093	0.093	0.093	0.096	0.093	0.094	0.094	0.100	0.099	0.102	0.103	0.102	0.101	0.103	0.103	0.104	0.103	0.095	0.093	0.100	0.103	0.102	0.102	0.106	0.100	0.101	0.101	0.105	0.103	0.095	0.093	0.101	0.103	0.103	0.102	0.100	0.102	0.102	0.101	0.102	0.101	0.095	0.097	0.099	0.105	0.104	0.102	0.103	0.097	0.101	0.099	0.100	0.101	0.093	0.096	0.102	0.108	0.104	0.102	0.099	0.102	0.101	0.101	0.101	0.103	0.094	0.097	0.102	0.101	0.102	0.104	0.102	0.102	0.103	0.104	0.102	0.102	0.093	0.096	0.094	0.096	0.094	0.094	0.099	0.096	0.096	0.096	0.095	0.093	0.093
4:00:09	22.1	0.096	0.093	0.095	0.096	0.096	0.097	0.093	0.093	0.093	0.096	0.093	0.094	0.094	0.101	0.100	0.105	0.106	0.103	0.104	0.106	0.105	0.106	0.105	0.095	0.093	0.101	0.106	0.104	0.104	0.108	0.102	0.104	0.103	0.107	0.105	0.095	0.093	0.103	0.105	0.106	0.104	0.102	0.104	0.105	0.103	0.104	0.102	0.095	0.097	0.101	0.107	0.107	0.104	0.105	0.097	0.103	0.100	0.102	0.103	0.093	0.096	0.104	0.110	0.107	0.104	0.100	0.104	0.102	0.103	0.103	0.105	0.093	0.097	0.105	0.103	0.104	0.106	0.104	0.105	0.104	0.106	0.104	0.104	0.093	0.096	0.094	0.096	0.094	0.094	0.101	0.096	0.096	0.096	0.095	0.094	0.093
5:00:09	21.8	0.096	0.093	0.095	0.096	0.096	0.097	0.093	0.093	0.093	0.096	0.093	0.094	0.094	0.103	0.102	0.108	0.109	0.106	0.107	0.109	0.108	0.109	0.108	0.095	0.093	0.103	0.108	0.107	0.107	0.111	0.103	0.107	0.106	0.110	0.108	0.095	0.094	0.106	0.108	0.110	0.107	0.105	0.108	0.107	0.105	0.107	0.105	0.095	0.097	0.103	0.110	0.110	0.107	0.108	0.098	0.106	0.101	0.105	0.106	0.093	0.096	0.106	0.113	0.109	0.107	0.102	0.107	0.105	0.106	0.106	0.107	0.094	0.097	0.107	0.105	0.106	0.108	0.107	0.107	0.107	0.108	0.106	0.106	0.093	0.096	0.094	0.096	0.094	0.094	0.101	0.096	0.097	0.096	0.095	0.094	0.094
6:00:10	21.6	0.096	0.093	0.095	0.096	0.096	0.097	0.093	0.094	0.094	0.096	0.094	0.094	0.095	0.106	0.104	0.112	0.114	0.109	0.111	0.113	0.112	0.114	0.112	0.096	0.093	0.106	0.112	0.111	0.111	0.117	0.105	0.110	0.109	0.114	0.112	0.095	0.093	0.110	0.111	0.114	0.112	0.108	0.112	0.111	0.108	0.111	0.107	0.095	0.097	0.106	0.113	0.114	0.110	0.112	0.098	0.110	0.103	0.108	0.109	0.093	0.096	0.109	0.117	0.112	0.111	0.104	0.110	0.107	0.109	0.109	0.111	0.094	0.097	0.110	0.108	0.110	0.111	0.110	0.110	0.110	0.111	0.109	0.110	0.094	0.096	0.094	0.096	0.094	0.094	0.099	0.096	0.097	0.096	0.095	0.094	0.094
7:00:12	21.3	0.096	0.093	0.096	0.096	0.096	0.096	0.093	0.093	0.094	0.096	0.094	0.095	0.094	0.110	0.106	0.117	0.117	0.113	0.116	0.117	0.116	0.117	0.117	0.096	0.093	0.110	0.117	0.116	0.116	0.122	0.108	0.116	0.113	0.120	0.117	0.095	0.094	0.115	0.116	0.119	0.116	0.112	0.121	0.115	0.113	0.117	0.112	0.095	0.097	0.109	0.119	0.118	0.115	0.117	0.099	0.115	0.105	0.112	0.114	0.093	0.096	0.113	0.122	0.117	0.115	0.105	0.114	0.111	0.113	0.113	0.116	0.094	0.097	0.115	0.113	0.115	0.116	0.115	0.115	0.114	0.116	0.114	0.115	0.093	0.096	0.094	0.096	0.094	0.094	0.101	0.096	0.096	0.097	0.095	0.094	0.094
8:00:13	21.0	0.097	0.093	0.096	0.097	0.097	0.097	0.094	0.094	0.094	0.096	0.094	0.095	0.095	0.116	0.109	0.123	0.127	0.118	0.128	0.125	0.122	0.126	0.125	0.096	0.094	0.116	0.122	0.123	0.123	0.130	0.111	0.122	0.118	0.126	0.123	0.095	0.094	0.120	0.121	0.129	0.121	0.118	0.133	0.125	0.118	0.125	0.119	0.096	0.097	0.114	0.124	0.127	0.120	0.123	0.100	0.120	0.108	0.117	0.119	0.094	0.097	0.118	0.128	0.122	0.121	0.108	0.119	0.116	0.119	0.119	0.120	0.094	0.097	0.119	0.118	0.121	0.122	0.121	0.121	0.120	0.122	0.119	0.121	0.093	0.097	0.094	0.097	0.094	0.095	0.098	0.096	0.097	0.097	0.096	0.094	0.094
9:00:14	20.6	0.096	0.093	0.095	0.096	0.096	0.097	0.093	0.093	0.094	0.096	0.093	0.094	0.094	0.120	0.113	0.140	0.141	0.123	0.149	0.154	0.126	0.133	0.135	0.096	0.093	0.122	0.129	0.128	0.130	0.137	0.115	0.144	0.139	0.144	0.137	0.095	0.094	0.125	0.126	0.145	0.128	0.125	0.151	0.140	0.132	0.147	0.125	0.095	0.097	0.119	0.130	0.129	0.125	0.129	0.101	0.132	0.111	0.126	0.132	0.093	0.097	0.124	0.147	0.127	0.128	0.111	0.125	0.120	0.125	0.127	0.124	0.094	0.097	0.125	0.125	0.128	0.129	0.129	0.130	0.129	0.129	0.126	0.128	0.093	0.096	0.093	0.096	0.094	0.094	0.097	0.096	0.096	0.096	0.095	0.094	0.094
10:00:16	20.4	0.096	0.093	0.096	0.097	0.096	0.097	0.093	0.094	0.094	0.096	0.093	0.095	0.094	0.129	0.118	0.157	0.155	0.133	0.178	0.179	0.135	0.141	0.157	0.096	0.093	0.129	0.138	0.141	0.143	0.148	0.120	0.164	0.166	0.152	0.163	0.095	0.094	0.134	0.134	0.153	0.137	0.134	0.173	0.174	0.161	0.166	0.147	0.095	0.097	0.126	0.142	0.153	0.133	0.138	0.101	0.155	0.114	0.134	0.162	0.093	0.097	0.131	0.170	0.137	0.137	0.115	0.131	0.127	0.134	0.137	0.133	0.094	0.097	0.136	0.134	0.138	0.140	0.139	0.140	0.138	0.141	0.137	0.139	0.093	0.097	0.094	0.097	0.094	0.094	0.097	0.096	0.097	0.096	0.095	0.094	0.094
11:00:16	20.2	0.096	0.093	0.096	0.097	0.097	0.097	0.093	0.094	0.094	0.096	0.094	0.095	0.095	0.139	0.124	0.160	0.159	0.151	0.170	0.169	0.147	0.156	0.184	0.096	0.094	0.137	0.157	0.157	0.156	0.157	0.126	0.170	0.174	0.180	0.179	0.095	0.094	0.143	0.146	0.161	0.148	0.141	0.165	0.178	0.168	0.168	0.163	0.096	0.097	0.134	0.152	0.155	0.149	0.153	0.102	0.163	0.118	0.146	0.167	0.093	0.097	0.141	0.185	0.148	0.146	0.120	0.131	0.139	0.155	0.142	0.148	0.094	0.097	0.144	0.143	0.154	0.155	0.157	0.152	0.146	0.153	0.149	0.150	0.094	0.097	0.094	0.097	0.095	0.094	0.098	0.096	0.097	0.097	0.096	0.094	0.094
12:00:16	20.1	0.096	0.093	0.095	0.096	0.096	0.097	0.093	0.093	0.094	0.096	0.093	0.094	0.094	0.150	0.131	0.176	0.171	0.161	0.181	0.177	0.158	0.164	0.188	0.096	0.093	0.149	0.158	0.173	0.165	0.163	0.133	0.169	0.176	0.193	0.178	0.095	0.094	0.153	0.156	0.169	0.153	0.152	0.175	0.179	0.171	0.168	0.174	0.095	0.097	0.144	0.159	0.166	0.155	0.159	0.103	0.166	0.124	0.151	0.167	0.093	0.097	0.152	0.189	0.155	0.154	0.125	0.140	0.150	0.161	0.155	0.158	0.094	0.097	0.161	0.151	0.162	0.162	0.164	0.163	0.154	0.163	0.156	0.159	0.093	0.096	0.093	0.096	0.094	0.094	0.098	0.096	0.097	0.096	0.095	0.094	0.094
13:00:17	20.0	0.096	0.093	0.096	0.096	0.096	0.097	0.093	0.094	0.094	0.096	0.094	0.095	0.094	0.150	0.142	0.179	0.176	0.172	0.190	0.187	0.167	0.168	0.191	0.096	0.094	0.160	0.165	0.184	0.173	0.172	0.141	0.169	0.180	0.186	0.189	0.095	0.094	0.164	0.164	0.172	0.158	0.160	0.185	0.183	0.177	0.178	0.184	0.096	0.097	0.154	0.168	0.176	0.164	0.167	0.104	0.170	0.129	0.160	0.185	0.093	0.097	0.163	0.191	0.163	0.162	0.132	0.152	0.159	0.167	0.166	0.170	0.093	0.097	0.174	0.159	0.169	0.171	0.169	0.175	0.160	0.171	0.163	0.166	0.093	0.097	0.094	0.096	0.094	0.094	0.098	0.096	0.097	0.097	0.095	0.094	0.094
14:00:18	20.0	0.096	0.093	0.095	0.096	0.096	0.097	0.093	0.093	0.094	0.096	0.094	0.094	0.094	0.159	0.152	0.196	0.191	0.191	0.221	0.210	0.176	0.180	0.222	0.096	0.093	0.168	0.179	0.195	0.185	0.180	0.151	0.193	0.196	0.199	0.206	0.095	0.094	0.172	0.175	0.178	0.168	0.174	0.209	0.200	0.189	0.195	0.216	0.095	0.097	0.164	0.180	0.185	0.178	0.181	0.105	0.186	0.136	0.174	0.194	0.093	0.096	0.171	0.206	0.174	0.173	0.141	0.165	0.169	0.183	0.179	0.184	0.094	0.097	0.179	0.171	0.184	0.185	0.185	0.191	0.175	0.184	0.176	0.179	0.093	0.096	0.094	0.096	0.094	0.094	0.101	0.096	0.097	0.096	0.095	0.094	0.094
15:00:19	19.9	0.097	0.093	0.095	0.097	0.096	0.097	0.093	0.094	0.094	0.096	0.094	0.095	0.095	0.169	0.166	0.218	0.206	0.204	0.256	0.243	0.185	0.191	0.256	0.096	0.094	0.179	0.197	0.218	0.202	0.191	0.165	0.208	0.208	0.224	0.241	0.095	0.094	0.188	0.191	0.192	0.173	0.184	0.231	0.236	0.202	0.218	0.237	0.095	0.097	0.173	0.195	0.199	0.189	0.191	0.107	0.210	0.144	0.190	0.218	0.093	0.097	0.185	0.220	0.184	0.185	0.156	0.185	0.189	0.203	0.185	0.197	0.094	0.097	0.193	0.185	0.205	0.204	0.199	0.207	0.189	0.204	0.190	0.191	0.093	0.097	0.094	0.097	0.094	0.094	0.100	0.096	0.097	0.097	0.096	0.094	0.094
16:00:19	19.8	0.096	0.093	0.096	0.097	0.096	0.097	0.093	0.094	0.094	0.096	0.094	0.095	0.094	0.181	0.174	0.231	0.225	0.214	0.257	0.255	0.195	0.200	0.265	0.096	0.094	0.198	0.216	0.224	0.214	0.204	0.175	0.223	0.238	0.213	0.267	0.095	0.094	0.199	0.205	0.196	0.185	0.199	0.244	0.257	0.233	0.234	0.254	0.095	0.097	0.189	0.210	0.216	0.202	0.206	0.109	0.227	0.154	0.205	0.245	0.093	0.097	0.195	0.255	0.195	0.199	0.168	0.207	0.202	0.216	0.201	0.209	0.094	0.097	0.211	0.199	0.221	0.223	0.217	0.222	0.203	0.216	0.203	0.205	0.093	0.096	0.094	0.097	0.094	0.094	0.100	0.096	0.097	0.097	0.096	0.094	0.094
17:00:22	19.7	0.096	0.093	0.096	0.096	0.097	0.097	0.093	0.094	0.094	0.096	0.094	0.095	0.095	0.198	0.186	0.255	0.244	0.222	0.273	0.272	0.214	0.219	0.274	0.096	0.094	0.215	0.232	0.246	0.228	0.221	0.180	0.238	0.246	0.220	0.277	0.095	0.094	0.215	0.226	0.204	0.205	0.224	0.259	0.274	0.243	0.243	0.264	0.096	0.097	0.199	0.232	0.230	0.224	0.227	0.111	0.246	0.162	0.225	0.252	0.093	0.097	0.207	0.259	0.214	0.218	0.170	0.229	0.213	0.233	0.224	0.235	0.094	0.097	0.229	0.221	0.236	0.238	0.234	0.248	0.226	0.231	0.223	0.225	0.094	0.097	0.094	0.097	0.094	0.094	0.098	0.096	0.097	0.097	0.096	0.094	0.094
18:00:23	19.8	0.096	0.093	0.096	0.096	0.096	0.097	0.093	0.094	0.094	0.096	0.094	0.095	0.094	0.211	0.201	0.274	0.261	0.241	0.302	0.300	0.242	0.246	0.291	0.096	0.094	0.231	0.259	0.265	0.247	0.242	0.196	0.264	0.264	0.231	0.296	0.095	0.094	0.238	0.251	0.224	0.223	0.245	0.281	0.303	0.262	0.259	0.286	0.096	0.097	0.213	0.253	0.253	0.246	0.248	0.113	0.274	0.170	0.247	0.276	0.093	0.097	0.231	0.277	0.235	0.241	0.180	0.253	0.230	0.256	0.247	0.260	0.094	0.097	0.244	0.243	0.257	0.262	0.258	0.276	0.250	0.251	0.246	0.248	0.093	0.097	0.094	0.097	0.094	0.094	0.099	0.096	0.097	0.097	0.096	0.094	0.094
19:00:23	20.0	0.096	0.093	0.096	0.096	0.096	0.096	0.093	0.093	0.094	0.096	0.093	0.094	0.094	0.231	0.222	0.294	0.284	0.264	0.329	0.323	0.269	0.274	0.318	0.096	0.093	0.255	0.286	0.300	0.271	0.266	0.207	0.295	0.290	0.242	0.328	0.095	0.094	0.259	0.276	0.251	0.243	0.275	0.304	0.335	0.289	0.284	0.314	0.095	0.097	0.243	0.278	0.281	0.270	0.272	0.116	0.305	0.178	0.275	0.313	0.093	0.096	0.251	0.300	0.258	0.266	0.193	0.279	0.251	0.281	0.274	0.291	0.094	0.097	0.267	0.268	0.281	0.285	0.284	0.307	0.276	0.277	0.274	0.274	0.093	0.097	0.094	0.096	0.094	0.094	0.100	0.096	0.097	0.096	0.095	0.094	0.094
20:00:25	20.0	0.096	0.093	0.096	0.096	0.096	0.097	0.093	0.094	0.094	0.096	0.093	0.094	0.094	0.256	0.235	0.320	0.308	0.295	0.362	0.360	0.306	0.309	0.358	0.096	0.094	0.280	0.316	0.336	0.297	0.293	0.221	0.330	0.326	0.267	0.358	0.095	0.094	0.285	0.304	0.282	0.269	0.302	0.336	0.370	0.320	0.312	0.352	0.095	0.097	0.268	0.307	0.312	0.297	0.303	0.120	0.343	0.191	0.307	0.343	0.093	0.097	0.279	0.327	0.285	0.293	0.222	0.318	0.276	0.308	0.302	0.326	0.094	0.097	0.296	0.298	0.311	0.314	0.312	0.343	0.308	0.304	0.305	0.304	0.094	0.097	0.094	0.096	0.094	0.094	0.099	0.096	0.097	0.097	0.095	0.094	0.094
21:00:26	20.1	0.096	0.093	0.096	0.096	0.096	0.097	0.093	0.093	0.094	0.096	0.093	0.095	0.094	0.284	0.253	0.345	0.336	0.332	0.393	0.390	0.336	0.348	0.410	0.096	0.093	0.308	0.346	0.377	0.326	0.320	0.229	0.368	0.357	0.297	0.390	0.095	0.094	0.314	0.334	0.313	0.297	0.331	0.365	0.402	0.346	0.345	0.397	0.095	0.097	0.294	0.338	0.347	0.328	0.333	0.125	0.376	0.213	0.338	0.378	0.093	0.097	0.309	0.357	0.315	0.323	0.244	0.356	0.304	0.339	0.333	0.365	0.094	0.097	0.329	0.332	0.341	0.345	0.344	0.379	0.339	0.336	0.339	0.338	0.093	0.097	0.094	0.096	0.094	0.094	0.099	0.096	0.097	0.097	0.095	0.094	0.094
22:00:26	20.2	0.096	0.093	0.096	0.097	0.096	0.097	0.093	0.094	0.094	0.096	0.093	0.095	0.094	0.314	0.272	0.375	0.371	0.372	0.423	0.423	0.370	0.385	0.444	0.096	0.094	0.340	0.377	0.417	0.357	0.348	0.245	0.409	0.390	0.328	0.427	0.095	0.094	0.343	0.367	0.347	0.327	0.364	0.393	0.442	0.386	0.385	0.441	0.095	0.097	0.326	0.369	0.378	0.360	0.366	0.131	0.414	0.229	0.372	0.409	0.093	0.097	0.338	0.389	0.347	0.353	0.249	0.394	0.336	0.371	0.368	0.406	0.094	0.097	0.363	0.365	0.372	0.376	0.375	0.414	0.375	0.367	0.375	0.374	0.093	0.097	0.094	0.097	0.094	0.094	0.099	0.097	0.097	0.097	0.095	0.094	0.094
23:00:26	20.3	0.096	0.093	0.095	0.096	0.096	0.096	0.093	0.094	0.094	0.096	0.093	0.095	0.094	0.346	0.297	0.409	0.400	0.407	0.453	0.456	0.404	0.420	0.468	0.096	0.094	0.368	0.405	0.447	0.382	0.375	0.262	0.448	0.421	0.358	0.466	0.095	0.094	0.374	0.395	0.379	0.355	0.391	0.427	0.476	0.418	0.417	0.466	0.095	0.097	0.357	0.400	0.409	0.388	0.393	0.136	0.450	0.243	0.406	0.446	0.093	0.097	0.368	0.420	0.373	0.380	0.267	0.432	0.369	0.401	0.395	0.446	0.094	0.097	0.396	0.395	0.402	0.407	0.404	0.442	0.405	0.399	0.408	0.406	0.093	0.096	0.094	0.096	0.094	0.094	0.099	0.096	0.096	0.096	0.095	0.094	0.094
24:00:27	20.3	0.096	0.093	0.095	0.096	0.096	0.097	0.093	0.094	0.094	0.096	0.093	0.095	0.094	0.379	0.324	0.440	0.433	0.436	0.482	0.481	0.437	0.452	0.492	0.096	0.093	0.399	0.434	0.471	0.403	0.398	0.282	0.479	0.452	0.387	0.493	0.095	0.093	0.403	0.423	0.412	0.384	0.416	0.455	0.503	0.449	0.453	0.492	0.095	0.097	0.387	0.430	0.442	0.418	0.419	0.141	0.478	0.260	0.438	0.482	0.093	0.097	0.396	0.456	0.402	0.411	0.288	0.470	0.394	0.425	0.419	0.481	0.094	0.097	0.425	0.426	0.430	0.437	0.433	0.467	0.432	0.430	0.435	0.433	0.093	0.097	0.094	0.096	0.094	0.094	0.100	0.096	0.097	0.097	0.095	0.094	0.093
25:00:28	20.4	0.096	0.093	0.096	0.096	0.096	0.097	0.093	0.093	0.093	0.096	0.093	0.095	0.094	0.409	0.354	0.471	0.454	0.458	0.499	0.503	0.460	0.478	0.518	0.096	0.093	0.428	0.454	0.494	0.422	0.420	0.308	0.504	0.474	0.422	0.525	0.095	0.094	0.430	0.445	0.445	0.406	0.443	0.484	0.529	0.475	0.489	0.518	0.095	0.097	0.416	0.456	0.472	0.440	0.442	0.147	0.502	0.281	0.461	0.507	0.093	0.097	0.424	0.487	0.426	0.436	0.312	0.504	0.414	0.449	0.442	0.510	0.093	0.097	0.462	0.453	0.452	0.459	0.458	0.488	0.456	0.453	0.464	0.464	0.093	0.096	0.094	0.096	0.094	0.094	0.100	0.096	0.097	0.097	0.095	0.094	0.093
26:00:29	20.4	0.096	0.093	0.096	0.096	0.096	0.097	0.093	0.093	0.094	0.096	0.093	0.094	0.094	0.436	0.383	0.494	0.480	0.483	0.524	0.525	0.487	0.499	0.538	0.096	0.093	0.454	0.475	0.517	0.438	0.439	0.337	0.530	0.500	0.450	0.544	0.095	0.094	0.452	0.467	0.471	0.429	0.461	0.504	0.551	0.501	0.513	0.537	0.095	0.097	0.443	0.479	0.497	0.463	0.464	0.154	0.528	0.305	0.486	0.530	0.093	0.097	0.448	0.512	0.448	0.459	0.339	0.534	0.433	0.471	0.465	0.538	0.094	0.097	0.492	0.479	0.474	0.481	0.480	0.509	0.478	0.475	0.490	0.491	0.093	0.096	0.094	0.096	0.094	0.094	0.099	0.096	0.096	0.097	0.095	0.094	0.094
27:00:31	20.3	0.096	0.093	0.096	0.096	0.096	0.096	0.093	0.093	0.094	0.096	0.094	0.095	0.094	0.463	0.402	0.518	0.508	0.504	0.547	0.548	0.514	0.520	0.558	0.096	0.094	0.478	0.496	0.541	0.457	0.460	0.368	0.556	0.523	0.482	0.565	0.095	0.094	0.474	0.488	0.495	0.452	0.483	0.528	0.572	0.525	0.531	0.556	0.095	0.097	0.468	0.503	0.522	0.486	0.488	0.160	0.554	0.332	0.509	0.554	0.093	0.097	0.472	0.536	0.469	0.480	0.366	0.558	0.452	0.495	0.486	0.566	0.094	0.097	0.517	0.503	0.496	0.505	0.501	0.530	0.502	0.498	0.517	0.518	0.093	0.096	0.094	0.096	0.094	0.094	0.099	0.096	0.097	0.097	0.095	0.094	0.094
28:00:31	20.1	0.096	0.093	0.096	0.097	0.096	0.097	0.093	0.094	0.094	0.096	0.094	0.095	0.094	0.488	0.423	0.546	0.533	0.528	0.570	0.572	0.542	0.547	0.578	0.096	0.094	0.501	0.520	0.566	0.474	0.487	0.395	0.578	0.549	0.505	0.590	0.096	0.094	0.498	0.510	0.518	0.475	0.507	0.552	0.599	0.550	0.553	0.578	0.096	0.097	0.491	0.527	0.547	0.510	0.511	0.165	0.577	0.357	0.536	0.579	0.094	0.097	0.495	0.561	0.491	0.504	0.390	0.582	0.471	0.518	0.509	0.596	0.094	0.097	0.543	0.530	0.519	0.529	0.524	0.550	0.524	0.523	0.543	0.547	0.093	0.097	0.094	0.097	0.094	0.094	0.099	0.096	0.097	0.097	0.095	0.094	0.094
29:00:32	19.9	0.096	0.093	0.098	0.096	0.096	0.097	0.093	0.093	0.094	0.096	0.094	0.095	0.094	0.509	0.444	0.573	0.556	0.546	0.591	0.589	0.567	0.571	0.599	0.096	0.093	0.523	0.539	0.583	0.492	0.509	0.413	0.604	0.570	0.534	0.618	0.095	0.094	0.518	0.532	0.540	0.496	0.530	0.586	0.620	0.571	0.583	0.602	0.095	0.097	0.510	0.551	0.573	0.534	0.534	0.170	0.591	0.379	0.556	0.602	0.093	0.097	0.518	0.583	0.513	0.525	0.407	0.606	0.488	0.538	0.531	0.622	0.094	0.097	0.569	0.554	0.542	0.553	0.547	0.569	0.545	0.544	0.565	0.576	0.093	0.096	0.094	0.096	0.094	0.094	0.098	0.096	0.097	0.096	0.096	0.094	0.094
30:00:33	19.9	0.096	0.093	0.096	0.096	0.096	0.096	0.093	0.093	0.094	0.096	0.093	0.094	0.094	0.528	0.462	0.604	0.592	0.565	0.612	0.606	0.594	0.588	0.617	0.096	0.093	0.559	0.552	0.596	0.511	0.529	0.432	0.626	0.595	0.557	0.647	0.095	0.094	0.543	0.551	0.546	0.532	0.555	0.615	0.642	0.599	0.600	0.625	0.095	0.097	0.539	0.580	0.581	0.567	0.566	0.174	0.609	0.392	0.585	0.622	0.094	0.097	0.544	0.599	0.538	0.552	0.419	0.631	0.508	0.567	0.561	0.634	0.094	0.097	0.591	0.584	0.561	0.569	0.566	0.591	0.567	0.564	0.595	0.607	0.093	0.096	0.094	0.096	0.094	0.094	0.098	0.096	0.097	0.097	0.095	0.094	0.094
31:00:34	19.9	0.096	0.093	0.096	0.096	0.096	0.097	0.093	0.093	0.094	0.096	0.094	0.095	0.094	0.544	0.483	0.627	0.611	0.585	0.630	0.627	0.620	0.595	0.640	0.096	0.093	0.578	0.568	0.622	0.528	0.551	0.447	0.647	0.602	0.579	0.665	0.095	0.093	0.556	0.565	0.572	0.549	0.574	0.639	0.660	0.608	0.620	0.647	0.095	0.097	0.556	0.597	0.610	0.577	0.577	0.177	0.634	0.402	0.595	0.641	0.093	0.097	0.567	0.615	0.555	0.569	0.433	0.651	0.523	0.586	0.582	0.665	0.094	0.097	0.617	0.603	0.578	0.590	0.590	0.612	0.591	0.584	0.616	0.631	0.093	0.096	0.094	0.096	0.094	0.094	0.098	0.096	0.097	0.097	0.095	0.094	0.094
32:00:35	19.8	0.096	0.093	0.096	0.097	0.096	0.097	0.093	0.094	0.094	0.096	0.093	0.095	0.094	0.562	0.502	0.649	0.631	0.605	0.647	0.643	0.639	0.612	0.660	0.096	0.094	0.598	0.585	0.645	0.541	0.565	0.463	0.666	0.623	0.602	0.685	0.095	0.094	0.573	0.582	0.592	0.568	0.589	0.659	0.680	0.629	0.637	0.665	0.095	0.097	0.576	0.617	0.629	0.597	0.594	0.182	0.654	0.418	0.614	0.659	0.094	0.097	0.587	0.636	0.572	0.586	0.450	0.669	0.540	0.600	0.604	0.686	0.094	0.097	0.636	0.622	0.597	0.607	0.609	0.629	0.605	0.601	0.637	0.653	0.093	0.097	0.094	0.096	0.094	0.094	0.099	0.096	0.097	0.097	0.095	0.094	0.094
33:00:36	19.8	0.096	0.093	0.096	0.097	0.096	0.097	0.093	0.094	0.094	0.097	0.094	0.095	0.094	0.579	0.520	0.669	0.652	0.628	0.667	0.665	0.665	0.632	0.681	0.096	0.094	0.619	0.602	0.668	0.558	0.584	0.479	0.683	0.642	0.622	0.706	0.095	0.094	0.594	0.600	0.611	0.586	0.609	0.678	0.699	0.647	0.657	0.683	0.096	0.097	0.594	0.631	0.650	0.614	0.611	0.188	0.672	0.436	0.635	0.677	0.094	0.097	0.608	0.657	0.588	0.602	0.465	0.690	0.559	0.616	0.629	0.711	0.094	0.097	0.654	0.642	0.612	0.622	0.626	0.646	0.623	0.611	0.655	0.676	0.094	0.097	0.094	0.097	0.095	0.094	0.099	0.096	0.097	0.097	0.096	0.094	0.094
34:00:36	19.8	0.096	0.093	0.096	0.096	0.096	0.096	0.093	0.093	0.094	0.096	0.094	0.094	0.094	0.596	0.539	0.685	0.666	0.647	0.686	0.682	0.683	0.651	0.694	0.096	0.093	0.640	0.621	0.690	0.573	0.600	0.494	0.701	0.659	0.640	0.721	0.095	0.094	0.613	0.618	0.630	0.602	0.623	0.695	0.713	0.663	0.675	0.698	0.095	0.097	0.614	0.649	0.669	0.632	0.629	0.193	0.688	0.455	0.654	0.695	0.093	0.097	0.629	0.674	0.605	0.616	0.481	0.708	0.576	0.633	0.653	0.729	0.094	0.097	0.670	0.665	0.630	0.635	0.645	0.666	0.637	0.625	0.678	0.701	0.093	0.096	0.094	0.096	0.094	0.094	0.101	0.096	0.097	0.097	0.095	0.094	0.094
35:00:38	19.8	0.096	0.093	0.096	0.096	0.096	0.097	0.093	0.093	0.094	0.096	0.094	0.095	0.094	0.612	0.559	0.709	0.684	0.667	0.703	0.693	0.705	0.667	0.713	0.096	0.094	0.660	0.636	0.710	0.590	0.619	0.512	0.714	0.678	0.659	0.739	0.095	0.093	0.633	0.635	0.647	0.620	0.638	0.714	0.728	0.682	0.689	0.712	0.096	0.097	0.635	0.667	0.683	0.650	0.644	0.198	0.706	0.473	0.675	0.711	0.093	0.097	0.651	0.694	0.624	0.632	0.497	0.728	0.594	0.648	0.678	0.746	0.094	0.097	0.690	0.686	0.648	0.652	0.666	0.688	0.648	0.643	0.701	0.725	0.093	0.096	0.094	0.096	0.094	0.094	0.101	0.096	0.097	0.097	0.095	0.094	0.094
36:00:38	19.8	0.096	0.093	0.096	0.097	0.096	0.097	0.093	0.094	0.094	0.096	0.094	0.095	0.094	0.628	0.578	0.724	0.702	0.687	0.716	0.703	0.724	0.684	0.729	0.096	0.094	0.680	0.652	0.729	0.607	0.637	0.529	0.729	0.694	0.677	0.753	0.095	0.094	0.654	0.651	0.665	0.636	0.654	0.730	0.741	0.697	0.705	0.729	0.096	0.097	0.654	0.683	0.700	0.667	0.659	0.204	0.722	0.493	0.695	0.726	0.094	0.097	0.669	0.711	0.643	0.650	0.513	0.744	0.613	0.662	0.700	0.767	0.094	0.097	0.706	0.705	0.662	0.665	0.684	0.705	0.664	0.658	0.722	0.747	0.093	0.096	0.094	0.096	0.094	0.094	0.101	0.096	0.097	0.097	0.096	0.094	0.094
37:00:40	19.7	0.096	0.093	0.096	0.097	0.096	0.097	0.093	0.093	0.094	0.096	0.094	0.095	0.094	0.643	0.598	0.741	0.721	0.708	0.732	0.719	0.744	0.702	0.751	0.096	0.094	0.700	0.669	0.748	0.623	0.654	0.547	0.740	0.711	0.694	0.771	0.095	0.094	0.673	0.668	0.686	0.654	0.667	0.748	0.757	0.715	0.725	0.746	0.096	0.097	0.676	0.694	0.722	0.685	0.675	0.210	0.737	0.510	0.714	0.744	0.093	0.097	0.688	0.729	0.660	0.665	0.529	0.758	0.632	0.678	0.719	0.787	0.094	0.097	0.721	0.721	0.674	0.676	0.697	0.724	0.676	0.674	0.743	0.767	0.093	0.096	0.094	0.097	0.094	0.094	0.101	0.096	0.097	0.097	0.095	0.094	0.094
38:00:41	19.7	0.096	0.093	0.096	0.097	0.096	0.097	0.094	0.094	0.094	0.096	0.094	0.095	0.094	0.656	0.618	0.755	0.740	0.728	0.746	0.731	0.762	0.721	0.765	0.096	0.094	0.718	0.684	0.764	0.642	0.671	0.566	0.751	0.729	0.712	0.786	0.096	0.094	0.693	0.683	0.705	0.668	0.683	0.761	0.766	0.730	0.740	0.761	0.096	0.098	0.695	0.708	0.740	0.701	0.691	0.216	0.751	0.530	0.733	0.759	0.094	0.097	0.708	0.744	0.676	0.680	0.546	0.773	0.650	0.692	0.739	0.801	0.094	0.097	0.740	0.736	0.686	0.691	0.712	0.743	0.687	0.690	0.762	0.786	0.094	0.097	0.094	0.097	0.094	0.095	0.101	0.096	0.097	0.097	0.096	0.094	0.094
39:00:41	19.6	0.096	0.093	0.096	0.097	0.096	0.097	0.093	0.094	0.094	0.096	0.094	0.095	0.094	0.667	0.638	0.767	0.748	0.747	0.762	0.750	0.778	0.734	0.779	0.096	0.093	0.733	0.695	0.777	0.659	0.688	0.587	0.762	0.743	0.726	0.799	0.095	0.094	0.711	0.696	0.721	0.683	0.697	0.779	0.782	0.744	0.757	0.777	0.095	0.097	0.713	0.720	0.759	0.716	0.705	0.224	0.765	0.548	0.747	0.772	0.094	0.097	0.724	0.760	0.690	0.691	0.563	0.785	0.668	0.702	0.757	0.819	0.094	0.097	0.753	0.750	0.697	0.701	0.723	0.758	0.697	0.701	0.780	0.801	0.094	0.097	0.094	0.097	0.094	0.094	0.100	0.096	0.097	0.097	0.096	0.094	0.094
40:00:43	19.6	0.096	0.093	0.096	0.097	0.096	0.097	0.093	0.094	0.094	0.097	0.094	0.095	0.095	0.675	0.656	0.779	0.761	0.766	0.774	0.762	0.794	0.752	0.790	0.096	0.094	0.748	0.707	0.790	0.676	0.702	0.607	0.772	0.756	0.740	0.812	0.096	0.094	0.726	0.706	0.736	0.699	0.708	0.789	0.787	0.759	0.766	0.789	0.096	0.098	0.728	0.731	0.773	0.731	0.721	0.234	0.774	0.566	0.761	0.781	0.094	0.097	0.739	0.772	0.703	0.704	0.582	0.796	0.686	0.713	0.773	0.831	0.094	0.097	0.769	0.761	0.704	0.710	0.735	0.774	0.703	0.716	0.797	0.818	0.094	0.097	0.094	0.097	0.094	0.095	0.100	0.096	0.097	0.097	0.096	0.094	0.094
41:00:42	19.6	0.096	0.093	0.096	0.097	0.097	0.097	0.093	0.094	0.094	0.097	0.094	0.095	0.095	0.682	0.673	0.788	0.772	0.782	0.782	0.761	0.807	0.761	0.798	0.096	0.094	0.761	0.715	0.801	0.692	0.712	0.625	0.783	0.767	0.750	0.821	0.096	0.094	0.737	0.715	0.749	0.710	0.716	0.801	0.798	0.767	0.778	0.799	0.096	0.098	0.742	0.741	0.785	0.740	0.731	0.242	0.784	0.583	0.773	0.790	0.094	0.097	0.754	0.784	0.714	0.712	0.599	0.807	0.702	0.721	0.787	0.845	0.094	0.097	0.782	0.772	0.711	0.720	0.746	0.787	0.712	0.725	0.820	0.829	0.094	0.097	0.094	0.097	0.094	0.094	0.100	0.097	0.097	0.097	0.096	0.094	0.094
42:00:44	19.7	0.096	0.093	0.096	0.097	0.096	0.097	0.094	0.094	0.094	0.096	0.094	0.095	0.094	0.689	0.688	0.801	0.783	0.795	0.794	0.779	0.822	0.772	0.807	0.096	0.094	0.774	0.725	0.813	0.706	0.722	0.644	0.788	0.778	0.757	0.829	0.096	0.094	0.750	0.724	0.761	0.720	0.726	0.809	0.807	0.775	0.786	0.807	0.096	0.098	0.755	0.749	0.799	0.750	0.743	0.252	0.794	0.600	0.786	0.800	0.094	0.097	0.768	0.793	0.723	0.720	0.615	0.818	0.717	0.729	0.801	0.855	0.094	0.097	0.797	0.781	0.720	0.730	0.756	0.801	0.717	0.738	0.847	0.844	0.094	0.097	0.094	0.097	0.095	0.094	0.100	0.096	0.097	0.097	0.096	0.094	0.094
43:00:44	19.8	0.096	0.093	0.097	0.096	0.096	0.096	0.093	0.093	0.094	0.096	0.093	0.094	0.094	0.695	0.702	0.811	0.796	0.809	0.799	0.783	0.834	0.780	0.815	0.096	0.094	0.784	0.732	0.821	0.718	0.730	0.661	0.797	0.785	0.764	0.838	0.095	0.094	0.760	0.731	0.770	0.730	0.733	0.821	0.815	0.786	0.794	0.815	0.096	0.097	0.765	0.756	0.811	0.760	0.753	0.262	0.803	0.616	0.796	0.808	0.093	0.097	0.779	0.803	0.731	0.726	0.629	0.823	0.732	0.735	0.813	0.867	0.094	0.096	0.805	0.787	0.728	0.738	0.765	0.815	0.724	0.749	0.857	0.854	0.093	0.096	0.094	0.096	0.094	0.094	0.099	0.096	0.097	0.097	0.095	0.094	0.094
44:00:46	19.9	0.096	0.093	0.096	0.097	0.096	0.097	0.093	0.094	0.094	0.096	0.094	0.095	0.094	0.702	0.716	0.813	0.799	0.821	0.811	0.796	0.846	0.796	0.824	0.096	0.094	0.796	0.737	0.832	0.733	0.739	0.679	0.803	0.796	0.770	0.849	0.096	0.094	0.770	0.737	0.780	0.739	0.741	0.830	0.825	0.795	0.807	0.824	0.096	0.098	0.776	0.767	0.822	0.769	0.762	0.275	0.812	0.634	0.807	0.816	0.094	0.097	0.787	0.813	0.738	0.731	0.647	0.834	0.748	0.744	0.826	0.877	0.094	0.097	0.814	0.794	0.736	0.746	0.776	0.830	0.730	0.755	0.876	0.867	0.093	0.097	0.094	0.097	0.094	0.094	0.100	0.097	0.097	0.097	0.095	0.094	0.094
45:00:48	20.2	0.096	0.093	0.096	0.096	0.096	0.097	0.093	0.094	0.094	0.096	0.094	0.095	0.094	0.706	0.728	0.824	0.810	0.834	0.813	0.802	0.856	0.802	0.828	0.096	0.093	0.808	0.746	0.839	0.745	0.745	0.695	0.809	0.803	0.776	0.852	0.095	0.094	0.777	0.742	0.785	0.746	0.746	0.836	0.826	0.803	0.813	0.830	0.096	0.098	0.784	0.771	0.830	0.774	0.769	0.284	0.814	0.649	0.817	0.826	0.094	0.097	0.795	0.821	0.746	0.736	0.662	0.839	0.760	0.751	0.837	0.883	0.094	0.097	0.825	0.802	0.742	0.755	0.786	0.841	0.739	0.781	0.884	0.875	0.093	0.096	0.094	0.097	0.094	0.094	0.100	0.096	0.097	0.097	0.096	0.094	0.094
46:00:48	20.5	0.096	0.093	0.096	0.097	0.096	0.097	0.093	0.094	0.094	0.096	0.094	0.095	0.094	0.711	0.741	0.832	0.814	0.844	0.820	0.807	0.864	0.810	0.835	0.096	0.094	0.818	0.750	0.848	0.758	0.752	0.712	0.816	0.808	0.784	0.859	0.096	0.094	0.786	0.750	0.798	0.754	0.752	0.845	0.835	0.808	0.820	0.837	0.096	0.098	0.794	0.777	0.841	0.782	0.777	0.296	0.821	0.664	0.826	0.834	0.094	0.097	0.804	0.831	0.752	0.741	0.679	0.846	0.774	0.751	0.848	0.893	0.094	0.097	0.829	0.810	0.752	0.765	0.798	0.855	0.748	0.800	0.894	0.885	0.094	0.097	0.094	0.097	0.094	0.094	0.100	0.096	0.097	0.097	0.096	0.094	0.094
47:00:49	20.8	0.096	0.093	0.097	0.097	0.096	0.097	0.093	0.094	0.094	0.096	0.094	0.095	0.094	0.714	0.749	0.837	0.821	0.855	0.825	0.813	0.872	0.815	0.842	0.096	0.094	0.829	0.755	0.854	0.768	0.756	0.725	0.817	0.816	0.791	0.856	0.096	0.094	0.791	0.754	0.806	0.759	0.755	0.847	0.830	0.816	0.825	0.843	0.096	0.098	0.801	0.779	0.849	0.785	0.780	0.304	0.826	0.676	0.831	0.838	0.094	0.097	0.811	0.833	0.757	0.744	0.694	0.851	0.783	0.759	0.856	0.902	0.094	0.097	0.840	0.819	0.758	0.774	0.806	0.866	0.750	0.805	0.899	0.893	0.094	0.097	0.094	0.097	0.095	0.094	0.099	0.096	0.097	0.097	0.096	0.094	0.094
48:00:50	21.2	0.096	0.093	0.097	0.096	0.096	0.096	0.093	0.094	0.094	0.096	0.094	0.095	0.094	0.719	0.756	0.831	0.823	0.862	0.834	0.822	0.876	0.820	0.850	0.096	0.094	0.836	0.759	0.861	0.780	0.763	0.737	0.821	0.814	0.796	0.867	0.095	0.094	0.799	0.760	0.814	0.767	0.761	0.850	0.840	0.820	0.826	0.849	0.096	0.098	0.805	0.787	0.854	0.791	0.787	0.316	0.833	0.689	0.837	0.840	0.093	0.097	0.818	0.842	0.762	0.749	0.711	0.855	0.793	0.758	0.864	0.909	0.094	0.097	0.845	0.827	0.764	0.780	0.813	0.873	0.757	0.815	0.904	0.897	0.093	0.097	0.094	0.097	0.094	0.094	0.099	0.096	0.097	0.097	0.095	0.094	0.094
49:00:51	21.5	0.096	0.093	0.097	0.097	0.096	0.096	0.093	0.094	0.094	0.096	0.094	0.095	0.094	0.724	0.762	0.837	0.827	0.871	0.837	0.829	0.880	0.828	0.855	0.096	0.094	0.843	0.769	0.865	0.792	0.769	0.749	0.823	0.825	0.801	0.862	0.095	0.094	0.807	0.764	0.823	0.776	0.767	0.850	0.838	0.821	0.830	0.854	0.096	0.098	0.813	0.794	0.861	0.796	0.793	0.327	0.836	0.701	0.843	0.844	0.094	0.097	0.824	0.845	0.769	0.754	0.728	0.857	0.803	0.768	0.874	0.913	0.094	0.097	0.853	0.834	0.774	0.791	0.821	0.879	0.763	0.827	0.910	0.905	0.093	0.097	0.094	0.097	0.094	0.094	0.100	0.096	0.097	0.097	0.095	0.094	0.094
50:00:52	21.7	0.096	0.093	0.097	0.096	0.096	0.097	0.093	0.094	0.094	0.096	0.094	0.095	0.094	0.730	0.768	0.842	0.833	0.877	0.847	0.839	0.888	0.843	0.862	0.096	0.094	0.850	0.777	0.872	0.805	0.778	0.759	0.825	0.830	0.808	0.872	0.095	0.094	0.818	0.775	0.826	0.787	0.772	0.847	0.846	0.834	0.833	0.862	0.096	0.098	0.821	0.805	0.867	0.806	0.802	0.340	0.842	0.715	0.852	0.852	0.094	0.097	0.835	0.854	0.785	0.764	0.745	0.863	0.819	0.782	0.887	0.920	0.094	0.097	0.863	0.845	0.789	0.809	0.839	0.830	0.782	0.851	0.842	0.820	0.094	0.096	0.094	0.097	0.094	0.094	0.100	0.096	0.096	0.097	0.095	0.094	0.094
51:00:52	21.8	0.096	0.093	0.096	0.096	0.096	0.096	0.093	0.093	0.094	0.096	0.093	0.095	0.094	0.740	0.772	0.850	0.845	0.881	0.851	0.841	0.889	0.840	0.869	0.096	0.094	0.859	0.786	0.877	0.816	0.786	0.765	0.829	0.837	0.812	0.872	0.095	0.093	0.830	0.786	0.834	0.799	0.781	0.857	0.845	0.838	0.841	0.866	0.096	0.098	0.832	0.815	0.874	0.816	0.811	0.350	0.847	0.724	0.859	0.861	0.094	0.097	0.846	0.858	0.794	0.772	0.758	0.866	0.828	0.797	0.895	0.925	0.094	0.097	0.873	0.856	0.803	0.821	0.852	0.887	0.795	0.864	0.903	0.876	0.093	0.097	0.094	0.097	0.094	0.094	0.099	0.096	0.097	0.096	0.095	0.094	0.094
52:00:53	21.6	0.096	0.093	0.096	0.097	0.096	0.097	0.093	0.093	0.094	0.096	0.094	0.094	0.094	0.748	0.776	0.859	0.854	0.884	0.859	0.850	0.896	0.855	0.875	0.096	0.094	0.871	0.798	0.882	0.828	0.798	0.774	0.833	0.849	0.817	0.873	0.095	0.093	0.845	0.797	0.841	0.813	0.790	0.863	0.847	0.846	0.848	0.871	0.095	0.098	0.849	0.829	0.881	0.827	0.821	0.362	0.855	0.737	0.868	0.869	0.093	0.097	0.860	0.866	0.811	0.786	0.774	0.874	0.837	0.814	0.902	0.937	0.094	0.097	0.884	0.873	0.823	0.840	0.872	0.906	0.814	0.885	0.924	0.897	0.093	0.096	0.094	0.097	0.094	0.094	0.099	0.096	0.097	0.096	0.095	0.094	0.093
53:00:53	21.3	0.096	0.093	0.096	0.096	0.096	0.097	0.093	0.094	0.094	0.096	0.093	0.095	0.094	0.759	0.780	0.873	0.865	0.888	0.861	0.854	0.902	0.859	0.879	0.096	0.094	0.885	0.811	0.888	0.842	0.809	0.780	0.837	0.856	0.823	0.880	0.095	0.093	0.861	0.811	0.850	0.828	0.798	0.871	0.853	0.856	0.857	0.876	0.096	0.098	0.866	0.843	0.889	0.841	0.833	0.375	0.864	0.748	0.881	0.880	0.093	0.097	0.877	0.874	0.825	0.799	0.787	0.880	0.846	0.830	0.910	0.944	0.094	0.096	0.899	0.890	0.840	0.856	0.886	0.916	0.830	0.903	0.938	0.913	0.093	0.096	0.094	0.097	0.094	0.094	0.099	0.096	0.097	0.097	0.095	0.094	0.094
54:00:55	21.0	0.096	0.093	0.096	0.096	0.096	0.096	0.093	0.093	0.094	0.096	0.093	0.095	0.094	0.770	0.784	0.877	0.873	0.891	0.869	0.860	0.911	0.878	0.886	0.096	0.094	0.899	0.825	0.895	0.854	0.823	0.784	0.843	0.863	0.828	0.890	0.095	0.094	0.883	0.824	0.858	0.844	0.810	0.877	0.863	0.864	0.868	0.882	0.096	0.098	0.884	0.859	0.897	0.856	0.846	0.386	0.872	0.759	0.895	0.891	0.093	0.097	0.895	0.881	0.840	0.814	0.799	0.889	0.856	0.846	0.916	0.954	0.094	0.096	0.910	0.906	0.864	0.873	0.903	0.930	0.849	0.922	0.951	0.929	0.093	0.096	0.094	0.096	0.094	0.094	0.099	0.096	0.096	0.097	0.095	0.094	0.093
55:00:56	20.7	0.095	0.093	0.097	0.096	0.096	0.096	0.093	0.093	0.094	0.096	0.093	0.095	0.094	0.784	0.789	0.889	0.883	0.894	0.874	0.866	0.919	0.880	0.889	0.096	0.095	0.913	0.839	0.901	0.866	0.837	0.789	0.847	0.873	0.833	0.895	0.095	0.093	0.900	0.841	0.867	0.860	0.823	0.885	0.869	0.874	0.877	0.885	0.096	0.098	0.903	0.875	0.903	0.871	0.860	0.399	0.881	0.768	0.909	0.899	0.093	0.097	0.913	0.892	0.858	0.830	0.809	0.899	0.864	0.864	0.924	0.963	0.094	0.097	0.923	0.922	0.885	0.893	0.919	0.937	0.869	0.940	0.963	0.945	0.093	0.096	0.094	0.096	0.094	0.094	0.099	0.096	0.096	0.096	0.095	0.094	0.094
56:00:56	20.4	0.096	0.093	0.096	0.096	0.096	0.096	0.093	0.093	0.094	0.096	0.093	0.095	0.094	0.797	0.793	0.896	0.893	0.896	0.879	0.872	0.929	0.891	0.894	0.096	0.094	0.926	0.854	0.906	0.876	0.850	0.792	0.853	0.882	0.837	0.906	0.095	0.093	0.918	0.857	0.874	0.876	0.836	0.892	0.875	0.880	0.885	0.890	0.096	0.098	0.920	0.891	0.913	0.885	0.875	0.410	0.889	0.778	0.921	0.910	0.093	0.097	0.930	0.899	0.874	0.845	0.817	0.907	0.872	0.881	0.929	0.972	0.094	0.097	0.933	0.934	0.905	0.910	0.933	0.945	0.888	0.955	0.969	0.956	0.093	0.096	0.094	0.096	0.094	0.094	0.100	0.096	0.097	0.096	0.095	0.094	0.093
57:00:58	20.2	0.096	0.093	0.095	0.096	0.096	0.096	0.093	0.094	0.094	0.096	0.094	0.095	0.094	0.809	0.797	0.907	0.902	0.900	0.884	0.875	0.937	0.902	0.898	0.096	0.094	0.939	0.870	0.911	0.887	0.866	0.796	0.859	0.889	0.842	0.912	0.095	0.094	0.934	0.873	0.884	0.892	0.850	0.899	0.881	0.888	0.893	0.893	0.096	0.098	0.935	0.906	0.919	0.899	0.892	0.419	0.899	0.788	0.933	0.919	0.094	0.097	0.945	0.908	0.888	0.860	0.824	0.918	0.878	0.898	0.936	0.977	0.094	0.097	0.940	0.944	0.921	0.927	0.947	0.954	0.903	0.970	0.981	0.967	0.093	0.096	0.094	0.097	0.094	0.094	0.100	0.096	0.097	0.097	0.095	0.094	0.093
58:00:59	20.0	0.096	0.093	0.096	0.096	0.096	0.096	0.093	0.093	0.094	0.096	0.093	0.095	0.094	0.818	0.802	0.916	0.913	0.902	0.891	0.884	0.946	0.909	0.901	0.096	0.094	0.948	0.880	0.916	0.895	0.882	0.798	0.865	0.897	0.847	0.924	0.095	0.093	0.945	0.886	0.892	0.907	0.865	0.910	0.889	0.897	0.903	0.895	0.096	0.097	0.946	0.921	0.929	0.913	0.906	0.428	0.903	0.798	0.944	0.928	0.093	0.096	0.954	0.916	0.901	0.874	0.829	0.927	0.884	0.912	0.943	0.985	0.094	0.097	0.942	0.953	0.934	0.936	0.956	0.956	0.913	0.983	0.989	0.975	0.093	0.096	0.094	0.097	0.094	0.094	0.099	0.096	0.096	0.096	0.095	0.094	0.094
59:01:00	20.0	0.096	0.093	0.096	0.096	0.096	0.096	0.093	0.093	0.093	0.096	0.093	0.095	0.094	0.826	0.804	0.922	0.919	0.906	0.895	0.887	0.953	0.918	0.905	0.096	0.093	0.957	0.888	0.918	0.901	0.893	0.800	0.869	0.905	0.850	0.926	0.095	0.094	0.950	0.899	0.899	0.919	0.874	0.915	0.893	0.905	0.910	0.898	0.095	0.097	0.953	0.932	0.936	0.925	0.919	0.436	0.912	0.805	0.952	0.933	0.093	0.097	0.962	0.922	0.911	0.882	0.834	0.935	0.888	0.923	0.949	0.988	0.094	0.097	0.949	0.959	0.941	0.944	0.967	0.971	0.918	0.991	0.996	0.986	0.093	0.096	0.094	0.096	0.094	0.094	0.100	0.096	0.096	0.096	0.095	0.094	0.093
60:00:59	20.0	0.096	0.093	0.096	0.096	0.096	0.097	0.093	0.094	0.094	0.096	0.094	0.095	0.094	0.829	0.808	0.930	0.926	0.909	0.901	0.895	0.963	0.926	0.909	0.096	0.094	0.963	0.893	0.923	0.907	0.904	0.802	0.872	0.913	0.854	0.931	0.095	0.094	0.954	0.906	0.910	0.929	0.882	0.921	0.903	0.912	0.919	0.901	0.096	0.098	0.960	0.940	0.943	0.936	0.929	0.443	0.919	0.812	0.959	0.939	0.093	0.097	0.969	0.930	0.918	0.888	0.837	0.941	0.893	0.932	0.955	0.994	0.094	0.097	0.956	0.966	0.947	0.950	0.969	0.974	0.922	1.002	1.006	0.994	0.093	0.096	0.094	0.097	0.094	0.094	0.098	0.096	0.097	0.096	0.095	0.094	0.094
61:01:01	20.0	0.096	0.093	0.096	0.096	0.096	0.097	0.093	0.093	0.094	0.096	0.094	0.095	0.094	0.837	0.811	0.937	0.931	0.912	0.909	0.903	0.972	0.931	0.912	0.096	0.094	0.971	0.900	0.927	0.913	0.916	0.803	0.879	0.919	0.858	0.943	0.096	0.094	0.962	0.914	0.917	0.940	0.891	0.929	0.908	0.918	0.925	0.904	0.096	0.098	0.967	0.950	0.949	0.947	0.939	0.445	0.923	0.816	0.966	0.949	0.094	0.097	0.976	0.937	0.926	0.892	0.839	0.948	0.897	0.939	0.960	1.003	0.094	0.097	0.963	0.972	0.953	0.957	0.978	0.981	0.928	1.008	1.007	1.002	0.093	0.096	0.094	0.097	0.094	0.094	0.099	0.096	0.097	0.096	0.095	0.094	0.094
62:01:03	19.9	0.096	0.093	0.098	0.097	0.096	0.097	0.093	0.094	0.094	0.096	0.094	0.095	0.094	0.846	0.815	0.942	0.937	0.915	0.916	0.908	0.977	0.939	0.916	0.096	0.094	0.979	0.906	0.931	0.916	0.923	0.804	0.883	0.928	0.861	0.946	0.095	0.094	0.964	0.919	0.925	0.947	0.897	0.935	0.914	0.925	0.935	0.909	0.096	0.098	0.975	0.958	0.956	0.956	0.947	0.449	0.929	0.820	0.971	0.954	0.094	0.097	0.982	0.943	0.933	0.899	0.840	0.953	0.901	0.945	0.965	1.006	0.094	0.097	0.969	0.979	0.959	0.965	0.985	0.984	0.931	1.017	1.013	1.011	0.094	0.097	0.094	0.097	0.094	0.094	0.103	0.096	0.097	0.097	0.096	0.094	0.094
63:01:03	19.9	0.096	0.093	0.096	0.096	0.096	0.096	0.093	0.094	0.093	0.096	0.094	0.095	0.094	0.853	0.817	0.946	0.944	0.918	0.921	0.914	0.985	0.943	0.919	0.096	0.094	0.986	0.911	0.934	0.921	0.933	0.803	0.890	0.933	0.866	0.951	0.095	0.094	0.969	0.927	0.933	0.955	0.905	0.942	0.920	0.931	0.939	0.911	0.096	0.097	0.981	0.965	0.962	0.964	0.955	0.452	0.936	0.822	0.979	0.960	0.093	0.097	0.989	0.949	0.939	0.905	0.840	0.963	0.904	0.952	0.970	1.012	0.094	0.096	0.975	0.985	0.967	0.972	0.994	0.986	0.937	1.024	1.022	1.018	0.093	0.096	0.094	0.096	0.094	0.094	0.102	0.096	0.096	0.096	0.095	0.094	0.094
64:01:04	19.8	0.096	0.093	0.096	0.097	0.096	0.096	0.093	0.094	0.094	0.096	0.094	0.095	0.094	0.858	0.818	0.953	0.950	0.922	0.924	0.917	0.993	0.953	0.923	0.096	0.094	0.994	0.915	0.937	0.925	0.941	0.803	0.893	0.940	0.870	0.955	0.095	0.094	0.975	0.932	0.939	0.963	0.913	0.947	0.922	0.940	0.945	0.914	0.096	0.098	0.987	0.972	0.970	0.974	0.962	0.455	0.941	0.826	0.985	0.965	0.093	0.097	0.994	0.955	0.946	0.911	0.840	0.964	0.907	0.960	0.976	1.017	0.094	0.097	0.982	0.992	0.971	0.978	1.002	0.991	0.941	1.032	1.033	1.025	0.093	0.097	0.094	0.097	0.094	0.094	0.101	0.096	0.096	0.097	0.095	0.094	0.094
65:01:04	19.9	0.096	0.093	0.097	0.096	0.096	0.097	0.093	0.094	0.094	0.096	0.094	0.095	0.094	0.863	0.822	0.957	0.956	0.925	0.932	0.921	1.000	0.957	0.925	0.096	0.101	1.000	0.920	0.940	0.928	0.950	0.802	0.899	0.943	0.873	0.962	0.096	0.094	0.978	0.937	0.947	0.971	0.919	0.957	0.930	0.945	0.950	0.918	0.096	0.098	0.993	0.981	0.977	0.982	0.971	0.457	0.946	0.826	0.991	0.971	0.094	0.097	1.000	0.963	0.952	0.916	0.839	0.969	0.910	0.967	0.981	1.024	0.094	0.097	0.988	0.997	0.977	0.985	1.008	1.000	0.945	1.037	1.041	1.033	0.094	0.097	0.094	0.097	0.094	0.094	0.101	0.096	0.097	0.097	0.095	0.094	0.094
66:01:07	19.9	0.096	0.093	0.097	0.096	0.096	0.096	0.093	0.093	0.094	0.096	0.094	0.095	0.094	0.869	0.822	0.963	0.960	0.928	0.937	0.926	1.005	0.982	0.930	0.096	0.094	1.007	0.924	0.943	0.930	0.956	0.802	0.901	0.953	0.876	0.965	0.095	0.094	0.979	0.942	0.952	0.978	0.926	0.960	0.958	0.951	0.955	0.921	0.095	0.097	0.998	0.987	0.982	0.989	0.977	0.459	0.951	0.826	0.998	0.976	0.093	0.097	1.005	0.966	0.958	0.920	0.836	0.976	0.912	0.973	0.985	1.026	0.094	0.097	0.994	1.006	0.982	0.992	1.016	1.012	0.947	1.046	1.047	1.039	0.093	0.096	0.094	0.096	0.094	0.094	0.101	0.096	0.096	0.096	0.095	0.094	0.093
67:01:08	19.8	0.096	0.093	0.096	0.096	0.096	0.096	0.093	0.094	0.094	0.095	0.093	0.095	0.094	0.873	0.826	0.968	0.966	0.931	0.941	0.934	1.011	1.005	0.936	0.096	0.094	1.014	0.928	0.947	0.933	0.964	0.804	0.907	0.958	0.877	0.966	0.095	0.093	0.981	0.947	0.957	0.983	0.931	0.963	0.942	0.959	0.961	0.924	0.095	0.098	1.004	0.993	0.987	0.996	0.985	0.464	0.957	0.827	1.003	0.981	0.093	0.097	1.010	0.972	0.964	0.925	0.837	0.981	0.915	0.980	0.990	1.032	0.094	0.096	1.001	1.013	0.990	1.000	1.026	1.012	0.958	1.055	1.053	1.056	0.093	0.096	0.094	0.096	0.094	0.094	0.099	0.096	0.096	0.096	0.095	0.094	0.094
68:01:09	20.0	0.096	0.093	0.098	0.096	0.096	0.096	0.093	0.093	0.094	0.096	0.094	0.095	0.094	0.875	0.823	0.972	0.971	0.935	0.952	0.937	1.017	0.988	0.937	0.096	0.094	1.020	0.933	0.948	0.934	0.970	0.800	0.912	0.961	0.878	0.972	0.095	0.094	0.982	0.949	0.962	0.992	0.938	0.969	0.949	0.962	0.962	0.928	0.096	0.097	1.007	0.999	0.991	1.003	0.991	0.466	0.960	0.825	1.008	0.985	0.093	0.097	1.014	0.975	0.969	0.928	0.835	0.985	0.916	0.988	0.993	1.036	0.094	0.097	1.006	1.019	0.994	1.005	1.032	1.012	0.960	1.060	1.055	1.061	0.093	0.096	0.094	0.096	0.094	0.094	0.099	0.096	0.096	0.096	0.095	0.094	0.094
69:01:09	20.4	0.096	0.093	0.096	0.096	0.096	0.096	0.093	0.093	0.093	0.096	0.093	0.095	0.094	0.878	0.822	0.975	0.974	0.938	0.956	0.939	1.021	1.024	0.940	0.096	0.094	1.026	0.937	0.950	0.933	0.977	0.800	0.916	0.964	0.880	0.976	0.095	0.094	0.981	0.951	0.967	0.997	0.944	0.972	0.946	0.966	0.966	0.930	0.096	0.098	1.011	1.005	0.995	1.008	0.997	0.470	0.966	0.823	1.012	0.989	0.093	0.097	1.018	0.982	0.975	0.933	0.832	0.989	0.916	0.993	0.997	1.042	0.094	0.097	1.011	1.025	1.000	1.013	1.039	1.021	0.965	1.066	1.067	1.067	0.093	0.096	0.094	0.097	0.094	0.094	0.099	0.096	0.097	0.096	0.095	0.094	0.093
70:01:09	20.9	0.096	0.093	0.096	0.096	0.096	0.096	0.093	0.093	0.093	0.096	0.094	0.095	0.094	0.879	0.819	0.973	0.976	0.940	0.959	0.944	1.022	0.969	0.944	0.096	0.094	1.029	0.938	0.950	0.929	0.978	0.796	0.919	0.967	0.886	0.976	0.095	0.093	0.980	0.952	0.970	1.000	0.944	0.976	0.951	0.969	0.970	0.934	0.095	0.098	1.011	1.007	0.997	1.011	1.000	0.473	0.969	0.818	1.014	0.990	0.093	0.097	1.018	0.983	0.976	0.935	0.824	0.991	0.914	0.997	0.998	1.045	0.094	0.097	1.014	1.030	1.005	1.018	1.045	1.014	0.974	1.072	1.071	1.072	0.093	0.097	0.094	0.097	0.094	0.094	0.099	0.096	0.096	0.096	0.095	0.094	0.094
71:01:11	21.4	0.096	0.093	0.096	0.096	0.096	0.096	0.093	0.093	0.094	0.096	0.093	0.095	0.094	0.880	0.816	0.976	0.979	0.941	0.963	0.947	1.025	0.979	0.947	0.096	0.094	1.029	0.939	0.950	0.926	0.982	0.793	0.923	0.971	0.894	0.979	0.095	0.093	0.978	0.954	0.974	1.003	0.947	0.979	0.955	0.972	0.974	0.937	0.095	0.097	1.012	1.010	1.000	1.014	1.003	0.477	0.972	0.815	1.017	0.993	0.093	0.097	1.020	0.986	0.979	0.937	0.820	0.994	0.913	1.004	0.999	1.050	0.093	0.097	1.018	1.035	1.008	1.025	1.050	1.013	0.976	1.078	1.076	1.077	0.093	0.096	0.094	0.097	0.094	0.094	0.099	0.096	0.096	0.097	0.095	0.094	0.094
72:01:11	21.9	0.096	0.093	0.096	0.096	0.096	0.096	0.093	0.093	0.093	0.096	0.093	0.095	0.094	0.882	0.812	0.979	0.983	0.941	0.970	0.950	1.026	0.982	0.950	0.096	0.093	1.030	0.939	0.950	0.921	0.985	0.788	0.927	0.975	0.904	0.980	0.095	0.093	0.977	0.957	0.978	1.005	0.949	0.979	0.959	0.977	0.979	0.940	0.095	0.097	1.015	1.012	1.003	1.018	1.006	0.481	0.976	0.807	1.020	0.997	0.093	0.097	1.020	0.991	0.982	0.939	0.813	0.997	0.910	1.007	0.999	1.052	0.094	0.096	1.021	1.038	1.011	1.031	1.054	1.018	0.981	1.082	1.081	1.080	0.093	0.096	0.094	0.096	0.094	0.094	0.099	0.096	0.096	0.096	0.095	0.094	0.093

