Time	T° 600	A1	A2	A3	A4	A5	A6	A7	A8	A9	A10	A11	A12	B1	B2	B3	B4	B5	B6	B7	B8	B9	B10	B11	B12	C1	C2	C3	C4	C5	C6	C7	C8	C9	C10	C11	C12	D1	D2	D3	D4	D5	D6	D7	D8	D9	D10	D11	D12	E1	E2	E3	E4	E5	E6	E7	E8	E9	E10	E11	E12	F1	F2	F3	F4	F5	F6	F7	F8	F9	F10	F11	F12	G1	G2	G3	G4	G5	G6	G7	G8	G9	G10	G11	G12	H1	H2	H3	H4	H5	H6	H7	H8	H9	H10	H11	H12
0:00:06	20.0	0.091	0.093	0.093	0.093	0.093	0.091	0.092	0.092	0.091	0.092	0.093	0.092	0.091	0.095	0.097	0.096	0.096	0.099	0.095	0.099	0.097	0.099	0.097	0.091	0.092	0.097	0.094	0.096	0.099	0.100	0.099	0.096	0.095	0.095	0.096	0.092	0.091	0.096	0.094	0.094	0.093	0.098	0.099	0.100	0.097	0.097	0.096	0.092	0.091	0.095	0.096	0.096	0.097	0.095	0.095	0.095	0.097	0.096	0.096	0.091	0.092	0.098	0.101	0.106	0.098	0.095	0.100	0.097	0.094	0.094	0.094	0.091	0.091	0.098	0.096	0.096	0.098	0.096	0.100	0.103	0.094	0.095	0.096	0.091	0.095	0.092	0.093	0.093	0.092	0.092	0.093	0.094	0.092	0.093	0.094	0.092
1:00:05	20.0	0.091	0.093	0.093	0.093	0.093	0.091	0.092	0.092	0.091	0.092	0.093	0.092	0.091	0.094	0.097	0.096	0.096	0.099	0.095	0.100	0.097	0.100	0.097	0.091	0.092	0.098	0.094	0.097	0.100	0.101	0.098	0.096	0.095	0.095	0.096	0.091	0.091	0.097	0.095	0.094	0.093	0.100	0.100	0.101	0.097	0.097	0.096	0.092	0.091	0.095	0.097	0.097	0.097	0.095	0.095	0.096	0.097	0.095	0.097	0.091	0.092	0.099	0.102	0.105	0.098	0.095	0.102	0.098	0.094	0.094	0.094	0.091	0.091	0.099	0.096	0.096	0.098	0.097	0.102	0.103	0.094	0.095	0.096	0.091	0.094	0.092	0.093	0.093	0.092	0.092	0.092	0.094	0.092	0.093	0.094	0.092
2:00:06	20.0	0.091	0.093	0.093	0.093	0.093	0.091	0.092	0.091	0.092	0.092	0.093	0.092	0.091	0.095	0.097	0.096	0.096	0.100	0.095	0.101	0.097	0.100	0.097	0.091	0.092	0.098	0.094	0.098	0.101	0.102	0.098	0.096	0.096	0.096	0.096	0.092	0.091	0.098	0.095	0.094	0.093	0.101	0.101	0.103	0.097	0.098	0.097	0.092	0.091	0.095	0.097	0.098	0.096	0.095	0.095	0.097	0.098	0.096	0.098	0.091	0.092	0.099	0.103	0.105	0.102	0.096	0.103	0.099	0.095	0.094	0.094	0.091	0.091	0.099	0.096	0.097	0.098	0.097	0.102	0.103	0.094	0.095	0.096	0.091	0.094	0.092	0.093	0.093	0.092	0.092	0.092	0.094	0.092	0.093	0.094	0.092
3:00:07	19.9	0.091	0.093	0.093	0.093	0.093	0.092	0.092	0.092	0.091	0.092	0.093	0.092	0.091	0.095	0.098	0.097	0.096	0.101	0.096	0.102	0.097	0.100	0.098	0.091	0.092	0.099	0.095	0.099	0.102	0.103	0.098	0.096	0.096	0.096	0.096	0.092	0.091	0.099	0.095	0.094	0.093	0.102	0.101	0.102	0.097	0.099	0.097	0.092	0.091	0.096	0.097	0.100	0.098	0.095	0.096	0.098	0.099	0.096	0.098	0.091	0.093	0.099	0.104	0.109	0.099	0.096	0.104	0.100	0.095	0.094	0.095	0.091	0.091	0.100	0.097	0.097	0.098	0.098	0.103	0.104	0.094	0.095	0.097	0.091	0.094	0.092	0.093	0.093	0.092	0.092	0.092	0.094	0.092	0.093	0.094	0.092
4:00:07	19.9	0.091	0.092	0.092	0.092	0.092	0.091	0.092	0.091	0.091	0.091	0.093	0.092	0.090	0.095	0.098	0.096	0.096	0.101	0.095	0.102	0.097	0.100	0.098	0.091	0.092	0.099	0.095	0.099	0.102	0.103	0.098	0.096	0.096	0.095	0.096	0.091	0.091	0.099	0.095	0.094	0.093	0.102	0.100	0.105	0.097	0.099	0.098	0.091	0.090	0.096	0.097	0.100	0.097	0.096	0.096	0.097	0.099	0.096	0.098	0.090	0.093	0.099	0.105	0.106	0.099	0.096	0.105	0.100	0.095	0.094	0.095	0.090	0.091	0.100	0.097	0.097	0.098	0.098	0.102	0.103	0.094	0.094	0.096	0.091	0.094	0.092	0.092	0.092	0.092	0.092	0.092	0.094	0.092	0.093	0.093	0.092
5:00:08	19.8	0.091	0.092	0.092	0.093	0.093	0.091	0.092	0.091	0.091	0.092	0.093	0.092	0.090	0.095	0.098	0.097	0.097	0.102	0.096	0.102	0.098	0.101	0.099	0.091	0.092	0.101	0.095	0.099	0.102	0.104	0.102	0.097	0.096	0.096	0.096	0.091	0.091	0.099	0.096	0.094	0.093	0.104	0.101	0.107	0.097	0.099	0.098	0.091	0.091	0.096	0.097	0.100	0.099	0.096	0.096	0.099	0.100	0.096	0.098	0.090	0.092	0.099	0.105	0.105	0.104	0.096	0.106	0.101	0.095	0.094	0.095	0.091	0.091	0.100	0.097	0.098	0.098	0.098	0.101	0.103	0.094	0.094	0.097	0.091	0.094	0.092	0.093	0.092	0.092	0.092	0.092	0.093	0.092	0.093	0.094	0.091
6:00:10	19.7	0.091	0.093	0.093	0.093	0.093	0.091	0.092	0.092	0.091	0.092	0.093	0.092	0.090	0.095	0.098	0.097	0.097	0.103	0.096	0.102	0.098	0.101	0.099	0.091	0.098	0.102	0.096	0.100	0.102	0.104	0.103	0.097	0.097	0.096	0.097	0.091	0.091	0.099	0.096	0.095	0.094	0.105	0.101	0.106	0.098	0.099	0.099	0.091	0.091	0.096	0.098	0.101	0.099	0.097	0.096	0.099	0.101	0.096	0.099	0.091	0.092	0.100	0.105	0.111	0.102	0.097	0.105	0.102	0.096	0.094	0.095	0.091	0.091	0.101	0.098	0.098	0.098	0.099	0.101	0.103	0.095	0.094	0.098	0.091	0.094	0.092	0.093	0.092	0.092	0.092	0.092	0.094	0.092	0.093	0.094	0.092
7:00:11	19.7	0.091	0.093	0.093	0.093	0.093	0.091	0.092	0.092	0.092	0.092	0.093	0.092	0.091	0.095	0.099	0.097	0.097	0.103	0.096	0.102	0.098	0.102	0.101	0.091	0.092	0.102	0.097	0.101	0.104	0.104	0.103	0.097	0.097	0.096	0.097	0.092	0.091	0.100	0.097	0.095	0.094	0.105	0.104	0.110	0.098	0.100	0.100	0.092	0.091	0.096	0.098	0.101	0.099	0.097	0.096	0.100	0.102	0.097	0.099	0.091	0.092	0.100	0.108	0.109	0.102	0.097	0.108	0.103	0.097	0.094	0.096	0.091	0.091	0.101	0.099	0.099	0.098	0.100	0.101	0.104	0.095	0.095	0.098	0.091	0.094	0.092	0.093	0.092	0.092	0.092	0.092	0.094	0.092	0.093	0.094	0.092
8:00:10	19.6	0.091	0.093	0.093	0.093	0.093	0.091	0.092	0.091	0.091	0.092	0.093	0.092	0.090	0.095	0.099	0.097	0.097	0.103	0.096	0.104	0.099	0.102	0.100	0.091	0.092	0.102	0.097	0.102	0.105	0.103	0.101	0.098	0.098	0.096	0.097	0.091	0.091	0.099	0.097	0.095	0.094	0.102	0.104	0.109	0.098	0.100	0.100	0.092	0.091	0.096	0.098	0.101	0.099	0.098	0.096	0.100	0.102	0.096	0.099	0.091	0.093	0.100	0.106	0.104	0.101	0.097	0.110	0.104	0.097	0.094	0.096	0.091	0.091	0.102	0.100	0.099	0.098	0.100	0.103	0.104	0.095	0.094	0.099	0.091	0.094	0.092	0.093	0.093	0.092	0.092	0.092	0.094	0.092	0.094	0.094	0.092
9:00:13	19.5	0.091	0.093	0.093	0.093	0.093	0.091	0.092	0.092	0.091	0.092	0.093	0.092	0.090	0.095	0.100	0.097	0.097	0.104	0.096	0.103	0.099	0.103	0.101	0.091	0.092	0.103	0.098	0.103	0.106	0.104	0.102	0.098	0.099	0.095	0.097	0.091	0.091	0.100	0.098	0.095	0.094	0.102	0.104	0.110	0.098	0.100	0.102	0.092	0.091	0.096	0.098	0.100	0.099	0.099	0.096	0.100	0.103	0.096	0.099	0.091	0.091	0.100	0.104	0.105	0.102	0.097	0.111	0.105	0.099	0.094	0.096	0.091	0.091	0.101	0.100	0.100	0.098	0.101	0.105	0.104	0.095	0.094	0.100	0.091	0.094	0.092	0.093	0.093	0.092	0.092	0.092	0.094	0.092	0.093	0.094	0.092
10:00:13	19.4	0.091	0.093	0.093	0.093	0.093	0.091	0.092	0.091	0.091	0.092	0.093	0.092	0.090	0.095	0.099	0.097	0.097	0.105	0.096	0.102	0.100	0.103	0.102	0.091	0.092	0.104	0.098	0.104	0.106	0.104	0.102	0.098	0.100	0.096	0.097	0.091	0.091	0.101	0.099	0.095	0.094	0.106	0.105	0.111	0.099	0.101	0.104	0.091	0.091	0.096	0.098	0.100	0.100	0.100	0.097	0.099	0.106	0.096	0.100	0.091	0.091	0.100	0.105	0.106	0.102	0.097	0.114	0.104	0.100	0.095	0.096	0.091	0.091	0.102	0.101	0.101	0.098	0.101	0.106	0.105	0.095	0.094	0.102	0.091	0.094	0.092	0.093	0.093	0.092	0.092	0.092	0.094	0.092	0.093	0.094	0.092
11:00:14	19.4	0.091	0.093	0.093	0.093	0.093	0.091	0.092	0.091	0.091	0.092	0.093	0.092	0.091	0.096	0.100	0.098	0.098	0.107	0.097	0.107	0.101	0.104	0.104	0.091	0.092	0.105	0.100	0.105	0.109	0.107	0.103	0.098	0.101	0.096	0.098	0.092	0.091	0.101	0.100	0.095	0.094	0.106	0.105	0.112	0.099	0.101	0.106	0.092	0.091	0.096	0.098	0.101	0.100	0.102	0.097	0.099	0.109	0.096	0.101	0.091	0.092	0.100	0.104	0.111	0.101	0.097	0.116	0.102	0.101	0.095	0.096	0.091	0.091	0.102	0.102	0.101	0.098	0.102	0.106	0.106	0.095	0.094	0.103	0.091	0.094	0.092	0.093	0.093	0.092	0.092	0.092	0.094	0.094	0.093	0.094	0.092
12:00:16	19.3	0.091	0.093	0.093	0.093	0.093	0.091	0.092	0.091	0.091	0.092	0.093	0.092	0.091	0.096	0.101	0.098	0.098	0.108	0.097	0.104	0.101	0.105	0.106	0.091	0.092	0.106	0.101	0.105	0.110	0.108	0.104	0.098	0.103	0.096	0.098	0.092	0.091	0.100	0.101	0.096	0.094	0.104	0.104	0.113	0.099	0.102	0.108	0.092	0.091	0.096	0.099	0.101	0.101	0.104	0.097	0.099	0.110	0.096	0.102	0.091	0.092	0.101	0.105	0.110	0.101	0.098	0.116	0.101	0.103	0.095	0.097	0.091	0.091	0.102	0.103	0.103	0.098	0.103	0.105	0.107	0.095	0.094	0.104	0.091	0.094	0.092	0.093	0.093	0.092	0.092	0.092	0.094	0.092	0.094	0.094	0.092
13:00:17	19.3	0.091	0.093	0.093	0.093	0.093	0.092	0.092	0.092	0.091	0.092	0.093	0.093	0.091	0.096	0.101	0.098	0.098	0.110	0.097	0.106	0.102	0.105	0.108	0.091	0.092	0.107	0.102	0.108	0.111	0.110	0.106	0.099	0.105	0.096	0.098	0.092	0.091	0.101	0.102	0.096	0.094	0.102	0.104	0.115	0.100	0.103	0.111	0.092	0.091	0.096	0.099	0.101	0.102	0.105	0.097	0.098	0.111	0.096	0.104	0.091	0.092	0.101	0.105	0.109	0.101	0.098	0.119	0.102	0.106	0.096	0.097	0.091	0.091	0.101	0.105	0.104	0.098	0.103	0.103	0.109	0.095	0.094	0.106	0.091	0.095	0.092	0.093	0.093	0.092	0.092	0.092	0.094	0.092	0.093	0.094	0.092
14:00:17	19.3	0.091	0.093	0.093	0.093	0.093	0.092	0.092	0.092	0.091	0.092	0.093	0.093	0.091	0.096	0.100	0.098	0.098	0.111	0.097	0.108	0.103	0.106	0.110	0.092	0.092	0.108	0.103	0.109	0.113	0.107	0.107	0.099	0.108	0.096	0.099	0.092	0.091	0.101	0.103	0.096	0.095	0.104	0.105	0.116	0.100	0.104	0.114	0.092	0.091	0.097	0.099	0.102	0.103	0.108	0.097	0.098	0.113	0.096	0.104	0.091	0.092	0.101	0.105	0.108	0.101	0.098	0.121	0.102	0.109	0.096	0.097	0.091	0.091	0.102	0.107	0.105	0.098	0.105	0.102	0.110	0.096	0.094	0.110	0.091	0.094	0.092	0.093	0.093	0.092	0.092	0.092	0.094	0.092	0.093	0.094	0.092
15:00:18	19.5	0.091	0.093	0.093	0.094	0.093	0.092	0.093	0.092	0.092	0.092	0.094	0.093	0.091	0.096	0.099	0.098	0.098	0.112	0.097	0.105	0.105	0.107	0.112	0.091	0.092	0.109	0.105	0.107	0.114	0.105	0.109	0.099	0.111	0.096	0.099	0.092	0.091	0.101	0.105	0.096	0.095	0.104	0.105	0.118	0.100	0.105	0.117	0.092	0.091	0.097	0.099	0.102	0.104	0.110	0.098	0.098	0.116	0.096	0.105	0.091	0.094	0.102	0.107	0.106	0.101	0.098	0.125	0.103	0.112	0.096	0.098	0.091	0.091	0.102	0.109	0.107	0.098	0.106	0.102	0.111	0.095	0.094	0.113	0.091	0.095	0.092	0.093	0.093	0.092	0.092	0.092	0.094	0.093	0.094	0.094	0.092
16:00:20	19.6	0.091	0.093	0.093	0.093	0.093	0.091	0.092	0.092	0.091	0.092	0.093	0.092	0.090	0.096	0.099	0.098	0.098	0.113	0.097	0.107	0.106	0.107	0.116	0.091	0.092	0.110	0.106	0.110	0.116	0.105	0.111	0.099	0.115	0.096	0.099	0.091	0.091	0.098	0.107	0.096	0.095	0.103	0.105	0.118	0.101	0.106	0.120	0.091	0.091	0.097	0.099	0.103	0.105	0.114	0.097	0.098	0.118	0.096	0.105	0.091	0.092	0.102	0.108	0.104	0.100	0.098	0.128	0.103	0.116	0.097	0.098	0.091	0.091	0.100	0.112	0.109	0.098	0.107	0.103	0.112	0.095	0.094	0.117	0.091	0.095	0.092	0.093	0.093	0.092	0.092	0.092	0.094	0.093	0.093	0.094	0.092
17:00:20	19.7	0.091	0.093	0.093	0.093	0.093	0.092	0.092	0.092	0.091	0.092	0.094	0.093	0.090	0.096	0.099	0.098	0.099	0.114	0.098	0.106	0.107	0.108	0.120	0.091	0.092	0.112	0.109	0.113	0.117	0.104	0.113	0.099	0.119	0.096	0.100	0.092	0.091	0.100	0.110	0.097	0.095	0.103	0.104	0.121	0.101	0.107	0.124	0.092	0.091	0.097	0.099	0.104	0.106	0.118	0.098	0.098	0.121	0.096	0.105	0.091	0.092	0.103	0.111	0.107	0.100	0.098	0.130	0.102	0.120	0.098	0.098	0.091	0.091	0.100	0.115	0.111	0.098	0.108	0.104	0.113	0.096	0.094	0.120	0.091	0.094	0.092	0.093	0.093	0.092	0.092	0.092	0.094	0.093	0.093	0.094	0.092
18:00:23	19.7	0.091	0.093	0.093	0.093	0.093	0.091	0.092	0.092	0.091	0.092	0.093	0.093	0.091	0.096	0.098	0.098	0.098	0.117	0.098	0.108	0.109	0.109	0.124	0.092	0.092	0.115	0.111	0.111	0.119	0.106	0.115	0.099	0.124	0.096	0.100	0.092	0.091	0.100	0.112	0.097	0.095	0.102	0.104	0.122	0.101	0.108	0.128	0.092	0.091	0.097	0.099	0.105	0.107	0.122	0.098	0.097	0.125	0.095	0.106	0.091	0.091	0.104	0.112	0.107	0.099	0.098	0.131	0.102	0.125	0.098	0.098	0.090	0.091	0.100	0.118	0.114	0.098	0.110	0.103	0.116	0.095	0.094	0.124	0.091	0.095	0.092	0.093	0.093	0.092	0.092	0.092	0.094	0.092	0.094	0.094	0.092
19:00:21	19.6	0.091	0.093	0.093	0.093	0.093	0.091	0.092	0.092	0.091	0.092	0.093	0.092	0.090	0.096	0.100	0.098	0.098	0.118	0.098	0.108	0.111	0.110	0.128	0.091	0.092	0.118	0.114	0.115	0.122	0.109	0.117	0.100	0.129	0.096	0.100	0.092	0.091	0.100	0.115	0.097	0.095	0.104	0.104	0.124	0.101	0.109	0.132	0.092	0.091	0.097	0.099	0.107	0.109	0.126	0.098	0.097	0.131	0.095	0.106	0.091	0.092	0.105	0.112	0.108	0.099	0.097	0.134	0.102	0.129	0.099	0.098	0.091	0.091	0.099	0.122	0.116	0.097	0.112	0.103	0.114	0.095	0.094	0.128	0.091	0.094	0.092	0.093	0.093	0.092	0.092	0.092	0.093	0.092	0.094	0.094	0.092
20:00:22	19.6	0.091	0.093	0.093	0.093	0.093	0.091	0.092	0.091	0.091	0.092	0.094	0.092	0.090	0.096	0.099	0.098	0.099	0.121	0.099	0.105	0.113	0.111	0.132	0.091	0.092	0.121	0.117	0.117	0.123	0.110	0.121	0.100	0.132	0.096	0.100	0.092	0.091	0.100	0.118	0.097	0.095	0.104	0.104	0.128	0.102	0.111	0.136	0.091	0.091	0.096	0.099	0.108	0.110	0.130	0.098	0.096	0.134	0.095	0.106	0.091	0.092	0.105	0.116	0.107	0.099	0.097	0.136	0.101	0.132	0.100	0.099	0.091	0.091	0.099	0.125	0.117	0.097	0.113	0.104	0.117	0.095	0.094	0.132	0.091	0.094	0.092	0.093	0.093	0.092	0.092	0.092	0.094	0.092	0.093	0.094	0.092
21:00:23	19.6	0.091	0.092	0.093	0.093	0.093	0.092	0.092	0.092	0.091	0.092	0.093	0.093	0.091	0.096	0.097	0.098	0.099	0.123	0.099	0.107	0.116	0.113	0.138	0.091	0.092	0.123	0.121	0.118	0.123	0.108	0.127	0.101	0.136	0.096	0.101	0.091	0.091	0.099	0.122	0.097	0.095	0.101	0.103	0.130	0.102	0.113	0.140	0.092	0.091	0.096	0.099	0.110	0.113	0.135	0.098	0.097	0.138	0.095	0.107	0.091	0.092	0.106	0.119	0.104	0.099	0.097	0.139	0.101	0.136	0.101	0.099	0.091	0.091	0.099	0.129	0.120	0.097	0.116	0.105	0.119	0.095	0.094	0.136	0.091	0.094	0.092	0.093	0.093	0.092	0.092	0.092	0.094	0.092	0.094	0.094	0.092
22:00:24	19.5	0.091	0.093	0.093	0.093	0.093	0.092	0.092	0.092	0.091	0.092	0.093	0.092	0.091	0.096	0.098	0.098	0.099	0.127	0.099	0.108	0.120	0.115	0.142	0.091	0.092	0.125	0.125	0.124	0.128	0.107	0.131	0.100	0.139	0.096	0.101	0.092	0.091	0.099	0.126	0.097	0.095	0.101	0.103	0.132	0.103	0.115	0.143	0.092	0.091	0.096	0.099	0.112	0.115	0.139	0.098	0.097	0.141	0.095	0.106	0.091	0.092	0.108	0.120	0.104	0.098	0.097	0.142	0.101	0.138	0.102	0.099	0.091	0.091	0.098	0.132	0.124	0.098	0.119	0.107	0.116	0.095	0.094	0.139	0.091	0.095	0.092	0.093	0.093	0.092	0.092	0.092	0.094	0.092	0.093	0.094	0.092
23:00:26	19.5	0.091	0.092	0.093	0.093	0.093	0.091	0.092	0.091	0.091	0.092	0.093	0.092	0.090	0.096	0.097	0.097	0.098	0.130	0.099	0.108	0.124	0.116	0.146	0.091	0.092	0.128	0.129	0.127	0.132	0.108	0.133	0.100	0.143	0.096	0.101	0.091	0.091	0.098	0.129	0.097	0.094	0.099	0.102	0.135	0.103	0.116	0.145	0.091	0.091	0.096	0.099	0.114	0.118	0.142	0.098	0.096	0.144	0.095	0.106	0.091	0.091	0.109	0.120	0.103	0.098	0.097	0.144	0.100	0.141	0.103	0.099	0.090	0.091	0.098	0.136	0.127	0.097	0.122	0.106	0.113	0.095	0.094	0.141	0.091	0.094	0.092	0.093	0.092	0.092	0.092	0.092	0.093	0.092	0.093	0.094	0.091
24:00:26	19.6	0.091	0.093	0.093	0.093	0.093	0.092	0.092	0.092	0.092	0.092	0.093	0.092	0.090	0.096	0.099	0.098	0.098	0.133	0.099	0.106	0.128	0.118	0.150	0.091	0.092	0.130	0.134	0.130	0.133	0.107	0.136	0.101	0.146	0.096	0.102	0.092	0.091	0.098	0.134	0.097	0.094	0.102	0.103	0.139	0.103	0.119	0.148	0.092	0.091	0.096	0.099	0.118	0.121	0.146	0.098	0.096	0.146	0.095	0.106	0.091	0.091	0.111	0.123	0.103	0.098	0.097	0.147	0.100	0.144	0.105	0.100	0.091	0.091	0.098	0.140	0.131	0.097	0.126	0.105	0.120	0.095	0.094	0.144	0.091	0.094	0.092	0.093	0.093	0.092	0.092	0.092	0.094	0.092	0.094	0.094	0.092
25:00:27	19.5	0.091	0.092	0.093	0.093	0.093	0.091	0.092	0.091	0.091	0.092	0.093	0.092	0.090	0.096	0.097	0.097	0.098	0.138	0.099	0.107	0.132	0.121	0.153	0.091	0.092	0.132	0.139	0.134	0.136	0.106	0.139	0.100	0.149	0.096	0.102	0.091	0.091	0.098	0.138	0.097	0.094	0.101	0.103	0.144	0.103	0.121	0.150	0.091	0.091	0.095	0.099	0.121	0.125	0.150	0.098	0.096	0.148	0.095	0.105	0.091	0.091	0.112	0.125	0.104	0.098	0.097	0.150	0.099	0.146	0.108	0.100	0.090	0.091	0.097	0.144	0.135	0.097	0.130	0.106	0.119	0.095	0.094	0.146	0.091	0.094	0.092	0.093	0.093	0.092	0.092	0.092	0.094	0.092	0.093	0.094	0.092
26:00:28	19.5	0.091	0.093	0.093	0.093	0.093	0.092	0.092	0.092	0.091	0.092	0.093	0.092	0.091	0.096	0.097	0.097	0.098	0.144	0.100	0.104	0.137	0.124	0.157	0.091	0.092	0.136	0.144	0.139	0.142	0.107	0.143	0.101	0.153	0.096	0.102	0.092	0.091	0.097	0.143	0.097	0.094	0.099	0.103	0.149	0.104	0.125	0.153	0.092	0.091	0.096	0.099	0.126	0.130	0.155	0.098	0.096	0.150	0.095	0.106	0.091	0.092	0.115	0.129	0.103	0.097	0.097	0.153	0.099	0.150	0.110	0.100	0.091	0.091	0.097	0.149	0.139	0.097	0.135	0.105	0.115	0.095	0.094	0.149	0.091	0.094	0.092	0.093	0.093	0.092	0.092	0.093	0.094	0.092	0.094	0.094	0.092
27:00:30	19.5	0.091	0.093	0.093	0.093	0.093	0.092	0.092	0.092	0.092	0.092	0.094	0.093	0.091	0.096	0.097	0.097	0.099	0.150	0.100	0.105	0.142	0.128	0.161	0.091	0.092	0.139	0.150	0.143	0.147	0.107	0.149	0.102	0.157	0.096	0.103	0.092	0.091	0.097	0.148	0.097	0.094	0.099	0.102	0.155	0.105	0.129	0.156	0.092	0.091	0.096	0.099	0.131	0.135	0.160	0.098	0.096	0.154	0.095	0.106	0.091	0.092	0.117	0.134	0.103	0.098	0.097	0.157	0.099	0.154	0.113	0.100	0.091	0.091	0.098	0.154	0.145	0.097	0.141	0.104	0.112	0.095	0.094	0.152	0.091	0.094	0.092	0.093	0.093	0.092	0.092	0.093	0.094	0.093	0.094	0.094	0.092
28:00:29	19.4	0.091	0.093	0.093	0.093	0.093	0.092	0.092	0.092	0.091	0.092	0.093	0.092	0.091	0.096	0.096	0.097	0.098	0.156	0.100	0.106	0.147	0.132	0.165	0.091	0.092	0.143	0.157	0.147	0.154	0.106	0.155	0.102	0.162	0.096	0.103	0.092	0.091	0.096	0.153	0.097	0.094	0.098	0.102	0.161	0.105	0.133	0.160	0.092	0.091	0.096	0.099	0.137	0.141	0.166	0.098	0.096	0.157	0.095	0.105	0.091	0.092	0.121	0.139	0.103	0.098	0.097	0.161	0.099	0.158	0.116	0.100	0.091	0.091	0.097	0.160	0.150	0.097	0.146	0.104	0.113	0.095	0.094	0.155	0.091	0.094	0.092	0.093	0.093	0.093	0.092	0.093	0.094	0.092	0.094	0.094	0.092
29:00:31	19.3	0.091	0.093	0.093	0.093	0.093	0.092	0.092	0.091	0.092	0.092	0.093	0.092	0.091	0.096	0.096	0.097	0.098	0.163	0.100	0.105	0.151	0.137	0.170	0.091	0.092	0.147	0.165	0.153	0.160	0.106	0.161	0.102	0.167	0.096	0.104	0.092	0.091	0.096	0.159	0.097	0.094	0.100	0.102	0.167	0.105	0.138	0.164	0.092	0.091	0.095	0.098	0.143	0.148	0.173	0.097	0.096	0.161	0.095	0.105	0.091	0.092	0.124	0.144	0.104	0.097	0.097	0.168	0.099	0.163	0.120	0.100	0.090	0.091	0.097	0.166	0.156	0.097	0.153	0.104	0.114	0.095	0.094	0.159	0.091	0.094	0.092	0.093	0.093	0.092	0.092	0.092	0.094	0.092	0.093	0.094	0.092
30:00:32	19.3	0.091	0.093	0.093	0.093	0.093	0.092	0.092	0.092	0.092	0.092	0.093	0.092	0.090	0.096	0.096	0.097	0.098	0.172	0.100	0.104	0.157	0.142	0.175	0.091	0.092	0.152	0.174	0.160	0.168	0.105	0.169	0.102	0.172	0.096	0.104	0.091	0.091	0.096	0.166	0.097	0.094	0.098	0.102	0.175	0.105	0.143	0.170	0.092	0.091	0.095	0.098	0.150	0.154	0.180	0.097	0.096	0.166	0.095	0.105	0.091	0.092	0.129	0.150	0.105	0.097	0.097	0.176	0.099	0.168	0.125	0.101	0.091	0.091	0.097	0.173	0.164	0.097	0.161	0.104	0.114	0.095	0.094	0.164	0.091	0.094	0.092	0.093	0.093	0.092	0.092	0.092	0.093	0.092	0.094	0.094	0.092
31:00:33	19.3	0.091	0.093	0.093	0.093	0.093	0.092	0.092	0.092	0.092	0.092	0.094	0.093	0.091	0.096	0.096	0.097	0.098	0.182	0.101	0.105	0.163	0.148	0.181	0.091	0.092	0.158	0.184	0.168	0.177	0.106	0.178	0.102	0.178	0.096	0.104	0.092	0.091	0.096	0.175	0.097	0.094	0.099	0.101	0.184	0.106	0.150	0.176	0.092	0.091	0.095	0.098	0.157	0.163	0.188	0.098	0.096	0.171	0.095	0.105	0.091	0.092	0.134	0.157	0.104	0.097	0.097	0.184	0.099	0.174	0.130	0.101	0.091	0.091	0.097	0.183	0.172	0.097	0.169	0.103	0.112	0.095	0.094	0.171	0.091	0.095	0.092	0.093	0.093	0.092	0.092	0.093	0.094	0.093	0.094	0.094	0.092
32:00:33	19.2	0.091	0.093	0.093	0.093	0.093	0.092	0.092	0.092	0.092	0.092	0.093	0.093	0.091	0.096	0.097	0.097	0.098	0.192	0.101	0.103	0.169	0.155	0.188	0.092	0.092	0.164	0.194	0.177	0.187	0.106	0.188	0.103	0.185	0.096	0.104	0.092	0.091	0.096	0.184	0.097	0.094	0.097	0.101	0.194	0.106	0.157	0.182	0.092	0.091	0.095	0.098	0.164	0.171	0.197	0.098	0.096	0.177	0.095	0.105	0.091	0.092	0.140	0.164	0.104	0.097	0.096	0.193	0.098	0.180	0.135	0.101	0.091	0.091	0.097	0.192	0.181	0.097	0.179	0.103	0.110	0.095	0.094	0.177	0.091	0.094	0.092	0.093	0.093	0.092	0.092	0.092	0.094	0.093	0.094	0.094	0.092
33:00:34	19.2	0.091	0.093	0.093	0.093	0.093	0.092	0.092	0.092	0.091	0.092	0.093	0.092	0.091	0.095	0.095	0.097	0.098	0.204	0.101	0.104	0.175	0.162	0.196	0.091	0.092	0.172	0.204	0.187	0.197	0.105	0.199	0.103	0.192	0.096	0.105	0.092	0.091	0.096	0.193	0.097	0.094	0.098	0.101	0.205	0.106	0.165	0.190	0.092	0.091	0.095	0.098	0.172	0.180	0.206	0.097	0.096	0.185	0.095	0.105	0.091	0.091	0.145	0.173	0.103	0.097	0.097	0.203	0.098	0.187	0.141	0.101	0.091	0.091	0.097	0.203	0.191	0.097	0.190	0.103	0.109	0.095	0.094	0.185	0.091	0.095	0.092	0.093	0.093	0.093	0.092	0.092	0.094	0.093	0.093	0.094	0.092
34:00:36	19.2	0.091	0.093	0.093	0.094	0.093	0.092	0.093	0.092	0.092	0.092	0.094	0.093	0.091	0.096	0.096	0.097	0.098	0.215	0.101	0.102	0.181	0.171	0.204	0.092	0.092	0.180	0.216	0.198	0.208	0.106	0.211	0.103	0.200	0.096	0.105	0.092	0.091	0.095	0.204	0.097	0.094	0.097	0.100	0.216	0.107	0.174	0.198	0.092	0.091	0.095	0.098	0.181	0.192	0.215	0.097	0.096	0.193	0.095	0.105	0.091	0.092	0.152	0.182	0.102	0.097	0.097	0.215	0.099	0.195	0.147	0.101	0.091	0.091	0.097	0.213	0.202	0.097	0.202	0.102	0.109	0.095	0.094	0.194	0.091	0.095	0.093	0.093	0.093	0.092	0.093	0.093	0.094	0.093	0.094	0.094	0.092
35:00:37	19.1	0.091	0.093	0.093	0.093	0.093	0.092	0.092	0.092	0.092	0.092	0.094	0.093	0.091	0.096	0.096	0.097	0.098	0.228	0.101	0.102	0.189	0.180	0.214	0.092	0.092	0.189	0.228	0.211	0.220	0.104	0.225	0.103	0.208	0.095	0.105	0.092	0.091	0.095	0.216	0.097	0.094	0.097	0.100	0.230	0.107	0.184	0.206	0.092	0.091	0.095	0.098	0.190	0.205	0.225	0.098	0.096	0.202	0.095	0.105	0.091	0.092	0.159	0.193	0.102	0.097	0.097	0.228	0.099	0.202	0.154	0.101	0.091	0.091	0.097	0.225	0.213	0.097	0.217	0.102	0.108	0.095	0.094	0.204	0.091	0.094	0.093	0.093	0.093	0.092	0.093	0.092	0.094	0.093	0.094	0.094	0.092
36:00:37	19.1	0.091	0.092	0.093	0.094	0.093	0.092	0.092	0.092	0.091	0.092	0.093	0.092	0.090	0.095	0.095	0.096	0.097	0.240	0.101	0.102	0.197	0.190	0.223	0.091	0.092	0.199	0.239	0.224	0.232	0.104	0.239	0.103	0.217	0.095	0.105	0.092	0.091	0.094	0.228	0.097	0.094	0.096	0.099	0.243	0.107	0.194	0.215	0.092	0.091	0.095	0.098	0.199	0.219	0.235	0.097	0.096	0.211	0.095	0.104	0.091	0.091	0.167	0.205	0.101	0.097	0.096	0.240	0.098	0.211	0.161	0.101	0.091	0.091	0.096	0.237	0.226	0.097	0.232	0.102	0.107	0.094	0.094	0.214	0.091	0.094	0.092	0.093	0.093	0.092	0.092	0.092	0.094	0.092	0.093	0.094	0.092
37:00:37	19.1	0.091	0.093	0.093	0.093	0.093	0.092	0.092	0.092	0.091	0.092	0.094	0.093	0.090	0.095	0.095	0.096	0.097	0.254	0.102	0.102	0.206	0.201	0.234	0.091	0.092	0.211	0.252	0.239	0.246	0.103	0.254	0.103	0.227	0.095	0.105	0.092	0.091	0.095	0.242	0.096	0.094	0.096	0.099	0.258	0.107	0.206	0.226	0.092	0.091	0.095	0.098	0.211	0.235	0.247	0.097	0.095	0.222	0.095	0.104	0.091	0.092	0.176	0.219	0.101	0.097	0.096	0.254	0.099	0.220	0.169	0.101	0.091	0.091	0.096	0.249	0.238	0.097	0.247	0.102	0.107	0.095	0.094	0.225	0.091	0.094	0.093	0.093	0.093	0.092	0.092	0.092	0.094	0.092	0.094	0.094	0.092
38:00:38	19.2	0.091	0.092	0.093	0.093	0.093	0.092	0.092	0.091	0.091	0.092	0.093	0.092	0.091	0.095	0.095	0.096	0.097	0.268	0.102	0.102	0.216	0.213	0.244	0.091	0.092	0.223	0.264	0.254	0.259	0.103	0.268	0.103	0.236	0.095	0.105	0.092	0.091	0.094	0.255	0.096	0.093	0.096	0.098	0.272	0.107	0.217	0.236	0.091	0.091	0.095	0.097	0.225	0.251	0.258	0.097	0.096	0.232	0.095	0.104	0.091	0.092	0.186	0.234	0.100	0.097	0.096	0.267	0.098	0.229	0.178	0.101	0.091	0.091	0.096	0.261	0.251	0.097	0.262	0.101	0.106	0.094	0.093	0.236	0.091	0.094	0.092	0.093	0.093	0.092	0.092	0.092	0.094	0.092	0.093	0.094	0.092
39:00:41	19.2	0.091	0.092	0.093	0.093	0.093	0.092	0.092	0.092	0.092	0.092	0.093	0.092	0.090	0.095	0.095	0.096	0.097	0.280	0.102	0.101	0.228	0.226	0.255	0.091	0.092	0.237	0.276	0.269	0.273	0.103	0.281	0.103	0.247	0.095	0.106	0.092	0.091	0.094	0.268	0.096	0.093	0.096	0.098	0.286	0.107	0.229	0.247	0.092	0.091	0.095	0.098	0.240	0.267	0.270	0.097	0.095	0.243	0.095	0.103	0.091	0.092	0.198	0.251	0.100	0.097	0.096	0.281	0.098	0.237	0.189	0.101	0.091	0.091	0.096	0.273	0.265	0.097	0.278	0.102	0.106	0.094	0.093	0.248	0.091	0.094	0.092	0.093	0.093	0.092	0.092	0.092	0.094	0.092	0.094	0.094	0.092
40:00:41	19.2	0.091	0.092	0.093	0.093	0.093	0.092	0.092	0.091	0.091	0.092	0.093	0.092	0.090	0.095	0.095	0.096	0.097	0.293	0.102	0.101	0.239	0.238	0.267	0.091	0.092	0.252	0.287	0.284	0.287	0.103	0.294	0.103	0.256	0.095	0.106	0.092	0.091	0.094	0.281	0.096	0.093	0.095	0.098	0.300	0.107	0.240	0.259	0.091	0.091	0.095	0.097	0.257	0.283	0.282	0.097	0.095	0.254	0.095	0.103	0.091	0.092	0.212	0.268	0.100	0.097	0.096	0.295	0.098	0.247	0.200	0.101	0.091	0.091	0.096	0.284	0.277	0.097	0.292	0.101	0.106	0.094	0.093	0.259	0.091	0.094	0.092	0.093	0.093	0.092	0.092	0.092	0.094	0.092	0.093	0.094	0.092
41:00:42	19.3	0.091	0.093	0.093	0.094	0.093	0.092	0.092	0.092	0.092	0.092	0.094	0.093	0.091	0.095	0.095	0.096	0.097	0.306	0.103	0.100	0.252	0.252	0.280	0.091	0.092	0.266	0.300	0.299	0.302	0.103	0.308	0.103	0.267	0.096	0.106	0.092	0.091	0.095	0.294	0.096	0.093	0.096	0.098	0.314	0.108	0.254	0.270	0.092	0.091	0.095	0.098	0.274	0.299	0.294	0.097	0.096	0.266	0.095	0.103	0.091	0.092	0.228	0.284	0.100	0.097	0.096	0.310	0.098	0.256	0.213	0.101	0.091	0.091	0.097	0.296	0.291	0.098	0.306	0.101	0.107	0.094	0.095	0.271	0.091	0.094	0.093	0.093	0.093	0.092	0.092	0.092	0.094	0.093	0.094	0.094	0.092
42:00:42	19.2	0.091	0.093	0.093	0.093	0.093	0.092	0.092	0.091	0.091	0.092	0.093	0.092	0.090	0.095	0.095	0.096	0.097	0.319	0.103	0.100	0.265	0.266	0.291	0.091	0.092	0.282	0.312	0.313	0.316	0.102	0.321	0.103	0.277	0.095	0.106	0.092	0.091	0.094	0.306	0.096	0.093	0.095	0.098	0.326	0.107	0.266	0.281	0.091	0.091	0.095	0.098	0.292	0.314	0.305	0.097	0.095	0.277	0.095	0.103	0.091	0.092	0.245	0.300	0.100	0.097	0.096	0.323	0.098	0.266	0.227	0.101	0.091	0.091	0.096	0.308	0.302	0.097	0.319	0.101	0.106	0.094	0.094	0.284	0.091	0.094	0.093	0.093	0.093	0.092	0.092	0.092	0.094	0.092	0.093	0.094	0.092
43:00:44	19.1	0.091	0.093	0.093	0.093	0.093	0.092	0.092	0.091	0.091	0.092	0.093	0.093	0.091	0.096	0.095	0.096	0.097	0.335	0.103	0.100	0.281	0.282	0.303	0.091	0.092	0.298	0.323	0.326	0.332	0.102	0.336	0.103	0.288	0.095	0.106	0.092	0.091	0.094	0.319	0.096	0.093	0.096	0.098	0.340	0.108	0.280	0.293	0.092	0.091	0.095	0.097	0.308	0.328	0.318	0.097	0.096	0.287	0.095	0.103	0.091	0.092	0.261	0.315	0.100	0.097	0.096	0.336	0.098	0.276	0.242	0.101	0.091	0.091	0.096	0.320	0.314	0.097	0.333	0.101	0.106	0.094	0.094	0.296	0.091	0.094	0.093	0.093	0.093	0.093	0.092	0.092	0.094	0.093	0.094	0.094	0.092
44:00:46	19.1	0.091	0.093	0.093	0.093	0.093	0.092	0.092	0.092	0.091	0.092	0.093	0.092	0.091	0.095	0.095	0.096	0.097	0.348	0.103	0.100	0.295	0.298	0.314	0.091	0.092	0.311	0.334	0.337	0.343	0.102	0.349	0.104	0.299	0.095	0.106	0.092	0.091	0.094	0.330	0.096	0.093	0.095	0.098	0.352	0.108	0.292	0.304	0.092	0.091	0.095	0.097	0.324	0.342	0.331	0.097	0.096	0.299	0.095	0.103	0.091	0.092	0.278	0.329	0.100	0.097	0.096	0.349	0.098	0.285	0.256	0.101	0.091	0.091	0.096	0.331	0.325	0.097	0.347	0.101	0.106	0.094	0.094	0.307	0.091	0.094	0.092	0.093	0.093	0.092	0.092	0.092	0.094	0.093	0.093	0.094	0.092
45:00:46	19.0	0.091	0.093	0.093	0.093	0.093	0.092	0.092	0.092	0.091	0.092	0.093	0.092	0.091	0.096	0.095	0.096	0.097	0.360	0.103	0.100	0.308	0.312	0.326	0.091	0.092	0.324	0.344	0.349	0.356	0.102	0.360	0.104	0.309	0.096	0.106	0.092	0.091	0.094	0.341	0.096	0.093	0.095	0.098	0.364	0.107	0.304	0.315	0.092	0.091	0.095	0.097	0.339	0.355	0.342	0.097	0.096	0.309	0.095	0.102	0.091	0.091	0.293	0.343	0.100	0.097	0.096	0.361	0.098	0.296	0.270	0.101	0.091	0.091	0.096	0.343	0.337	0.097	0.361	0.100	0.106	0.094	0.093	0.319	0.091	0.094	0.092	0.093	0.093	0.092	0.092	0.092	0.094	0.093	0.093	0.094	0.092
46:00:47	19.0	0.091	0.093	0.093	0.093	0.093	0.092	0.092	0.092	0.091	0.092	0.093	0.092	0.090	0.095	0.095	0.096	0.097	0.371	0.103	0.099	0.321	0.326	0.337	0.091	0.092	0.336	0.355	0.360	0.366	0.102	0.372	0.104	0.318	0.095	0.106	0.092	0.091	0.094	0.352	0.096	0.093	0.095	0.098	0.375	0.108	0.316	0.326	0.092	0.091	0.095	0.097	0.352	0.369	0.355	0.097	0.096	0.320	0.095	0.102	0.091	0.091	0.309	0.355	0.100	0.097	0.096	0.374	0.098	0.306	0.284	0.101	0.091	0.091	0.096	0.355	0.349	0.097	0.375	0.100	0.105	0.094	0.094	0.331	0.091	0.094	0.092	0.093	0.093	0.092	0.092	0.092	0.094	0.092	0.093	0.094	0.091
47:00:47	19.0	0.091	0.093	0.093	0.093	0.093	0.092	0.092	0.092	0.091	0.092	0.093	0.093	0.090	0.096	0.095	0.096	0.098	0.383	0.104	0.099	0.330	0.337	0.347	0.091	0.092	0.347	0.366	0.373	0.377	0.101	0.384	0.104	0.325	0.095	0.107	0.092	0.091	0.094	0.362	0.096	0.093	0.096	0.098	0.386	0.108	0.327	0.338	0.092	0.091	0.095	0.097	0.365	0.380	0.365	0.097	0.096	0.330	0.095	0.102	0.091	0.091	0.322	0.369	0.100	0.097	0.096	0.386	0.098	0.317	0.297	0.101	0.091	0.091	0.096	0.365	0.360	0.097	0.390	0.100	0.105	0.094	0.094	0.341	0.091	0.094	0.092	0.093	0.093	0.092	0.092	0.092	0.094	0.092	0.094	0.094	0.092
48:00:48	19.1	0.091	0.093	0.092	0.093	0.093	0.092	0.092	0.092	0.091	0.092	0.093	0.092	0.091	0.096	0.095	0.096	0.098	0.392	0.104	0.099	0.341	0.348	0.358	0.091	0.092	0.359	0.377	0.385	0.388	0.101	0.394	0.104	0.334	0.095	0.107	0.092	0.091	0.094	0.373	0.096	0.093	0.095	0.098	0.396	0.108	0.339	0.350	0.092	0.091	0.095	0.097	0.378	0.392	0.377	0.097	0.096	0.341	0.095	0.102	0.091	0.092	0.335	0.381	0.100	0.097	0.096	0.397	0.098	0.327	0.310	0.101	0.091	0.091	0.096	0.377	0.374	0.097	0.401	0.100	0.105	0.094	0.093	0.353	0.091	0.094	0.092	0.093	0.093	0.092	0.092	0.092	0.094	0.092	0.094	0.094	0.092
49:00:49	19.1	0.091	0.093	0.093	0.093	0.093	0.092	0.092	0.092	0.092	0.092	0.093	0.092	0.091	0.096	0.095	0.096	0.098	0.404	0.104	0.098	0.349	0.360	0.368	0.092	0.092	0.369	0.388	0.395	0.398	0.100	0.405	0.105	0.344	0.095	0.106	0.092	0.091	0.094	0.384	0.096	0.093	0.095	0.098	0.406	0.108	0.350	0.361	0.092	0.091	0.095	0.098	0.389	0.403	0.387	0.097	0.096	0.351	0.095	0.102	0.091	0.092	0.348	0.393	0.100	0.097	0.096	0.408	0.098	0.337	0.323	0.101	0.091	0.091	0.096	0.389	0.388	0.097	0.412	0.100	0.105	0.094	0.094	0.363	0.091	0.094	0.092	0.093	0.093	0.092	0.092	0.092	0.094	0.093	0.094	0.094	0.092
50:00:49	19.2	0.091	0.093	0.093	0.093	0.093	0.092	0.092	0.092	0.091	0.092	0.093	0.093	0.091	0.096	0.095	0.096	0.098	0.416	0.105	0.098	0.359	0.374	0.379	0.092	0.092	0.380	0.399	0.406	0.408	0.100	0.416	0.105	0.355	0.095	0.106	0.092	0.091	0.094	0.395	0.096	0.093	0.095	0.098	0.416	0.108	0.362	0.371	0.092	0.091	0.095	0.098	0.402	0.413	0.398	0.097	0.096	0.361	0.095	0.102	0.091	0.092	0.361	0.407	0.100	0.097	0.096	0.419	0.098	0.348	0.336	0.101	0.091	0.091	0.096	0.403	0.401	0.097	0.423	0.100	0.106	0.094	0.093	0.374	0.091	0.094	0.093	0.093	0.093	0.093	0.092	0.093	0.094	0.093	0.094	0.094	0.092
51:00:51	19.2	0.091	0.093	0.093	0.093	0.093	0.092	0.092	0.091	0.092	0.092	0.093	0.092	0.090	0.096	0.095	0.096	0.098	0.425	0.105	0.098	0.368	0.386	0.388	0.091	0.092	0.391	0.409	0.416	0.417	0.100	0.425	0.105	0.364	0.095	0.106	0.092	0.091	0.094	0.404	0.096	0.093	0.095	0.098	0.427	0.108	0.373	0.382	0.092	0.091	0.095	0.097	0.413	0.423	0.407	0.097	0.096	0.372	0.095	0.102	0.091	0.092	0.372	0.418	0.099	0.097	0.096	0.428	0.098	0.358	0.348	0.100	0.091	0.091	0.096	0.413	0.411	0.097	0.433	0.100	0.105	0.094	0.094	0.383	0.091	0.095	0.092	0.093	0.093	0.092	0.092	0.092	0.094	0.093	0.094	0.094	0.092
52:00:51	19.3	0.091	0.093	0.093	0.093	0.093	0.092	0.092	0.092	0.091	0.092	0.093	0.093	0.090	0.096	0.095	0.096	0.099	0.436	0.105	0.097	0.374	0.397	0.397	0.091	0.092	0.401	0.418	0.425	0.426	0.100	0.435	0.105	0.373	0.095	0.106	0.092	0.091	0.094	0.415	0.096	0.093	0.095	0.097	0.436	0.108	0.385	0.390	0.092	0.091	0.095	0.098	0.424	0.434	0.418	0.097	0.096	0.382	0.095	0.102	0.091	0.092	0.384	0.429	0.100	0.097	0.096	0.438	0.098	0.368	0.360	0.100	0.091	0.091	0.096	0.423	0.421	0.097	0.443	0.100	0.105	0.094	0.094	0.394	0.091	0.094	0.093	0.093	0.093	0.092	0.092	0.093	0.094	0.093	0.094	0.094	0.092
53:00:53	19.3	0.091	0.093	0.093	0.093	0.093	0.092	0.092	0.092	0.092	0.092	0.093	0.092	0.091	0.096	0.095	0.096	0.099	0.446	0.105	0.097	0.382	0.405	0.405	0.091	0.092	0.411	0.429	0.435	0.436	0.099	0.445	0.105	0.382	0.095	0.106	0.092	0.091	0.094	0.425	0.096	0.093	0.095	0.097	0.446	0.108	0.395	0.400	0.092	0.091	0.095	0.097	0.435	0.445	0.428	0.097	0.096	0.392	0.095	0.101	0.091	0.092	0.396	0.439	0.100	0.097	0.096	0.450	0.098	0.377	0.372	0.100	0.091	0.091	0.096	0.437	0.433	0.097	0.455	0.100	0.105	0.094	0.094	0.404	0.091	0.095	0.093	0.093	0.093	0.092	0.092	0.092	0.094	0.093	0.094	0.094	0.092
54:00:54	19.3	0.091	0.093	0.093	0.093	0.093	0.092	0.093	0.092	0.092	0.092	0.094	0.093	0.091	0.096	0.095	0.097	0.100	0.453	0.106	0.097	0.389	0.413	0.412	0.091	0.092	0.422	0.438	0.444	0.444	0.099	0.454	0.106	0.390	0.095	0.106	0.092	0.091	0.094	0.435	0.096	0.093	0.095	0.098	0.457	0.108	0.405	0.409	0.092	0.091	0.095	0.098	0.445	0.456	0.438	0.098	0.097	0.402	0.095	0.101	0.091	0.092	0.406	0.450	0.100	0.097	0.096	0.459	0.098	0.388	0.382	0.100	0.091	0.091	0.097	0.449	0.443	0.098	0.464	0.100	0.105	0.094	0.095	0.413	0.091	0.094	0.093	0.093	0.093	0.093	0.093	0.093	0.094	0.093	0.094	0.094	0.092
55:00:55	19.4	0.091	0.093	0.093	0.093	0.093	0.092	0.092	0.092	0.092	0.092	0.093	0.093	0.091	0.096	0.095	0.096	0.101	0.461	0.105	0.097	0.395	0.421	0.420	0.091	0.092	0.431	0.447	0.454	0.454	0.100	0.462	0.106	0.399	0.095	0.106	0.092	0.091	0.094	0.446	0.096	0.093	0.095	0.098	0.466	0.107	0.414	0.419	0.092	0.091	0.095	0.098	0.454	0.466	0.447	0.097	0.096	0.411	0.095	0.101	0.091	0.092	0.416	0.459	0.100	0.097	0.096	0.469	0.098	0.397	0.392	0.100	0.091	0.091	0.096	0.458	0.453	0.098	0.475	0.100	0.105	0.094	0.094	0.423	0.091	0.094	0.093	0.093	0.093	0.093	0.093	0.092	0.094	0.093	0.094	0.094	0.092
56:00:56	19.4	0.091	0.093	0.093	0.093	0.093	0.092	0.092	0.091	0.091	0.092	0.093	0.093	0.091	0.096	0.094	0.096	0.102	0.470	0.105	0.097	0.400	0.427	0.428	0.091	0.092	0.440	0.457	0.462	0.462	0.100	0.469	0.107	0.406	0.095	0.105	0.092	0.091	0.094	0.456	0.096	0.093	0.095	0.097	0.475	0.107	0.423	0.428	0.092	0.091	0.095	0.098	0.463	0.476	0.455	0.097	0.096	0.420	0.095	0.101	0.091	0.092	0.425	0.469	0.099	0.097	0.096	0.479	0.098	0.406	0.401	0.100	0.091	0.091	0.096	0.468	0.460	0.097	0.484	0.100	0.105	0.093	0.093	0.432	0.091	0.094	0.092	0.093	0.093	0.092	0.092	0.092	0.094	0.093	0.094	0.094	0.092
57:00:56	19.4	0.091	0.092	0.093	0.093	0.093	0.091	0.092	0.091	0.091	0.092	0.093	0.092	0.090	0.096	0.094	0.097	0.104	0.478	0.105	0.097	0.407	0.434	0.435	0.091	0.092	0.449	0.467	0.471	0.472	0.099	0.478	0.108	0.414	0.095	0.105	0.092	0.091	0.094	0.465	0.096	0.093	0.095	0.098	0.485	0.107	0.432	0.436	0.091	0.091	0.095	0.098	0.472	0.485	0.465	0.098	0.096	0.429	0.095	0.101	0.091	0.092	0.434	0.478	0.099	0.097	0.096	0.489	0.098	0.415	0.410	0.100	0.091	0.091	0.096	0.478	0.470	0.097	0.495	0.100	0.105	0.093	0.094	0.442	0.091	0.094	0.092	0.093	0.093	0.092	0.092	0.092	0.094	0.092	0.094	0.094	0.092
58:00:57	19.4	0.091	0.093	0.093	0.093	0.093	0.092	0.092	0.092	0.091	0.092	0.093	0.092	0.090	0.096	0.094	0.097	0.106	0.486	0.105	0.097	0.414	0.441	0.443	0.091	0.092	0.458	0.477	0.481	0.481	0.099	0.487	0.108	0.421	0.095	0.105	0.091	0.091	0.094	0.476	0.096	0.093	0.095	0.098	0.495	0.107	0.439	0.445	0.091	0.091	0.094	0.098	0.481	0.496	0.475	0.097	0.097	0.439	0.095	0.100	0.091	0.092	0.443	0.487	0.099	0.097	0.096	0.500	0.098	0.423	0.420	0.100	0.091	0.091	0.096	0.486	0.480	0.097	0.505	0.100	0.105	0.094	0.093	0.450	0.091	0.094	0.092	0.093	0.093	0.092	0.092	0.092	0.094	0.092	0.093	0.094	0.092
59:00:58	19.4	0.091	0.093	0.093	0.093	0.093	0.092	0.092	0.092	0.091	0.092	0.093	0.093	0.091	0.096	0.094	0.097	0.110	0.493	0.105	0.097	0.421	0.447	0.450	0.091	0.092	0.467	0.488	0.489	0.491	0.100	0.496	0.109	0.428	0.095	0.106	0.092	0.091	0.094	0.485	0.096	0.093	0.095	0.098	0.505	0.107	0.447	0.453	0.092	0.091	0.094	0.098	0.490	0.504	0.484	0.098	0.097	0.447	0.095	0.100	0.091	0.092	0.452	0.496	0.100	0.097	0.096	0.509	0.098	0.431	0.428	0.100	0.091	0.091	0.096	0.497	0.490	0.097	0.515	0.100	0.105	0.093	0.094	0.460	0.091	0.094	0.093	0.093	0.093	0.092	0.092	0.092	0.094	0.093	0.094	0.094	0.092
60:01:00	19.4	0.091	0.093	0.093	0.093	0.093	0.092	0.092	0.092	0.091	0.092	0.093	0.092	0.091	0.097	0.094	0.098	0.113	0.502	0.105	0.097	0.428	0.454	0.458	0.091	0.092	0.475	0.498	0.498	0.499	0.101	0.505	0.111	0.435	0.095	0.106	0.092	0.091	0.094	0.495	0.097	0.093	0.095	0.098	0.514	0.107	0.455	0.462	0.092	0.091	0.095	0.098	0.498	0.515	0.493	0.098	0.098	0.456	0.095	0.100	0.091	0.091	0.462	0.506	0.099	0.097	0.096	0.519	0.098	0.439	0.438	0.100	0.091	0.091	0.096	0.508	0.499	0.098	0.524	0.100	0.105	0.094	0.094	0.468	0.091	0.095	0.093	0.093	0.093	0.092	0.092	0.092	0.094	0.092	0.094	0.094	0.092
61:01:00	19.4	0.091	0.093	0.093	0.093	0.093	0.092	0.092	0.092	0.092	0.092	0.094	0.093	0.090	0.097	0.095	0.099	0.117	0.510	0.105	0.097	0.436	0.460	0.466	0.091	0.092	0.484	0.506	0.506	0.508	0.101	0.514	0.112	0.442	0.095	0.106	0.092	0.091	0.094	0.504	0.097	0.093	0.095	0.098	0.524	0.107	0.463	0.470	0.092	0.091	0.095	0.099	0.506	0.525	0.503	0.099	0.098	0.465	0.095	0.100	0.091	0.092	0.470	0.515	0.100	0.098	0.096	0.529	0.099	0.448	0.447	0.100	0.091	0.091	0.096	0.516	0.509	0.098	0.534	0.100	0.105	0.094	0.094	0.477	0.091	0.094	0.093	0.093	0.093	0.092	0.093	0.093	0.094	0.093	0.094	0.094	0.092
62:01:01	19.4	0.091	0.092	0.093	0.093	0.093	0.092	0.092	0.092	0.091	0.092	0.093	0.092	0.090	0.097	0.094	0.100	0.121	0.518	0.105	0.097	0.445	0.468	0.474	0.091	0.092	0.492	0.515	0.515	0.516	0.102	0.522	0.114	0.452	0.095	0.106	0.092	0.091	0.094	0.514	0.097	0.093	0.096	0.098	0.532	0.107	0.471	0.478	0.092	0.091	0.094	0.099	0.514	0.532	0.511	0.099	0.099	0.473	0.095	0.100	0.091	0.092	0.476	0.525	0.099	0.098	0.096	0.538	0.099	0.456	0.453	0.099	0.091	0.091	0.096	0.526	0.519	0.098	0.543	0.100	0.105	0.094	0.094	0.486	0.091	0.094	0.093	0.093	0.093	0.092	0.093	0.092	0.094	0.093	0.094	0.094	0.092
63:01:03	19.4	0.091	0.093	0.093	0.093	0.093	0.092	0.092	0.092	0.091	0.092	0.093	0.092	0.090	0.097	0.095	0.101	0.126	0.527	0.105	0.097	0.452	0.474	0.480	0.091	0.092	0.499	0.524	0.524	0.525	0.103	0.530	0.116	0.458	0.095	0.106	0.092	0.091	0.094	0.522	0.098	0.093	0.096	0.098	0.541	0.107	0.478	0.485	0.091	0.091	0.094	0.100	0.523	0.542	0.521	0.101	0.100	0.482	0.095	0.100	0.091	0.092	0.486	0.534	0.100	0.097	0.096	0.546	0.099	0.465	0.464	0.099	0.091	0.091	0.096	0.534	0.528	0.098	0.554	0.100	0.106	0.094	0.094	0.494	0.091	0.094	0.093	0.093	0.093	0.093	0.092	0.092	0.094	0.093	0.094	0.094	0.092
64:01:04	19.5	0.091	0.093	0.093	0.094	0.093	0.092	0.092	0.092	0.092	0.092	0.093	0.093	0.090	0.097	0.095	0.103	0.130	0.535	0.106	0.098	0.461	0.479	0.487	0.091	0.092	0.506	0.532	0.533	0.537	0.105	0.539	0.118	0.465	0.095	0.106	0.092	0.091	0.094	0.531	0.099	0.093	0.096	0.098	0.549	0.107	0.485	0.493	0.092	0.091	0.094	0.102	0.532	0.548	0.529	0.102	0.102	0.487	0.095	0.099	0.091	0.092	0.493	0.545	0.100	0.098	0.097	0.557	0.100	0.473	0.472	0.099	0.091	0.091	0.097	0.544	0.536	0.098	0.563	0.101	0.106	0.094	0.094	0.500	0.091	0.094	0.093	0.093	0.094	0.093	0.093	0.093	0.094	0.093	0.094	0.094	0.092
65:01:05	19.5	0.091	0.093	0.093	0.093	0.093	0.092	0.092	0.092	0.092	0.092	0.094	0.093	0.091	0.097	0.095	0.105	0.134	0.544	0.106	0.098	0.466	0.485	0.494	0.091	0.092	0.513	0.541	0.542	0.545	0.107	0.548	0.120	0.473	0.095	0.106	0.092	0.091	0.094	0.540	0.100	0.093	0.097	0.099	0.559	0.107	0.492	0.502	0.092	0.091	0.094	0.104	0.540	0.560	0.536	0.103	0.105	0.496	0.095	0.100	0.091	0.092	0.501	0.554	0.100	0.098	0.097	0.565	0.100	0.480	0.479	0.099	0.091	0.091	0.097	0.551	0.546	0.098	0.572	0.101	0.107	0.094	0.093	0.508	0.091	0.095	0.093	0.093	0.093	0.093	0.092	0.092	0.094	0.093	0.094	0.094	0.092
66:01:04	19.5	0.091	0.093	0.093	0.093	0.093	0.092	0.092	0.092	0.091	0.092	0.093	0.092	0.090	0.097	0.094	0.108	0.139	0.551	0.107	0.099	0.475	0.491	0.501	0.091	0.092	0.520	0.550	0.552	0.555	0.110	0.556	0.122	0.478	0.095	0.106	0.091	0.092	0.093	0.549	0.102	0.093	0.098	0.099	0.567	0.107	0.498	0.506	0.091	0.091	0.094	0.107	0.549	0.567	0.544	0.106	0.107	0.501	0.095	0.099	0.091	0.092	0.508	0.564	0.100	0.098	0.097	0.576	0.101	0.487	0.485	0.099	0.091	0.091	0.096	0.560	0.553	0.098	0.582	0.101	0.107	0.093	0.093	0.515	0.091	0.094	0.092	0.093	0.093	0.092	0.092	0.092	0.094	0.092	0.094	0.094	0.092
67:01:05	19.5	0.091	0.093	0.093	0.093	0.093	0.092	0.092	0.092	0.091	0.092	0.093	0.092	0.090	0.097	0.094	0.111	0.143	0.560	0.108	0.100	0.484	0.497	0.506	0.091	0.092	0.529	0.557	0.561	0.564	0.114	0.563	0.125	0.485	0.095	0.106	0.092	0.092	0.094	0.559	0.103	0.094	0.100	0.101	0.577	0.107	0.505	0.513	0.092	0.091	0.094	0.111	0.559	0.575	0.553	0.109	0.111	0.509	0.095	0.099	0.091	0.092	0.515	0.573	0.100	0.098	0.098	0.586	0.102	0.495	0.492	0.099	0.091	0.091	0.096	0.569	0.563	0.098	0.590	0.102	0.108	0.093	0.094	0.522	0.091	0.094	0.093	0.093	0.094	0.092	0.093	0.092	0.094	0.092	0.094	0.094	0.092
68:01:06	19.5	0.091	0.093	0.093	0.093	0.093	0.092	0.092	0.092	0.091	0.092	0.093	0.093	0.090	0.097	0.095	0.114	0.148	0.568	0.110	0.102	0.497	0.504	0.513	0.091	0.092	0.535	0.567	0.570	0.573	0.118	0.572	0.128	0.491	0.095	0.107	0.092	0.092	0.094	0.566	0.106	0.095	0.102	0.102	0.584	0.107	0.511	0.520	0.092	0.091	0.094	0.116	0.568	0.582	0.563	0.112	0.116	0.517	0.095	0.099	0.091	0.092	0.521	0.582	0.100	0.100	0.099	0.594	0.104	0.501	0.499	0.099	0.091	0.091	0.096	0.578	0.572	0.098	0.600	0.103	0.109	0.094	0.094	0.527	0.091	0.095	0.092	0.093	0.093	0.093	0.092	0.092	0.094	0.093	0.094	0.094	0.092
69:01:07	19.5	0.091	0.093	0.093	0.094	0.093	0.092	0.092	0.092	0.092	0.092	0.093	0.093	0.091	0.097	0.095	0.118	0.152	0.576	0.113	0.104	0.507	0.509	0.520	0.091	0.092	0.542	0.576	0.578	0.582	0.123	0.579	0.131	0.497	0.095	0.107	0.092	0.092	0.094	0.574	0.110	0.096	0.106	0.105	0.593	0.107	0.519	0.528	0.092	0.091	0.094	0.122	0.575	0.590	0.571	0.116	0.122	0.524	0.095	0.099	0.091	0.092	0.527	0.590	0.100	0.100	0.101	0.603	0.107	0.507	0.505	0.099	0.091	0.091	0.096	0.588	0.581	0.099	0.608	0.105	0.111	0.094	0.094	0.535	0.091	0.094	0.093	0.093	0.094	0.093	0.093	0.092	0.094	0.093	0.094	0.094	0.092
70:01:08	19.5	0.091	0.093	0.093	0.093	0.093	0.092	0.092	0.092	0.092	0.092	0.094	0.092	0.091	0.097	0.094	0.122	0.156	0.584	0.116	0.107	0.519	0.517	0.526	0.091	0.092	0.548	0.584	0.586	0.590	0.128	0.586	0.134	0.504	0.095	0.107	0.092	0.092	0.094	0.583	0.114	0.098	0.110	0.108	0.600	0.107	0.524	0.535	0.092	0.091	0.094	0.128	0.584	0.597	0.579	0.121	0.127	0.530	0.095	0.099	0.091	0.092	0.532	0.599	0.100	0.102	0.103	0.611	0.110	0.514	0.512	0.099	0.091	0.091	0.096	0.597	0.588	0.099	0.618	0.107	0.113	0.093	0.094	0.541	0.091	0.094	0.092	0.093	0.094	0.092	0.092	0.092	0.094	0.093	0.094	0.094	0.092
71:01:09	19.5	0.091	0.093	0.093	0.094	0.093	0.092	0.092	0.092	0.092	0.092	0.093	0.093	0.091	0.097	0.094	0.127	0.160	0.592	0.120	0.111	0.523	0.523	0.533	0.091	0.092	0.555	0.592	0.594	0.600	0.133	0.594	0.138	0.511	0.096	0.107	0.092	0.092	0.094	0.591	0.118	0.100	0.116	0.112	0.611	0.107	0.532	0.543	0.092	0.091	0.095	0.134	0.592	0.607	0.588	0.125	0.132	0.538	0.095	0.099	0.091	0.092	0.540	0.609	0.101	0.105	0.106	0.620	0.114	0.521	0.519	0.099	0.091	0.091	0.096	0.606	0.597	0.100	0.628	0.110	0.116	0.094	0.094	0.548	0.091	0.094	0.093	0.093	0.094	0.093	0.093	0.092	0.094	0.093	0.094	0.094	0.092
72:01:10	19.5	0.091	0.093	0.093	0.093	0.093	0.092	0.092	0.092	0.092	0.092	0.093	0.092	0.091	0.097	0.095	0.131	0.163	0.600	0.125	0.116	0.530	0.529	0.538	0.091	0.092	0.561	0.600	0.603	0.608	0.139	0.601	0.141	0.517	0.095	0.107	0.092	0.092	0.094	0.598	0.123	0.103	0.122	0.117	0.619	0.107	0.537	0.548	0.092	0.091	0.094	0.139	0.600	0.613	0.594	0.130	0.137	0.545	0.095	0.099	0.091	0.092	0.544	0.617	0.102	0.107	0.110	0.629	0.118	0.527	0.524	0.099	0.091	0.091	0.096	0.612	0.604	0.101	0.636	0.113	0.119	0.093	0.094	0.553	0.091	0.095	0.093	0.093	0.094	0.093	0.093	0.092	0.094	0.093	0.094	0.094	0.092

