Time	T° 600	A1	A2	A3	A4	A5	A6	A7	A8	A9	A10	A11	A12	B1	B2	B3	B4	B5	B6	B7	B8	B9	B10	B11	B12	C1	C2	C3	C4	C5	C6	C7	C8	C9	C10	C11	C12	D1	D2	D3	D4	D5	D6	D7	D8	D9	D10	D11	D12	E1	E2	E3	E4	E5	E6	E7	E8	E9	E10	E11	E12	F1	F2	F3	F4	F5	F6	F7	F8	F9	F10	F11	F12	G1	G2	G3	G4	G5	G6	G7	G8	G9	G10	G11	G12	H1	H2	H3	H4	H5	H6	H7	H8	H9	H10	H11	H12
0:00:06	18.0	0.091	0.091	0.091	0.092	0.090	0.091	0.091	0.089	0.090	0.090	0.091	0.090	0.089	0.091	0.091	0.092	0.092	0.091	0.091	0.093	0.090	0.090	0.091	0.089	0.090	0.090	0.091	0.090	0.093	0.091	0.091	0.091	0.092	0.091	0.092	0.090	0.090	0.089	0.090	0.089	0.089	0.089	0.089	0.090	0.089	0.090	0.094	0.089	0.091	0.092	0.091	0.090	0.091	0.091	0.089	0.089	0.090	0.090	0.092	0.089	0.093	0.093	0.091	0.092	0.090	0.089	0.091	0.089	0.089	0.090	0.092	0.088	0.096	0.094	0.090	0.091	0.093	0.090	0.092	0.091	0.090	0.091	0.092	0.088	0.092	0.090	0.090	0.090	0.089	0.090	0.089	0.090	0.089	0.091	0.090	0.089
1:00:04	19.0	0.091	0.091	0.091	0.092	0.090	0.091	0.091	0.090	0.091	0.091	0.092	0.091	0.089	0.091	0.091	0.092	0.092	0.092	0.091	0.093	0.090	0.091	0.092	0.090	0.090	0.091	0.091	0.091	0.093	0.091	0.091	0.091	0.092	0.091	0.093	0.090	0.090	0.090	0.090	0.089	0.089	0.089	0.089	0.090	0.090	0.091	0.093	0.090	0.091	0.092	0.092	0.091	0.092	0.091	0.090	0.089	0.090	0.090	0.092	0.090	0.093	0.093	0.092	0.094	0.090	0.090	0.092	0.090	0.090	0.090	0.092	0.089	0.096	0.094	0.091	0.091	0.093	0.090	0.093	0.091	0.091	0.091	0.092	0.089	0.092	0.090	0.090	0.090	0.090	0.091	0.090	0.091	0.090	0.092	0.091	0.090
2:00:04	19.5	0.091	0.092	0.091	0.092	0.090	0.092	0.091	0.090	0.091	0.092	0.092	0.091	0.090	0.091	0.092	0.093	0.093	0.092	0.091	0.094	0.091	0.091	0.092	0.091	0.090	0.091	0.092	0.091	0.093	0.092	0.091	0.092	0.093	0.092	0.094	0.091	0.090	0.090	0.091	0.090	0.090	0.090	0.090	0.091	0.091	0.091	0.094	0.091	0.092	0.093	0.092	0.092	0.093	0.092	0.091	0.090	0.091	0.091	0.092	0.091	0.094	0.094	0.093	0.095	0.091	0.091	0.093	0.091	0.091	0.091	0.092	0.090	0.097	0.095	0.091	0.092	0.094	0.091	0.093	0.092	0.091	0.092	0.092	0.090	0.092	0.091	0.091	0.091	0.090	0.091	0.091	0.091	0.091	0.092	0.091	0.091
3:00:05	19.6	0.091	0.092	0.091	0.092	0.090	0.092	0.091	0.090	0.091	0.091	0.093	0.092	0.090	0.091	0.091	0.092	0.093	0.092	0.091	0.094	0.091	0.091	0.092	0.091	0.090	0.091	0.091	0.091	0.093	0.092	0.091	0.092	0.093	0.092	0.093	0.091	0.090	0.090	0.091	0.090	0.090	0.090	0.090	0.091	0.091	0.092	0.094	0.091	0.091	0.093	0.092	0.092	0.093	0.092	0.091	0.090	0.091	0.091	0.092	0.091	0.093	0.094	0.093	0.094	0.091	0.091	0.093	0.091	0.091	0.091	0.092	0.090	0.093	0.095	0.091	0.092	0.094	0.092	0.093	0.092	0.091	0.092	0.092	0.090	0.092	0.090	0.091	0.091	0.091	0.092	0.091	0.091	0.091	0.092	0.092	0.091
4:00:07	19.7	0.091	0.092	0.091	0.093	0.090	0.092	0.091	0.090	0.091	0.092	0.092	0.092	0.090	0.091	0.091	0.093	0.093	0.092	0.091	0.094	0.091	0.091	0.092	0.091	0.090	0.091	0.091	0.091	0.093	0.092	0.091	0.092	0.093	0.092	0.094	0.091	0.090	0.091	0.091	0.090	0.090	0.090	0.090	0.091	0.091	0.092	0.094	0.091	0.092	0.093	0.092	0.092	0.093	0.092	0.091	0.090	0.091	0.091	0.092	0.091	0.094	0.094	0.093	0.095	0.091	0.091	0.093	0.091	0.091	0.091	0.092	0.090	0.093	0.095	0.091	0.092	0.094	0.092	0.094	0.092	0.092	0.092	0.092	0.090	0.092	0.091	0.091	0.091	0.090	0.092	0.091	0.092	0.091	0.093	0.092	0.091
5:00:07	19.8	0.092	0.093	0.092	0.093	0.090	0.092	0.091	0.091	0.092	0.092	0.093	0.092	0.090	0.092	0.092	0.093	0.093	0.092	0.092	0.095	0.092	0.092	0.092	0.091	0.090	0.092	0.092	0.092	0.093	0.092	0.092	0.092	0.093	0.092	0.094	0.091	0.090	0.090	0.091	0.090	0.091	0.090	0.090	0.092	0.091	0.092	0.095	0.091	0.092	0.093	0.092	0.092	0.093	0.093	0.091	0.091	0.092	0.092	0.093	0.091	0.094	0.094	0.093	0.095	0.091	0.091	0.094	0.092	0.092	0.092	0.093	0.090	0.093	0.095	0.092	0.092	0.095	0.092	0.094	0.093	0.093	0.093	0.093	0.090	0.093	0.091	0.092	0.091	0.091	0.092	0.091	0.092	0.092	0.093	0.092	0.091
6:00:09	19.8	0.092	0.092	0.092	0.093	0.090	0.092	0.092	0.091	0.092	0.092	0.093	0.092	0.090	0.091	0.092	0.093	0.093	0.093	0.092	0.095	0.092	0.092	0.093	0.091	0.091	0.092	0.092	0.091	0.093	0.092	0.092	0.092	0.093	0.092	0.094	0.091	0.091	0.091	0.091	0.090	0.091	0.091	0.091	0.092	0.091	0.092	0.095	0.091	0.092	0.093	0.092	0.092	0.093	0.093	0.091	0.090	0.092	0.092	0.092	0.091	0.094	0.095	0.093	0.095	0.092	0.091	0.094	0.092	0.092	0.092	0.093	0.091	0.094	0.095	0.092	0.093	0.094	0.092	0.094	0.093	0.092	0.093	0.093	0.091	0.092	0.091	0.091	0.091	0.091	0.092	0.091	0.092	0.092	0.093	0.092	0.091
7:00:10	19.7	0.091	0.092	0.092	0.093	0.090	0.092	0.091	0.091	0.092	0.092	0.093	0.092	0.090	0.092	0.092	0.093	0.093	0.093	0.092	0.095	0.091	0.092	0.092	0.091	0.090	0.092	0.092	0.092	0.093	0.092	0.092	0.092	0.093	0.092	0.094	0.091	0.090	0.091	0.091	0.090	0.091	0.091	0.091	0.091	0.092	0.093	0.094	0.091	0.092	0.093	0.092	0.092	0.093	0.092	0.091	0.091	0.092	0.092	0.092	0.091	0.094	0.094	0.093	0.095	0.091	0.091	0.094	0.092	0.092	0.092	0.092	0.090	0.093	0.095	0.092	0.093	0.094	0.092	0.094	0.093	0.092	0.093	0.092	0.090	0.093	0.091	0.092	0.091	0.091	0.092	0.091	0.092	0.092	0.093	0.092	0.091
8:00:11	19.7	0.092	0.093	0.092	0.093	0.091	0.092	0.092	0.091	0.092	0.092	0.093	0.093	0.090	0.092	0.092	0.094	0.094	0.093	0.092	0.095	0.092	0.093	0.093	0.092	0.091	0.092	0.092	0.092	0.093	0.092	0.092	0.092	0.093	0.092	0.094	0.091	0.090	0.091	0.092	0.091	0.091	0.092	0.091	0.092	0.092	0.093	0.095	0.092	0.092	0.094	0.093	0.093	0.094	0.093	0.092	0.091	0.092	0.092	0.093	0.092	0.094	0.095	0.094	0.096	0.092	0.092	0.094	0.092	0.092	0.092	0.093	0.091	0.094	0.096	0.092	0.093	0.095	0.093	0.095	0.093	0.093	0.093	0.093	0.091	0.093	0.091	0.092	0.092	0.091	0.093	0.092	0.092	0.092	0.093	0.092	0.091
9:00:12	19.7	0.092	0.093	0.092	0.093	0.090	0.092	0.092	0.091	0.092	0.092	0.093	0.092	0.090	0.092	0.092	0.094	0.094	0.093	0.092	0.095	0.092	0.092	0.093	0.092	0.091	0.092	0.092	0.092	0.093	0.092	0.092	0.092	0.093	0.092	0.094	0.091	0.091	0.091	0.092	0.091	0.091	0.091	0.091	0.092	0.092	0.093	0.095	0.092	0.092	0.094	0.093	0.093	0.093	0.093	0.092	0.091	0.092	0.092	0.093	0.092	0.094	0.095	0.094	0.095	0.092	0.092	0.095	0.092	0.092	0.092	0.093	0.091	0.094	0.096	0.092	0.093	0.095	0.092	0.094	0.093	0.093	0.093	0.093	0.091	0.093	0.091	0.092	0.091	0.091	0.092	0.092	0.092	0.092	0.093	0.092	0.091
10:00:11	19.7	0.092	0.093	0.092	0.093	0.091	0.092	0.091	0.091	0.092	0.092	0.093	0.092	0.090	0.092	0.092	0.094	0.094	0.093	0.092	0.095	0.092	0.093	0.093	0.092	0.091	0.092	0.092	0.092	0.094	0.092	0.092	0.092	0.094	0.092	0.094	0.091	0.091	0.091	0.092	0.091	0.091	0.091	0.091	0.092	0.092	0.093	0.095	0.091	0.092	0.094	0.093	0.093	0.094	0.093	0.092	0.091	0.092	0.092	0.093	0.091	0.094	0.095	0.094	0.096	0.092	0.091	0.095	0.092	0.092	0.092	0.093	0.091	0.094	0.096	0.092	0.093	0.095	0.093	0.094	0.094	0.093	0.093	0.093	0.091	0.093	0.091	0.092	0.091	0.091	0.092	0.091	0.092	0.092	0.093	0.092	0.091
11:00:13	19.7	0.091	0.093	0.092	0.093	0.091	0.092	0.091	0.091	0.092	0.092	0.093	0.092	0.090	0.092	0.092	0.094	0.094	0.093	0.092	0.095	0.092	0.093	0.092	0.091	0.091	0.092	0.092	0.092	0.093	0.092	0.092	0.092	0.094	0.092	0.094	0.091	0.090	0.091	0.092	0.091	0.091	0.091	0.091	0.092	0.092	0.093	0.095	0.092	0.092	0.094	0.092	0.093	0.094	0.093	0.092	0.091	0.092	0.092	0.093	0.091	0.094	0.095	0.094	0.096	0.092	0.092	0.095	0.092	0.092	0.092	0.093	0.090	0.094	0.096	0.092	0.093	0.095	0.093	0.094	0.094	0.093	0.093	0.093	0.090	0.093	0.091	0.092	0.091	0.091	0.092	0.092	0.092	0.092	0.093	0.092	0.091
12:00:14	19.7	0.092	0.093	0.092	0.093	0.091	0.092	0.092	0.091	0.092	0.092	0.093	0.092	0.090	0.092	0.092	0.094	0.095	0.094	0.092	0.096	0.092	0.093	0.093	0.091	0.091	0.092	0.092	0.092	0.094	0.092	0.092	0.093	0.094	0.092	0.095	0.091	0.090	0.092	0.092	0.091	0.091	0.092	0.092	0.092	0.092	0.093	0.095	0.092	0.092	0.094	0.093	0.093	0.094	0.093	0.092	0.091	0.093	0.093	0.093	0.092	0.094	0.095	0.094	0.096	0.092	0.092	0.095	0.092	0.092	0.092	0.093	0.091	0.094	0.096	0.092	0.093	0.095	0.093	0.095	0.094	0.093	0.094	0.094	0.091	0.093	0.091	0.092	0.092	0.091	0.092	0.092	0.092	0.092	0.093	0.092	0.091
13:00:15	19.7	0.092	0.093	0.092	0.093	0.091	0.092	0.091	0.091	0.092	0.093	0.093	0.093	0.090	0.092	0.093	0.095	0.095	0.094	0.093	0.096	0.092	0.093	0.093	0.092	0.091	0.093	0.092	0.093	0.094	0.092	0.092	0.093	0.095	0.092	0.095	0.091	0.091	0.092	0.093	0.091	0.092	0.092	0.092	0.093	0.092	0.094	0.095	0.092	0.092	0.095	0.093	0.093	0.094	0.093	0.093	0.091	0.093	0.093	0.094	0.092	0.094	0.095	0.095	0.096	0.092	0.092	0.095	0.093	0.092	0.092	0.093	0.091	0.094	0.096	0.092	0.093	0.095	0.093	0.099	0.094	0.093	0.094	0.094	0.091	0.093	0.091	0.092	0.092	0.091	0.093	0.092	0.092	0.092	0.093	0.092	0.091
14:00:16	19.7	0.092	0.093	0.092	0.093	0.091	0.093	0.091	0.091	0.092	0.092	0.093	0.093	0.090	0.092	0.093	0.095	0.095	0.094	0.092	0.096	0.092	0.094	0.093	0.092	0.091	0.093	0.092	0.093	0.094	0.093	0.093	0.093	0.094	0.092	0.095	0.091	0.091	0.092	0.093	0.091	0.092	0.092	0.092	0.093	0.092	0.094	0.095	0.092	0.092	0.095	0.093	0.094	0.094	0.094	0.093	0.091	0.093	0.093	0.094	0.092	0.094	0.095	0.095	0.097	0.093	0.092	0.095	0.093	0.092	0.093	0.094	0.091	0.094	0.096	0.093	0.093	0.095	0.094	0.100	0.095	0.094	0.094	0.094	0.091	0.093	0.091	0.092	0.092	0.091	0.093	0.092	0.093	0.092	0.093	0.092	0.092
15:00:17	19.7	0.092	0.093	0.092	0.093	0.091	0.093	0.091	0.091	0.092	0.093	0.093	0.093	0.090	0.092	0.094	0.095	0.096	0.095	0.092	0.097	0.092	0.094	0.093	0.092	0.091	0.094	0.092	0.093	0.094	0.093	0.093	0.094	0.095	0.093	0.096	0.091	0.091	0.092	0.093	0.091	0.093	0.093	0.092	0.093	0.092	0.094	0.095	0.092	0.092	0.095	0.093	0.094	0.094	0.093	0.093	0.091	0.094	0.094	0.094	0.092	0.094	0.095	0.095	0.097	0.093	0.092	0.096	0.094	0.092	0.093	0.093	0.091	0.094	0.097	0.092	0.093	0.095	0.094	0.099	0.095	0.094	0.095	0.094	0.091	0.093	0.091	0.092	0.092	0.091	0.093	0.092	0.093	0.092	0.093	0.092	0.091
16:00:18	19.6	0.092	0.093	0.092	0.093	0.091	0.092	0.092	0.091	0.092	0.092	0.093	0.093	0.091	0.092	0.094	0.095	0.096	0.095	0.092	0.097	0.092	0.094	0.093	0.092	0.091	0.094	0.093	0.094	0.094	0.093	0.093	0.094	0.095	0.093	0.096	0.091	0.091	0.093	0.093	0.091	0.093	0.093	0.093	0.094	0.092	0.095	0.095	0.092	0.092	0.095	0.093	0.094	0.094	0.093	0.094	0.091	0.094	0.094	0.094	0.092	0.094	0.095	0.095	0.097	0.093	0.092	0.096	0.094	0.092	0.093	0.093	0.091	0.094	0.097	0.093	0.093	0.095	0.094	0.098	0.095	0.095	0.095	0.094	0.091	0.093	0.091	0.092	0.092	0.091	0.092	0.092	0.092	0.092	0.094	0.092	0.092
17:00:19	19.6	0.092	0.093	0.092	0.093	0.091	0.092	0.091	0.091	0.092	0.093	0.093	0.093	0.091	0.092	0.094	0.096	0.097	0.095	0.092	0.098	0.093	0.095	0.093	0.092	0.091	0.094	0.092	0.094	0.094	0.093	0.093	0.094	0.096	0.092	0.096	0.091	0.091	0.093	0.094	0.091	0.093	0.094	0.093	0.094	0.092	0.095	0.095	0.092	0.092	0.096	0.093	0.095	0.094	0.094	0.094	0.091	0.095	0.094	0.095	0.092	0.094	0.095	0.096	0.098	0.094	0.092	0.096	0.094	0.092	0.093	0.094	0.091	0.094	0.098	0.093	0.093	0.095	0.095	0.098	0.096	0.095	0.095	0.095	0.090	0.093	0.091	0.092	0.092	0.091	0.093	0.092	0.093	0.092	0.093	0.092	0.092
18:00:20	19.6	0.092	0.093	0.092	0.093	0.091	0.093	0.091	0.091	0.092	0.093	0.093	0.093	0.090	0.092	0.094	0.096	0.097	0.096	0.093	0.098	0.092	0.095	0.093	0.092	0.091	0.094	0.092	0.094	0.094	0.093	0.093	0.094	0.096	0.093	0.097	0.091	0.091	0.093	0.094	0.091	0.094	0.094	0.094	0.094	0.092	0.095	0.095	0.091	0.092	0.096	0.093	0.095	0.094	0.093	0.094	0.091	0.095	0.095	0.095	0.092	0.094	0.095	0.096	0.098	0.094	0.092	0.096	0.094	0.093	0.093	0.094	0.091	0.094	0.098	0.092	0.093	0.095	0.095	0.098	0.096	0.095	0.096	0.095	0.091	0.093	0.091	0.092	0.092	0.091	0.093	0.092	0.093	0.092	0.093	0.092	0.091
19:00:24	19.7	0.092	0.093	0.092	0.093	0.091	0.093	0.092	0.091	0.092	0.092	0.093	0.093	0.091	0.092	0.095	0.096	0.098	0.097	0.093	0.098	0.093	0.096	0.094	0.092	0.091	0.095	0.093	0.095	0.094	0.093	0.093	0.095	0.096	0.093	0.097	0.092	0.091	0.094	0.095	0.091	0.094	0.095	0.094	0.095	0.093	0.096	0.095	0.092	0.092	0.097	0.094	0.096	0.094	0.093	0.095	0.092	0.095	0.095	0.096	0.092	0.094	0.095	0.096	0.098	0.095	0.092	0.097	0.095	0.093	0.093	0.094	0.091	0.094	0.098	0.093	0.093	0.095	0.096	0.099	0.097	0.096	0.096	0.096	0.091	0.093	0.091	0.092	0.092	0.092	0.093	0.092	0.093	0.092	0.094	0.092	0.091
20:00:21	20.0	0.092	0.092	0.092	0.093	0.091	0.093	0.091	0.092	0.092	0.093	0.093	0.093	0.091	0.092	0.095	0.097	0.098	0.097	0.093	0.099	0.093	0.097	0.094	0.092	0.091	0.096	0.092	0.096	0.094	0.093	0.093	0.095	0.097	0.092	0.098	0.091	0.091	0.094	0.095	0.091	0.095	0.095	0.094	0.095	0.093	0.096	0.096	0.092	0.092	0.097	0.094	0.096	0.094	0.094	0.095	0.091	0.096	0.096	0.096	0.092	0.094	0.096	0.097	0.099	0.095	0.092	0.098	0.096	0.092	0.093	0.094	0.091	0.094	0.099	0.093	0.094	0.095	0.096	0.095	0.097	0.097	0.097	0.096	0.091	0.093	0.091	0.092	0.092	0.091	0.093	0.092	0.093	0.093	0.094	0.092	0.092
21:00:21	20.2	0.092	0.092	0.092	0.093	0.091	0.093	0.091	0.091	0.092	0.092	0.093	0.093	0.091	0.092	0.096	0.097	0.099	0.098	0.093	0.099	0.092	0.097	0.094	0.092	0.091	0.096	0.093	0.096	0.094	0.093	0.093	0.096	0.098	0.093	0.098	0.091	0.091	0.095	0.096	0.091	0.096	0.096	0.095	0.096	0.092	0.097	0.096	0.092	0.092	0.098	0.093	0.097	0.094	0.094	0.096	0.092	0.096	0.097	0.097	0.092	0.094	0.095	0.097	0.099	0.096	0.093	0.098	0.096	0.092	0.093	0.094	0.091	0.094	0.099	0.093	0.094	0.096	0.097	0.096	0.098	0.097	0.098	0.097	0.091	0.093	0.091	0.092	0.092	0.091	0.093	0.092	0.093	0.092	0.093	0.092	0.091
22:00:23	20.3	0.092	0.092	0.092	0.093	0.091	0.093	0.091	0.091	0.092	0.093	0.093	0.093	0.091	0.092	0.096	0.098	0.100	0.099	0.093	0.100	0.093	0.098	0.094	0.092	0.091	0.097	0.092	0.097	0.094	0.093	0.093	0.096	0.098	0.093	0.099	0.091	0.091	0.095	0.097	0.091	0.096	0.097	0.096	0.096	0.093	0.098	0.095	0.092	0.092	0.098	0.094	0.098	0.094	0.094	0.097	0.091	0.097	0.098	0.097	0.092	0.094	0.096	0.098	0.101	0.097	0.092	0.099	0.097	0.093	0.093	0.094	0.091	0.094	0.100	0.093	0.094	0.096	0.098	0.095	0.098	0.098	0.099	0.098	0.091	0.093	0.091	0.092	0.092	0.091	0.093	0.092	0.093	0.092	0.093	0.092	0.092
23:00:24	20.4	0.092	0.093	0.092	0.093	0.091	0.093	0.091	0.091	0.092	0.092	0.093	0.093	0.090	0.092	0.097	0.099	0.101	0.100	0.093	0.101	0.093	0.100	0.094	0.092	0.091	0.098	0.093	0.098	0.094	0.093	0.093	0.097	0.100	0.093	0.100	0.091	0.091	0.097	0.097	0.092	0.098	0.098	0.097	0.097	0.093	0.099	0.096	0.092	0.092	0.099	0.094	0.099	0.094	0.094	0.098	0.092	0.098	0.099	0.099	0.092	0.094	0.096	0.099	0.102	0.098	0.093	0.100	0.098	0.093	0.093	0.094	0.091	0.094	0.101	0.093	0.094	0.096	0.099	0.096	0.099	0.099	0.100	0.099	0.091	0.094	0.092	0.092	0.092	0.091	0.093	0.092	0.093	0.093	0.093	0.092	0.092
24:00:25	20.5	0.092	0.092	0.093	0.094	0.091	0.093	0.091	0.092	0.092	0.093	0.094	0.093	0.091	0.093	0.099	0.101	0.102	0.101	0.094	0.102	0.093	0.102	0.094	0.092	0.091	0.100	0.093	0.100	0.094	0.093	0.093	0.098	0.101	0.093	0.101	0.092	0.091	0.098	0.099	0.092	0.099	0.100	0.099	0.099	0.093	0.101	0.096	0.092	0.093	0.100	0.094	0.100	0.095	0.094	0.099	0.092	0.100	0.101	0.100	0.092	0.095	0.096	0.100	0.103	0.099	0.093	0.101	0.099	0.093	0.094	0.094	0.091	0.094	0.102	0.093	0.094	0.096	0.101	0.096	0.101	0.101	0.102	0.100	0.091	0.094	0.092	0.093	0.092	0.092	0.093	0.092	0.093	0.093	0.094	0.092	0.092
25:00:26	20.5	0.092	0.093	0.092	0.093	0.091	0.093	0.092	0.091	0.092	0.093	0.093	0.093	0.091	0.093	0.100	0.102	0.104	0.103	0.093	0.103	0.093	0.103	0.094	0.092	0.091	0.101	0.093	0.101	0.094	0.093	0.093	0.099	0.102	0.093	0.103	0.092	0.091	0.099	0.100	0.092	0.101	0.101	0.100	0.100	0.093	0.102	0.096	0.092	0.092	0.101	0.094	0.101	0.094	0.094	0.100	0.092	0.101	0.102	0.101	0.092	0.094	0.096	0.101	0.105	0.101	0.093	0.102	0.100	0.093	0.094	0.094	0.091	0.094	0.103	0.093	0.094	0.096	0.102	0.096	0.102	0.102	0.103	0.102	0.091	0.094	0.091	0.092	0.092	0.091	0.093	0.092	0.093	0.093	0.094	0.092	0.092
26:00:27	20.6	0.092	0.093	0.092	0.094	0.091	0.093	0.091	0.092	0.092	0.093	0.094	0.093	0.091	0.093	0.101	0.104	0.106	0.105	0.093	0.105	0.093	0.105	0.094	0.092	0.091	0.103	0.093	0.103	0.094	0.094	0.093	0.101	0.103	0.093	0.105	0.092	0.091	0.100	0.102	0.092	0.102	0.104	0.101	0.101	0.093	0.104	0.096	0.092	0.092	0.103	0.094	0.103	0.095	0.094	0.102	0.092	0.102	0.104	0.103	0.092	0.094	0.096	0.103	0.107	0.103	0.093	0.104	0.102	0.093	0.094	0.094	0.091	0.094	0.104	0.093	0.094	0.096	0.104	0.096	0.104	0.104	0.105	0.103	0.091	0.094	0.092	0.093	0.092	0.092	0.093	0.092	0.093	0.093	0.094	0.092	0.092
27:00:28	20.5	0.092	0.093	0.092	0.094	0.091	0.093	0.091	0.091	0.092	0.093	0.094	0.093	0.091	0.093	0.103	0.106	0.108	0.107	0.093	0.107	0.093	0.108	0.094	0.092	0.091	0.106	0.093	0.105	0.094	0.093	0.093	0.102	0.105	0.093	0.107	0.092	0.091	0.102	0.104	0.092	0.105	0.106	0.103	0.103	0.093	0.106	0.096	0.092	0.092	0.104	0.094	0.105	0.095	0.094	0.104	0.092	0.104	0.107	0.105	0.092	0.094	0.096	0.105	0.108	0.105	0.094	0.107	0.104	0.093	0.094	0.094	0.091	0.094	0.106	0.093	0.094	0.096	0.106	0.096	0.105	0.106	0.107	0.105	0.091	0.094	0.091	0.092	0.092	0.092	0.093	0.092	0.093	0.093	0.094	0.092	0.092
28:00:28	20.3	0.092	0.093	0.092	0.093	0.091	0.093	0.091	0.091	0.092	0.093	0.093	0.093	0.091	0.093	0.105	0.108	0.111	0.110	0.094	0.109	0.093	0.111	0.094	0.092	0.091	0.108	0.093	0.108	0.094	0.094	0.093	0.104	0.107	0.093	0.109	0.092	0.091	0.104	0.106	0.092	0.107	0.109	0.105	0.104	0.093	0.108	0.096	0.092	0.092	0.106	0.094	0.108	0.095	0.094	0.106	0.092	0.106	0.109	0.107	0.092	0.094	0.096	0.106	0.111	0.107	0.094	0.109	0.106	0.093	0.094	0.094	0.091	0.094	0.108	0.093	0.094	0.096	0.109	0.096	0.107	0.109	0.110	0.108	0.091	0.094	0.092	0.092	0.092	0.092	0.093	0.092	0.093	0.093	0.094	0.092	0.092
29:00:29	20.0	0.092	0.093	0.092	0.093	0.091	0.093	0.092	0.091	0.092	0.093	0.093	0.093	0.091	0.093	0.107	0.111	0.114	0.113	0.094	0.111	0.093	0.114	0.095	0.092	0.091	0.111	0.093	0.111	0.095	0.094	0.093	0.107	0.109	0.093	0.112	0.091	0.091	0.106	0.109	0.092	0.110	0.112	0.108	0.107	0.093	0.111	0.096	0.092	0.092	0.109	0.094	0.111	0.095	0.094	0.109	0.092	0.108	0.112	0.110	0.092	0.094	0.096	0.108	0.115	0.110	0.094	0.111	0.108	0.093	0.094	0.094	0.091	0.094	0.110	0.093	0.094	0.096	0.112	0.096	0.110	0.112	0.114	0.111	0.091	0.094	0.092	0.092	0.092	0.092	0.093	0.092	0.093	0.093	0.094	0.092	0.092
30:00:30	20.0	0.092	0.093	0.092	0.093	0.091	0.093	0.091	0.091	0.092	0.092	0.093	0.093	0.091	0.093	0.110	0.114	0.118	0.116	0.094	0.114	0.093	0.118	0.095	0.092	0.091	0.115	0.093	0.114	0.094	0.094	0.093	0.109	0.112	0.093	0.115	0.091	0.091	0.109	0.112	0.092	0.114	0.116	0.112	0.110	0.093	0.115	0.096	0.092	0.092	0.111	0.094	0.114	0.094	0.094	0.113	0.092	0.112	0.116	0.113	0.092	0.094	0.096	0.111	0.118	0.114	0.094	0.114	0.111	0.093	0.094	0.094	0.091	0.094	0.112	0.093	0.094	0.096	0.116	0.096	0.113	0.116	0.118	0.114	0.091	0.093	0.091	0.092	0.092	0.092	0.093	0.092	0.093	0.093	0.094	0.092	0.092
31:00:31	20.0	0.092	0.093	0.092	0.094	0.091	0.093	0.092	0.092	0.093	0.093	0.093	0.093	0.091	0.093	0.114	0.118	0.122	0.121	0.094	0.117	0.093	0.123	0.095	0.092	0.091	0.120	0.093	0.118	0.095	0.094	0.093	0.112	0.117	0.094	0.119	0.092	0.091	0.112	0.116	0.092	0.118	0.121	0.116	0.114	0.094	0.119	0.096	0.092	0.092	0.115	0.094	0.117	0.095	0.094	0.116	0.092	0.115	0.121	0.117	0.092	0.095	0.097	0.114	0.123	0.118	0.094	0.119	0.115	0.093	0.095	0.095	0.091	0.094	0.116	0.093	0.095	0.097	0.120	0.096	0.116	0.121	0.123	0.118	0.091	0.094	0.092	0.092	0.092	0.092	0.093	0.092	0.093	0.093	0.094	0.092	0.092
32:00:31	20.0	0.092	0.093	0.093	0.093	0.091	0.093	0.091	0.091	0.093	0.092	0.094	0.093	0.090	0.093	0.117	0.123	0.127	0.126	0.094	0.122	0.093	0.129	0.095	0.092	0.091	0.125	0.093	0.124	0.095	0.094	0.093	0.117	0.120	0.093	0.124	0.092	0.091	0.116	0.121	0.092	0.124	0.127	0.120	0.117	0.093	0.125	0.096	0.092	0.092	0.119	0.095	0.123	0.095	0.094	0.121	0.092	0.119	0.126	0.122	0.092	0.095	0.097	0.118	0.128	0.124	0.094	0.123	0.119	0.093	0.095	0.095	0.091	0.094	0.119	0.093	0.095	0.097	0.126	0.096	0.120	0.126	0.128	0.123	0.091	0.094	0.091	0.092	0.092	0.092	0.093	0.092	0.093	0.093	0.094	0.092	0.092
33:00:34	20.1	0.092	0.093	0.093	0.094	0.091	0.093	0.092	0.092	0.093	0.093	0.094	0.094	0.091	0.094	0.122	0.129	0.134	0.132	0.094	0.127	0.093	0.136	0.096	0.092	0.091	0.132	0.094	0.130	0.095	0.094	0.094	0.122	0.126	0.094	0.129	0.092	0.091	0.121	0.127	0.092	0.130	0.134	0.126	0.122	0.094	0.131	0.097	0.092	0.092	0.123	0.095	0.129	0.095	0.094	0.127	0.092	0.125	0.133	0.127	0.092	0.095	0.097	0.123	0.135	0.130	0.094	0.129	0.124	0.093	0.095	0.095	0.091	0.094	0.124	0.093	0.095	0.097	0.132	0.097	0.126	0.133	0.135	0.130	0.091	0.094	0.092	0.093	0.092	0.092	0.093	0.092	0.094	0.093	0.094	0.093	0.092
34:00:34	20.1	0.092	0.093	0.092	0.094	0.091	0.093	0.092	0.091	0.092	0.093	0.093	0.093	0.091	0.093	0.128	0.136	0.141	0.139	0.094	0.133	0.093	0.143	0.096	0.092	0.091	0.140	0.093	0.137	0.095	0.094	0.093	0.127	0.131	0.094	0.136	0.092	0.091	0.127	0.134	0.092	0.137	0.141	0.133	0.128	0.093	0.138	0.096	0.092	0.092	0.129	0.095	0.136	0.095	0.094	0.134	0.092	0.131	0.141	0.133	0.092	0.095	0.097	0.128	0.142	0.138	0.095	0.136	0.131	0.093	0.095	0.095	0.091	0.094	0.129	0.093	0.095	0.098	0.140	0.096	0.131	0.140	0.143	0.137	0.091	0.093	0.091	0.092	0.092	0.092	0.093	0.092	0.093	0.093	0.094	0.092	0.092
35:00:35	20.0	0.092	0.093	0.093	0.093	0.091	0.093	0.092	0.092	0.093	0.093	0.094	0.093	0.091	0.094	0.135	0.144	0.151	0.148	0.094	0.140	0.094	0.153	0.096	0.092	0.091	0.150	0.093	0.147	0.096	0.095	0.093	0.134	0.138	0.094	0.144	0.092	0.091	0.134	0.142	0.093	0.146	0.151	0.141	0.135	0.094	0.147	0.097	0.092	0.092	0.136	0.095	0.145	0.095	0.095	0.142	0.092	0.138	0.150	0.142	0.092	0.095	0.097	0.135	0.152	0.147	0.095	0.144	0.138	0.093	0.095	0.095	0.091	0.094	0.135	0.094	0.096	0.098	0.150	0.097	0.139	0.151	0.154	0.145	0.091	0.094	0.092	0.093	0.092	0.092	0.093	0.092	0.093	0.093	0.094	0.092	0.092
36:00:36	20.0	0.092	0.093	0.093	0.094	0.091	0.093	0.092	0.091	0.092	0.093	0.094	0.093	0.091	0.094	0.144	0.154	0.163	0.159	0.094	0.148	0.093	0.163	0.097	0.092	0.091	0.161	0.093	0.157	0.096	0.095	0.094	0.142	0.146	0.095	0.154	0.092	0.091	0.142	0.152	0.093	0.157	0.162	0.150	0.143	0.094	0.156	0.097	0.092	0.093	0.145	0.095	0.155	0.095	0.094	0.151	0.092	0.147	0.159	0.151	0.092	0.095	0.098	0.143	0.163	0.157	0.095	0.154	0.146	0.093	0.095	0.096	0.091	0.095	0.143	0.093	0.096	0.098	0.161	0.097	0.148	0.161	0.165	0.156	0.091	0.094	0.092	0.093	0.092	0.092	0.093	0.092	0.093	0.093	0.094	0.093	0.092
37:00:37	20.0	0.092	0.093	0.093	0.094	0.091	0.093	0.092	0.091	0.093	0.093	0.093	0.093	0.091	0.094	0.154	0.164	0.173	0.170	0.094	0.158	0.093	0.174	0.097	0.092	0.091	0.172	0.094	0.166	0.096	0.095	0.093	0.150	0.155	0.095	0.164	0.092	0.091	0.152	0.162	0.093	0.167	0.171	0.160	0.152	0.094	0.167	0.097	0.092	0.093	0.155	0.095	0.166	0.095	0.094	0.161	0.092	0.157	0.170	0.161	0.092	0.094	0.098	0.153	0.173	0.167	0.095	0.164	0.157	0.093	0.096	0.096	0.091	0.095	0.152	0.093	0.096	0.099	0.173	0.097	0.159	0.173	0.177	0.167	0.092	0.093	0.091	0.093	0.092	0.092	0.093	0.092	0.093	0.093	0.094	0.093	0.092
38:00:38	20.0	0.092	0.094	0.093	0.094	0.091	0.093	0.091	0.092	0.093	0.093	0.094	0.093	0.091	0.094	0.164	0.176	0.186	0.182	0.094	0.169	0.094	0.186	0.098	0.092	0.091	0.185	0.094	0.177	0.096	0.096	0.093	0.161	0.165	0.095	0.174	0.092	0.091	0.164	0.173	0.093	0.179	0.184	0.172	0.163	0.094	0.178	0.097	0.092	0.093	0.166	0.096	0.178	0.095	0.094	0.173	0.093	0.167	0.182	0.173	0.092	0.095	0.098	0.163	0.186	0.179	0.096	0.176	0.169	0.093	0.096	0.096	0.091	0.094	0.163	0.093	0.097	0.099	0.186	0.098	0.170	0.185	0.190	0.180	0.092	0.094	0.092	0.093	0.092	0.092	0.093	0.092	0.093	0.093	0.094	0.093	0.092
39:00:38	19.9	0.092	0.093	0.093	0.093	0.092	0.093	0.092	0.092	0.093	0.093	0.093	0.093	0.091	0.094	0.176	0.189	0.197	0.194	0.095	0.182	0.093	0.198	0.099	0.092	0.091	0.197	0.094	0.190	0.097	0.096	0.094	0.171	0.175	0.096	0.188	0.092	0.091	0.175	0.186	0.094	0.192	0.198	0.185	0.174	0.094	0.191	0.097	0.092	0.093	0.178	0.096	0.192	0.095	0.094	0.186	0.093	0.178	0.195	0.185	0.092	0.095	0.098	0.175	0.199	0.193	0.096	0.189	0.181	0.093	0.096	0.097	0.091	0.095	0.175	0.094	0.097	0.100	0.200	0.098	0.183	0.198	0.203	0.193	0.092	0.093	0.092	0.093	0.092	0.092	0.093	0.092	0.093	0.093	0.094	0.093	0.092
40:00:40	19.9	0.092	0.094	0.092	0.094	0.092	0.093	0.092	0.092	0.093	0.093	0.094	0.093	0.091	0.095	0.189	0.201	0.211	0.208	0.095	0.193	0.094	0.211	0.100	0.092	0.091	0.212	0.094	0.204	0.097	0.097	0.094	0.183	0.187	0.096	0.200	0.092	0.091	0.187	0.201	0.094	0.205	0.211	0.199	0.187	0.094	0.205	0.097	0.093	0.092	0.192	0.096	0.205	0.095	0.095	0.199	0.093	0.191	0.209	0.197	0.092	0.095	0.099	0.188	0.214	0.206	0.097	0.202	0.193	0.093	0.096	0.097	0.091	0.095	0.188	0.094	0.098	0.101	0.213	0.098	0.196	0.212	0.218	0.206	0.092	0.094	0.092	0.093	0.093	0.092	0.093	0.092	0.093	0.093	0.094	0.092	0.092
41:00:40	19.8	0.092	0.093	0.093	0.094	0.091	0.093	0.092	0.092	0.093	0.093	0.094	0.093	0.091	0.095	0.200	0.214	0.225	0.221	0.095	0.205	0.093	0.226	0.101	0.092	0.091	0.224	0.094	0.213	0.098	0.097	0.094	0.195	0.200	0.097	0.215	0.092	0.091	0.202	0.214	0.095	0.219	0.227	0.213	0.201	0.094	0.219	0.097	0.093	0.093	0.207	0.097	0.219	0.095	0.095	0.214	0.093	0.204	0.224	0.211	0.092	0.095	0.099	0.202	0.227	0.221	0.098	0.216	0.206	0.093	0.097	0.098	0.091	0.095	0.204	0.093	0.098	0.102	0.227	0.099	0.209	0.226	0.233	0.220	0.092	0.094	0.091	0.093	0.092	0.092	0.093	0.092	0.093	0.093	0.094	0.093	0.092
42:00:41	19.9	0.092	0.093	0.093	0.093	0.091	0.093	0.092	0.092	0.093	0.093	0.093	0.093	0.091	0.095	0.213	0.230	0.238	0.238	0.095	0.219	0.094	0.243	0.103	0.092	0.091	0.237	0.094	0.228	0.098	0.098	0.094	0.209	0.213	0.097	0.228	0.092	0.091	0.215	0.225	0.095	0.235	0.241	0.227	0.214	0.094	0.236	0.097	0.092	0.092	0.221	0.098	0.235	0.095	0.094	0.226	0.093	0.219	0.241	0.225	0.092	0.095	0.100	0.217	0.244	0.237	0.099	0.229	0.219	0.093	0.097	0.098	0.091	0.095	0.220	0.094	0.099	0.103	0.243	0.099	0.224	0.242	0.249	0.236	0.092	0.094	0.092	0.092	0.092	0.092	0.093	0.092	0.093	0.093	0.094	0.092	0.092
43:00:42	20.0	0.092	0.093	0.092	0.093	0.091	0.093	0.092	0.092	0.093	0.093	0.094	0.092	0.091	0.095	0.228	0.247	0.254	0.252	0.095	0.233	0.093	0.259	0.104	0.092	0.091	0.256	0.094	0.245	0.099	0.099	0.094	0.222	0.226	0.098	0.248	0.092	0.091	0.228	0.242	0.095	0.253	0.258	0.241	0.228	0.094	0.251	0.097	0.092	0.092	0.234	0.098	0.251	0.095	0.094	0.242	0.093	0.233	0.252	0.237	0.092	0.095	0.100	0.231	0.260	0.253	0.099	0.244	0.233	0.093	0.097	0.099	0.091	0.094	0.233	0.094	0.100	0.105	0.261	0.099	0.236	0.260	0.268	0.253	0.091	0.093	0.091	0.093	0.092	0.092	0.093	0.092	0.093	0.093	0.094	0.092	0.092
44:00:43	20.0	0.092	0.094	0.092	0.093	0.091	0.093	0.092	0.092	0.093	0.093	0.093	0.093	0.091	0.096	0.244	0.258	0.270	0.264	0.095	0.247	0.094	0.274	0.106	0.092	0.091	0.272	0.094	0.261	0.100	0.100	0.093	0.234	0.242	0.099	0.261	0.092	0.091	0.244	0.258	0.096	0.262	0.269	0.255	0.241	0.095	0.268	0.097	0.092	0.093	0.248	0.099	0.261	0.095	0.095	0.251	0.093	0.248	0.268	0.252	0.092	0.095	0.102	0.247	0.272	0.264	0.100	0.255	0.248	0.093	0.098	0.100	0.091	0.094	0.249	0.093	0.101	0.107	0.277	0.100	0.253	0.276	0.284	0.268	0.091	0.094	0.092	0.093	0.092	0.092	0.093	0.092	0.093	0.093	0.094	0.092	0.092
45:00:44	19.9	0.092	0.094	0.093	0.094	0.091	0.094	0.092	0.092	0.093	0.093	0.094	0.093	0.091	0.097	0.259	0.273	0.290	0.280	0.095	0.261	0.094	0.291	0.109	0.092	0.091	0.289	0.094	0.279	0.101	0.101	0.094	0.248	0.257	0.101	0.276	0.092	0.091	0.260	0.274	0.097	0.281	0.287	0.269	0.254	0.095	0.284	0.098	0.092	0.092	0.262	0.100	0.280	0.095	0.095	0.266	0.093	0.264	0.285	0.264	0.092	0.095	0.103	0.261	0.289	0.282	0.102	0.270	0.263	0.093	0.098	0.101	0.091	0.094	0.264	0.094	0.102	0.109	0.293	0.101	0.270	0.294	0.300	0.286	0.092	0.094	0.092	0.093	0.092	0.092	0.093	0.092	0.093	0.093	0.094	0.092	0.092
46:00:45	19.9	0.092	0.094	0.093	0.094	0.091	0.094	0.092	0.092	0.093	0.093	0.094	0.093	0.091	0.098	0.279	0.293	0.303	0.301	0.096	0.277	0.094	0.312	0.111	0.092	0.091	0.304	0.095	0.294	0.103	0.103	0.094	0.267	0.273	0.102	0.292	0.092	0.091	0.274	0.286	0.098	0.298	0.305	0.284	0.269	0.095	0.300	0.098	0.092	0.093	0.274	0.101	0.292	0.095	0.095	0.283	0.093	0.279	0.303	0.280	0.092	0.095	0.104	0.274	0.306	0.296	0.103	0.289	0.277	0.093	0.099	0.102	0.091	0.094	0.277	0.094	0.104	0.111	0.310	0.102	0.283	0.309	0.319	0.303	0.091	0.094	0.092	0.093	0.092	0.092	0.093	0.092	0.093	0.093	0.094	0.092	0.092
47:00:48	19.9	0.092	0.093	0.092	0.093	0.091	0.093	0.092	0.092	0.093	0.093	0.093	0.093	0.091	0.098	0.291	0.309	0.323	0.315	0.095	0.294	0.094	0.328	0.114	0.092	0.091	0.323	0.095	0.311	0.104	0.104	0.094	0.280	0.289	0.103	0.309	0.092	0.091	0.288	0.303	0.099	0.316	0.322	0.300	0.286	0.095	0.314	0.098	0.092	0.092	0.290	0.102	0.311	0.095	0.094	0.299	0.093	0.295	0.318	0.298	0.092	0.095	0.105	0.289	0.322	0.314	0.105	0.305	0.292	0.093	0.099	0.103	0.091	0.094	0.293	0.093	0.106	0.114	0.326	0.102	0.298	0.327	0.335	0.320	0.091	0.094	0.091	0.092	0.092	0.091	0.093	0.092	0.093	0.092	0.094	0.092	0.091
48:00:47	20.0	0.092	0.094	0.093	0.093	0.091	0.093	0.092	0.092	0.093	0.093	0.093	0.093	0.091	0.099	0.308	0.327	0.345	0.332	0.096	0.311	0.094	0.346	0.117	0.092	0.091	0.341	0.095	0.329	0.106	0.106	0.094	0.295	0.304	0.105	0.324	0.092	0.091	0.306	0.320	0.101	0.334	0.341	0.317	0.302	0.096	0.332	0.098	0.092	0.092	0.308	0.103	0.328	0.095	0.095	0.317	0.093	0.309	0.336	0.314	0.092	0.094	0.107	0.305	0.338	0.331	0.107	0.322	0.309	0.093	0.100	0.105	0.091	0.094	0.309	0.094	0.108	0.117	0.342	0.104	0.313	0.343	0.352	0.339	0.091	0.094	0.092	0.093	0.092	0.092	0.093	0.092	0.093	0.093	0.094	0.092	0.092
49:00:47	20.0	0.092	0.094	0.092	0.094	0.091	0.093	0.094	0.092	0.094	0.093	0.094	0.097	0.091	0.100	0.323	0.344	0.367	0.351	0.096	0.333	0.094	0.364	0.121	0.092	0.091	0.363	0.095	0.346	0.108	0.108	0.094	0.311	0.318	0.107	0.342	0.092	0.091	0.322	0.336	0.102	0.357	0.364	0.336	0.321	0.096	0.351	0.098	0.092	0.093	0.328	0.105	0.351	0.095	0.095	0.336	0.094	0.327	0.354	0.330	0.092	0.095	0.109	0.324	0.357	0.351	0.110	0.341	0.329	0.093	0.101	0.107	0.091	0.094	0.327	0.094	0.110	0.122	0.363	0.105	0.334	0.364	0.376	0.358	0.091	0.094	0.092	0.092	0.092	0.092	0.093	0.092	0.093	0.093	0.094	0.093	0.092
50:00:48	20.0	0.092	0.094	0.092	0.093	0.091	0.093	0.092	0.092	0.094	0.093	0.094	0.093	0.091	0.102	0.344	0.363	0.389	0.370	0.096	0.347	0.094	0.383	0.125	0.093	0.091	0.378	0.095	0.365	0.110	0.110	0.094	0.326	0.334	0.109	0.359	0.092	0.091	0.339	0.356	0.104	0.375	0.386	0.352	0.338	0.097	0.374	0.099	0.092	0.092	0.343	0.107	0.370	0.095	0.095	0.352	0.094	0.345	0.371	0.348	0.092	0.095	0.111	0.339	0.378	0.372	0.112	0.358	0.344	0.093	0.102	0.110	0.091	0.094	0.344	0.094	0.113	0.126	0.381	0.107	0.348	0.380	0.393	0.377	0.091	0.093	0.091	0.093	0.092	0.092	0.093	0.092	0.093	0.093	0.094	0.092	0.092
51:00:49	19.9	0.092	0.094	0.093	0.094	0.092	0.094	0.092	0.092	0.094	0.094	0.094	0.093	0.091	0.103	0.361	0.382	0.405	0.393	0.097	0.365	0.094	0.400	0.129	0.093	0.092	0.403	0.096	0.385	0.113	0.113	0.094	0.342	0.354	0.112	0.379	0.092	0.091	0.358	0.375	0.106	0.399	0.404	0.373	0.356	0.098	0.392	0.099	0.092	0.093	0.363	0.110	0.388	0.095	0.095	0.372	0.094	0.363	0.391	0.367	0.092	0.095	0.114	0.361	0.395	0.388	0.115	0.378	0.364	0.093	0.102	0.113	0.091	0.095	0.362	0.094	0.116	0.131	0.401	0.109	0.367	0.400	0.418	0.400	0.091	0.094	0.092	0.093	0.092	0.092	0.093	0.092	0.093	0.093	0.094	0.093	0.092
52:00:50	19.9	0.092	0.094	0.093	0.094	0.092	0.094	0.092	0.092	0.094	0.094	0.094	0.093	0.091	0.105	0.383	0.402	0.426	0.410	0.097	0.386	0.095	0.421	0.133	0.093	0.092	0.419	0.096	0.404	0.115	0.115	0.094	0.361	0.373	0.115	0.398	0.092	0.092	0.374	0.393	0.108	0.420	0.425	0.393	0.374	0.099	0.409	0.100	0.092	0.093	0.381	0.113	0.408	0.095	0.095	0.391	0.095	0.389	0.412	0.385	0.092	0.095	0.117	0.377	0.413	0.407	0.118	0.396	0.382	0.093	0.103	0.116	0.091	0.094	0.380	0.094	0.118	0.136	0.422	0.111	0.387	0.419	0.436	0.417	0.091	0.094	0.092	0.093	0.093	0.092	0.093	0.092	0.094	0.093	0.094	0.093	0.092
53:00:52	19.8	0.092	0.094	0.093	0.094	0.091	0.094	0.092	0.092	0.094	0.094	0.094	0.093	0.091	0.107	0.399	0.421	0.445	0.427	0.098	0.406	0.095	0.441	0.136	0.093	0.092	0.440	0.097	0.425	0.117	0.117	0.094	0.374	0.391	0.118	0.412	0.092	0.091	0.394	0.412	0.110	0.440	0.445	0.411	0.393	0.099	0.427	0.100	0.092	0.093	0.399	0.116	0.425	0.095	0.095	0.408	0.095	0.402	0.432	0.402	0.092	0.095	0.120	0.396	0.430	0.424	0.121	0.412	0.403	0.093	0.104	0.119	0.091	0.094	0.397	0.094	0.120	0.140	0.440	0.114	0.403	0.440	0.457	0.437	0.091	0.094	0.092	0.093	0.093	0.092	0.093	0.092	0.093	0.093	0.094	0.093	0.092
54:00:52	19.8	0.092	0.094	0.092	0.093	0.092	0.093	0.092	0.091	0.094	0.093	0.094	0.093	0.091	0.109	0.417	0.434	0.464	0.445	0.098	0.424	0.094	0.461	0.140	0.093	0.092	0.458	0.097	0.442	0.120	0.119	0.094	0.392	0.404	0.121	0.430	0.092	0.091	0.409	0.428	0.112	0.459	0.464	0.429	0.412	0.100	0.450	0.100	0.092	0.092	0.416	0.118	0.444	0.095	0.095	0.427	0.095	0.423	0.453	0.420	0.092	0.094	0.124	0.412	0.448	0.442	0.123	0.432	0.421	0.093	0.106	0.122	0.091	0.094	0.416	0.094	0.122	0.144	0.461	0.115	0.420	0.459	0.477	0.452	0.091	0.093	0.092	0.092	0.092	0.092	0.093	0.092	0.093	0.093	0.094	0.092	0.092
55:00:54	19.8	0.092	0.094	0.092	0.094	0.091	0.093	0.092	0.092	0.093	0.093	0.093	0.093	0.091	0.111	0.432	0.455	0.484	0.464	0.098	0.443	0.095	0.481	0.143	0.093	0.091	0.476	0.098	0.463	0.122	0.121	0.094	0.409	0.421	0.124	0.447	0.092	0.091	0.429	0.448	0.113	0.477	0.483	0.448	0.431	0.101	0.470	0.101	0.092	0.092	0.434	0.122	0.462	0.095	0.095	0.446	0.095	0.441	0.473	0.438	0.092	0.095	0.128	0.429	0.467	0.460	0.127	0.448	0.440	0.093	0.107	0.126	0.091	0.094	0.434	0.094	0.125	0.148	0.481	0.118	0.439	0.479	0.496	0.469	0.091	0.094	0.092	0.093	0.092	0.092	0.093	0.092	0.093	0.092	0.094	0.092	0.092
56:00:54	19.8	0.092	0.094	0.093	0.094	0.091	0.093	0.092	0.091	0.094	0.093	0.094	0.093	0.091	0.114	0.450	0.472	0.503	0.482	0.099	0.463	0.095	0.499	0.146	0.093	0.091	0.495	0.099	0.482	0.124	0.123	0.094	0.427	0.440	0.127	0.467	0.092	0.091	0.444	0.468	0.115	0.498	0.502	0.467	0.448	0.102	0.491	0.101	0.092	0.092	0.451	0.125	0.482	0.095	0.095	0.462	0.096	0.460	0.492	0.457	0.092	0.094	0.132	0.446	0.485	0.479	0.129	0.466	0.459	0.093	0.109	0.129	0.091	0.094	0.452	0.094	0.127	0.153	0.500	0.121	0.458	0.498	0.517	0.488	0.091	0.094	0.092	0.092	0.092	0.092	0.093	0.093	0.093	0.093	0.094	0.092	0.092
57:00:55	19.8	0.092	0.094	0.093	0.094	0.091	0.093	0.092	0.092	0.094	0.093	0.094	0.093	0.091	0.115	0.468	0.491	0.523	0.502	0.099	0.481	0.095	0.520	0.150	0.093	0.091	0.514	0.100	0.504	0.127	0.125	0.094	0.444	0.457	0.130	0.484	0.092	0.091	0.461	0.487	0.117	0.518	0.524	0.486	0.467	0.104	0.512	0.102	0.092	0.093	0.468	0.129	0.501	0.095	0.096	0.483	0.097	0.479	0.513	0.476	0.092	0.095	0.137	0.464	0.506	0.499	0.131	0.484	0.478	0.093	0.111	0.133	0.091	0.094	0.471	0.094	0.130	0.157	0.519	0.123	0.476	0.519	0.536	0.506	0.091	0.094	0.092	0.093	0.092	0.092	0.093	0.092	0.093	0.093	0.094	0.092	0.092
58:00:55	19.8	0.092	0.094	0.093	0.094	0.091	0.093	0.091	0.092	0.094	0.093	0.093	0.093	0.091	0.118	0.485	0.509	0.543	0.521	0.100	0.500	0.096	0.539	0.153	0.092	0.091	0.534	0.101	0.524	0.128	0.128	0.094	0.462	0.474	0.132	0.502	0.092	0.091	0.480	0.509	0.118	0.538	0.544	0.507	0.485	0.105	0.530	0.102	0.092	0.092	0.487	0.132	0.521	0.095	0.095	0.502	0.097	0.498	0.534	0.493	0.092	0.094	0.142	0.482	0.524	0.519	0.134	0.502	0.497	0.093	0.112	0.136	0.091	0.094	0.485	0.094	0.133	0.160	0.539	0.126	0.494	0.537	0.560	0.524	0.091	0.094	0.092	0.092	0.092	0.092	0.093	0.092	0.093	0.092	0.094	0.092	0.091
59:00:56	19.8	0.091	0.094	0.092	0.093	0.091	0.093	0.091	0.092	0.093	0.093	0.093	0.093	0.091	0.120	0.503	0.527	0.561	0.542	0.100	0.520	0.095	0.558	0.156	0.092	0.091	0.554	0.101	0.544	0.130	0.130	0.094	0.480	0.491	0.135	0.520	0.092	0.091	0.499	0.528	0.120	0.554	0.562	0.524	0.502	0.107	0.550	0.103	0.092	0.092	0.505	0.136	0.539	0.095	0.095	0.519	0.098	0.518	0.554	0.511	0.092	0.095	0.147	0.500	0.544	0.538	0.137	0.519	0.516	0.093	0.114	0.140	0.091	0.094	0.501	0.094	0.135	0.164	0.556	0.128	0.512	0.560	0.574	0.543	0.091	0.093	0.092	0.092	0.092	0.091	0.092	0.092	0.093	0.092	0.093	0.092	0.091
60:00:57	19.8	0.092	0.094	0.092	0.094	0.092	0.093	0.092	0.092	0.093	0.093	0.094	0.093	0.091	0.123	0.521	0.546	0.582	0.557	0.101	0.538	0.096	0.571	0.160	0.093	0.091	0.574	0.102	0.563	0.133	0.132	0.095	0.499	0.510	0.138	0.536	0.092	0.091	0.516	0.545	0.122	0.576	0.582	0.541	0.519	0.109	0.575	0.104	0.092	0.092	0.522	0.139	0.558	0.096	0.095	0.536	0.098	0.537	0.575	0.532	0.092	0.095	0.153	0.518	0.562	0.555	0.139	0.536	0.534	0.093	0.117	0.144	0.091	0.094	0.518	0.094	0.137	0.168	0.573	0.131	0.530	0.571	0.583	0.553	0.091	0.094	0.092	0.093	0.092	0.092	0.093	0.093	0.093	0.093	0.094	0.092	0.092
61:00:58	19.8	0.092	0.095	0.093	0.094	0.092	0.093	0.092	0.092	0.093	0.094	0.094	0.093	0.091	0.125	0.539	0.564	0.587	0.567	0.102	0.553	0.097	0.578	0.163	0.093	0.092	0.591	0.104	0.586	0.136	0.134	0.095	0.515	0.527	0.141	0.548	0.092	0.091	0.537	0.568	0.123	0.585	0.590	0.562	0.538	0.110	0.582	0.105	0.092	0.092	0.542	0.142	0.577	0.095	0.096	0.558	0.099	0.554	0.582	0.545	0.092	0.095	0.157	0.536	0.570	0.563	0.142	0.554	0.553	0.093	0.120	0.147	0.091	0.094	0.536	0.094	0.140	0.172	0.580	0.134	0.551	0.579	0.590	0.561	0.091	0.094	0.092	0.093	0.093	0.092	0.093	0.093	0.093	0.093	0.094	0.093	0.092
62:00:59	19.7	0.092	0.095	0.093	0.094	0.092	0.093	0.092	0.092	0.094	0.093	0.094	0.093	0.091	0.128	0.555	0.574	0.596	0.574	0.104	0.572	0.097	0.586	0.166	0.093	0.092	0.597	0.105	0.595	0.138	0.136	0.095	0.532	0.550	0.144	0.557	0.092	0.091	0.555	0.584	0.126	0.592	0.598	0.577	0.555	0.112	0.590	0.106	0.092	0.092	0.563	0.146	0.586	0.096	0.096	0.569	0.100	0.577	0.590	0.554	0.092	0.095	0.164	0.555	0.577	0.571	0.145	0.562	0.567	0.094	0.123	0.151	0.091	0.094	0.556	0.094	0.143	0.176	0.587	0.136	0.563	0.586	0.595	0.568	0.091	0.094	0.092	0.093	0.092	0.092	0.093	0.093	0.093	0.093	0.094	0.093	0.092
63:00:59	19.7	0.092	0.095	0.092	0.094	0.092	0.094	0.091	0.092	0.094	0.093	0.094	0.093	0.092	0.130	0.566	0.581	0.601	0.580	0.105	0.582	0.098	0.591	0.169	0.093	0.091	0.605	0.106	0.603	0.140	0.139	0.095	0.544	0.553	0.147	0.563	0.092	0.091	0.575	0.591	0.127	0.599	0.605	0.585	0.575	0.114	0.598	0.107	0.092	0.093	0.577	0.148	0.592	0.096	0.096	0.579	0.101	0.582	0.597	0.561	0.092	0.094	0.168	0.572	0.583	0.577	0.147	0.568	0.576	0.094	0.127	0.154	0.091	0.094	0.570	0.094	0.145	0.179	0.593	0.139	0.572	0.591	0.601	0.573	0.091	0.094	0.092	0.093	0.093	0.092	0.093	0.093	0.093	0.093	0.094	0.092	0.092
64:01:01	19.7	0.092	0.094	0.093	0.094	0.091	0.093	0.092	0.092	0.094	0.094	0.093	0.093	0.091	0.133	0.571	0.586	0.606	0.585	0.106	0.590	0.098	0.596	0.172	0.093	0.092	0.611	0.107	0.609	0.142	0.141	0.095	0.553	0.561	0.149	0.569	0.092	0.091	0.582	0.597	0.129	0.605	0.611	0.592	0.582	0.116	0.604	0.108	0.092	0.092	0.584	0.152	0.598	0.096	0.096	0.585	0.102	0.590	0.602	0.566	0.092	0.094	0.174	0.577	0.588	0.583	0.150	0.574	0.583	0.094	0.130	0.158	0.091	0.094	0.574	0.094	0.148	0.183	0.599	0.141	0.577	0.596	0.605	0.578	0.091	0.094	0.092	0.093	0.092	0.092	0.093	0.093	0.093	0.093	0.094	0.092	0.092
65:01:02	19.7	0.093	0.095	0.093	0.094	0.092	0.093	0.092	0.091	0.093	0.093	0.094	0.094	0.091	0.135	0.577	0.592	0.612	0.591	0.107	0.595	0.098	0.603	0.175	0.093	0.091	0.617	0.109	0.614	0.144	0.143	0.095	0.560	0.568	0.153	0.575	0.092	0.091	0.586	0.601	0.131	0.612	0.618	0.597	0.589	0.118	0.610	0.109	0.092	0.092	0.590	0.155	0.603	0.096	0.096	0.591	0.102	0.597	0.609	0.570	0.092	0.094	0.179	0.584	0.595	0.753	0.153	0.579	0.589	0.094	0.135	0.162	0.091	0.094	0.580	0.095	0.152	0.186	0.605	0.144	0.862	0.502	0.610	0.584	0.091	0.094	0.092	0.093	0.092	0.092	0.093	0.093	0.093	0.093	0.094	0.093	0.092
66:01:03	19.8	0.093	0.094	0.092	0.093	0.092	0.093	0.092	0.091	0.094	0.093	0.093	0.095	0.091	0.136	0.582	0.598	0.617	0.596	0.109	0.599	0.099	0.607	0.179	0.093	0.091	0.623	0.110	0.619	0.147	0.145	0.095	0.565	0.573	0.155	0.580	0.092	0.091	0.591	0.607	0.132	0.618	0.625	0.602	0.596	0.119	0.616	0.111	0.092	0.092	0.595	0.158	0.608	0.096	0.097	0.597	0.103	0.604	0.581	0.575	0.092	0.094	0.183	0.590	0.599	0.744	0.155	0.824	0.594	0.093	0.140	0.166	0.091	0.094	0.587	0.095	0.155	0.190	0.610	0.146	0.859	0.502	0.613	0.588	0.091	0.094	0.092	0.093	0.092	0.092	0.093	0.092	0.093	0.093	0.094	0.092	0.092
67:01:04	19.9	0.092	0.094	0.093	0.094	0.091	0.093	0.091	0.091	0.093	0.093	0.093	0.093	0.091	0.138	0.586	0.601	0.621	0.601	0.110	0.604	0.099	0.612	0.182	0.093	0.091	0.628	0.111	0.625	0.149	0.148	0.095	0.570	0.577	0.158	0.584	0.092	0.091	0.746	0.613	0.135	0.623	0.629	0.607	0.754	0.121	0.621	0.112	0.092	0.092	0.531	0.161	0.611	0.096	0.097	0.502	0.103	0.608	0.503	0.579	0.092	0.094	0.189	0.595	0.794	0.741	0.158	0.786	0.600	0.094	0.144	0.169	0.091	0.094	0.592	0.095	0.158	0.194	0.614	0.149	0.854	0.504	0.617	0.591	0.091	0.094	0.092	0.092	0.092	0.092	0.093	0.093	0.093	0.092	0.094	0.092	0.091
68:01:04	20.0	0.092	0.094	0.093	0.094	0.091	0.093	0.092	0.091	0.094	0.093	0.094	0.094	0.091	0.141	0.592	0.605	0.625	0.605	0.113	0.609	0.100	0.616	0.186	0.093	0.092	0.632	0.113	0.516	0.151	0.150	0.096	0.575	0.582	0.162	0.589	0.092	0.091	0.506	0.617	0.136	0.628	0.634	0.505	0.504	0.123	0.624	0.114	0.092	0.093	0.512	0.164	0.617	0.097	0.097	0.502	0.105	0.614	0.504	0.605	0.092	0.094	0.195	0.500	0.496	0.738	0.161	0.784	0.514	0.094	0.150	0.174	0.092	0.094	0.910	0.095	0.161	0.198	0.618	0.152	0.850	0.507	0.621	0.596	0.091	0.094	0.092	0.093	0.092	0.092	0.093	0.093	0.093	0.093	0.094	0.092	0.092
69:01:05	19.9	0.093	0.095	0.093	0.094	0.092	0.094	0.092	0.092	0.094	0.093	0.094	0.094	0.091	0.143	0.595	0.796	0.630	0.610	0.115	0.614	0.101	0.621	0.189	0.093	0.092	0.636	0.115	0.518	0.154	0.153	0.096	0.476	0.587	0.164	0.596	0.092	0.091	0.508	0.620	0.138	0.633	0.639	0.506	0.507	0.125	0.629	0.117	0.093	0.093	0.514	0.167	0.801	0.097	0.098	0.504	0.106	0.617	0.508	0.795	0.092	0.094	0.198	0.501	0.497	0.738	0.164	0.779	0.511	0.094	0.158	0.178	0.092	0.094	0.870	0.095	0.164	0.201	0.624	0.155	0.846	0.510	0.625	0.600	0.091	0.094	0.092	0.093	0.092	0.092	0.093	0.092	0.093	0.093	0.094	0.092	0.092
70:01:07	19.9	0.093	0.095	0.093	0.094	0.092	0.093	0.092	0.092	0.093	0.093	0.094	0.094	0.091	0.145	0.682	0.504	0.635	0.615	0.117	0.618	0.101	0.626	0.192	0.093	0.092	0.640	0.116	0.521	0.157	0.155	0.096	0.477	0.591	0.167	0.600	0.092	0.091	0.510	0.624	0.140	0.638	0.644	0.508	0.507	0.128	0.634	0.119	0.094	0.092	0.516	0.170	0.511	0.097	0.098	0.506	0.106	0.621	0.508	0.635	0.092	0.094	0.205	0.501	0.500	0.740	0.167	0.780	0.510	0.094	0.165	0.182	0.092	0.094	0.863	0.095	0.167	0.204	0.630	0.157	0.845	0.512	0.631	0.604	0.091	0.094	0.092	0.093	0.092	0.092	0.093	0.093	0.093	0.093	0.094	0.092	0.092
71:01:07	19.8	0.093	0.094	0.093	0.094	0.092	0.094	0.092	0.091	0.094	0.093	0.094	0.093	0.091	0.147	0.496	0.506	0.639	0.619	0.120	0.623	0.102	0.783	0.195	0.093	0.092	0.643	0.118	0.524	0.159	0.158	0.096	0.479	0.595	0.170	0.604	0.092	0.091	0.510	0.640	0.141	0.643	0.649	0.510	0.508	0.130	0.639	0.122	0.092	0.092	0.517	0.173	0.514	0.097	0.098	0.507	0.107	0.625	0.510	0.478	0.092	0.094	0.209	0.504	0.502	0.744	0.170	0.781	0.512	0.094	0.172	0.186	0.091	0.094	0.858	0.095	0.170	0.208	0.530	0.160	0.845	0.515	0.634	0.607	0.091	0.094	0.092	0.093	0.093	0.092	0.093	0.093	0.093	0.092	0.094	0.092	0.092
72:01:08	19.8	0.092	0.095	0.093	0.094	0.092	0.094	0.092	0.092	0.093	0.093	0.094	0.094	0.091	0.150	0.499	0.510	0.645	0.625	0.124	0.627	0.103	0.519	0.199	0.093	0.092	0.648	0.120	0.527	0.162	0.161	0.097	0.481	0.599	0.174	0.610	0.092	0.091	0.513	0.532	0.144	0.649	0.654	0.513	0.511	0.132	0.645	0.125	0.092	0.093	0.519	0.176	0.516	0.098	0.099	0.510	0.108	0.629	0.513	0.483	0.092	0.095	0.214	0.505	0.504	0.746	0.172	0.781	0.515	0.094	0.182	0.189	0.092	0.094	0.858	0.095	0.173	0.212	0.536	0.164	0.846	0.520	0.638	0.612	0.091	0.094	0.092	0.093	0.093	0.092	0.093	0.092	0.093	0.093	0.094	0.093	0.092

