Time	T° 600	A1	A2	A3	A4	A5	A6	A7	A8	A9	A10	A11	A12	B1	B2	B3	B4	B5	B6	B7	B8	B9	B10	B11	B12	C1	C2	C3	C4	C5	C6	C7	C8	C9	C10	C11	C12	D1	D2	D3	D4	D5	D6	D7	D8	D9	D10	D11	D12	E1	E2	E3	E4	E5	E6	E7	E8	E9	E10	E11	E12	F1	F2	F3	F4	F5	F6	F7	F8	F9	F10	F11	F12	G1	G2	G3	G4	G5	G6	G7	G8	G9	G10	G11	G12	H1	H2	H3	H4	H5	H6	H7	H8	H9	H10	H11	H12
0:00:06	19.9	0.089	0.089	0.091	0.092	0.091	0.090	0.089	0.089	0.090	0.091	0.089	0.091	0.090	0.091	0.090	0.092	0.091	0.089	0.089	0.093	0.091	0.090	0.091	0.091	0.089	0.090	0.090	0.089	0.091	0.091	0.090	0.090	0.090	0.092	0.090	0.091	0.088	0.090	0.090	0.089	0.089	0.089	0.089	0.090	0.092	0.090	0.090	0.091	0.091	0.091	0.090	0.091	0.090	0.090	0.089	0.088	0.090	0.088	0.089	0.089	0.091	0.090	0.092	0.088	0.090	0.089	0.089	0.090	0.091	0.089	0.090	0.089	0.092	0.093	0.092	0.090	0.092	0.089	0.091	0.090	0.091	0.090	0.090	0.089	0.091	0.089	0.091	0.089	0.088	0.089	0.091	0.092	0.091	0.089	0.088	0.090
1:00:05	20.6	0.090	0.089	0.091	0.093	0.092	0.091	0.089	0.090	0.090	0.091	0.089	0.091	0.090	0.091	0.091	0.093	0.092	0.090	0.090	0.093	0.092	0.091	0.092	0.092	0.090	0.091	0.091	0.090	0.091	0.092	0.091	0.091	0.091	0.093	0.091	0.092	0.088	0.090	0.090	0.090	0.090	0.090	0.090	0.091	0.092	0.091	0.091	0.092	0.091	0.092	0.091	0.092	0.091	0.091	0.090	0.089	0.090	0.089	0.090	0.089	0.092	0.090	0.094	0.090	0.091	0.090	0.090	0.091	0.092	0.091	0.091	0.090	0.092	0.094	0.093	0.091	0.093	0.091	0.092	0.091	0.093	0.091	0.091	0.089	0.092	0.090	0.092	0.090	0.089	0.089	0.091	0.092	0.092	0.090	0.089	0.090
2:00:07	20.8	0.090	0.089	0.091	0.093	0.091	0.091	0.089	0.090	0.090	0.092	0.089	0.091	0.090	0.091	0.091	0.093	0.092	0.090	0.091	0.093	0.092	0.091	0.092	0.092	0.089	0.091	0.091	0.090	0.092	0.092	0.091	0.091	0.092	0.094	0.091	0.092	0.088	0.090	0.090	0.090	0.091	0.090	0.090	0.091	0.092	0.092	0.091	0.092	0.092	0.092	0.091	0.092	0.091	0.091	0.090	0.090	0.091	0.090	0.090	0.089	0.092	0.091	0.095	0.090	0.092	0.090	0.090	0.091	0.092	0.091	0.091	0.090	0.092	0.094	0.093	0.091	0.094	0.091	0.093	0.092	0.093	0.092	0.092	0.089	0.092	0.090	0.092	0.090	0.090	0.090	0.091	0.092	0.092	0.091	0.089	0.090
3:00:08	20.8	0.090	0.089	0.091	0.093	0.092	0.091	0.089	0.090	0.091	0.091	0.090	0.091	0.090	0.092	0.092	0.094	0.093	0.091	0.091	0.095	0.092	0.092	0.093	0.092	0.089	0.092	0.092	0.091	0.093	0.093	0.092	0.092	0.093	0.095	0.092	0.092	0.089	0.091	0.091	0.091	0.091	0.091	0.091	0.092	0.093	0.092	0.092	0.092	0.092	0.092	0.092	0.093	0.092	0.091	0.091	0.090	0.092	0.091	0.091	0.089	0.092	0.091	0.095	0.091	0.092	0.091	0.091	0.092	0.093	0.092	0.092	0.090	0.092	0.095	0.094	0.092	0.095	0.092	0.093	0.093	0.094	0.093	0.093	0.090	0.092	0.090	0.092	0.091	0.090	0.090	0.091	0.093	0.093	0.091	0.090	0.091
4:00:09	20.7	0.090	0.089	0.091	0.093	0.092	0.092	0.090	0.090	0.091	0.092	0.090	0.092	0.090	0.093	0.093	0.095	0.094	0.092	0.092	0.095	0.093	0.093	0.094	0.092	0.090	0.093	0.093	0.092	0.094	0.094	0.093	0.093	0.094	0.095	0.093	0.092	0.089	0.092	0.092	0.092	0.092	0.092	0.092	0.093	0.094	0.094	0.093	0.092	0.092	0.094	0.093	0.095	0.093	0.093	0.092	0.091	0.093	0.092	0.092	0.090	0.093	0.092	0.096	0.092	0.093	0.092	0.092	0.094	0.094	0.093	0.093	0.090	0.092	0.096	0.095	0.092	0.096	0.093	0.094	0.094	0.095	0.094	0.093	0.090	0.092	0.091	0.093	0.091	0.090	0.090	0.092	0.093	0.093	0.091	0.090	0.091
5:00:10	20.6	0.090	0.090	0.091	0.093	0.092	0.091	0.090	0.090	0.091	0.092	0.091	0.092	0.090	0.095	0.094	0.096	0.095	0.093	0.094	0.096	0.095	0.095	0.095	0.092	0.090	0.094	0.094	0.093	0.096	0.096	0.095	0.094	0.095	0.097	0.094	0.092	0.089	0.094	0.094	0.093	0.094	0.094	0.093	0.094	0.095	0.095	0.095	0.092	0.092	0.095	0.095	0.096	0.095	0.094	0.094	0.093	0.094	0.093	0.094	0.090	0.093	0.094	0.097	0.093	0.095	0.094	0.094	0.095	0.095	0.095	0.094	0.090	0.092	0.097	0.096	0.094	0.097	0.095	0.096	0.095	0.097	0.095	0.095	0.090	0.093	0.091	0.093	0.091	0.090	0.090	0.092	0.093	0.093	0.091	0.090	0.091
6:00:12	20.4	0.090	0.090	0.091	0.093	0.092	0.091	0.089	0.090	0.091	0.092	0.092	0.092	0.090	0.096	0.097	0.099	0.098	0.096	0.096	0.099	0.097	0.097	0.097	0.092	0.090	0.096	0.096	0.096	0.098	0.098	0.097	0.097	0.098	0.099	0.097	0.092	0.089	0.096	0.096	0.095	0.096	0.095	0.096	0.097	0.098	0.097	0.097	0.092	0.092	0.097	0.097	0.098	0.097	0.096	0.096	0.095	0.096	0.096	0.096	0.089	0.093	0.096	0.099	0.095	0.097	0.096	0.096	0.098	0.097	0.097	0.096	0.090	0.092	0.099	0.098	0.096	0.099	0.097	0.098	0.097	0.099	0.097	0.097	0.090	0.092	0.091	0.093	0.091	0.090	0.090	0.092	0.093	0.093	0.091	0.090	0.091
7:00:12	20.2	0.090	0.090	0.092	0.093	0.092	0.092	0.090	0.090	0.092	0.092	0.093	0.092	0.090	0.101	0.101	0.104	0.102	0.101	0.101	0.104	0.101	0.102	0.101	0.093	0.090	0.101	0.101	0.101	0.103	0.104	0.103	0.103	0.103	0.104	0.102	0.093	0.089	0.100	0.100	0.100	0.101	0.101	0.102	0.102	0.102	0.102	0.101	0.092	0.092	0.102	0.101	0.103	0.101	0.101	0.102	0.100	0.102	0.101	0.101	0.090	0.093	0.099	0.103	0.101	0.103	0.102	0.102	0.102	0.102	0.101	0.100	0.090	0.092	0.103	0.102	0.100	0.104	0.102	0.103	0.102	0.104	0.102	0.101	0.090	0.093	0.091	0.093	0.091	0.090	0.091	0.092	0.093	0.093	0.092	0.090	0.091
8:00:13	20.0	0.090	0.090	0.091	0.093	0.092	0.092	0.090	0.090	0.092	0.092	0.093	0.092	0.090	0.109	0.112	0.117	0.115	0.115	0.115	0.117	0.112	0.117	0.109	0.092	0.090	0.112	0.116	0.121	0.120	0.121	0.122	0.126	0.125	0.118	0.113	0.092	0.089	0.112	0.117	0.114	0.124	0.124	0.128	0.125	0.119	0.118	0.111	0.092	0.093	0.113	0.115	0.120	0.117	0.120	0.129	0.119	0.119	0.118	0.114	0.090	0.093	0.111	0.118	0.121	0.128	0.121	0.127	0.119	0.113	0.117	0.109	0.090	0.093	0.113	0.110	0.108	0.115	0.116	0.116	0.116	0.120	0.114	0.112	0.090	0.093	0.091	0.093	0.091	0.090	0.091	0.092	0.093	0.093	0.091	0.090	0.091
9:00:15	20.0	0.090	0.090	0.092	0.094	0.092	0.092	0.090	0.090	0.092	0.092	0.092	0.092	0.090	0.143	0.138	0.140	0.147	0.151	0.157	0.146	0.141	0.142	0.138	0.092	0.090	0.146	0.143	0.152	0.153	0.153	0.150	0.147	0.140	0.149	0.135	0.093	0.089	0.137	0.136	0.146	0.147	0.149	0.148	0.142	0.145	0.136	0.132	0.092	0.092	0.141	0.141	0.142	0.146	0.149	0.147	0.145	0.130	0.135	0.133	0.090	0.093	0.138	0.138	0.144	0.145	0.143	0.141	0.127	0.128	0.133	0.137	0.090	0.093	0.147	0.148	0.143	0.142	0.141	0.143	0.136	0.137	0.132	0.131	0.090	0.093	0.091	0.093	0.091	0.091	0.091	0.092	0.094	0.093	0.092	0.090	0.091
10:00:15	19.9	0.091	0.090	0.092	0.094	0.092	0.092	0.090	0.090	0.092	0.092	0.092	0.092	0.091	0.148	0.151	0.156	0.151	0.152	0.149	0.147	0.143	0.147	0.141	0.093	0.090	0.140	0.142	0.143	0.146	0.147	0.145	0.143	0.144	0.145	0.139	0.093	0.089	0.136	0.140	0.143	0.143	0.143	0.142	0.139	0.141	0.143	0.137	0.092	0.092	0.140	0.145	0.142	0.142	0.143	0.142	0.140	0.137	0.144	0.143	0.090	0.093	0.141	0.144	0.144	0.146	0.143	0.143	0.136	0.134	0.137	0.136	0.090	0.093	0.149	0.143	0.141	0.148	0.142	0.142	0.142	0.143	0.139	0.138	0.091	0.093	0.091	0.093	0.091	0.090	0.091	0.092	0.093	0.093	0.091	0.090	0.092
11:00:16	19.9	0.090	0.090	0.092	0.094	0.092	0.092	0.090	0.090	0.092	0.092	0.091	0.092	0.091	0.155	0.156	0.161	0.160	0.160	0.158	0.162	0.156	0.158	0.154	0.092	0.090	0.155	0.151	0.154	0.153	0.154	0.155	0.157	0.157	0.155	0.155	0.093	0.089	0.153	0.154	0.149	0.157	0.154	0.154	0.156	0.154	0.157	0.152	0.092	0.092	0.157	0.151	0.159	0.153	0.151	0.155	0.151	0.154	0.158	0.157	0.090	0.093	0.154	0.160	0.155	0.158	0.152	0.157	0.154	0.149	0.154	0.149	0.090	0.093	0.164	0.157	0.153	0.157	0.160	0.158	0.160	0.161	0.156	0.157	0.090	0.093	0.091	0.093	0.091	0.090	0.091	0.092	0.093	0.093	0.091	0.090	0.091
12:00:18	19.9	0.091	0.090	0.092	0.094	0.092	0.092	0.090	0.090	0.092	0.092	0.090	0.092	0.090	0.172	0.179	0.183	0.181	0.182	0.180	0.184	0.179	0.181	0.171	0.093	0.090	0.175	0.175	0.179	0.173	0.175	0.176	0.179	0.176	0.173	0.175	0.093	0.090	0.173	0.174	0.167	0.178	0.178	0.179	0.175	0.176	0.173	0.171	0.092	0.092	0.176	0.171	0.179	0.173	0.171	0.177	0.170	0.177	0.176	0.174	0.090	0.093	0.173	0.180	0.177	0.181	0.172	0.177	0.177	0.167	0.170	0.166	0.090	0.093	0.181	0.176	0.171	0.177	0.176	0.176	0.176	0.179	0.174	0.177	0.090	0.093	0.091	0.093	0.091	0.090	0.091	0.092	0.093	0.093	0.091	0.091	0.091
13:00:17	19.9	0.090	0.090	0.092	0.094	0.092	0.092	0.089	0.090	0.092	0.092	0.090	0.092	0.090	0.193	0.197	0.200	0.201	0.199	0.197	0.207	0.200	0.203	0.192	0.093	0.090	0.198	0.193	0.195	0.190	0.193	0.194	0.200	0.198	0.191	0.200	0.092	0.089	0.191	0.191	0.181	0.193	0.193	0.197	0.198	0.196	0.198	0.192	0.092	0.092	0.190	0.183	0.194	0.185	0.184	0.196	0.187	0.202	0.198	0.198	0.090	0.093	0.185	0.192	0.192	0.196	0.184	0.194	0.203	0.186	0.192	0.184	0.090	0.093	0.193	0.186	0.182	0.187	0.189	0.190	0.200	0.206	0.195	0.194	0.090	0.093	0.091	0.093	0.091	0.090	0.091	0.092	0.093	0.093	0.092	0.091	0.092
14:00:19	19.9	0.090	0.090	0.092	0.094	0.093	0.092	0.090	0.090	0.092	0.092	0.090	0.092	0.090	0.214	0.220	0.222	0.226	0.221	0.217	0.238	0.231	0.230	0.222	0.093	0.091	0.218	0.220	0.219	0.216	0.220	0.226	0.231	0.230	0.216	0.236	0.092	0.090	0.216	0.219	0.204	0.223	0.221	0.223	0.225	0.225	0.226	0.210	0.092	0.092	0.216	0.209	0.221	0.208	0.209	0.225	0.213	0.225	0.227	0.222	0.090	0.093	0.206	0.217	0.218	0.220	0.205	0.223	0.227	0.210	0.214	0.206	0.091	0.093	0.219	0.206	0.199	0.206	0.213	0.218	0.223	0.231	0.218	0.224	0.091	0.093	0.092	0.093	0.091	0.091	0.091	0.092	0.094	0.094	0.092	0.091	0.092
15:00:19	19.8	0.091	0.090	0.092	0.094	0.093	0.092	0.090	0.090	0.092	0.092	0.090	0.092	0.091	0.242	0.255	0.258	0.264	0.252	0.246	0.271	0.263	0.264	0.255	0.093	0.090	0.254	0.253	0.258	0.247	0.252	0.258	0.272	0.272	0.250	0.279	0.093	0.090	0.247	0.252	0.232	0.258	0.258	0.258	0.258	0.252	0.264	0.245	0.092	0.092	0.247	0.238	0.255	0.235	0.241	0.262	0.240	0.267	0.260	0.257	0.090	0.093	0.235	0.257	0.250	0.256	0.239	0.263	0.270	0.245	0.251	0.241	0.091	0.093	0.255	0.235	0.226	0.237	0.251	0.254	0.262	0.270	0.258	0.267	0.091	0.094	0.092	0.094	0.092	0.091	0.091	0.092	0.093	0.094	0.092	0.091	0.092
16:00:20	19.9	0.091	0.090	0.092	0.094	0.092	0.092	0.090	0.090	0.092	0.092	0.090	0.092	0.091	0.285	0.305	0.304	0.318	0.309	0.297	0.328	0.312	0.323	0.298	0.093	0.090	0.308	0.292	0.310	0.288	0.299	0.304	0.329	0.326	0.296	0.339	0.093	0.089	0.302	0.309	0.268	0.316	0.313	0.304	0.313	0.300	0.320	0.294	0.092	0.092	0.298	0.286	0.303	0.278	0.278	0.304	0.284	0.322	0.309	0.306	0.090	0.093	0.277	0.303	0.295	0.299	0.275	0.305	0.317	0.297	0.295	0.285	0.091	0.093	0.308	0.280	0.265	0.277	0.304	0.304	0.314	0.322	0.312	0.320	0.091	0.094	0.092	0.094	0.092	0.091	0.091	0.092	0.094	0.094	0.092	0.091	0.092
17:00:22	19.9	0.091	0.090	0.092	0.094	0.093	0.092	0.090	0.090	0.092	0.092	0.091	0.092	0.091	0.332	0.365	0.360	0.373	0.360	0.355	0.390	0.370	0.376	0.350	0.093	0.091	0.367	0.343	0.365	0.339	0.348	0.365	0.381	0.384	0.341	0.400	0.093	0.090	0.354	0.357	0.318	0.376	0.360	0.366	0.364	0.351	0.374	0.352	0.093	0.093	0.344	0.329	0.359	0.327	0.336	0.362	0.334	0.389	0.366	0.367	0.090	0.093	0.329	0.356	0.352	0.359	0.330	0.368	0.382	0.358	0.353	0.336	0.091	0.093	0.369	0.345	0.319	0.328	0.364	0.364	0.375	0.385	0.377	0.380	0.091	0.094	0.092	0.094	0.092	0.091	0.091	0.092	0.094	0.094	0.092	0.091	0.092
18:00:22	20.0	0.091	0.090	0.092	0.094	0.093	0.092	0.090	0.091	0.093	0.092	0.090	0.092	0.091	0.390	0.425	0.423	0.439	0.422	0.412	0.453	0.426	0.444	0.408	0.093	0.090	0.428	0.400	0.421	0.390	0.414	0.420	0.454	0.446	0.401	0.459	0.093	0.090	0.417	0.422	0.374	0.426	0.423	0.424	0.424	0.410	0.440	0.409	0.093	0.092	0.411	0.393	0.427	0.390	0.396	0.423	0.398	0.447	0.430	0.430	0.090	0.093	0.389	0.428	0.419	0.419	0.387	0.436	0.440	0.406	0.407	0.388	0.091	0.093	0.430	0.395	0.374	0.386	0.428	0.417	0.441	0.440	0.446	0.449	0.091	0.094	0.091	0.094	0.092	0.091	0.091	0.093	0.094	0.094	0.092	0.091	0.092
19:00:26	20.0	0.091	0.090	0.091	0.094	0.092	0.092	0.090	0.090	0.092	0.092	0.090	0.092	0.091	0.454	0.487	0.492	0.512	0.492	0.475	0.518	0.490	0.508	0.470	0.093	0.090	0.501	0.464	0.491	0.444	0.468	0.475	0.509	0.512	0.460	0.531	0.092	0.089	0.482	0.486	0.425	0.495	0.489	0.490	0.497	0.470	0.507	0.475	0.093	0.092	0.471	0.455	0.498	0.445	0.452	0.488	0.454	0.511	0.494	0.493	0.090	0.093	0.451	0.494	0.480	0.490	0.445	0.508	0.508	0.469	0.468	0.452	0.091	0.093	0.503	0.464	0.440	0.448	0.501	0.484	0.508	0.506	0.516	0.514	0.091	0.093	0.091	0.094	0.092	0.091	0.090	0.092	0.094	0.093	0.092	0.091	0.091
20:00:25	20.0	0.090	0.090	0.092	0.094	0.092	0.092	0.090	0.090	0.092	0.092	0.090	0.092	0.091	0.510	0.549	0.553	0.570	0.557	0.535	0.580	0.542	0.573	0.527	0.093	0.091	0.565	0.522	0.552	0.509	0.526	0.531	0.572	0.577	0.521	0.594	0.093	0.090	0.545	0.547	0.488	0.553	0.554	0.551	0.558	0.528	0.564	0.535	0.092	0.092	0.543	0.513	0.558	0.505	0.511	0.550	0.512	0.580	0.555	0.559	0.090	0.093	0.517	0.558	0.547	0.549	0.509	0.567	0.576	0.533	0.528	0.515	0.091	0.093	0.568	0.520	0.495	0.502	0.562	0.543	0.571	0.574	0.584	0.580	0.090	0.093	0.091	0.094	0.092	0.091	0.090	0.092	0.094	0.093	0.092	0.091	0.092
21:00:26	20.0	0.091	0.090	0.092	0.094	0.092	0.092	0.090	0.090	0.092	0.092	0.091	0.092	0.091	0.567	0.610	0.616	0.628	0.612	0.587	0.634	0.594	0.629	0.580	0.093	0.091	0.623	0.578	0.610	0.560	0.579	0.581	0.629	0.631	0.578	0.654	0.093	0.090	0.603	0.613	0.537	0.608	0.609	0.614	0.609	0.578	0.621	0.594	0.093	0.092	0.599	0.574	0.616	0.557	0.563	0.604	0.570	0.641	0.618	0.619	0.090	0.093	0.573	0.617	0.605	0.607	0.567	0.623	0.638	0.584	0.588	0.574	0.091	0.093	0.635	0.580	0.560	0.562	0.619	0.602	0.633	0.636	0.651	0.648	0.091	0.094	0.092	0.094	0.091	0.091	0.090	0.092	0.094	0.093	0.092	0.091	0.092
22:00:26	19.9	0.091	0.090	0.092	0.094	0.093	0.092	0.090	0.090	0.092	0.092	0.091	0.092	0.091	0.619	0.661	0.665	0.682	0.663	0.637	0.687	0.640	0.683	0.626	0.093	0.091	0.677	0.629	0.663	0.607	0.624	0.629	0.678	0.682	0.620	0.705	0.093	0.090	0.659	0.666	0.588	0.665	0.664	0.663	0.663	0.629	0.676	0.641	0.093	0.093	0.654	0.622	0.673	0.609	0.614	0.662	0.614	0.695	0.673	0.674	0.090	0.093	0.622	0.672	0.654	0.660	0.613	0.676	0.691	0.626	0.642	0.623	0.091	0.093	0.688	0.631	0.611	0.609	0.678	0.652	0.692	0.691	0.707	0.707	0.091	0.093	0.091	0.094	0.092	0.091	0.090	0.092	0.094	0.094	0.092	0.091	0.091
23:00:27	19.8	0.091	0.090	0.092	0.094	0.093	0.092	0.090	0.091	0.093	0.092	0.091	0.092	0.091	0.661	0.710	0.712	0.729	0.715	0.680	0.737	0.684	0.733	0.668	0.093	0.091	0.729	0.677	0.711	0.647	0.668	0.669	0.729	0.731	0.664	0.755	0.093	0.090	0.708	0.717	0.632	0.715	0.713	0.710	0.713	0.672	0.730	0.688	0.093	0.093	0.708	0.667	0.724	0.650	0.657	0.716	0.665	0.748	0.726	0.728	0.090	0.094	0.668	0.726	0.705	0.716	0.655	0.729	0.747	0.673	0.692	0.669	0.091	0.093	0.740	0.675	0.657	0.659	0.733	0.703	0.744	0.747	0.762	0.762	0.091	0.093	0.092	0.094	0.092	0.091	0.091	0.093	0.094	0.093	0.092	0.091	0.092
24:00:27	19.7	0.091	0.090	0.092	0.094	0.092	0.092	0.090	0.090	0.092	0.092	0.091	0.093	0.091	0.702	0.756	0.759	0.775	0.765	0.720	0.788	0.722	0.781	0.709	0.093	0.091	0.774	0.718	0.756	0.687	0.710	0.708	0.775	0.779	0.701	0.799	0.093	0.090	0.756	0.764	0.677	0.764	0.761	0.761	0.763	0.711	0.777	0.729	0.093	0.093	0.761	0.708	0.773	0.691	0.700	0.768	0.708	0.794	0.773	0.775	0.090	0.093	0.716	0.777	0.755	0.764	0.698	0.779	0.790	0.713	0.740	0.710	0.091	0.093	0.788	0.717	0.696	0.700	0.783	0.745	0.791	0.791	0.804	0.808	0.091	0.093	0.092	0.094	0.091	0.091	0.090	0.092	0.094	0.094	0.092	0.091	0.092
25:00:29	19.7	0.091	0.090	0.092	0.094	0.092	0.092	0.090	0.090	0.092	0.092	0.091	0.092	0.091	0.739	0.799	0.798	0.817	0.807	0.763	0.836	0.760	0.827	0.750	0.093	0.091	0.819	0.753	0.800	0.723	0.745	0.743	0.822	0.828	0.746	0.846	0.093	0.090	0.799	0.809	0.712	0.806	0.803	0.806	0.810	0.753	0.819	0.775	0.093	0.092	0.805	0.744	0.815	0.730	0.735	0.814	0.750	0.838	0.820	0.823	0.090	0.094	0.754	0.819	0.797	0.808	0.735	0.824	0.841	0.755	0.780	0.754	0.091	0.093	0.831	0.759	0.736	0.734	0.827	0.788	0.844	0.837	0.856	0.857	0.091	0.093	0.092	0.094	0.091	0.091	0.090	0.093	0.094	0.093	0.092	0.091	0.092
26:00:30	19.8	0.091	0.090	0.092	0.094	0.093	0.092	0.090	0.090	0.092	0.092	0.091	0.093	0.091	0.770	0.838	0.837	0.853	0.846	0.794	0.870	0.794	0.865	0.780	0.093	0.091	0.856	0.785	0.838	0.753	0.776	0.771	0.857	0.862	0.776	0.878	0.093	0.090	0.840	0.848	0.744	0.844	0.840	0.849	0.848	0.782	0.857	0.804	0.093	0.093	0.848	0.781	0.854	0.761	0.766	0.855	0.784	0.868	0.857	0.855	0.090	0.093	0.789	0.857	0.835	0.844	0.767	0.863	0.870	0.783	0.809	0.780	0.091	0.093	0.868	0.789	0.766	0.767	0.865	0.825	0.878	0.871	0.888	0.892	0.091	0.093	0.092	0.094	0.092	0.091	0.091	0.093	0.094	0.094	0.092	0.091	0.092
27:00:30	19.8	0.091	0.090	0.092	0.094	0.093	0.092	0.090	0.090	0.092	0.092	0.091	0.093	0.091	0.800	0.868	0.865	0.883	0.876	0.821	0.904	0.820	0.899	0.807	0.094	0.091	0.886	0.815	0.866	0.780	0.803	0.795	0.890	0.895	0.807	0.908	0.093	0.090	0.871	0.880	0.771	0.875	0.872	0.880	0.882	0.812	0.887	0.832	0.093	0.093	0.879	0.809	0.881	0.786	0.793	0.888	0.810	0.900	0.888	0.887	0.090	0.094	0.817	0.886	0.862	0.872	0.793	0.893	0.903	0.811	0.839	0.805	0.091	0.093	0.893	0.817	0.794	0.794	0.892	0.852	0.911	0.902	0.917	0.921	0.091	0.094	0.092	0.094	0.092	0.091	0.091	0.093	0.094	0.094	0.092	0.091	0.092
28:00:32	19.9	0.091	0.090	0.092	0.094	0.092	0.092	0.090	0.090	0.093	0.092	0.091	0.093	0.091	0.819	0.893	0.891	0.907	0.900	0.841	0.926	0.837	0.921	0.826	0.093	0.091	0.909	0.835	0.890	0.801	0.825	0.816	0.913	0.918	0.823	0.928	0.093	0.090	0.898	0.906	0.792	0.898	0.897	0.907	0.906	0.832	0.913	0.849	0.093	0.093	0.906	0.832	0.906	0.806	0.811	0.917	0.833	0.919	0.911	0.910	0.090	0.094	0.837	0.910	0.887	0.897	0.811	0.918	0.921	0.827	0.857	0.829	0.091	0.094	0.917	0.837	0.813	0.813	0.915	0.875	0.931	0.919	0.936	0.941	0.091	0.094	0.092	0.094	0.092	0.091	0.091	0.093	0.094	0.094	0.092	0.091	0.092
29:00:33	19.8	0.091	0.090	0.092	0.094	0.092	0.092	0.090	0.090	0.093	0.092	0.091	0.092	0.091	0.834	0.910	0.908	0.923	0.917	0.856	0.944	0.853	0.938	0.840	0.093	0.091	0.930	0.848	0.907	0.815	0.837	0.828	0.931	0.934	0.837	0.947	0.093	0.090	0.918	0.926	0.808	0.916	0.915	0.926	0.925	0.847	0.929	0.861	0.093	0.092	0.925	0.849	0.923	0.822	0.825	0.936	0.849	0.934	0.928	0.927	0.090	0.094	0.852	0.928	0.905	0.913	0.827	0.935	0.938	0.838	0.868	0.845	0.091	0.093	0.935	0.851	0.827	0.831	0.934	0.890	0.948	0.935	0.953	0.960	0.091	0.093	0.092	0.094	0.092	0.091	0.090	0.092	0.094	0.094	0.092	0.091	0.092
30:00:35	19.8	0.091	0.090	0.092	0.094	0.093	0.092	0.090	0.090	0.093	0.092	0.091	0.093	0.091	0.847	0.925	0.920	0.937	0.930	0.865	0.961	0.867	0.953	0.851	0.093	0.091	0.944	0.859	0.920	0.827	0.848	0.839	0.944	0.948	0.851	0.960	0.093	0.090	0.933	0.940	0.820	0.928	0.926	0.940	0.942	0.860	0.943	0.871	0.093	0.093	0.937	0.860	0.934	0.831	0.836	0.949	0.861	0.948	0.943	0.942	0.090	0.094	0.860	0.940	0.916	0.925	0.836	0.950	0.951	0.850	0.879	0.855	0.091	0.093	0.945	0.858	0.837	0.839	0.944	0.899	0.963	0.950	0.969	0.974	0.091	0.094	0.092	0.094	0.092	0.091	0.091	0.093	0.094	0.094	0.092	0.091	0.092
31:00:36	19.8	0.091	0.090	0.092	0.094	0.093	0.092	0.090	0.090	0.093	0.092	0.091	0.093	0.091	0.857	0.937	0.932	0.947	0.942	0.874	0.972	0.876	0.963	0.862	0.093	0.091	0.953	0.866	0.929	0.834	0.856	0.847	0.954	0.956	0.858	0.969	0.093	0.090	0.945	0.951	0.833	0.938	0.939	0.952	0.952	0.868	0.955	0.881	0.093	0.093	0.952	0.869	0.944	0.842	0.847	0.960	0.867	0.959	0.954	0.956	0.091	0.094	0.868	0.950	0.928	0.938	0.850	0.960	0.963	0.858	0.888	0.864	0.091	0.094	0.957	0.869	0.845	0.850	0.957	0.906	0.974	0.960	0.978	0.984	0.091	0.094	0.092	0.094	0.092	0.091	0.091	0.093	0.094	0.094	0.092	0.091	0.092
32:00:35	19.7	0.090	0.090	0.092	0.094	0.092	0.092	0.090	0.090	0.092	0.092	0.091	0.092	0.091	0.862	0.943	0.940	0.954	0.951	0.876	0.981	0.885	0.974	0.869	0.093	0.091	0.965	0.871	0.935	0.838	0.859	0.851	0.963	0.966	0.869	0.974	0.093	0.090	0.953	0.960	0.840	0.945	0.946	0.957	0.963	0.875	0.962	0.884	0.093	0.093	0.957	0.873	0.950	0.847	0.851	0.967	0.871	0.968	0.963	0.964	0.090	0.094	0.870	0.958	0.934	0.942	0.850	0.965	0.972	0.866	0.896	0.872	0.091	0.093	0.960	0.875	0.851	0.856	0.960	0.910	0.985	0.969	0.979	0.986	0.091	0.093	0.092	0.094	0.092	0.091	0.091	0.093	0.094	0.094	0.092	0.091	0.091
33:00:36	19.7	0.091	0.090	0.092	0.094	0.093	0.092	0.090	0.091	0.093	0.092	0.091	0.092	0.091	0.864	0.949	0.945	0.960	0.958	0.881	0.984	0.885	0.977	0.871	0.093	0.091	0.968	0.875	0.942	0.840	0.863	0.852	0.965	0.969	0.871	0.975	0.093	0.090	0.960	0.965	0.841	0.951	0.950	0.961	0.966	0.875	0.966	0.886	0.093	0.093	0.966	0.876	0.955	0.851	0.853	0.971	0.873	0.972	0.967	0.970	0.091	0.094	0.875	0.964	0.939	0.949	0.855	0.969	0.974	0.864	0.895	0.874	0.091	0.094	0.967	0.876	0.853	0.860	0.966	0.915	0.986	0.972	0.986	0.993	0.091	0.093	0.092	0.094	0.092	0.091	0.091	0.093	0.094	0.094	0.092	0.091	0.092
34:00:37	19.7	0.091	0.090	0.092	0.094	0.093	0.093	0.090	0.090	0.093	0.092	0.091	0.093	0.091	0.866	0.948	0.943	0.959	0.956	0.881	0.983	0.887	0.977	0.871	0.093	0.091	0.969	0.874	0.940	0.839	0.860	0.851	0.966	0.968	0.873	0.973	0.093	0.090	0.960	0.964	0.840	0.950	0.949	0.960	0.968	0.876	0.967	0.885	0.093	0.093	0.968	0.876	0.953	0.850	0.851	0.970	0.873	0.972	0.968	0.972	0.090	0.094	0.876	0.963	0.939	0.948	0.854	0.968	0.973	0.866	0.894	0.871	0.091	0.093	0.971	0.875	0.852	0.860	0.967	0.916	0.986	0.972	0.988	0.995	0.091	0.093	0.092	0.094	0.092	0.091	0.091	0.093	0.094	0.094	0.092	0.091	0.092
35:00:39	19.6	0.091	0.090	0.092	0.094	0.093	0.092	0.090	0.090	0.093	0.092	0.091	0.092	0.091	0.865	0.948	0.943	0.957	0.956	0.877	0.983	0.887	0.977	0.874	0.093	0.090	0.968	0.870	0.936	0.833	0.856	0.846	0.964	0.967	0.871	0.970	0.093	0.090	0.960	0.962	0.835	0.948	0.946	0.959	0.967	0.875	0.967	0.884	0.093	0.093	0.967	0.870	0.950	0.845	0.846	0.967	0.869	0.971	0.968	0.970	0.090	0.094	0.872	0.961	0.936	0.946	0.850	0.966	0.973	0.866	0.892	0.878	0.091	0.093	0.967	0.874	0.850	0.857	0.964	0.912	0.986	0.971	0.989	0.995	0.091	0.093	0.092	0.094	0.092	0.091	0.090	0.092	0.094	0.094	0.092	0.091	0.092
36:00:39	19.6	0.091	0.090	0.092	0.094	0.093	0.092	0.090	0.091	0.093	0.092	0.091	0.093	0.091	0.862	0.945	0.941	0.952	0.953	0.871	0.979	0.882	0.976	0.871	0.093	0.091	0.964	0.864	0.933	0.826	0.849	0.838	0.963	0.966	0.871	0.972	0.093	0.090	0.957	0.959	0.831	0.944	0.942	0.957	0.968	0.873	0.964	0.885	0.093	0.093	0.962	0.864	0.946	0.839	0.839	0.965	0.863	0.968	0.966	0.970	0.090	0.094	0.865	0.956	0.933	0.941	0.844	0.962	0.972	0.861	0.891	0.875	0.091	0.093	0.964	0.869	0.846	0.852	0.958	0.905	0.984	0.972	0.986	0.994	0.091	0.093	0.092	0.094	0.092	0.091	0.091	0.093	0.094	0.094	0.092	0.091	0.092
37:00:40	19.6	0.091	0.090	0.092	0.094	0.093	0.092	0.090	0.091	0.093	0.092	0.091	0.092	0.091	0.856	0.943	0.935	0.949	0.948	0.863	0.975	0.879	0.971	0.864	0.093	0.091	0.960	0.856	0.929	0.818	0.841	0.829	0.956	0.957	0.865	0.967	0.093	0.090	0.953	0.955	0.824	0.938	0.937	0.952	0.961	0.866	0.960	0.872	0.093	0.093	0.960	0.858	0.943	0.829	0.833	0.960	0.855	0.964	0.963	0.969	0.090	0.094	0.859	0.951	0.930	0.937	0.835	0.959	0.970	0.853	0.883	0.864	0.091	0.093	0.962	0.860	0.838	0.844	0.956	0.900	0.981	0.969	0.983	0.991	0.091	0.094	0.092	0.094	0.092	0.091	0.091	0.093	0.094	0.094	0.092	0.091	0.092
38:00:41	19.5	0.091	0.090	0.092	0.094	0.093	0.092	0.090	0.090	0.093	0.092	0.091	0.092	0.091	0.848	0.939	0.930	0.943	0.943	0.856	0.971	0.869	0.967	0.858	0.093	0.090	0.954	0.846	0.922	0.808	0.829	0.818	0.953	0.954	0.856	0.963	0.093	0.090	0.948	0.949	0.814	0.930	0.931	0.946	0.960	0.860	0.954	0.867	0.093	0.093	0.954	0.849	0.934	0.818	0.824	0.954	0.847	0.959	0.959	0.966	0.090	0.094	0.849	0.944	0.922	0.931	0.825	0.954	0.965	0.847	0.878	0.859	0.091	0.093	0.958	0.854	0.830	0.837	0.951	0.890	0.979	0.966	0.976	0.988	0.091	0.093	0.092	0.094	0.092	0.091	0.090	0.093	0.094	0.094	0.092	0.091	0.092
39:00:42	19.5	0.091	0.090	0.092	0.095	0.093	0.092	0.090	0.091	0.092	0.092	0.091	0.092	0.091	0.839	0.936	0.925	0.936	0.938	0.844	0.965	0.861	0.965	0.854	0.093	0.091	0.948	0.836	0.914	0.797	0.820	0.809	0.946	0.948	0.850	0.963	0.093	0.090	0.942	0.942	0.805	0.924	0.924	0.941	0.954	0.852	0.949	0.862	0.093	0.093	0.949	0.840	0.927	0.809	0.815	0.947	0.836	0.953	0.955	0.963	0.091	0.094	0.839	0.937	0.917	0.924	0.816	0.948	0.960	0.838	0.870	0.853	0.091	0.094	0.952	0.843	0.821	0.829	0.945	0.879	0.975	0.965	0.974	0.986	0.091	0.093	0.092	0.094	0.092	0.091	0.091	0.093	0.094	0.094	0.092	0.091	0.092
40:00:43	19.4	0.091	0.090	0.092	0.094	0.093	0.092	0.090	0.091	0.093	0.092	0.091	0.092	0.091	0.829	0.930	0.919	0.927	0.932	0.834	0.957	0.852	0.964	0.847	0.093	0.091	0.941	0.827	0.909	0.789	0.812	0.797	0.940	0.944	0.841	0.960	0.093	0.090	0.936	0.933	0.793	0.915	0.917	0.933	0.949	0.843	0.943	0.857	0.093	0.093	0.941	0.829	0.919	0.796	0.805	0.938	0.828	0.949	0.953	0.960	0.091	0.094	0.829	0.928	0.908	0.918	0.804	0.941	0.957	0.834	0.863	0.845	0.091	0.093	0.944	0.832	0.811	0.820	0.938	0.868	0.976	0.965	0.972	0.982	0.091	0.093	0.092	0.094	0.092	0.091	0.091	0.093	0.094	0.094	0.092	0.091	0.092
41:00:45	19.4	0.091	0.090	0.092	0.094	0.093	0.092	0.090	0.091	0.093	0.092	0.091	0.092	0.091	0.820	0.924	0.912	0.922	0.923	0.826	0.950	0.845	0.957	0.837	0.094	0.091	0.935	0.818	0.902	0.781	0.801	0.787	0.934	0.939	0.835	0.954	0.093	0.090	0.929	0.924	0.785	0.904	0.907	0.929	0.943	0.832	0.934	0.847	0.093	0.093	0.936	0.819	0.911	0.786	0.795	0.931	0.818	0.943	0.947	0.957	0.091	0.094	0.820	0.922	0.900	0.909	0.794	0.936	0.946	0.824	0.859	0.840	0.091	0.094	0.941	0.823	0.803	0.813	0.931	0.860	0.970	0.961	0.972	0.983	0.091	0.094	0.092	0.094	0.092	0.091	0.091	0.093	0.094	0.094	0.092	0.091	0.092
42:00:44	19.5	0.091	0.090	0.092	0.094	0.093	0.092	0.090	0.091	0.093	0.092	0.091	0.093	0.091	0.810	0.920	0.906	0.913	0.915	0.818	0.944	0.835	0.951	0.833	0.093	0.091	0.925	0.805	0.893	0.772	0.792	0.780	0.923	0.930	0.827	0.953	0.093	0.090	0.922	0.916	0.775	0.893	0.897	0.919	0.934	0.828	0.929	0.843	0.093	0.093	0.929	0.809	0.901	0.777	0.788	0.925	0.811	0.935	0.940	0.957	0.090	0.094	0.812	0.913	0.892	0.900	0.787	0.930	0.941	0.822	0.857	0.844	0.091	0.093	0.936	0.815	0.795	0.810	0.925	0.852	0.969	0.955	0.971	0.981	0.091	0.093	0.092	0.094	0.092	0.091	0.091	0.093	0.094	0.093	0.092	0.091	0.092
43:00:45	19.5	0.091	0.090	0.092	0.094	0.093	0.092	0.090	0.091	0.093	0.092	0.091	0.092	0.091	0.804	0.914	0.899	0.906	0.908	0.811	0.934	0.827	0.943	0.827	0.093	0.091	0.919	0.803	0.884	0.764	0.784	0.774	0.918	0.922	0.819	0.949	0.093	0.090	0.911	0.907	0.769	0.887	0.888	0.915	0.928	0.825	0.925	0.839	0.093	0.093	0.922	0.802	0.896	0.769	0.780	0.919	0.803	0.930	0.932	0.959	0.090	0.094	0.803	0.905	0.886	0.891	0.783	0.922	0.936	0.816	0.850	0.836	0.091	0.093	0.934	0.807	0.790	0.801	0.917	0.846	0.964	0.949	0.964	0.977	0.091	0.093	0.092	0.094	0.092	0.091	0.091	0.093	0.094	0.094	0.092	0.091	0.092
44:00:47	19.5	0.091	0.091	0.092	0.095	0.093	0.093	0.091	0.091	0.093	0.092	0.091	0.093	0.091	0.799	0.909	0.894	0.904	0.905	0.806	0.928	0.822	0.937	0.825	0.094	0.092	0.910	0.798	0.880	0.758	0.779	0.769	0.915	0.920	0.815	0.948	0.094	0.090	0.907	0.901	0.763	0.883	0.885	0.907	0.925	0.821	0.924	0.833	0.093	0.093	0.916	0.796	0.892	0.766	0.776	0.912	0.796	0.929	0.931	0.959	0.091	0.094	0.796	0.898	0.881	0.887	0.776	0.913	0.937	0.815	0.848	0.832	0.092	0.094	0.931	0.802	0.784	0.800	0.908	0.840	0.959	0.947	0.962	0.979	0.091	0.094	0.092	0.094	0.092	0.091	0.091	0.093	0.094	0.094	0.092	0.091	0.092
45:00:48	19.6	0.091	0.090	0.092	0.095	0.093	0.093	0.091	0.091	0.093	0.093	0.091	0.093	0.091	0.793	0.904	0.893	0.902	0.901	0.802	0.927	0.820	0.936	0.824	0.093	0.091	0.907	0.798	0.878	0.758	0.774	0.762	0.910	0.918	0.812	0.952	0.093	0.090	0.899	0.898	0.758	0.883	0.884	0.902	0.923	0.816	0.926	0.834	0.093	0.093	0.912	0.793	0.892	0.760	0.777	0.906	0.793	0.934	0.931	0.958	0.091	0.094	0.791	0.894	0.881	0.886	0.772	0.908	0.941	0.810	0.847	0.829	0.092	0.093	0.929	0.799	0.781	0.796	0.906	0.838	0.951	0.944	0.957	0.982	0.091	0.094	0.092	0.094	0.092	0.091	0.091	0.093	0.094	0.094	0.092	0.091	0.092
46:00:49	19.6	0.091	0.091	0.092	0.095	0.093	0.093	0.091	0.091	0.093	0.093	0.091	0.093	0.091	0.788	0.902	0.889	0.903	0.901	0.802	0.927	0.818	0.940	0.823	0.094	0.091	0.906	0.797	0.878	0.758	0.777	0.764	0.914	0.920	0.810	0.952	0.093	0.090	0.893	0.898	0.761	0.882	0.884	0.901	0.928	0.816	0.928	0.834	0.093	0.093	0.911	0.789	0.892	0.760	0.778	0.903	0.791	0.936	0.934	0.943	0.091	0.094	0.788	0.893	0.880	0.888	0.771	0.909	0.943	0.810	0.848	0.832	0.092	0.093	0.932	0.801	0.777	0.796	0.908	0.838	0.944	0.948	0.965	0.988	0.091	0.094	0.092	0.094	0.092	0.091	0.091	0.093	0.094	0.094	0.092	0.091	0.092
47:00:50	19.7	0.091	0.090	0.092	0.095	0.093	0.093	0.090	0.091	0.093	0.093	0.091	0.092	0.091	0.786	0.896	0.887	0.906	0.903	0.805	0.928	0.818	0.943	0.820	0.093	0.091	0.905	0.813	0.879	0.763	0.780	0.768	0.916	0.923	0.809	0.957	0.093	0.090	0.892	0.902	0.774	0.886	0.888	0.908	0.930	0.818	0.932	0.838	0.093	0.093	0.907	0.791	0.893	0.772	0.779	0.907	0.801	0.946	0.936	0.938	0.090	0.094	0.790	0.898	0.882	0.893	0.774	0.913	0.950	0.814	0.851	0.831	0.091	0.094	0.937	0.808	0.784	0.798	0.911	0.836	0.954	0.953	0.972	0.961	0.091	0.093	0.092	0.094	0.092	0.091	0.091	0.093	0.094	0.094	0.092	0.091	0.092
48:00:51	19.7	0.091	0.090	0.092	0.094	0.093	0.093	0.091	0.091	0.093	0.093	0.091	0.092	0.091	0.788	0.900	0.889	0.910	0.905	0.808	0.932	0.819	0.947	0.826	0.093	0.091	0.907	0.832	0.884	0.767	0.784	0.776	0.922	0.928	0.812	0.959	0.093	0.090	0.891	0.904	0.778	0.891	0.891	0.912	0.934	0.822	0.936	0.841	0.093	0.093	0.902	0.795	0.900	0.776	0.785	0.912	0.808	0.952	0.942	0.942	0.091	0.094	0.791	0.902	0.888	0.898	0.778	0.918	0.956	0.819	0.855	0.836	0.091	0.093	0.943	0.810	0.786	0.800	0.916	0.840	0.960	0.959	0.981	0.970	0.091	0.094	0.092	0.094	0.092	0.091	0.091	0.093	0.094	0.094	0.092	0.091	0.092
49:00:52	19.6	0.091	0.090	0.092	0.095	0.093	0.092	0.091	0.091	0.093	0.093	0.091	0.092	0.091	0.791	0.904	0.891	0.916	0.910	0.812	0.936	0.824	0.955	0.827	0.093	0.091	0.911	0.837	0.889	0.791	0.788	0.781	0.928	0.934	0.815	0.968	0.093	0.090	0.894	0.909	0.785	0.898	0.899	0.919	0.938	0.830	0.943	0.848	0.093	0.093	0.903	0.799	0.905	0.788	0.792	0.918	0.816	0.963	0.948	0.950	0.090	0.094	0.803	0.908	0.894	0.902	0.785	0.923	0.966	0.826	0.861	0.842	0.091	0.093	0.952	0.815	0.792	0.807	0.925	0.844	0.966	0.969	0.991	0.978	0.091	0.094	0.092	0.094	0.092	0.091	0.091	0.093	0.094	0.094	0.092	0.091	0.092
50:00:52	19.6	0.091	0.090	0.092	0.094	0.093	0.093	0.090	0.090	0.092	0.092	0.091	0.092	0.091	0.794	0.909	0.897	0.924	0.915	0.823	0.945	0.832	0.962	0.834	0.093	0.091	0.915	0.859	0.898	0.802	0.801	0.794	0.935	0.943	0.820	0.974	0.093	0.090	0.899	0.915	0.793	0.906	0.907	0.928	0.947	0.841	0.952	0.856	0.093	0.093	0.908	0.805	0.914	0.797	0.803	0.928	0.821	0.972	0.956	0.958	0.090	0.094	0.821	0.916	0.902	0.911	0.793	0.932	0.978	0.834	0.870	0.850	0.091	0.093	0.961	0.821	0.799	0.815	0.932	0.850	0.973	0.976	0.998	0.992	0.091	0.093	0.092	0.094	0.092	0.091	0.091	0.093	0.094	0.094	0.092	0.091	0.092
51:00:54	19.6	0.091	0.090	0.092	0.094	0.093	0.093	0.090	0.091	0.093	0.092	0.091	0.092	0.091	0.803	0.914	0.905	0.930	0.926	0.847	0.953	0.843	0.968	0.842	0.093	0.091	0.922	0.875	0.911	0.816	0.813	0.804	0.946	0.955	0.828	0.984	0.093	0.090	0.906	0.924	0.809	0.918	0.921	0.943	0.956	0.849	0.962	0.867	0.093	0.093	0.915	0.814	0.928	0.813	0.818	0.937	0.829	0.990	0.964	0.969	0.091	0.094	0.827	0.926	0.910	0.921	0.801	0.940	0.989	0.841	0.880	0.858	0.091	0.093	0.974	0.830	0.806	0.823	0.939	0.857	0.979	0.982	1.010	1.004	0.091	0.093	0.092	0.094	0.092	0.091	0.091	0.093	0.094	0.094	0.092	0.091	0.092
52:00:54	19.6	0.091	0.090	0.092	0.094	0.093	0.093	0.091	0.091	0.093	0.093	0.091	0.093	0.091	0.813	0.922	0.915	0.941	0.934	0.856	0.964	0.855	0.979	0.850	0.094	0.091	0.928	0.888	0.922	0.828	0.824	0.818	0.960	0.967	0.838	0.994	0.094	0.090	0.913	0.936	0.821	0.928	0.934	0.951	0.969	0.864	0.974	0.875	0.094	0.093	0.920	0.824	0.940	0.828	0.827	0.946	0.837	1.006	0.974	0.978	0.091	0.094	0.836	0.938	0.926	0.933	0.813	0.950	1.002	0.853	0.891	0.867	0.092	0.093	0.986	0.840	0.815	0.832	0.948	0.864	0.985	0.991	1.019	1.011	0.091	0.094	0.092	0.094	0.092	0.091	0.091	0.093	0.094	0.094	0.092	0.091	0.092
53:00:55	19.6	0.091	0.090	0.092	0.094	0.093	0.093	0.090	0.091	0.093	0.093	0.091	0.092	0.091	0.821	0.929	0.926	0.951	0.942	0.866	0.974	0.866	0.985	0.863	0.093	0.091	0.937	0.903	0.932	0.843	0.840	0.833	0.966	0.978	0.848	1.003	0.093	0.090	0.921	0.946	0.834	0.944	0.944	0.966	0.980	0.875	0.986	0.888	0.093	0.093	0.927	0.834	0.953	0.839	0.840	0.958	0.849	1.020	0.985	0.986	0.091	0.094	0.848	0.947	0.938	0.944	0.824	0.962	1.015	0.863	0.902	0.876	0.091	0.093	1.001	0.849	0.825	0.844	0.957	0.874	0.992	0.999	1.027	1.021	0.091	0.093	0.092	0.094	0.092	0.091	0.091	0.093	0.094	0.094	0.092	0.091	0.092
54:00:55	19.6	0.091	0.090	0.092	0.095	0.093	0.093	0.090	0.091	0.093	0.093	0.091	0.092	0.091	0.831	0.941	0.935	0.967	0.952	0.879	0.985	0.877	0.997	0.874	0.093	0.091	0.948	0.921	0.945	0.855	0.857	0.849	0.989	0.989	0.858	1.015	0.094	0.090	0.929	0.958	0.850	0.958	0.960	0.984	0.996	0.889	0.996	0.901	0.093	0.093	0.937	0.852	0.971	0.856	0.851	0.968	0.861	1.034	0.994	0.995	0.091	0.094	0.859	0.960	0.949	0.958	0.836	0.971	1.029	0.877	0.914	0.888	0.092	0.093	1.011	0.859	0.835	0.855	0.964	0.883	1.000	1.007	1.037	1.031	0.091	0.094	0.092	0.094	0.092	0.091	0.091	0.093	0.094	0.094	0.092	0.091	0.092
55:00:57	19.6	0.091	0.090	0.092	0.094	0.093	0.093	0.091	0.091	0.093	0.093	0.091	0.092	0.091	0.854	0.955	0.947	0.982	0.973	0.896	0.997	0.895	1.007	0.888	0.093	0.091	0.959	0.937	0.965	0.876	0.876	0.866	0.999	1.002	0.870	1.022	0.093	0.090	0.937	0.975	0.868	0.976	0.979	1.001	1.010	0.907	1.010	0.916	0.093	0.093	0.945	0.870	0.988	0.870	0.869	0.984	0.876	1.050	1.004	1.004	0.091	0.094	0.874	0.973	0.961	0.972	0.853	0.983	1.040	0.890	0.930	0.901	0.091	0.094	1.022	0.874	0.849	0.868	0.973	0.896	1.010	1.016	1.044	1.038	0.091	0.093	0.092	0.094	0.092	0.091	0.091	0.093	0.094	0.094	0.092	0.091	0.092
56:00:58	19.6	0.091	0.090	0.093	0.095	0.093	0.093	0.091	0.091	0.093	0.093	0.091	0.092	0.091	0.869	0.966	0.963	0.997	0.983	0.913	1.013	0.910	1.015	0.901	0.093	0.091	0.971	0.951	0.983	0.895	0.894	0.881	1.014	1.014	0.885	1.033	0.093	0.090	0.948	0.990	0.884	0.993	0.990	1.013	1.022	0.924	1.024	0.929	0.093	0.093	0.954	0.886	1.002	0.886	0.886	0.997	0.889	1.061	1.014	1.011	0.091	0.094	0.884	0.988	0.975	0.982	0.866	0.996	1.054	0.904	0.946	0.914	0.091	0.094	1.035	0.890	0.861	0.881	0.981	0.908	1.018	1.026	1.052	1.046	0.091	0.093	0.092	0.094	0.092	0.091	0.091	0.093	0.094	0.094	0.092	0.091	0.092
57:00:59	19.6	0.091	0.090	0.092	0.094	0.093	0.092	0.090	0.091	0.093	0.093	0.091	0.092	0.091	0.888	0.976	0.976	1.011	0.997	0.935	1.025	0.927	1.028	0.916	0.093	0.091	0.984	0.972	0.997	0.905	0.908	0.898	1.027	1.028	0.897	1.045	0.093	0.090	0.959	1.004	0.897	1.008	1.006	1.027	1.035	0.939	1.034	0.947	0.093	0.093	0.964	0.900	1.015	0.901	0.902	1.006	0.900	1.071	1.023	1.021	0.090	0.094	0.895	0.997	0.987	0.997	0.884	1.004	1.065	0.918	0.958	0.931	0.091	0.093	1.048	0.900	0.873	0.894	0.989	0.922	1.026	1.034	1.060	1.055	0.091	0.093	0.092	0.094	0.092	0.091	0.091	0.093	0.094	0.094	0.092	0.091	0.092
58:01:00	19.6	0.091	0.090	0.092	0.094	0.093	0.093	0.091	0.091	0.093	0.092	0.091	0.092	0.091	0.906	0.986	0.987	1.025	1.011	0.953	1.037	0.939	1.038	0.930	0.094	0.091	0.996	0.988	1.009	0.931	0.932	0.920	1.042	1.039	0.910	1.052	0.093	0.090	0.968	1.019	0.916	1.023	1.019	1.041	1.047	0.957	1.046	0.959	0.093	0.093	0.972	0.922	1.029	0.920	0.920	1.019	0.915	1.082	1.035	1.028	0.091	0.094	0.906	1.008	0.999	1.006	0.899	1.018	1.076	0.932	0.974	0.945	0.091	0.093	1.059	0.918	0.888	0.910	1.000	0.937	1.034	1.043	1.066	1.054	0.091	0.093	0.092	0.094	0.092	0.091	0.091	0.093	0.094	0.094	0.092	0.091	0.092
59:01:00	19.6	0.091	0.090	0.092	0.094	0.093	0.093	0.091	0.091	0.093	0.092	0.091	0.092	0.091	0.922	0.999	0.998	1.039	1.021	0.967	1.049	0.959	1.046	0.945	0.093	0.091	1.009	1.000	1.020	0.948	0.943	0.934	1.049	1.049	0.923	1.059	0.093	0.090	0.979	1.029	0.932	1.033	1.032	1.051	1.059	0.973	1.057	0.969	0.093	0.093	0.980	0.937	1.039	0.935	0.931	1.029	0.925	1.090	1.040	1.033	0.091	0.094	0.917	1.022	1.012	1.019	0.909	1.028	1.080	0.942	0.987	0.956	0.092	0.093	1.072	0.931	0.902	0.924	1.009	0.945	1.039	1.051	1.076	1.062	0.091	0.093	0.092	0.094	0.092	0.091	0.091	0.093	0.094	0.094	0.092	0.091	0.092
60:01:02	19.6	0.091	0.090	0.092	0.094	0.093	0.093	0.090	0.091	0.093	0.093	0.091	0.093	0.091	0.934	1.011	1.011	1.050	1.031	0.986	1.054	0.973	1.059	0.960	0.094	0.091	1.016	1.013	1.031	0.958	0.954	0.948	1.056	1.056	0.938	1.072	0.093	0.090	0.989	1.040	0.943	1.042	1.041	1.060	1.067	0.980	1.061	0.980	0.093	0.093	0.991	0.945	1.051	0.946	0.946	1.038	0.938	1.095	1.044	1.042	0.091	0.094	0.932	1.031	1.019	1.028	0.923	1.034	1.088	0.955	0.997	0.970	0.091	0.093	1.086	0.941	0.916	0.934	1.015	0.954	1.046	1.052	1.080	1.072	0.091	0.093	0.092	0.094	0.092	0.091	0.091	0.093	0.094	0.094	0.092	0.091	0.092
61:01:02	19.6	0.091	0.090	0.092	0.094	0.093	0.093	0.091	0.091	0.093	0.093	0.091	0.092	0.091	0.947	1.021	1.022	1.058	1.041	0.993	1.064	0.985	1.062	0.974	0.093	0.091	1.028	1.016	1.041	0.969	0.965	0.958	1.063	1.062	0.948	1.078	0.093	0.090	0.999	1.048	0.955	1.051	1.048	1.065	1.071	0.990	1.067	0.991	0.093	0.093	1.002	0.960	1.056	0.959	0.959	1.044	0.949	1.100	1.049	1.047	0.091	0.094	0.939	1.039	1.028	1.034	0.936	1.045	1.092	0.961	1.007	0.979	0.092	0.093	1.097	0.950	0.929	0.946	1.021	0.964	1.053	1.057	1.081	1.074	0.091	0.094	0.092	0.094	0.092	0.091	0.091	0.093	0.094	0.094	0.092	0.091	0.092
62:01:04	19.5	0.091	0.090	0.092	0.095	0.093	0.093	0.091	0.091	0.093	0.093	0.091	0.092	0.091	0.958	1.031	1.033	1.065	1.047	0.997	1.070	0.993	1.068	0.987	0.094	0.091	1.037	1.024	1.049	0.977	0.973	0.966	1.066	1.066	0.958	1.083	0.093	0.090	1.008	1.055	0.962	1.055	1.052	1.069	1.074	0.996	1.072	0.997	0.093	0.093	1.009	0.967	1.061	0.965	0.963	1.049	0.952	1.097	1.049	1.051	0.091	0.094	0.950	1.044	1.035	1.037	0.945	1.048	1.092	0.967	1.012	0.986	0.092	0.093	1.105	0.957	0.940	0.954	1.023	0.968	1.054	1.058	1.087	1.075	0.091	0.094	0.092	0.094	0.092	0.091	0.091	0.093	0.094	0.094	0.092	0.091	0.092
63:01:04	19.5	0.091	0.090	0.092	0.095	0.093	0.093	0.091	0.091	0.093	0.093	0.091	0.092	0.091	0.964	1.039	1.039	1.070	1.052	0.997	1.076	0.998	1.073	0.995	0.093	0.091	1.043	1.023	1.052	0.978	0.973	0.969	1.067	1.064	0.963	1.082	0.093	0.090	1.017	1.058	0.960	1.058	1.053	1.071	1.075	0.994	1.072	1.000	0.093	0.093	1.014	0.973	1.061	0.968	0.964	1.051	0.955	1.093	1.053	1.055	0.091	0.094	0.953	1.049	1.037	1.040	0.946	1.049	1.089	0.970	1.012	0.991	0.091	0.093	1.111	0.961	0.945	0.960	1.025	0.971	1.053	1.059	1.078	1.080	0.091	0.093	0.092	0.094	0.092	0.091	0.091	0.093	0.094	0.094	0.092	0.091	0.092
64:01:06	19.4	0.091	0.090	0.092	0.094	0.093	0.093	0.090	0.091	0.093	0.092	0.091	0.093	0.091	0.972	1.040	1.040	1.070	1.054	0.997	1.076	1.000	1.070	1.001	0.093	0.091	1.049	1.017	1.052	0.976	0.975	0.967	1.064	1.065	0.966	1.081	0.094	0.090	1.020	1.061	0.967	1.054	1.053	1.068	1.072	0.996	1.069	0.998	0.093	0.093	1.020	0.971	1.059	0.968	0.967	1.053	0.956	1.087	1.047	1.050	0.091	0.094	0.957	1.053	1.040	1.040	0.947	1.049	1.082	0.969	1.014	0.995	0.091	0.094	1.118	0.967	0.956	0.965	1.024	0.970	1.050	1.054	1.075	1.071	0.091	0.093	0.092	0.094	0.092	0.091	0.091	0.093	0.094	0.094	0.092	0.091	0.092
65:01:06	19.4	0.091	0.090	0.092	0.094	0.093	0.092	0.091	0.091	0.093	0.092	0.091	0.092	0.091	0.974	1.046	1.042	1.068	1.049	0.993	1.074	0.996	1.068	1.005	0.093	0.091	1.050	1.010	1.049	0.969	0.968	0.963	1.055	1.059	0.962	1.076	0.093	0.090	1.023	1.056	0.960	1.051	1.048	1.060	1.065	0.986	1.065	0.999	0.093	0.093	1.017	0.971	1.056	0.963	0.958	1.046	0.951	1.075	1.041	1.047	0.091	0.094	0.958	1.050	1.036	1.037	0.942	1.043	1.072	0.967	1.008	0.995	0.091	0.093	1.120	0.966	0.953	0.966	1.017	0.968	1.043	1.045	1.069	1.065	0.091	0.093	0.092	0.094	0.092	0.091	0.091	0.093	0.094	0.094	0.092	0.091	0.092
66:01:07	19.4	0.091	0.090	0.092	0.094	0.093	0.092	0.091	0.091	0.093	0.093	0.091	0.093	0.091	0.974	1.041	1.039	1.060	1.044	0.978	1.064	0.989	1.059	1.002	0.093	0.091	1.047	1.000	1.041	0.961	0.958	0.958	1.045	1.047	0.960	1.064	0.093	0.090	1.019	1.049	0.956	1.047	1.040	1.049	1.052	0.977	1.057	0.993	0.093	0.093	1.013	0.964	1.049	0.956	0.950	1.037	0.944	1.063	1.032	1.037	0.091	0.094	0.953	1.043	1.030	1.030	0.940	1.035	1.059	0.962	0.997	0.996	0.091	0.093	1.123	0.965	0.953	0.963	1.009	0.962	1.036	1.038	1.055	1.063	0.091	0.093	0.092	0.094	0.092	0.091	0.091	0.093	0.094	0.094	0.092	0.091	0.092
67:01:09	19.4	0.091	0.090	0.092	0.094	0.093	0.093	0.090	0.090	0.093	0.093	0.091	0.092	0.091	0.969	1.031	1.031	1.053	1.038	0.965	1.057	0.976	1.051	0.999	0.093	0.090	1.041	0.983	1.032	0.949	0.949	0.945	1.036	1.036	0.949	1.056	0.093	0.090	1.014	1.041	0.944	1.033	1.032	1.038	1.038	0.962	1.044	0.983	0.093	0.093	1.006	0.954	1.035	0.945	0.939	1.028	0.935	1.049	1.020	1.028	0.091	0.094	0.947	1.036	1.021	1.017	0.931	1.022	1.046	0.952	0.984	0.987	0.091	0.093	1.117	0.958	0.949	0.956	1.002	0.952	1.023	1.026	1.044	1.049	0.091	0.093	0.092	0.094	0.092	0.091	0.091	0.093	0.094	0.094	0.092	0.091	0.092
68:01:10	19.4	0.091	0.091	0.092	0.095	0.093	0.093	0.091	0.091	0.093	0.093	0.091	0.093	0.091	0.961	1.023	1.021	1.041	1.027	0.945	1.042	0.963	1.039	0.987	0.094	0.091	1.034	0.964	1.021	0.934	0.931	0.927	1.024	1.022	0.943	1.041	0.093	0.090	1.005	1.030	0.930	1.021	1.017	1.022	1.025	0.942	1.029	0.968	0.094	0.093	0.997	0.939	1.024	0.929	0.922	1.018	0.922	1.032	1.008	1.018	0.091	0.094	0.935	1.024	1.008	1.004	0.917	1.012	1.036	0.934	0.970	0.980	0.092	0.094	1.119	0.950	0.939	0.948	0.994	0.941	1.009	1.013	1.031	1.031	0.091	0.094	0.092	0.094	0.092	0.091	0.091	0.093	0.094	0.094	0.092	0.091	0.092
69:01:20	19.5	0.091	0.090	0.092	0.094	0.093	0.092	0.090	0.091	0.093	0.092	0.091	0.092	0.091	0.947	1.013	1.012	1.030	1.017	0.930	1.026	0.942	1.027	0.975	0.093	0.091	1.021	0.942	1.007	0.918	0.911	0.913	1.007	1.004	0.929	1.029	0.093	0.090	0.995	1.021	0.913	1.012	1.005	1.006	1.010	0.922	1.015	0.955	0.093	0.093	0.987	0.921	1.008	0.911	0.905	1.006	0.903	1.018	0.990	1.007	0.090	0.094	0.921	1.011	0.992	0.993	0.904	0.997	1.020	0.925	0.956	0.965	0.091	0.093	1.116	0.935	0.929	0.934	0.983	0.925	0.996	0.999	1.015	1.024	0.091	0.093	0.092	0.094	0.092	0.091	0.091	0.093	0.094	0.094	0.092	0.091	0.092
70:01:11	19.5	0.091	0.090	0.092	0.095	0.093	0.093	0.091	0.091	0.093	0.092	0.091	0.093	0.091	0.937	1.003	1.003	1.018	1.006	0.914	1.014	0.927	1.015	0.962	0.093	0.091	1.013	0.923	0.997	0.898	0.898	0.894	0.994	0.994	0.911	1.021	0.093	0.090	0.986	1.006	0.895	0.999	0.993	0.990	1.000	0.906	1.003	0.943	0.093	0.093	0.979	0.906	0.998	0.896	0.884	0.994	0.887	1.004	0.980	0.994	0.091	0.094	0.909	1.001	0.982	0.983	0.887	0.991	1.007	0.913	0.937	0.955	0.091	0.093	1.114	0.926	0.918	0.918	0.975	0.909	0.986	0.984	1.004	1.013	0.091	0.094	0.092	0.094	0.092	0.091	0.091	0.093	0.094	0.094	0.092	0.091	0.092
71:01:12	19.6	0.091	0.091	0.092	0.095	0.093	0.093	0.091	0.091	0.093	0.092	0.091	0.092	0.091	0.927	0.993	0.992	1.004	0.991	0.896	1.000	0.907	0.999	0.942	0.094	0.091	1.002	0.903	0.981	0.880	0.876	0.878	0.980	0.985	0.898	1.004	0.093	0.090	0.973	0.996	0.878	0.989	0.979	0.974	0.985	0.886	0.990	0.924	0.093	0.093	0.969	0.887	0.986	0.886	0.871	0.977	0.872	0.989	0.968	0.983	0.091	0.094	0.892	0.987	0.971	0.975	0.869	0.980	0.998	0.898	0.921	0.939	0.092	0.093	1.114	0.909	0.901	0.902	0.966	0.895	0.974	0.975	0.992	1.002	0.091	0.093	0.092	0.094	0.092	0.091	0.091	0.093	0.094	0.094	0.092	0.091	0.092
72:01:12	19.7	0.091	0.090	0.092	0.095	0.093	0.093	0.091	0.091	0.093	0.093	0.091	0.093	0.091	0.904	0.986	0.980	0.996	0.986	0.884	0.991	0.884	0.994	0.930	0.094	0.091	0.991	0.882	0.971	0.862	0.866	0.856	0.973	0.972	0.882	0.995	0.094	0.090	0.964	0.982	0.862	0.980	0.970	0.967	0.971	0.871	0.975	0.918	0.094	0.093	0.961	0.871	0.972	0.870	0.857	0.967	0.857	0.978	0.957	0.971	0.091	0.094	0.877	0.978	0.958	0.964	0.855	0.971	0.987	0.885	0.907	0.928	0.092	0.094	1.111	0.898	0.889	0.887	0.961	0.885	0.965	0.969	0.984	0.994	0.091	0.093	0.092	0.094	0.092	0.091	0.091	0.093	0.094	0.094	0.092	0.091	0.092

