Time	T° 600	A1	A2	A3	A4	A5	A6	A7	A8	A9	A10	A11	A12	B1	B2	B3	B4	B5	B6	B7	B8	B9	B10	B11	B12	C1	C2	C3	C4	C5	C6	C7	C8	C9	C10	C11	C12	D1	D2	D3	D4	D5	D6	D7	D8	D9	D10	D11	D12	E1	E2	E3	E4	E5	E6	E7	E8	E9	E10	E11	E12	F1	F2	F3	F4	F5	F6	F7	F8	F9	F10	F11	F12	G1	G2	G3	G4	G5	G6	G7	G8	G9	G10	G11	G12	H1	H2	H3	H4	H5	H6	H7	H8	H9	H10	H11	H12
0:00:06	20.3	0.094	0.092	0.096	0.095	0.094	0.093	0.092	0.093	0.093	0.094	0.092	0.094	0.092	0.103	0.111	0.114	0.112	0.111	0.106	0.111	0.100	0.111	0.104	0.094	0.092	0.111	0.104	0.109	0.101	0.106	0.102	0.109	0.101	0.103	0.112	0.094	0.093	0.109	0.105	0.100	0.108	0.110	0.109	0.110	0.099	0.114	0.108	0.094	0.095	0.110	0.106	0.111	0.102	0.105	0.109	0.100	0.112	0.111	0.111	0.092	0.096	0.105	0.112	0.108	0.109	0.103	0.109	0.108	0.099	0.104	0.105	0.093	0.095	0.110	0.104	0.101	0.103	0.109	0.105	0.113	0.111	0.110	0.111	0.093	0.095	0.094	0.095	0.093	0.093	0.093	0.093	0.096	0.095	0.094	0.094	0.092
1:00:03	20.6	0.094	0.092	0.096	0.095	0.094	0.093	0.092	0.093	0.093	0.094	0.092	0.094	0.092	0.104	0.129	0.136	0.130	0.128	0.112	0.126	0.100	0.129	0.106	0.094	0.092	0.131	0.111	0.129	0.102	0.110	0.104	0.124	0.103	0.104	0.131	0.094	0.093	0.129	0.113	0.101	0.127	0.133	0.128	0.130	0.099	0.134	0.118	0.094	0.095	0.129	0.110	0.135	0.105	0.110	0.127	0.102	0.134	0.134	0.134	0.092	0.096	0.110	0.127	0.124	0.125	0.107	0.122	0.124	0.099	0.111	0.109	0.093	0.095	0.127	0.106	0.102	0.104	0.129	0.109	0.130	0.130	0.132	0.133	0.093	0.095	0.094	0.095	0.093	0.093	0.093	0.094	0.096	0.095	0.094	0.094	0.093
2:00:03	20.9	0.094	0.092	0.096	0.095	0.094	0.093	0.092	0.093	0.093	0.094	0.092	0.094	0.092	0.106	0.156	0.165	0.160	0.156	0.122	0.151	0.100	0.155	0.107	0.094	0.092	0.161	0.120	0.161	0.104	0.116	0.105	0.151	0.104	0.105	0.161	0.094	0.092	0.156	0.125	0.102	0.159	0.165	0.156	0.160	0.100	0.159	0.133	0.094	0.095	0.159	0.114	0.166	0.106	0.114	0.158	0.104	0.164	0.162	0.163	0.092	0.096	0.116	0.160	0.157	0.158	0.113	0.150	0.154	0.099	0.121	0.115	0.093	0.095	0.160	0.106	0.104	0.106	0.164	0.115	0.156	0.161	0.168	0.166	0.093	0.095	0.093	0.095	0.093	0.093	0.093	0.094	0.096	0.095	0.094	0.094	0.092
3:00:05	21.1	0.094	0.092	0.096	0.095	0.094	0.093	0.092	0.093	0.095	0.094	0.092	0.094	0.093	0.108	0.186	0.197	0.189	0.183	0.135	0.176	0.101	0.175	0.110	0.095	0.092	0.185	0.131	0.190	0.106	0.124	0.107	0.181	0.106	0.107	0.191	0.094	0.093	0.187	0.147	0.104	0.191	0.202	0.194	0.206	0.100	0.195	0.149	0.094	0.095	0.191	0.118	0.207	0.109	0.120	0.198	0.105	0.206	0.203	0.208	0.092	0.097	0.121	0.193	0.190	0.189	0.122	0.187	0.185	0.100	0.138	0.124	0.093	0.095	0.204	0.107	0.106	0.108	0.194	0.118	0.188	0.198	0.204	0.207	0.093	0.095	0.094	0.095	0.093	0.093	0.093	0.094	0.096	0.095	0.094	0.094	0.093
4:00:06	21.2	0.094	0.092	0.095	0.095	0.094	0.093	0.092	0.093	0.093	0.094	0.092	0.094	0.092	0.108	0.204	0.233	0.232	0.217	0.156	0.193	0.101	0.218	0.113	0.094	0.092	0.210	0.143	0.233	0.108	0.134	0.110	0.200	0.107	0.109	0.229	0.094	0.093	0.211	0.167	0.105	0.224	0.242	0.218	0.225	0.100	0.227	0.178	0.094	0.095	0.213	0.121	0.249	0.112	0.127	0.219	0.105	0.244	0.239	0.238	0.092	0.096	0.126	0.220	0.235	0.236	0.131	0.208	0.218	0.100	0.159	0.135	0.093	0.095	0.225	0.107	0.107	0.109	0.242	0.121	0.217	0.237	0.250	0.247	0.093	0.094	0.093	0.095	0.093	0.093	0.093	0.094	0.096	0.094	0.094	0.094	0.092
5:00:07	21.1	0.094	0.092	0.096	0.095	0.094	0.093	0.092	0.093	0.093	0.094	0.092	0.094	0.092	0.109	0.248	0.269	0.265	0.252	0.172	0.242	0.101	0.257	0.116	0.095	0.092	0.253	0.161	0.271	0.110	0.148	0.113	0.245	0.110	0.111	0.267	0.094	0.092	0.246	0.186	0.107	0.265	0.287	0.257	0.280	0.101	0.272	0.195	0.094	0.095	0.261	0.124	0.285	0.115	0.136	0.269	0.106	0.294	0.278	0.285	0.092	0.096	0.132	0.262	0.271	0.270	0.145	0.252	0.260	0.100	0.179	0.149	0.093	0.095	0.273	0.107	0.109	0.112	0.270	0.126	0.262	0.279	0.292	0.295	0.093	0.095	0.094	0.095	0.093	0.093	0.093	0.094	0.096	0.095	0.094	0.094	0.092
6:00:08	21.0	0.094	0.092	0.096	0.095	0.094	0.093	0.092	0.093	0.093	0.094	0.092	0.094	0.093	0.109	0.280	0.297	0.298	0.291	0.188	0.271	0.102	0.285	0.120	0.094	0.092	0.287	0.173	0.297	0.113	0.165	0.117	0.268	0.115	0.114	0.295	0.094	0.093	0.286	0.215	0.109	0.292	0.309	0.287	0.296	0.101	0.306	0.213	0.094	0.096	0.291	0.128	0.310	0.119	0.146	0.294	0.107	0.311	0.310	0.306	0.092	0.096	0.137	0.293	0.294	0.293	0.159	0.278	0.289	0.100	0.199	0.168	0.093	0.096	0.295	0.108	0.112	0.115	0.299	0.130	0.289	0.303	0.315	0.314	0.094	0.095	0.094	0.095	0.093	0.093	0.093	0.094	0.096	0.095	0.094	0.094	0.093
7:00:09	20.7	0.094	0.092	0.096	0.095	0.094	0.093	0.092	0.093	0.093	0.094	0.092	0.094	0.093	0.110	0.310	0.326	0.330	0.323	0.200	0.307	0.102	0.319	0.124	0.094	0.092	0.311	0.186	0.326	0.115	0.171	0.121	0.301	0.128	0.117	0.325	0.094	0.093	0.319	0.250	0.111	0.325	0.335	0.319	0.320	0.101	0.344	0.241	0.094	0.095	0.321	0.131	0.336	0.123	0.158	0.324	0.107	0.340	0.342	0.337	0.092	0.096	0.145	0.323	0.326	0.324	0.173	0.306	0.319	0.101	0.208	0.194	0.093	0.095	0.326	0.108	0.114	0.117	0.328	0.134	0.318	0.333	0.343	0.344	0.093	0.095	0.094	0.095	0.093	0.093	0.093	0.094	0.096	0.095	0.094	0.094	0.093
8:00:09	20.5	0.094	0.092	0.096	0.095	0.094	0.093	0.092	0.093	0.093	0.094	0.092	0.094	0.092	0.111	0.340	0.363	0.366	0.364	0.226	0.339	0.102	0.363	0.128	0.094	0.092	0.342	0.201	0.363	0.119	0.184	0.125	0.341	0.147	0.121	0.362	0.094	0.093	0.352	0.279	0.114	0.363	0.370	0.354	0.349	0.101	0.383	0.258	0.094	0.095	0.356	0.134	0.375	0.127	0.171	0.357	0.108	0.377	0.382	0.374	0.092	0.096	0.156	0.352	0.364	0.365	0.182	0.339	0.348	0.101	0.235	0.204	0.093	0.095	0.355	0.109	0.117	0.121	0.368	0.142	0.351	0.378	0.380	0.380	0.094	0.095	0.094	0.095	0.093	0.093	0.093	0.094	0.096	0.095	0.094	0.094	0.093
9:00:10	20.3	0.094	0.092	0.096	0.095	0.094	0.093	0.092	0.093	0.094	0.094	0.092	0.094	0.093	0.112	0.380	0.416	0.414	0.418	0.242	0.386	0.102	0.421	0.133	0.095	0.092	0.380	0.220	0.415	0.123	0.194	0.129	0.391	0.170	0.124	0.417	0.095	0.093	0.397	0.303	0.117	0.418	0.419	0.395	0.390	0.102	0.428	0.283	0.095	0.095	0.405	0.138	0.424	0.132	0.176	0.399	0.109	0.424	0.426	0.420	0.092	0.097	0.172	0.390	0.420	0.422	0.193	0.383	0.388	0.101	0.249	0.211	0.094	0.096	0.392	0.109	0.120	0.125	0.421	0.150	0.397	0.429	0.431	0.432	0.094	0.095	0.094	0.095	0.093	0.093	0.093	0.094	0.096	0.095	0.094	0.094	0.093
10:00:11	20.2	0.095	0.092	0.096	0.095	0.094	0.093	0.092	0.094	0.094	0.094	0.093	0.094	0.093	0.113	0.435	0.473	0.472	0.477	0.265	0.440	0.102	0.477	0.137	0.095	0.092	0.436	0.238	0.476	0.126	0.207	0.134	0.442	0.192	0.128	0.474	0.094	0.093	0.447	0.330	0.120	0.474	0.474	0.440	0.440	0.102	0.478	0.311	0.094	0.096	0.455	0.143	0.474	0.136	0.184	0.443	0.110	0.473	0.475	0.471	0.093	0.097	0.182	0.438	0.476	0.478	0.207	0.436	0.440	0.102	0.260	0.218	0.094	0.096	0.439	0.110	0.124	0.128	0.479	0.157	0.452	0.489	0.486	0.484	0.094	0.095	0.094	0.095	0.093	0.093	0.094	0.094	0.096	0.095	0.094	0.094	0.093
11:00:13	20.2	0.095	0.093	0.096	0.095	0.095	0.094	0.092	0.093	0.094	0.094	0.092	0.094	0.093	0.113	0.490	0.528	0.526	0.526	0.293	0.490	0.102	0.526	0.141	0.095	0.092	0.490	0.253	0.526	0.129	0.224	0.139	0.491	0.223	0.131	0.527	0.095	0.093	0.497	0.369	0.123	0.524	0.523	0.487	0.489	0.102	0.525	0.343	0.094	0.096	0.503	0.150	0.523	0.140	0.192	0.490	0.111	0.518	0.524	0.521	0.092	0.097	0.192	0.495	0.527	0.533	0.224	0.494	0.495	0.102	0.279	0.232	0.094	0.096	0.489	0.110	0.126	0.131	0.535	0.173	0.504	0.538	0.536	0.531	0.094	0.095	0.094	0.096	0.093	0.093	0.093	0.094	0.096	0.095	0.094	0.095	0.093
12:00:13	20.2	0.094	0.092	0.096	0.095	0.094	0.093	0.092	0.093	0.094	0.094	0.092	0.094	0.092	0.114	0.538	0.574	0.573	0.574	0.325	0.538	0.102	0.568	0.145	0.095	0.092	0.539	0.265	0.571	0.133	0.246	0.144	0.539	0.257	0.133	0.571	0.094	0.092	0.546	0.424	0.125	0.570	0.569	0.534	0.533	0.102	0.574	0.378	0.094	0.095	0.548	0.158	0.568	0.145	0.200	0.538	0.111	0.562	0.571	0.570	0.092	0.096	0.199	0.544	0.576	0.579	0.244	0.543	0.542	0.102	0.315	0.255	0.093	0.096	0.544	0.110	0.129	0.134	0.582	0.187	0.555	0.581	0.585	0.579	0.094	0.094	0.094	0.095	0.093	0.093	0.093	0.094	0.096	0.094	0.094	0.094	0.093
13:00:14	20.2	0.094	0.092	0.096	0.095	0.094	0.093	0.092	0.093	0.093	0.094	0.092	0.094	0.092	0.115	0.587	0.619	0.617	0.618	0.357	0.583	0.102	0.612	0.151	0.095	0.092	0.586	0.291	0.616	0.137	0.268	0.149	0.580	0.279	0.136	0.615	0.094	0.093	0.589	0.475	0.128	0.611	0.613	0.579	0.579	0.102	0.619	0.411	0.094	0.095	0.594	0.169	0.611	0.151	0.210	0.584	0.111	0.605	0.616	0.616	0.092	0.096	0.205	0.590	0.617	0.622	0.268	0.585	0.589	0.102	0.352	0.264	0.093	0.095	0.594	0.110	0.132	0.138	0.624	0.201	0.598	0.626	0.632	0.622	0.094	0.094	0.094	0.095	0.093	0.093	0.093	0.094	0.096	0.095	0.094	0.094	0.093
14:00:15	20.2	0.094	0.092	0.096	0.095	0.094	0.093	0.092	0.093	0.093	0.094	0.092	0.094	0.093	0.116	0.628	0.663	0.660	0.660	0.385	0.626	0.102	0.655	0.156	0.094	0.092	0.629	0.329	0.656	0.142	0.292	0.152	0.627	0.299	0.140	0.658	0.094	0.093	0.631	0.523	0.131	0.656	0.657	0.623	0.622	0.102	0.664	0.443	0.094	0.095	0.636	0.176	0.653	0.158	0.224	0.628	0.112	0.649	0.660	0.660	0.092	0.096	0.215	0.633	0.662	0.666	0.289	0.629	0.631	0.102	0.385	0.280	0.093	0.096	0.634	0.111	0.136	0.142	0.667	0.225	0.641	0.666	0.676	0.665	0.094	0.095	0.094	0.095	0.093	0.093	0.093	0.094	0.096	0.095	0.094	0.094	0.092
15:00:16	20.1	0.094	0.092	0.096	0.095	0.094	0.093	0.092	0.093	0.094	0.094	0.093	0.095	0.093	0.117	0.670	0.703	0.701	0.702	0.408	0.666	0.103	0.695	0.161	0.095	0.092	0.672	0.362	0.697	0.147	0.317	0.158	0.665	0.321	0.144	0.698	0.095	0.093	0.671	0.571	0.135	0.696	0.700	0.669	0.665	0.102	0.708	0.472	0.094	0.095	0.676	0.182	0.697	0.163	0.234	0.674	0.113	0.695	0.704	0.706	0.093	0.096	0.231	0.672	0.698	0.704	0.310	0.670	0.671	0.102	0.410	0.295	0.094	0.097	0.676	0.111	0.140	0.148	0.705	0.241	0.681	0.708	0.716	0.706	0.094	0.095	0.094	0.095	0.093	0.093	0.094	0.094	0.096	0.095	0.095	0.094	0.093
16:00:16	20.1	0.094	0.092	0.096	0.095	0.094	0.093	0.092	0.093	0.093	0.094	0.092	0.094	0.092	0.118	0.717	0.747	0.744	0.746	0.432	0.712	0.102	0.739	0.164	0.094	0.092	0.714	0.391	0.740	0.151	0.341	0.162	0.715	0.350	0.149	0.745	0.095	0.093	0.714	0.617	0.138	0.740	0.747	0.717	0.713	0.102	0.755	0.503	0.094	0.095	0.717	0.191	0.741	0.167	0.241	0.721	0.113	0.743	0.751	0.753	0.092	0.096	0.247	0.715	0.742	0.750	0.333	0.716	0.717	0.102	0.440	0.316	0.093	0.095	0.720	0.111	0.143	0.152	0.750	0.253	0.728	0.751	0.762	0.752	0.093	0.094	0.094	0.095	0.093	0.093	0.094	0.094	0.096	0.095	0.094	0.094	0.093
17:00:18	20.0	0.094	0.092	0.096	0.095	0.094	0.093	0.092	0.094	0.094	0.094	0.092	0.095	0.093	0.119	0.757	0.787	0.783	0.785	0.455	0.754	0.103	0.779	0.166	0.095	0.092	0.755	0.416	0.779	0.155	0.362	0.167	0.757	0.388	0.152	0.785	0.095	0.093	0.754	0.656	0.144	0.780	0.789	0.762	0.757	0.103	0.796	0.529	0.094	0.095	0.756	0.204	0.782	0.170	0.258	0.766	0.114	0.784	0.794	0.793	0.092	0.096	0.263	0.756	0.781	0.787	0.356	0.757	0.758	0.103	0.467	0.339	0.094	0.096	0.760	0.112	0.146	0.156	0.789	0.275	0.769	0.792	0.802	0.791	0.094	0.095	0.094	0.095	0.093	0.094	0.094	0.094	0.096	0.095	0.095	0.094	0.093
18:00:18	20.0	0.094	0.092	0.096	0.096	0.095	0.093	0.092	0.094	0.094	0.094	0.092	0.095	0.093	0.121	0.786	0.815	0.810	0.813	0.473	0.782	0.103	0.808	0.169	0.095	0.092	0.784	0.444	0.805	0.159	0.377	0.171	0.785	0.438	0.154	0.812	0.095	0.093	0.785	0.696	0.147	0.803	0.816	0.791	0.789	0.103	0.825	0.551	0.094	0.096	0.784	0.223	0.813	0.174	0.279	0.794	0.114	0.814	0.823	0.823	0.092	0.097	0.285	0.783	0.805	0.812	0.372	0.786	0.790	0.103	0.487	0.355	0.094	0.096	0.786	0.112	0.149	0.159	0.814	0.301	0.798	0.821	0.831	0.819	0.094	0.095	0.094	0.095	0.093	0.093	0.094	0.094	0.096	0.095	0.095	0.094	0.093
19:00:18	19.9	0.094	0.092	0.096	0.095	0.094	0.093	0.092	0.093	0.094	0.094	0.093	0.094	0.093	0.123	0.817	0.845	0.838	0.842	0.494	0.815	0.103	0.836	0.172	0.095	0.092	0.816	0.467	0.834	0.162	0.390	0.174	0.818	0.495	0.156	0.841	0.095	0.093	0.812	0.733	0.150	0.835	0.847	0.825	0.821	0.103	0.854	0.577	0.094	0.096	0.814	0.239	0.840	0.179	0.299	0.825	0.115	0.846	0.852	0.853	0.093	0.097	0.314	0.814	0.834	0.842	0.387	0.820	0.820	0.103	0.510	0.376	0.093	0.098	0.815	0.112	0.151	0.163	0.844	0.330	0.829	0.850	0.860	0.851	0.094	0.095	0.094	0.095	0.093	0.093	0.094	0.094	0.096	0.095	0.094	0.094	0.093
20:00:20	19.9	0.094	0.093	0.096	0.095	0.094	0.093	0.092	0.094	0.094	0.094	0.093	0.094	0.093	0.125	0.842	0.866	0.861	0.865	0.513	0.840	0.103	0.861	0.175	0.095	0.093	0.837	0.489	0.855	0.166	0.402	0.179	0.843	0.545	0.157	0.866	0.095	0.093	0.835	0.763	0.154	0.856	0.869	0.849	0.847	0.103	0.876	0.601	0.094	0.096	0.836	0.251	0.860	0.182	0.314	0.851	0.116	0.873	0.876	0.880	0.092	0.096	0.339	0.836	0.857	0.866	0.398	0.842	0.845	0.103	0.528	0.391	0.094	0.097	0.841	0.113	0.154	0.166	0.867	0.357	0.852	0.873	0.884	0.876	0.094	0.095	0.094	0.095	0.093	0.093	0.094	0.094	0.096	0.095	0.095	0.094	0.093
21:00:20	19.9	0.095	0.092	0.096	0.095	0.094	0.093	0.092	0.093	0.094	0.094	0.093	0.094	0.093	0.129	0.868	0.893	0.887	0.892	0.533	0.869	0.103	0.886	0.180	0.095	0.093	0.862	0.514	0.882	0.171	0.416	0.184	0.872	0.592	0.160	0.893	0.095	0.093	0.862	0.796	0.157	0.883	0.897	0.877	0.875	0.103	0.904	0.624	0.094	0.095	0.863	0.266	0.887	0.188	0.329	0.880	0.117	0.900	0.903	0.905	0.093	0.096	0.360	0.863	0.884	0.893	0.413	0.870	0.872	0.103	0.551	0.406	0.094	0.096	0.866	0.113	0.157	0.169	0.892	0.386	0.880	0.902	0.911	0.904	0.094	0.095	0.094	0.095	0.093	0.094	0.094	0.094	0.096	0.095	0.095	0.094	0.093
22:00:22	19.8	0.094	0.092	0.096	0.095	0.095	0.093	0.092	0.094	0.094	0.094	0.093	0.094	0.093	0.132	0.894	0.915	0.913	0.917	0.555	0.893	0.103	0.909	0.186	0.095	0.092	0.884	0.539	0.906	0.174	0.432	0.189	0.895	0.631	0.163	0.918	0.095	0.093	0.886	0.827	0.160	0.906	0.920	0.903	0.901	0.103	0.928	0.651	0.094	0.096	0.888	0.287	0.912	0.194	0.346	0.907	0.120	0.924	0.928	0.932	0.093	0.096	0.380	0.888	0.910	0.916	0.428	0.894	0.898	0.103	0.575	0.423	0.094	0.096	0.893	0.113	0.160	0.171	0.915	0.414	0.902	0.925	0.935	0.926	0.094	0.095	0.094	0.095	0.093	0.093	0.094	0.094	0.096	0.095	0.095	0.094	0.093
23:00:23	19.8	0.094	0.092	0.096	0.095	0.095	0.093	0.092	0.093	0.094	0.094	0.093	0.094	0.093	0.138	0.918	0.937	0.935	0.939	0.578	0.918	0.103	0.931	0.190	0.095	0.092	0.908	0.564	0.928	0.182	0.447	0.193	0.919	0.673	0.166	0.940	0.095	0.093	0.909	0.855	0.164	0.929	0.944	0.926	0.924	0.103	0.950	0.678	0.095	0.095	0.911	0.310	0.936	0.200	0.364	0.930	0.122	0.946	0.949	0.952	0.092	0.096	0.400	0.912	0.929	0.938	0.446	0.919	0.920	0.103	0.597	0.438	0.094	0.096	0.916	0.113	0.162	0.176	0.936	0.440	0.925	0.946	0.956	0.947	0.094	0.095	0.094	0.095	0.093	0.094	0.094	0.094	0.096	0.095	0.095	0.095	0.093
24:00:25	20.0	0.094	0.092	0.096	0.095	0.094	0.094	0.092	0.094	0.094	0.094	0.093	0.094	0.093	0.144	0.938	0.956	0.953	0.958	0.602	0.936	0.103	0.948	0.197	0.095	0.093	0.932	0.591	0.946	0.187	0.463	0.199	0.938	0.711	0.171	0.956	0.095	0.093	0.930	0.877	0.168	0.947	0.962	0.948	0.945	0.103	0.968	0.704	0.095	0.096	0.930	0.331	0.964	0.204	0.376	0.952	0.124	0.967	0.968	0.971	0.093	0.096	0.418	0.930	0.948	0.955	0.462	0.935	0.940	0.104	0.625	0.450	0.094	0.097	0.934	0.114	0.166	0.180	0.956	0.466	0.943	0.964	0.973	0.965	0.094	0.095	0.094	0.095	0.094	0.093	0.094	0.095	0.096	0.095	0.095	0.094	0.093
25:00:26	20.2	0.095	0.093	0.096	0.095	0.095	0.093	0.093	0.094	0.094	0.095	0.093	0.095	0.093	0.147	0.969	0.983	0.979	0.989	0.633	0.967	0.103	0.972	0.205	0.095	0.093	0.956	0.622	0.975	0.191	0.484	0.206	0.969	0.754	0.175	0.984	0.095	0.093	0.960	0.909	0.173	0.977	0.992	0.976	0.970	0.104	0.994	0.741	0.095	0.096	0.963	0.355	0.984	0.211	0.395	0.980	0.127	0.991	0.993	0.996	0.093	0.096	0.441	0.961	0.975	0.980	0.485	0.963	0.965	0.104	0.656	0.470	0.094	0.098	0.961	0.115	0.171	0.184	0.981	0.494	0.969	0.991	0.997	0.990	0.094	0.095	0.094	0.095	0.094	0.094	0.094	0.095	0.097	0.095	0.095	0.095	0.093
26:00:27	20.4	0.094	0.092	0.096	0.095	0.094	0.093	0.092	0.094	0.094	0.094	0.093	0.094	0.093	0.152	0.971	0.988	0.988	0.992	0.651	0.972	0.103	0.980	0.213	0.095	0.093	0.964	0.644	0.980	0.194	0.496	0.213	0.973	0.785	0.177	0.993	0.094	0.093	0.969	0.924	0.179	0.981	0.998	0.986	0.982	0.103	1.003	0.760	0.094	0.095	0.972	0.373	0.992	0.217	0.402	0.990	0.131	1.002	1.001	1.007	0.093	0.096	0.459	0.967	0.982	0.987	0.496	0.971	0.976	0.103	0.676	0.479	0.094	0.096	0.972	0.115	0.174	0.189	0.988	0.519	0.978	0.998	1.006	0.999	0.094	0.095	0.094	0.095	0.093	0.094	0.094	0.094	0.096	0.095	0.095	0.094	0.093
27:00:28	20.6	0.094	0.092	0.095	0.095	0.094	0.093	0.092	0.094	0.094	0.094	0.092	0.094	0.093	0.159	0.983	0.997	0.996	1.000	0.672	0.983	0.103	0.988	0.224	0.095	0.092	0.975	0.668	0.988	0.196	0.511	0.222	0.982	0.813	0.181	1.003	0.094	0.093	0.980	0.939	0.183	0.990	1.007	0.996	0.993	0.104	1.013	0.782	0.094	0.095	0.982	0.392	1.001	0.226	0.409	1.002	0.136	1.012	1.010	1.018	0.092	0.096	0.478	0.978	0.991	0.996	0.506	0.982	0.987	0.103	0.700	0.489	0.094	0.095	0.984	0.116	0.178	0.197	0.994	0.544	0.988	1.007	1.015	1.010	0.094	0.094	0.094	0.095	0.093	0.093	0.094	0.094	0.096	0.095	0.095	0.094	0.093
28:00:28	20.7	0.094	0.092	0.096	0.095	0.095	0.093	0.092	0.093	0.094	0.094	0.092	0.094	0.093	0.165	1.013	1.023	1.022	1.025	0.710	1.011	0.103	1.011	0.246	0.095	0.093	1.004	0.706	1.013	0.202	0.540	0.236	1.005	0.855	0.186	1.026	0.095	0.093	1.010	0.971	0.188	1.017	1.033	1.024	1.014	0.104	1.036	0.818	0.095	0.096	1.014	0.417	1.029	0.238	0.435	1.028	0.143	1.032	1.033	1.039	0.093	0.096	0.506	1.006	1.016	1.019	0.537	1.006	1.010	0.104	0.737	0.520	0.094	0.097	1.011	0.117	0.182	0.204	1.018	0.575	1.013	1.030	1.034	1.034	0.094	0.095	0.094	0.095	0.093	0.093	0.094	0.094	0.096	0.095	0.094	0.094	0.093
29:00:28	20.7	0.094	0.092	0.096	0.095	0.095	0.094	0.092	0.093	0.094	0.094	0.093	0.094	0.093	0.173	1.025	1.029	1.028	1.031	0.735	1.020	0.104	1.018	0.265	0.095	0.092	1.016	0.732	1.018	0.211	0.560	0.249	1.014	0.882	0.193	1.035	0.095	0.093	1.019	0.983	0.192	1.023	1.040	1.033	1.024	0.105	1.044	0.841	0.094	0.096	1.023	0.442	1.037	0.253	0.448	1.037	0.147	1.040	1.039	1.047	0.093	0.096	0.529	1.015	1.024	1.025	0.555	1.015	1.021	0.104	0.762	0.536	0.094	0.097	1.020	0.119	0.187	0.211	1.027	0.603	1.023	1.037	1.041	1.043	0.094	0.095	0.094	0.095	0.093	0.093	0.094	0.094	0.096	0.095	0.095	0.095	0.093
30:00:29	20.6	0.094	0.092	0.096	0.095	0.095	0.093	0.092	0.094	0.094	0.095	0.093	0.094	0.093	0.182	1.038	1.037	1.037	1.039	0.764	1.030	0.104	1.027	0.289	0.095	0.093	1.029	0.760	1.027	0.223	0.584	0.263	1.024	0.911	0.207	1.046	0.095	0.093	1.032	0.998	0.197	1.030	1.049	1.044	1.034	0.106	1.051	0.866	0.095	0.095	1.036	0.468	1.047	0.269	0.468	1.047	0.153	1.047	1.045	1.056	0.093	0.096	0.556	1.027	1.031	1.032	0.579	1.024	1.031	0.104	0.791	0.559	0.094	0.097	1.033	0.121	0.195	0.223	1.034	0.633	1.032	1.047	1.049	1.052	0.094	0.095	0.094	0.095	0.093	0.094	0.094	0.094	0.096	0.095	0.095	0.094	0.093
31:00:30	20.5	0.094	0.092	0.096	0.095	0.095	0.094	0.092	0.094	0.094	0.095	0.093	0.094	0.093	0.192	1.044	1.041	1.042	1.044	0.790	1.038	0.105	1.031	0.311	0.095	0.093	1.036	0.788	1.029	0.242	0.605	0.277	1.028	0.936	0.231	1.049	0.095	0.093	1.039	1.007	0.205	1.033	1.053	1.050	1.039	0.108	1.054	0.889	0.095	0.095	1.044	0.495	1.051	0.285	0.484	1.052	0.160	1.050	1.046	1.060	0.093	0.096	0.583	1.034	1.036	1.035	0.600	1.030	1.036	0.104	0.816	0.577	0.094	0.096	1.043	0.124	0.204	0.236	1.039	0.660	1.040	1.051	1.053	1.057	0.094	0.094	0.094	0.095	0.093	0.094	0.094	0.094	0.097	0.095	0.095	0.095	0.093
32:00:32	20.3	0.094	0.093	0.097	0.096	0.095	0.094	0.093	0.094	0.094	0.095	0.093	0.094	0.093	0.206	1.047	1.045	1.044	1.044	0.813	1.040	0.107	1.033	0.329	0.095	0.093	1.041	0.811	1.030	0.259	0.627	0.291	1.028	0.957	0.257	1.051	0.095	0.094	1.042	1.015	0.216	1.033	1.053	1.052	1.040	0.112	1.055	0.910	0.095	0.096	1.047	0.520	1.053	0.300	0.499	1.054	0.167	1.049	1.048	1.061	0.093	0.097	0.604	1.037	1.037	1.036	0.621	1.031	1.039	0.104	0.839	0.592	0.094	0.097	1.046	0.127	0.215	0.253	1.039	0.688	1.042	1.051	1.054	1.061	0.094	0.095	0.094	0.096	0.094	0.094	0.094	0.095	0.096	0.095	0.095	0.095	0.093
33:00:32	20.2	0.094	0.093	0.096	0.096	0.095	0.094	0.093	0.094	0.094	0.095	0.093	0.095	0.093	0.226	1.053	1.050	1.049	1.049	0.838	1.044	0.110	1.040	0.345	0.095	0.093	1.049	0.835	1.035	0.273	0.651	0.306	1.032	0.979	0.281	1.059	0.095	0.093	1.051	1.025	0.230	1.036	1.055	1.055	1.040	0.120	1.061	0.935	0.095	0.096	1.054	0.547	1.057	0.314	0.517	1.056	0.177	1.052	1.051	1.067	0.093	0.097	0.629	1.045	1.042	1.039	0.646	1.034	1.044	0.104	0.864	0.612	0.094	0.098	1.061	0.130	0.230	0.269	1.049	0.717	1.051	1.057	1.062	1.071	0.094	0.095	0.094	0.096	0.094	0.094	0.094	0.095	0.097	0.096	0.095	0.095	0.093
34:00:34	20.0	0.094	0.092	0.096	0.096	0.095	0.094	0.093	0.094	0.094	0.094	0.092	0.094	0.093	0.248	1.058	1.052	1.052	1.048	0.859	1.045	0.114	1.041	0.356	0.095	0.093	1.054	0.857	1.036	0.284	0.672	0.319	1.031	0.993	0.298	1.062	0.095	0.093	1.055	1.026	0.243	1.036	1.057	1.056	1.041	0.131	1.061	0.952	0.095	0.095	1.058	0.571	1.060	0.327	0.532	1.057	0.193	1.052	1.050	1.070	0.092	0.096	0.650	1.050	1.043	1.040	0.666	1.035	1.046	0.104	0.884	0.626	0.094	0.097	1.067	0.133	0.243	0.283	1.053	0.740	1.056	1.059	1.064	1.076	0.094	0.095	0.094	0.095	0.093	0.094	0.094	0.094	0.096	0.095	0.095	0.095	0.093
35:00:43	19.9	0.094	0.092	0.096	0.095	0.095	0.094	0.093	0.094	0.094	0.094	0.093	0.094	0.093	0.265	1.061	1.054	1.053	1.049	0.881	1.047	0.119	1.043	0.368	0.095	0.093	1.063	0.877	1.036	0.296	0.695	0.334	1.030	1.009	0.312	1.063	0.095	0.093	1.063	1.029	0.258	1.035	1.058	1.059	1.043	0.150	1.061	0.968	0.094	0.096	1.065	0.594	1.063	0.340	0.546	1.059	0.224	1.052	1.047	1.071	0.093	0.096	0.672	1.056	1.045	1.040	0.689	1.037	1.050	0.104	0.904	0.643	0.094	0.096	1.074	0.137	0.258	0.298	1.055	0.765	1.060	1.061	1.063	1.078	0.094	0.095	0.094	0.095	0.093	0.094	0.094	0.095	0.096	0.095	0.095	0.095	0.093
36:00:35	20.0	0.094	0.092	0.096	0.096	0.095	0.094	0.093	0.094	0.094	0.094	0.093	0.094	0.093	0.282	1.066	1.053	1.054	1.048	0.901	1.050	0.129	1.043	0.376	0.095	0.093	1.069	0.896	1.036	0.310	0.718	0.348	1.030	1.022	0.325	1.063	0.095	0.094	1.067	1.034	0.273	1.034	1.055	1.060	1.043	0.172	1.058	0.983	0.095	0.096	1.069	0.615	1.063	0.354	0.564	1.058	0.263	1.049	1.043	1.069	0.093	0.097	0.694	1.062	1.046	1.039	0.712	1.038	1.052	0.104	0.923	0.661	0.094	0.097	1.081	0.141	0.272	0.314	1.058	0.790	1.064	1.059	1.061	1.079	0.094	0.095	0.094	0.096	0.094	0.093	0.094	0.095	0.096	0.096	0.095	0.095	0.093
37:00:36	19.9	0.094	0.093	0.096	0.095	0.095	0.094	0.093	0.094	0.094	0.094	0.093	0.094	0.093	0.295	1.075	1.064	1.061	1.057	0.909	1.053	0.143	1.045	0.377	0.095	0.093	1.075	0.909	1.047	0.313	0.730	0.348	1.035	1.024	0.325	1.069	0.095	0.093	1.073	1.041	0.279	1.042	1.065	1.067	1.050	0.190	1.057	0.992	0.094	0.096	1.072	0.626	1.072	0.358	0.568	1.067	0.291	1.054	1.044	1.075	0.093	0.097	0.707	1.067	1.056	1.048	0.723	1.045	1.057	0.105	0.934	0.673	0.094	0.098	1.084	0.144	0.281	0.319	1.063	0.806	1.070	1.067	1.066	1.084	0.094	0.095	0.094	0.095	0.094	0.094	0.094	0.095	0.096	0.096	0.095	0.095	0.094
38:00:37	20.0	0.095	0.093	0.097	0.096	0.095	0.094	0.093	0.094	0.094	0.095	0.093	0.095	0.093	0.318	1.068	1.050	1.049	1.042	0.932	1.045	0.161	1.034	0.392	0.096	0.093	1.074	0.931	1.033	0.329	0.757	0.366	1.021	1.039	0.340	1.057	0.095	0.094	1.069	1.042	0.291	1.026	1.048	1.057	1.037	0.208	1.047	1.006	0.095	0.096	1.070	0.655	1.061	0.375	0.589	1.053	0.316	1.037	1.028	1.061	0.093	0.097	0.736	1.064	1.041	1.028	0.750	1.032	1.049	0.105	0.952	0.698	0.094	0.097	1.087	0.150	0.296	0.334	1.051	0.835	1.064	1.054	1.052	1.075	0.094	0.095	0.094	0.096	0.094	0.094	0.094	0.095	0.097	0.096	0.095	0.095	0.094
39:00:38	20.0	0.094	0.093	0.096	0.096	0.095	0.094	0.093	0.094	0.094	0.094	0.093	0.094	0.093	0.339	1.062	1.037	1.038	1.027	0.948	1.034	0.175	1.021	0.405	0.095	0.093	1.069	0.948	1.020	0.345	0.779	0.380	1.007	1.045	0.351	1.047	0.095	0.093	1.062	1.042	0.302	1.009	1.034	1.048	1.026	0.238	1.033	1.019	0.095	0.096	1.064	0.679	1.052	0.389	0.608	1.040	0.333	1.022	1.011	1.049	0.093	0.096	0.757	1.059	1.029	1.016	0.771	1.021	1.043	0.105	0.965	0.719	0.094	0.096	1.082	0.155	0.312	0.346	1.042	0.857	1.056	1.042	1.039	1.066	0.094	0.095	0.094	0.095	0.094	0.094	0.094	0.094	0.096	0.095	0.095	0.095	0.093
40:00:38	19.9	0.094	0.092	0.096	0.096	0.095	0.094	0.093	0.094	0.094	0.095	0.093	0.094	0.093	0.355	1.057	1.026	1.024	1.012	0.963	1.022	0.185	1.007	0.414	0.095	0.093	1.064	0.963	1.006	0.357	0.799	0.391	0.995	1.048	0.361	1.035	0.095	0.094	1.055	1.041	0.310	0.990	1.018	1.040	1.013	0.263	1.015	1.028	0.095	0.096	1.057	0.701	1.043	0.400	0.622	1.029	0.349	1.006	0.993	1.034	0.093	0.096	0.780	1.052	1.016	1.000	0.792	1.009	1.033	0.105	0.976	0.740	0.094	0.097	1.077	0.161	0.320	0.354	1.032	0.878	1.049	1.028	1.024	1.056	0.095	0.095	0.094	0.096	0.093	0.093	0.094	0.095	0.097	0.095	0.095	0.095	0.093
41:00:42	19.9	0.094	0.093	0.096	0.096	0.095	0.094	0.093	0.094	0.094	0.095	0.093	0.095	0.094	0.374	1.048	1.010	1.010	0.993	0.978	1.007	0.206	0.990	0.427	0.096	0.093	1.056	0.980	0.990	0.370	0.817	0.400	0.980	1.049	0.369	1.019	0.095	0.094	1.046	1.037	0.320	0.972	1.000	1.024	0.996	0.297	0.994	1.027	0.095	0.096	1.048	0.719	1.027	0.408	0.637	1.011	0.367	0.988	0.972	1.016	0.093	0.097	0.798	1.046	1.002	0.985	0.810	0.996	1.022	0.106	0.983	0.756	0.094	0.098	1.068	0.170	0.330	0.361	1.020	0.897	1.038	1.013	1.007	1.041	0.095	0.095	0.094	0.096	0.094	0.094	0.094	0.095	0.097	0.096	0.095	0.095	0.094
42:00:41	19.8	0.094	0.093	0.096	0.096	0.095	0.094	0.093	0.094	0.094	0.095	0.093	0.095	0.093	0.390	1.037	0.992	0.992	0.974	0.993	0.992	0.228	0.971	0.435	0.095	0.093	1.050	0.997	0.972	0.377	0.837	0.409	0.965	1.053	0.379	1.002	0.095	0.093	1.036	1.032	0.330	0.954	0.981	1.007	0.981	0.333	0.977	1.021	0.095	0.096	1.040	0.738	1.009	0.417	0.650	0.993	0.386	0.972	0.956	0.997	0.093	0.097	0.817	1.039	0.984	0.965	0.828	0.980	1.010	0.107	0.985	0.775	0.094	0.098	1.063	0.178	0.336	0.370	1.007	0.915	1.029	0.996	0.990	1.028	0.094	0.095	0.094	0.095	0.094	0.094	0.094	0.095	0.096	0.095	0.095	0.095	0.093
43:00:41	19.8	0.094	0.093	0.096	0.096	0.095	0.094	0.093	0.094	0.094	0.095	0.093	0.094	0.094	0.409	1.019	0.973	0.975	0.957	0.994	0.973	0.248	0.952	0.443	0.096	0.094	1.035	1.008	0.955	0.387	0.853	0.417	0.950	1.056	0.388	0.981	0.095	0.094	1.018	1.023	0.342	0.939	0.965	0.988	0.967	0.375	0.962	1.008	0.095	0.096	1.023	0.756	0.991	0.427	0.664	0.975	0.404	0.960	0.944	0.978	0.093	0.097	0.837	1.026	0.966	0.948	0.843	0.963	0.993	0.108	0.977	0.794	0.094	0.097	1.052	0.189	0.340	0.378	0.989	0.934	1.015	0.977	0.973	1.009	0.095	0.095	0.094	0.096	0.094	0.094	0.094	0.095	0.097	0.096	0.095	0.095	0.093
44:00:43	19.8	0.094	0.093	0.096	0.095	0.095	0.094	0.093	0.094	0.094	0.095	0.093	0.094	0.093	0.425	1.002	0.956	0.959	0.943	0.993	0.957	0.276	0.935	0.450	0.095	0.093	1.021	1.016	0.939	0.398	0.869	0.430	0.938	1.055	0.395	0.964	0.095	0.093	1.002	1.014	0.353	0.929	0.950	0.970	0.956	0.427	0.952	0.995	0.095	0.096	1.007	0.773	0.973	0.435	0.678	0.958	0.420	0.949	0.937	0.962	0.093	0.097	0.857	1.011	0.950	0.935	0.859	0.947	0.977	0.111	0.970	0.813	0.094	0.098	1.044	0.204	0.347	0.387	0.972	0.954	1.000	0.962	0.957	0.992	0.094	0.095	0.094	0.095	0.094	0.094	0.094	0.095	0.097	0.096	0.095	0.095	0.093
45:00:43	19.8	0.094	0.093	0.097	0.096	0.095	0.094	0.093	0.094	0.094	0.095	0.093	0.094	0.093	0.433	0.989	0.943	0.948	0.929	1.007	0.944	0.310	0.923	0.452	0.095	0.093	1.012	1.035	0.931	0.400	0.896	0.432	0.924	1.060	0.393	0.948	0.095	0.094	0.990	1.016	0.355	0.922	0.944	0.954	0.944	0.471	0.946	0.988	0.095	0.096	0.998	0.778	0.961	0.434	0.686	0.942	0.432	0.945	0.937	0.948	0.093	0.097	0.866	1.003	0.941	0.926	0.883	0.934	0.965	0.115	0.973	0.827	0.094	0.098	1.052	0.218	0.347	0.385	0.959	0.973	0.992	0.952	0.945	0.980	0.094	0.095	0.095	0.095	0.094	0.094	0.094	0.095	0.097	0.096	0.095	0.095	0.094
46:00:51	19.8	0.095	0.093	0.096	0.096	0.095	0.094	0.093	0.094	0.094	0.095	0.093	0.094	0.093	0.450	0.968	0.940	0.942	0.927	0.986	0.927	0.345	0.911	0.456	0.095	0.093	0.987	1.033	0.931	0.412	0.910	0.447	0.918	1.055	0.400	0.935	0.095	0.094	0.968	0.992	0.367	0.922	0.945	0.944	0.942	0.511	0.948	0.973	0.095	0.096	0.976	0.796	0.959	0.448	0.700	0.935	0.451	0.948	0.942	0.947	0.093	0.097	0.885	0.980	0.940	0.924	0.902	0.924	0.945	0.123	0.957	0.843	0.094	0.098	1.033	0.238	0.349	0.391	0.940	0.992	0.971	0.951	0.942	0.965	0.094	0.095	0.094	0.095	0.094	0.094	0.094	0.095	0.097	0.096	0.095	0.095	0.093
47:00:45	20.1	0.094	0.093	0.096	0.096	0.095	0.094	0.093	0.094	0.094	0.095	0.093	0.095	0.094	0.476	0.953	0.943	0.944	0.927	0.953	0.920	0.382	0.908	0.471	0.096	0.093	0.965	1.008	0.931	0.440	0.907	0.471	0.920	1.031	0.416	0.935	0.095	0.094	0.954	0.965	0.392	0.920	0.947	0.947	0.945	0.552	0.952	0.961	0.095	0.096	0.959	0.818	0.961	0.474	0.713	0.938	0.474	0.952	0.947	0.951	0.093	0.097	0.908	0.957	0.940	0.923	0.905	0.924	0.938	0.134	0.940	0.851	0.094	0.098	1.003	0.259	0.367	0.410	0.930	1.004	0.950	0.954	0.945	0.957	0.095	0.095	0.095	0.096	0.094	0.094	0.094	0.095	0.097	0.096	0.095	0.095	0.094
48:00:45	20.5	0.094	0.093	0.097	0.096	0.095	0.094	0.093	0.094	0.094	0.095	0.093	0.095	0.093	0.491	0.949	0.946	0.945	0.929	0.940	0.921	0.417	0.912	0.473	0.095	0.093	0.954	1.004	0.936	0.450	0.921	0.478	0.923	1.026	0.422	0.938	0.095	0.094	0.951	0.949	0.403	0.925	0.949	0.948	0.948	0.586	0.956	0.953	0.095	0.096	0.954	0.833	0.963	0.478	0.726	0.941	0.489	0.957	0.953	0.954	0.093	0.097	0.928	0.946	0.944	0.927	0.925	0.927	0.941	0.154	0.933	0.870	0.094	0.099	0.990	0.271	0.372	0.416	0.933	1.014	0.945	0.959	0.952	0.958	0.094	0.095	0.094	0.096	0.094	0.094	0.094	0.095	0.097	0.096	0.095	0.095	0.094
49:00:47	20.9	0.094	0.092	0.096	0.095	0.095	0.094	0.093	0.094	0.094	0.095	0.093	0.094	0.093	0.514	0.950	0.953	0.949	0.932	0.924	0.923	0.448	0.912	0.483	0.095	0.093	0.952	0.979	0.945	0.468	0.911	0.491	0.925	0.995	0.439	0.942	0.095	0.094	0.953	0.930	0.422	0.930	0.956	0.952	0.952	0.618	0.962	0.947	0.095	0.096	0.956	0.845	0.970	0.496	0.726	0.945	0.511	0.963	0.960	0.962	0.093	0.096	0.949	0.944	0.950	0.934	0.917	0.933	0.947	0.182	0.925	0.866	0.094	0.098	0.967	0.282	0.384	0.436	0.936	1.010	0.947	0.967	0.960	0.962	0.094	0.095	0.094	0.095	0.094	0.094	0.094	0.095	0.097	0.096	0.095	0.095	0.094
50:00:48	21.2	0.094	0.093	0.096	0.096	0.095	0.094	0.093	0.094	0.094	0.095	0.093	0.094	0.093	0.530	0.953	0.964	0.956	0.941	0.915	0.925	0.481	0.913	0.486	0.095	0.093	0.953	0.965	0.956	0.482	0.905	0.502	0.932	0.974	0.448	0.948	0.095	0.094	0.958	0.922	0.436	0.940	0.965	0.958	0.959	0.646	0.970	0.945	0.095	0.096	0.958	0.858	0.977	0.505	0.728	0.953	0.526	0.970	0.967	0.972	0.093	0.097	0.967	0.948	0.960	0.945	0.913	0.943	0.955	0.200	0.920	0.870	0.094	0.097	0.947	0.286	0.394	0.450	0.945	1.007	0.953	0.976	0.970	0.970	0.094	0.095	0.094	0.095	0.094	0.094	0.094	0.095	0.097	0.096	0.095	0.095	0.094
51:00:48	21.4	0.094	0.093	0.096	0.096	0.095	0.094	0.093	0.094	0.094	0.095	0.093	0.095	0.093	0.553	0.962	0.975	0.967	0.953	0.908	0.930	0.519	0.923	0.500	0.095	0.094	0.961	0.954	0.965	0.496	0.900	0.516	0.942	0.956	0.464	0.960	0.095	0.094	0.969	0.926	0.454	0.951	0.975	0.968	0.968	0.676	0.978	0.945	0.095	0.097	0.967	0.875	0.986	0.520	0.726	0.963	0.547	0.977	0.970	0.982	0.093	0.097	0.980	0.958	0.973	0.957	0.906	0.956	0.964	0.215	0.919	0.873	0.094	0.099	0.945	0.301	0.410	0.473	0.957	0.998	0.966	0.985	0.981	0.983	0.095	0.095	0.094	0.095	0.094	0.094	0.094	0.095	0.097	0.096	0.095	0.095	0.094
52:00:50	21.5	0.095	0.093	0.097	0.096	0.095	0.094	0.093	0.094	0.094	0.095	0.093	0.095	0.093	0.569	0.973	0.981	0.976	0.962	0.905	0.941	0.549	0.935	0.504	0.096	0.093	0.969	0.946	0.969	0.505	0.896	0.528	0.951	0.942	0.475	0.973	0.095	0.094	0.978	0.931	0.468	0.959	0.981	0.975	0.972	0.701	0.982	0.946	0.095	0.096	0.977	0.892	0.991	0.526	0.725	0.970	0.565	0.980	0.970	0.988	0.093	0.097	0.986	0.965	0.979	0.967	0.904	0.964	0.972	0.243	0.917	0.876	0.094	0.098	0.952	0.313	0.420	0.483	0.968	0.986	0.977	0.992	0.987	0.994	0.095	0.095	0.094	0.096	0.094	0.094	0.094	0.095	0.097	0.096	0.095	0.095	0.094
53:00:51	21.4	0.095	0.093	0.097	0.096	0.095	0.094	0.093	0.095	0.094	0.095	0.093	0.095	0.094	0.588	0.984	0.986	0.983	0.971	0.906	0.952	0.579	0.948	0.515	0.096	0.094	0.980	0.938	0.970	0.516	0.893	0.539	0.954	0.929	0.488	0.984	0.095	0.094	0.988	0.941	0.483	0.962	0.982	0.979	0.974	0.724	0.983	0.948	0.095	0.096	0.987	0.906	0.992	0.537	0.727	0.973	0.583	0.980	0.969	0.991	0.094	0.097	0.984	0.977	0.983	0.968	0.900	0.967	0.976	0.276	0.919	0.881	0.095	0.098	0.959	0.332	0.431	0.494	0.975	0.971	0.986	0.996	0.992	1.004	0.095	0.095	0.095	0.096	0.094	0.094	0.095	0.095	0.097	0.096	0.095	0.095	0.094
54:00:52	21.2	0.094	0.093	0.096	0.095	0.095	0.094	0.093	0.094	0.094	0.095	0.093	0.094	0.093	0.601	0.993	0.988	0.987	0.975	0.906	0.962	0.605	0.959	0.520	0.095	0.093	0.990	0.935	0.972	0.525	0.892	0.551	0.956	0.917	0.495	0.993	0.095	0.093	0.995	0.953	0.491	0.964	0.983	0.980	0.972	0.742	0.983	0.951	0.095	0.096	0.994	0.919	0.993	0.544	0.738	0.973	0.596	0.980	0.968	0.995	0.093	0.097	0.980	0.985	0.987	0.972	0.896	0.968	0.977	0.310	0.922	0.885	0.094	0.099	0.971	0.344	0.434	0.497	0.983	0.959	0.993	1.001	0.995	1.012	0.094	0.095	0.094	0.096	0.093	0.094	0.094	0.095	0.096	0.095	0.095	0.095	0.094
55:00:53	21.0	0.094	0.093	0.097	0.096	0.095	0.094	0.093	0.094	0.094	0.095	0.093	0.095	0.094	0.624	0.996	0.986	0.985	0.973	0.909	0.967	0.635	0.966	0.537	0.095	0.093	0.997	0.937	0.967	0.536	0.895	0.558	0.953	0.912	0.513	0.994	0.095	0.094	0.996	0.961	0.505	0.960	0.979	0.978	0.971	0.763	0.982	0.956	0.095	0.097	0.995	0.919	0.990	0.552	0.751	0.972	0.614	0.978	0.967	0.993	0.093	0.097	0.964	0.989	0.984	0.971	0.898	0.965	0.975	0.351	0.928	0.891	0.095	0.098	0.982	0.365	0.450	0.514	0.982	0.949	0.994	0.999	0.994	1.014	0.095	0.095	0.094	0.096	0.094	0.094	0.094	0.095	0.097	0.096	0.095	0.095	0.094
56:00:53	20.8	0.095	0.093	0.097	0.096	0.095	0.094	0.093	0.094	0.094	0.095	0.093	0.095	0.094	0.636	1.001	0.991	0.989	0.979	0.914	0.972	0.656	0.971	0.542	0.096	0.093	1.004	0.941	0.972	0.547	0.899	0.573	0.955	0.916	0.522	1.002	0.095	0.094	1.001	0.969	0.511	0.964	0.981	0.976	0.970	0.776	0.983	0.963	0.095	0.096	1.002	0.931	0.992	0.563	0.766	0.971	0.624	0.979	0.969	0.998	0.093	0.097	0.960	0.995	0.990	0.975	0.901	0.968	0.975	0.394	0.936	0.898	0.094	0.098	0.994	0.376	0.451	0.515	0.988	0.944	1.001	1.004	1.001	1.021	0.095	0.095	0.094	0.096	0.094	0.094	0.095	0.095	0.097	0.096	0.095	0.095	0.094
57:00:54	20.5	0.095	0.093	0.097	0.096	0.095	0.094	0.093	0.094	0.094	0.095	0.093	0.095	0.094	0.660	0.998	0.986	0.985	0.974	0.921	0.970	0.685	0.970	0.561	0.095	0.094	1.002	0.946	0.965	0.552	0.904	0.573	0.953	0.919	0.535	0.998	0.095	0.093	0.996	0.966	0.521	0.959	0.977	0.973	0.969	0.795	0.983	0.973	0.095	0.096	0.996	0.929	0.987	0.568	0.784	0.968	0.639	0.977	0.966	0.994	0.093	0.097	0.953	0.990	0.983	0.969	0.906	0.962	0.972	0.438	0.944	0.908	0.094	0.098	1.001	0.406	0.479	0.532	0.983	0.941	0.995	0.999	0.998	1.019	0.095	0.095	0.094	0.096	0.094	0.094	0.094	0.095	0.097	0.096	0.095	0.095	0.094
58:00:55	20.3	0.094	0.093	0.097	0.096	0.095	0.094	0.093	0.094	0.095	0.095	0.093	0.095	0.094	0.677	0.999	0.986	0.985	0.975	0.929	0.971	0.709	0.972	0.574	0.096	0.094	1.004	0.955	0.966	0.561	0.909	0.579	0.955	0.927	0.547	1.000	0.095	0.094	0.997	0.966	0.530	0.959	0.976	0.972	0.969	0.808	0.982	0.984	0.095	0.096	0.997	0.932	0.987	0.575	0.803	0.967	0.650	0.977	0.967	0.994	0.093	0.097	0.952	0.991	0.983	0.968	0.914	0.962	0.972	0.478	0.956	0.919	0.094	0.099	1.008	0.432	0.494	0.543	0.987	0.945	0.995	1.000	0.999	1.022	0.095	0.095	0.095	0.096	0.094	0.094	0.095	0.095	0.097	0.096	0.095	0.095	0.094
59:00:56	20.2	0.095	0.093	0.096	0.096	0.095	0.094	0.093	0.094	0.095	0.095	0.093	0.095	0.094	0.691	1.002	0.988	0.988	0.975	0.942	0.973	0.729	0.975	0.585	0.096	0.094	1.006	0.965	0.966	0.570	0.920	0.585	0.954	0.940	0.558	1.003	0.095	0.094	0.999	0.966	0.539	0.959	0.976	0.972	0.969	0.819	0.983	0.995	0.095	0.097	0.999	0.937	0.988	0.583	0.825	0.968	0.656	0.977	0.968	0.995	0.093	0.097	0.953	0.993	0.985	0.970	0.925	0.962	0.973	0.511	0.967	0.931	0.095	0.098	1.015	0.453	0.506	0.556	0.986	0.951	0.996	1.002	1.001	1.024	0.095	0.095	0.095	0.096	0.094	0.094	0.095	0.095	0.097	0.096	0.095	0.095	0.094
60:00:57	20.1	0.095	0.093	0.096	0.096	0.095	0.094	0.093	0.095	0.095	0.095	0.093	0.095	0.094	0.703	1.004	0.989	0.989	0.978	0.953	0.974	0.745	0.977	0.595	0.096	0.094	1.007	0.975	0.965	0.580	0.928	0.590	0.953	0.949	0.567	1.005	0.095	0.094	1.001	0.966	0.549	0.958	0.976	0.972	0.968	0.829	0.983	1.003	0.095	0.097	1.001	0.944	0.987	0.591	0.847	0.967	0.660	0.976	0.970	0.996	0.094	0.097	0.957	0.993	0.985	0.970	0.936	0.961	0.973	0.540	0.976	0.942	0.095	0.099	1.017	0.471	0.515	0.562	0.987	0.960	0.998	1.003	1.003	1.027	0.095	0.095	0.095	0.096	0.094	0.094	0.094	0.095	0.097	0.096	0.095	0.095	0.094
61:00:58	20.1	0.095	0.093	0.096	0.096	0.095	0.094	0.093	0.094	0.094	0.095	0.093	0.095	0.094	0.720	1.006	0.991	0.990	0.977	0.965	0.976	0.769	0.980	0.610	0.096	0.094	1.010	0.983	0.967	0.586	0.940	0.594	0.955	0.955	0.579	1.007	0.095	0.094	1.004	0.967	0.558	0.958	0.975	0.973	0.969	0.838	0.985	1.012	0.095	0.097	1.003	0.951	0.988	0.599	0.868	0.969	0.660	0.978	0.968	0.999	0.093	0.097	0.965	0.995	0.988	0.972	0.948	0.963	0.974	0.567	0.984	0.957	0.095	0.099	1.023	0.499	0.534	0.581	0.993	0.972	1.002	1.006	1.008	1.031	0.095	0.095	0.094	0.096	0.094	0.094	0.094	0.095	0.097	0.096	0.095	0.095	0.094
62:00:59	20.1	0.095	0.093	0.096	0.096	0.095	0.094	0.093	0.094	0.094	0.095	0.093	0.095	0.094	0.729	1.006	0.991	0.990	0.978	0.974	0.977	0.781	0.982	0.621	0.095	0.094	1.010	0.989	0.966	0.593	0.950	0.601	0.953	0.958	0.588	1.009	0.095	0.094	1.003	0.965	0.567	0.959	0.973	0.971	0.969	0.843	0.984	1.018	0.095	0.097	1.004	0.959	0.987	0.608	0.882	0.966	0.660	0.977	0.969	0.999	0.093	0.097	0.973	0.995	0.987	0.971	0.957	0.962	0.973	0.590	0.989	0.968	0.094	0.099	1.024	0.513	0.539	0.586	0.990	0.980	1.001	1.006	1.006	1.032	0.095	0.095	0.094	0.096	0.094	0.094	0.094	0.095	0.097	0.096	0.095	0.095	0.094
63:01:00	20.1	0.095	0.093	0.096	0.096	0.095	0.094	0.093	0.094	0.094	0.095	0.093	0.095	0.093	0.741	1.008	0.993	0.990	0.978	0.982	0.976	0.794	0.982	0.633	0.095	0.093	1.011	0.994	0.965	0.599	0.957	0.607	0.952	0.958	0.596	1.009	0.095	0.094	1.004	0.967	0.573	0.956	0.974	0.970	0.967	0.849	0.985	1.022	0.095	0.096	1.005	0.967	0.986	0.616	0.897	0.965	0.660	0.975	0.968	1.000	0.093	0.097	0.984	0.994	0.987	0.971	0.967	0.961	0.972	0.610	0.993	0.978	0.094	0.099	1.025	0.529	0.549	0.597	0.991	0.989	1.002	1.006	1.007	1.034	0.095	0.095	0.094	0.096	0.094	0.094	0.094	0.095	0.096	0.096	0.095	0.095	0.094
64:01:01	20.1	0.094	0.093	0.096	0.095	0.095	0.094	0.093	0.094	0.094	0.095	0.093	0.094	0.093	0.758	1.011	0.994	0.991	0.980	0.992	0.979	0.812	0.986	0.649	0.096	0.093	1.014	0.999	0.967	0.606	0.969	0.617	0.954	0.960	0.606	1.013	0.095	0.093	1.006	0.968	0.584	0.959	0.974	0.971	0.968	0.855	0.986	1.027	0.095	0.096	1.008	0.976	0.988	0.626	0.911	0.966	0.661	0.976	0.971	1.003	0.093	0.097	0.997	0.998	0.990	0.975	0.976	0.963	0.974	0.629	0.998	0.991	0.094	0.098	1.031	0.548	0.563	0.611	0.995	0.997	1.006	1.010	1.011	1.039	0.094	0.094	0.094	0.095	0.094	0.094	0.094	0.094	0.096	0.095	0.095	0.095	0.093
65:01:03	20.1	0.094	0.093	0.096	0.096	0.095	0.094	0.093	0.094	0.094	0.095	0.093	0.094	0.093	0.770	1.012	0.996	0.992	0.982	0.999	0.980	0.829	0.987	0.662	0.096	0.093	1.015	1.002	0.969	0.613	0.976	0.627	0.954	0.960	0.611	1.015	0.095	0.093	1.009	0.968	0.591	0.960	0.973	0.971	0.968	0.860	0.986	1.031	0.095	0.096	1.008	0.979	0.988	0.634	0.921	0.966	0.660	0.978	0.971	1.004	0.093	0.097	1.008	0.998	0.991	0.975	0.982	0.963	0.975	0.649	1.001	1.000	0.094	0.098	1.035	0.570	0.575	0.622	0.997	1.000	1.006	1.011	1.013	1.041	0.094	0.095	0.094	0.095	0.094	0.094	0.094	0.095	0.096	0.095	0.095	0.095	0.094
66:01:02	20.1	0.095	0.093	0.096	0.095	0.095	0.094	0.093	0.094	0.094	0.095	0.093	0.094	0.094	0.784	1.014	0.999	0.995	0.984	1.006	0.984	0.842	0.990	0.672	0.096	0.093	1.018	1.004	0.970	0.623	0.983	0.641	0.955	0.960	0.621	1.019	0.095	0.093	1.011	0.970	0.601	0.960	0.975	0.971	0.969	0.861	0.988	1.035	0.095	0.096	1.011	0.981	0.989	0.646	0.929	0.967	0.666	0.977	0.973	1.007	0.093	0.097	1.019	1.001	0.994	0.977	0.987	0.965	0.976	0.663	1.004	1.009	0.094	0.099	1.040	0.582	0.583	0.631	1.001	1.006	1.010	1.015	1.015	1.045	0.094	0.095	0.094	0.096	0.094	0.094	0.094	0.095	0.097	0.095	0.095	0.095	0.094
67:01:04	20.1	0.095	0.093	0.096	0.096	0.095	0.094	0.093	0.094	0.094	0.095	0.093	0.095	0.094	0.795	1.019	1.002	0.999	0.987	1.012	0.985	0.846	0.993	0.681	0.096	0.093	1.022	1.007	0.973	0.634	0.988	0.657	0.955	0.963	0.630	1.024	0.095	0.093	1.015	0.973	0.612	0.962	0.975	0.969	0.966	0.864	0.989	1.039	0.095	0.097	1.017	0.983	0.990	0.657	0.935	0.965	0.673	0.976	0.974	1.010	0.093	0.097	1.029	1.005	0.998	0.981	0.992	0.968	0.977	0.675	1.007	1.017	0.094	0.099	1.044	0.591	0.592	0.640	1.003	1.011	1.013	1.017	1.018	1.049	0.095	0.095	0.094	0.096	0.094	0.094	0.094	0.095	0.097	0.096	0.095	0.095	0.094
68:01:05	20.2	0.095	0.093	0.096	0.095	0.095	0.094	0.093	0.094	0.094	0.095	0.093	0.094	0.094	0.808	1.022	1.004	0.999	0.988	1.016	0.987	0.859	0.995	0.690	0.096	0.093	1.023	1.007	0.975	0.644	0.991	0.675	0.954	0.963	0.636	1.025	0.095	0.094	1.018	0.972	0.618	0.962	0.975	0.969	0.966	0.869	0.989	1.042	0.095	0.096	1.019	0.982	0.990	0.666	0.940	0.964	0.679	0.976	0.975	1.012	0.093	0.097	1.033	1.007	0.999	0.982	0.995	0.969	0.978	0.687	1.009	1.022	0.094	0.099	1.047	0.608	0.604	0.650	1.005	1.013	1.016	1.020	1.020	1.051	0.095	0.095	0.094	0.096	0.094	0.094	0.094	0.095	0.097	0.096	0.095	0.095	0.094
69:01:05	20.3	0.095	0.093	0.096	0.095	0.095	0.094	0.093	0.094	0.094	0.095	0.093	0.095	0.094	0.818	1.019	1.001	0.998	0.987	1.015	0.986	0.868	0.993	0.696	0.095	0.093	1.020	1.006	0.971	0.651	0.988	0.691	0.954	0.960	0.639	1.024	0.095	0.094	1.014	0.970	0.624	0.960	0.974	0.968	0.966	0.875	0.988	1.041	0.095	0.096	1.015	0.979	0.988	0.678	0.939	0.964	0.686	0.975	0.974	1.011	0.093	0.097	1.033	1.004	0.996	0.980	0.994	0.966	0.977	0.701	1.007	1.023	0.094	0.099	1.046	0.626	0.615	0.658	1.004	1.011	1.013	1.019	1.020	1.052	0.095	0.095	0.094	0.096	0.094	0.094	0.094	0.095	0.096	0.096	0.095	0.095	0.094
70:01:10	20.7	0.095	0.093	0.096	0.095	0.095	0.094	0.093	0.094	0.094	0.095	0.093	0.094	0.093	0.845	1.029	1.011	1.006	0.993	1.024	0.994	0.877	1.000	0.710	0.095	0.093	1.030	1.014	0.979	0.668	0.996	0.711	0.954	0.964	0.653	1.032	0.095	0.093	1.025	0.979	0.635	0.966	0.977	0.968	0.965	0.883	0.991	1.047	0.094	0.096	1.026	0.984	0.993	0.694	0.944	0.965	0.699	0.975	0.978	1.017	0.093	0.096	1.038	1.015	1.005	0.989	1.000	0.974	0.982	0.708	1.013	1.032	0.094	0.098	1.056	0.634	0.625	0.674	1.011	1.017	1.023	1.027	1.027	1.060	0.094	0.095	0.094	0.096	0.094	0.094	0.094	0.094	0.096	0.095	0.095	0.095	0.093
71:01:10	21.1	0.095	0.093	0.096	0.096	0.095	0.094	0.093	0.094	0.094	0.095	0.093	0.095	0.094	0.848	1.017	1.000	0.995	0.983	1.014	0.986	0.884	0.994	0.704	0.096	0.093	1.018	1.003	0.968	0.676	0.982	0.714	0.950	0.956	0.650	1.022	0.095	0.093	1.012	0.968	0.635	0.956	0.971	0.964	0.962	0.881	0.986	1.039	0.095	0.096	1.013	0.976	0.985	0.699	0.936	0.960	0.702	0.973	0.972	1.009	0.093	0.097	1.034	1.002	0.993	0.977	0.988	0.964	0.975	0.719	1.004	1.023	0.094	0.098	1.046	0.654	0.636	0.678	1.001	1.008	1.010	1.018	1.019	1.052	0.095	0.095	0.094	0.096	0.094	0.094	0.094	0.095	0.097	0.095	0.095	0.095	0.094
72:01:08	21.6	0.095	0.092	0.096	0.095	0.095	0.094	0.093	0.094	0.094	0.094	0.093	0.094	0.093	0.869	1.027	1.006	1.000	0.989	1.016	0.991	0.902	0.998	0.717	0.095	0.093	1.023	1.007	0.972	0.691	0.988	0.728	0.949	0.958	0.667	1.029	0.095	0.093	1.019	0.974	0.643	0.960	0.971	0.963	0.959	0.884	0.986	1.042	0.094	0.096	1.020	0.976	0.987	0.708	0.937	0.958	0.715	0.971	0.975	1.014	0.093	0.097	1.034	1.010	1.000	0.984	0.993	0.969	0.978	0.722	1.007	1.030	0.094	0.098	1.052	0.660	0.645	0.694	1.007	1.011	1.018	1.023	1.025	1.058	0.094	0.095	0.094	0.095	0.093	0.094	0.094	0.094	0.097	0.095	0.094	0.095	0.094

