Time	T° 600	A1	A2	A3	A4	A5	A6	A7	A8	A9	A10	A11	A12	B1	B2	B3	B4	B5	B6	B7	B8	B9	B10	B11	B12	C1	C2	C3	C4	C5	C6	C7	C8	C9	C10	C11	C12	D1	D2	D3	D4	D5	D6	D7	D8	D9	D10	D11	D12	E1	E2	E3	E4	E5	E6	E7	E8	E9	E10	E11	E12	F1	F2	F3	F4	F5	F6	F7	F8	F9	F10	F11	F12	G1	G2	G3	G4	G5	G6	G7	G8	G9	G10	G11	G12	H1	H2	H3	H4	H5	H6	H7	H8	H9	H10	H11	H12
0:00:06	20.4	0.092	0.092	0.094	0.092	0.092	0.091	0.092	0.092	0.091	0.092	0.093	0.092	0.091	0.234	0.229	0.179	0.174	0.107	0.192	0.135	0.131	0.156	0.173	0.091	0.093	0.162	0.167	0.182	0.206	0.112	0.161	0.160	0.150	0.186	0.100	0.091	0.092	0.173	0.200	0.196	0.097	0.153	0.150	0.180	0.170	0.098	0.102	0.092	0.093	0.218	0.205	0.100	0.100	0.109	0.167	0.184	0.107	0.205	0.137	0.093	0.092	0.197	0.113	0.261	0.196	0.162	0.099	0.107	0.109	0.138	0.186	0.091	0.094	0.102	0.115	0.193	0.205	0.171	0.172	0.174	0.152	0.154	0.103	0.090	0.095	0.104	0.096	0.094	0.094	0.093	0.092	0.094	0.092	0.093	0.095	0.091
1:00:04	20.2	0.092	0.093	0.094	0.093	0.093	0.092	0.092	0.092	0.091	0.092	0.093	0.092	0.091	0.240	0.237	0.185	0.180	0.110	0.195	0.140	0.135	0.162	0.180	0.091	0.093	0.167	0.172	0.188	0.214	0.115	0.166	0.165	0.154	0.192	0.102	0.091	0.092	0.178	0.205	0.203	0.098	0.156	0.155	0.186	0.174	0.099	0.104	0.092	0.092	0.223	0.213	0.101	0.100	0.112	0.173	0.187	0.109	0.209	0.141	0.093	0.092	0.199	0.117	0.270	0.202	0.167	0.100	0.109	0.112	0.142	0.194	0.092	0.094	0.104	0.120	0.197	0.214	0.178	0.177	0.180	0.157	0.159	0.107	0.091	0.094	0.100	0.096	0.094	0.094	0.093	0.093	0.094	0.093	0.094	0.095	0.096
2:00:06	20.1	0.092	0.093	0.094	0.093	0.093	0.092	0.095	0.092	0.091	0.092	0.093	0.092	0.091	0.247	0.244	0.191	0.186	0.114	0.201	0.145	0.140	0.167	0.187	0.092	0.093	0.172	0.177	0.198	0.222	0.120	0.172	0.171	0.161	0.199	0.103	0.092	0.092	0.184	0.213	0.208	0.099	0.161	0.162	0.193	0.180	0.100	0.107	0.093	0.092	0.227	0.222	0.102	0.102	0.117	0.179	0.194	0.113	0.217	0.147	0.093	0.092	0.201	0.121	0.278	0.210	0.173	0.101	0.113	0.117	0.146	0.202	0.092	0.094	0.107	0.125	0.203	0.220	0.185	0.185	0.187	0.163	0.165	0.110	0.091	0.094	0.101	0.096	0.094	0.094	0.093	0.093	0.094	0.093	0.094	0.096	0.100
3:00:07	20.0	0.092	0.093	0.094	0.093	0.092	0.092	0.095	0.092	0.092	0.092	0.093	0.092	0.092	0.253	0.250	0.197	0.191	0.118	0.207	0.153	0.145	0.172	0.196	0.091	0.093	0.177	0.184	0.200	0.228	0.125	0.178	0.178	0.168	0.207	0.104	0.092	0.092	0.189	0.221	0.213	0.100	0.167	0.168	0.198	0.187	0.102	0.110	0.092	0.091	0.231	0.230	0.104	0.103	0.122	0.185	0.201	0.118	0.224	0.152	0.093	0.092	0.203	0.126	0.286	0.216	0.180	0.103	0.119	0.123	0.152	0.209	0.092	0.094	0.110	0.131	0.208	0.226	0.191	0.191	0.195	0.170	0.172	0.114	0.091	0.094	0.100	0.096	0.094	0.094	0.093	0.093	0.094	0.093	0.093	0.095	0.101
4:00:08	19.9	0.092	0.092	0.094	0.093	0.092	0.092	0.095	0.092	0.092	0.092	0.093	0.092	0.092	0.259	0.256	0.203	0.198	0.125	0.214	0.160	0.151	0.180	0.203	0.092	0.093	0.182	0.189	0.206	0.235	0.130	0.185	0.184	0.174	0.216	0.107	0.092	0.092	0.196	0.227	0.219	0.102	0.173	0.174	0.205	0.193	0.105	0.114	0.093	0.092	0.234	0.236	0.106	0.107	0.127	0.192	0.207	0.125	0.232	0.159	0.093	0.092	0.203	0.133	0.293	0.222	0.187	0.107	0.125	0.130	0.158	0.218	0.092	0.094	0.115	0.137	0.214	0.232	0.203	0.197	0.202	0.176	0.178	0.120	0.091	0.094	0.101	0.096	0.094	0.093	0.093	0.092	0.095	0.093	0.093	0.095	0.102
5:00:10	19.8	0.092	0.093	0.095	0.093	0.093	0.092	0.095	0.092	0.092	0.092	0.093	0.092	0.092	0.266	0.262	0.210	0.204	0.134	0.221	0.166	0.159	0.188	0.212	0.092	0.094	0.188	0.195	0.213	0.242	0.137	0.190	0.191	0.182	0.223	0.111	0.092	0.092	0.202	0.233	0.225	0.106	0.180	0.180	0.213	0.201	0.110	0.120	0.093	0.092	0.241	0.242	0.111	0.112	0.134	0.199	0.214	0.133	0.239	0.166	0.093	0.092	0.209	0.141	0.301	0.230	0.194	0.113	0.133	0.137	0.164	0.227	0.092	0.094	0.123	0.145	0.221	0.239	0.210	0.205	0.209	0.183	0.185	0.128	0.091	0.094	0.102	0.096	0.094	0.093	0.093	0.093	0.095	0.093	0.094	0.096	0.094
6:00:10	19.7	0.092	0.093	0.095	0.093	0.093	0.092	0.095	0.092	0.092	0.092	0.093	0.092	0.092	0.274	0.269	0.217	0.211	0.144	0.228	0.171	0.166	0.196	0.219	0.092	0.093	0.196	0.203	0.220	0.249	0.145	0.198	0.198	0.188	0.231	0.118	0.092	0.092	0.210	0.240	0.232	0.113	0.185	0.187	0.219	0.207	0.117	0.125	0.093	0.092	0.251	0.249	0.118	0.120	0.143	0.203	0.221	0.142	0.246	0.174	0.093	0.092	0.217	0.149	0.308	0.236	0.201	0.122	0.142	0.145	0.171	0.235	0.091	0.094	0.133	0.154	0.228	0.248	0.218	0.214	0.218	0.192	0.193	0.139	0.091	0.095	0.103	0.096	0.094	0.096	0.093	0.093	0.094	0.093	0.094	0.096	0.094
7:00:10	19.7	0.092	0.093	0.095	0.093	0.093	0.092	0.095	0.092	0.092	0.092	0.093	0.092	0.092	0.280	0.277	0.226	0.219	0.156	0.237	0.180	0.176	0.205	0.230	0.092	0.094	0.203	0.211	0.228	0.258	0.155	0.206	0.206	0.197	0.239	0.129	0.092	0.092	0.218	0.248	0.241	0.124	0.194	0.194	0.228	0.215	0.128	0.137	0.093	0.092	0.261	0.258	0.131	0.133	0.152	0.214	0.231	0.153	0.256	0.183	0.093	0.092	0.227	0.159	0.317	0.244	0.211	0.134	0.153	0.155	0.179	0.243	0.091	0.094	0.145	0.166	0.237	0.261	0.227	0.224	0.228	0.200	0.203	0.151	0.091	0.096	0.104	0.096	0.094	0.094	0.093	0.093	0.095	0.093	0.094	0.096	0.094
8:00:11	19.7	0.092	0.093	0.094	0.093	0.093	0.092	0.093	0.092	0.092	0.092	0.093	0.093	0.092	0.289	0.286	0.236	0.228	0.169	0.248	0.191	0.186	0.215	0.240	0.092	0.093	0.213	0.222	0.238	0.267	0.166	0.216	0.214	0.206	0.250	0.143	0.092	0.092	0.228	0.258	0.252	0.138	0.202	0.204	0.238	0.226	0.140	0.150	0.093	0.092	0.271	0.268	0.144	0.146	0.164	0.225	0.241	0.165	0.265	0.193	0.093	0.092	0.239	0.172	0.325	0.254	0.220	0.147	0.166	0.168	0.190	0.254	0.091	0.094	0.159	0.180	0.246	0.276	0.236	0.234	0.238	0.211	0.213	0.164	0.091	0.095	0.102	0.096	0.094	0.094	0.093	0.093	0.095	0.093	0.094	0.096	0.092
9:00:12	19.6	0.092	0.093	0.094	0.093	0.093	0.092	0.093	0.092	0.092	0.092	0.093	0.092	0.092	0.301	0.298	0.248	0.238	0.184	0.260	0.202	0.197	0.226	0.254	0.092	0.093	0.224	0.234	0.250	0.278	0.181	0.226	0.225	0.217	0.264	0.157	0.092	0.092	0.239	0.268	0.263	0.150	0.215	0.216	0.250	0.238	0.154	0.164	0.093	0.092	0.283	0.285	0.157	0.160	0.179	0.237	0.252	0.178	0.278	0.205	0.093	0.092	0.252	0.188	0.335	0.265	0.232	0.160	0.179	0.181	0.201	0.266	0.091	0.094	0.173	0.196	0.258	0.292	0.248	0.246	0.251	0.225	0.226	0.179	0.091	0.095	0.105	0.096	0.094	0.096	0.093	0.093	0.094	0.093	0.094	0.096	0.092
10:00:13	19.6	0.092	0.093	0.094	0.093	0.093	0.092	0.093	0.092	0.092	0.092	0.093	0.092	0.092	0.312	0.313	0.259	0.250	0.198	0.279	0.216	0.210	0.240	0.267	0.092	0.093	0.238	0.248	0.262	0.291	0.198	0.239	0.237	0.230	0.278	0.169	0.092	0.092	0.252	0.281	0.276	0.163	0.227	0.232	0.264	0.252	0.167	0.178	0.092	0.091	0.296	0.294	0.171	0.174	0.196	0.252	0.265	0.193	0.292	0.218	0.093	0.092	0.267	0.204	0.347	0.278	0.252	0.175	0.194	0.197	0.214	0.281	0.092	0.094	0.191	0.212	0.272	0.306	0.261	0.260	0.265	0.239	0.240	0.196	0.091	0.095	0.105	0.096	0.094	0.096	0.093	0.093	0.094	0.093	0.094	0.096	0.092
11:00:13	19.6	0.092	0.093	0.094	0.093	0.092	0.092	0.093	0.092	0.091	0.092	0.093	0.092	0.092	0.326	0.329	0.272	0.262	0.216	0.296	0.229	0.225	0.257	0.283	0.092	0.093	0.255	0.264	0.277	0.306	0.216	0.254	0.252	0.244	0.294	0.185	0.092	0.092	0.268	0.297	0.294	0.178	0.243	0.247	0.279	0.269	0.181	0.195	0.092	0.092	0.311	0.309	0.187	0.190	0.216	0.268	0.279	0.210	0.308	0.235	0.093	0.092	0.283	0.223	0.361	0.292	0.271	0.191	0.212	0.216	0.228	0.297	0.091	0.094	0.209	0.231	0.289	0.323	0.276	0.315	0.281	0.255	0.257	0.215	0.091	0.095	0.105	0.096	0.094	0.095	0.093	0.093	0.094	0.092	0.093	0.095	0.092
12:00:14	19.6	0.092	0.093	0.094	0.093	0.093	0.092	0.093	0.092	0.092	0.092	0.093	0.092	0.092	0.344	0.347	0.288	0.277	0.236	0.314	0.246	0.240	0.275	0.303	0.092	0.094	0.272	0.280	0.292	0.324	0.239	0.271	0.269	0.262	0.315	0.201	0.092	0.092	0.286	0.314	0.311	0.194	0.260	0.265	0.295	0.288	0.199	0.215	0.093	0.092	0.328	0.326	0.204	0.210	0.239	0.286	0.296	0.231	0.327	0.255	0.093	0.092	0.301	0.242	0.379	0.309	0.298	0.211	0.232	0.239	0.246	0.316	0.091	0.094	0.229	0.253	0.306	0.341	0.292	0.308	0.299	0.275	0.276	0.239	0.091	0.095	0.104	0.096	0.094	0.095	0.093	0.093	0.094	0.093	0.093	0.095	0.091
13:00:16	19.6	0.092	0.094	0.094	0.093	0.093	0.092	0.094	0.093	0.092	0.092	0.093	0.093	0.092	0.364	0.368	0.308	0.296	0.263	0.338	0.264	0.260	0.294	0.329	0.092	0.093	0.290	0.300	0.311	0.346	0.268	0.290	0.289	0.283	0.338	0.223	0.092	0.092	0.308	0.335	0.334	0.211	0.282	0.286	0.316	0.312	0.221	0.240	0.093	0.092	0.347	0.346	0.225	0.235	0.267	0.309	0.318	0.256	0.350	0.278	0.093	0.092	0.324	0.266	0.400	0.330	0.317	0.236	0.258	0.268	0.265	0.339	0.091	0.094	0.254	0.280	0.319	0.364	0.311	0.314	0.324	0.297	0.299	0.267	0.091	0.095	0.104	0.096	0.095	0.095	0.094	0.093	0.095	0.093	0.094	0.096	0.092
14:00:17	19.6	0.092	0.093	0.095	0.093	0.093	0.092	0.094	0.092	0.092	0.092	0.093	0.092	0.092	0.391	0.396	0.333	0.320	0.293	0.365	0.285	0.282	0.319	0.358	0.092	0.093	0.312	0.323	0.333	0.372	0.305	0.312	0.314	0.309	0.365	0.256	0.092	0.092	0.333	0.358	0.361	0.240	0.307	0.311	0.340	0.340	0.251	0.274	0.093	0.092	0.368	0.371	0.259	0.270	0.306	0.337	0.345	0.287	0.376	0.305	0.093	0.092	0.351	0.293	0.425	0.354	0.339	0.269	0.288	0.303	0.286	0.365	0.092	0.094	0.284	0.312	0.339	0.393	0.335	0.344	0.352	0.324	0.326	0.301	0.091	0.095	0.105	0.096	0.095	0.095	0.093	0.093	0.094	0.093	0.094	0.096	0.092
15:00:18	19.5	0.092	0.093	0.094	0.093	0.093	0.092	0.093	0.092	0.091	0.092	0.093	0.092	0.092	0.425	0.433	0.362	0.348	0.334	0.403	0.311	0.309	0.349	0.399	0.092	0.093	0.335	0.351	0.360	0.406	0.352	0.337	0.345	0.340	0.400	0.301	0.092	0.092	0.364	0.389	0.396	0.282	0.340	0.341	0.367	0.377	0.294	0.325	0.092	0.092	0.395	0.404	0.302	0.321	0.355	0.370	0.378	0.325	0.413	0.339	0.093	0.092	0.385	0.327	0.459	0.383	0.367	0.316	0.327	0.349	0.312	0.402	0.091	0.094	0.322	0.353	0.363	0.433	0.362	0.382	0.389	0.358	0.359	0.346	0.091	0.095	0.103	0.096	0.095	0.095	0.093	0.093	0.094	0.093	0.093	0.095	0.092
16:00:18	19.5	0.092	0.093	0.094	0.093	0.093	0.092	0.093	0.092	0.092	0.092	0.093	0.092	0.091	0.472	0.481	0.398	0.384	0.386	0.454	0.343	0.342	0.388	0.455	0.092	0.093	0.365	0.387	0.394	0.453	0.409	0.370	0.388	0.379	0.451	0.357	0.092	0.092	0.404	0.426	0.445	0.339	0.382	0.380	0.403	0.425	0.352	0.387	0.093	0.092	0.429	0.446	0.360	0.379	0.414	0.417	0.422	0.374	0.463	0.382	0.093	0.092	0.428	0.368	0.505	0.421	0.403	0.374	0.377	0.406	0.343	0.451	0.092	0.094	0.370	0.404	0.393	0.482	0.398	0.431	0.440	0.402	0.403	0.402	0.091	0.095	0.105	0.096	0.095	0.095	0.093	0.092	0.094	0.093	0.094	0.095	0.092
17:00:19	19.6	0.092	0.093	0.095	0.093	0.093	0.092	0.094	0.093	0.092	0.092	0.093	0.092	0.092	0.529	0.540	0.458	0.443	0.447	0.515	0.386	0.386	0.436	0.525	0.092	0.094	0.403	0.431	0.443	0.513	0.475	0.411	0.444	0.435	0.514	0.412	0.092	0.092	0.454	0.477	0.506	0.394	0.435	0.428	0.447	0.488	0.411	0.451	0.093	0.092	0.471	0.503	0.416	0.442	0.483	0.478	0.482	0.434	0.525	0.440	0.093	0.092	0.485	0.420	0.562	0.475	0.452	0.434	0.434	0.474	0.387	0.511	0.092	0.094	0.428	0.466	0.429	0.543	0.446	0.496	0.502	0.459	0.459	0.466	0.091	0.095	0.103	0.096	0.095	0.096	0.094	0.093	0.094	0.093	0.094	0.096	0.092
18:00:20	19.5	0.092	0.093	0.094	0.093	0.093	0.092	0.093	0.093	0.092	0.092	0.093	0.092	0.092	0.592	0.604	0.520	0.501	0.511	0.581	0.441	0.441	0.493	0.593	0.092	0.094	0.451	0.482	0.497	0.577	0.545	0.458	0.510	0.503	0.578	0.476	0.092	0.092	0.514	0.535	0.574	0.456	0.498	0.484	0.498	0.553	0.471	0.521	0.093	0.092	0.522	0.568	0.479	0.511	0.556	0.545	0.547	0.498	0.593	0.505	0.093	0.092	0.550	0.478	0.621	0.537	0.508	0.496	0.498	0.545	0.440	0.577	0.091	0.094	0.495	0.535	0.475	0.612	0.504	0.560	0.569	0.524	0.525	0.533	0.091	0.095	0.104	0.096	0.096	0.095	0.094	0.093	0.094	0.093	0.094	0.096	0.092
19:00:21	19.5	0.092	0.093	0.095	0.093	0.093	0.092	0.093	0.093	0.092	0.092	0.093	0.093	0.092	0.660	0.672	0.587	0.572	0.574	0.649	0.507	0.505	0.559	0.661	0.092	0.094	0.508	0.551	0.565	0.647	0.617	0.515	0.578	0.573	0.647	0.538	0.092	0.092	0.583	0.598	0.643	0.518	0.565	0.554	0.561	0.625	0.534	0.593	0.093	0.092	0.583	0.633	0.540	0.580	0.625	0.617	0.619	0.562	0.662	0.575	0.093	0.092	0.619	0.539	0.686	0.603	0.573	0.563	0.566	0.618	0.501	0.647	0.092	0.094	0.559	0.607	0.532	0.682	0.567	0.636	0.641	0.596	0.593	0.599	0.091	0.095	0.104	0.096	0.096	0.095	0.093	0.093	0.094	0.093	0.094	0.096	0.092
20:00:24	19.5	0.092	0.093	0.095	0.093	0.093	0.092	0.094	0.092	0.092	0.092	0.094	0.093	0.092	0.726	0.737	0.654	0.637	0.638	0.717	0.578	0.572	0.633	0.725	0.092	0.094	0.572	0.625	0.642	0.718	0.686	0.586	0.647	0.642	0.716	0.599	0.092	0.092	0.647	0.666	0.711	0.577	0.635	0.628	0.637	0.695	0.601	0.653	0.093	0.092	0.656	0.702	0.601	0.644	0.694	0.690	0.692	0.626	0.731	0.645	0.093	0.092	0.689	0.607	0.750	0.672	0.641	0.625	0.629	0.687	0.567	0.717	0.092	0.094	0.623	0.678	0.595	0.747	0.642	0.710	0.713	0.668	0.663	0.662	0.091	0.096	0.105	0.096	0.097	0.095	0.094	0.093	0.094	0.093	0.094	0.096	0.092
21:00:23	19.4	0.092	0.093	0.094	0.093	0.093	0.092	0.093	0.093	0.092	0.092	0.093	0.093	0.092	0.791	0.799	0.716	0.703	0.696	0.779	0.653	0.639	0.705	0.785	0.092	0.094	0.639	0.697	0.714	0.783	0.750	0.660	0.715	0.711	0.781	0.663	0.092	0.092	0.714	0.733	0.775	0.640	0.700	0.700	0.714	0.763	0.664	0.713	0.093	0.092	0.729	0.767	0.660	0.705	0.757	0.757	0.762	0.687	0.794	0.712	0.094	0.092	0.756	0.673	0.813	0.740	0.711	0.681	0.692	0.752	0.639	0.782	0.091	0.094	0.684	0.741	0.661	0.809	0.715	0.776	0.777	0.734	0.730	0.718	0.091	0.095	0.103	0.096	0.097	0.095	0.093	0.093	0.095	0.093	0.094	0.096	0.092
22:00:25	19.4	0.092	0.093	0.094	0.093	0.093	0.092	0.093	0.092	0.092	0.092	0.093	0.093	0.092	0.849	0.853	0.778	0.766	0.750	0.832	0.715	0.710	0.768	0.837	0.092	0.094	0.706	0.766	0.781	0.843	0.808	0.727	0.776	0.776	0.835	0.718	0.092	0.093	0.776	0.797	0.834	0.696	0.763	0.765	0.780	0.823	0.714	0.771	0.093	0.092	0.794	0.828	0.717	0.761	0.814	0.819	0.825	0.744	0.848	0.773	0.093	0.092	0.817	0.732	0.868	0.804	0.776	0.733	0.747	0.807	0.704	0.839	0.092	0.094	0.741	0.800	0.728	0.859	0.779	0.834	0.837	0.795	0.792	0.768	0.091	0.096	0.106	0.096	0.098	0.096	0.094	0.093	0.095	0.093	0.094	0.096	0.094
23:00:25	19.4	0.092	0.093	0.094	0.093	0.093	0.092	0.093	0.092	0.092	0.092	0.094	0.092	0.092	0.893	0.897	0.833	0.822	0.800	0.870	0.771	0.764	0.816	0.874	0.092	0.093	0.768	0.827	0.834	0.894	0.855	0.786	0.831	0.830	0.878	0.764	0.092	0.092	0.832	0.852	0.882	0.747	0.819	0.817	0.831	0.868	0.767	0.823	0.092	0.092	0.848	0.879	0.767	0.812	0.864	0.867	0.872	0.791	0.890	0.826	0.093	0.092	0.870	0.785	0.908	0.859	0.833	0.781	0.798	0.856	0.763	0.884	0.091	0.094	0.791	0.853	0.787	0.898	0.830	0.877	0.884	0.848	0.845	0.814	0.091	0.096	0.104	0.096	0.099	0.094	0.093	0.093	0.095	0.093	0.094	0.096	0.094
24:00:26	19.3	0.092	0.093	0.094	0.093	0.092	0.092	0.093	0.092	0.092	0.092	0.093	0.092	0.092	0.927	0.928	0.876	0.865	0.841	0.899	0.815	0.813	0.852	0.903	0.092	0.094	0.822	0.876	0.875	0.929	0.893	0.829	0.872	0.870	0.908	0.810	0.092	0.092	0.876	0.897	0.918	0.795	0.863	0.855	0.868	0.903	0.808	0.869	0.092	0.092	0.890	0.917	0.812	0.855	0.906	0.904	0.907	0.833	0.921	0.864	0.093	0.092	0.909	0.830	0.943	0.903	0.874	0.823	0.842	0.893	0.813	0.917	0.092	0.094	0.838	0.892	0.838	0.930	0.867	0.911	0.917	0.888	0.880	0.853	0.091	0.095	0.104	0.096	0.100	0.095	0.093	0.093	0.094	0.093	0.094	0.096	0.094
25:00:28	19.3	0.092	0.093	0.095	0.093	0.093	0.092	0.093	0.092	0.092	0.092	0.093	0.093	0.092	0.954	0.953	0.911	0.899	0.876	0.922	0.850	0.849	0.880	0.927	0.092	0.094	0.868	0.911	0.905	0.961	0.927	0.865	0.905	0.904	0.935	0.849	0.092	0.093	0.911	0.933	0.950	0.837	0.900	0.885	0.897	0.931	0.850	0.911	0.092	0.092	0.921	0.948	0.851	0.894	0.942	0.932	0.936	0.871	0.946	0.895	0.093	0.092	0.939	0.871	0.968	0.938	0.905	0.859	0.876	0.926	0.850	0.946	0.092	0.094	0.874	0.927	0.880	0.955	0.897	0.939	0.944	0.919	0.910	0.886	0.091	0.096	0.104	0.096	0.102	0.095	0.093	0.093	0.094	0.093	0.094	0.096	0.094
26:00:27	19.3	0.092	0.093	0.095	0.093	0.093	0.092	0.093	0.093	0.092	0.092	0.093	0.093	0.092	0.976	0.975	0.938	0.927	0.906	0.941	0.877	0.875	0.902	0.946	0.092	0.094	0.903	0.938	0.927	0.986	0.958	0.890	0.934	0.930	0.956	0.881	0.092	0.093	0.940	0.963	0.974	0.871	0.930	0.907	0.919	0.952	0.882	0.944	0.093	0.092	0.943	0.974	0.883	0.927	0.973	0.956	0.959	0.900	0.966	0.921	0.093	0.092	0.966	0.904	0.991	0.966	0.929	0.890	0.907	0.957	0.878	0.969	0.092	0.094	0.906	0.959	0.913	0.977	0.918	0.959	0.966	0.947	0.936	0.917	0.091	0.096	0.102	0.096	0.105	0.095	0.094	0.093	0.095	0.093	0.094	0.096	0.094
27:00:28	19.3	0.092	0.093	0.094	0.093	0.093	0.092	0.093	0.093	0.092	0.092	0.093	0.093	0.092	0.995	0.993	0.963	0.950	0.933	0.958	0.897	0.897	0.918	0.965	0.092	0.094	0.932	0.960	0.947	1.007	0.984	0.911	0.956	0.952	0.973	0.907	0.092	0.093	0.965	0.988	0.995	0.902	0.956	0.927	0.936	0.973	0.912	0.967	0.093	0.092	0.961	0.994	0.910	0.951	1.000	0.977	0.977	0.926	0.985	0.945	0.093	0.092	0.987	0.931	1.009	0.990	0.948	0.915	0.933	0.984	0.903	0.991	0.092	0.094	0.934	0.986	0.939	0.996	0.935	0.975	0.986	0.969	0.957	0.941	0.091	0.096	0.105	0.096	0.107	0.095	0.094	0.093	0.095	0.093	0.094	0.096	0.094
28:00:29	19.2	0.092	0.093	0.095	0.093	0.093	0.092	0.093	0.093	0.092	0.092	0.093	0.093	0.092	1.014	1.011	0.984	0.970	0.954	0.975	0.915	0.915	0.934	0.983	0.092	0.094	0.957	0.978	0.964	1.027	1.005	0.930	0.976	0.972	0.991	0.929	0.092	0.093	0.986	1.009	1.015	0.925	0.979	0.943	0.951	0.988	0.934	0.983	0.093	0.092	0.977	1.013	0.931	0.969	1.023	0.996	0.998	0.946	1.001	0.965	0.093	0.092	1.005	0.955	1.029	1.012	0.965	0.937	0.956	1.006	0.923	1.007	0.092	0.094	0.954	1.004	0.959	1.013	0.952	0.994	1.004	0.989	0.978	0.962	0.091	0.095	0.104	0.096	0.110	0.096	0.094	0.093	0.094	0.093	0.094	0.096	0.094
29:00:30	19.3	0.092	0.093	0.095	0.093	0.093	0.092	0.093	0.093	0.092	0.092	0.093	0.093	0.092	1.031	1.025	1.002	0.989	0.970	0.989	0.931	0.931	0.947	0.999	0.092	0.094	0.974	0.993	0.979	1.042	1.018	0.945	0.994	0.992	1.006	0.944	0.092	0.093	1.005	1.027	1.030	0.944	0.999	0.957	0.964	1.004	0.950	0.998	0.093	0.092	0.991	1.029	0.949	0.985	1.037	1.015	1.016	0.962	1.016	0.985	0.094	0.092	1.021	0.972	1.046	1.029	0.980	0.952	0.973	1.021	0.940	1.024	0.092	0.094	0.972	1.020	0.978	1.028	0.968	1.010	1.021	1.007	0.996	0.979	0.091	0.096	0.105	0.096	0.115	0.096	0.094	0.093	0.095	0.093	0.094	0.096	0.094
30:00:31	19.2	0.092	0.093	0.095	0.093	0.093	0.092	0.093	0.092	0.092	0.092	0.093	0.093	0.092	1.045	1.041	1.020	1.007	0.981	1.002	0.943	0.944	0.958	1.015	0.092	0.094	0.990	1.006	0.990	1.057	1.028	0.957	1.010	1.009	1.022	0.954	0.092	0.094	1.024	1.044	1.046	0.958	1.016	0.968	0.976	1.019	0.960	1.008	0.093	0.092	1.000	1.044	0.960	0.998	1.047	1.029	1.032	0.975	1.029	1.002	0.093	0.092	1.035	0.987	1.062	1.048	0.992	0.962	0.990	1.034	0.955	1.041	0.092	0.094	0.984	1.032	0.992	1.042	0.981	1.029	1.036	1.025	1.011	0.991	0.091	0.095	0.105	0.096	0.120	0.096	0.094	0.093	0.095	0.093	0.094	0.096	0.094
31:00:31	19.2	0.092	0.093	0.095	0.093	0.093	0.092	0.094	0.093	0.092	0.092	0.094	0.093	0.092	1.061	1.052	1.035	1.022	0.988	1.017	0.956	0.956	0.968	1.026	0.092	0.094	1.001	1.015	0.999	1.072	1.038	0.968	1.024	1.025	1.035	0.963	0.092	0.094	1.037	1.059	1.059	0.968	1.028	0.976	0.984	1.034	0.969	1.018	0.093	0.092	1.008	1.057	0.970	1.008	1.056	1.044	1.047	0.984	1.045	1.013	0.093	0.092	1.049	0.997	1.074	1.062	1.003	0.972	1.001	1.043	0.966	1.056	0.092	0.094	0.995	1.044	1.005	1.051	0.993	1.043	1.052	1.040	1.025	1.000	0.091	0.096	0.102	0.096	0.127	0.095	0.094	0.094	0.095	0.093	0.094	0.096	0.094
32:00:33	19.2	0.092	0.093	0.095	0.093	0.093	0.093	0.094	0.093	0.092	0.093	0.094	0.093	0.092	1.069	1.059	1.045	1.032	0.993	1.025	0.965	0.966	0.976	1.033	0.092	0.094	1.010	1.025	1.006	1.081	1.045	0.976	1.033	1.036	1.042	0.970	0.092	0.095	1.046	1.070	1.069	0.977	1.034	0.984	0.994	1.044	0.976	1.028	0.093	0.092	1.015	1.066	0.978	1.017	1.063	1.057	1.061	0.992	1.054	1.023	0.094	0.092	1.061	1.005	1.081	1.071	1.013	0.979	1.010	1.052	0.975	1.064	0.093	0.094	1.004	1.054	1.012	1.057	0.999	1.056	1.061	1.049	1.031	1.006	0.091	0.096	0.100	0.096	0.136	0.095	0.094	0.093	0.095	0.093	0.094	0.096	0.094
33:00:34	19.3	0.092	0.093	0.095	0.093	0.093	0.092	0.093	0.093	0.092	0.092	0.093	0.092	0.092	1.075	1.063	1.053	1.038	0.993	1.028	0.973	0.976	0.983	1.035	0.092	0.094	1.019	1.033	1.012	1.090	1.052	0.984	1.039	1.045	1.046	0.975	0.092	0.095	1.050	1.076	1.076	0.982	1.042	0.991	1.000	1.051	0.981	1.033	0.093	0.092	1.020	1.071	0.985	1.025	1.069	1.064	1.067	0.997	1.059	1.028	0.093	0.092	1.067	1.011	1.087	1.079	1.022	0.983	1.014	1.058	0.983	1.068	0.093	0.094	1.009	1.061	1.020	1.062	1.005	1.062	1.066	1.057	1.036	1.009	0.091	0.095	0.100	0.096	0.146	0.095	0.094	0.093	0.095	0.093	0.094	0.096	0.094
34:00:35	19.2	0.092	0.093	0.095	0.093	0.093	0.092	0.094	0.093	0.092	0.092	0.094	0.092	0.092	1.080	1.064	1.058	1.044	0.995	1.031	0.977	0.982	0.985	1.038	0.092	0.094	1.026	1.040	1.016	1.092	1.056	0.990	1.043	1.049	1.049	0.978	0.092	0.096	1.052	1.080	1.078	0.986	1.047	0.996	1.004	1.056	0.984	1.039	0.093	0.092	1.024	1.075	0.988	1.032	1.074	1.067	1.072	0.998	1.062	1.033	0.093	0.092	1.069	1.015	1.092	1.085	1.029	0.986	1.016	1.063	0.988	1.072	0.093	0.094	1.012	1.067	1.024	1.066	1.010	1.065	1.070	1.062	1.038	1.011	0.091	0.096	0.102	0.096	0.159	0.095	0.094	0.093	0.095	0.093	0.094	0.096	0.094
35:00:36	19.2	0.092	0.093	0.094	0.093	0.093	0.092	0.093	0.092	0.092	0.092	0.093	0.092	0.092	1.079	1.063	1.060	1.046	0.992	1.031	0.978	0.985	0.984	1.038	0.092	0.093	1.032	1.041	1.015	1.093	1.059	0.990	1.046	1.051	1.048	0.979	0.092	0.096	1.053	1.081	1.078	0.989	1.051	0.998	1.005	1.056	0.985	1.043	0.093	0.092	1.026	1.077	0.991	1.036	1.079	1.069	1.074	0.997	1.061	1.037	0.093	0.091	1.073	1.014	1.094	1.092	1.033	0.987	1.016	1.066	0.987	1.071	0.093	0.094	1.012	1.071	1.026	1.070	1.009	1.066	1.072	1.066	1.041	1.011	0.091	0.095	0.103	0.096	0.166	0.095	0.093	0.093	0.094	0.093	0.094	0.096	0.094
36:00:36	19.2	0.092	0.093	0.094	0.093	0.093	0.092	0.093	0.093	0.092	0.092	0.093	0.092	0.092	1.077	1.061	1.058	1.047	0.988	1.030	0.976	0.985	0.980	1.037	0.092	0.094	1.033	1.039	1.011	1.093	1.060	0.987	1.046	1.051	1.045	0.979	0.092	0.098	1.058	1.081	1.078	0.989	1.054	0.995	1.003	1.057	0.983	1.048	0.093	0.092	1.023	1.078	0.991	1.043	1.083	1.069	1.075	0.993	1.061	1.039	0.093	0.092	1.075	1.013	1.095	1.092	1.031	0.986	1.015	1.067	0.986	1.072	0.094	0.094	1.008	1.067	1.026	1.072	1.006	1.067	1.072	1.069	1.044	1.006	0.091	0.095	0.101	0.096	0.175	0.095	0.094	0.093	0.095	0.093	0.094	0.096	0.094
37:00:37	19.3	0.092	0.093	0.095	0.093	0.093	0.092	0.094	0.093	0.092	0.092	0.093	0.092	0.092	1.074	1.056	1.058	1.046	0.983	1.026	0.972	0.981	0.976	1.036	0.092	0.094	1.031	1.033	1.005	1.089	1.060	0.983	1.044	1.049	1.041	0.978	0.092	0.099	1.058	1.078	1.075	0.988	1.056	0.991	0.996	1.054	0.980	1.049	0.093	0.092	1.019	1.075	0.990	1.045	1.082	1.067	1.075	0.989	1.057	1.040	0.094	0.092	1.075	1.010	1.093	1.093	1.029	0.985	1.010	1.064	0.980	1.068	0.094	0.094	1.007	1.066	1.024	1.071	1.003	1.066	1.071	1.068	1.044	1.001	0.091	0.096	0.104	0.096	0.191	0.096	0.094	0.093	0.095	0.093	0.094	0.096	0.094
38:00:38	19.3	0.092	0.093	0.095	0.093	0.093	0.092	0.093	0.093	0.093	0.092	0.093	0.092	0.092	1.070	1.050	1.053	1.044	0.976	1.022	0.966	0.977	0.970	1.031	0.092	0.094	1.028	1.027	0.996	1.083	1.058	0.976	1.041	1.047	1.036	0.976	0.092	0.101	1.057	1.075	1.070	0.983	1.056	0.983	0.989	1.050	0.977	1.049	0.093	0.092	1.014	1.072	0.986	1.043	1.080	1.063	1.072	0.981	1.053	1.040	0.093	0.092	1.072	1.006	1.089	1.092	1.020	0.980	1.002	1.060	0.974	1.065	0.094	0.094	1.000	1.068	1.021	1.070	0.998	1.064	1.068	1.067	1.043	0.992	0.091	0.095	0.098	0.096	0.210	0.095	0.094	0.093	0.095	0.093	0.094	0.096	0.094
39:00:40	19.3	0.092	0.093	0.095	0.093	0.093	0.092	0.093	0.092	0.093	0.092	0.093	0.093	0.092	1.065	1.043	1.049	1.041	0.968	1.017	0.960	0.969	0.961	1.025	0.092	0.094	1.021	1.019	0.986	1.078	1.053	0.970	1.037	1.043	1.033	0.971	0.092	0.102	1.055	1.072	1.068	0.977	1.054	0.975	0.981	1.043	0.972	1.050	0.093	0.092	1.008	1.069	0.983	1.039	1.074	1.057	1.068	0.974	1.048	1.038	0.093	0.092	1.069	1.002	1.085	1.088	1.012	0.975	0.995	1.056	0.969	1.061	0.095	0.094	0.992	1.060	1.018	1.065	0.993	1.062	1.063	1.063	1.041	0.986	0.091	0.095	0.099	0.096	0.230	0.095	0.094	0.093	0.095	0.093	0.094	0.096	0.094
40:00:41	19.3	0.092	0.093	0.095	0.093	0.093	0.092	0.093	0.093	0.093	0.092	0.093	0.093	0.092	1.057	1.036	1.042	1.036	0.958	1.013	0.951	0.960	0.951	1.022	0.092	0.094	1.015	1.008	0.975	1.068	1.045	0.961	1.030	1.037	1.026	0.968	0.092	0.102	1.051	1.068	1.062	0.972	1.049	0.966	0.972	1.038	0.966	1.047	0.093	0.092	1.001	1.067	0.976	1.039	1.068	1.050	1.063	0.964	1.041	1.032	0.093	0.092	1.066	0.995	1.078	1.082	1.004	0.969	0.985	1.048	0.959	1.056	0.096	0.094	0.985	1.057	1.011	1.062	0.985	1.060	1.060	1.060	1.039	0.975	0.091	0.095	0.098	0.096	0.253	0.095	0.094	0.094	0.095	0.093	0.094	0.096	0.094
41:00:41	19.3	0.092	0.093	0.095	0.093	0.093	0.092	0.093	0.093	0.094	0.092	0.093	0.093	0.092	1.052	1.028	1.036	1.031	0.949	1.008	0.943	0.951	0.946	1.016	0.092	0.094	1.006	0.998	0.966	1.060	1.037	0.952	1.023	1.031	1.020	0.962	0.092	0.105	1.047	1.061	1.056	0.966	1.043	0.954	0.964	1.031	0.960	1.042	0.093	0.092	0.993	1.061	0.971	1.032	1.061	1.044	1.056	0.955	1.033	1.027	0.093	0.092	1.062	0.985	1.073	1.074	0.995	0.962	0.975	1.044	0.951	1.053	0.097	0.094	0.976	1.052	1.006	1.058	0.979	1.057	1.055	1.057	1.034	0.963	0.091	0.095	0.103	0.096	0.278	0.095	0.093	0.093	0.095	0.093	0.094	0.096	0.094
42:00:43	19.3	0.092	0.093	0.094	0.093	0.093	0.092	0.093	0.092	0.094	0.092	0.093	0.092	0.092	1.046	1.021	1.028	1.024	0.939	1.003	0.936	0.945	0.938	1.010	0.092	0.094	0.995	0.984	0.955	1.052	1.027	0.944	1.018	1.024	1.015	0.957	0.092	0.107	1.043	1.052	1.049	0.959	1.034	0.943	0.953	1.025	0.954	1.038	0.093	0.092	0.982	1.054	0.966	1.023	1.050	1.037	1.050	0.945	1.029	1.022	0.093	0.092	1.055	0.978	1.066	1.066	0.985	0.956	0.965	1.036	0.942	1.047	0.099	0.094	0.969	1.044	0.997	1.053	0.972	1.052	1.050	1.054	1.030	0.954	0.091	0.096	0.103	0.096	0.306	0.095	0.094	0.093	0.094	0.093	0.094	0.096	0.094
43:00:43	19.2	0.092	0.093	0.095	0.093	0.093	0.092	0.093	0.093	0.095	0.092	0.093	0.093	0.092	1.042	1.015	1.021	1.019	0.930	0.995	0.927	0.937	0.929	1.005	0.092	0.094	0.987	0.974	0.945	1.045	1.018	0.936	1.011	1.016	1.009	0.953	0.092	0.108	1.037	1.045	1.041	0.955	1.028	0.935	0.948	1.017	0.948	1.034	0.093	0.092	0.973	1.047	0.960	1.018	1.040	1.029	1.041	0.935	1.022	1.014	0.093	0.092	1.045	0.969	1.060	1.057	0.973	0.951	0.956	1.024	0.935	1.042	0.101	0.094	0.958	1.036	0.991	1.047	0.966	1.048	1.044	1.048	1.029	0.944	0.091	0.095	0.103	0.096	0.336	0.099	0.094	0.093	0.095	0.093	0.094	0.096	0.094
44:00:44	19.2	0.092	0.094	0.095	0.093	0.093	0.092	0.094	0.093	0.096	0.092	0.093	0.093	0.092	1.036	1.009	1.014	1.013	0.923	0.989	0.921	0.931	0.923	1.003	0.092	0.094	0.983	0.964	0.939	1.036	1.009	0.931	1.003	1.010	1.005	0.948	0.092	0.109	1.031	1.037	1.037	0.951	1.021	0.927	0.940	1.011	0.943	1.028	0.093	0.092	0.969	1.040	0.957	1.010	1.031	1.023	1.034	0.927	1.018	1.009	0.094	0.092	1.043	0.962	1.053	1.048	0.964	0.946	0.946	1.017	0.931	1.038	0.103	0.094	0.947	1.027	0.986	1.043	0.957	1.045	1.040	1.044	1.027	0.936	0.091	0.096	0.103	0.096	0.367	0.097	0.094	0.093	0.095	0.093	0.094	0.096	0.094
45:00:44	19.1	0.092	0.093	0.095	0.093	0.093	0.092	0.093	0.092	0.096	0.092	0.093	0.092	0.092	1.033	1.004	1.009	1.008	0.916	0.984	0.919	0.926	0.922	1.000	0.092	0.093	0.975	0.956	0.936	1.028	0.999	0.926	0.999	1.002	1.000	0.944	0.092	0.112	1.025	1.027	1.029	0.948	1.013	0.926	0.929	1.004	0.939	1.022	0.093	0.092	0.970	1.033	0.952	1.002	1.019	1.017	1.026	0.920	1.013	0.999	0.093	0.092	1.035	0.955	1.045	1.041	0.956	0.942	0.939	1.004	0.928	1.032	0.106	0.094	0.944	1.019	0.979	1.037	0.949	1.041	1.037	1.039	1.024	0.929	0.091	0.096	0.102	0.096	0.395	0.097	0.094	0.093	0.095	0.093	0.094	0.095	0.094
46:00:45	19.2	0.092	0.093	0.094	0.093	0.093	0.092	0.093	0.092	0.098	0.092	0.093	0.092	0.092	1.031	1.000	1.005	1.002	0.911	0.979	0.915	0.923	0.925	0.998	0.092	0.093	0.970	0.950	0.933	1.022	0.989	0.922	0.994	0.995	0.994	0.941	0.092	0.113	1.016	1.023	1.020	0.945	1.006	0.928	0.932	0.996	0.935	1.014	0.093	0.092	0.967	1.028	0.949	0.992	1.008	1.011	1.018	0.915	1.008	0.997	0.093	0.092	1.034	0.948	1.041	1.034	0.954	0.941	0.934	0.996	0.926	1.028	0.109	0.094	0.939	1.012	0.979	1.035	0.955	1.038	1.034	1.035	1.021	0.925	0.091	0.096	0.101	0.096	0.418	0.097	0.094	0.093	0.095	0.093	0.094	0.096	0.094
47:00:46	19.2	0.092	0.093	0.095	0.093	0.093	0.092	0.094	0.093	0.100	0.092	0.093	0.093	0.092	1.026	0.993	1.002	0.998	0.909	0.981	0.916	0.922	0.926	0.996	0.092	0.093	0.966	0.948	0.928	1.014	0.979	0.922	0.989	0.990	0.990	0.939	0.092	0.117	1.010	1.016	1.017	0.944	0.998	0.925	0.930	0.994	0.933	1.007	0.093	0.092	0.969	1.022	0.948	0.981	0.999	1.005	1.011	0.911	1.002	0.991	0.094	0.092	1.034	0.946	1.035	1.029	0.952	0.939	0.928	0.988	0.924	1.024	0.114	0.094	0.934	1.005	0.976	1.033	0.956	1.034	1.034	1.031	1.019	0.920	0.092	0.096	0.102	0.096	0.443	0.098	0.094	0.093	0.095	0.093	0.094	0.096	0.094
48:00:47	19.2	0.092	0.093	0.094	0.093	0.093	0.092	0.093	0.093	0.101	0.092	0.093	0.092	0.092	1.022	0.991	0.998	0.996	0.911	0.978	0.921	0.928	0.928	0.995	0.092	0.094	0.966	0.948	0.932	1.008	0.971	0.925	0.984	0.985	0.987	0.937	0.092	0.122	1.003	1.015	1.011	0.945	0.990	0.927	0.929	0.988	0.931	1.000	0.093	0.092	0.974	1.018	0.951	0.972	0.988	1.004	1.005	0.910	0.996	0.984	0.093	0.092	1.031	0.945	1.033	1.022	0.950	0.941	0.925	0.979	0.927	1.021	0.119	0.094	0.931	0.999	0.974	1.030	0.956	1.030	1.030	1.029	1.015	0.919	0.091	0.096	0.105	0.096	0.461	0.098	0.094	0.094	0.095	0.093	0.094	0.096	0.094
49:00:48	19.1	0.092	0.093	0.095	0.093	0.093	0.092	0.093	0.092	0.104	0.092	0.093	0.092	0.092	1.021	0.987	0.994	0.994	0.911	0.978	0.924	0.941	0.932	0.993	0.092	0.094	0.965	0.946	0.940	0.998	0.963	0.921	0.982	0.980	0.984	0.937	0.092	0.126	1.000	1.007	1.009	0.947	0.984	0.931	0.931	0.981	0.929	0.994	0.093	0.092	0.978	1.013	0.954	0.962	0.981	1.002	0.998	0.907	0.995	0.980	0.093	0.092	1.036	0.944	1.030	1.016	0.948	0.941	0.924	0.969	0.929	1.021	0.126	0.094	0.930	0.991	0.970	1.023	0.958	1.028	1.028	1.026	1.013	0.918	0.091	0.096	0.104	0.096	0.491	0.098	0.094	0.093	0.095	0.093	0.094	0.096	0.094
50:00:50	19.1	0.092	0.093	0.095	0.093	0.093	0.092	0.093	0.093	0.107	0.092	0.093	0.093	0.092	1.025	0.988	0.993	0.993	0.912	0.984	0.934	0.921	0.935	0.994	0.092	0.094	0.966	0.947	0.937	0.991	0.956	0.923	0.979	0.977	0.979	0.937	0.092	0.135	0.999	1.007	1.007	0.950	0.980	0.928	0.932	0.976	0.930	0.988	0.093	0.092	0.983	1.009	0.957	0.954	0.974	0.997	0.996	0.906	0.997	0.975	0.093	0.092	1.038	0.944	1.028	1.014	0.948	0.943	0.921	0.962	0.927	1.019	0.135	0.094	0.932	0.988	0.977	1.023	0.967	1.031	1.024	1.025	1.011	0.919	0.091	0.096	0.104	0.096	0.514	0.099	0.094	0.093	0.095	0.093	0.094	0.096	0.094
51:00:50	19.1	0.092	0.093	0.095	0.093	0.093	0.092	0.093	0.093	0.112	0.092	0.093	0.093	0.092	1.029	0.991	0.991	0.990	0.915	0.987	0.937	0.929	0.938	0.996	0.092	0.094	0.968	0.949	0.939	0.988	0.950	0.924	0.975	0.975	0.976	0.938	0.092	0.140	0.998	1.003	1.009	0.952	0.974	0.929	0.934	0.977	0.931	0.982	0.093	0.092	0.986	1.008	0.957	0.947	0.967	0.986	0.993	0.905	0.998	0.973	0.093	0.092	1.043	0.944	1.033	1.010	0.950	0.941	0.922	0.955	0.926	1.017	0.146	0.094	0.935	0.986	0.985	1.028	0.973	1.034	1.033	1.023	1.011	0.922	0.091	0.096	0.104	0.096	0.542	0.098	0.094	0.093	0.095	0.093	0.094	0.096	0.094
52:00:51	19.2	0.092	0.093	0.094	0.093	0.093	0.092	0.093	0.093	0.117	0.092	0.093	0.092	0.092	1.031	0.994	0.989	0.990	0.917	0.991	0.937	0.935	0.943	0.999	0.092	0.094	0.965	0.953	0.942	0.990	0.946	0.926	0.973	0.972	0.979	0.939	0.092	0.149	0.995	1.002	1.009	0.955	0.971	0.930	0.935	0.977	0.932	0.980	0.093	0.092	0.991	1.008	0.958	0.944	0.964	0.987	0.999	0.906	0.998	0.969	0.093	0.092	1.047	0.947	1.033	1.008	0.952	0.945	0.921	0.950	0.930	1.013	0.159	0.094	0.936	0.984	0.992	1.031	0.978	1.035	1.037	1.024	1.009	0.926	0.091	0.095	0.104	0.096	0.558	0.099	0.094	0.093	0.095	0.093	0.094	0.096	0.094
53:00:53	19.2	0.092	0.093	0.095	0.093	0.093	0.092	0.093	0.093	0.124	0.092	0.093	0.093	0.092	1.032	1.000	0.988	0.987	0.921	0.996	0.938	0.937	0.946	1.002	0.092	0.093	0.972	0.955	0.944	0.992	0.943	0.928	0.972	0.965	0.983	0.941	0.092	0.163	0.996	1.004	1.008	0.956	0.969	0.931	0.936	0.975	0.934	0.977	0.093	0.092	0.997	1.011	0.961	0.940	0.961	0.991	0.990	0.907	0.996	0.968	0.094	0.092	1.052	0.950	1.033	1.006	0.954	0.947	0.923	0.945	0.932	1.018	0.166	0.094	0.941	0.981	0.993	1.028	0.983	1.034	1.039	1.024	1.010	0.929	0.091	0.096	0.105	0.096	0.580	0.099	0.094	0.093	0.095	0.093	0.094	0.096	0.094
54:00:53	19.2	0.092	0.093	0.094	0.093	0.093	0.092	0.093	0.092	0.132	0.092	0.093	0.093	0.092	1.033	1.004	0.996	0.988	0.926	0.995	0.939	0.940	0.949	1.005	0.092	0.094	0.974	0.956	0.946	0.993	0.942	0.929	0.971	0.967	0.988	0.944	0.092	0.177	0.998	1.010	1.008	0.958	0.966	0.932	0.938	0.973	0.938	0.977	0.093	0.092	1.001	1.011	0.967	0.939	0.958	0.989	0.987	0.909	0.994	0.966	0.093	0.092	1.050	0.955	1.032	1.009	0.956	0.952	0.924	0.943	0.934	1.014	0.178	0.094	0.947	0.978	0.994	1.031	0.985	1.033	1.042	1.025	1.013	0.935	0.091	0.096	0.104	0.096	0.601	0.099	0.094	0.093	0.094	0.093	0.094	0.096	0.094
55:00:54	19.2	0.092	0.093	0.094	0.093	0.093	0.092	0.093	0.092	0.142	0.092	0.093	0.092	0.092	1.034	1.005	1.002	0.996	0.929	0.994	0.939	0.941	0.951	1.015	0.092	0.093	0.976	0.958	0.948	0.992	0.943	0.929	0.971	0.966	0.987	0.949	0.092	0.192	0.995	1.015	1.006	0.964	0.968	0.931	0.940	0.970	0.943	0.978	0.093	0.092	1.009	1.011	0.968	0.940	0.959	0.986	0.984	0.912	0.992	0.964	0.093	0.092	1.049	0.957	1.030	1.010	0.957	0.958	0.925	0.940	0.935	1.017	0.189	0.094	0.951	0.978	0.995	1.031	0.989	1.030	1.038	1.026	1.014	0.939	0.091	0.096	0.105	0.096	0.616	0.098	0.093	0.093	0.095	0.093	0.094	0.096	0.094
56:00:54	19.3	0.092	0.093	0.094	0.093	0.093	0.092	0.093	0.092	0.154	0.092	0.093	0.092	0.092	1.034	1.006	1.011	1.000	0.934	0.992	0.940	0.943	0.955	1.022	0.092	0.093	0.977	0.960	0.950	0.994	0.947	0.929	0.974	0.969	0.985	0.953	0.092	0.204	0.992	1.014	1.002	0.971	0.965	0.931	0.939	0.966	0.947	0.979	0.092	0.092	1.013	1.013	0.977	0.943	0.962	0.982	0.979	0.916	0.988	0.963	0.093	0.092	1.048	0.956	1.028	1.012	0.957	0.967	0.926	0.940	0.937	1.022	0.208	0.094	0.957	0.977	0.997	1.028	0.993	1.027	1.036	1.022	1.011	0.944	0.091	0.095	0.103	0.096	0.620	0.099	0.094	0.093	0.094	0.093	0.094	0.096	0.094
57:00:56	19.3	0.092	0.093	0.095	0.093	0.093	0.092	0.093	0.093	0.158	0.092	0.093	0.093	0.092	1.035	1.007	1.017	1.005	0.939	0.987	0.938	0.943	0.953	1.025	0.092	0.094	0.979	0.960	0.951	0.996	0.950	0.929	0.983	0.965	0.980	0.962	0.092	0.221	0.995	1.015	1.005	0.979	0.968	0.932	0.939	0.963	0.955	0.983	0.093	0.092	1.012	1.010	0.983	0.948	0.967	0.978	0.976	0.921	0.986	0.963	0.094	0.092	1.046	0.958	1.026	1.010	0.958	0.972	0.919	0.943	0.936	1.024	0.258	0.094	0.961	0.977	1.000	1.024	0.993	1.023	1.033	1.029	1.002	0.946	0.091	0.096	0.103	0.096	0.643	0.099	0.094	0.093	0.095	0.093	0.094	0.096	0.094
58:00:56	19.3	0.092	0.093	0.095	0.093	0.093	0.092	0.093	0.093	0.164	0.092	0.093	0.093	0.092	1.035	1.007	1.015	1.002	0.949	0.984	0.938	0.943	0.955	1.023	0.092	0.094	0.979	0.961	0.953	0.993	0.957	0.930	0.980	0.962	0.977	0.970	0.092	0.236	1.000	1.014	1.001	0.986	0.963	0.932	0.939	0.959	0.963	0.990	0.093	0.092	1.016	1.009	0.990	0.954	0.972	0.973	0.972	0.921	0.982	0.962	0.093	0.092	1.043	0.964	1.023	1.009	0.958	0.978	0.923	0.947	0.937	1.023	0.313	0.094	0.964	0.977	1.002	1.023	0.995	1.020	1.030	1.031	0.999	0.951	0.091	0.095	0.101	0.096	0.656	0.098	0.094	0.093	0.095	0.093	0.094	0.096	0.094
59:00:57	19.3	0.092	0.093	0.095	0.093	0.093	0.092	0.093	0.093	0.172	0.092	0.093	0.093	0.092	1.033	1.005	1.011	0.999	0.954	0.981	0.936	0.942	0.956	1.016	0.092	0.093	0.982	0.962	0.955	0.993	0.966	0.930	0.976	0.960	0.973	0.981	0.092	0.265	1.005	1.014	1.001	0.995	0.974	0.931	0.939	0.958	0.972	1.000	0.093	0.092	1.016	1.009	0.999	0.963	0.981	0.971	0.969	0.928	0.980	0.964	0.093	0.092	1.041	0.969	1.021	1.009	0.960	0.987	0.933	0.954	0.938	1.023	0.351	0.094	0.971	0.980	1.003	1.022	0.996	1.022	1.026	1.032	0.999	0.958	0.091	0.096	0.105	0.096	0.671	0.097	0.093	0.093	0.095	0.093	0.094	0.096	0.094
60:00:58	19.3	0.092	0.093	0.095	0.093	0.093	0.092	0.093	0.092	0.184	0.092	0.093	0.092	0.092	1.033	1.005	1.007	1.011	0.962	0.978	0.935	0.942	0.955	1.017	0.092	0.093	0.986	0.964	0.956	0.993	0.974	0.932	0.973	0.960	0.971	0.992	0.092	0.257	1.013	1.014	1.001	1.003	0.975	0.933	0.940	0.959	0.980	1.013	0.094	0.092	1.018	1.010	1.008	0.974	0.991	0.970	0.968	0.934	0.979	0.968	0.093	0.092	1.037	0.977	1.020	1.009	0.962	0.993	0.945	0.966	0.939	1.017	0.381	0.094	0.977	0.985	1.005	1.020	0.997	1.012	1.022	1.024	0.996	0.966	0.091	0.096	0.104	0.096	0.683	0.098	0.094	0.093	0.095	0.093	0.094	0.096	0.094
61:00:59	19.3	0.092	0.093	0.094	0.093	0.093	0.092	0.093	0.093	0.203	0.092	0.093	0.093	0.092	1.031	1.004	1.004	1.011	0.967	0.974	0.937	0.945	0.960	1.015	0.092	0.094	0.989	0.966	0.960	0.993	0.985	0.934	0.971	0.961	0.971	1.002	0.092	0.272	1.012	1.014	1.001	1.010	0.980	0.937	0.943	0.960	0.990	1.028	0.094	0.092	1.019	1.011	1.016	0.985	1.001	0.970	0.967	0.942	0.977	0.972	0.094	0.092	1.035	0.986	1.021	1.010	0.965	0.999	0.946	0.976	0.945	1.016	0.405	0.094	0.984	0.992	1.007	1.020	0.998	1.010	1.020	1.020	0.997	0.977	0.091	0.096	0.104	0.096	0.691	0.098	0.094	0.093	0.095	0.093	0.094	0.096	0.094
62:01:01	19.3	0.092	0.094	0.095	0.093	0.093	0.092	0.093	0.093	0.226	0.092	0.093	0.093	0.092	1.031	1.004	1.002	1.007	0.974	0.972	0.937	0.944	0.959	1.013	0.092	0.094	0.992	0.969	0.964	0.994	0.996	0.937	0.969	0.963	0.970	1.012	0.092	0.293	1.012	1.017	1.002	1.015	0.984	0.937	0.945	0.962	0.996	1.043	0.093	0.092	1.022	1.012	1.022	0.997	1.011	0.972	0.969	0.948	0.979	0.985	0.093	0.092	1.032	0.987	1.019	1.014	0.968	1.011	0.951	0.989	0.946	1.015	0.441	0.094	0.993	1.004	1.008	1.020	1.000	1.009	1.017	1.016	0.996	0.986	0.091	0.095	0.105	0.096	0.719	0.099	0.094	0.093	0.095	0.093	0.094	0.096	0.094
63:01:02	19.4	0.092	0.093	0.095	0.093	0.093	0.092	0.093	0.093	0.240	0.092	0.093	0.093	0.092	1.032	1.006	1.002	1.005	0.980	0.973	0.939	0.947	0.964	1.015	0.092	0.094	0.995	0.973	0.968	0.996	1.005	0.940	0.968	0.965	0.972	1.019	0.092	0.297	1.013	1.018	1.003	1.022	0.986	0.941	0.949	0.965	1.004	1.060	0.093	0.092	1.028	1.015	1.029	1.008	1.023	0.974	0.971	0.954	0.980	0.995	0.093	0.092	1.031	0.990	1.019	1.018	0.972	1.013	0.956	1.004	0.954	1.015	0.471	0.094	1.004	1.018	1.012	1.021	1.004	1.011	1.018	1.014	0.999	0.997	0.091	0.096	0.105	0.096	0.731	0.101	0.094	0.093	0.095	0.093	0.094	0.096	0.094
64:01:02	19.5	0.092	0.093	0.095	0.093	0.093	0.092	0.093	0.093	0.253	0.092	0.094	0.093	0.092	1.033	1.008	1.002	1.006	0.982	0.975	0.943	0.951	0.968	1.018	0.092	0.094	1.000	0.976	0.974	1.001	1.019	0.943	0.970	0.968	0.976	1.030	0.092	0.308	1.017	1.019	1.005	1.031	0.988	0.944	0.952	0.968	1.010	1.073	0.093	0.092	1.032	1.017	1.036	1.018	1.033	0.976	0.972	0.961	0.983	1.002	0.093	0.092	1.027	0.993	1.020	1.021	0.976	1.021	0.962	1.017	0.960	1.017	0.503	0.094	1.016	1.030	1.016	1.024	1.006	1.013	1.020	1.014	1.003	1.008	0.091	0.096	0.104	0.096	0.740	0.100	0.094	0.093	0.095	0.093	0.094	0.096	0.095
65:01:03	19.6	0.092	0.093	0.095	0.093	0.093	0.092	0.093	0.092	0.260	0.092	0.094	0.093	0.092	1.035	1.011	1.004	1.006	0.991	0.976	0.947	0.953	0.973	1.022	0.092	0.094	1.003	0.977	0.976	1.005	1.027	0.946	0.973	0.972	0.978	1.036	0.092	0.314	1.019	1.024	1.006	1.034	0.990	0.947	0.954	0.972	1.017	1.089	0.093	0.092	1.037	1.019	1.046	1.029	1.043	0.977	0.976	0.966	0.985	1.013	0.094	0.092	1.026	0.998	1.022	1.025	0.978	1.026	0.968	1.031	0.962	1.020	0.527	0.094	1.026	1.043	1.020	1.027	1.013	1.018	1.025	1.016	1.009	1.020	0.091	0.096	0.105	0.096	0.730	0.098	0.094	0.093	0.095	0.093	0.094	0.096	0.094
66:01:03	19.7	0.092	0.093	0.095	0.093	0.093	0.092	0.093	0.092	0.287	0.092	0.093	0.093	0.091	1.040	1.015	1.007	1.007	1.005	0.978	0.948	0.958	0.978	1.023	0.092	0.093	1.004	0.981	0.980	1.008	1.037	0.949	0.975	0.975	0.980	1.044	0.092	0.320	1.022	1.025	1.010	1.039	0.992	0.950	0.957	0.974	1.022	1.099	0.092	0.092	1.043	1.023	1.046	1.038	1.051	0.980	0.978	0.971	0.989	1.018	0.093	0.092	1.028	1.002	1.025	1.028	0.981	1.027	0.974	1.048	0.968	1.024	0.550	0.094	1.037	1.060	1.024	1.031	1.017	1.024	1.027	1.020	1.015	1.033	0.091	0.096	0.105	0.096	0.740	0.098	0.094	0.093	0.095	0.093	0.094	0.096	0.094
67:01:04	19.8	0.092	0.093	0.095	0.093	0.093	0.092	0.093	0.093	0.320	0.092	0.093	0.093	0.092	1.046	1.021	1.010	1.007	1.012	0.983	0.954	0.962	0.986	1.029	0.092	0.093	1.009	0.984	0.985	1.012	1.049	0.954	0.981	0.978	0.984	1.050	0.092	0.321	1.026	1.029	1.013	1.041	0.995	0.954	0.960	0.977	1.027	1.112	0.093	0.092	1.045	1.026	1.048	1.045	1.058	0.983	0.981	0.977	0.994	1.022	0.094	0.092	1.033	1.007	1.028	1.031	0.985	1.029	0.981	1.074	0.973	1.029	0.575	0.094	1.045	1.073	1.030	1.036	1.020	1.030	1.032	1.026	1.023	1.040	0.091	0.096	0.105	0.096	0.757	0.099	0.094	0.093	0.095	0.093	0.094	0.096	0.094
68:01:05	19.8	0.092	0.093	0.094	0.093	0.093	0.092	0.093	0.092	0.342	0.092	0.093	0.092	0.091	1.051	1.025	1.014	1.008	1.023	0.987	0.958	0.966	0.995	1.035	0.092	0.093	1.016	0.988	0.987	1.015	1.061	0.955	0.985	0.980	0.988	1.058	0.092	0.327	1.032	1.031	1.015	1.045	0.999	0.957	0.963	0.981	1.030	1.127	0.092	0.092	1.046	1.030	1.052	1.053	1.067	0.987	0.984	0.983	0.997	1.023	0.093	0.092	1.038	1.012	1.032	1.034	0.988	1.031	0.987	1.085	0.981	1.035	0.591	0.094	1.058	1.089	1.036	1.041	1.023	1.039	1.037	1.032	1.029	1.045	0.091	0.096	0.105	0.096	0.737	0.099	0.093	0.093	0.094	0.093	0.094	0.096	0.094
69:01:07	19.9	0.092	0.093	0.095	0.093	0.093	0.092	0.093	0.093	0.358	0.092	0.093	0.093	0.092	1.058	1.031	1.017	1.011	1.025	0.991	0.965	0.973	1.002	1.042	0.092	0.093	1.020	0.993	0.991	1.019	1.072	0.959	0.990	0.987	0.993	1.065	0.092	0.335	1.038	1.035	1.017	1.049	1.004	0.960	0.963	0.986	1.034	1.138	0.093	0.092	1.050	1.036	1.056	1.061	1.077	0.990	0.989	0.992	1.002	1.028	0.093	0.092	1.043	1.018	1.036	1.037	0.992	1.031	0.995	1.079	0.988	1.043	0.605	0.094	1.064	1.101	1.044	1.048	1.026	1.046	1.043	1.040	1.037	1.063	0.091	0.095	0.104	0.096	0.744	0.098	0.094	0.093	0.095	0.093	0.094	0.096	0.094
70:01:08	19.9	0.092	0.093	0.095	0.093	0.093	0.092	0.093	0.092	0.381	0.092	0.093	0.093	0.091	1.065	1.035	1.022	1.015	1.025	0.995	0.970	0.977	1.008	1.048	0.092	0.094	1.027	0.995	0.993	1.022	1.081	0.960	0.994	0.990	0.999	1.072	0.092	0.335	1.044	1.038	1.018	1.050	1.008	0.963	0.965	0.989	1.036	1.153	0.092	0.092	1.055	1.039	1.057	1.067	1.083	0.995	0.993	0.998	1.007	1.034	0.093	0.092	1.048	1.024	1.040	1.041	0.995	1.033	1.001	1.084	0.991	1.051	0.619	0.094	1.078	1.111	1.050	1.055	1.029	1.052	1.049	1.047	1.047	1.077	0.091	0.096	0.105	0.096	0.742	0.098	0.093	0.093	0.095	0.093	0.094	0.096	0.094
71:01:08	20.0	0.092	0.093	0.095	0.093	0.093	0.092	0.093	0.092	0.406	0.092	0.093	0.093	0.091	1.072	1.041	1.027	1.020	1.024	1.000	0.977	0.985	1.014	1.057	0.092	0.094	1.033	0.998	0.995	1.025	1.091	0.964	0.999	0.996	1.006	1.081	0.092	0.327	1.052	1.042	1.021	1.053	1.012	0.966	0.966	0.995	1.039	1.162	0.093	0.092	1.061	1.045	1.060	1.073	1.091	0.999	0.998	1.004	1.012	1.042	0.093	0.092	1.056	1.030	1.045	1.046	0.997	1.035	1.009	1.087	0.997	1.059	0.633	0.094	1.088	1.121	1.056	1.063	1.033	1.059	1.055	1.057	1.056	1.087	0.091	0.096	0.103	0.096	0.737	0.099	0.094	0.093	0.095	0.093	0.094	0.096	0.095
72:01:10	20.0	0.092	0.092	0.094	0.092	0.092	0.092	0.093	0.092	0.433	0.092	0.093	0.093	0.091	1.079	1.045	1.031	1.023	1.025	1.007	0.984	0.990	1.019	1.065	0.092	0.093	1.038	1.001	0.996	1.028	1.101	0.965	1.005	1.000	1.011	1.085	0.092	0.345	1.057	1.045	1.025	1.056	1.017	0.968	0.966	0.998	1.044	1.169	0.092	0.092	1.067	1.050	1.064	1.080	1.098	1.004	1.002	1.009	1.017	1.047	0.093	0.092	1.062	1.039	1.051	1.050	0.998	1.038	1.015	1.089	1.002	1.067	0.645	0.094	1.098	1.134	1.062	1.070	1.035	1.065	1.062	1.063	1.065	1.092	0.091	0.095	0.103	0.096	0.710	0.098	0.093	0.093	0.094	0.093	0.094	0.096	0.094

