Time	T° 600	A1	A2	A3	A4	A5	A6	A7	A8	A9	A10	A11	A12	B1	B2	B3	B4	B5	B6	B7	B8	B9	B10	B11	B12	C1	C2	C3	C4	C5	C6	C7	C8	C9	C10	C11	C12	D1	D2	D3	D4	D5	D6	D7	D8	D9	D10	D11	D12	E1	E2	E3	E4	E5	E6	E7	E8	E9	E10	E11	E12	F1	F2	F3	F4	F5	F6	F7	F8	F9	F10	F11	F12	G1	G2	G3	G4	G5	G6	G7	G8	G9	G10	G11	G12	H1	H2	H3	H4	H5	H6	H7	H8	H9	H10	H11	H12
0:00:06	18.5	0.089	0.091	0.090	0.091	0.092	0.092	0.090	0.090	0.090	0.090	0.096	0.091	0.090	0.141	0.226	0.120	0.119	0.173	0.158	0.187	0.178	0.111	0.197	0.092	0.089	0.136	0.160	0.166	0.181	0.200	0.158	0.156	0.187	0.199	0.177	0.091	0.089	0.138	0.120	0.155	0.091	0.180	0.121	0.136	0.131	0.161	0.160	0.090	0.090	0.122	0.175	0.165	0.187	0.123	0.209	0.115	0.171	0.148	0.201	0.089	0.091	0.188	0.201	0.161	0.156	0.171	0.157	0.187	0.138	0.162	0.232	0.089	0.090	0.093	0.169	0.128	0.138	0.178	0.171	0.099	0.141	0.135	0.124	0.089	0.091	0.094	0.092	0.091	0.091	0.091	0.093	0.092	0.092	0.090	0.092	0.089
1:00:04	19.3	0.089	0.091	0.090	0.091	0.093	0.093	0.090	0.090	0.091	0.090	0.096	0.091	0.090	0.148	0.230	0.125	0.124	0.180	0.163	0.191	0.183	0.115	0.202	0.092	0.089	0.141	0.163	0.169	0.186	0.206	0.163	0.161	0.194	0.203	0.183	0.091	0.090	0.144	0.124	0.162	0.093	0.188	0.125	0.142	0.137	0.175	0.166	0.091	0.090	0.127	0.176	0.169	0.191	0.129	0.212	0.120	0.176	0.154	0.209	0.089	0.092	0.194	0.207	0.164	0.161	0.173	0.162	0.192	0.143	0.168	0.241	0.089	0.091	0.094	0.175	0.132	0.144	0.187	0.178	0.102	0.144	0.139	0.130	0.090	0.091	0.098	0.093	0.091	0.092	0.091	0.093	0.093	0.093	0.091	0.092	0.089
2:00:06	19.8	0.089	0.091	0.091	0.092	0.093	0.093	0.090	0.091	0.091	0.090	0.097	0.092	0.090	0.153	0.237	0.129	0.128	0.189	0.170	0.199	0.194	0.118	0.212	0.093	0.089	0.147	0.170	0.178	0.197	0.213	0.169	0.169	0.202	0.213	0.191	0.092	0.090	0.148	0.128	0.169	0.093	0.198	0.129	0.146	0.141	0.185	0.173	0.091	0.090	0.130	0.184	0.176	0.199	0.134	0.223	0.124	0.185	0.160	0.217	0.090	0.092	0.202	0.215	0.173	0.169	0.183	0.169	0.200	0.150	0.174	0.251	0.089	0.091	0.095	0.181	0.137	0.149	0.196	0.188	0.104	0.152	0.143	0.135	0.090	0.091	0.100	0.094	0.091	0.092	0.091	0.094	0.093	0.093	0.091	0.093	0.090
3:00:06	20.2	0.089	0.092	0.091	0.092	0.093	0.093	0.090	0.090	0.091	0.090	0.097	0.092	0.090	0.158	0.246	0.132	0.132	0.199	0.178	0.208	0.204	0.123	0.223	0.093	0.089	0.153	0.178	0.187	0.207	0.224	0.177	0.177	0.210	0.222	0.200	0.092	0.090	0.153	0.133	0.178	0.094	0.209	0.134	0.152	0.145	0.193	0.181	0.091	0.090	0.135	0.195	0.185	0.209	0.140	0.232	0.128	0.192	0.169	0.226	0.090	0.092	0.207	0.223	0.182	0.177	0.192	0.177	0.209	0.159	0.181	0.261	0.089	0.091	0.096	0.192	0.143	0.153	0.204	0.198	0.106	0.160	0.149	0.141	0.090	0.092	0.099	0.094	0.091	0.092	0.092	0.094	0.093	0.093	0.092	0.093	0.090
4:00:06	20.4	0.090	0.091	0.091	0.092	0.092	0.093	0.090	0.090	0.091	0.091	0.097	0.092	0.090	0.163	0.253	0.136	0.136	0.208	0.187	0.217	0.213	0.127	0.231	0.093	0.089	0.159	0.185	0.194	0.216	0.231	0.185	0.185	0.215	0.231	0.208	0.092	0.090	0.158	0.138	0.185	0.095	0.218	0.138	0.156	0.149	0.196	0.188	0.091	0.090	0.139	0.203	0.193	0.215	0.144	0.241	0.132	0.200	0.176	0.234	0.090	0.092	0.214	0.232	0.189	0.186	0.200	0.185	0.218	0.167	0.188	0.270	0.089	0.091	0.097	0.201	0.148	0.159	0.215	0.208	0.109	0.167	0.154	0.147	0.090	0.091	0.099	0.094	0.091	0.092	0.091	0.093	0.093	0.093	0.091	0.092	0.090
5:00:08	20.5	0.089	0.091	0.091	0.092	0.093	0.093	0.090	0.090	0.091	0.090	0.097	0.092	0.091	0.166	0.260	0.140	0.139	0.218	0.195	0.226	0.221	0.131	0.239	0.092	0.089	0.165	0.193	0.201	0.223	0.238	0.191	0.191	0.223	0.238	0.215	0.092	0.090	0.164	0.142	0.192	0.096	0.228	0.142	0.162	0.155	0.203	0.195	0.090	0.091	0.143	0.208	0.199	0.225	0.149	0.249	0.137	0.207	0.182	0.243	0.090	0.092	0.220	0.237	0.194	0.193	0.210	0.190	0.224	0.174	0.194	0.281	0.089	0.091	0.098	0.207	0.152	0.166	0.227	0.215	0.112	0.173	0.160	0.153	0.090	0.092	0.099	0.094	0.091	0.092	0.091	0.094	0.094	0.093	0.091	0.093	0.090
6:00:09	20.5	0.089	0.091	0.091	0.092	0.093	0.093	0.090	0.090	0.091	0.090	0.097	0.092	0.091	0.171	0.265	0.144	0.143	0.225	0.200	0.232	0.228	0.135	0.247	0.093	0.089	0.174	0.197	0.205	0.227	0.244	0.199	0.196	0.229	0.246	0.221	0.092	0.090	0.169	0.147	0.196	0.098	0.238	0.148	0.167	0.160	0.214	0.202	0.091	0.090	0.147	0.217	0.204	0.229	0.153	0.255	0.143	0.214	0.189	0.251	0.090	0.092	0.226	0.244	0.202	0.200	0.218	0.199	0.234	0.181	0.200	0.287	0.089	0.091	0.099	0.215	0.157	0.172	0.233	0.222	0.117	0.181	0.165	0.159	0.090	0.092	0.101	0.094	0.092	0.092	0.091	0.094	0.094	0.093	0.091	0.093	0.090
7:00:10	20.4	0.090	0.091	0.090	0.092	0.093	0.093	0.090	0.090	0.091	0.090	0.097	0.092	0.090	0.179	0.271	0.148	0.147	0.231	0.208	0.238	0.236	0.140	0.256	0.092	0.090	0.181	0.203	0.212	0.234	0.249	0.203	0.202	0.235	0.252	0.227	0.092	0.090	0.173	0.152	0.203	0.099	0.245	0.154	0.173	0.165	0.223	0.208	0.091	0.090	0.151	0.225	0.210	0.238	0.158	0.262	0.148	0.221	0.192	0.258	0.090	0.092	0.235	0.250	0.207	0.206	0.223	0.205	0.243	0.187	0.209	0.294	0.089	0.091	0.101	0.221	0.162	0.177	0.237	0.230	0.122	0.186	0.171	0.165	0.090	0.091	0.099	0.094	0.092	0.092	0.091	0.094	0.093	0.093	0.092	0.093	0.090
8:00:10	20.4	0.090	0.092	0.091	0.092	0.093	0.093	0.091	0.091	0.091	0.091	0.097	0.092	0.091	0.187	0.278	0.153	0.152	0.237	0.214	0.244	0.242	0.144	0.265	0.093	0.090	0.187	0.208	0.217	0.240	0.253	0.208	0.209	0.241	0.259	0.236	0.092	0.090	0.178	0.158	0.209	0.102	0.257	0.160	0.179	0.170	0.227	0.214	0.091	0.091	0.155	0.230	0.217	0.244	0.164	0.271	0.153	0.231	0.199	0.266	0.090	0.092	0.242	0.261	0.213	0.211	0.232	0.209	0.251	0.193	0.215	0.301	0.090	0.091	0.103	0.229	0.168	0.183	0.241	0.236	0.128	0.191	0.176	0.171	0.091	0.092	0.099	0.094	0.092	0.092	0.092	0.094	0.094	0.093	0.092	0.093	0.090
9:00:12	20.3	0.090	0.092	0.091	0.092	0.093	0.093	0.090	0.091	0.091	0.090	0.096	0.092	0.090	0.192	0.285	0.158	0.157	0.245	0.219	0.250	0.248	0.148	0.270	0.093	0.089	0.193	0.212	0.222	0.245	0.258	0.213	0.215	0.244	0.266	0.242	0.092	0.090	0.183	0.163	0.215	0.105	0.266	0.166	0.184	0.176	0.238	0.223	0.091	0.091	0.159	0.238	0.222	0.253	0.169	0.280	0.159	0.236	0.207	0.274	0.090	0.092	0.249	0.266	0.219	0.218	0.238	0.213	0.256	0.198	0.218	0.305	0.089	0.091	0.106	0.236	0.175	0.188	0.244	0.240	0.133	0.197	0.182	0.178	0.090	0.091	0.099	0.094	0.092	0.092	0.091	0.094	0.093	0.093	0.092	0.093	0.090
10:00:13	20.3	0.090	0.091	0.091	0.092	0.093	0.093	0.090	0.090	0.091	0.090	0.091	0.092	0.090	0.200	0.291	0.163	0.163	0.250	0.224	0.257	0.257	0.154	0.275	0.092	0.090	0.198	0.219	0.227	0.250	0.263	0.218	0.220	0.251	0.271	0.248	0.092	0.090	0.188	0.169	0.220	0.110	0.274	0.174	0.191	0.181	0.244	0.229	0.091	0.090	0.164	0.250	0.228	0.256	0.173	0.292	0.164	0.242	0.220	0.280	0.090	0.092	0.254	0.275	0.226	0.223	0.246	0.216	0.264	0.203	0.222	0.312	0.089	0.091	0.110	0.242	0.182	0.194	0.248	0.248	0.139	0.203	0.188	0.186	0.090	0.091	0.099	0.095	0.092	0.092	0.091	0.094	0.093	0.093	0.092	0.092	0.090
11:00:14	20.3	0.090	0.091	0.091	0.092	0.093	0.093	0.091	0.091	0.091	0.091	0.092	0.092	0.090	0.207	0.298	0.168	0.170	0.256	0.230	0.264	0.264	0.160	0.285	0.092	0.090	0.204	0.230	0.234	0.258	0.268	0.223	0.225	0.256	0.280	0.253	0.092	0.090	0.194	0.174	0.228	0.117	0.294	0.183	0.198	0.188	0.252	0.232	0.091	0.091	0.168	0.254	0.234	0.264	0.179	0.303	0.170	0.249	0.226	0.285	0.090	0.092	0.260	0.279	0.233	0.229	0.250	0.221	0.270	0.210	0.228	0.317	0.090	0.091	0.115	0.250	0.190	0.202	0.260	0.254	0.146	0.209	0.196	0.196	0.090	0.092	0.099	0.095	0.092	0.092	0.092	0.094	0.094	0.094	0.092	0.093	0.090
12:00:15	20.3	0.089	0.091	0.091	0.092	0.093	0.093	0.090	0.090	0.091	0.091	0.092	0.091	0.090	0.210	0.304	0.173	0.178	0.262	0.237	0.269	0.271	0.166	0.292	0.092	0.090	0.211	0.235	0.241	0.263	0.273	0.231	0.234	0.258	0.284	0.259	0.092	0.090	0.200	0.180	0.234	0.125	0.309	0.191	0.207	0.195	0.261	0.236	0.091	0.090	0.173	0.258	0.241	0.271	0.184	0.309	0.178	0.255	0.235	0.290	0.090	0.092	0.268	0.288	0.242	0.234	0.256	0.226	0.275	0.218	0.233	0.325	0.089	0.091	0.123	0.258	0.200	0.209	0.269	0.263	0.155	0.218	0.204	0.205	0.090	0.092	0.093	0.095	0.091	0.092	0.091	0.094	0.093	0.093	0.092	0.093	0.090
13:00:15	20.3	0.089	0.091	0.091	0.092	0.093	0.093	0.090	0.090	0.091	0.091	0.091	0.092	0.090	0.214	0.311	0.180	0.187	0.269	0.243	0.275	0.277	0.175	0.299	0.092	0.090	0.216	0.242	0.248	0.271	0.279	0.236	0.237	0.267	0.290	0.268	0.092	0.090	0.207	0.189	0.240	0.136	0.319	0.198	0.214	0.203	0.267	0.244	0.091	0.090	0.179	0.262	0.248	0.273	0.193	0.316	0.186	0.260	0.244	0.303	0.090	0.092	0.274	0.292	0.251	0.238	0.262	0.233	0.285	0.226	0.241	0.330	0.089	0.091	0.136	0.261	0.207	0.217	0.276	0.271	0.170	0.226	0.212	0.216	0.090	0.091	0.093	0.094	0.091	0.092	0.091	0.094	0.093	0.093	0.091	0.093	0.090
14:00:16	20.4	0.090	0.091	0.091	0.092	0.093	0.094	0.091	0.090	0.091	0.091	0.092	0.092	0.091	0.218	0.317	0.190	0.196	0.276	0.249	0.282	0.284	0.184	0.303	0.093	0.090	0.223	0.250	0.256	0.278	0.285	0.241	0.241	0.271	0.298	0.277	0.092	0.090	0.216	0.199	0.247	0.144	0.330	0.207	0.222	0.210	0.276	0.254	0.091	0.091	0.187	0.264	0.257	0.284	0.203	0.322	0.194	0.266	0.252	0.311	0.090	0.092	0.282	0.301	0.257	0.246	0.271	0.242	0.291	0.233	0.248	0.336	0.089	0.091	0.144	0.268	0.214	0.227	0.282	0.279	0.179	0.234	0.222	0.224	0.090	0.092	0.100	0.095	0.092	0.092	0.091	0.094	0.093	0.093	0.092	0.093	0.090
15:00:18	20.4	0.090	0.092	0.091	0.092	0.093	0.094	0.091	0.091	0.091	0.091	0.092	0.092	0.091	0.222	0.324	0.199	0.207	0.283	0.255	0.290	0.290	0.194	0.309	0.093	0.090	0.226	0.255	0.263	0.286	0.290	0.249	0.248	0.279	0.303	0.285	0.092	0.090	0.225	0.208	0.254	0.172	0.342	0.217	0.229	0.219	0.289	0.264	0.092	0.091	0.197	0.272	0.265	0.290	0.215	0.328	0.203	0.272	0.259	0.318	0.091	0.092	0.290	0.308	0.263	0.255	0.278	0.252	0.296	0.242	0.256	0.343	0.090	0.092	0.175	0.275	0.222	0.236	0.289	0.286	0.188	0.243	0.231	0.233	0.091	0.092	0.100	0.095	0.092	0.092	0.092	0.094	0.094	0.093	0.092	0.093	0.090
16:00:18	20.5	0.090	0.091	0.091	0.092	0.093	0.093	0.090	0.091	0.091	0.091	0.092	0.092	0.090	0.229	0.330	0.209	0.216	0.289	0.263	0.296	0.297	0.203	0.314	0.093	0.090	0.232	0.262	0.268	0.292	0.297	0.255	0.256	0.285	0.310	0.291	0.092	0.090	0.235	0.217	0.261	0.196	0.354	0.224	0.237	0.227	0.297	0.271	0.091	0.091	0.206	0.280	0.271	0.299	0.225	0.335	0.209	0.278	0.264	0.324	0.091	0.092	0.299	0.313	0.268	0.260	0.282	0.258	0.302	0.250	0.265	0.348	0.090	0.092	0.204	0.285	0.231	0.245	0.297	0.292	0.195	0.250	0.239	0.243	0.091	0.092	0.097	0.095	0.092	0.092	0.091	0.094	0.094	0.093	0.092	0.093	0.090
17:00:19	20.5	0.090	0.091	0.091	0.092	0.093	0.094	0.090	0.091	0.091	0.091	0.092	0.092	0.091	0.236	0.335	0.218	0.227	0.295	0.271	0.303	0.303	0.212	0.321	0.093	0.090	0.239	0.270	0.274	0.301	0.305	0.264	0.265	0.294	0.316	0.299	0.092	0.090	0.243	0.228	0.268	0.208	0.361	0.234	0.245	0.235	0.275	0.279	0.091	0.091	0.217	0.287	0.276	0.306	0.234	0.344	0.217	0.285	0.271	0.331	0.091	0.092	0.309	0.320	0.273	0.265	0.287	0.264	0.309	0.258	0.274	0.353	0.089	0.092	0.206	0.293	0.240	0.253	0.304	0.299	0.205	0.260	0.247	0.253	0.090	0.098	0.093	0.095	0.092	0.092	0.091	0.094	0.094	0.093	0.092	0.093	0.090
18:00:20	20.6	0.090	0.092	0.091	0.092	0.093	0.094	0.090	0.091	0.091	0.091	0.092	0.092	0.090	0.242	0.343	0.229	0.237	0.302	0.277	0.309	0.308	0.221	0.327	0.093	0.090	0.247	0.279	0.281	0.308	0.313	0.272	0.273	0.299	0.323	0.304	0.092	0.091	0.253	0.237	0.275	0.222	0.372	0.246	0.253	0.244	0.282	0.284	0.091	0.091	0.226	0.295	0.282	0.312	0.243	0.356	0.226	0.293	0.278	0.336	0.090	0.092	0.318	0.328	0.279	0.274	0.293	0.272	0.317	0.263	0.283	0.359	0.090	0.091	0.212	0.302	0.251	0.264	0.313	0.305	0.217	0.267	0.256	0.266	0.090	0.092	0.093	0.095	0.092	0.092	0.092	0.094	0.094	0.094	0.092	0.093	0.090
19:00:22	20.6	0.090	0.092	0.091	0.092	0.093	0.093	0.091	0.091	0.091	0.091	0.092	0.092	0.091	0.251	0.352	0.239	0.248	0.309	0.283	0.318	0.316	0.230	0.335	0.093	0.090	0.256	0.287	0.289	0.317	0.323	0.279	0.284	0.306	0.329	0.313	0.092	0.091	0.262	0.247	0.285	0.237	0.382	0.259	0.262	0.253	0.290	0.293	0.091	0.091	0.234	0.304	0.289	0.323	0.251	0.367	0.235	0.299	0.288	0.341	0.091	0.093	0.328	0.335	0.285	0.283	0.301	0.280	0.327	0.269	0.292	0.365	0.090	0.092	0.227	0.313	0.266	0.272	0.323	0.313	0.229	0.274	0.265	0.277	0.090	0.095	0.093	0.095	0.092	0.092	0.091	0.094	0.094	0.094	0.092	0.093	0.090
20:00:23	20.7	0.090	0.092	0.091	0.092	0.093	0.093	0.091	0.091	0.091	0.091	0.092	0.092	0.091	0.259	0.361	0.250	0.258	0.318	0.291	0.327	0.327	0.239	0.345	0.092	0.090	0.267	0.294	0.299	0.325	0.329	0.286	0.293	0.314	0.337	0.320	0.092	0.090	0.271	0.257	0.293	0.256	0.393	0.271	0.272	0.263	0.299	0.296	0.091	0.091	0.244	0.315	0.297	0.332	0.262	0.379	0.246	0.308	0.299	0.348	0.091	0.092	0.339	0.344	0.294	0.292	0.311	0.290	0.336	0.276	0.301	0.372	0.090	0.092	0.247	0.325	0.278	0.282	0.333	0.322	0.241	0.282	0.275	0.288	0.090	0.093	0.093	0.095	0.092	0.092	0.092	0.094	0.094	0.094	0.092	0.093	0.090
21:00:23	20.7	0.090	0.091	0.091	0.092	0.093	0.093	0.091	0.091	0.091	0.091	0.091	0.092	0.090	0.269	0.371	0.260	0.268	0.327	0.301	0.336	0.337	0.249	0.355	0.093	0.089	0.277	0.305	0.308	0.335	0.338	0.295	0.303	0.322	0.347	0.329	0.092	0.090	0.281	0.267	0.302	0.274	0.404	0.281	0.281	0.276	0.308	0.304	0.091	0.090	0.253	0.326	0.307	0.343	0.272	0.391	0.257	0.317	0.309	0.356	0.090	0.092	0.351	0.353	0.302	0.301	0.321	0.299	0.347	0.284	0.311	0.381	0.090	0.092	0.266	0.336	0.292	0.292	0.344	0.332	0.255	0.291	0.286	0.300	0.090	0.097	0.093	0.095	0.092	0.092	0.091	0.094	0.094	0.093	0.092	0.093	0.090
22:00:24	20.7	0.090	0.091	0.091	0.092	0.093	0.094	0.091	0.091	0.091	0.091	0.092	0.092	0.091	0.280	0.382	0.270	0.279	0.339	0.311	0.347	0.348	0.261	0.366	0.093	0.090	0.287	0.315	0.318	0.346	0.348	0.304	0.313	0.331	0.357	0.338	0.092	0.090	0.291	0.279	0.313	0.292	0.416	0.292	0.293	0.288	0.319	0.315	0.091	0.091	0.262	0.338	0.317	0.354	0.282	0.404	0.269	0.328	0.319	0.365	0.090	0.093	0.364	0.364	0.312	0.311	0.332	0.311	0.359	0.293	0.320	0.391	0.090	0.092	0.284	0.348	0.306	0.302	0.355	0.344	0.270	0.302	0.298	0.313	0.091	0.093	0.093	0.095	0.092	0.092	0.092	0.095	0.094	0.093	0.092	0.093	0.090
23:00:24	20.7	0.090	0.092	0.091	0.092	0.093	0.094	0.091	0.091	0.092	0.091	0.092	0.092	0.091	0.293	0.394	0.280	0.291	0.350	0.322	0.358	0.360	0.273	0.379	0.093	0.090	0.297	0.326	0.329	0.357	0.359	0.315	0.324	0.342	0.368	0.348	0.092	0.090	0.303	0.290	0.326	0.311	0.428	0.303	0.305	0.300	0.329	0.325	0.091	0.091	0.273	0.351	0.328	0.365	0.293	0.416	0.282	0.340	0.332	0.375	0.091	0.093	0.378	0.376	0.322	0.322	0.345	0.323	0.372	0.304	0.332	0.401	0.090	0.092	0.302	0.361	0.318	0.313	0.368	0.356	0.285	0.314	0.310	0.326	0.090	0.093	0.093	0.096	0.092	0.092	0.091	0.094	0.094	0.094	0.092	0.093	0.090
24:00:26	20.8	0.090	0.092	0.091	0.092	0.093	0.093	0.091	0.091	0.091	0.091	0.092	0.092	0.090	0.305	0.406	0.288	0.303	0.363	0.333	0.370	0.373	0.286	0.391	0.092	0.090	0.309	0.337	0.340	0.371	0.370	0.325	0.337	0.353	0.379	0.359	0.092	0.090	0.314	0.301	0.338	0.330	0.442	0.314	0.318	0.312	0.341	0.336	0.091	0.091	0.285	0.363	0.340	0.378	0.306	0.431	0.293	0.352	0.344	0.385	0.090	0.092	0.392	0.388	0.334	0.333	0.358	0.334	0.384	0.315	0.343	0.412	0.090	0.092	0.318	0.375	0.332	0.325	0.381	0.369	0.300	0.326	0.321	0.340	0.090	0.093	0.093	0.095	0.092	0.092	0.091	0.094	0.094	0.093	0.092	0.093	0.090
25:00:26	21.0	0.090	0.091	0.091	0.092	0.093	0.093	0.091	0.091	0.091	0.091	0.092	0.092	0.090	0.318	0.419	0.300	0.315	0.375	0.345	0.383	0.386	0.298	0.405	0.093	0.090	0.321	0.349	0.352	0.383	0.382	0.338	0.349	0.365	0.391	0.372	0.092	0.090	0.325	0.312	0.349	0.348	0.456	0.326	0.330	0.323	0.352	0.349	0.091	0.091	0.296	0.378	0.352	0.392	0.316	0.445	0.305	0.366	0.356	0.398	0.091	0.092	0.408	0.401	0.347	0.347	0.372	0.348	0.397	0.327	0.356	0.423	0.090	0.092	0.336	0.389	0.345	0.336	0.395	0.383	0.316	0.340	0.335	0.354	0.090	0.093	0.093	0.095	0.092	0.092	0.092	0.094	0.094	0.093	0.092	0.093	0.090
26:00:27	21.1	0.090	0.092	0.091	0.092	0.093	0.094	0.091	0.091	0.091	0.091	0.092	0.092	0.091	0.334	0.434	0.312	0.329	0.390	0.358	0.396	0.401	0.312	0.420	0.093	0.090	0.334	0.361	0.366	0.396	0.395	0.351	0.362	0.377	0.405	0.385	0.092	0.091	0.336	0.325	0.362	0.367	0.471	0.340	0.344	0.336	0.364	0.362	0.091	0.091	0.307	0.394	0.365	0.406	0.328	0.461	0.319	0.380	0.371	0.409	0.090	0.092	0.424	0.415	0.360	0.360	0.386	0.363	0.411	0.340	0.370	0.435	0.090	0.092	0.355	0.405	0.358	0.348	0.410	0.398	0.332	0.355	0.348	0.368	0.091	0.093	0.094	0.095	0.092	0.092	0.092	0.094	0.094	0.094	0.092	0.093	0.090
27:00:28	21.3	0.090	0.092	0.091	0.093	0.093	0.094	0.091	0.091	0.091	0.091	0.092	0.092	0.091	0.349	0.448	0.324	0.343	0.406	0.374	0.411	0.416	0.325	0.436	0.093	0.090	0.348	0.375	0.381	0.413	0.407	0.366	0.376	0.389	0.420	0.400	0.092	0.091	0.348	0.338	0.375	0.385	0.487	0.351	0.357	0.349	0.379	0.377	0.092	0.091	0.319	0.410	0.380	0.422	0.340	0.478	0.332	0.396	0.386	0.423	0.091	0.093	0.441	0.429	0.375	0.375	0.401	0.378	0.427	0.354	0.385	0.449	0.090	0.092	0.375	0.420	0.373	0.362	0.425	0.414	0.348	0.371	0.361	0.382	0.091	0.093	0.094	0.095	0.092	0.093	0.092	0.095	0.094	0.094	0.092	0.093	0.091
28:00:29	21.5	0.090	0.092	0.091	0.092	0.093	0.093	0.091	0.091	0.091	0.091	0.092	0.092	0.091	0.366	0.463	0.335	0.358	0.421	0.387	0.424	0.431	0.339	0.452	0.093	0.090	0.362	0.390	0.396	0.428	0.421	0.381	0.392	0.403	0.435	0.415	0.092	0.091	0.361	0.351	0.389	0.405	0.500	0.363	0.370	0.361	0.393	0.390	0.091	0.091	0.330	0.428	0.394	0.438	0.354	0.496	0.347	0.411	0.401	0.437	0.090	0.092	0.458	0.444	0.390	0.391	0.418	0.393	0.442	0.368	0.400	0.462	0.090	0.092	0.394	0.437	0.388	0.376	0.442	0.429	0.366	0.387	0.375	0.397	0.090	0.093	0.094	0.095	0.092	0.093	0.092	0.094	0.094	0.094	0.092	0.093	0.090
29:00:30	21.6	0.090	0.092	0.091	0.093	0.093	0.094	0.091	0.091	0.091	0.091	0.092	0.092	0.091	0.384	0.480	0.348	0.373	0.438	0.404	0.440	0.448	0.353	0.468	0.093	0.090	0.379	0.404	0.413	0.447	0.436	0.396	0.406	0.417	0.451	0.431	0.092	0.091	0.373	0.363	0.405	0.427	0.517	0.377	0.383	0.375	0.410	0.407	0.091	0.091	0.344	0.447	0.410	0.456	0.368	0.516	0.361	0.428	0.417	0.452	0.091	0.092	0.479	0.460	0.406	0.408	0.436	0.411	0.459	0.385	0.416	0.477	0.090	0.092	0.412	0.455	0.405	0.391	0.459	0.446	0.386	0.405	0.390	0.412	0.091	0.094	0.094	0.095	0.092	0.093	0.092	0.094	0.094	0.094	0.092	0.093	0.090
30:00:31	21.6	0.090	0.092	0.091	0.093	0.093	0.094	0.091	0.091	0.091	0.091	0.092	0.092	0.091	0.402	0.499	0.363	0.388	0.456	0.421	0.456	0.464	0.368	0.486	0.093	0.090	0.394	0.419	0.431	0.464	0.452	0.413	0.422	0.432	0.470	0.445	0.092	0.091	0.387	0.376	0.421	0.450	0.532	0.391	0.398	0.389	0.426	0.423	0.091	0.091	0.356	0.466	0.426	0.475	0.383	0.533	0.376	0.444	0.434	0.466	0.091	0.092	0.497	0.477	0.423	0.425	0.456	0.428	0.477	0.401	0.432	0.492	0.090	0.092	0.431	0.472	0.422	0.406	0.476	0.463	0.405	0.424	0.404	0.429	0.090	0.093	0.094	0.095	0.092	0.093	0.092	0.095	0.094	0.094	0.092	0.093	0.090
31:00:33	21.6	0.090	0.092	0.091	0.092	0.093	0.094	0.091	0.091	0.091	0.091	0.092	0.092	0.091	0.422	0.518	0.376	0.403	0.475	0.437	0.472	0.482	0.382	0.505	0.093	0.090	0.410	0.435	0.449	0.483	0.468	0.430	0.440	0.448	0.488	0.462	0.092	0.090	0.401	0.390	0.437	0.472	0.550	0.404	0.412	0.401	0.443	0.440	0.091	0.091	0.370	0.487	0.443	0.494	0.398	0.553	0.391	0.464	0.451	0.481	0.090	0.092	0.518	0.494	0.440	0.442	0.476	0.446	0.496	0.418	0.450	0.508	0.090	0.092	0.452	0.492	0.438	0.422	0.495	0.481	0.424	0.444	0.420	0.443	0.090	0.094	0.094	0.095	0.092	0.093	0.092	0.094	0.094	0.094	0.092	0.093	0.090
32:00:33	21.4	0.090	0.092	0.091	0.092	0.093	0.093	0.091	0.091	0.091	0.091	0.092	0.092	0.091	0.441	0.538	0.390	0.419	0.492	0.456	0.487	0.501	0.396	0.524	0.093	0.090	0.427	0.450	0.467	0.501	0.484	0.448	0.457	0.464	0.507	0.479	0.092	0.090	0.417	0.403	0.453	0.497	0.564	0.418	0.429	0.415	0.461	0.457	0.091	0.091	0.385	0.507	0.460	0.514	0.414	0.573	0.408	0.482	0.469	0.498	0.090	0.092	0.538	0.512	0.458	0.461	0.498	0.463	0.517	0.436	0.468	0.524	0.090	0.092	0.470	0.511	0.457	0.439	0.512	0.498	0.445	0.463	0.435	0.461	0.090	0.093	0.093	0.095	0.092	0.093	0.092	0.094	0.094	0.094	0.092	0.093	0.090
33:00:33	21.3	0.090	0.092	0.091	0.092	0.093	0.094	0.091	0.091	0.091	0.091	0.092	0.094	0.091	0.462	0.559	0.403	0.433	0.513	0.473	0.504	0.522	0.412	0.544	0.093	0.090	0.445	0.467	0.488	0.522	0.501	0.466	0.474	0.481	0.525	0.496	0.092	0.091	0.432	0.416	0.471	0.520	0.582	0.433	0.446	0.429	0.479	0.476	0.091	0.091	0.400	0.527	0.479	0.535	0.429	0.592	0.424	0.502	0.487	0.515	0.091	0.092	0.562	0.530	0.478	0.480	0.519	0.483	0.539	0.454	0.486	0.540	0.090	0.092	0.488	0.531	0.476	0.454	0.532	0.516	0.465	0.483	0.450	0.476	0.090	0.093	0.094	0.095	0.092	0.093	0.092	0.095	0.094	0.094	0.092	0.093	0.090
34:00:35	21.1	0.090	0.092	0.091	0.092	0.093	0.093	0.090	0.091	0.091	0.091	0.092	0.092	0.091	0.483	0.581	0.417	0.446	0.534	0.491	0.521	0.543	0.426	0.566	0.093	0.090	0.464	0.483	0.509	0.543	0.518	0.483	0.490	0.497	0.546	0.513	0.092	0.090	0.448	0.430	0.488	0.542	0.597	0.447	0.462	0.443	0.497	0.495	0.091	0.091	0.414	0.548	0.498	0.557	0.447	0.614	0.442	0.521	0.506	0.531	0.090	0.092	0.585	0.548	0.497	0.499	0.541	0.501	0.560	0.473	0.505	0.557	0.090	0.092	0.508	0.549	0.495	0.469	0.551	0.535	0.483	0.503	0.464	0.492	0.090	0.093	0.093	0.095	0.092	0.093	0.091	0.095	0.094	0.094	0.092	0.093	0.090
35:00:36	20.9	0.090	0.092	0.091	0.092	0.093	0.094	0.091	0.091	0.091	0.091	0.092	0.092	0.091	0.503	0.606	0.432	0.461	0.556	0.509	0.538	0.565	0.439	0.584	0.092	0.090	0.482	0.502	0.530	0.566	0.536	0.502	0.509	0.514	0.567	0.530	0.092	0.090	0.464	0.443	0.506	0.564	0.613	0.462	0.479	0.456	0.517	0.512	0.091	0.091	0.430	0.568	0.516	0.576	0.462	0.635	0.457	0.542	0.525	0.548	0.090	0.091	0.607	0.566	0.517	0.519	0.566	0.519	0.584	0.493	0.526	0.577	0.090	0.092	0.528	0.571	0.511	0.484	0.571	0.552	0.504	0.523	0.481	0.508	0.090	0.093	0.093	0.095	0.092	0.092	0.092	0.094	0.094	0.094	0.092	0.093	0.090
36:00:36	20.8	0.090	0.092	0.091	0.092	0.093	0.094	0.091	0.091	0.092	0.091	0.092	0.092	0.091	0.524	0.629	0.445	0.475	0.579	0.525	0.557	0.588	0.453	0.604	0.093	0.090	0.503	0.520	0.550	0.589	0.554	0.521	0.526	0.533	0.588	0.550	0.092	0.091	0.481	0.456	0.524	0.587	0.628	0.477	0.498	0.470	0.536	0.530	0.091	0.091	0.444	0.592	0.536	0.600	0.476	0.654	0.476	0.565	0.545	0.566	0.091	0.092	0.631	0.586	0.536	0.538	0.589	0.537	0.609	0.513	0.546	0.595	0.090	0.092	0.549	0.593	0.528	0.498	0.591	0.572	0.526	0.543	0.495	0.523	0.091	0.094	0.094	0.095	0.092	0.093	0.092	0.095	0.094	0.094	0.092	0.093	0.090
37:00:37	20.5	0.090	0.091	0.091	0.092	0.093	0.094	0.091	0.091	0.091	0.091	0.092	0.092	0.091	0.545	0.653	0.459	0.490	0.605	0.542	0.574	0.612	0.467	0.626	0.093	0.090	0.522	0.538	0.573	0.611	0.571	0.540	0.545	0.551	0.609	0.567	0.092	0.091	0.497	0.469	0.543	0.609	0.645	0.491	0.514	0.485	0.555	0.546	0.091	0.091	0.458	0.616	0.555	0.622	0.492	0.676	0.493	0.586	0.564	0.583	0.091	0.092	0.656	0.603	0.554	0.558	0.613	0.555	0.633	0.535	0.570	0.613	0.090	0.092	0.569	0.614	0.546	0.512	0.611	0.590	0.545	0.564	0.509	0.537	0.091	0.093	0.093	0.095	0.092	0.093	0.092	0.095	0.094	0.094	0.092	0.093	0.090
38:00:47	20.3	0.090	0.092	0.091	0.092	0.093	0.094	0.091	0.091	0.092	0.091	0.092	0.092	0.091	0.566	0.678	0.473	0.504	0.629	0.561	0.591	0.636	0.482	0.651	0.093	0.090	0.543	0.555	0.594	0.634	0.590	0.561	0.563	0.570	0.634	0.583	0.092	0.091	0.514	0.482	0.561	0.631	0.659	0.507	0.531	0.498	0.575	0.565	0.091	0.091	0.472	0.639	0.574	0.644	0.506	0.698	0.511	0.610	0.581	0.600	0.091	0.092	0.682	0.624	0.574	0.581	0.638	0.572	0.659	0.553	0.590	0.632	0.090	0.092	0.588	0.635	0.563	0.525	0.631	0.610	0.571	0.587	0.522	0.551	0.091	0.093	0.093	0.096	0.092	0.093	0.092	0.094	0.094	0.094	0.092	0.093	0.090
39:00:39	20.1	0.090	0.092	0.091	0.092	0.093	0.094	0.091	0.091	0.091	0.091	0.092	0.092	0.091	0.586	0.703	0.487	0.517	0.656	0.580	0.610	0.663	0.496	0.671	0.093	0.090	0.564	0.575	0.615	0.660	0.608	0.581	0.581	0.589	0.658	0.600	0.092	0.091	0.530	0.495	0.578	0.653	0.672	0.519	0.552	0.513	0.596	0.584	0.091	0.091	0.485	0.664	0.593	0.668	0.521	0.720	0.530	0.632	0.598	0.618	0.091	0.092	0.707	0.644	0.593	0.600	0.664	0.590	0.685	0.572	0.611	0.651	0.090	0.092	0.607	0.656	0.579	0.538	0.650	0.629	0.591	0.607	0.536	0.567	0.090	0.093	0.094	0.095	0.092	0.093	0.092	0.095	0.094	0.094	0.092	0.093	0.090
40:00:41	20.0	0.090	0.092	0.091	0.092	0.092	0.093	0.091	0.091	0.092	0.091	0.092	0.092	0.091	0.605	0.729	0.499	0.531	0.681	0.598	0.628	0.687	0.509	0.694	0.093	0.090	0.585	0.592	0.635	0.682	0.628	0.600	0.599	0.608	0.682	0.618	0.092	0.091	0.546	0.508	0.594	0.672	0.685	0.532	0.570	0.527	0.616	0.602	0.091	0.091	0.498	0.687	0.611	0.689	0.534	0.739	0.548	0.655	0.618	0.634	0.090	0.092	0.733	0.662	0.613	0.621	0.690	0.605	0.711	0.590	0.631	0.669	0.090	0.092	0.626	0.676	0.594	0.549	0.668	0.645	0.610	0.627	0.549	0.579	0.090	0.093	0.094	0.095	0.092	0.093	0.092	0.095	0.094	0.093	0.092	0.093	0.090
41:00:42	20.0	0.090	0.092	0.091	0.093	0.093	0.094	0.091	0.091	0.092	0.091	0.092	0.093	0.091	0.624	0.756	0.513	0.543	0.706	0.618	0.646	0.716	0.524	0.717	0.093	0.090	0.607	0.611	0.659	0.706	0.645	0.620	0.618	0.628	0.707	0.637	0.092	0.091	0.563	0.523	0.612	0.695	0.697	0.548	0.588	0.540	0.638	0.621	0.091	0.091	0.512	0.713	0.631	0.712	0.549	0.758	0.567	0.683	0.636	0.651	0.091	0.093	0.768	0.685	0.633	0.642	0.715	0.623	0.736	0.610	0.652	0.697	0.090	0.092	0.641	0.696	0.608	0.561	0.687	0.665	0.627	0.646	0.562	0.591	0.091	0.093	0.094	0.096	0.092	0.093	0.092	0.095	0.094	0.094	0.092	0.093	0.091
42:00:44	20.0	0.090	0.092	0.092	0.093	0.093	0.094	0.091	0.091	0.092	0.091	0.092	0.093	0.091	0.643	0.777	0.524	0.556	0.730	0.634	0.661	0.741	0.533	0.741	0.093	0.090	0.628	0.628	0.682	0.729	0.664	0.639	0.636	0.649	0.732	0.655	0.093	0.091	0.577	0.536	0.629	0.712	0.710	0.559	0.601	0.553	0.652	0.636	0.092	0.091	0.524	0.735	0.648	0.732	0.560	0.775	0.585	0.704	0.655	0.668	0.091	0.093	0.789	0.703	0.653	0.662	0.738	0.636	0.758	0.628	0.672	0.716	0.090	0.092	0.654	0.714	0.620	0.569	0.704	0.682	0.643	0.664	0.572	0.603	0.091	0.093	0.094	0.096	0.092	0.094	0.092	0.095	0.095	0.094	0.092	0.094	0.091
43:00:45	20.0	0.090	0.092	0.091	0.092	0.093	0.094	0.091	0.091	0.092	0.091	0.092	0.092	0.091	0.660	0.792	0.535	0.567	0.751	0.653	0.680	0.760	0.544	0.759	0.093	0.090	0.648	0.645	0.706	0.753	0.683	0.657	0.651	0.667	0.756	0.672	0.092	0.091	0.592	0.548	0.644	0.721	0.720	0.572	0.615	0.565	0.673	0.656	0.091	0.091	0.536	0.757	0.665	0.748	0.569	0.789	0.602	0.729	0.671	0.684	0.091	0.092	0.806	0.721	0.673	0.681	0.755	0.650	0.775	0.643	0.690	0.734	0.090	0.092	0.663	0.728	0.632	0.579	0.721	0.700	0.641	0.682	0.583	0.614	0.090	0.093	0.094	0.096	0.092	0.093	0.092	0.095	0.094	0.094	0.092	0.093	0.091
44:00:46	20.0	0.090	0.091	0.091	0.092	0.093	0.093	0.091	0.091	0.092	0.091	0.092	0.092	0.091	0.674	0.805	0.546	0.576	0.767	0.671	0.695	0.777	0.555	0.779	0.093	0.090	0.668	0.662	0.728	0.770	0.699	0.675	0.670	0.687	0.779	0.689	0.092	0.091	0.606	0.559	0.663	0.734	0.732	0.582	0.629	0.576	0.691	0.672	0.091	0.091	0.546	0.776	0.683	0.762	0.577	0.805	0.615	0.750	0.689	0.700	0.091	0.092	0.823	0.739	0.694	0.699	0.770	0.658	0.788	0.662	0.705	0.754	0.090	0.092	0.676	0.740	0.643	0.586	0.735	0.716	0.655	0.698	0.591	0.623	0.091	0.093	0.094	0.096	0.092	0.093	0.092	0.095	0.094	0.094	0.092	0.093	0.090
45:00:46	19.9	0.090	0.092	0.091	0.092	0.093	0.094	0.091	0.091	0.092	0.091	0.092	0.093	0.091	0.687	0.817	0.555	0.585	0.783	0.690	0.712	0.791	0.566	0.797	0.094	0.090	0.685	0.677	0.748	0.784	0.718	0.692	0.688	0.706	0.795	0.705	0.092	0.091	0.619	0.567	0.679	0.745	0.742	0.590	0.642	0.588	0.706	0.689	0.092	0.091	0.555	0.792	0.699	0.776	0.585	0.820	0.622	0.769	0.707	0.714	0.091	0.092	0.835	0.754	0.709	0.713	0.783	0.678	0.800	0.678	0.717	0.768	0.090	0.092	0.686	0.750	0.654	0.594	0.746	0.728	0.629	0.711	0.599	0.631	0.091	0.093	0.094	0.096	0.092	0.093	0.092	0.095	0.094	0.094	0.092	0.093	0.090
46:00:48	19.9	0.090	0.092	0.091	0.092	0.093	0.094	0.091	0.091	0.091	0.091	0.092	0.092	0.091	0.699	0.827	0.562	0.592	0.792	0.703	0.725	0.801	0.574	0.812	0.093	0.090	0.699	0.693	0.761	0.794	0.732	0.706	0.698	0.724	0.808	0.722	0.092	0.091	0.631	0.581	0.692	0.755	0.749	0.600	0.655	0.598	0.719	0.710	0.091	0.091	0.563	0.802	0.712	0.784	0.589	0.831	0.636	0.785	0.724	0.726	0.091	0.091	0.848	0.766	0.723	0.722	0.794	0.690	0.811	0.693	0.728	0.781	0.090	0.092	0.695	0.758	0.661	0.598	0.755	0.738	0.633	0.721	0.604	0.636	0.090	0.093	0.094	0.096	0.092	0.093	0.092	0.095	0.094	0.094	0.092	0.093	0.090
47:00:48	19.9	0.090	0.091	0.091	0.092	0.093	0.094	0.091	0.091	0.092	0.091	0.092	0.092	0.091	0.708	0.835	0.568	0.598	0.803	0.716	0.729	0.811	0.580	0.824	0.093	0.090	0.712	0.705	0.777	0.806	0.746	0.720	0.708	0.741	0.823	0.743	0.092	0.090	0.640	0.588	0.705	0.768	0.755	0.606	0.665	0.604	0.729	0.725	0.091	0.091	0.570	0.820	0.724	0.799	0.595	0.844	0.647	0.799	0.743	0.735	0.091	0.092	0.859	0.778	0.734	0.730	0.804	0.700	0.818	0.706	0.736	0.791	0.090	0.092	0.703	0.765	0.669	0.602	0.764	0.746	0.638	0.734	0.607	0.641	0.090	0.093	0.094	0.096	0.092	0.093	0.092	0.095	0.094	0.094	0.092	0.093	0.090
48:00:50	19.9	0.090	0.091	0.091	0.092	0.093	0.094	0.091	0.091	0.092	0.091	0.092	0.093	0.091	0.716	0.843	0.576	0.604	0.813	0.729	0.742	0.818	0.588	0.833	0.094	0.090	0.722	0.717	0.791	0.814	0.754	0.731	0.726	0.753	0.834	0.754	0.092	0.091	0.648	0.595	0.716	0.780	0.761	0.613	0.676	0.612	0.741	0.738	0.091	0.091	0.577	0.826	0.734	0.808	0.597	0.853	0.659	0.811	0.756	0.743	0.091	0.092	0.870	0.788	0.744	0.736	0.812	0.740	0.825	0.717	0.744	0.799	0.090	0.092	0.714	0.770	0.674	0.605	0.772	0.754	0.641	0.745	0.612	0.645	0.091	0.093	0.094	0.096	0.092	0.093	0.092	0.095	0.094	0.094	0.092	0.093	0.091
49:00:50	19.8	0.090	0.092	0.091	0.092	0.093	0.093	0.091	0.091	0.091	0.091	0.092	0.092	0.091	0.737	0.850	0.580	0.608	0.820	0.739	0.749	0.826	0.593	0.841	0.093	0.090	0.731	0.727	0.802	0.821	0.763	0.743	0.734	0.759	0.843	0.767	0.092	0.091	0.655	0.600	0.724	0.792	0.767	0.617	0.684	0.618	0.750	0.747	0.091	0.091	0.582	0.841	0.743	0.797	0.599	0.857	0.678	0.820	0.767	0.748	0.091	0.092	0.881	0.797	0.752	0.741	0.819	0.759	0.831	0.725	0.750	0.806	0.090	0.092	0.728	0.775	0.680	0.608	0.780	0.764	0.640	0.752	0.615	0.648	0.090	0.093	0.093	0.095	0.092	0.093	0.092	0.095	0.094	0.093	0.092	0.093	0.090
50:00:51	19.8	0.090	0.092	0.091	0.092	0.093	0.094	0.091	0.091	0.092	0.091	0.092	0.092	0.091	0.742	0.856	0.585	0.612	0.827	0.749	0.759	0.830	0.597	0.849	0.093	0.090	0.738	0.735	0.808	0.830	0.767	0.749	0.729	0.768	0.851	0.773	0.092	0.091	0.661	0.605	0.734	0.800	0.774	0.621	0.691	0.623	0.758	0.758	0.091	0.091	0.587	0.853	0.751	0.768	0.601	0.867	0.686	0.827	0.776	0.754	0.091	0.092	0.888	0.806	0.761	0.744	0.825	0.719	0.836	0.735	0.755	0.812	0.090	0.092	0.742	0.780	0.684	0.609	0.786	0.770	0.640	0.757	0.618	0.652	0.091	0.093	0.094	0.096	0.092	0.093	0.092	0.095	0.094	0.094	0.092	0.093	0.090
51:00:52	19.9	0.090	0.091	0.091	0.092	0.093	0.093	0.091	0.091	0.092	0.091	0.092	0.092	0.091	0.747	0.861	0.587	0.613	0.832	0.761	0.772	0.833	0.599	0.858	0.093	0.090	0.742	0.742	0.821	0.835	0.783	0.758	0.747	0.777	0.861	0.780	0.092	0.091	0.666	0.607	0.742	0.807	0.781	0.624	0.696	0.626	0.766	0.768	0.091	0.091	0.590	0.861	0.759	0.766	0.602	0.845	0.693	0.830	0.787	0.758	0.091	0.093	0.895	0.813	0.768	0.748	0.829	0.736	0.839	0.742	0.759	0.817	0.090	0.092	0.751	0.783	0.687	0.610	0.792	0.774	0.639	0.765	0.619	0.653	0.090	0.093	0.093	0.096	0.092	0.093	0.092	0.094	0.094	0.094	0.092	0.093	0.090
52:00:53	20.1	0.090	0.091	0.091	0.092	0.093	0.094	0.091	0.091	0.091	0.091	0.092	0.092	0.091	0.750	0.864	0.589	0.615	0.836	0.788	0.726	0.836	0.601	0.866	0.093	0.090	0.746	0.748	0.833	0.840	0.787	0.769	0.764	0.780	0.862	0.787	0.092	0.091	0.670	0.609	0.749	0.813	0.786	0.625	0.701	0.628	0.774	0.777	0.091	0.091	0.590	0.871	0.767	0.765	0.603	0.829	0.684	0.814	0.792	0.754	0.091	0.092	0.901	0.821	0.775	0.750	0.832	0.726	0.840	0.765	0.762	0.821	0.090	0.092	0.756	0.786	0.690	0.611	0.796	0.779	0.639	0.782	0.620	0.654	0.090	0.093	0.093	0.095	0.092	0.093	0.092	0.095	0.094	0.094	0.092	0.093	0.090
53:00:54	20.3	0.090	0.092	0.091	0.092	0.093	0.094	0.091	0.091	0.092	0.091	0.092	0.093	0.091	0.754	0.866	0.590	0.616	0.839	0.794	0.707	0.835	0.602	0.875	0.093	0.090	0.750	0.753	0.866	0.844	0.790	0.778	0.763	0.782	0.867	0.795	0.092	0.091	0.674	0.610	0.756	0.819	0.790	0.627	0.705	0.631	0.780	0.786	0.091	0.091	0.591	0.884	0.773	0.763	0.604	0.831	0.683	0.840	0.800	0.718	0.091	0.092	0.907	0.827	0.780	0.751	0.836	0.732	0.839	0.784	0.764	0.824	0.090	0.092	0.761	0.788	0.693	0.611	0.801	0.783	0.640	0.787	0.619	0.654	0.091	0.093	0.094	0.096	0.092	0.093	0.092	0.095	0.094	0.094	0.092	0.093	0.090
54:00:55	20.3	0.090	0.092	0.091	0.092	0.093	0.094	0.091	0.091	0.092	0.091	0.092	0.092	0.091	0.757	0.868	0.590	0.616	0.841	0.799	0.723	0.837	0.603	0.883	0.093	0.090	0.753	0.759	0.812	0.847	0.792	0.783	0.815	0.784	0.869	0.802	0.092	0.090	0.676	0.612	0.761	0.822	0.795	0.629	0.708	0.632	0.786	0.795	0.091	0.091	0.590	0.813	0.778	0.757	0.603	0.818	0.691	0.843	0.805	0.695	0.091	0.092	0.943	0.832	0.784	0.752	0.837	0.742	0.840	0.792	0.766	0.825	0.090	0.092	0.765	0.790	0.696	0.611	0.805	0.785	0.641	0.668	0.619	0.654	0.090	0.093	0.093	0.095	0.092	0.093	0.092	0.094	0.094	0.094	0.092	0.093	0.090
55:00:56	20.3	0.090	0.091	0.091	0.092	0.093	0.094	0.091	0.091	0.092	0.091	0.092	0.092	0.091	0.818	0.872	0.591	0.617	0.844	0.703	0.735	0.837	0.604	0.889	0.093	0.090	0.756	0.764	0.838	0.850	0.796	0.785	0.644	0.789	0.872	0.808	0.092	0.091	0.680	0.613	0.766	0.827	0.798	0.631	0.712	0.633	0.791	0.806	0.091	0.091	0.594	0.794	0.784	0.764	0.604	0.822	0.697	0.846	0.819	0.691	0.091	0.092	0.928	0.837	0.789	0.754	0.839	0.743	0.840	0.910	0.769	0.828	0.090	0.092	0.770	0.793	0.699	0.611	0.810	0.788	0.642	0.658	0.620	0.654	0.090	0.093	0.093	0.096	0.092	0.093	0.092	0.095	0.094	0.094	0.092	0.093	0.090
56:00:59	20.2	0.090	0.091	0.091	0.092	0.093	0.094	0.091	0.091	0.091	0.091	0.092	0.092	0.091	0.807	0.875	0.592	0.619	0.846	0.743	0.747	0.837	0.605	0.893	0.093	0.090	0.760	0.770	0.850	0.853	0.799	0.788	0.641	0.790	0.875	0.813	0.092	0.091	0.684	0.614	0.771	0.831	0.801	0.632	0.710	0.634	0.797	0.816	0.091	0.091	0.596	0.830	0.788	0.766	0.606	0.824	0.686	0.849	0.688	0.689	0.091	0.092	0.919	0.842	0.793	0.756	0.841	0.739	0.840	0.848	0.773	0.831	0.090	0.092	0.775	0.798	0.703	0.612	0.815	0.791	0.643	0.656	0.620	0.655	0.091	0.093	0.094	0.096	0.092	0.092	0.092	0.095	0.094	0.094	0.092	0.093	0.090
57:00:58	20.1	0.090	0.092	0.091	0.092	0.093	0.094	0.091	0.091	0.092	0.091	0.092	0.093	0.092	0.730	0.878	0.593	0.621	0.851	0.738	0.757	0.838	0.606	0.896	0.093	0.090	0.763	0.774	0.873	0.858	0.801	0.788	0.889	0.791	0.878	0.816	0.092	0.091	0.688	0.616	0.775	0.834	0.805	0.635	0.713	0.634	0.801	0.867	0.091	0.091	0.597	0.786	0.794	0.764	0.606	0.857	0.665	0.853	0.663	0.688	0.091	0.092	0.910	0.847	0.798	0.758	0.844	0.741	0.841	0.857	0.776	0.832	0.090	0.092	0.779	0.802	0.706	0.615	0.820	0.795	0.645	0.657	0.620	0.656	0.091	0.093	0.094	0.096	0.092	0.093	0.092	0.095	0.094	0.094	0.093	0.094	0.091
58:00:58	20.0	0.090	0.091	0.091	0.092	0.093	0.094	0.091	0.091	0.092	0.091	0.092	0.093	0.091	0.653	0.879	0.593	0.622	0.854	0.739	0.719	0.840	0.607	0.897	0.093	0.090	0.768	0.778	0.877	0.862	0.804	0.802	0.965	0.792	0.880	0.826	0.092	0.091	0.692	0.618	0.778	0.837	0.810	0.635	0.715	0.636	0.808	0.941	0.091	0.091	0.599	0.764	0.798	0.764	0.610	0.862	0.665	0.858	0.664	0.686	0.091	0.093	0.910	0.851	0.802	0.760	0.845	0.751	0.842	0.861	0.780	0.834	0.090	0.092	0.781	0.807	0.708	0.616	0.826	0.799	0.646	0.658	0.621	0.657	0.091	0.093	0.094	0.096	0.092	0.093	0.092	0.095	0.094	0.094	0.092	0.093	0.091
59:00:59	19.9	0.090	0.092	0.091	0.092	0.093	0.093	0.091	0.091	0.092	0.091	0.092	0.092	0.091	0.621	0.883	0.594	0.625	0.857	0.741	0.721	0.841	0.608	0.898	0.093	0.090	0.775	0.782	0.880	0.865	0.807	0.891	0.964	0.793	0.882	0.920	0.092	0.091	0.695	0.620	0.782	0.839	0.812	0.638	0.717	0.637	0.815	0.707	0.091	0.091	0.602	0.765	0.802	0.768	0.610	0.870	0.667	0.861	0.665	0.687	0.091	0.092	0.907	0.857	0.806	0.762	0.848	0.755	0.843	0.859	0.784	0.837	0.090	0.092	0.782	0.812	0.711	0.616	0.831	0.803	0.648	0.661	0.622	0.658	0.091	0.093	0.094	0.096	0.092	0.093	0.092	0.095	0.094	0.094	0.092	0.093	0.090
60:01:01	19.9	0.090	0.091	0.091	0.092	0.093	0.094	0.091	0.091	0.092	0.091	0.092	0.092	0.091	0.621	0.885	0.595	0.626	0.861	0.740	0.726	0.843	0.609	0.899	0.093	0.090	0.780	0.786	0.879	0.869	0.810	0.946	0.965	0.794	0.886	0.662	0.092	0.091	0.695	0.622	0.788	0.838	0.815	0.641	0.719	0.639	0.820	0.706	0.091	0.091	0.602	0.765	0.806	0.776	0.612	0.868	0.668	0.866	0.665	0.679	0.091	0.092	0.903	0.859	0.812	0.765	0.852	0.747	0.845	0.861	0.787	0.839	0.090	0.092	0.782	0.816	0.711	0.619	0.837	0.807	0.649	0.661	0.623	0.659	0.091	0.093	0.093	0.095	0.092	0.093	0.092	0.094	0.094	0.094	0.092	0.093	0.090
61:01:02	19.9	0.090	0.092	0.091	0.092	0.093	0.094	0.091	0.091	0.092	0.091	0.092	0.093	0.091	0.624	0.891	0.601	0.626	0.865	0.743	0.727	0.845	0.611	0.905	0.094	0.090	0.782	0.792	0.879	0.873	0.814	0.959	0.967	0.797	0.889	0.663	0.092	0.091	0.696	0.624	0.808	0.840	0.820	0.643	0.722	0.640	0.827	0.706	0.092	0.091	0.603	0.767	0.811	0.789	0.614	0.869	0.670	0.864	0.749	0.671	0.091	0.092	0.905	0.871	0.819	0.769	0.857	0.738	0.847	0.863	0.791	0.843	0.090	0.092	0.782	0.820	0.713	0.621	0.844	0.812	0.650	0.662	0.625	0.661	0.091	0.094	0.094	0.096	0.092	0.093	0.092	0.095	0.094	0.094	0.092	0.093	0.091
62:01:02	19.8	0.090	0.091	0.091	0.092	0.093	0.094	0.091	0.091	0.092	0.091	0.092	0.093	0.091	0.626	0.895	0.600	0.628	0.869	0.743	0.726	0.847	0.613	0.910	0.093	0.090	0.783	0.796	0.881	0.874	0.819	0.933	0.968	0.799	0.891	0.664	0.092	0.091	0.699	0.625	0.823	0.841	0.823	0.645	0.723	0.642	0.832	0.707	0.091	0.091	0.605	0.769	0.816	0.797	0.616	0.869	0.671	0.865	0.667	0.682	0.091	0.092	0.909	0.890	0.823	0.773	0.861	0.737	0.849	0.864	0.798	0.844	0.090	0.092	0.783	0.829	0.716	0.623	0.857	0.822	0.652	0.665	0.628	0.662	0.091	0.093	0.094	0.095	0.092	0.093	0.092	0.095	0.094	0.094	0.092	0.093	0.090
63:01:04	19.8	0.090	0.092	0.091	0.092	0.093	0.093	0.091	0.091	0.092	0.091	0.092	0.092	0.091	0.624	0.899	0.602	0.630	0.874	0.745	0.727	0.848	0.614	0.913	0.093	0.090	0.787	0.801	0.883	0.879	0.822	0.880	0.970	0.802	0.896	0.666	0.092	0.091	0.701	0.626	0.830	0.839	0.829	0.649	0.724	0.644	0.839	0.710	0.091	0.091	0.607	0.773	0.829	0.807	0.618	0.869	0.673	0.868	0.669	0.679	0.091	0.092	0.914	0.927	0.835	0.780	0.875	0.737	0.859	0.866	0.812	0.853	0.090	0.092	0.781	0.845	0.720	0.624	0.882	0.846	0.649	0.668	0.630	0.662	0.090	0.093	0.094	0.096	0.092	0.093	0.092	0.095	0.094	0.094	0.092	0.093	0.090
64:01:05	19.7	0.090	0.091	0.091	0.092	0.093	0.094	0.091	0.091	0.092	0.091	0.092	0.092	0.091	0.627	0.900	0.604	0.632	0.876	0.749	0.729	0.850	0.616	0.913	0.093	0.090	0.790	0.803	0.885	0.883	0.827	0.879	0.973	0.804	0.900	0.668	0.092	0.091	0.704	0.628	0.837	0.839	0.831	0.653	0.727	0.646	0.844	0.710	0.091	0.091	0.608	0.775	0.834	0.812	0.618	0.869	0.676	0.866	0.669	0.676	0.091	0.093	0.922	0.950	0.843	0.784	0.879	0.738	0.861	0.867	0.820	0.857	0.090	0.092	0.782	0.850	0.723	0.626	0.889	0.850	0.650	0.670	0.631	0.663	0.091	0.093	0.094	0.096	0.092	0.093	0.092	0.095	0.094	0.094	0.092	0.093	0.090
65:01:05	19.7	0.090	0.092	0.091	0.092	0.093	0.094	0.091	0.091	0.092	0.091	0.092	0.093	0.091	0.628	0.903	0.607	0.634	0.881	0.748	0.731	0.853	0.616	0.920	0.094	0.090	0.794	0.806	0.888	0.888	0.833	1.105	0.974	0.808	0.904	0.669	0.092	0.091	0.708	0.630	0.842	0.840	0.836	0.656	0.730	0.647	0.848	0.713	0.091	0.091	0.610	0.777	0.840	0.817	0.619	0.868	0.678	0.868	0.672	0.671	0.091	0.092	0.928	0.969	0.851	0.788	0.883	0.739	0.864	0.870	0.827	0.864	0.090	0.092	0.781	0.855	0.727	0.629	0.894	0.852	0.652	0.672	0.632	0.663	0.091	0.094	0.094	0.096	0.092	0.093	0.092	0.095	0.094	0.094	0.092	0.093	0.090
66:01:07	19.6	0.090	0.092	0.091	0.092	0.093	0.094	0.091	0.091	0.092	0.091	0.092	0.093	0.091	0.627	0.902	0.610	0.635	0.885	0.750	0.732	0.855	0.618	0.920	0.093	0.090	0.798	0.810	0.890	0.891	0.838	0.817	0.975	0.811	0.907	0.668	0.092	0.091	0.710	0.635	0.852	0.839	0.840	0.659	0.731	0.649	0.854	0.716	0.091	0.091	0.610	0.781	0.846	0.818	0.622	0.868	0.679	0.870	0.674	0.666	0.091	0.092	0.930	0.979	0.854	0.791	0.889	0.740	0.866	0.873	0.832	0.867	0.090	0.092	0.782	0.860	0.732	0.630	0.901	0.856	0.653	0.674	0.633	0.664	0.091	0.093	0.094	0.096	0.092	0.093	0.092	0.095	0.094	0.094	0.092	0.093	0.091
67:01:07	19.5	0.090	0.091	0.091	0.092	0.093	0.093	0.091	0.091	0.092	0.091	0.092	0.092	0.091	0.629	0.906	0.611	0.637	0.889	0.753	0.733	0.857	0.619	0.931	0.094	0.090	0.801	0.818	0.894	0.897	0.842	0.879	0.977	0.815	0.910	0.669	0.092	0.091	0.712	0.637	0.867	0.838	0.843	0.662	0.733	0.651	0.859	0.718	0.091	0.091	0.613	0.784	0.852	0.821	0.624	0.870	0.681	0.874	0.678	0.667	0.091	0.092	0.926	0.990	0.860	0.796	0.893	0.741	0.869	0.876	0.837	0.871	0.090	0.092	0.781	0.870	0.736	0.632	0.914	0.864	0.655	0.675	0.634	0.664	0.090	0.093	0.093	0.096	0.092	0.093	0.092	0.095	0.094	0.094	0.092	0.093	0.090
68:01:08	19.5	0.090	0.092	0.091	0.092	0.093	0.094	0.091	0.091	0.092	0.091	0.092	0.092	0.091	0.628	0.914	0.613	0.640	0.894	0.754	0.736	0.860	0.620	0.935	0.094	0.090	0.804	0.822	0.894	0.903	0.846	0.857	0.978	0.819	0.915	0.670	0.092	0.091	0.715	0.640	0.870	0.838	0.847	0.665	0.734	0.653	0.861	0.720	0.091	0.091	0.617	0.786	0.854	0.823	0.627	0.874	0.698	0.877	0.679	0.670	0.091	0.092	0.928	0.997	0.867	0.800	0.897	0.744	0.871	0.879	0.840	0.873	0.090	0.092	0.780	0.875	0.743	0.633	0.921	0.868	0.656	0.677	0.636	0.664	0.091	0.093	0.094	0.096	0.092	0.093	0.092	0.095	0.094	0.094	0.092	0.093	0.090
69:01:09	19.4	0.090	0.092	0.091	0.092	0.093	0.094	0.091	0.091	0.092	0.091	0.092	0.092	0.091	0.630	0.931	0.615	0.642	0.897	0.756	0.737	0.862	0.623	0.943	0.093	0.090	0.809	0.828	0.898	0.907	0.850	0.897	0.979	0.825	0.918	0.672	0.093	0.091	0.721	0.644	0.873	0.837	0.850	0.668	0.736	0.654	0.866	0.723	0.092	0.091	0.618	0.790	0.860	0.828	0.631	0.878	0.702	0.880	0.684	0.664	0.091	0.092	0.936	1.009	0.871	0.804	0.901	0.745	0.874	0.881	0.841	0.875	0.090	0.092	0.782	0.882	0.749	0.636	0.926	0.871	0.656	0.680	0.637	0.665	0.091	0.093	0.094	0.096	0.092	0.093	0.092	0.095	0.094	0.094	0.092	0.093	0.091
70:01:09	19.5	0.090	0.092	0.091	0.092	0.093	0.094	0.091	0.091	0.092	0.091	0.092	0.093	0.091	0.630	0.942	0.617	0.644	0.898	0.759	0.739	0.864	0.623	0.960	0.094	0.090	0.813	0.830	0.903	0.910	0.854	1.121	0.982	0.829	0.921	0.673	0.092	0.091	0.724	0.646	0.895	0.835	0.852	0.671	0.738	0.658	0.871	0.726	0.091	0.091	0.620	0.795	0.869	0.830	0.635	0.880	0.704	0.886	0.692	0.666	0.091	0.093	0.943	1.020	0.888	0.814	0.910	0.745	0.883	0.884	0.858	0.889	0.090	0.092	0.782	0.904	0.753	0.638	0.948	0.892	0.658	0.682	0.640	0.666	0.091	0.093	0.094	0.096	0.092	0.093	0.092	0.095	0.094	0.094	0.092	0.093	0.091
71:01:11	19.5	0.090	0.092	0.091	0.092	0.093	0.094	0.091	0.091	0.092	0.091	0.093	0.092	0.091	0.634	0.953	0.619	0.648	0.903	0.763	0.740	0.866	0.627	0.965	0.094	0.090	0.818	0.833	0.908	0.915	0.857	1.141	0.984	0.835	0.927	0.675	0.092	0.091	0.728	0.649	0.900	0.838	0.857	0.673	0.740	0.660	0.883	0.730	0.092	0.091	0.623	0.799	0.886	0.834	0.636	0.880	0.706	0.893	0.709	0.665	0.091	0.092	0.939	1.029	0.902	0.826	0.924	0.747	0.894	0.886	0.872	0.900	0.090	0.092	0.781	0.925	0.759	0.641	0.975	0.913	0.661	0.685	0.642	0.667	0.091	0.093	0.094	0.096	0.092	0.093	0.092	0.095	0.094	0.094	0.092	0.093	0.091
72:01:13	19.6	0.090	0.092	0.091	0.092	0.093	0.094	0.091	0.091	0.092	0.091	0.092	0.093	0.091	0.636	0.989	0.621	0.650	0.907	0.762	0.740	0.868	0.630	0.976	0.094	0.090	0.822	0.835	0.910	0.919	0.859	0.978	0.986	0.842	0.931	0.676	0.092	0.091	0.731	0.652	0.896	0.839	0.860	0.676	0.743	0.662	0.892	0.732	0.091	0.091	0.624	0.800	0.891	0.833	0.640	0.880	0.708	0.896	0.725	0.667	0.091	0.092	0.940	1.031	0.921	0.830	0.926	0.747	0.897	0.887	0.874	0.901	0.090	0.092	0.782	0.931	0.762	0.644	0.978	0.914	0.662	0.687	0.644	0.668	0.091	0.093	0.093	0.096	0.092	0.093	0.092	0.095	0.094	0.094	0.092	0.093	0.090

