Time	T° 600	A1	A2	A3	A4	A5	A6	A7	A8	A9	A10	A11	A12	B1	B2	B3	B4	B5	B6	B7	B8	B9	B10	B11	B12	C1	C2	C3	C4	C5	C6	C7	C8	C9	C10	C11	C12	D1	D2	D3	D4	D5	D6	D7	D8	D9	D10	D11	D12	E1	E2	E3	E4	E5	E6	E7	E8	E9	E10	E11	E12	F1	F2	F3	F4	F5	F6	F7	F8	F9	F10	F11	F12	G1	G2	G3	G4	G5	G6	G7	G8	G9	G10	G11	G12	H1	H2	H3	H4	H5	H6	H7	H8	H9	H10	H11	H12
0:00:06	23.3	0.090	0.089	0.090	0.092	0.090	0.091	0.090	0.090	0.091	0.092	0.090	0.089	0.090	0.106	0.107	0.108	0.106	0.107	0.107	0.109	0.107	0.108	0.120	0.091	0.089	0.107	0.106	0.107	0.109	0.106	0.108	0.107	0.106	0.111	0.110	0.090	0.089	0.104	0.104	0.106	0.105	0.106	0.107	0.108	0.106	0.111	0.110	0.091	0.093	0.105	0.108	0.108	0.109	0.107	0.106	0.106	0.106	0.109	0.108	0.089	0.093	0.108	0.109	0.110	0.109	0.110	0.108	0.107	0.107	0.109	0.110	0.090	0.095	0.107	0.107	0.108	0.106	0.109	0.106	0.107	0.110	0.109	0.110	0.090	0.092	0.090	0.092	0.090	0.091	0.089	0.092	0.094	0.093	0.091	0.090	0.092
1:00:05	23.6	0.090	0.089	0.091	0.091	0.090	0.091	0.090	0.089	0.091	0.092	0.091	0.090	0.090	0.109	0.110	0.109	0.107	0.110	0.108	0.111	0.111	0.106	0.125	0.091	0.089	0.108	0.108	0.111	0.114	0.108	0.109	0.110	0.110	0.114	0.108	0.090	0.089	0.108	0.106	0.108	0.107	0.108	0.108	0.112	0.107	0.113	0.111	0.091	0.092	0.105	0.114	0.110	0.113	0.111	0.112	0.109	0.112	0.111	0.110	0.089	0.092	0.111	0.113	0.112	0.111	0.112	0.110	0.114	0.109	0.111	0.113	0.090	0.096	0.110	0.111	0.112	0.110	0.109	0.108	0.110	0.111	0.108	0.111	0.091	0.092	0.090	0.093	0.090	0.091	0.089	0.092	0.094	0.093	0.092	0.090	0.092
2:00:07	23.8	0.090	0.089	0.091	0.091	0.090	0.091	0.090	0.090	0.091	0.094	0.091	0.090	0.090	0.112	0.121	0.113	0.109	0.120	0.112	0.115	0.121	0.109	0.134	0.091	0.089	0.111	0.111	0.121	0.122	0.111	0.112	0.113	0.113	0.122	0.113	0.091	0.090	0.117	0.109	0.112	0.109	0.111	0.115	0.118	0.109	0.117	0.114	0.091	0.093	0.109	0.123	0.111	0.121	0.111	0.119	0.109	0.120	0.113	0.112	0.089	0.093	0.120	0.117	0.115	0.113	0.122	0.114	0.123	0.112	0.115	0.115	0.090	0.096	0.113	0.115	0.123	0.113	0.113	0.112	0.114	0.115	0.112	0.114	0.091	0.093	0.091	0.093	0.090	0.091	0.090	0.092	0.093	0.093	0.092	0.090	0.092
3:00:07	23.8	0.090	0.089	0.091	0.091	0.090	0.091	0.090	0.090	0.091	0.093	0.091	0.090	0.090	0.117	0.139	0.117	0.114	0.137	0.116	0.119	0.138	0.114	0.154	0.091	0.089	0.116	0.115	0.138	0.139	0.116	0.118	0.118	0.117	0.140	0.117	0.090	0.090	0.133	0.113	0.116	0.113	0.115	0.132	0.137	0.113	0.122	0.118	0.091	0.092	0.112	0.141	0.116	0.140	0.114	0.138	0.113	0.138	0.118	0.117	0.090	0.093	0.138	0.122	0.119	0.118	0.141	0.118	0.143	0.117	0.120	0.121	0.090	0.095	0.117	0.120	0.143	0.118	0.117	0.116	0.119	0.120	0.117	0.119	0.091	0.093	0.090	0.093	0.090	0.091	0.090	0.092	0.093	0.093	0.091	0.090	0.092
4:00:08	23.8	0.091	0.089	0.091	0.091	0.090	0.091	0.090	0.090	0.091	0.092	0.091	0.090	0.090	0.125	0.173	0.123	0.120	0.168	0.124	0.128	0.170	0.123	0.188	0.091	0.089	0.124	0.122	0.172	0.172	0.124	0.125	0.125	0.125	0.171	0.125	0.090	0.090	0.166	0.120	0.123	0.121	0.122	0.165	0.168	0.121	0.128	0.126	0.091	0.093	0.118	0.174	0.123	0.172	0.123	0.169	0.122	0.167	0.125	0.125	0.089	0.093	0.171	0.129	0.127	0.126	0.173	0.125	0.174	0.125	0.128	0.129	0.090	0.096	0.124	0.126	0.178	0.125	0.124	0.123	0.128	0.127	0.126	0.128	0.091	0.093	0.091	0.093	0.090	0.091	0.090	0.092	0.093	0.093	0.092	0.090	0.093
5:00:09	23.6	0.091	0.089	0.091	0.092	0.090	0.091	0.090	0.090	0.092	0.093	0.091	0.090	0.090	0.134	0.205	0.134	0.129	0.201	0.134	0.137	0.205	0.134	0.229	0.091	0.089	0.133	0.133	0.202	0.203	0.135	0.136	0.136	0.134	0.206	0.133	0.091	0.090	0.195	0.133	0.134	0.136	0.133	0.193	0.198	0.137	0.135	0.134	0.091	0.093	0.130	0.199	0.134	0.205	0.137	0.206	0.138	0.204	0.133	0.134	0.089	0.093	0.201	0.139	0.139	0.136	0.207	0.135	0.210	0.134	0.136	0.138	0.090	0.096	0.139	0.137	0.208	0.142	0.137	0.134	0.142	0.140	0.138	0.141	0.092	0.092	0.091	0.093	0.090	0.091	0.090	0.092	0.094	0.093	0.092	0.090	0.092
6:00:10	23.5	0.090	0.089	0.091	0.091	0.090	0.091	0.090	0.090	0.091	0.092	0.091	0.090	0.090	0.161	0.244	0.166	0.155	0.243	0.159	0.152	0.250	0.156	0.271	0.091	0.089	0.147	0.147	0.238	0.241	0.143	0.143	0.146	0.145	0.249	0.142	0.090	0.090	0.226	0.145	0.146	0.142	0.143	0.228	0.236	0.150	0.147	0.144	0.091	0.093	0.143	0.238	0.147	0.249	0.147	0.249	0.146	0.244	0.143	0.142	0.089	0.093	0.236	0.148	0.150	0.143	0.249	0.143	0.251	0.144	0.145	0.147	0.090	0.095	0.152	0.143	0.247	0.149	0.146	0.142	0.152	0.147	0.150	0.152	0.091	0.092	0.091	0.093	0.090	0.091	0.090	0.092	0.093	0.093	0.091	0.090	0.092
7:00:11	23.2	0.091	0.089	0.091	0.092	0.090	0.091	0.090	0.090	0.091	0.092	0.091	0.090	0.090	0.153	0.314	0.167	0.163	0.309	0.157	0.158	0.319	0.156	0.334	0.091	0.089	0.149	0.150	0.315	0.314	0.150	0.154	0.155	0.151	0.325	0.148	0.091	0.090	0.300	0.146	0.149	0.148	0.151	0.322	0.312	0.152	0.153	0.151	0.091	0.093	0.146	0.314	0.152	0.308	0.153	0.316	0.151	0.325	0.151	0.150	0.090	0.093	0.304	0.156	0.157	0.153	0.323	0.151	0.320	0.152	0.153	0.156	0.090	0.096	0.156	0.154	0.317	0.157	0.154	0.151	0.161	0.157	0.158	0.160	0.092	0.093	0.091	0.093	0.090	0.091	0.090	0.092	0.093	0.093	0.092	0.090	0.092
8:00:12	23.0	0.091	0.089	0.091	0.092	0.090	0.091	0.090	0.090	0.092	0.093	0.091	0.090	0.090	0.171	0.365	0.168	0.164	0.365	0.171	0.174	0.376	0.167	0.375	0.091	0.089	0.166	0.159	0.354	0.367	0.168	0.169	0.171	0.168	0.370	0.161	0.091	0.090	0.314	0.156	0.165	0.162	0.167	0.357	0.355	0.166	0.168	0.164	0.092	0.093	0.156	0.343	0.166	0.338	0.167	0.358	0.166	0.369	0.167	0.165	0.090	0.093	0.329	0.170	0.172	0.166	0.371	0.164	0.375	0.168	0.170	0.172	0.090	0.095	0.168	0.166	0.334	0.174	0.169	0.165	0.175	0.172	0.172	0.173	0.092	0.093	0.091	0.093	0.091	0.091	0.090	0.092	0.093	0.093	0.092	0.090	0.093
9:00:13	22.7	0.090	0.089	0.091	0.091	0.090	0.091	0.090	0.090	0.091	0.092	0.091	0.090	0.090	0.189	0.386	0.186	0.183	0.394	0.191	0.194	0.399	0.187	0.422	0.091	0.089	0.182	0.173	0.376	0.395	0.184	0.185	0.191	0.194	0.401	0.179	0.091	0.090	0.348	0.171	0.180	0.182	0.184	0.387	0.381	0.184	0.186	0.182	0.091	0.093	0.170	0.375	0.180	0.387	0.183	0.401	0.182	0.402	0.185	0.183	0.089	0.093	0.371	0.188	0.188	0.182	0.402	0.179	0.401	0.190	0.187	0.189	0.090	0.096	0.180	0.186	0.370	0.191	0.187	0.181	0.190	0.191	0.190	0.191	0.092	0.093	0.091	0.093	0.090	0.091	0.090	0.092	0.093	0.093	0.092	0.090	0.092
10:00:14	22.5	0.091	0.089	0.092	0.092	0.091	0.091	0.090	0.090	0.092	0.093	0.091	0.091	0.090	0.211	0.419	0.209	0.206	0.448	0.218	0.218	0.446	0.212	0.475	0.091	0.090	0.202	0.192	0.418	0.451	0.207	0.207	0.215	0.220	0.436	0.204	0.091	0.090	0.363	0.189	0.200	0.203	0.204	0.429	0.421	0.206	0.212	0.206	0.092	0.093	0.184	0.420	0.200	0.443	0.205	0.451	0.204	0.453	0.210	0.207	0.090	0.093	0.424	0.210	0.208	0.202	0.424	0.198	0.440	0.212	0.213	0.215	0.091	0.096	0.198	0.209	0.419	0.211	0.209	0.202	0.213	0.213	0.215	0.219	0.092	0.093	0.091	0.094	0.091	0.091	0.090	0.092	0.094	0.093	0.092	0.090	0.092
11:00:16	22.3	0.091	0.089	0.091	0.091	0.091	0.091	0.090	0.090	0.092	0.092	0.091	0.090	0.090	0.236	0.473	0.232	0.229	0.498	0.245	0.244	0.499	0.237	0.529	0.092	0.089	0.224	0.212	0.473	0.493	0.231	0.232	0.239	0.245	0.496	0.229	0.091	0.090	0.424	0.209	0.222	0.225	0.230	0.472	0.468	0.229	0.241	0.233	0.091	0.093	0.203	0.473	0.224	0.499	0.225	0.503	0.229	0.507	0.238	0.235	0.090	0.093	0.469	0.238	0.234	0.225	0.487	0.227	0.499	0.232	0.243	0.244	0.090	0.095	0.217	0.234	0.474	0.234	0.233	0.234	0.235	0.238	0.241	0.244	0.091	0.093	0.091	0.093	0.091	0.092	0.090	0.092	0.093	0.093	0.092	0.090	0.093
12:00:16	22.0	0.091	0.089	0.092	0.091	0.090	0.092	0.090	0.090	0.092	0.093	0.091	0.090	0.090	0.269	0.534	0.261	0.258	0.557	0.278	0.276	0.561	0.265	0.597	0.092	0.089	0.256	0.236	0.533	0.549	0.264	0.263	0.271	0.281	0.560	0.259	0.091	0.090	0.494	0.235	0.253	0.256	0.262	0.531	0.523	0.253	0.277	0.268	0.092	0.093	0.230	0.529	0.255	0.560	0.259	0.577	0.258	0.568	0.275	0.272	0.090	0.093	0.535	0.277	0.265	0.255	0.561	0.259	0.572	0.266	0.284	0.284	0.090	0.096	0.244	0.271	0.541	0.261	0.269	0.267	0.265	0.275	0.277	0.276	0.092	0.093	0.091	0.094	0.091	0.091	0.090	0.092	0.094	0.093	0.092	0.090	0.093
13:00:17	21.8	0.091	0.089	0.092	0.092	0.091	0.091	0.090	0.090	0.092	0.093	0.092	0.091	0.091	0.306	0.607	0.297	0.292	0.629	0.321	0.317	0.642	0.307	0.682	0.092	0.090	0.295	0.266	0.611	0.627	0.305	0.305	0.309	0.324	0.643	0.301	0.091	0.090	0.576	0.268	0.293	0.298	0.306	0.607	0.599	0.296	0.326	0.314	0.092	0.093	0.265	0.610	0.295	0.640	0.299	0.656	0.297	0.650	0.323	0.318	0.090	0.093	0.616	0.323	0.303	0.292	0.647	0.297	0.651	0.312	0.334	0.334	0.091	0.096	0.284	0.316	0.622	0.303	0.308	0.307	0.303	0.321	0.314	0.313	0.092	0.093	0.091	0.094	0.091	0.092	0.090	0.093	0.094	0.093	0.092	0.091	0.093
14:00:17	21.6	0.091	0.089	0.092	0.092	0.091	0.092	0.090	0.091	0.092	0.093	0.092	0.091	0.090	0.356	0.675	0.344	0.344	0.698	0.374	0.372	0.716	0.350	0.753	0.092	0.089	0.337	0.310	0.677	0.694	0.353	0.355	0.364	0.377	0.720	0.355	0.091	0.090	0.649	0.308	0.330	0.350	0.355	0.675	0.666	0.347	0.382	0.367	0.092	0.093	0.311	0.683	0.341	0.719	0.338	0.734	0.348	0.725	0.379	0.374	0.090	0.093	0.688	0.375	0.349	0.342	0.723	0.343	0.729	0.369	0.392	0.393	0.090	0.096	0.321	0.366	0.695	0.351	0.364	0.359	0.352	0.377	0.361	0.358	0.092	0.093	0.092	0.094	0.091	0.092	0.091	0.093	0.094	0.094	0.092	0.090	0.093
15:00:19	21.3	0.090	0.089	0.092	0.091	0.091	0.092	0.090	0.090	0.092	0.093	0.092	0.090	0.090	0.403	0.734	0.395	0.398	0.753	0.434	0.429	0.771	0.402	0.808	0.091	0.089	0.387	0.353	0.740	0.749	0.412	0.410	0.418	0.435	0.777	0.416	0.091	0.090	0.715	0.350	0.382	0.403	0.414	0.738	0.727	0.395	0.443	0.428	0.092	0.093	0.359	0.740	0.392	0.773	0.393	0.790	0.406	0.782	0.441	0.437	0.090	0.093	0.748	0.437	0.405	0.401	0.781	0.396	0.786	0.431	0.457	0.458	0.090	0.095	0.367	0.428	0.755	0.409	0.423	0.416	0.410	0.438	0.420	0.416	0.092	0.093	0.091	0.093	0.091	0.092	0.090	0.092	0.093	0.093	0.092	0.090	0.093
16:00:19	21.1	0.091	0.090	0.092	0.091	0.091	0.092	0.090	0.091	0.092	0.093	0.092	0.091	0.090	0.464	0.784	0.456	0.456	0.804	0.499	0.491	0.825	0.462	0.859	0.092	0.089	0.443	0.404	0.791	0.800	0.471	0.473	0.480	0.497	0.832	0.476	0.091	0.090	0.770	0.408	0.443	0.455	0.475	0.791	0.776	0.456	0.504	0.492	0.092	0.093	0.414	0.794	0.456	0.827	0.456	0.846	0.462	0.837	0.503	0.498	0.090	0.093	0.805	0.502	0.467	0.459	0.838	0.456	0.842	0.493	0.518	0.520	0.091	0.096	0.422	0.490	0.809	0.470	0.484	0.482	0.470	0.502	0.482	0.480	0.092	0.093	0.091	0.094	0.091	0.091	0.091	0.093	0.094	0.093	0.092	0.091	0.093
17:00:20	21.0	0.091	0.089	0.092	0.092	0.091	0.092	0.091	0.091	0.092	0.093	0.092	0.091	0.090	0.517	0.835	0.513	0.518	0.856	0.557	0.547	0.884	0.519	0.950	0.092	0.089	0.497	0.458	0.845	0.854	0.527	0.527	0.535	0.555	0.895	0.536	0.091	0.090	0.822	0.461	0.505	0.518	0.531	0.840	0.826	0.512	0.565	0.553	0.092	0.093	0.474	0.846	0.517	0.889	0.511	0.937	0.517	0.910	0.559	0.558	0.090	0.093	0.859	0.562	0.525	0.519	0.906	0.512	0.928	0.554	0.574	0.578	0.090	0.095	0.479	0.549	0.862	0.527	0.547	0.544	0.527	0.563	0.545	0.537	0.091	0.093	0.091	0.093	0.091	0.092	0.091	0.093	0.094	0.093	0.092	0.091	0.093
18:00:21	21.1	0.091	0.089	0.092	0.091	0.091	0.092	0.090	0.090	0.092	0.093	0.091	0.090	0.090	0.570	0.885	0.559	0.561	0.865	0.605	0.596	0.919	0.575	0.980	0.092	0.089	0.549	0.512	0.929	0.860	0.578	0.578	0.588	0.603	0.961	0.588	0.091	0.090	0.869	0.509	0.555	0.566	0.582	0.891	0.839	0.563	0.610	0.602	0.092	0.093	0.523	0.910	0.565	0.946	0.566	0.978	0.570	0.987	0.607	0.607	0.090	0.093	1.061	0.611	0.580	0.572	1.000	0.568	1.006	0.603	0.621	0.625	0.090	0.095	0.528	0.604	0.906	0.577	0.602	0.598	0.580	0.611	0.597	0.591	0.091	0.093	0.091	0.094	0.091	0.091	0.090	0.092	0.094	0.093	0.092	0.091	0.093
19:00:22	21.3	0.091	0.089	0.092	0.092	0.091	0.092	0.091	0.091	0.092	0.093	0.092	0.091	0.091	0.610	1.078	0.603	0.602	1.077	0.643	0.641	1.053	0.618	1.050	0.092	0.090	0.592	0.555	1.126	1.053	0.613	0.616	0.628	0.644	1.081	0.634	0.091	0.090	0.963	0.558	0.597	0.607	0.621	1.086	1.131	0.610	0.652	0.645	0.092	0.093	0.572	1.175	0.609	1.068	0.607	1.078	0.616	1.094	0.647	0.650	0.090	0.093	1.102	0.654	0.618	0.611	1.097	0.618	1.088	0.647	0.662	0.665	0.091	0.096	0.578	0.650	1.103	0.623	0.646	0.644	0.622	0.655	0.642	0.635	0.092	0.093	0.092	0.094	0.091	0.092	0.091	0.093	0.094	0.094	0.092	0.091	0.093
20:00:30	21.6	0.091	0.089	0.092	0.092	0.091	0.092	0.090	0.091	0.092	0.093	0.092	0.091	0.091	0.645	1.059	0.639	0.636	1.017	0.670	0.676	1.049	0.656	1.042	0.092	0.089	0.630	0.598	1.035	1.048	0.649	0.650	0.665	0.684	1.074	0.671	0.091	0.090	1.050	0.599	0.634	0.642	0.652	1.085	1.093	0.649	0.685	0.679	0.092	0.093	0.611	1.093	0.644	1.064	0.645	1.071	0.651	1.087	0.682	0.683	0.090	0.093	1.064	0.690	0.653	0.648	1.083	0.656	1.084	0.681	0.696	0.700	0.091	0.095	0.615	0.688	1.094	0.660	0.683	0.683	0.660	0.691	0.680	0.671	0.091	0.093	0.092	0.094	0.091	0.092	0.090	0.093	0.094	0.094	0.092	0.091	0.093
21:00:25	21.9	0.091	0.089	0.092	0.092	0.091	0.092	0.090	0.091	0.092	0.093	0.092	0.090	0.091	0.673	1.030	0.668	0.667	1.004	0.694	0.695	1.051	0.690	1.053	0.092	0.089	0.657	0.633	1.023	1.040	0.671	0.678	0.698	0.716	1.076	0.703	0.091	0.090	1.052	0.632	0.662	0.669	0.683	1.045	1.055	0.678	0.706	0.706	0.092	0.093	0.647	1.053	0.672	1.062	0.672	1.072	0.679	1.088	0.708	0.717	0.090	0.093	1.064	0.713	0.686	0.681	1.083	0.688	1.085	0.721	0.724	0.732	0.091	0.095	0.648	0.722	1.074	0.689	0.715	0.718	0.693	0.723	0.708	0.705	0.091	0.093	0.091	0.093	0.091	0.092	0.090	0.093	0.094	0.093	0.092	0.091	0.092
22:00:25	22.3	0.091	0.089	0.092	0.092	0.091	0.092	0.091	0.091	0.092	0.093	0.091	0.091	0.091	0.686	1.032	0.690	0.690	1.011	0.731	0.720	1.053	0.711	1.060	0.092	0.089	0.680	0.660	1.031	1.039	0.701	0.704	0.725	0.737	1.076	0.708	0.091	0.090	1.061	0.660	0.681	0.693	0.708	1.045	1.059	0.704	0.739	0.731	0.092	0.093	0.678	1.054	0.695	1.061	0.700	1.070	0.709	1.091	0.736	0.734	0.090	0.093	1.069	0.736	0.715	0.710	1.087	0.715	1.089	0.747	0.751	0.750	0.090	0.095	0.675	0.748	1.078	0.717	0.726	0.743	0.721	0.781	0.732	0.730	0.091	0.093	0.091	0.094	0.091	0.092	0.091	0.093	0.094	0.094	0.092	0.091	0.092
23:00:26	22.7	0.091	0.089	0.092	0.092	0.091	0.092	0.090	0.091	0.092	0.093	0.092	0.090	0.090	0.694	1.045	0.710	0.709	1.018	0.746	0.731	1.060	0.730	1.069	0.092	0.090	0.693	0.682	1.041	1.039	0.731	0.729	0.727	0.737	1.080	0.747	0.091	0.090	1.070	0.685	0.709	0.710	0.729	1.057	1.071	0.720	0.753	0.752	0.092	0.093	0.698	1.063	0.708	1.063	0.721	1.079	0.724	1.097	0.757	0.752	0.090	0.093	1.071	0.757	0.730	0.740	1.093	0.735	1.099	0.759	0.767	0.778	0.091	0.096	0.699	0.746	1.087	0.741	0.749	0.764	0.740	0.775	0.758	0.763	0.092	0.093	0.092	0.094	0.091	0.091	0.090	0.093	0.094	0.094	0.092	0.090	0.093
24:00:27	23.0	0.091	0.089	0.092	0.092	0.091	0.092	0.091	0.091	0.092	0.093	0.092	0.090	0.090	0.731	1.061	0.730	0.716	1.032	0.762	0.752	1.081	0.748	1.112	0.092	0.089	0.706	0.701	1.051	1.043	0.735	0.726	0.736	0.761	1.105	0.772	0.091	0.090	1.077	0.701	0.722	0.734	0.734	1.073	1.082	0.739	0.768	0.768	0.092	0.093	0.709	1.075	0.736	1.092	0.731	1.132	0.759	1.134	0.775	0.773	0.090	0.093	1.082	0.783	0.736	0.727	1.124	0.757	1.153	0.773	0.788	0.791	0.091	0.095	0.712	0.776	1.099	0.744	0.772	0.773	0.758	0.788	0.771	0.766	0.092	0.093	0.092	0.094	0.091	0.092	0.090	0.093	0.094	0.094	0.092	0.091	0.093
25:00:27	23.2	0.091	0.089	0.092	0.092	0.091	0.092	0.091	0.091	0.092	0.093	0.091	0.091	0.090	0.737	1.070	0.740	0.729	1.048	0.766	0.770	1.133	0.759	1.129	0.092	0.090	0.725	0.710	1.059	1.056	0.736	0.740	0.753	0.767	1.158	0.774	0.091	0.090	1.086	0.704	0.725	0.740	0.744	1.080	1.087	0.754	0.784	0.774	0.092	0.093	0.727	1.085	0.736	1.156	0.745	1.123	0.764	1.190	0.779	0.779	0.090	0.093	1.093	0.789	0.748	0.743	1.198	0.756	1.206	0.782	0.795	0.802	0.091	0.095	0.724	0.790	1.103	0.756	0.781	0.793	0.775	0.793	0.787	0.774	0.091	0.093	0.091	0.094	0.091	0.092	0.091	0.093	0.094	0.094	0.092	0.091	0.093
26:00:28	23.4	0.091	0.089	0.092	0.092	0.091	0.092	0.091	0.090	0.092	0.093	0.092	0.091	0.090	0.743	1.076	0.747	0.736	1.092	0.768	0.780	1.087	0.771	1.117	0.092	0.089	0.743	0.715	1.067	1.091	0.739	0.749	0.766	0.772	1.116	0.782	0.091	0.090	1.090	0.713	0.732	0.747	0.758	1.083	1.090	0.760	0.787	0.783	0.092	0.093	0.734	1.088	0.749	1.100	0.752	1.123	0.766	1.141	0.779	0.783	0.090	0.093	1.133	0.791	0.756	0.747	1.149	0.766	1.144	0.780	0.801	0.809	0.091	0.096	0.737	0.797	1.107	0.765	0.786	0.794	0.776	0.801	0.792	0.783	0.091	0.093	0.091	0.094	0.091	0.092	0.091	0.093	0.094	0.093	0.092	0.091	0.092
27:00:29	23.4	0.091	0.089	0.092	0.092	0.091	0.092	0.091	0.091	0.092	0.093	0.092	0.091	0.091	0.748	1.081	0.753	0.748	1.100	0.778	0.779	1.107	0.768	1.123	0.092	0.090	0.739	0.711	1.083	1.105	0.749	0.749	0.767	0.771	1.121	0.785	0.091	0.090	1.093	0.715	0.736	0.756	0.756	1.087	1.090	0.761	0.780	0.786	0.092	0.094	0.745	1.091	0.747	1.094	0.752	1.116	0.766	1.137	0.789	0.792	0.090	0.093	1.183	0.793	0.760	0.750	1.142	0.760	1.139	0.786	0.797	0.805	0.091	0.096	0.755	0.800	1.110	0.764	0.783	0.792	0.778	0.792	0.793	0.789	0.092	0.093	0.092	0.094	0.091	0.092	0.091	0.093	0.094	0.094	0.093	0.091	0.092
28:00:31	23.4	0.091	0.089	0.092	0.092	0.091	0.092	0.091	0.091	0.092	0.093	0.092	0.091	0.091	0.742	1.088	0.757	0.749	1.081	0.774	0.776	1.105	0.775	1.123	0.092	0.090	0.736	0.712	1.130	1.090	0.749	0.750	0.764	0.771	1.117	0.773	0.091	0.090	1.097	0.727	0.733	0.750	0.759	1.089	1.092	0.758	0.796	0.782	0.092	0.094	0.738	1.104	0.746	1.090	0.753	1.113	0.762	1.130	0.781	0.778	0.090	0.093	1.136	0.775	0.753	0.741	1.137	0.756	1.137	0.773	0.789	0.799	0.091	0.096	0.753	0.787	1.115	0.769	0.784	0.797	0.780	0.791	0.791	0.791	0.092	0.093	0.092	0.094	0.091	0.092	0.091	0.093	0.094	0.094	0.092	0.091	0.093
29:00:31	23.3	0.091	0.090	0.092	0.092	0.091	0.092	0.091	0.091	0.092	0.094	0.092	0.091	0.091	0.748	1.099	0.759	0.754	1.081	0.768	0.771	1.109	0.779	1.144	0.092	0.090	0.739	0.722	1.140	1.092	0.746	0.745	0.757	0.771	1.121	0.766	0.091	0.090	1.105	0.725	0.740	0.750	0.743	1.095	1.097	0.758	0.792	0.775	0.092	0.094	0.733	1.151	0.745	1.100	0.752	1.128	0.760	1.133	0.778	0.777	0.090	0.093	1.139	0.775	0.752	0.741	1.139	0.756	1.149	0.768	0.786	0.792	0.091	0.096	0.747	0.783	1.125	0.759	0.778	0.778	0.768	0.783	0.789	0.793	0.092	0.093	0.092	0.094	0.092	0.092	0.091	0.093	0.094	0.094	0.093	0.091	0.092
30:00:33	23.1	0.091	0.089	0.092	0.092	0.091	0.092	0.091	0.091	0.092	0.094	0.092	0.091	0.091	0.753	1.135	0.757	0.752	1.091	0.762	0.768	1.126	0.771	1.174	0.092	0.090	0.736	0.719	1.135	1.098	0.744	0.743	0.750	0.755	1.138	0.763	0.091	0.090	1.114	0.731	0.734	0.741	0.740	1.103	1.111	0.748	0.781	0.768	0.092	0.093	0.735	1.169	0.739	1.119	0.747	1.154	0.756	1.150	0.772	0.766	0.090	0.093	1.141	0.765	0.742	0.743	1.151	0.749	1.177	0.761	0.774	0.784	0.091	0.096	0.744	0.775	1.152	0.751	0.769	0.766	0.766	0.775	0.778	0.792	0.092	0.093	0.092	0.094	0.091	0.092	0.091	0.093	0.094	0.094	0.092	0.091	0.093
31:00:33	22.9	0.091	0.090	0.092	0.092	0.091	0.092	0.091	0.091	0.092	0.093	0.092	0.091	0.091	0.746	1.202	0.748	0.750	1.105	0.753	0.760	1.153	0.756	1.213	0.092	0.090	0.730	0.714	1.136	1.109	0.733	0.734	0.744	0.741	1.168	0.756	0.091	0.090	1.134	0.729	0.727	0.735	0.733	1.127	1.141	0.744	0.773	0.761	0.092	0.094	0.735	1.180	0.735	1.149	0.737	1.188	0.747	1.181	0.765	0.760	0.091	0.094	1.145	0.753	0.741	0.735	1.170	0.740	1.215	0.756	0.768	0.779	0.091	0.096	0.739	0.763	1.227	0.747	0.761	0.764	0.751	0.768	0.768	0.777	0.092	0.093	0.092	0.094	0.092	0.092	0.091	0.093	0.094	0.094	0.092	0.091	0.093
32:00:34	22.7	0.091	0.089	0.092	0.092	0.091	0.092	0.091	0.091	0.092	0.093	0.092	0.091	0.091	0.740	1.192	0.744	0.740	1.119	0.745	0.752	1.188	0.752	1.258	0.092	0.089	0.726	0.718	1.137	1.120	0.727	0.729	0.737	0.738	1.207	0.749	0.091	0.090	1.170	0.727	0.721	0.730	0.723	1.171	1.192	0.731	0.765	0.756	0.092	0.093	0.727	1.177	0.728	1.189	0.734	1.234	0.739	1.225	0.759	0.754	0.090	0.093	1.150	0.747	0.731	0.730	1.202	0.737	1.266	0.753	0.763	0.770	0.091	0.096	0.738	0.757	1.216	0.737	0.753	0.761	0.746	0.764	0.761	0.766	0.091	0.093	0.091	0.094	0.091	0.091	0.090	0.093	0.094	0.094	0.092	0.090	0.093
33:00:35	22.5	0.091	0.089	0.092	0.092	0.091	0.092	0.091	0.091	0.092	0.093	0.092	0.091	0.091	0.734	1.175	0.736	0.732	1.139	0.741	0.744	1.233	0.742	1.300	0.092	0.090	0.727	0.721	1.139	1.137	0.720	0.719	0.729	0.733	1.253	0.746	0.091	0.090	1.211	0.725	0.715	0.725	0.719	1.190	1.183	0.721	0.764	0.753	0.092	0.093	0.721	1.174	0.723	1.238	0.725	1.287	0.734	1.265	0.760	0.753	0.090	0.093	1.165	0.748	0.724	0.726	1.252	0.732	1.311	0.753	0.763	0.772	0.091	0.096	0.733	0.754	1.223	0.734	0.747	0.761	0.738	0.765	0.752	0.757	0.092	0.093	0.091	0.094	0.091	0.092	0.091	0.093	0.094	0.093	0.092	0.091	0.093
34:00:37	22.3	0.091	0.090	0.092	0.092	0.091	0.092	0.091	0.091	0.092	0.093	0.092	0.091	0.091	0.731	1.176	0.734	0.724	1.177	0.739	0.744	1.289	0.740	1.220	0.092	0.090	0.722	0.710	1.146	1.162	0.717	0.715	0.728	0.732	1.305	0.749	0.091	0.090	1.188	0.718	0.711	0.720	0.714	1.185	1.180	0.717	0.768	0.753	0.092	0.093	0.717	1.176	0.720	1.302	0.720	1.339	0.729	1.321	0.761	0.754	0.091	0.093	1.194	0.771	0.720	0.723	1.315	0.733	1.369	0.752	0.763	0.772	0.091	0.096	0.726	0.753	1.229	0.734	0.763	0.788	0.733	0.763	0.752	0.750	0.092	0.093	0.092	0.094	0.091	0.092	0.091	0.093	0.094	0.094	0.092	0.091	0.093
35:00:36	22.0	0.091	0.089	0.092	0.092	0.091	0.092	0.091	0.091	0.092	0.093	0.092	0.091	0.091	0.727	1.180	0.732	0.721	1.227	0.737	0.744	1.347	0.736	1.257	0.092	0.090	0.721	0.710	1.157	1.205	0.716	0.714	0.727	0.734	1.351	0.750	0.091	0.090	1.210	0.714	0.708	0.718	0.713	1.193	1.190	0.716	0.770	0.757	0.092	0.093	0.713	1.184	0.717	1.286	0.718	1.270	0.728	1.355	0.776	0.756	0.090	0.093	1.239	0.778	0.720	0.726	1.300	0.736	1.269	0.754	0.768	0.776	0.091	0.096	0.721	0.757	1.235	0.735	0.790	0.802	0.730	0.766	0.750	0.747	0.092	0.093	0.092	0.094	0.091	0.092	0.091	0.093	0.094	0.093	0.092	0.091	0.093
36:00:37	21.8	0.091	0.089	0.092	0.092	0.091	0.092	0.090	0.090	0.092	0.093	0.091	0.091	0.090	0.728	1.190	0.728	0.717	1.288	0.739	0.746	1.242	0.733	1.257	0.092	0.089	0.719	0.711	1.173	1.259	0.717	0.714	0.729	0.738	1.267	0.757	0.091	0.090	1.225	0.716	0.709	0.719	0.715	1.202	1.201	0.715	0.778	0.765	0.092	0.093	0.713	1.194	0.720	1.248	0.716	1.257	0.729	1.270	0.780	0.764	0.090	0.093	1.293	0.784	0.734	0.731	1.293	0.776	1.275	0.761	0.775	0.782	0.090	0.096	0.721	0.777	1.240	0.734	0.791	0.807	0.732	0.774	0.753	0.751	0.092	0.093	0.091	0.094	0.091	0.091	0.090	0.092	0.094	0.093	0.092	0.091	0.093
37:00:39	21.6	0.091	0.089	0.092	0.092	0.091	0.092	0.091	0.091	0.092	0.093	0.092	0.091	0.091	0.727	1.201	0.728	0.719	1.342	0.743	0.753	1.267	0.735	1.263	0.092	0.090	0.722	0.714	1.195	1.309	0.725	0.720	0.739	0.747	1.272	0.765	0.092	0.090	1.238	0.714	0.711	0.723	0.726	1.210	1.214	0.718	0.785	0.773	0.092	0.093	0.718	1.208	0.724	1.252	0.719	1.256	0.733	1.275	0.786	0.772	0.090	0.093	1.326	0.791	0.764	0.737	1.290	0.753	1.272	0.768	0.782	0.790	0.091	0.096	0.723	0.808	1.242	0.738	0.799	0.815	0.733	0.783	0.760	0.755	0.092	0.093	0.092	0.094	0.091	0.092	0.091	0.093	0.094	0.094	0.093	0.091	0.093
38:00:40	21.3	0.091	0.090	0.093	0.092	0.091	0.092	0.091	0.091	0.092	0.094	0.092	0.091	0.091	0.731	1.210	0.731	0.723	1.383	0.749	0.775	1.268	0.740	1.267	0.093	0.090	0.727	0.718	1.220	1.359	0.765	0.752	0.751	0.759	1.272	0.781	0.092	0.091	1.246	0.717	0.717	0.728	0.733	1.217	1.219	0.725	0.796	0.784	0.092	0.094	0.724	1.221	0.731	1.253	0.726	1.257	0.740	1.273	0.796	0.783	0.091	0.094	1.353	0.800	0.787	0.752	1.287	0.763	1.274	0.779	0.794	0.801	0.091	0.096	0.727	0.816	1.245	0.744	0.809	0.824	0.741	0.793	0.772	0.767	0.092	0.093	0.092	0.094	0.092	0.092	0.091	0.093	0.094	0.094	0.093	0.091	0.093
39:00:40	21.1	0.092	0.090	0.092	0.092	0.091	0.092	0.091	0.091	0.093	0.094	0.092	0.091	0.091	0.737	1.220	0.734	0.728	1.286	0.757	0.786	1.272	0.748	1.274	0.092	0.090	0.732	0.722	1.251	1.278	0.773	0.758	0.784	0.768	1.277	0.797	0.092	0.091	1.250	0.724	0.759	0.734	0.744	1.225	1.228	0.734	0.807	0.796	0.092	0.094	0.732	1.233	0.745	1.258	0.735	1.263	0.749	1.275	0.807	0.795	0.091	0.094	1.339	0.812	0.792	0.762	1.292	0.772	1.280	0.790	0.805	0.814	0.091	0.096	0.735	0.828	1.251	0.750	0.819	0.835	0.752	0.805	0.786	0.778	0.092	0.093	0.092	0.094	0.091	0.092	0.091	0.093	0.094	0.094	0.093	0.091	0.093
40:00:42	20.9	0.091	0.090	0.093	0.092	0.091	0.092	0.091	0.091	0.092	0.094	0.092	0.091	0.091	0.743	1.231	0.740	0.734	1.269	0.766	0.796	1.275	0.759	1.281	0.092	0.090	0.739	0.730	1.295	1.291	0.788	0.774	0.797	0.779	1.279	0.808	0.091	0.091	1.259	0.730	0.767	0.742	0.757	1.236	1.238	0.747	0.819	0.809	0.092	0.094	0.743	1.250	0.752	1.264	0.745	1.269	0.758	1.279	0.819	0.809	0.091	0.094	1.311	0.823	0.816	0.774	1.296	0.784	1.286	0.802	0.818	0.827	0.091	0.096	0.742	0.841	1.261	0.760	0.832	0.849	0.763	0.819	0.800	0.790	0.092	0.093	0.092	0.094	0.092	0.092	0.091	0.093	0.094	0.094	0.093	0.091	0.093
41:00:42	20.8	0.091	0.089	0.092	0.092	0.091	0.092	0.091	0.091	0.092	0.093	0.092	0.091	0.091	0.751	1.239	0.747	0.742	1.268	0.776	0.808	1.280	0.771	1.293	0.092	0.090	0.744	0.736	1.348	1.285	0.806	0.784	0.805	0.790	1.287	0.821	0.091	0.090	1.266	0.739	0.778	0.751	0.767	1.245	1.249	0.757	0.831	0.822	0.092	0.093	0.751	1.274	0.763	1.275	0.755	1.280	0.769	1.288	0.830	0.821	0.090	0.093	1.308	0.834	0.825	0.784	1.301	0.794	1.296	0.815	0.830	0.840	0.091	0.096	0.750	0.853	1.273	0.779	0.843	0.859	0.775	0.831	0.814	0.805	0.092	0.093	0.092	0.094	0.091	0.092	0.091	0.093	0.094	0.094	0.092	0.091	0.093
42:00:44	20.9	0.091	0.090	0.092	0.092	0.091	0.092	0.091	0.091	0.092	0.093	0.092	0.091	0.091	0.786	1.260	0.754	0.750	1.279	0.787	0.818	1.292	0.782	1.314	0.092	0.090	0.752	0.740	1.311	1.300	0.814	0.791	0.816	0.802	1.303	0.834	0.091	0.091	1.285	0.745	0.789	0.759	0.777	1.259	1.263	0.768	0.842	0.835	0.092	0.094	0.758	1.316	0.773	1.299	0.765	1.309	0.778	1.323	0.843	0.836	0.091	0.094	1.320	0.843	0.833	0.791	1.314	0.812	1.335	0.826	0.845	0.856	0.091	0.096	0.760	0.866	1.298	0.797	0.855	0.872	0.788	0.846	0.826	0.817	0.092	0.093	0.092	0.094	0.092	0.092	0.091	0.093	0.094	0.094	0.093	0.091	0.093
43:00:43	21.2	0.091	0.090	0.092	0.092	0.091	0.092	0.091	0.091	0.092	0.094	0.092	0.091	0.091	0.793	1.287	0.762	0.757	1.284	0.797	0.829	1.306	0.793	1.332	0.092	0.090	0.759	0.749	1.333	1.305	0.822	0.801	0.826	0.813	1.331	0.846	0.092	0.091	1.302	0.754	0.797	0.768	0.788	1.277	1.282	0.778	0.853	0.847	0.093	0.094	0.767	1.377	0.785	1.317	0.775	1.334	0.788	1.347	0.852	0.847	0.091	0.094	1.313	0.852	0.842	0.802	1.330	0.821	1.367	0.835	0.855	0.867	0.091	0.097	0.770	0.874	1.318	0.807	0.865	0.882	0.801	0.858	0.840	0.830	0.092	0.093	0.092	0.094	0.092	0.092	0.091	0.093	0.094	0.094	0.093	0.091	0.094
44:00:45	21.6	0.091	0.089	0.092	0.092	0.091	0.092	0.091	0.091	0.092	0.094	0.092	0.091	0.091	0.799	1.312	0.770	0.766	1.291	0.806	0.839	1.319	0.803	1.357	0.092	0.090	0.768	0.759	1.329	1.307	0.832	0.812	0.833	0.823	1.353	0.857	0.091	0.090	1.310	0.759	0.804	0.774	0.798	1.286	1.292	0.790	0.861	0.857	0.092	0.094	0.775	1.337	0.793	1.336	0.785	1.366	0.797	1.375	0.859	0.857	0.090	0.093	1.315	0.857	0.852	0.810	1.347	0.828	1.400	0.843	0.864	0.876	0.091	0.096	0.778	0.881	1.337	0.816	0.873	0.889	0.811	0.870	0.851	0.843	0.092	0.093	0.092	0.094	0.092	0.092	0.091	0.093	0.094	0.094	0.093	0.091	0.092
45:00:47	22.3	0.091	0.090	0.092	0.092	0.091	0.092	0.091	0.091	0.092	0.093	0.092	0.091	0.091	0.819	1.341	0.778	0.775	1.291	0.814	0.846	1.336	0.815	1.373	0.092	0.090	0.782	0.766	1.329	1.309	0.839	0.820	0.842	0.831	1.379	0.866	0.092	0.091	1.319	0.766	0.811	0.781	0.806	1.293	1.303	0.799	0.868	0.866	0.092	0.093	0.783	1.369	0.801	1.360	0.794	1.400	0.806	1.399	0.868	0.867	0.090	0.093	1.316	0.864	0.854	0.820	1.358	0.838	1.426	0.852	0.873	0.886	0.091	0.096	0.787	0.888	1.351	0.827	0.883	0.899	0.824	0.880	0.862	0.855	0.092	0.093	0.091	0.094	0.091	0.092	0.091	0.093	0.094	0.094	0.093	0.091	0.092
46:00:49	23.0	0.091	0.090	0.092	0.092	0.091	0.092	0.091	0.091	0.092	0.093	0.092	0.091	0.091	0.823	1.334	0.784	0.782	1.293	0.820	0.853	1.364	0.820	1.397	0.092	0.090	0.788	0.771	1.328	1.312	0.842	0.826	0.846	0.837	1.407	0.873	0.091	0.090	1.330	0.771	0.816	0.787	0.811	1.303	1.322	0.807	0.872	0.873	0.092	0.094	0.789	1.361	0.807	1.396	0.799	1.429	0.811	1.430	0.874	0.873	0.091	0.093	1.315	0.870	0.859	0.827	1.391	0.844	1.459	0.857	0.880	0.893	0.091	0.096	0.794	0.894	1.369	0.836	0.890	0.907	0.833	0.889	0.870	0.865	0.092	0.093	0.092	0.094	0.091	0.092	0.091	0.093	0.094	0.094	0.093	0.091	0.092
47:00:48	23.8	0.091	0.090	0.092	0.092	0.091	0.092	0.091	0.091	0.093	0.094	0.092	0.091	0.091	0.826	1.345	0.788	0.784	1.300	0.824	0.854	1.402	0.826	1.438	0.092	0.090	0.809	0.772	1.327	1.320	0.844	0.827	0.849	0.839	1.445	0.875	0.091	0.090	1.350	0.773	0.825	0.789	0.815	1.332	1.366	0.811	0.873	0.876	0.092	0.094	0.792	1.362	0.811	1.439	0.804	1.436	0.812	1.466	0.875	0.876	0.091	0.094	1.323	0.872	0.861	0.830	1.425	0.846	1.434	0.859	0.882	0.894	0.091	0.096	0.798	0.895	1.410	0.845	0.893	0.908	0.840	0.893	0.875	0.869	0.092	0.093	0.092	0.094	0.091	0.092	0.091	0.093	0.094	0.094	0.093	0.091	0.093
48:00:49	24.4	0.091	0.090	0.092	0.092	0.091	0.092	0.091	0.091	0.092	0.093	0.092	0.091	0.091	0.825	1.363	0.788	0.784	1.309	0.823	0.854	1.445	0.827	1.377	0.092	0.090	0.806	0.781	1.332	1.338	0.841	0.826	0.848	0.838	1.473	0.875	0.091	0.090	1.377	0.770	0.823	0.787	0.816	1.376	1.446	0.810	0.869	0.876	0.092	0.094	0.793	1.359	0.809	1.399	0.802	1.410	0.811	1.459	0.873	0.876	0.090	0.093	1.332	0.872	0.857	0.831	1.409	0.846	1.416	0.858	0.881	0.892	0.091	0.096	0.799	0.893	1.402	0.855	0.893	0.907	0.842	0.892	0.875	0.872	0.092	0.093	0.092	0.094	0.091	0.092	0.091	0.093	0.094	0.094	0.093	0.091	0.092
49:00:49	24.8	0.091	0.090	0.092	0.092	0.091	0.092	0.091	0.091	0.093	0.094	0.092	0.091	0.091	0.821	1.376	0.785	0.781	1.339	0.818	0.849	1.492	0.824	1.399	0.092	0.090	0.800	0.774	1.340	1.385	0.840	0.819	0.844	0.831	1.414	0.870	0.091	0.090	1.344	0.763	0.818	0.782	0.812	1.394	1.371	0.804	0.861	0.870	0.092	0.093	0.789	1.366	0.804	1.407	0.795	1.415	0.802	1.427	0.867	0.870	0.091	0.094	1.350	0.869	0.851	0.829	1.429	0.843	1.427	0.854	0.875	0.885	0.091	0.096	0.800	0.888	1.430	0.851	0.888	0.899	0.841	0.888	0.870	0.869	0.092	0.093	0.092	0.094	0.091	0.092	0.091	0.093	0.094	0.094	0.092	0.091	0.092
50:00:51	25.0	0.091	0.089	0.092	0.092	0.091	0.092	0.091	0.091	0.092	0.093	0.092	0.090	0.091	0.845	1.375	0.781	0.775	1.405	0.811	0.841	1.412	0.816	1.417	0.092	0.090	0.791	0.768	1.362	1.422	0.829	0.809	0.833	0.820	1.423	0.859	0.091	0.090	1.361	0.751	0.806	0.768	0.803	1.393	1.390	0.792	0.849	0.860	0.092	0.093	0.782	1.369	0.798	1.413	0.784	1.420	0.790	1.436	0.856	0.860	0.090	0.093	1.382	0.860	0.840	0.821	1.435	0.835	1.436	0.845	0.866	0.874	0.091	0.096	0.794	0.881	1.423	0.850	0.879	0.890	0.834	0.879	0.862	0.863	0.092	0.093	0.092	0.094	0.091	0.091	0.090	0.093	0.094	0.094	0.092	0.091	0.093
51:00:52	25.1	0.091	0.089	0.092	0.092	0.091	0.092	0.091	0.091	0.092	0.094	0.092	0.090	0.091	0.836	1.378	0.770	0.762	1.450	0.803	0.831	1.417	0.804	1.423	0.092	0.090	0.777	0.754	1.371	1.447	0.817	0.797	0.823	0.809	1.428	0.847	0.091	0.090	1.372	0.733	0.793	0.753	0.794	1.401	1.404	0.782	0.837	0.849	0.092	0.094	0.769	1.371	0.790	1.424	0.772	1.443	0.777	1.443	0.844	0.850	0.090	0.093	1.456	0.850	0.830	0.813	1.435	0.827	1.436	0.836	0.855	0.862	0.091	0.096	0.786	0.870	1.418	0.859	0.870	0.878	0.826	0.870	0.851	0.855	0.092	0.093	0.092	0.094	0.091	0.092	0.091	0.093	0.094	0.094	0.092	0.091	0.093
52:00:54	25.1	0.091	0.090	0.092	0.092	0.091	0.092	0.091	0.091	0.092	0.093	0.092	0.091	0.091	0.823	1.380	0.760	0.751	1.483	0.793	0.821	1.414	0.792	1.423	0.092	0.090	0.765	0.735	1.389	1.484	0.801	0.783	0.810	0.797	1.425	0.837	0.091	0.090	1.395	0.717	0.777	0.740	0.785	1.397	1.406	0.768	0.822	0.837	0.092	0.093	0.760	1.372	0.774	1.420	0.762	1.443	0.779	1.440	0.832	0.839	0.090	0.093	1.487	0.842	0.816	0.804	1.430	0.818	1.433	0.827	0.844	0.851	0.091	0.096	0.781	0.862	1.419	0.851	0.859	0.867	0.816	0.859	0.841	0.846	0.092	0.093	0.092	0.094	0.091	0.092	0.091	0.093	0.094	0.094	0.092	0.091	0.093
53:00:55	25.1	0.091	0.089	0.092	0.092	0.091	0.092	0.091	0.091	0.092	0.094	0.092	0.091	0.091	0.808	1.379	0.744	0.738	1.502	0.782	0.809	1.415	0.780	1.433	0.092	0.089	0.755	0.717	1.412	1.484	0.787	0.770	0.799	0.788	1.441	0.827	0.091	0.090	1.403	0.700	0.763	0.727	0.775	1.393	1.404	0.756	0.810	0.827	0.092	0.093	0.751	1.374	0.766	1.415	0.751	1.438	0.769	1.436	0.820	0.829	0.090	0.093	1.477	0.832	0.806	0.796	1.431	0.811	1.435	0.818	0.834	0.842	0.091	0.096	0.771	0.854	1.417	0.839	0.851	0.858	0.810	0.850	0.833	0.839	0.092	0.093	0.092	0.094	0.091	0.092	0.091	0.093	0.094	0.094	0.092	0.091	0.092
54:00:55	24.8	0.091	0.089	0.092	0.092	0.091	0.092	0.091	0.091	0.092	0.094	0.092	0.091	0.091	0.803	1.381	0.732	0.725	1.449	0.773	0.802	1.410	0.769	1.445	0.092	0.090	0.745	0.701	1.428	1.402	0.773	0.757	0.791	0.781	1.431	0.817	0.091	0.090	1.421	0.689	0.754	0.711	0.764	1.387	1.396	0.744	0.801	0.819	0.092	0.094	0.744	1.387	0.757	1.412	0.744	1.431	0.757	1.434	0.814	0.824	0.090	0.093	1.441	0.826	0.792	0.787	1.422	0.805	1.434	0.813	0.828	0.835	0.091	0.096	0.770	0.847	1.421	0.850	0.841	0.847	0.800	0.846	0.828	0.835	0.092	0.093	0.092	0.094	0.091	0.091	0.091	0.093	0.094	0.094	0.092	0.091	0.092
55:00:56	24.4	0.091	0.090	0.092	0.092	0.091	0.092	0.091	0.091	0.092	0.093	0.092	0.091	0.091	0.797	1.385	0.725	0.717	1.412	0.767	0.794	1.415	0.765	1.439	0.092	0.090	0.738	0.692	1.445	1.403	0.766	0.751	0.784	0.778	1.436	0.813	0.091	0.091	1.420	0.677	0.746	0.700	0.761	1.380	1.389	0.739	0.795	0.815	0.092	0.093	0.738	1.401	0.754	1.412	0.748	1.432	0.749	1.432	0.810	0.821	0.090	0.093	1.440	0.826	0.792	0.784	1.427	0.808	1.438	0.807	0.825	0.831	0.091	0.096	0.769	0.846	1.416	0.858	0.839	0.848	0.801	0.841	0.826	0.835	0.092	0.093	0.092	0.094	0.091	0.092	0.091	0.093	0.094	0.094	0.092	0.091	0.093
56:00:57	24.1	0.091	0.089	0.092	0.092	0.091	0.092	0.091	0.091	0.092	0.094	0.092	0.091	0.091	0.798	1.389	0.718	0.714	1.413	0.772	0.793	1.417	0.766	1.444	0.092	0.090	0.735	0.684	1.460	1.396	0.761	0.749	0.782	0.778	1.441	0.813	0.091	0.090	1.417	0.678	0.743	0.700	0.760	1.375	1.384	0.736	0.792	0.816	0.092	0.093	0.738	1.414	0.753	1.412	0.749	1.429	0.746	1.434	0.812	0.820	0.090	0.093	1.438	0.820	0.792	0.784	1.420	0.810	1.437	0.809	0.825	0.832	0.091	0.096	0.774	0.851	1.413	0.857	0.839	0.846	0.803	0.841	0.829	0.838	0.093	0.093	0.092	0.094	0.091	0.092	0.091	0.093	0.094	0.094	0.092	0.091	0.093
57:00:59	23.9	0.091	0.089	0.092	0.092	0.091	0.092	0.091	0.091	0.092	0.093	0.092	0.091	0.091	0.799	1.403	0.722	0.716	1.407	0.775	0.794	1.431	0.766	1.455	0.092	0.090	0.733	0.683	1.443	1.396	0.762	0.745	0.782	0.779	1.446	0.816	0.091	0.090	1.421	0.680	0.743	0.702	0.759	1.375	1.387	0.738	0.795	0.821	0.092	0.094	0.742	1.428	0.754	1.409	0.747	1.421	0.746	1.438	0.817	0.823	0.090	0.093	1.458	0.819	0.792	0.787	1.414	0.813	1.430	0.812	0.831	0.836	0.091	0.096	0.783	0.857	1.419	0.858	0.845	0.848	0.804	0.845	0.833	0.845	0.092	0.093	0.092	0.094	0.091	0.092	0.091	0.093	0.094	0.093	0.092	0.091	0.093
58:01:00	23.6	0.091	0.089	0.092	0.092	0.091	0.092	0.091	0.091	0.092	0.093	0.092	0.091	0.091	0.801	1.422	0.719	0.717	1.414	0.780	0.800	1.458	0.770	1.478	0.092	0.090	0.736	0.683	1.395	1.401	0.766	0.750	0.786	0.781	1.459	0.823	0.091	0.090	1.421	0.676	0.750	0.698	0.764	1.381	1.393	0.739	0.802	0.827	0.092	0.093	0.754	1.424	0.759	1.406	0.749	1.421	0.745	1.440	0.823	0.831	0.090	0.093	1.458	0.823	0.799	0.793	1.421	0.817	1.428	0.818	0.838	0.842	0.091	0.096	0.792	0.863	1.426	0.859	0.850	0.853	0.809	0.849	0.840	0.854	0.092	0.093	0.092	0.094	0.091	0.092	0.091	0.093	0.094	0.094	0.092	0.091	0.093
59:01:00	23.3	0.091	0.090	0.092	0.092	0.091	0.092	0.091	0.091	0.093	0.093	0.092	0.091	0.091	0.807	1.439	0.725	0.723	1.414	0.785	0.806	1.466	0.778	1.506	0.092	0.090	0.750	0.691	1.395	1.405	0.774	0.756	0.792	0.788	1.472	0.830	0.092	0.091	1.423	0.681	0.753	0.703	0.769	1.386	1.400	0.742	0.806	0.834	0.092	0.093	0.760	1.431	0.767	1.409	0.754	1.422	0.748	1.441	0.827	0.837	0.091	0.094	1.458	0.826	0.803	0.800	1.424	0.822	1.431	0.823	0.843	0.847	0.091	0.096	0.800	0.866	1.436	0.861	0.855	0.859	0.816	0.856	0.847	0.863	0.092	0.093	0.092	0.094	0.091	0.092	0.092	0.093	0.094	0.094	0.093	0.091	0.094
60:01:02	23.0	0.091	0.090	0.092	0.093	0.092	0.092	0.091	0.091	0.093	0.094	0.092	0.091	0.091	0.812	1.458	0.733	0.730	1.415	0.791	0.812	1.472	0.786	1.520	0.092	0.090	0.757	0.695	1.393	1.413	0.780	0.767	0.796	0.793	1.480	0.836	0.092	0.091	1.438	0.687	0.759	0.708	0.774	1.392	1.405	0.744	0.812	0.839	0.092	0.094	0.770	1.404	0.770	1.411	0.756	1.422	0.752	1.441	0.830	0.844	0.091	0.094	1.464	0.831	0.810	0.804	1.423	0.825	1.434	0.828	0.849	0.853	0.091	0.096	0.810	0.873	1.448	0.868	0.862	0.866	0.823	0.861	0.855	0.873	0.092	0.093	0.092	0.094	0.092	0.092	0.093	0.093	0.094	0.094	0.093	0.091	0.093
61:01:02	22.7	0.091	0.090	0.092	0.092	0.091	0.092	0.091	0.091	0.093	0.094	0.092	0.091	0.091	0.818	1.472	0.737	0.733	1.417	0.798	0.819	1.481	0.792	1.525	0.092	0.090	0.762	0.707	1.390	1.418	0.786	0.773	0.801	0.798	1.487	0.840	0.091	0.090	1.438	0.693	0.766	0.710	0.779	1.395	1.410	0.747	0.816	0.844	0.092	0.094	0.777	1.408	0.777	1.412	0.761	1.423	0.753	1.442	0.833	0.850	0.091	0.094	1.464	0.836	0.817	0.809	1.423	0.829	1.435	0.833	0.852	0.859	0.091	0.096	0.822	0.878	1.459	0.875	0.869	0.870	0.829	0.867	0.863	0.883	0.092	0.093	0.092	0.094	0.091	0.092	0.095	0.093	0.094	0.094	0.093	0.091	0.093
62:01:04	22.4	0.091	0.089	0.092	0.092	0.091	0.092	0.091	0.091	0.093	0.094	0.092	0.091	0.091	0.829	1.484	0.747	0.742	1.419	0.803	0.824	1.486	0.799	1.528	0.092	0.090	0.776	0.721	1.388	1.418	0.791	0.777	0.805	0.803	1.491	0.844	0.091	0.090	1.445	0.700	0.773	0.715	0.786	1.397	1.413	0.752	0.818	0.849	0.092	0.093	0.783	1.406	0.781	1.410	0.765	1.422	0.757	1.441	0.834	0.855	0.091	0.094	1.463	0.841	0.823	0.814	1.422	0.833	1.433	0.836	0.855	0.866	0.091	0.096	0.833	0.884	1.471	0.884	0.876	0.874	0.837	0.871	0.870	0.892	0.092	0.093	0.092	0.094	0.092	0.092	0.099	0.093	0.094	0.094	0.093	0.091	0.093
63:01:05	22.2	0.091	0.089	0.092	0.092	0.091	0.092	0.091	0.091	0.093	0.093	0.092	0.091	0.091	0.838	1.493	0.750	0.746	1.421	0.806	0.831	1.492	0.805	1.516	0.092	0.090	0.782	0.734	1.384	1.421	0.797	0.784	0.810	0.808	1.495	0.849	0.091	0.090	1.452	0.705	0.780	0.719	0.792	1.403	1.419	0.757	0.822	0.854	0.092	0.093	0.792	1.405	0.787	1.412	0.771	1.423	0.761	1.438	0.838	0.861	0.090	0.093	1.463	0.847	0.829	0.817	1.421	0.835	1.433	0.839	0.860	0.871	0.091	0.095	0.843	0.890	1.490	0.889	0.882	0.878	0.842	0.875	0.877	0.899	0.092	0.093	0.092	0.094	0.091	0.092	0.104	0.093	0.094	0.094	0.092	0.091	0.093
64:01:06	22.0	0.091	0.090	0.093	0.092	0.091	0.092	0.091	0.091	0.093	0.094	0.092	0.091	0.091	0.849	1.496	0.754	0.753	1.427	0.813	0.836	1.494	0.813	1.496	0.092	0.090	0.792	0.739	1.387	1.428	0.802	0.790	0.814	0.814	1.493	0.856	0.091	0.091	1.467	0.712	0.785	0.723	0.798	1.420	1.439	0.760	0.826	0.860	0.092	0.094	0.798	1.400	0.793	1.418	0.776	1.428	0.765	1.428	0.840	0.867	0.091	0.094	1.470	0.854	0.835	0.822	1.425	0.840	1.437	0.843	0.864	0.877	0.091	0.096	0.852	0.895	1.531	0.895	0.886	0.882	0.849	0.881	0.884	0.908	0.093	0.093	0.092	0.094	0.091	0.092	0.113	0.093	0.094	0.094	0.093	0.091	0.093
65:01:07	21.9	0.091	0.090	0.093	0.092	0.091	0.092	0.091	0.091	0.093	0.094	0.092	0.091	0.091	0.857	1.477	0.759	0.756	1.437	0.817	0.840	1.501	0.817	1.468	0.092	0.090	0.799	0.747	1.390	1.433	0.808	0.796	0.817	0.817	1.483	0.859	0.092	0.091	1.482	0.716	0.792	0.728	0.803	1.432	1.449	0.761	0.828	0.864	0.092	0.094	0.803	1.400	0.798	1.419	0.780	1.431	0.769	1.430	0.843	0.870	0.091	0.093	1.478	0.859	0.839	0.826	1.428	0.842	1.442	0.845	0.867	0.881	0.091	0.096	0.859	0.900	1.550	0.900	0.890	0.886	0.856	0.885	0.890	0.915	0.093	0.093	0.092	0.094	0.092	0.092	0.125	0.093	0.094	0.094	0.093	0.091	0.094
66:01:07	22.0	0.091	0.090	0.092	0.092	0.091	0.092	0.091	0.091	0.092	0.093	0.092	0.091	0.091	0.863	1.453	0.768	0.765	1.444	0.820	0.842	1.507	0.820	1.459	0.092	0.090	0.807	0.752	1.394	1.436	0.812	0.798	0.819	0.820	1.471	0.862	0.091	0.090	1.494	0.723	0.795	0.731	0.806	1.442	1.456	0.764	0.831	0.866	0.092	0.094	0.809	1.400	0.800	1.421	0.781	1.433	0.773	1.428	0.844	0.874	0.090	0.094	1.488	0.862	0.841	0.828	1.428	0.843	1.443	0.846	0.869	0.884	0.091	0.096	0.864	0.902	1.556	0.902	0.892	0.888	0.860	0.887	0.893	0.921	0.092	0.093	0.092	0.094	0.091	0.092	0.143	0.093	0.094	0.094	0.093	0.091	0.093
67:01:09	22.2	0.091	0.090	0.092	0.092	0.091	0.092	0.091	0.091	0.092	0.094	0.092	0.091	0.091	0.869	1.459	0.770	0.766	1.455	0.825	0.845	1.495	0.826	1.466	0.092	0.090	0.810	0.757	1.401	1.444	0.814	0.801	0.823	0.823	1.427	0.865	0.091	0.090	1.511	0.725	0.798	0.735	0.808	1.467	1.485	0.767	0.832	0.869	0.092	0.093	0.811	1.401	0.803	1.429	0.784	1.441	0.773	1.431	0.845	0.876	0.090	0.093	1.502	0.867	0.844	0.831	1.435	0.846	1.450	0.849	0.871	0.888	0.091	0.096	0.869	0.907	1.506	0.906	0.895	0.891	0.862	0.891	0.898	0.927	0.092	0.093	0.092	0.094	0.091	0.092	0.170	0.093	0.094	0.094	0.092	0.091	0.093
68:01:11	22.6	0.091	0.090	0.092	0.092	0.091	0.092	0.091	0.091	0.093	0.094	0.092	0.091	0.091	0.873	1.463	0.776	0.775	1.470	0.828	0.847	1.438	0.828	1.469	0.092	0.090	0.814	0.759	1.413	1.452	0.815	0.802	0.822	0.823	1.428	0.866	0.091	0.091	1.524	0.728	0.800	0.738	0.809	1.490	1.509	0.768	0.833	0.870	0.092	0.094	0.811	1.408	0.803	1.438	0.783	1.453	0.773	1.439	0.846	0.878	0.090	0.093	1.523	0.869	0.844	0.831	1.447	0.845	1.460	0.853	0.872	0.890	0.090	0.096	0.871	0.908	1.465	0.907	0.896	0.891	0.862	0.893	0.899	0.931	0.093	0.093	0.092	0.094	0.091	0.092	0.196	0.093	0.094	0.094	0.092	0.091	0.093
69:01:09	23.2	0.091	0.090	0.093	0.092	0.092	0.093	0.091	0.091	0.093	0.094	0.092	0.091	0.091	0.874	1.475	0.777	0.775	1.481	0.829	0.846	1.427	0.828	1.466	0.092	0.090	0.816	0.760	1.421	1.464	0.816	0.804	0.821	0.822	1.430	0.865	0.091	0.091	1.541	0.728	0.799	0.738	0.810	1.506	1.524	0.767	0.831	0.870	0.092	0.094	0.813	1.416	0.802	1.444	0.782	1.459	0.772	1.442	0.845	0.878	0.091	0.094	1.538	0.871	0.844	0.831	1.449	0.845	1.467	0.851	0.871	0.889	0.091	0.096	0.873	0.910	1.464	0.907	0.897	0.892	0.863	0.892	0.900	0.932	0.093	0.093	0.092	0.094	0.091	0.092	0.221	0.093	0.094	0.094	0.093	0.091	0.094
70:01:11	23.9	0.091	0.089	0.092	0.092	0.091	0.092	0.091	0.091	0.093	0.094	0.092	0.091	0.091	0.876	1.465	0.777	0.773	1.495	0.828	0.844	1.430	0.827	1.472	0.092	0.090	0.817	0.761	1.430	1.476	0.814	0.802	0.817	0.821	1.432	0.866	0.091	0.090	1.554	0.728	0.798	0.738	0.807	1.527	1.540	0.764	0.830	0.870	0.092	0.093	0.808	1.425	0.799	1.452	0.781	1.470	0.769	1.449	0.845	0.877	0.090	0.093	1.549	0.871	0.841	0.829	1.455	0.843	1.475	0.850	0.872	0.889	0.091	0.096	0.874	0.908	1.466	0.909	0.895	0.891	0.864	0.891	0.898	0.934	0.092	0.093	0.092	0.094	0.091	0.092	0.241	0.093	0.094	0.094	0.092	0.091	0.093
71:01:12	24.6	0.091	0.089	0.092	0.092	0.091	0.092	0.091	0.091	0.093	0.093	0.092	0.091	0.091	0.874	1.465	0.776	0.773	1.508	0.826	0.839	1.433	0.826	1.474	0.092	0.090	0.816	0.760	1.441	1.487	0.811	0.799	0.814	0.818	1.437	0.864	0.091	0.090	1.555	0.724	0.795	0.735	0.803	1.540	1.553	0.761	0.826	0.867	0.092	0.094	0.804	1.438	0.794	1.462	0.776	1.480	0.765	1.459	0.842	0.876	0.090	0.093	1.557	0.872	0.837	0.827	1.462	0.841	1.489	0.846	0.868	0.886	0.091	0.096	0.872	0.906	1.461	0.907	0.893	0.890	0.859	0.888	0.895	0.932	0.093	0.093	0.092	0.094	0.091	0.092	0.271	0.093	0.094	0.094	0.092	0.091	0.092
72:01:13	25.1	0.091	0.089	0.092	0.092	0.091	0.092	0.091	0.091	0.093	0.094	0.092	0.091	0.091	0.872	1.462	0.768	0.767	1.524	0.822	0.835	1.451	0.824	1.493	0.092	0.090	0.813	0.756	1.460	1.510	0.806	0.795	0.809	0.814	1.454	0.863	0.091	0.090	1.456	0.721	0.791	0.731	0.799	1.546	1.543	0.757	0.824	0.863	0.092	0.094	0.802	1.450	0.790	1.474	0.772	1.478	0.759	1.476	0.838	0.871	0.090	0.093	1.558	0.863	0.834	0.821	1.456	0.835	1.490	0.840	0.863	0.882	0.091	0.095	0.870	0.904	1.467	0.907	0.890	0.887	0.856	0.886	0.893	0.929	0.093	0.093	0.092	0.094	0.091	0.091	0.296	0.093	0.094	0.094	0.092	0.091	0.093

