Time	T° 600	A1	A2	A3	A4	A5	A6	A7	A8	A9	A10	A11	A12	B1	B2	B3	B4	B5	B6	B7	B8	B9	B10	B11	B12	C1	C2	C3	C4	C5	C6	C7	C8	C9	C10	C11	C12	D1	D2	D3	D4	D5	D6	D7	D8	D9	D10	D11	D12	E1	E2	E3	E4	E5	E6	E7	E8	E9	E10	E11	E12	F1	F2	F3	F4	F5	F6	F7	F8	F9	F10	F11	F12	G1	G2	G3	G4	G5	G6	G7	G8	G9	G10	G11	G12	H1	H2	H3	H4	H5	H6	H7	H8	H9	H10	H11	H12
0:00:06	20.2	0.090	0.090	0.092	0.093	0.092	0.094	0.118	0.090	0.091	0.092	0.089	0.091	0.091	0.091	0.090	0.092	0.091	0.089	0.091	0.092	0.090	0.090	0.090	0.091	0.091	0.090	0.090	0.089	0.089	0.091	0.089	0.090	0.091	0.093	0.089	0.091	0.089	0.089	0.089	0.089	0.089	0.088	0.090	0.089	0.090	0.090	0.090	0.091	0.092	0.089	0.090	0.090	0.090	0.095	0.088	0.090	0.089	0.089	0.089	0.088	0.093	0.089	0.092	0.088	0.090	0.089	0.089	0.089	0.090	0.089	0.090	0.090	0.091	0.091	0.092	0.090	0.093	0.090	0.092	0.091	0.092	0.090	0.090	0.089	0.093	0.090	0.094	0.091	0.090	0.089	0.091	0.094	0.093	0.091	0.089	0.092
1:00:06	20.7	0.090	0.090	0.092	0.094	0.092	0.094	0.118	0.090	0.091	0.092	0.090	0.092	0.091	0.091	0.090	0.092	0.092	0.090	0.092	0.093	0.091	0.091	0.091	0.092	0.091	0.091	0.091	0.090	0.090	0.092	0.091	0.092	0.092	0.094	0.091	0.092	0.089	0.090	0.090	0.090	0.091	0.090	0.090	0.091	0.092	0.091	0.091	0.092	0.092	0.090	0.091	0.092	0.091	0.095	0.089	0.090	0.090	0.090	0.091	0.089	0.093	0.090	0.093	0.090	0.092	0.090	0.090	0.091	0.091	0.091	0.091	0.090	0.091	0.092	0.093	0.091	0.094	0.091	0.093	0.092	0.093	0.092	0.092	0.090	0.093	0.090	0.093	0.091	0.090	0.090	0.092	0.094	0.093	0.091	0.090	0.091
2:00:07	20.8	0.090	0.090	0.092	0.094	0.092	0.095	0.118	0.090	0.091	0.092	0.090	0.092	0.091	0.092	0.091	0.092	0.092	0.091	0.093	0.094	0.092	0.092	0.092	0.092	0.091	0.091	0.091	0.091	0.090	0.092	0.091	0.092	0.093	0.094	0.092	0.092	0.089	0.090	0.091	0.091	0.091	0.090	0.092	0.091	0.093	0.092	0.091	0.092	0.092	0.091	0.092	0.092	0.092	0.093	0.090	0.090	0.091	0.091	0.091	0.090	0.093	0.091	0.094	0.090	0.092	0.091	0.091	0.092	0.092	0.091	0.092	0.090	0.092	0.093	0.094	0.091	0.095	0.092	0.094	0.093	0.094	0.092	0.092	0.090	0.093	0.090	0.094	0.091	0.090	0.090	0.092	0.094	0.093	0.092	0.090	0.091
3:00:09	20.8	0.090	0.090	0.092	0.093	0.092	0.094	0.118	0.090	0.091	0.092	0.090	0.092	0.091	0.092	0.091	0.093	0.093	0.091	0.093	0.094	0.092	0.092	0.092	0.092	0.091	0.091	0.092	0.091	0.091	0.093	0.092	0.093	0.093	0.095	0.092	0.092	0.089	0.091	0.091	0.092	0.091	0.091	0.092	0.092	0.093	0.093	0.092	0.092	0.092	0.092	0.092	0.093	0.092	0.092	0.090	0.091	0.092	0.091	0.091	0.090	0.093	0.091	0.095	0.092	0.093	0.091	0.091	0.092	0.092	0.091	0.092	0.090	0.091	0.093	0.094	0.092	0.095	0.092	0.094	0.093	0.094	0.093	0.093	0.090	0.093	0.090	0.093	0.091	0.090	0.090	0.092	0.094	0.093	0.092	0.090	0.091
4:00:11	20.7	0.090	0.090	0.092	0.094	0.093	0.094	0.118	0.090	0.091	0.093	0.090	0.093	0.091	0.094	0.092	0.094	0.094	0.092	0.094	0.095	0.093	0.093	0.094	0.092	0.091	0.093	0.093	0.092	0.092	0.094	0.093	0.094	0.095	0.096	0.093	0.092	0.090	0.092	0.092	0.093	0.093	0.092	0.093	0.093	0.095	0.094	0.093	0.092	0.093	0.093	0.093	0.094	0.093	0.093	0.092	0.092	0.093	0.092	0.093	0.090	0.093	0.092	0.096	0.092	0.094	0.093	0.092	0.093	0.094	0.093	0.093	0.091	0.092	0.094	0.095	0.093	0.096	0.094	0.095	0.094	0.095	0.094	0.094	0.091	0.093	0.090	0.094	0.092	0.090	0.090	0.093	0.094	0.094	0.092	0.091	0.091
5:00:12	20.6	0.091	0.090	0.092	0.094	0.093	0.094	0.118	0.090	0.091	0.093	0.090	0.092	0.091	0.095	0.094	0.096	0.095	0.094	0.096	0.097	0.095	0.095	0.095	0.092	0.091	0.094	0.095	0.094	0.094	0.096	0.094	0.096	0.096	0.097	0.095	0.092	0.089	0.094	0.094	0.094	0.094	0.093	0.095	0.095	0.096	0.096	0.095	0.093	0.093	0.095	0.095	0.096	0.095	0.095	0.093	0.094	0.094	0.094	0.095	0.090	0.093	0.094	0.097	0.094	0.095	0.095	0.094	0.095	0.095	0.094	0.095	0.091	0.092	0.096	0.096	0.095	0.098	0.095	0.097	0.096	0.096	0.095	0.095	0.090	0.093	0.091	0.093	0.092	0.091	0.090	0.094	0.094	0.094	0.092	0.091	0.091
6:00:13	20.3	0.090	0.090	0.092	0.094	0.092	0.095	0.117	0.090	0.091	0.092	0.090	0.092	0.091	0.098	0.096	0.098	0.098	0.096	0.099	0.100	0.098	0.097	0.098	0.092	0.091	0.097	0.097	0.096	0.097	0.099	0.097	0.098	0.099	0.100	0.097	0.092	0.089	0.097	0.097	0.097	0.097	0.096	0.097	0.097	0.099	0.098	0.097	0.092	0.092	0.097	0.098	0.098	0.098	0.097	0.095	0.096	0.097	0.097	0.097	0.090	0.093	0.096	0.099	0.096	0.098	0.097	0.096	0.097	0.098	0.097	0.097	0.091	0.091	0.098	0.099	0.097	0.100	0.097	0.098	0.098	0.099	0.098	0.098	0.090	0.093	0.091	0.093	0.091	0.090	0.090	0.093	0.094	0.094	0.092	0.090	0.091
7:00:14	20.2	0.090	0.090	0.092	0.094	0.093	0.095	0.118	0.090	0.091	0.093	0.090	0.092	0.091	0.103	0.101	0.104	0.104	0.102	0.104	0.106	0.104	0.103	0.103	0.092	0.091	0.102	0.102	0.102	0.103	0.106	0.103	0.105	0.106	0.106	0.103	0.092	0.090	0.102	0.102	0.103	0.103	0.102	0.103	0.104	0.106	0.103	0.102	0.092	0.092	0.102	0.103	0.104	0.103	0.104	0.101	0.102	0.103	0.102	0.102	0.090	0.093	0.101	0.105	0.102	0.103	0.102	0.101	0.102	0.103	0.102	0.102	0.091	0.092	0.103	0.103	0.102	0.105	0.102	0.103	0.102	0.103	0.102	0.103	0.090	0.093	0.091	0.093	0.091	0.090	0.090	0.095	0.094	0.093	0.092	0.091	0.092
8:00:14	20.1	0.090	0.090	0.092	0.094	0.093	0.094	0.117	0.090	0.091	0.092	0.090	0.093	0.091	0.117	0.115	0.125	0.126	0.124	0.127	0.129	0.127	0.126	0.118	0.092	0.091	0.118	0.120	0.125	0.126	0.134	0.129	0.132	0.137	0.130	0.118	0.092	0.090	0.118	0.120	0.125	0.130	0.131	0.131	0.131	0.137	0.128	0.118	0.092	0.092	0.116	0.118	0.125	0.128	0.130	0.123	0.126	0.126	0.126	0.117	0.090	0.093	0.115	0.120	0.119	0.124	0.121	0.119	0.123	0.121	0.118	0.116	0.091	0.092	0.114	0.114	0.115	0.117	0.114	0.112	0.114	0.116	0.115	0.113	0.090	0.093	0.091	0.093	0.092	0.090	0.090	0.095	0.094	0.094	0.092	0.090	0.092
9:00:17	20.0	0.091	0.090	0.093	0.094	0.093	0.095	0.118	0.090	0.092	0.093	0.090	0.093	0.091	0.138	0.137	0.138	0.138	0.130	0.137	0.139	0.135	0.133	0.136	0.093	0.091	0.142	0.142	0.137	0.134	0.136	0.135	0.131	0.135	0.140	0.139	0.092	0.090	0.139	0.141	0.136	0.134	0.134	0.130	0.131	0.134	0.135	0.137	0.093	0.092	0.139	0.147	0.145	0.133	0.137	0.135	0.135	0.135	0.128	0.130	0.090	0.093	0.139	0.144	0.146	0.141	0.132	0.134	0.131	0.131	0.128	0.131	0.091	0.092	0.152	0.153	0.147	0.145	0.138	0.133	0.133	0.136	0.128	0.128	0.091	0.094	0.091	0.094	0.092	0.091	0.091	0.095	0.094	0.094	0.092	0.091	0.092
10:00:16	20.0	0.091	0.090	0.092	0.094	0.093	0.094	0.117	0.090	0.091	0.093	0.090	0.092	0.091	0.148	0.149	0.153	0.153	0.147	0.149	0.151	0.146	0.145	0.145	0.093	0.091	0.143	0.145	0.144	0.145	0.146	0.142	0.143	0.144	0.149	0.149	0.092	0.090	0.150	0.147	0.146	0.143	0.141	0.142	0.141	0.145	0.145	0.144	0.092	0.093	0.151	0.144	0.146	0.140	0.144	0.139	0.143	0.141	0.142	0.144	0.090	0.093	0.149	0.152	0.140	0.143	0.139	0.143	0.146	0.148	0.141	0.144	0.091	0.092	0.148	0.140	0.142	0.143	0.143	0.142	0.146	0.151	0.143	0.146	0.090	0.094	0.091	0.093	0.092	0.090	0.091	0.095	0.094	0.094	0.092	0.091	0.092
11:00:17	20.0	0.090	0.090	0.092	0.094	0.093	0.094	0.117	0.090	0.092	0.093	0.090	0.092	0.091	0.168	0.163	0.162	0.160	0.159	0.163	0.163	0.161	0.157	0.162	0.092	0.091	0.165	0.163	0.158	0.155	0.164	0.158	0.161	0.162	0.163	0.167	0.092	0.090	0.165	0.157	0.162	0.161	0.158	0.162	0.158	0.164	0.160	0.159	0.092	0.093	0.161	0.159	0.160	0.161	0.161	0.157	0.158	0.158	0.159	0.158	0.090	0.094	0.163	0.167	0.161	0.164	0.160	0.163	0.165	0.164	0.156	0.158	0.091	0.092	0.163	0.166	0.160	0.164	0.160	0.160	0.165	0.168	0.157	0.161	0.090	0.093	0.091	0.093	0.091	0.090	0.091	0.094	0.094	0.094	0.092	0.091	0.092
12:00:19	20.0	0.091	0.090	0.092	0.094	0.093	0.093	0.117	0.091	0.092	0.092	0.090	0.092	0.091	0.177	0.175	0.184	0.185	0.181	0.188	0.190	0.188	0.178	0.183	0.092	0.091	0.177	0.177	0.180	0.178	0.186	0.181	0.179	0.181	0.179	0.188	0.092	0.090	0.179	0.179	0.180	0.183	0.182	0.182	0.177	0.184	0.176	0.178	0.092	0.093	0.177	0.178	0.182	0.180	0.181	0.175	0.176	0.175	0.173	0.174	0.090	0.093	0.185	0.186	0.180	0.183	0.178	0.181	0.181	0.179	0.170	0.176	0.091	0.092	0.185	0.185	0.183	0.183	0.176	0.177	0.183	0.186	0.178	0.181	0.090	0.093	0.091	0.093	0.091	0.090	0.090	0.094	0.094	0.093	0.092	0.090	0.092
13:00:18	19.9	0.091	0.090	0.093	0.094	0.093	0.093	0.118	0.091	0.091	0.093	0.090	0.093	0.091	0.202	0.196	0.203	0.205	0.203	0.208	0.210	0.207	0.207	0.207	0.093	0.092	0.200	0.200	0.198	0.198	0.204	0.200	0.201	0.204	0.201	0.213	0.093	0.090	0.200	0.203	0.205	0.206	0.202	0.205	0.199	0.207	0.200	0.199	0.093	0.093	0.199	0.200	0.198	0.202	0.199	0.194	0.202	0.199	0.193	0.194	0.090	0.094	0.201	0.203	0.197	0.201	0.196	0.201	0.198	0.200	0.193	0.201	0.091	0.092	0.202	0.201	0.200	0.203	0.197	0.197	0.204	0.214	0.202	0.206	0.090	0.094	0.091	0.093	0.092	0.091	0.091	0.094	0.094	0.094	0.092	0.091	0.092
14:00:20	19.9	0.091	0.090	0.093	0.095	0.094	0.093	0.118	0.091	0.092	0.093	0.091	0.093	0.091	0.233	0.224	0.232	0.232	0.231	0.239	0.241	0.235	0.240	0.234	0.093	0.092	0.232	0.227	0.222	0.223	0.233	0.224	0.233	0.232	0.230	0.246	0.093	0.090	0.229	0.233	0.232	0.234	0.232	0.234	0.228	0.236	0.229	0.226	0.093	0.093	0.225	0.229	0.225	0.230	0.229	0.221	0.230	0.232	0.221	0.222	0.090	0.094	0.228	0.234	0.226	0.228	0.221	0.228	0.227	0.229	0.223	0.231	0.091	0.092	0.230	0.226	0.226	0.227	0.221	0.221	0.237	0.249	0.236	0.237	0.091	0.094	0.091	0.093	0.092	0.091	0.091	0.093	0.094	0.094	0.092	0.091	0.092
15:00:20	19.9	0.091	0.090	0.093	0.095	0.093	0.093	0.118	0.091	0.092	0.093	0.091	0.093	0.091	0.267	0.260	0.269	0.268	0.259	0.274	0.276	0.269	0.277	0.264	0.092	0.091	0.265	0.265	0.255	0.253	0.263	0.252	0.268	0.273	0.261	0.285	0.092	0.090	0.259	0.265	0.260	0.265	0.264	0.272	0.262	0.268	0.267	0.262	0.093	0.093	0.250	0.255	0.256	0.260	0.256	0.251	0.264	0.264	0.259	0.259	0.090	0.094	0.256	0.265	0.255	0.257	0.247	0.262	0.257	0.268	0.264	0.269	0.091	0.092	0.264	0.251	0.251	0.263	0.257	0.252	0.286	0.292	0.275	0.274	0.091	0.094	0.091	0.093	0.092	0.091	0.090	0.093	0.094	0.094	0.092	0.091	0.092
16:00:22	19.9	0.091	0.090	0.093	0.094	0.093	0.093	0.118	0.091	0.092	0.093	0.091	0.093	0.091	0.317	0.308	0.322	0.316	0.304	0.323	0.330	0.323	0.324	0.310	0.093	0.091	0.323	0.313	0.300	0.299	0.317	0.295	0.318	0.323	0.304	0.339	0.092	0.090	0.315	0.317	0.319	0.312	0.307	0.325	0.310	0.313	0.324	0.311	0.093	0.093	0.303	0.299	0.299	0.308	0.304	0.295	0.324	0.309	0.310	0.309	0.090	0.094	0.297	0.302	0.293	0.301	0.290	0.318	0.301	0.320	0.314	0.319	0.091	0.092	0.304	0.296	0.299	0.309	0.307	0.301	0.342	0.343	0.324	0.329	0.090	0.093	0.091	0.093	0.092	0.091	0.090	0.093	0.094	0.094	0.092	0.091	0.092
17:00:24	20.0	0.090	0.090	0.092	0.094	0.093	0.093	0.118	0.091	0.092	0.093	0.090	0.092	0.091	0.372	0.357	0.385	0.392	0.372	0.383	0.389	0.393	0.384	0.361	0.092	0.091	0.373	0.375	0.363	0.356	0.384	0.358	0.374	0.384	0.362	0.398	0.092	0.090	0.359	0.371	0.370	0.368	0.371	0.388	0.368	0.371	0.380	0.362	0.093	0.093	0.349	0.358	0.362	0.372	0.365	0.353	0.379	0.366	0.371	0.360	0.090	0.093	0.349	0.358	0.353	0.361	0.346	0.370	0.351	0.371	0.364	0.373	0.091	0.092	0.351	0.350	0.356	0.369	0.358	0.349	0.404	0.399	0.382	0.386	0.090	0.094	0.091	0.093	0.092	0.090	0.090	0.095	0.094	0.094	0.092	0.091	0.092
18:00:23	20.0	0.091	0.090	0.092	0.094	0.093	0.093	0.118	0.091	0.091	0.093	0.090	0.092	0.091	0.431	0.416	0.450	0.450	0.426	0.445	0.452	0.452	0.446	0.429	0.092	0.092	0.435	0.439	0.423	0.420	0.443	0.421	0.441	0.446	0.423	0.462	0.092	0.090	0.422	0.429	0.436	0.436	0.427	0.456	0.439	0.435	0.449	0.426	0.092	0.093	0.415	0.419	0.418	0.430	0.424	0.413	0.441	0.425	0.434	0.421	0.090	0.093	0.406	0.416	0.409	0.422	0.406	0.435	0.413	0.429	0.414	0.436	0.091	0.092	0.412	0.412	0.416	0.429	0.418	0.411	0.470	0.463	0.448	0.446	0.090	0.093	0.091	0.093	0.091	0.091	0.090	0.095	0.094	0.094	0.092	0.091	0.092
19:00:28	20.0	0.091	0.090	0.093	0.095	0.093	0.093	0.118	0.091	0.091	0.093	0.090	0.093	0.091	0.493	0.474	0.521	0.512	0.489	0.505	0.516	0.514	0.506	0.489	0.093	0.092	0.501	0.505	0.484	0.480	0.505	0.476	0.503	0.506	0.487	0.526	0.093	0.090	0.480	0.491	0.494	0.496	0.494	0.518	0.504	0.496	0.514	0.485	0.093	0.093	0.478	0.483	0.485	0.489	0.489	0.479	0.498	0.482	0.498	0.483	0.090	0.093	0.475	0.487	0.470	0.481	0.459	0.504	0.468	0.497	0.472	0.494	0.091	0.092	0.478	0.480	0.480	0.493	0.484	0.472	0.533	0.532	0.515	0.513	0.091	0.094	0.091	0.093	0.092	0.091	0.090	0.096	0.094	0.094	0.092	0.091	0.092
20:00:26	20.1	0.091	0.090	0.093	0.094	0.093	0.093	0.118	0.091	0.092	0.093	0.090	0.093	0.091	0.557	0.535	0.575	0.570	0.546	0.559	0.577	0.576	0.564	0.554	0.093	0.092	0.562	0.567	0.546	0.541	0.557	0.545	0.563	0.569	0.549	0.588	0.093	0.090	0.546	0.555	0.555	0.557	0.552	0.579	0.564	0.559	0.576	0.544	0.093	0.093	0.543	0.543	0.540	0.547	0.542	0.539	0.556	0.548	0.564	0.548	0.090	0.094	0.539	0.544	0.536	0.541	0.520	0.567	0.533	0.560	0.534	0.564	0.091	0.093	0.542	0.544	0.543	0.554	0.545	0.532	0.593	0.595	0.580	0.572	0.091	0.094	0.091	0.093	0.092	0.091	0.091	0.096	0.094	0.094	0.092	0.091	0.092
21:00:28	20.0	0.091	0.090	0.092	0.095	0.093	0.093	0.118	0.091	0.092	0.093	0.090	0.092	0.091	0.618	0.590	0.630	0.624	0.595	0.617	0.626	0.625	0.622	0.602	0.092	0.091	0.623	0.627	0.601	0.592	0.614	0.587	0.612	0.618	0.604	0.648	0.093	0.090	0.600	0.610	0.608	0.608	0.599	0.625	0.617	0.612	0.631	0.597	0.093	0.092	0.596	0.596	0.592	0.600	0.594	0.583	0.613	0.596	0.620	0.603	0.090	0.093	0.594	0.600	0.582	0.591	0.566	0.617	0.580	0.612	0.587	0.621	0.091	0.092	0.596	0.599	0.599	0.606	0.606	0.584	0.646	0.652	0.632	0.632	0.091	0.093	0.091	0.093	0.092	0.091	0.090	0.095	0.094	0.094	0.092	0.091	0.092
22:00:28	19.9	0.091	0.090	0.093	0.095	0.094	0.093	0.118	0.091	0.092	0.093	0.091	0.093	0.091	0.668	0.634	0.676	0.669	0.639	0.664	0.676	0.675	0.675	0.654	0.093	0.092	0.670	0.674	0.642	0.635	0.660	0.632	0.662	0.667	0.652	0.697	0.093	0.090	0.653	0.655	0.661	0.655	0.647	0.674	0.663	0.659	0.684	0.650	0.093	0.093	0.653	0.647	0.642	0.653	0.643	0.627	0.663	0.643	0.668	0.663	0.090	0.093	0.644	0.649	0.634	0.642	0.611	0.666	0.633	0.669	0.641	0.675	0.091	0.093	0.649	0.657	0.650	0.662	0.662	0.632	0.696	0.702	0.688	0.686	0.091	0.094	0.091	0.093	0.092	0.091	0.091	0.095	0.094	0.094	0.093	0.091	0.092
23:00:30	19.8	0.091	0.090	0.093	0.094	0.093	0.093	0.117	0.091	0.091	0.093	0.091	0.093	0.091	0.717	0.676	0.722	0.717	0.682	0.711	0.723	0.723	0.721	0.700	0.092	0.092	0.717	0.727	0.686	0.677	0.709	0.675	0.710	0.717	0.694	0.748	0.093	0.090	0.701	0.704	0.707	0.703	0.696	0.717	0.712	0.707	0.734	0.699	0.093	0.093	0.702	0.698	0.694	0.699	0.691	0.671	0.718	0.687	0.718	0.716	0.090	0.094	0.696	0.702	0.687	0.693	0.655	0.713	0.677	0.723	0.689	0.723	0.091	0.092	0.701	0.704	0.699	0.711	0.714	0.678	0.742	0.747	0.740	0.737	0.091	0.094	0.091	0.093	0.092	0.091	0.090	0.096	0.094	0.094	0.092	0.091	0.092
24:00:29	19.8	0.091	0.090	0.093	0.095	0.093	0.093	0.117	0.091	0.092	0.093	0.091	0.093	0.092	0.761	0.715	0.757	0.758	0.721	0.755	0.767	0.766	0.765	0.743	0.093	0.091	0.758	0.766	0.722	0.715	0.754	0.713	0.754	0.760	0.735	0.794	0.093	0.090	0.749	0.747	0.751	0.747	0.739	0.756	0.759	0.752	0.780	0.741	0.093	0.093	0.749	0.744	0.742	0.746	0.735	0.714	0.765	0.729	0.765	0.764	0.090	0.094	0.745	0.749	0.731	0.740	0.695	0.756	0.721	0.774	0.738	0.774	0.091	0.092	0.748	0.752	0.748	0.756	0.762	0.724	0.790	0.794	0.787	0.782	0.091	0.094	0.091	0.093	0.092	0.091	0.091	0.096	0.094	0.094	0.092	0.091	0.092
25:00:30	19.8	0.091	0.090	0.092	0.095	0.093	0.093	0.117	0.091	0.092	0.093	0.091	0.093	0.091	0.802	0.754	0.796	0.799	0.756	0.793	0.805	0.806	0.809	0.780	0.093	0.091	0.798	0.804	0.760	0.751	0.793	0.747	0.797	0.801	0.772	0.841	0.093	0.090	0.789	0.791	0.795	0.792	0.781	0.799	0.800	0.793	0.821	0.787	0.093	0.093	0.791	0.787	0.786	0.788	0.778	0.748	0.809	0.766	0.810	0.814	0.090	0.093	0.787	0.793	0.777	0.785	0.735	0.797	0.760	0.818	0.780	0.823	0.091	0.093	0.797	0.797	0.792	0.799	0.806	0.763	0.832	0.841	0.839	0.836	0.090	0.094	0.091	0.093	0.092	0.091	0.091	0.093	0.094	0.094	0.092	0.091	0.092
26:00:32	19.8	0.091	0.090	0.093	0.095	0.093	0.093	0.118	0.091	0.091	0.093	0.090	0.093	0.092	0.839	0.782	0.829	0.832	0.788	0.829	0.841	0.843	0.846	0.813	0.092	0.091	0.836	0.838	0.792	0.783	0.831	0.781	0.836	0.840	0.806	0.874	0.093	0.090	0.826	0.830	0.832	0.827	0.818	0.832	0.840	0.830	0.858	0.817	0.093	0.093	0.828	0.827	0.824	0.824	0.816	0.780	0.848	0.800	0.850	0.853	0.091	0.094	0.824	0.833	0.818	0.823	0.766	0.833	0.799	0.859	0.817	0.860	0.091	0.092	0.834	0.835	0.833	0.836	0.844	0.797	0.861	0.867	0.873	0.869	0.091	0.094	0.091	0.093	0.092	0.091	0.090	0.093	0.094	0.094	0.092	0.091	0.092
27:00:32	19.9	0.091	0.090	0.093	0.094	0.093	0.093	0.117	0.091	0.092	0.093	0.090	0.093	0.091	0.869	0.806	0.859	0.857	0.813	0.858	0.871	0.872	0.879	0.838	0.092	0.091	0.865	0.864	0.816	0.811	0.859	0.805	0.867	0.870	0.834	0.903	0.093	0.090	0.854	0.861	0.863	0.861	0.847	0.861	0.871	0.862	0.889	0.847	0.093	0.093	0.859	0.859	0.856	0.854	0.847	0.807	0.879	0.828	0.881	0.885	0.090	0.093	0.856	0.865	0.849	0.854	0.794	0.862	0.827	0.889	0.846	0.893	0.091	0.093	0.866	0.869	0.867	0.867	0.875	0.823	0.889	0.895	0.904	0.898	0.091	0.094	0.091	0.093	0.092	0.091	0.091	0.093	0.094	0.094	0.092	0.091	0.092
28:00:33	19.9	0.091	0.090	0.093	0.094	0.093	0.093	0.117	0.091	0.092	0.093	0.090	0.093	0.091	0.891	0.825	0.880	0.879	0.832	0.881	0.893	0.894	0.903	0.859	0.092	0.091	0.887	0.887	0.834	0.830	0.879	0.827	0.891	0.894	0.855	0.924	0.093	0.090	0.879	0.887	0.887	0.884	0.873	0.883	0.896	0.886	0.913	0.869	0.093	0.093	0.882	0.884	0.881	0.877	0.872	0.828	0.901	0.848	0.906	0.911	0.090	0.093	0.880	0.891	0.875	0.879	0.815	0.884	0.851	0.915	0.868	0.917	0.091	0.092	0.892	0.895	0.893	0.891	0.901	0.845	0.911	0.918	0.929	0.924	0.091	0.094	0.091	0.093	0.092	0.091	0.090	0.093	0.094	0.094	0.092	0.091	0.092
29:00:34	19.9	0.091	0.090	0.092	0.095	0.093	0.093	0.117	0.091	0.092	0.093	0.091	0.092	0.091	0.909	0.839	0.896	0.893	0.844	0.897	0.910	0.911	0.920	0.874	0.092	0.092	0.903	0.904	0.847	0.845	0.895	0.841	0.908	0.912	0.871	0.941	0.093	0.090	0.896	0.905	0.904	0.901	0.890	0.899	0.916	0.905	0.932	0.884	0.093	0.093	0.900	0.901	0.900	0.895	0.890	0.843	0.919	0.863	0.925	0.931	0.090	0.094	0.899	0.910	0.893	0.897	0.830	0.902	0.867	0.933	0.885	0.935	0.091	0.093	0.911	0.915	0.913	0.911	0.921	0.862	0.928	0.936	0.947	0.942	0.091	0.093	0.091	0.093	0.092	0.090	0.090	0.093	0.094	0.094	0.092	0.091	0.092
30:00:36	19.9	0.091	0.090	0.093	0.095	0.094	0.093	0.118	0.091	0.092	0.093	0.091	0.093	0.091	0.921	0.849	0.906	0.904	0.855	0.910	0.923	0.924	0.935	0.886	0.093	0.091	0.915	0.914	0.858	0.855	0.907	0.851	0.923	0.925	0.880	0.954	0.093	0.090	0.911	0.919	0.917	0.916	0.904	0.913	0.932	0.921	0.947	0.896	0.093	0.093	0.914	0.916	0.915	0.910	0.904	0.856	0.934	0.873	0.941	0.947	0.090	0.094	0.913	0.925	0.908	0.912	0.843	0.917	0.881	0.949	0.897	0.951	0.091	0.093	0.927	0.929	0.928	0.925	0.936	0.874	0.946	0.949	0.964	0.959	0.091	0.094	0.091	0.093	0.092	0.091	0.091	0.093	0.094	0.094	0.093	0.091	0.092
31:00:38	19.8	0.091	0.090	0.093	0.095	0.093	0.093	0.091	0.091	0.091	0.093	0.090	0.092	0.092	0.929	0.854	0.913	0.911	0.858	0.918	0.932	0.933	0.945	0.894	0.093	0.091	0.923	0.921	0.862	0.862	0.915	0.857	0.932	0.935	0.887	0.962	0.093	0.090	0.920	0.930	0.927	0.926	0.913	0.919	0.942	0.930	0.957	0.904	0.093	0.093	0.924	0.926	0.924	0.918	0.913	0.864	0.942	0.879	0.953	0.959	0.090	0.093	0.926	0.936	0.920	0.923	0.851	0.927	0.890	0.960	0.905	0.963	0.091	0.092	0.937	0.941	0.940	0.936	0.946	0.882	0.952	0.959	0.971	0.968	0.091	0.093	0.091	0.093	0.091	0.090	0.091	0.093	0.094	0.094	0.093	0.091	0.092
32:00:36	19.8	0.091	0.090	0.093	0.095	0.094	0.093	0.091	0.091	0.092	0.093	0.091	0.093	0.091	0.938	0.857	0.920	0.918	0.864	0.926	0.939	0.940	0.957	0.898	0.093	0.091	0.933	0.929	0.865	0.866	0.923	0.862	0.940	0.943	0.892	0.967	0.093	0.090	0.930	0.940	0.936	0.935	0.923	0.929	0.953	0.939	0.964	0.908	0.093	0.093	0.935	0.937	0.935	0.926	0.923	0.871	0.950	0.886	0.963	0.966	0.090	0.094	0.936	0.945	0.930	0.933	0.858	0.937	0.897	0.970	0.911	0.967	0.091	0.093	0.949	0.951	0.951	0.947	0.959	0.893	0.959	0.964	0.978	0.974	0.091	0.094	0.091	0.093	0.092	0.091	0.091	0.093	0.094	0.094	0.092	0.091	0.092
33:00:38	19.8	0.091	0.090	0.093	0.095	0.093	0.093	0.091	0.091	0.092	0.093	0.091	0.093	0.091	0.938	0.862	0.918	0.921	0.865	0.929	0.943	0.943	0.958	0.903	0.093	0.091	0.934	0.929	0.867	0.868	0.926	0.865	0.943	0.945	0.894	0.970	0.093	0.090	0.932	0.941	0.937	0.938	0.927	0.932	0.957	0.943	0.967	0.913	0.093	0.093	0.939	0.941	0.938	0.929	0.928	0.873	0.953	0.889	0.965	0.973	0.090	0.093	0.943	0.949	0.936	0.938	0.862	0.942	0.902	0.974	0.916	0.975	0.091	0.093	0.955	0.956	0.958	0.953	0.964	0.898	0.962	0.966	0.983	0.979	0.091	0.094	0.091	0.093	0.092	0.091	0.091	0.093	0.094	0.094	0.093	0.091	0.092
34:00:39	19.7	0.091	0.090	0.093	0.095	0.093	0.093	0.091	0.091	0.092	0.093	0.091	0.093	0.092	0.939	0.865	0.920	0.922	0.867	0.931	0.943	0.944	0.961	0.906	0.093	0.091	0.938	0.931	0.868	0.869	0.927	0.866	0.943	0.947	0.896	0.972	0.093	0.090	0.937	0.942	0.940	0.940	0.926	0.933	0.959	0.944	0.967	0.913	0.093	0.093	0.942	0.942	0.940	0.931	0.930	0.875	0.954	0.890	0.966	0.976	0.091	0.094	0.946	0.951	0.938	0.940	0.864	0.943	0.904	0.975	0.918	0.977	0.091	0.093	0.958	0.957	0.960	0.955	0.965	0.900	0.969	0.974	0.987	0.987	0.091	0.094	0.091	0.093	0.092	0.091	0.091	0.093	0.094	0.094	0.093	0.091	0.092
35:00:41	19.7	0.091	0.091	0.093	0.095	0.094	0.093	0.090	0.091	0.092	0.093	0.091	0.093	0.091	0.939	0.863	0.919	0.920	0.863	0.929	0.941	0.942	0.960	0.907	0.093	0.091	0.937	0.929	0.865	0.866	0.924	0.864	0.941	0.945	0.894	0.972	0.093	0.090	0.935	0.941	0.937	0.937	0.926	0.930	0.956	0.943	0.965	0.913	0.093	0.093	0.942	0.941	0.938	0.929	0.929	0.874	0.953	0.889	0.967	0.975	0.091	0.093	0.945	0.951	0.937	0.939	0.862	0.942	0.903	0.975	0.917	0.977	0.092	0.093	0.960	0.958	0.962	0.956	0.965	0.897	0.969	0.974	0.988	0.986	0.091	0.094	0.091	0.093	0.092	0.091	0.091	0.093	0.094	0.094	0.092	0.091	0.092
36:00:42	19.6	0.091	0.090	0.093	0.095	0.094	0.093	0.091	0.091	0.092	0.093	0.091	0.093	0.092	0.939	0.861	0.918	0.918	0.858	0.927	0.940	0.941	0.962	0.905	0.093	0.091	0.936	0.926	0.862	0.861	0.921	0.859	0.938	0.944	0.891	0.967	0.093	0.090	0.933	0.938	0.936	0.935	0.923	0.926	0.954	0.942	0.963	0.910	0.093	0.093	0.941	0.940	0.936	0.928	0.927	0.870	0.950	0.883	0.964	0.973	0.091	0.094	0.945	0.950	0.936	0.939	0.859	0.939	0.900	0.972	0.912	0.975	0.092	0.093	0.960	0.959	0.960	0.955	0.965	0.896	0.973	0.974	0.988	0.986	0.091	0.093	0.091	0.093	0.092	0.091	0.091	0.093	0.094	0.094	0.093	0.091	0.092
37:00:42	19.6	0.091	0.090	0.092	0.094	0.093	0.093	0.091	0.091	0.092	0.093	0.091	0.092	0.091	0.938	0.854	0.915	0.915	0.850	0.922	0.936	0.938	0.958	0.899	0.093	0.091	0.932	0.922	0.855	0.853	0.916	0.852	0.935	0.941	0.885	0.964	0.093	0.090	0.931	0.934	0.933	0.930	0.920	0.921	0.951	0.938	0.959	0.903	0.093	0.093	0.939	0.937	0.931	0.924	0.922	0.863	0.945	0.877	0.959	0.970	0.090	0.093	0.942	0.946	0.931	0.935	0.852	0.936	0.893	0.968	0.906	0.972	0.091	0.093	0.957	0.955	0.958	0.952	0.962	0.890	0.970	0.972	0.985	0.983	0.091	0.093	0.091	0.093	0.091	0.091	0.091	0.093	0.094	0.094	0.092	0.091	0.092
38:00:44	19.5	0.091	0.090	0.093	0.095	0.093	0.094	0.090	0.091	0.092	0.093	0.091	0.093	0.092	0.937	0.849	0.914	0.912	0.846	0.922	0.933	0.936	0.956	0.893	0.093	0.091	0.930	0.918	0.848	0.848	0.912	0.844	0.929	0.938	0.879	0.959	0.093	0.090	0.928	0.930	0.928	0.926	0.916	0.918	0.947	0.935	0.955	0.896	0.093	0.093	0.936	0.934	0.927	0.919	0.919	0.857	0.942	0.872	0.955	0.967	0.091	0.094	0.941	0.944	0.927	0.931	0.845	0.930	0.887	0.964	0.898	0.970	0.092	0.093	0.955	0.952	0.955	0.950	0.958	0.883	0.965	0.963	0.983	0.982	0.091	0.094	0.092	0.093	0.092	0.091	0.091	0.093	0.094	0.094	0.093	0.091	0.092
39:00:44	19.5	0.091	0.090	0.093	0.095	0.094	0.093	0.090	0.091	0.092	0.093	0.091	0.093	0.091	0.934	0.841	0.911	0.908	0.835	0.915	0.928	0.932	0.952	0.887	0.093	0.091	0.926	0.913	0.839	0.840	0.905	0.838	0.925	0.933	0.872	0.956	0.093	0.090	0.924	0.924	0.923	0.920	0.911	0.912	0.940	0.930	0.950	0.887	0.093	0.093	0.930	0.930	0.921	0.914	0.913	0.850	0.935	0.861	0.950	0.963	0.091	0.094	0.937	0.939	0.923	0.926	0.838	0.925	0.879	0.958	0.890	0.967	0.092	0.093	0.951	0.948	0.952	0.945	0.953	0.876	0.964	0.964	0.981	0.980	0.091	0.094	0.091	0.093	0.092	0.091	0.091	0.093	0.095	0.094	0.093	0.091	0.092
40:00:46	19.5	0.091	0.090	0.093	0.095	0.094	0.094	0.091	0.091	0.092	0.093	0.091	0.093	0.091	0.929	0.830	0.907	0.902	0.828	0.906	0.924	0.927	0.943	0.882	0.093	0.091	0.921	0.905	0.829	0.828	0.898	0.829	0.917	0.928	0.863	0.954	0.093	0.090	0.918	0.918	0.917	0.913	0.904	0.905	0.934	0.923	0.943	0.881	0.093	0.093	0.924	0.922	0.913	0.908	0.908	0.840	0.930	0.850	0.943	0.961	0.091	0.094	0.932	0.933	0.915	0.920	0.831	0.918	0.869	0.952	0.882	0.966	0.092	0.093	0.945	0.944	0.947	0.940	0.948	0.868	0.962	0.962	0.979	0.979	0.091	0.093	0.092	0.093	0.092	0.091	0.091	0.093	0.095	0.094	0.093	0.091	0.092
41:00:47	19.5	0.091	0.090	0.093	0.095	0.094	0.094	0.091	0.091	0.092	0.093	0.091	0.093	0.091	0.927	0.822	0.905	0.899	0.818	0.903	0.920	0.924	0.940	0.870	0.093	0.091	0.918	0.903	0.820	0.821	0.894	0.824	0.913	0.924	0.854	0.949	0.093	0.090	0.916	0.912	0.913	0.908	0.899	0.899	0.928	0.919	0.937	0.873	0.093	0.093	0.922	0.918	0.908	0.903	0.905	0.831	0.925	0.839	0.937	0.956	0.091	0.094	0.929	0.929	0.912	0.915	0.823	0.913	0.864	0.947	0.872	0.960	0.091	0.093	0.943	0.939	0.943	0.936	0.946	0.859	0.955	0.957	0.975	0.977	0.091	0.094	0.091	0.093	0.092	0.091	0.091	0.093	0.095	0.094	0.093	0.091	0.092
42:00:46	19.5	0.090	0.090	0.093	0.095	0.093	0.093	0.090	0.091	0.092	0.093	0.091	0.092	0.091	0.924	0.813	0.902	0.895	0.811	0.897	0.916	0.919	0.937	0.863	0.092	0.091	0.913	0.898	0.812	0.811	0.886	0.817	0.908	0.918	0.845	0.943	0.093	0.090	0.911	0.907	0.907	0.903	0.894	0.894	0.923	0.915	0.933	0.865	0.093	0.093	0.917	0.914	0.902	0.897	0.897	0.820	0.919	0.831	0.933	0.952	0.090	0.093	0.924	0.924	0.907	0.910	0.813	0.906	0.852	0.941	0.864	0.956	0.091	0.092	0.938	0.933	0.936	0.931	0.940	0.851	0.951	0.954	0.972	0.971	0.091	0.094	0.091	0.093	0.092	0.091	0.091	0.093	0.094	0.094	0.092	0.091	0.092
43:00:47	19.6	0.091	0.091	0.093	0.095	0.094	0.094	0.091	0.091	0.092	0.093	0.091	0.093	0.091	0.920	0.808	0.899	0.893	0.809	0.893	0.913	0.918	0.934	0.856	0.093	0.091	0.910	0.894	0.807	0.806	0.879	0.812	0.903	0.916	0.840	0.941	0.093	0.090	0.907	0.904	0.904	0.900	0.890	0.889	0.917	0.912	0.929	0.855	0.093	0.093	0.913	0.910	0.899	0.892	0.893	0.817	0.916	0.826	0.928	0.950	0.091	0.094	0.920	0.919	0.901	0.906	0.807	0.898	0.842	0.935	0.856	0.952	0.092	0.092	0.933	0.930	0.933	0.927	0.937	0.844	0.948	0.952	0.969	0.970	0.091	0.094	0.091	0.093	0.092	0.091	0.091	0.093	0.095	0.094	0.093	0.091	0.092
44:00:49	19.6	0.091	0.090	0.093	0.095	0.093	0.093	0.091	0.091	0.092	0.093	0.091	0.093	0.091	0.920	0.804	0.899	0.892	0.813	0.889	0.910	0.919	0.931	0.856	0.093	0.091	0.908	0.893	0.802	0.803	0.875	0.812	0.896	0.915	0.838	0.941	0.093	0.090	0.904	0.901	0.902	0.892	0.888	0.885	0.912	0.909	0.925	0.853	0.093	0.093	0.911	0.907	0.896	0.889	0.891	0.815	0.913	0.821	0.919	0.948	0.091	0.094	0.917	0.917	0.900	0.903	0.802	0.887	0.838	0.927	0.853	0.948	0.092	0.092	0.929	0.926	0.929	0.925	0.934	0.844	0.945	0.948	0.969	0.969	0.091	0.094	0.091	0.093	0.091	0.091	0.091	0.093	0.094	0.094	0.093	0.091	0.092
45:00:50	19.6	0.091	0.091	0.093	0.095	0.094	0.094	0.091	0.091	0.092	0.093	0.091	0.093	0.092	0.918	0.802	0.901	0.892	0.810	0.888	0.911	0.918	0.931	0.855	0.093	0.091	0.907	0.893	0.803	0.802	0.872	0.808	0.892	0.911	0.835	0.937	0.093	0.091	0.903	0.902	0.902	0.888	0.882	0.878	0.912	0.907	0.924	0.851	0.093	0.093	0.910	0.908	0.896	0.886	0.888	0.814	0.914	0.820	0.914	0.948	0.091	0.094	0.916	0.916	0.899	0.902	0.800	0.884	0.839	0.919	0.849	0.945	0.092	0.093	0.927	0.925	0.928	0.922	0.935	0.841	0.944	0.944	0.969	0.969	0.091	0.094	0.091	0.093	0.092	0.091	0.091	0.093	0.095	0.094	0.093	0.091	0.092
46:00:51	19.7	0.091	0.090	0.093	0.095	0.094	0.094	0.091	0.091	0.092	0.093	0.091	0.093	0.091	0.920	0.800	0.903	0.893	0.809	0.887	0.913	0.921	0.933	0.854	0.093	0.091	0.909	0.891	0.801	0.799	0.872	0.812	0.883	0.905	0.836	0.936	0.093	0.090	0.903	0.904	0.899	0.891	0.885	0.878	0.913	0.901	0.913	0.851	0.093	0.093	0.910	0.909	0.893	0.883	0.886	0.817	0.908	0.820	0.904	0.947	0.091	0.094	0.917	0.917	0.900	0.902	0.801	0.884	0.839	0.917	0.851	0.946	0.092	0.092	0.927	0.926	0.927	0.924	0.936	0.839	0.944	0.939	0.969	0.969	0.091	0.094	0.091	0.093	0.092	0.091	0.091	0.093	0.094	0.094	0.092	0.091	0.092
47:00:53	19.7	0.091	0.090	0.093	0.094	0.093	0.093	0.090	0.091	0.092	0.093	0.091	0.093	0.091	0.924	0.798	0.906	0.895	0.810	0.883	0.915	0.926	0.938	0.852	0.092	0.091	0.912	0.894	0.806	0.801	0.877	0.815	0.880	0.897	0.838	0.931	0.093	0.090	0.906	0.907	0.898	0.892	0.882	0.883	0.905	0.892	0.916	0.851	0.093	0.093	0.912	0.909	0.897	0.878	0.886	0.825	0.903	0.821	0.909	0.940	0.091	0.093	0.919	0.922	0.903	0.901	0.805	0.890	0.838	0.922	0.851	0.940	0.091	0.092	0.928	0.927	0.930	0.926	0.937	0.840	0.943	0.942	0.972	0.969	0.091	0.093	0.091	0.093	0.092	0.091	0.091	0.093	0.094	0.094	0.092	0.091	0.092
48:00:53	19.7	0.091	0.090	0.093	0.095	0.094	0.093	0.090	0.091	0.092	0.093	0.091	0.093	0.092	0.928	0.799	0.912	0.902	0.819	0.882	0.920	0.931	0.942	0.855	0.093	0.091	0.916	0.896	0.812	0.810	0.888	0.826	0.883	0.901	0.840	0.935	0.093	0.090	0.908	0.913	0.903	0.894	0.880	0.887	0.909	0.895	0.921	0.855	0.093	0.093	0.917	0.907	0.903	0.881	0.887	0.831	0.896	0.827	0.914	0.939	0.090	0.094	0.924	0.927	0.908	0.899	0.812	0.897	0.839	0.928	0.853	0.939	0.092	0.092	0.931	0.931	0.934	0.931	0.938	0.841	0.925	0.945	0.974	0.973	0.091	0.093	0.091	0.093	0.092	0.091	0.091	0.093	0.094	0.094	0.092	0.091	0.092
49:00:55	19.6	0.090	0.090	0.092	0.095	0.093	0.093	0.090	0.091	0.092	0.093	0.091	0.093	0.091	0.934	0.803	0.921	0.903	0.825	0.888	0.928	0.937	0.950	0.860	0.093	0.091	0.922	0.902	0.818	0.815	0.894	0.832	0.892	0.908	0.852	0.941	0.093	0.090	0.910	0.917	0.910	0.900	0.889	0.901	0.902	0.901	0.926	0.862	0.093	0.093	0.923	0.910	0.907	0.884	0.884	0.837	0.902	0.835	0.919	0.939	0.091	0.094	0.930	0.934	0.897	0.889	0.821	0.902	0.844	0.936	0.857	0.948	0.091	0.092	0.936	0.938	0.940	0.938	0.928	0.847	0.933	0.944	0.976	0.982	0.091	0.094	0.091	0.093	0.092	0.091	0.090	0.093	0.094	0.094	0.092	0.091	0.092
50:00:55	19.6	0.091	0.090	0.092	0.095	0.093	0.093	0.090	0.091	0.092	0.093	0.091	0.092	0.091	0.942	0.811	0.927	0.912	0.836	0.897	0.935	0.931	0.958	0.869	0.093	0.091	0.931	0.909	0.837	0.829	0.905	0.841	0.902	0.917	0.863	0.947	0.093	0.090	0.904	0.926	0.920	0.906	0.904	0.913	0.918	0.909	0.944	0.871	0.093	0.093	0.932	0.915	0.892	0.889	0.896	0.845	0.913	0.843	0.928	0.949	0.090	0.093	0.938	0.942	0.903	0.895	0.827	0.912	0.852	0.943	0.868	0.955	0.092	0.092	0.943	0.946	0.948	0.946	0.928	0.856	0.939	0.953	0.985	0.993	0.091	0.094	0.091	0.093	0.092	0.091	0.091	0.093	0.094	0.094	0.092	0.091	0.092
51:00:57	19.6	0.091	0.090	0.093	0.095	0.093	0.093	0.090	0.091	0.092	0.093	0.091	0.093	0.092	0.951	0.818	0.937	0.917	0.842	0.905	0.945	0.937	0.967	0.874	0.093	0.091	0.940	0.914	0.844	0.844	0.914	0.854	0.915	0.929	0.873	0.957	0.093	0.090	0.912	0.936	0.927	0.913	0.915	0.926	0.930	0.921	0.953	0.880	0.093	0.093	0.942	0.916	0.896	0.904	0.909	0.858	0.922	0.856	0.937	0.955	0.091	0.094	0.948	0.955	0.916	0.906	0.838	0.920	0.863	0.950	0.878	0.964	0.091	0.092	0.952	0.957	0.959	0.957	0.928	0.866	0.958	0.956	0.980	1.005	0.091	0.094	0.091	0.093	0.092	0.091	0.090	0.093	0.094	0.094	0.093	0.091	0.092
52:00:56	19.6	0.091	0.091	0.093	0.095	0.094	0.094	0.091	0.091	0.092	0.093	0.091	0.093	0.092	0.962	0.828	0.946	0.928	0.856	0.918	0.957	0.942	0.978	0.886	0.093	0.091	0.951	0.922	0.858	0.856	0.928	0.866	0.926	0.944	0.885	0.967	0.093	0.090	0.923	0.942	0.941	0.924	0.926	0.935	0.942	0.936	0.965	0.892	0.093	0.093	0.952	0.926	0.907	0.917	0.918	0.872	0.931	0.868	0.950	0.964	0.091	0.094	0.959	0.966	0.928	0.922	0.848	0.938	0.872	0.960	0.891	0.973	0.091	0.093	0.963	0.968	0.970	0.970	0.940	0.879	0.968	0.965	0.993	1.015	0.091	0.094	0.092	0.093	0.092	0.091	0.091	0.093	0.095	0.094	0.093	0.091	0.092
53:00:57	19.6	0.091	0.090	0.093	0.095	0.094	0.094	0.091	0.091	0.092	0.093	0.091	0.093	0.092	0.972	0.838	0.956	0.938	0.869	0.926	0.967	0.951	0.987	0.898	0.093	0.091	0.963	0.932	0.869	0.874	0.942	0.880	0.937	0.957	0.901	0.976	0.093	0.091	0.933	0.945	0.949	0.939	0.947	0.953	0.956	0.961	0.979	0.902	0.093	0.093	0.964	0.939	0.918	0.934	0.934	0.885	0.944	0.881	0.960	0.973	0.091	0.094	0.971	0.979	0.941	0.936	0.863	0.948	0.885	0.972	0.904	0.979	0.092	0.093	0.974	0.980	0.982	0.980	0.952	0.890	0.977	0.972	1.002	1.025	0.091	0.094	0.091	0.094	0.092	0.091	0.091	0.093	0.095	0.094	0.093	0.092	0.092
54:00:58	19.6	0.091	0.090	0.092	0.095	0.094	0.093	0.091	0.091	0.092	0.093	0.091	0.093	0.091	0.982	0.855	0.969	0.950	0.888	0.937	0.980	0.961	0.991	0.912	0.093	0.091	0.973	0.943	0.889	0.889	0.958	0.900	0.948	0.971	0.915	0.986	0.093	0.090	0.942	0.956	0.959	0.954	0.963	0.968	0.968	0.975	0.991	0.917	0.093	0.093	0.974	0.949	0.930	0.944	0.945	0.902	0.954	0.899	0.972	0.979	0.091	0.093	0.980	0.990	0.952	0.948	0.876	0.960	0.900	0.984	0.920	0.986	0.091	0.092	0.984	0.992	0.994	0.993	0.964	0.905	0.984	0.980	1.002	1.036	0.091	0.093	0.091	0.093	0.092	0.091	0.091	0.093	0.094	0.094	0.092	0.091	0.092
55:01:00	19.7	0.091	0.090	0.093	0.094	0.093	0.093	0.090	0.091	0.092	0.093	0.091	0.093	0.091	0.993	0.872	0.981	0.966	0.908	0.948	0.993	0.973	1.005	0.925	0.093	0.091	0.983	0.955	0.905	0.908	0.974	0.920	0.962	0.987	0.935	0.997	0.093	0.090	0.952	0.969	0.972	0.966	0.982	0.984	0.981	0.989	1.006	0.932	0.093	0.093	0.986	0.960	0.945	0.955	0.958	0.918	0.967	0.917	0.987	0.989	0.091	0.093	0.992	1.003	0.964	0.958	0.890	0.975	0.914	0.995	0.935	0.996	0.091	0.092	0.994	1.002	1.004	1.004	0.973	0.923	0.995	0.989	1.011	1.046	0.091	0.094	0.091	0.093	0.092	0.091	0.090	0.093	0.094	0.094	0.092	0.091	0.092
56:01:01	19.7	0.091	0.090	0.093	0.095	0.094	0.093	0.091	0.091	0.092	0.093	0.091	0.093	0.091	1.006	0.889	0.992	0.980	0.930	0.964	1.009	0.988	1.017	0.943	0.093	0.091	0.996	0.970	0.930	0.933	0.997	0.936	0.975	1.001	0.953	1.009	0.093	0.090	0.963	0.982	0.984	0.978	0.999	1.001	0.993	1.004	1.022	0.951	0.093	0.093	0.997	0.972	0.958	0.967	0.971	0.935	0.981	0.935	1.000	1.000	0.091	0.093	1.006	1.016	0.979	0.974	0.906	0.991	0.936	1.009	0.950	1.010	0.091	0.092	1.006	1.017	1.019	1.017	0.982	0.940	1.003	0.997	1.021	1.057	0.091	0.093	0.092	0.093	0.092	0.091	0.091	0.093	0.095	0.094	0.092	0.091	0.092
57:01:02	19.7	0.091	0.090	0.093	0.095	0.093	0.093	0.091	0.091	0.092	0.093	0.091	0.093	0.092	1.017	0.908	1.010	0.998	0.946	0.979	1.024	0.996	1.030	0.958	0.093	0.091	1.010	0.985	0.945	0.952	1.010	0.965	0.990	1.016	0.975	1.025	0.093	0.090	0.975	0.998	0.999	0.994	1.012	1.019	1.009	1.017	1.036	0.972	0.093	0.093	1.010	0.984	0.970	0.981	0.989	0.957	0.992	0.952	1.014	1.009	0.091	0.094	1.018	1.030	0.989	0.986	0.927	1.002	0.953	1.022	0.968	1.019	0.091	0.092	1.016	1.029	1.031	1.033	0.991	0.958	1.011	1.007	1.028	1.069	0.091	0.094	0.091	0.093	0.092	0.091	0.091	0.093	0.094	0.094	0.093	0.091	0.092
58:01:03	19.7	0.091	0.090	0.093	0.094	0.094	0.093	0.091	0.091	0.092	0.093	0.091	0.093	0.091	1.030	0.926	1.029	1.015	0.959	0.992	1.042	1.012	1.047	0.973	0.092	0.091	1.022	0.997	0.962	0.970	1.025	0.983	1.001	1.029	0.994	1.032	0.093	0.090	0.987	1.010	1.013	1.008	1.026	1.032	1.019	1.029	1.049	0.988	0.093	0.093	1.026	0.999	0.988	0.996	1.002	0.976	1.003	0.967	1.027	1.021	0.091	0.094	1.032	1.043	1.002	0.997	0.945	1.014	0.968	1.033	0.985	1.030	0.091	0.092	1.031	1.042	1.047	1.049	1.001	0.973	1.018	1.016	1.038	1.081	0.091	0.093	0.091	0.093	0.092	0.091	0.091	0.093	0.094	0.094	0.093	0.091	0.092
59:01:03	19.7	0.091	0.090	0.093	0.095	0.094	0.094	0.091	0.091	0.092	0.093	0.091	0.093	0.092	1.046	0.940	1.047	1.031	0.973	1.005	1.057	1.024	1.059	0.988	0.093	0.091	1.039	1.011	0.975	0.983	1.036	1.000	1.014	1.041	1.008	1.043	0.094	0.090	1.001	1.025	1.025	1.021	1.037	1.046	1.031	1.042	1.061	1.002	0.094	0.093	1.042	1.011	1.000	1.011	1.014	0.991	1.014	0.979	1.039	1.028	0.091	0.094	1.047	1.060	1.013	1.010	0.963	1.030	0.984	1.046	0.999	1.037	0.091	0.093	1.047	1.059	1.063	1.064	1.012	0.985	1.026	1.024	1.048	1.095	0.091	0.094	0.092	0.093	0.092	0.091	0.091	0.093	0.095	0.094	0.093	0.091	0.093
60:01:05	19.6	0.090	0.090	0.093	0.094	0.093	0.093	0.091	0.091	0.092	0.093	0.091	0.092	0.091	1.061	0.952	1.064	1.046	0.983	1.021	1.073	1.038	1.073	1.002	0.093	0.091	1.056	1.020	0.985	0.994	1.051	1.010	1.021	1.051	1.020	1.052	0.093	0.090	1.015	1.041	1.038	1.035	1.049	1.057	1.039	1.051	1.071	1.013	0.093	0.093	1.060	1.025	1.012	1.022	1.027	1.004	1.022	0.990	1.049	1.038	0.091	0.093	1.063	1.077	1.027	1.020	0.978	1.040	0.994	1.054	1.011	1.047	0.091	0.092	1.061	1.075	1.079	1.078	1.020	0.996	1.035	1.033	1.058	1.108	0.091	0.093	0.091	0.093	0.092	0.091	0.090	0.093	0.095	0.094	0.093	0.091	0.092
61:01:05	19.6	0.091	0.090	0.093	0.095	0.094	0.094	0.091	0.091	0.092	0.093	0.091	0.093	0.092	1.075	0.961	1.076	1.064	0.994	1.030	1.089	1.049	1.089	1.010	0.093	0.091	1.073	1.032	0.996	1.008	1.061	1.018	1.034	1.063	1.029	1.059	0.093	0.091	1.027	1.054	1.048	1.044	1.059	1.066	1.050	1.062	1.078	1.022	0.094	0.093	1.073	1.039	1.024	1.031	1.039	1.012	1.032	0.996	1.057	1.047	0.091	0.094	1.080	1.091	1.042	1.031	0.983	1.049	1.005	1.061	1.019	1.057	0.092	0.093	1.077	1.088	1.093	1.095	1.027	1.008	1.037	1.038	1.066	1.122	0.091	0.094	0.092	0.094	0.092	0.091	0.091	0.093	0.095	0.094	0.093	0.091	0.092
62:01:07	19.6	0.091	0.090	0.093	0.095	0.094	0.094	0.091	0.091	0.092	0.093	0.091	0.093	0.092	1.088	0.970	1.086	1.073	1.001	1.042	1.102	1.060	1.098	1.019	0.093	0.091	1.087	1.042	1.003	1.011	1.066	1.024	1.041	1.069	1.035	1.067	0.093	0.090	1.042	1.064	1.058	1.052	1.066	1.073	1.056	1.071	1.086	1.032	0.094	0.093	1.087	1.048	1.036	1.041	1.046	1.018	1.037	1.002	1.062	1.055	0.091	0.094	1.092	1.103	1.053	1.041	0.992	1.057	1.013	1.067	1.024	1.061	0.091	0.093	1.090	1.101	1.107	1.110	1.037	1.015	1.045	1.046	1.074	1.131	0.091	0.094	0.092	0.093	0.092	0.091	0.091	0.093	0.094	0.094	0.093	0.091	0.092
63:01:08	19.5	0.091	0.090	0.093	0.095	0.094	0.093	0.091	0.091	0.092	0.093	0.091	0.093	0.092	1.102	0.977	1.098	1.083	1.003	1.048	1.113	1.068	1.106	1.027	0.093	0.091	1.099	1.048	1.004	1.014	1.070	1.025	1.046	1.076	1.038	1.071	0.093	0.090	1.051	1.074	1.063	1.060	1.070	1.078	1.060	1.074	1.089	1.034	0.093	0.093	1.099	1.059	1.043	1.050	1.051	1.021	1.041	1.002	1.067	1.062	0.091	0.094	1.103	1.114	1.063	1.048	0.998	1.060	1.016	1.070	1.028	1.065	0.092	0.093	1.100	1.111	1.117	1.120	1.037	1.018	1.045	1.047	1.079	1.141	0.091	0.094	0.092	0.093	0.092	0.091	0.091	0.093	0.095	0.094	0.093	0.091	0.092
64:01:10	19.5	0.091	0.090	0.093	0.095	0.094	0.093	0.091	0.091	0.092	0.093	0.091	0.093	0.092	1.109	0.981	1.104	1.089	1.003	1.049	1.117	1.070	1.116	1.027	0.093	0.091	1.108	1.051	1.005	1.011	1.069	1.023	1.050	1.078	1.038	1.072	0.093	0.090	1.056	1.080	1.065	1.062	1.075	1.082	1.062	1.076	1.089	1.039	0.093	0.093	1.108	1.060	1.047	1.055	1.056	1.020	1.040	0.999	1.068	1.065	0.091	0.094	1.110	1.123	1.069	1.052	0.998	1.062	1.016	1.068	1.030	1.069	0.092	0.092	1.108	1.118	1.125	1.128	1.043	1.020	1.044	1.048	1.078	1.145	0.091	0.093	0.091	0.093	0.092	0.091	0.091	0.093	0.095	0.094	0.093	0.091	0.092
65:01:10	19.5	0.091	0.090	0.093	0.095	0.094	0.093	0.091	0.091	0.092	0.093	0.091	0.093	0.092	1.115	0.980	1.108	1.090	0.999	1.051	1.122	1.075	1.122	1.035	0.093	0.091	1.112	1.049	1.003	1.007	1.066	1.018	1.045	1.077	1.034	1.071	0.093	0.090	1.062	1.083	1.065	1.061	1.072	1.077	1.059	1.076	1.087	1.036	0.093	0.093	1.115	1.065	1.051	1.055	1.056	1.013	1.036	0.993	1.065	1.067	0.091	0.094	1.116	1.127	1.070	1.053	0.996	1.061	1.014	1.066	1.027	1.069	0.092	0.093	1.115	1.121	1.132	1.134	1.039	1.017	1.041	1.043	1.080	1.148	0.091	0.094	0.092	0.094	0.092	0.091	0.091	0.093	0.095	0.094	0.093	0.091	0.092
66:01:12	19.4	0.091	0.090	0.093	0.095	0.094	0.093	0.091	0.091	0.092	0.093	0.091	0.093	0.092	1.121	0.976	1.109	1.089	0.994	1.044	1.121	1.069	1.123	1.033	0.093	0.091	1.117	1.043	0.994	0.996	1.057	1.008	1.039	1.070	1.026	1.066	0.093	0.090	1.060	1.081	1.059	1.054	1.066	1.072	1.057	1.069	1.083	1.031	0.093	0.093	1.115	1.063	1.047	1.051	1.051	1.004	1.028	0.983	1.060	1.061	0.091	0.094	1.121	1.126	1.073	1.047	0.989	1.053	1.006	1.057	1.018	1.061	0.092	0.093	1.115	1.126	1.135	1.137	1.036	1.008	1.034	1.033	1.074	1.148	0.091	0.094	0.091	0.093	0.092	0.091	0.091	0.093	0.095	0.094	0.093	0.091	0.092
67:01:12	19.4	0.091	0.090	0.093	0.095	0.094	0.094	0.090	0.091	0.092	0.093	0.091	0.093	0.092	1.123	0.968	1.106	1.085	0.982	1.035	1.117	1.067	1.121	1.025	0.093	0.091	1.120	1.036	0.981	0.988	1.046	0.997	1.029	1.062	1.014	1.057	0.093	0.090	1.057	1.078	1.052	1.047	1.057	1.063	1.050	1.061	1.073	1.022	0.093	0.093	1.117	1.056	1.044	1.043	1.044	0.989	1.019	0.970	1.051	1.056	0.091	0.094	1.120	1.125	1.069	1.042	0.981	1.046	0.994	1.051	1.010	1.053	0.092	0.093	1.115	1.124	1.135	1.135	1.031	1.003	1.023	1.026	1.067	1.146	0.091	0.094	0.092	0.093	0.092	0.091	0.091	0.093	0.095	0.094	0.093	0.091	0.092
68:01:13	19.5	0.091	0.090	0.093	0.095	0.094	0.094	0.091	0.091	0.092	0.093	0.091	0.093	0.091	1.121	0.955	1.103	1.081	0.969	1.026	1.113	1.058	1.119	1.015	0.093	0.091	1.119	1.027	0.967	0.976	1.036	0.984	1.016	1.051	0.997	1.043	0.093	0.090	1.052	1.072	1.042	1.036	1.044	1.050	1.040	1.048	1.062	1.012	0.094	0.093	1.113	1.050	1.032	1.035	1.033	0.973	1.009	0.954	1.040	1.050	0.091	0.094	1.116	1.123	1.063	1.032	0.968	1.033	0.981	1.039	0.996	1.042	0.092	0.093	1.115	1.122	1.133	1.135	1.023	0.991	1.012	1.017	1.056	1.146	0.091	0.094	0.092	0.093	0.092	0.091	0.091	0.093	0.095	0.094	0.093	0.091	0.092
69:01:23	19.6	0.091	0.090	0.093	0.095	0.094	0.093	0.091	0.091	0.092	0.093	0.091	0.093	0.092	1.119	0.941	1.097	1.075	0.955	1.017	1.107	1.048	1.111	1.006	0.093	0.091	1.114	1.016	0.952	0.961	1.023	0.965	1.004	1.039	0.981	1.034	0.093	0.090	1.047	1.062	1.031	1.021	1.031	1.039	1.026	1.039	1.048	0.996	0.093	0.093	1.109	1.040	1.025	1.025	1.021	0.958	0.996	0.938	1.028	1.038	0.090	0.094	1.114	1.116	1.058	1.023	0.953	1.018	0.965	1.030	0.981	1.033	0.092	0.093	1.114	1.121	1.131	1.131	1.012	0.977	1.002	1.008	1.046	1.145	0.091	0.094	0.092	0.093	0.092	0.091	0.091	0.093	0.095	0.094	0.093	0.091	0.092
70:01:14	19.6	0.091	0.091	0.093	0.095	0.094	0.094	0.091	0.092	0.092	0.094	0.091	0.093	0.092	1.117	0.928	1.094	1.071	0.937	1.008	1.102	1.041	1.109	0.988	0.093	0.091	1.112	1.006	0.938	0.942	1.012	0.949	0.989	1.026	0.963	1.020	0.093	0.091	1.042	1.054	1.019	1.013	1.018	1.024	1.015	1.025	1.033	0.982	0.094	0.093	1.110	1.031	1.017	1.014	1.009	0.937	0.983	0.925	1.018	1.028	0.091	0.094	1.116	1.115	1.050	1.012	0.935	1.007	0.950	1.018	0.967	1.019	0.092	0.093	1.112	1.120	1.128	1.131	1.005	0.963	0.991	1.000	1.038	1.142	0.091	0.094	0.092	0.094	0.092	0.091	0.091	0.093	0.095	0.094	0.093	0.091	0.092
71:01:16	19.7	0.091	0.091	0.093	0.095	0.094	0.094	0.091	0.091	0.092	0.093	0.091	0.093	0.092	1.116	0.914	1.091	1.065	0.920	0.993	1.095	1.032	1.105	0.976	0.093	0.092	1.110	0.997	0.920	0.923	0.999	0.933	0.981	1.010	0.942	1.010	0.093	0.091	1.037	1.048	1.010	1.002	1.003	1.013	1.003	1.013	1.022	0.965	0.094	0.093	1.105	1.023	1.007	0.999	0.998	0.919	0.972	0.909	1.000	1.020	0.091	0.094	1.110	1.107	1.044	0.999	0.917	0.994	0.933	1.001	0.949	1.006	0.092	0.093	1.110	1.113	1.124	1.127	0.995	0.950	0.981	0.993	1.027	1.138	0.091	0.094	0.092	0.093	0.092	0.091	0.091	0.093	0.095	0.094	0.093	0.091	0.092
72:01:15	19.8	0.091	0.090	0.093	0.095	0.094	0.094	0.091	0.091	0.092	0.093	0.091	0.093	0.092	1.112	0.899	1.088	1.062	0.903	0.986	1.091	1.018	1.100	0.958	0.093	0.091	1.106	0.986	0.904	0.905	0.985	0.917	0.965	0.998	0.927	0.995	0.093	0.090	1.033	1.042	1.001	0.990	0.988	1.000	0.988	0.997	1.006	0.950	0.093	0.093	1.103	1.013	0.995	0.986	0.982	0.906	0.959	0.892	0.988	1.011	0.091	0.094	1.107	1.106	1.037	0.990	0.902	0.983	0.916	0.992	0.936	0.996	0.091	0.093	1.106	1.110	1.119	1.125	0.986	0.935	0.972	0.985	1.015	1.136	0.091	0.093	0.091	0.093	0.092	0.091	0.091	0.093	0.095	0.094	0.092	0.091	0.092

