Time	T° 600	A1	A2	A3	A4	A5	A6	A7	A8	A9	A10	A11	A12	B1	B2	B3	B4	B5	B6	B7	B8	B9	B10	B11	B12	C1	C2	C3	C4	C5	C6	C7	C8	C9	C10	C11	C12	D1	D2	D3	D4	D5	D6	D7	D8	D9	D10	D11	D12	E1	E2	E3	E4	E5	E6	E7	E8	E9	E10	E11	E12	F1	F2	F3	F4	F5	F6	F7	F8	F9	F10	F11	F12	G1	G2	G3	G4	G5	G6	G7	G8	G9	G10	G11	G12	H1	H2	H3	H4	H5	H6	H7	H8	H9	H10	H11	H12
0:00:06	18.6	0.091	0.093	0.090	0.093	0.094	0.092	0.091	0.091	0.091	0.092	0.094	0.092	0.092	0.094	0.163	0.197	0.241	0.212	0.189	0.235	0.155	0.093	0.095	0.091	0.090	0.286	0.133	0.093	0.093	0.093	0.184	0.166	0.211	0.093	0.210	0.091	0.090	0.193	0.203	0.093	0.217	0.220	0.097	0.093	0.096	0.236	0.179	0.091	0.091	0.093	0.096	0.247	0.209	0.188	0.234	0.092	0.191	0.174	0.173	0.090	0.092	0.094	0.222	0.184	0.214	0.129	0.116	0.250	0.171	0.149	0.152	0.089	0.092	0.224	0.185	0.163	0.137	0.215	0.094	0.188	0.182	0.201	0.265	0.090	0.094	0.092	0.091	0.090	0.090	0.090	0.092	0.092	0.093	0.093	0.092	0.090
1:00:05	19.4	0.091	0.096	0.090	0.093	0.094	0.092	0.092	0.091	0.091	0.092	0.094	0.093	0.091	0.102	0.168	0.199	0.243	0.217	0.194	0.242	0.158	0.095	0.098	0.091	0.090	0.291	0.137	0.094	0.095	0.094	0.189	0.171	0.214	0.095	0.212	0.091	0.090	0.197	0.205	0.094	0.221	0.227	0.098	0.094	0.098	0.237	0.181	0.092	0.091	0.095	0.097	0.250	0.211	0.192	0.236	0.094	0.194	0.176	0.175	0.090	0.093	0.096	0.229	0.186	0.218	0.128	0.121	0.253	0.175	0.154	0.155	0.090	0.092	0.228	0.190	0.167	0.143	0.214	0.095	0.196	0.188	0.205	0.271	0.090	0.095	0.092	0.090	0.090	0.090	0.091	0.093	0.093	0.093	0.093	0.093	0.090
2:00:06	19.9	0.092	0.094	0.091	0.093	0.094	0.093	0.092	0.092	0.091	0.091	0.095	0.093	0.092	0.103	0.174	0.203	0.249	0.226	0.203	0.248	0.164	0.096	0.099	0.091	0.090	0.298	0.142	0.095	0.096	0.095	0.196	0.178	0.222	0.096	0.218	0.092	0.090	0.204	0.212	0.096	0.227	0.237	0.100	0.095	0.099	0.242	0.190	0.092	0.092	0.095	0.098	0.255	0.217	0.201	0.243	0.095	0.200	0.182	0.181	0.090	0.093	0.097	0.236	0.193	0.227	0.133	0.126	0.262	0.186	0.160	0.161	0.090	0.093	0.235	0.203	0.173	0.149	0.216	0.096	0.203	0.194	0.211	0.280	0.090	0.094	0.093	0.090	0.090	0.091	0.092	0.093	0.094	0.093	0.093	0.093	0.091
3:00:06	20.2	0.092	0.094	0.090	0.093	0.094	0.092	0.092	0.091	0.091	0.091	0.094	0.093	0.091	0.097	0.180	0.209	0.257	0.236	0.212	0.255	0.168	0.097	0.101	0.091	0.090	0.307	0.146	0.096	0.096	0.095	0.204	0.185	0.231	0.096	0.223	0.091	0.090	0.209	0.221	0.096	0.235	0.247	0.102	0.096	0.100	0.248	0.196	0.092	0.091	0.096	0.099	0.261	0.225	0.210	0.247	0.095	0.206	0.186	0.185	0.090	0.092	0.098	0.245	0.198	0.233	0.138	0.130	0.271	0.195	0.164	0.166	0.089	0.092	0.243	0.211	0.178	0.155	0.215	0.097	0.209	0.201	0.221	0.290	0.090	0.094	0.092	0.090	0.090	0.091	0.092	0.093	0.093	0.093	0.093	0.093	0.090
4:00:07	20.5	0.092	0.094	0.091	0.093	0.094	0.092	0.092	0.091	0.091	0.092	0.095	0.092	0.092	0.098	0.185	0.215	0.263	0.245	0.220	0.264	0.172	0.098	0.103	0.091	0.090	0.313	0.152	0.097	0.097	0.096	0.213	0.191	0.240	0.098	0.230	0.092	0.090	0.214	0.229	0.098	0.243	0.254	0.104	0.097	0.102	0.253	0.205	0.092	0.091	0.097	0.101	0.268	0.232	0.217	0.252	0.097	0.213	0.192	0.190	0.090	0.093	0.099	0.251	0.204	0.240	0.143	0.135	0.280	0.202	0.170	0.171	0.090	0.093	0.250	0.219	0.184	0.161	0.214	0.098	0.216	0.208	0.229	0.301	0.090	0.094	0.093	0.090	0.090	0.091	0.092	0.093	0.093	0.093	0.093	0.093	0.090
5:00:08	20.5	0.092	0.094	0.091	0.093	0.094	0.092	0.092	0.091	0.091	0.092	0.095	0.093	0.092	0.099	0.190	0.221	0.270	0.252	0.228	0.271	0.177	0.099	0.106	0.091	0.090	0.317	0.158	0.100	0.099	0.098	0.220	0.197	0.246	0.099	0.235	0.092	0.090	0.219	0.236	0.101	0.249	0.262	0.108	0.099	0.105	0.258	0.212	0.092	0.092	0.098	0.102	0.273	0.238	0.223	0.256	0.098	0.221	0.197	0.196	0.090	0.093	0.100	0.255	0.209	0.247	0.147	0.140	0.287	0.208	0.174	0.175	0.090	0.093	0.257	0.227	0.189	0.167	0.220	0.100	0.223	0.214	0.240	0.311	0.090	0.094	0.093	0.091	0.090	0.091	0.092	0.092	0.093	0.093	0.093	0.093	0.090
6:00:09	20.5	0.091	0.093	0.090	0.093	0.094	0.092	0.092	0.091	0.091	0.092	0.094	0.092	0.091	0.100	0.195	0.225	0.275	0.257	0.235	0.278	0.182	0.100	0.109	0.091	0.090	0.318	0.162	0.101	0.100	0.099	0.225	0.202	0.249	0.100	0.241	0.092	0.090	0.224	0.239	0.102	0.253	0.269	0.111	0.100	0.106	0.264	0.219	0.092	0.091	0.099	0.104	0.277	0.244	0.230	0.261	0.099	0.229	0.202	0.201	0.090	0.093	0.101	0.260	0.214	0.252	0.152	0.145	0.293	0.213	0.179	0.180	0.090	0.092	0.263	0.233	0.194	0.173	0.233	0.101	0.229	0.219	0.247	0.319	0.090	0.094	0.092	0.090	0.090	0.090	0.092	0.092	0.093	0.093	0.093	0.092	0.090
7:00:12	20.4	0.092	0.094	0.091	0.093	0.094	0.092	0.092	0.091	0.091	0.091	0.094	0.092	0.092	0.103	0.200	0.230	0.281	0.263	0.243	0.282	0.186	0.102	0.114	0.091	0.090	0.322	0.167	0.104	0.103	0.101	0.231	0.208	0.257	0.103	0.247	0.092	0.092	0.228	0.244	0.106	0.259	0.275	0.117	0.103	0.109	0.270	0.226	0.092	0.092	0.101	0.107	0.284	0.250	0.237	0.266	0.101	0.236	0.207	0.206	0.090	0.093	0.103	0.265	0.218	0.257	0.157	0.151	0.299	0.221	0.184	0.186	0.090	0.093	0.269	0.238	0.199	0.179	0.240	0.103	0.235	0.226	0.256	0.325	0.090	0.094	0.093	0.090	0.090	0.091	0.092	0.092	0.093	0.093	0.093	0.093	0.090
8:00:11	20.4	0.092	0.094	0.091	0.094	0.094	0.092	0.092	0.091	0.091	0.091	0.093	0.093	0.092	0.105	0.205	0.236	0.285	0.270	0.250	0.288	0.192	0.105	0.120	0.091	0.090	0.328	0.172	0.108	0.106	0.103	0.236	0.214	0.262	0.105	0.256	0.092	0.092	0.232	0.250	0.110	0.266	0.281	0.124	0.106	0.113	0.276	0.231	0.092	0.092	0.103	0.111	0.290	0.256	0.244	0.271	0.103	0.244	0.212	0.213	0.090	0.093	0.106	0.270	0.223	0.262	0.162	0.158	0.305	0.228	0.188	0.191	0.090	0.093	0.276	0.248	0.204	0.185	0.245	0.105	0.241	0.232	0.264	0.333	0.090	0.094	0.092	0.090	0.090	0.091	0.092	0.093	0.093	0.093	0.093	0.093	0.090
9:00:13	20.3	0.092	0.094	0.091	0.093	0.094	0.092	0.092	0.091	0.091	0.091	0.093	0.093	0.092	0.109	0.211	0.241	0.291	0.277	0.256	0.294	0.197	0.110	0.126	0.091	0.090	0.332	0.177	0.112	0.110	0.106	0.243	0.219	0.267	0.108	0.261	0.092	0.092	0.237	0.256	0.114	0.272	0.285	0.135	0.111	0.118	0.281	0.236	0.092	0.092	0.107	0.118	0.295	0.264	0.250	0.276	0.106	0.251	0.216	0.218	0.090	0.093	0.110	0.277	0.227	0.267	0.166	0.166	0.312	0.232	0.193	0.196	0.090	0.093	0.280	0.259	0.210	0.190	0.252	0.109	0.246	0.237	0.270	0.341	0.090	0.094	0.093	0.091	0.090	0.091	0.092	0.092	0.093	0.093	0.093	0.093	0.090
10:00:14	20.3	0.092	0.094	0.091	0.094	0.094	0.092	0.092	0.091	0.091	0.092	0.095	0.092	0.092	0.113	0.215	0.247	0.298	0.284	0.265	0.300	0.202	0.115	0.131	0.091	0.090	0.337	0.182	0.118	0.115	0.110	0.252	0.225	0.273	0.114	0.271	0.092	0.092	0.241	0.263	0.120	0.280	0.291	0.150	0.117	0.124	0.287	0.243	0.092	0.092	0.111	0.128	0.302	0.270	0.258	0.282	0.111	0.257	0.220	0.225	0.090	0.093	0.115	0.281	0.232	0.273	0.173	0.174	0.316	0.237	0.198	0.201	0.090	0.093	0.287	0.261	0.215	0.196	0.258	0.115	0.252	0.242	0.277	0.348	0.090	0.094	0.093	0.090	0.090	0.091	0.092	0.092	0.093	0.093	0.093	0.093	0.090
11:00:15	20.3	0.092	0.094	0.091	0.093	0.094	0.092	0.092	0.091	0.091	0.091	0.094	0.091	0.092	0.120	0.219	0.253	0.306	0.290	0.273	0.307	0.208	0.123	0.137	0.091	0.090	0.343	0.186	0.127	0.123	0.116	0.260	0.231	0.278	0.121	0.278	0.092	0.092	0.246	0.269	0.126	0.287	0.298	0.161	0.125	0.131	0.293	0.251	0.092	0.092	0.118	0.139	0.308	0.275	0.267	0.286	0.118	0.264	0.224	0.230	0.090	0.093	0.122	0.286	0.236	0.278	0.179	0.184	0.322	0.244	0.201	0.206	0.090	0.093	0.294	0.271	0.220	0.201	0.268	0.122	0.258	0.248	0.281	0.355	0.090	0.094	0.093	0.091	0.090	0.091	0.092	0.093	0.093	0.093	0.094	0.093	0.090
12:00:16	20.3	0.092	0.094	0.091	0.094	0.094	0.092	0.092	0.092	0.091	0.092	0.093	0.091	0.092	0.127	0.223	0.260	0.314	0.297	0.284	0.314	0.211	0.134	0.144	0.092	0.090	0.349	0.189	0.135	0.134	0.126	0.267	0.237	0.282	0.131	0.284	0.092	0.092	0.252	0.276	0.133	0.293	0.306	0.175	0.133	0.141	0.302	0.258	0.092	0.092	0.127	0.155	0.312	0.282	0.276	0.291	0.127	0.269	0.231	0.237	0.090	0.093	0.132	0.292	0.243	0.282	0.185	0.194	0.329	0.249	0.206	0.211	0.090	0.093	0.300	0.271	0.223	0.206	0.275	0.133	0.265	0.254	0.287	0.361	0.090	0.094	0.093	0.090	0.091	0.091	0.092	0.093	0.093	0.093	0.093	0.093	0.090
13:00:16	20.4	0.091	0.093	0.090	0.093	0.094	0.092	0.092	0.091	0.091	0.091	0.093	0.091	0.092	0.134	0.227	0.266	0.318	0.303	0.291	0.320	0.216	0.145	0.151	0.092	0.090	0.353	0.192	0.145	0.140	0.136	0.274	0.242	0.288	0.139	0.289	0.092	0.092	0.258	0.282	0.138	0.298	0.311	0.191	0.141	0.149	0.311	0.265	0.092	0.092	0.136	0.174	0.316	0.291	0.285	0.297	0.134	0.275	0.237	0.245	0.090	0.093	0.138	0.297	0.249	0.287	0.190	0.203	0.336	0.256	0.213	0.216	0.090	0.093	0.305	0.280	0.229	0.213	0.286	0.142	0.272	0.259	0.293	0.365	0.090	0.094	0.092	0.091	0.090	0.091	0.092	0.093	0.093	0.093	0.093	0.093	0.090
14:00:17	20.4	0.092	0.094	0.091	0.094	0.094	0.092	0.092	0.091	0.091	0.092	0.093	0.091	0.092	0.144	0.233	0.274	0.322	0.310	0.296	0.327	0.223	0.166	0.167	0.091	0.090	0.358	0.195	0.174	0.163	0.148	0.294	0.248	0.295	0.155	0.294	0.092	0.092	0.264	0.288	0.156	0.303	0.317	0.204	0.159	0.166	0.316	0.274	0.092	0.092	0.154	0.190	0.321	0.299	0.294	0.303	0.149	0.280	0.243	0.251	0.090	0.093	0.159	0.302	0.255	0.292	0.196	0.214	0.339	0.261	0.219	0.222	0.090	0.093	0.314	0.286	0.236	0.219	0.300	0.163	0.277	0.266	0.296	0.369	0.090	0.094	0.093	0.091	0.090	0.091	0.092	0.093	0.094	0.094	0.093	0.093	0.090
15:00:18	20.5	0.092	0.094	0.091	0.094	0.094	0.092	0.092	0.091	0.091	0.092	0.093	0.091	0.092	0.172	0.239	0.281	0.327	0.316	0.304	0.333	0.231	0.188	0.179	0.092	0.090	0.364	0.199	0.193	0.183	0.173	0.302	0.254	0.302	0.173	0.300	0.092	0.092	0.271	0.291	0.178	0.308	0.323	0.217	0.175	0.183	0.321	0.279	0.092	0.092	0.187	0.199	0.328	0.304	0.300	0.309	0.168	0.283	0.248	0.257	0.090	0.093	0.190	0.309	0.260	0.297	0.202	0.222	0.344	0.268	0.224	0.228	0.090	0.093	0.320	0.290	0.244	0.225	0.311	0.178	0.284	0.273	0.302	0.375	0.090	0.094	0.093	0.091	0.091	0.091	0.092	0.093	0.093	0.093	0.093	0.093	0.090
16:00:19	20.5	0.092	0.094	0.090	0.093	0.094	0.092	0.092	0.091	0.091	0.091	0.094	0.091	0.092	0.204	0.247	0.289	0.335	0.321	0.310	0.338	0.238	0.200	0.186	0.091	0.090	0.369	0.204	0.207	0.191	0.183	0.309	0.260	0.307	0.183	0.305	0.092	0.092	0.277	0.295	0.189	0.313	0.331	0.230	0.188	0.200	0.328	0.285	0.092	0.092	0.196	0.209	0.335	0.311	0.307	0.315	0.181	0.287	0.254	0.264	0.090	0.093	0.206	0.315	0.265	0.303	0.210	0.230	0.348	0.273	0.231	0.234	0.090	0.092	0.326	0.298	0.251	0.231	0.322	0.186	0.290	0.278	0.307	0.380	0.090	0.094	0.093	0.090	0.090	0.091	0.092	0.093	0.093	0.093	0.093	0.093	0.090
17:00:19	20.6	0.092	0.094	0.090	0.094	0.094	0.092	0.092	0.091	0.091	0.092	0.093	0.091	0.092	0.208	0.253	0.299	0.341	0.330	0.315	0.345	0.246	0.207	0.192	0.091	0.090	0.375	0.213	0.222	0.202	0.191	0.315	0.266	0.314	0.195	0.313	0.092	0.092	0.284	0.302	0.196	0.319	0.340	0.245	0.201	0.217	0.335	0.292	0.092	0.092	0.202	0.220	0.344	0.318	0.314	0.322	0.193	0.293	0.259	0.271	0.091	0.093	0.214	0.323	0.271	0.311	0.218	0.238	0.355	0.278	0.239	0.240	0.090	0.093	0.334	0.303	0.257	0.238	0.334	0.197	0.297	0.285	0.314	0.387	0.090	0.094	0.093	0.090	0.090	0.091	0.092	0.093	0.094	0.093	0.094	0.093	0.090
18:00:21	20.6	0.092	0.094	0.091	0.093	0.094	0.092	0.092	0.091	0.091	0.092	0.093	0.091	0.092	0.217	0.262	0.308	0.349	0.339	0.322	0.351	0.252	0.223	0.202	0.092	0.090	0.382	0.219	0.240	0.215	0.202	0.324	0.275	0.320	0.211	0.320	0.092	0.092	0.291	0.309	0.203	0.327	0.349	0.261	0.215	0.236	0.343	0.301	0.092	0.092	0.215	0.233	0.353	0.325	0.321	0.329	0.208	0.300	0.267	0.277	0.091	0.093	0.224	0.332	0.278	0.319	0.226	0.249	0.362	0.283	0.247	0.247	0.090	0.093	0.344	0.313	0.265	0.246	0.349	0.214	0.305	0.294	0.324	0.395	0.090	0.094	0.093	0.091	0.090	0.091	0.092	0.093	0.093	0.093	0.093	0.093	0.090
19:00:23	20.7	0.092	0.094	0.091	0.094	0.094	0.092	0.092	0.091	0.091	0.092	0.093	0.091	0.094	0.225	0.273	0.317	0.358	0.348	0.329	0.360	0.260	0.242	0.211	0.091	0.090	0.388	0.225	0.258	0.229	0.216	0.332	0.284	0.327	0.228	0.331	0.092	0.092	0.297	0.317	0.212	0.337	0.360	0.277	0.232	0.254	0.352	0.308	0.092	0.092	0.230	0.245	0.363	0.332	0.329	0.336	0.223	0.306	0.276	0.285	0.091	0.093	0.237	0.340	0.284	0.330	0.235	0.262	0.370	0.289	0.255	0.253	0.090	0.093	0.354	0.321	0.273	0.253	0.359	0.230	0.313	0.302	0.334	0.403	0.090	0.094	0.093	0.091	0.091	0.091	0.092	0.093	0.093	0.094	0.094	0.093	0.090
20:00:26	20.7	0.092	0.094	0.091	0.094	0.094	0.092	0.092	0.091	0.091	0.092	0.093	0.091	0.094	0.237	0.283	0.327	0.367	0.358	0.337	0.369	0.268	0.264	0.224	0.092	0.090	0.396	0.230	0.277	0.242	0.230	0.341	0.294	0.336	0.245	0.340	0.092	0.092	0.305	0.327	0.221	0.347	0.372	0.291	0.250	0.271	0.362	0.316	0.092	0.092	0.250	0.257	0.373	0.340	0.339	0.345	0.239	0.315	0.284	0.294	0.091	0.093	0.254	0.348	0.292	0.340	0.244	0.273	0.378	0.295	0.262	0.260	0.090	0.093	0.364	0.330	0.281	0.260	0.376	0.248	0.321	0.310	0.343	0.411	0.090	0.094	0.093	0.091	0.090	0.091	0.092	0.093	0.094	0.094	0.094	0.093	0.090
21:00:24	20.7	0.092	0.094	0.091	0.094	0.094	0.092	0.092	0.091	0.092	0.092	0.093	0.092	0.094	0.253	0.293	0.336	0.376	0.370	0.344	0.379	0.275	0.282	0.237	0.092	0.090	0.405	0.238	0.297	0.258	0.245	0.349	0.302	0.345	0.262	0.350	0.092	0.092	0.314	0.337	0.232	0.359	0.383	0.305	0.269	0.289	0.372	0.324	0.092	0.092	0.270	0.271	0.385	0.350	0.349	0.353	0.256	0.325	0.293	0.304	0.091	0.093	0.272	0.357	0.302	0.348	0.254	0.285	0.387	0.302	0.270	0.268	0.090	0.093	0.375	0.340	0.289	0.267	0.387	0.263	0.330	0.318	0.354	0.423	0.090	0.094	0.093	0.091	0.090	0.091	0.092	0.093	0.094	0.093	0.094	0.093	0.091
22:00:25	20.7	0.092	0.094	0.091	0.093	0.094	0.092	0.092	0.091	0.091	0.092	0.093	0.091	0.094	0.270	0.306	0.348	0.388	0.381	0.354	0.389	0.283	0.299	0.253	0.091	0.090	0.415	0.246	0.317	0.276	0.263	0.360	0.312	0.354	0.279	0.361	0.092	0.091	0.323	0.348	0.247	0.369	0.393	0.322	0.285	0.304	0.383	0.333	0.092	0.092	0.287	0.285	0.396	0.360	0.359	0.363	0.271	0.335	0.302	0.313	0.091	0.093	0.288	0.368	0.310	0.357	0.263	0.295	0.397	0.310	0.277	0.278	0.090	0.093	0.387	0.351	0.299	0.275	0.403	0.279	0.340	0.327	0.365	0.431	0.090	0.094	0.093	0.091	0.091	0.091	0.092	0.093	0.094	0.093	0.093	0.093	0.090
23:00:25	20.8	0.092	0.094	0.091	0.094	0.094	0.093	0.092	0.091	0.092	0.092	0.093	0.092	0.095	0.286	0.316	0.358	0.397	0.392	0.364	0.400	0.291	0.320	0.266	0.092	0.090	0.424	0.254	0.333	0.294	0.280	0.370	0.321	0.365	0.294	0.372	0.092	0.090	0.332	0.360	0.259	0.381	0.407	0.336	0.301	0.319	0.394	0.343	0.092	0.092	0.305	0.299	0.407	0.371	0.370	0.373	0.286	0.348	0.313	0.324	0.092	0.093	0.306	0.379	0.320	0.365	0.274	0.306	0.407	0.319	0.287	0.288	0.090	0.093	0.400	0.362	0.308	0.285	0.416	0.294	0.350	0.337	0.377	0.442	0.090	0.094	0.093	0.091	0.090	0.091	0.092	0.093	0.093	0.094	0.094	0.093	0.091
24:00:28	20.9	0.092	0.094	0.090	0.094	0.094	0.092	0.092	0.091	0.091	0.091	0.093	0.091	0.094	0.297	0.326	0.367	0.410	0.404	0.374	0.411	0.300	0.338	0.278	0.091	0.090	0.431	0.264	0.349	0.311	0.297	0.382	0.328	0.376	0.310	0.383	0.092	0.092	0.342	0.370	0.276	0.392	0.419	0.349	0.319	0.334	0.406	0.353	0.092	0.092	0.321	0.313	0.420	0.381	0.381	0.383	0.300	0.356	0.322	0.332	0.091	0.093	0.320	0.392	0.331	0.373	0.283	0.317	0.418	0.328	0.296	0.297	0.090	0.093	0.413	0.374	0.317	0.294	0.429	0.310	0.361	0.346	0.390	0.453	0.090	0.094	0.093	0.090	0.090	0.091	0.092	0.092	0.093	0.093	0.093	0.093	0.090
25:00:27	21.0	0.092	0.094	0.091	0.093	0.094	0.093	0.092	0.091	0.091	0.092	0.093	0.091	0.094	0.309	0.338	0.376	0.424	0.418	0.386	0.423	0.309	0.359	0.294	0.092	0.090	0.442	0.272	0.365	0.327	0.314	0.394	0.339	0.388	0.328	0.397	0.092	0.092	0.352	0.383	0.287	0.406	0.432	0.364	0.338	0.349	0.421	0.365	0.092	0.092	0.340	0.327	0.435	0.393	0.394	0.393	0.316	0.370	0.333	0.343	0.091	0.093	0.336	0.404	0.341	0.383	0.294	0.329	0.431	0.339	0.306	0.309	0.090	0.093	0.426	0.386	0.327	0.305	0.444	0.327	0.373	0.357	0.405	0.464	0.090	0.094	0.093	0.091	0.090	0.091	0.092	0.093	0.093	0.094	0.094	0.093	0.090
26:00:28	21.2	0.092	0.094	0.091	0.094	0.094	0.093	0.092	0.092	0.092	0.092	0.093	0.091	0.095	0.323	0.348	0.387	0.436	0.430	0.398	0.435	0.320	0.377	0.309	0.092	0.090	0.453	0.283	0.381	0.344	0.332	0.406	0.349	0.401	0.344	0.411	0.092	0.091	0.364	0.398	0.299	0.420	0.447	0.379	0.355	0.365	0.433	0.377	0.093	0.092	0.357	0.341	0.451	0.405	0.406	0.404	0.332	0.382	0.345	0.356	0.092	0.094	0.351	0.417	0.352	0.392	0.305	0.342	0.444	0.351	0.317	0.321	0.091	0.093	0.442	0.400	0.339	0.318	0.459	0.345	0.385	0.370	0.419	0.477	0.091	0.094	0.093	0.091	0.091	0.091	0.092	0.093	0.094	0.094	0.093	0.094	0.091
27:00:29	21.4	0.092	0.094	0.091	0.094	0.094	0.092	0.092	0.091	0.091	0.091	0.093	0.091	0.094	0.338	0.358	0.397	0.452	0.445	0.410	0.447	0.331	0.396	0.324	0.091	0.090	0.464	0.294	0.400	0.361	0.349	0.418	0.359	0.414	0.360	0.424	0.092	0.092	0.375	0.413	0.314	0.435	0.461	0.395	0.375	0.381	0.447	0.389	0.092	0.092	0.378	0.355	0.465	0.418	0.417	0.414	0.348	0.396	0.356	0.366	0.091	0.093	0.367	0.431	0.363	0.401	0.317	0.354	0.457	0.363	0.327	0.333	0.090	0.093	0.457	0.413	0.350	0.330	0.473	0.364	0.398	0.382	0.434	0.490	0.090	0.094	0.092	0.091	0.091	0.091	0.092	0.093	0.094	0.094	0.094	0.093	0.090
28:00:31	21.5	0.092	0.094	0.091	0.094	0.094	0.093	0.092	0.091	0.091	0.092	0.094	0.091	0.094	0.354	0.368	0.407	0.467	0.460	0.422	0.461	0.342	0.419	0.340	0.091	0.090	0.477	0.307	0.419	0.380	0.367	0.432	0.371	0.428	0.379	0.440	0.092	0.092	0.389	0.426	0.327	0.450	0.477	0.412	0.396	0.398	0.461	0.402	0.092	0.092	0.402	0.370	0.481	0.431	0.432	0.426	0.366	0.410	0.369	0.380	0.092	0.093	0.386	0.447	0.375	0.411	0.330	0.367	0.472	0.376	0.339	0.347	0.090	0.093	0.473	0.428	0.362	0.344	0.488	0.385	0.411	0.395	0.449	0.505	0.090	0.094	0.093	0.091	0.091	0.091	0.092	0.093	0.094	0.094	0.094	0.093	0.090
29:00:31	21.6	0.092	0.094	0.091	0.094	0.094	0.093	0.092	0.091	0.091	0.092	0.093	0.091	0.094	0.370	0.379	0.418	0.485	0.474	0.437	0.476	0.353	0.443	0.357	0.094	0.090	0.490	0.318	0.441	0.397	0.387	0.446	0.383	0.444	0.396	0.456	0.092	0.090	0.401	0.442	0.341	0.469	0.493	0.431	0.418	0.415	0.478	0.415	0.092	0.092	0.426	0.386	0.498	0.445	0.445	0.438	0.385	0.425	0.380	0.393	0.091	0.093	0.406	0.465	0.387	0.422	0.343	0.380	0.487	0.390	0.351	0.360	0.090	0.093	0.490	0.443	0.375	0.357	0.502	0.407	0.425	0.408	0.465	0.519	0.090	0.094	0.093	0.091	0.091	0.091	0.092	0.093	0.094	0.094	0.094	0.093	0.090
30:00:32	21.6	0.091	0.094	0.090	0.094	0.094	0.092	0.092	0.091	0.091	0.092	0.092	0.091	0.094	0.387	0.390	0.429	0.500	0.491	0.450	0.492	0.364	0.467	0.374	0.094	0.090	0.505	0.329	0.462	0.417	0.406	0.460	0.396	0.460	0.418	0.471	0.092	0.090	0.414	0.458	0.355	0.484	0.510	0.451	0.441	0.434	0.493	0.427	0.092	0.092	0.453	0.402	0.515	0.458	0.459	0.451	0.406	0.442	0.393	0.408	0.091	0.093	0.425	0.481	0.399	0.432	0.356	0.395	0.503	0.404	0.363	0.374	0.090	0.093	0.508	0.459	0.388	0.369	0.518	0.428	0.440	0.422	0.481	0.534	0.090	0.094	0.093	0.091	0.090	0.091	0.092	0.093	0.093	0.094	0.093	0.093	0.090
31:00:34	21.6	0.092	0.094	0.090	0.093	0.094	0.092	0.092	0.091	0.091	0.092	0.092	0.091	0.094	0.406	0.403	0.441	0.519	0.505	0.462	0.509	0.376	0.494	0.391	0.094	0.090	0.521	0.341	0.486	0.438	0.426	0.474	0.408	0.476	0.439	0.487	0.092	0.090	0.427	0.474	0.369	0.502	0.528	0.472	0.466	0.453	0.510	0.440	0.092	0.092	0.478	0.419	0.533	0.472	0.470	0.466	0.425	0.458	0.406	0.421	0.091	0.093	0.444	0.499	0.412	0.445	0.370	0.409	0.520	0.417	0.376	0.388	0.090	0.093	0.528	0.473	0.401	0.384	0.533	0.451	0.455	0.438	0.500	0.548	0.090	0.094	0.093	0.091	0.090	0.091	0.092	0.092	0.093	0.093	0.093	0.093	0.090
32:00:34	21.5	0.092	0.094	0.091	0.094	0.094	0.092	0.092	0.091	0.091	0.092	0.092	0.091	0.094	0.425	0.419	0.456	0.539	0.522	0.477	0.526	0.390	0.520	0.411	0.094	0.090	0.538	0.354	0.512	0.461	0.449	0.488	0.423	0.493	0.461	0.504	0.092	0.090	0.440	0.492	0.387	0.520	0.547	0.495	0.491	0.477	0.529	0.454	0.092	0.092	0.506	0.438	0.551	0.485	0.484	0.480	0.446	0.476	0.421	0.438	0.091	0.093	0.463	0.519	0.427	0.458	0.384	0.425	0.537	0.433	0.390	0.403	0.090	0.093	0.549	0.490	0.416	0.397	0.546	0.473	0.470	0.452	0.519	0.565	0.090	0.094	0.093	0.091	0.091	0.091	0.092	0.093	0.093	0.094	0.094	0.093	0.090
33:00:34	21.3	0.092	0.094	0.091	0.094	0.094	0.092	0.092	0.091	0.091	0.092	0.092	0.091	0.093	0.445	0.434	0.468	0.561	0.538	0.489	0.544	0.401	0.549	0.431	0.092	0.090	0.555	0.367	0.540	0.484	0.472	0.503	0.436	0.512	0.482	0.520	0.092	0.091	0.454	0.511	0.405	0.538	0.565	0.516	0.516	0.499	0.546	0.466	0.093	0.092	0.531	0.457	0.570	0.499	0.496	0.495	0.468	0.494	0.435	0.452	0.091	0.093	0.481	0.538	0.442	0.471	0.398	0.442	0.559	0.449	0.402	0.416	0.090	0.093	0.571	0.506	0.430	0.411	0.562	0.501	0.487	0.469	0.537	0.581	0.091	0.094	0.093	0.091	0.091	0.091	0.092	0.093	0.093	0.094	0.094	0.093	0.090
34:00:36	21.1	0.092	0.094	0.091	0.094	0.094	0.092	0.092	0.091	0.091	0.091	0.092	0.091	0.093	0.465	0.448	0.483	0.579	0.555	0.501	0.562	0.413	0.577	0.447	0.092	0.090	0.574	0.380	0.565	0.507	0.496	0.516	0.451	0.529	0.504	0.538	0.092	0.090	0.467	0.529	0.421	0.557	0.584	0.541	0.540	0.519	0.562	0.478	0.093	0.092	0.557	0.476	0.590	0.510	0.510	0.510	0.490	0.513	0.449	0.467	0.091	0.093	0.500	0.558	0.456	0.484	0.413	0.458	0.577	0.462	0.414	0.431	0.090	0.093	0.596	0.521	0.444	0.425	0.579	0.528	0.502	0.484	0.557	0.599	0.090	0.094	0.092	0.091	0.090	0.091	0.092	0.093	0.093	0.094	0.094	0.093	0.090
35:00:38	21.0	0.092	0.094	0.090	0.094	0.094	0.092	0.092	0.091	0.091	0.092	0.092	0.091	0.093	0.483	0.464	0.499	0.599	0.571	0.513	0.580	0.425	0.606	0.466	0.092	0.090	0.593	0.394	0.590	0.530	0.518	0.531	0.467	0.548	0.526	0.555	0.092	0.090	0.483	0.548	0.438	0.576	0.603	0.562	0.565	0.540	0.580	0.491	0.092	0.092	0.583	0.495	0.607	0.520	0.520	0.528	0.512	0.531	0.465	0.482	0.091	0.093	0.518	0.578	0.473	0.498	0.428	0.476	0.597	0.478	0.428	0.445	0.090	0.093	0.616	0.537	0.458	0.438	0.589	0.553	0.518	0.501	0.578	0.615	0.091	0.094	0.093	0.091	0.091	0.091	0.092	0.093	0.093	0.094	0.094	0.093	0.090
36:00:37	20.8	0.092	0.094	0.091	0.094	0.094	0.093	0.092	0.091	0.092	0.092	0.092	0.091	0.093	0.502	0.479	0.512	0.622	0.592	0.526	0.605	0.440	0.635	0.482	0.092	0.090	0.615	0.408	0.632	0.552	0.539	0.545	0.483	0.570	0.548	0.575	0.092	0.090	0.499	0.566	0.460	0.596	0.623	0.586	0.590	0.562	0.600	0.503	0.093	0.092	0.608	0.514	0.629	0.533	0.533	0.544	0.534	0.553	0.480	0.498	0.091	0.094	0.536	0.602	0.489	0.512	0.443	0.492	0.618	0.492	0.440	0.459	0.090	0.093	0.641	0.555	0.472	0.453	0.604	0.579	0.534	0.517	0.597	0.633	0.091	0.094	0.093	0.091	0.091	0.091	0.092	0.093	0.093	0.094	0.094	0.093	0.091
37:00:38	20.5	0.092	0.094	0.091	0.093	0.094	0.092	0.092	0.091	0.092	0.092	0.092	0.091	0.094	0.519	0.494	0.532	0.646	0.608	0.537	0.624	0.452	0.663	0.497	0.091	0.090	0.635	0.420	0.640	0.575	0.560	0.556	0.498	0.590	0.570	0.595	0.092	0.090	0.514	0.586	0.477	0.615	0.642	0.609	0.616	0.583	0.617	0.514	0.092	0.092	0.631	0.534	0.650	0.543	0.543	0.560	0.556	0.573	0.496	0.513	0.091	0.093	0.555	0.622	0.504	0.528	0.458	0.508	0.640	0.508	0.453	0.473	0.090	0.093	0.665	0.569	0.484	0.466	0.614	0.603	0.550	0.533	0.618	0.652	0.090	0.094	0.093	0.090	0.091	0.091	0.092	0.093	0.093	0.094	0.093	0.093	0.090
38:00:48	20.3	0.092	0.094	0.091	0.094	0.094	0.093	0.092	0.091	0.092	0.092	0.092	0.092	0.094	0.536	0.510	0.549	0.670	0.628	0.548	0.646	0.466	0.689	0.513	0.092	0.091	0.657	0.434	0.669	0.596	0.582	0.570	0.514	0.610	0.593	0.613	0.092	0.090	0.530	0.609	0.495	0.634	0.663	0.633	0.644	0.606	0.639	0.525	0.093	0.092	0.654	0.553	0.671	0.554	0.555	0.576	0.579	0.595	0.512	0.530	0.092	0.093	0.575	0.648	0.521	0.543	0.474	0.529	0.661	0.522	0.466	0.488	0.090	0.093	0.692	0.582	0.499	0.479	0.629	0.628	0.567	0.550	0.638	0.672	0.091	0.094	0.093	0.091	0.091	0.091	0.093	0.093	0.094	0.094	0.094	0.093	0.091
39:00:40	20.2	0.092	0.094	0.091	0.094	0.094	0.093	0.092	0.092	0.092	0.092	0.092	0.091	0.094	0.553	0.527	0.564	0.694	0.643	0.556	0.665	0.477	0.727	0.528	0.092	0.090	0.680	0.446	0.688	0.618	0.603	0.581	0.530	0.632	0.613	0.630	0.092	0.091	0.546	0.625	0.517	0.656	0.684	0.655	0.667	0.626	0.659	0.539	0.093	0.092	0.680	0.574	0.694	0.563	0.563	0.592	0.601	0.615	0.528	0.544	0.092	0.094	0.595	0.670	0.536	0.558	0.487	0.544	0.685	0.535	0.478	0.500	0.090	0.093	0.718	0.593	0.511	0.491	0.641	0.649	0.583	0.566	0.658	0.689	0.091	0.094	0.093	0.091	0.091	0.091	0.092	0.093	0.094	0.094	0.094	0.093	0.090
40:00:41	20.0	0.092	0.094	0.091	0.094	0.094	0.093	0.093	0.092	0.092	0.092	0.092	0.091	0.094	0.568	0.543	0.581	0.719	0.666	0.568	0.693	0.490	0.753	0.542	0.092	0.090	0.702	0.460	0.707	0.638	0.624	0.591	0.546	0.654	0.631	0.652	0.092	0.092	0.560	0.647	0.538	0.677	0.706	0.677	0.713	0.648	0.679	0.549	0.093	0.092	0.715	0.594	0.716	0.572	0.574	0.609	0.620	0.637	0.545	0.560	0.092	0.093	0.614	0.697	0.551	0.573	0.501	0.564	0.707	0.547	0.490	0.511	0.090	0.093	0.743	0.607	0.523	0.503	0.659	0.669	0.598	0.584	0.678	0.705	0.091	0.094	0.093	0.091	0.091	0.091	0.093	0.093	0.094	0.094	0.094	0.093	0.091
41:00:43	20.0	0.091	0.094	0.091	0.093	0.094	0.093	0.092	0.092	0.092	0.092	0.093	0.091	0.095	0.581	0.559	0.595	0.739	0.681	0.572	0.709	0.501	0.774	0.556	0.091	0.090	0.725	0.472	0.725	0.656	0.643	0.599	0.562	0.674	0.649	0.670	0.092	0.090	0.575	0.665	0.555	0.698	0.727	0.698	0.735	0.668	0.700	0.554	0.092	0.092	0.737	0.615	0.737	0.579	0.578	0.624	0.639	0.658	0.561	0.574	0.092	0.094	0.629	0.720	0.566	0.587	0.514	0.579	0.729	0.560	0.501	0.524	0.090	0.093	0.763	0.615	0.535	0.513	0.666	0.689	0.613	0.598	0.697	0.721	0.091	0.094	0.093	0.091	0.091	0.091	0.092	0.093	0.094	0.094	0.094	0.093	0.091
42:00:45	20.0	0.091	0.094	0.091	0.094	0.094	0.093	0.093	0.091	0.092	0.092	0.093	0.091	0.094	0.592	0.574	0.609	0.763	0.699	0.584	0.733	0.513	0.792	0.564	0.092	0.090	0.747	0.483	0.743	0.673	0.663	0.608	0.577	0.697	0.666	0.692	0.092	0.095	0.589	0.677	0.583	0.720	0.748	0.717	0.756	0.686	0.720	0.561	0.093	0.092	0.757	0.633	0.754	0.588	0.584	0.639	0.656	0.680	0.575	0.588	0.093	0.094	0.643	0.742	0.580	0.602	0.527	0.594	0.754	0.569	0.512	0.534	0.090	0.093	0.779	0.626	0.545	0.524	0.677	0.703	0.626	0.612	0.720	0.737	0.091	0.094	0.093	0.091	0.091	0.091	0.092	0.093	0.094	0.094	0.094	0.093	0.091
43:00:46	20.0	0.091	0.093	0.090	0.093	0.094	0.092	0.092	0.091	0.091	0.091	0.092	0.091	0.094	0.598	0.587	0.624	0.780	0.715	0.592	0.751	0.523	0.807	0.575	0.091	0.090	0.768	0.495	0.759	0.693	0.680	0.617	0.592	0.715	0.681	0.709	0.092	0.090	0.603	0.692	0.606	0.742	0.766	0.741	0.774	0.703	0.743	0.564	0.092	0.092	0.776	0.653	0.773	0.595	0.593	0.653	0.670	0.703	0.589	0.603	0.092	0.093	0.655	0.762	0.595	0.615	0.540	0.607	0.770	0.579	0.523	0.544	0.090	0.093	0.791	0.637	0.553	0.532	0.686	0.717	0.637	0.627	0.736	0.749	0.090	0.094	0.093	0.091	0.091	0.091	0.092	0.092	0.094	0.094	0.093	0.093	0.090
44:00:47	20.0	0.092	0.094	0.090	0.094	0.094	0.093	0.092	0.091	0.091	0.091	0.093	0.091	0.094	0.610	0.601	0.637	0.796	0.730	0.606	0.781	0.532	0.822	0.584	0.091	0.090	0.786	0.505	0.775	0.705	0.692	0.625	0.606	0.735	0.693	0.728	0.092	0.093	0.616	0.705	0.630	0.761	0.785	0.758	0.793	0.718	0.761	0.578	0.093	0.092	0.795	0.672	0.786	0.606	0.608	0.666	0.681	0.724	0.605	0.616	0.092	0.093	0.668	0.781	0.609	0.628	0.550	0.623	0.789	0.587	0.532	0.551	0.090	0.093	0.803	0.646	0.562	0.540	0.695	0.729	0.649	0.639	0.747	0.764	0.091	0.094	0.093	0.091	0.091	0.091	0.092	0.093	0.094	0.094	0.094	0.093	0.090
45:00:47	20.0	0.091	0.094	0.091	0.094	0.094	0.093	0.092	0.091	0.092	0.092	0.093	0.091	0.095	0.619	0.613	0.649	0.809	0.755	0.614	0.796	0.541	0.838	0.590	0.092	0.090	0.800	0.515	0.789	0.716	0.703	0.636	0.620	0.750	0.702	0.747	0.093	0.092	0.628	0.719	0.655	0.778	0.803	0.775	0.810	0.729	0.780	0.594	0.093	0.092	0.813	0.688	0.798	0.599	0.617	0.677	0.693	0.742	0.619	0.629	0.093	0.094	0.681	0.795	0.621	0.641	0.561	0.638	0.807	0.595	0.541	0.555	0.090	0.094	0.813	0.650	0.570	0.547	0.709	0.741	0.660	0.651	0.762	0.779	0.091	0.094	0.093	0.091	0.091	0.091	0.093	0.093	0.094	0.094	0.094	0.093	0.090
46:00:49	20.0	0.091	0.094	0.091	0.094	0.094	0.093	0.092	0.091	0.092	0.092	0.093	0.091	0.095	0.626	0.625	0.660	0.819	0.763	0.608	0.814	0.549	0.853	0.595	0.092	0.090	0.812	0.524	0.805	0.726	0.714	0.637	0.630	0.761	0.710	0.762	0.092	0.094	0.641	0.732	0.657	0.797	0.816	0.790	0.826	0.738	0.794	0.610	0.093	0.092	0.829	0.706	0.808	0.603	0.615	0.688	0.703	0.762	0.631	0.641	0.093	0.094	0.693	0.809	0.632	0.652	0.571	0.646	0.823	0.599	0.549	0.560	0.090	0.093	0.827	0.656	0.575	0.553	0.718	0.750	0.670	0.660	0.783	0.795	0.091	0.094	0.093	0.091	0.091	0.091	0.093	0.093	0.094	0.094	0.094	0.093	0.091
47:00:49	20.0	0.091	0.094	0.091	0.094	0.094	0.093	0.092	0.091	0.092	0.092	0.093	0.092	0.095	0.632	0.636	0.670	0.827	0.761	0.606	0.822	0.556	0.866	0.598	0.092	0.090	0.822	0.531	0.821	0.734	0.725	0.652	0.641	0.771	0.717	0.775	0.092	0.090	0.651	0.742	0.664	0.813	0.825	0.805	0.841	0.751	0.807	0.620	0.092	0.092	0.846	0.718	0.806	0.609	0.610	0.698	0.713	0.777	0.643	0.650	0.093	0.094	0.704	0.821	0.643	0.662	0.577	0.657	0.835	0.595	0.555	0.566	0.090	0.093	0.835	0.666	0.581	0.557	0.727	0.763	0.678	0.670	0.792	0.806	0.090	0.094	0.093	0.091	0.091	0.091	0.092	0.093	0.094	0.094	0.094	0.093	0.091
48:00:51	19.9	0.091	0.094	0.091	0.094	0.094	0.093	0.092	0.092	0.092	0.092	0.093	0.091	0.095	0.640	0.647	0.681	0.835	0.777	0.604	0.837	0.563	0.879	0.598	0.092	0.090	0.830	0.537	0.833	0.747	0.738	0.660	0.649	0.781	0.729	0.786	0.093	0.091	0.660	0.749	0.668	0.816	0.837	0.817	0.854	0.759	0.817	0.631	0.093	0.092	0.859	0.733	0.812	0.614	0.605	0.707	0.726	0.791	0.653	0.660	0.093	0.094	0.711	0.830	0.653	0.672	0.582	0.669	0.838	0.599	0.560	0.570	0.090	0.093	0.842	0.680	0.584	0.560	0.733	0.772	0.685	0.678	0.804	0.824	0.090	0.094	0.093	0.091	0.091	0.091	0.092	0.093	0.094	0.094	0.094	0.093	0.091
49:00:51	19.8	0.091	0.094	0.091	0.094	0.094	0.093	0.092	0.092	0.092	0.092	0.093	0.091	0.095	0.648	0.656	0.688	0.848	0.794	0.608	0.842	0.569	0.889	0.599	0.092	0.091	0.838	0.543	0.850	0.761	0.749	0.653	0.658	0.793	0.740	0.800	0.093	0.091	0.668	0.765	0.674	0.768	0.847	0.911	0.869	0.772	0.825	0.632	0.093	0.092	0.874	0.763	0.821	0.615	0.629	0.714	0.733	0.798	0.663	0.667	0.094	0.094	0.723	0.840	0.662	0.679	0.589	0.675	0.845	0.599	0.564	0.573	0.090	0.093	0.847	0.686	0.588	0.564	0.738	0.783	0.691	0.685	0.814	0.835	0.091	0.094	0.093	0.091	0.091	0.091	0.093	0.093	0.094	0.094	0.094	0.093	0.091
50:00:52	19.8	0.091	0.094	0.090	0.094	0.094	0.092	0.092	0.091	0.091	0.091	0.093	0.091	0.094	0.655	0.662	0.695	0.848	0.791	0.612	0.851	0.574	0.900	0.600	0.091	0.090	0.844	0.546	0.863	0.769	0.760	0.651	0.665	0.797	0.750	0.800	0.092	0.090	0.675	0.774	0.676	0.779	0.855	0.941	0.881	0.779	0.835	0.638	0.092	0.092	0.885	0.774	0.821	0.626	0.602	0.719	0.742	0.802	0.670	0.674	0.093	0.093	0.734	0.851	0.669	0.685	0.591	0.682	0.855	0.609	0.567	0.576	0.090	0.093	0.856	0.697	0.590	0.566	0.739	0.790	0.696	0.691	0.829	0.869	0.090	0.094	0.093	0.091	0.090	0.091	0.092	0.093	0.094	0.094	0.094	0.093	0.090
51:00:53	20.0	0.091	0.094	0.090	0.093	0.094	0.092	0.092	0.091	0.091	0.092	0.093	0.091	0.094	0.661	0.668	0.698	0.858	0.772	0.615	0.881	0.575	0.911	0.601	0.091	0.090	0.848	0.548	0.870	0.779	0.770	0.649	0.671	0.768	0.759	0.816	0.092	0.090	0.681	0.794	0.680	0.776	0.864	0.915	0.892	0.789	0.844	0.637	0.092	0.092	0.892	0.785	0.826	0.626	0.611	0.724	0.750	0.814	0.677	0.678	0.093	0.093	0.744	0.856	0.674	0.692	0.596	0.690	0.857	0.615	0.569	0.577	0.090	0.093	0.860	0.706	0.591	0.566	0.740	0.794	0.699	0.694	0.834	0.906	0.090	0.094	0.093	0.091	0.091	0.091	0.092	0.093	0.094	0.094	0.094	0.093	0.090
52:00:55	20.2	0.091	0.094	0.091	0.094	0.094	0.093	0.093	0.091	0.091	0.092	0.093	0.091	0.094	0.666	0.674	0.702	0.862	0.774	0.611	0.905	0.577	0.915	0.601	0.092	0.090	0.852	0.551	0.878	0.787	0.776	0.657	0.677	0.769	0.767	0.821	0.092	0.091	0.686	0.778	0.680	0.801	0.858	0.913	0.897	0.797	0.853	0.669	0.093	0.092	0.899	0.797	0.834	0.629	0.613	0.729	0.758	0.821	0.682	0.683	0.094	0.093	0.752	0.861	0.680	0.698	0.602	0.697	0.852	0.618	0.572	0.578	0.090	0.093	0.862	0.718	0.593	0.568	0.739	0.796	0.703	0.700	0.844	0.884	0.090	0.094	0.093	0.091	0.091	0.091	0.092	0.093	0.094	0.094	0.094	0.093	0.090
53:00:56	20.3	0.091	0.094	0.090	0.094	0.094	0.092	0.092	0.091	0.091	0.092	0.093	0.091	0.094	0.670	0.677	0.706	0.866	0.772	0.610	0.825	0.578	0.924	0.603	0.091	0.090	0.856	0.552	0.886	0.793	0.783	0.667	0.682	0.788	0.770	0.827	0.092	0.090	0.689	0.846	0.677	0.811	0.862	0.927	0.900	0.802	0.859	0.670	0.092	0.092	0.911	0.821	0.794	0.630	0.614	0.733	0.762	0.779	0.687	0.686	0.093	0.094	0.758	0.869	0.686	0.702	0.596	0.704	0.854	0.614	0.574	0.579	0.090	0.093	0.869	0.731	0.593	0.568	0.743	0.798	0.704	0.705	0.861	0.930	0.090	0.094	0.093	0.091	0.091	0.091	0.092	0.093	0.093	0.094	0.094	0.093	0.090
54:00:57	20.4	0.091	0.094	0.090	0.094	0.094	0.093	0.092	0.091	0.091	0.092	0.093	0.092	0.095	0.672	0.680	0.709	0.873	0.798	0.612	0.858	0.578	0.928	0.604	0.092	0.090	0.857	0.553	0.893	0.798	0.789	0.653	0.687	0.816	0.774	0.839	0.092	0.090	0.692	0.892	0.678	0.809	0.800	0.885	0.909	0.804	0.865	0.667	0.092	0.092	0.919	0.837	0.806	0.632	0.614	0.736	0.767	0.797	0.690	0.689	0.093	0.094	0.763	0.875	0.692	0.707	0.582	0.709	0.890	0.616	0.575	0.580	0.090	0.093	0.876	0.742	0.594	0.568	0.745	0.801	0.706	0.708	0.878	0.901	0.091	0.094	0.093	0.091	0.091	0.091	0.092	0.093	0.094	0.094	0.094	0.094	0.090
55:00:58	20.3	0.092	0.094	0.091	0.094	0.094	0.093	0.092	0.091	0.092	0.092	0.093	0.092	0.095	0.675	0.683	0.714	0.893	0.814	0.614	0.864	0.578	0.932	0.605	0.092	0.091	0.859	0.555	0.900	0.803	0.792	0.653	0.692	0.814	0.777	0.842	0.093	0.091	0.696	0.909	0.679	0.816	0.814	0.885	0.916	0.807	0.871	0.653	0.093	0.092	0.925	0.781	0.784	0.631	0.619	0.739	0.769	0.796	0.696	0.692	0.093	0.094	0.765	0.883	0.696	0.709	0.584	0.714	0.905	0.624	0.577	0.581	0.090	0.093	0.885	0.756	0.595	0.570	0.747	0.803	0.710	0.711	0.877	0.942	0.091	0.094	0.093	0.091	0.091	0.091	0.092	0.093	0.094	0.094	0.094	0.093	0.091
56:01:00	20.2	0.091	0.094	0.091	0.093	0.094	0.093	0.092	0.091	0.091	0.092	0.092	0.091	0.095	0.678	0.685	0.716	0.880	0.817	0.615	0.810	0.580	0.935	0.606	0.092	0.090	0.861	0.556	0.905	0.806	0.795	0.658	0.696	0.814	0.779	0.841	0.093	0.091	0.698	0.936	0.680	0.821	0.820	0.908	0.922	0.810	0.878	0.633	0.093	0.092	0.932	0.784	0.788	0.631	0.619	0.742	0.771	0.803	0.697	0.694	0.093	0.094	0.767	0.886	0.701	0.712	0.586	0.718	0.924	0.625	0.578	0.583	0.090	0.093	0.887	0.766	0.596	0.570	0.750	0.802	0.712	0.715	0.846	0.936	0.090	0.094	0.093	0.091	0.091	0.091	0.092	0.093	0.093	0.094	0.093	0.093	0.091
57:01:00	20.1	0.091	0.093	0.090	0.093	0.094	0.093	0.092	0.091	0.092	0.092	0.092	0.091	0.095	0.679	0.689	0.718	0.913	0.819	0.617	0.823	0.579	0.938	0.608	0.092	0.090	0.863	0.557	0.910	0.810	0.800	0.658	0.700	0.810	0.783	0.848	0.092	0.090	0.702	0.936	0.683	0.824	0.822	0.905	0.927	0.812	0.889	0.636	0.092	0.092	0.939	0.802	0.789	0.632	0.621	0.743	0.772	0.808	0.702	0.697	0.092	0.094	0.771	0.890	0.704	0.716	0.587	0.723	0.928	0.630	0.579	0.584	0.090	0.093	0.893	0.774	0.598	0.570	0.756	0.802	0.716	0.718	0.825	0.953	0.090	0.094	0.093	0.091	0.091	0.091	0.092	0.093	0.094	0.094	0.094	0.093	0.090
58:00:59	20.0	0.091	0.094	0.091	0.094	0.094	0.093	0.092	0.091	0.092	0.091	0.093	0.092	0.095	0.681	0.692	0.720	0.941	0.824	0.619	0.828	0.582	0.941	0.610	0.092	0.090	0.864	0.559	0.914	0.817	0.802	0.662	0.704	0.810	0.787	0.884	0.093	0.090	0.706	0.936	0.684	0.822	0.823	0.920	0.932	0.814	0.895	0.642	0.092	0.092	0.946	0.795	0.792	0.634	0.622	0.748	0.774	0.829	0.702	0.699	0.093	0.094	0.773	0.901	0.709	0.719	0.591	0.728	0.936	0.641	0.582	0.586	0.090	0.093	0.905	0.786	0.599	0.572	0.755	0.803	0.718	0.720	0.828	0.963	0.090	0.094	0.093	0.091	0.091	0.091	0.092	0.093	0.094	0.094	0.094	0.093	0.091
59:01:00	19.9	0.091	0.094	0.090	0.093	0.094	0.093	0.092	0.091	0.092	0.092	0.093	0.091	0.095	0.683	0.696	0.724	0.801	0.835	0.621	0.832	0.583	0.944	0.612	0.092	0.090	0.865	0.561	0.918	0.817	0.806	0.661	0.708	0.810	0.790	0.860	0.092	0.090	0.709	0.936	0.684	0.825	0.827	0.937	0.936	0.816	0.898	0.644	0.093	0.092	0.948	0.826	0.796	0.636	0.624	0.749	0.776	0.836	0.705	0.702	0.092	0.093	0.775	0.905	0.713	0.723	0.592	0.732	0.942	0.641	0.583	0.587	0.090	0.093	0.910	0.739	0.600	0.575	0.756	0.804	0.722	0.722	0.795	0.920	0.091	0.094	0.093	0.091	0.091	0.091	0.092	0.093	0.094	0.094	0.094	0.093	0.091
60:01:04	19.9	0.091	0.094	0.090	0.094	0.094	0.093	0.092	0.091	0.092	0.092	0.093	0.091	0.095	0.686	0.698	0.727	0.808	0.831	0.623	0.834	0.584	0.946	0.614	0.092	0.090	0.867	0.563	0.922	0.820	0.809	0.662	0.710	0.810	0.793	0.859	0.093	0.090	0.711	0.937	0.685	0.830	0.826	0.935	0.939	0.817	0.902	0.646	0.092	0.092	0.950	0.844	0.798	0.639	0.625	0.751	0.778	0.829	0.710	0.704	0.092	0.094	0.778	0.913	0.717	0.725	0.595	0.736	0.957	0.640	0.585	0.589	0.090	0.093	0.922	0.729	0.602	0.577	0.757	0.803	0.726	0.725	0.797	0.843	0.090	0.094	0.093	0.091	0.091	0.091	0.092	0.093	0.094	0.094	0.094	0.093	0.090
61:01:03	19.9	0.092	0.094	0.091	0.094	0.094	0.093	0.092	0.091	0.092	0.092	0.093	0.092	0.095	0.687	0.701	0.729	0.839	0.831	0.624	0.836	0.587	0.949	0.616	0.092	0.090	0.869	0.566	0.924	0.823	0.813	0.667	0.714	0.811	0.795	0.877	0.092	0.094	0.712	0.937	0.688	0.857	0.827	0.939	0.942	0.818	0.905	0.647	0.093	0.092	0.951	0.845	0.800	0.641	0.627	0.752	0.780	0.816	0.711	0.707	0.093	0.094	0.779	0.924	0.721	0.728	0.596	0.741	0.970	0.634	0.588	0.590	0.090	0.093	0.935	0.718	0.604	0.578	0.757	0.804	0.728	0.726	0.796	0.863	0.091	0.094	0.093	0.091	0.091	0.091	0.093	0.093	0.094	0.094	0.094	0.093	0.091
62:01:03	19.9	0.091	0.094	0.090	0.093	0.094	0.093	0.092	0.091	0.091	0.091	0.093	0.091	0.094	0.687	0.705	0.730	0.839	0.829	0.626	0.836	0.588	0.950	0.617	0.092	0.090	0.872	0.569	0.926	0.824	0.814	0.669	0.715	0.811	0.796	0.878	0.092	0.091	0.713	0.940	0.688	0.867	0.830	0.946	0.944	0.820	0.905	0.648	0.092	0.092	0.953	0.855	0.802	0.642	0.629	0.754	0.780	0.820	0.713	0.710	0.092	0.094	0.777	0.929	0.724	0.730	0.599	0.742	0.975	0.644	0.589	0.592	0.090	0.093	0.941	0.711	0.606	0.581	0.758	0.800	0.731	0.730	0.796	0.873	0.090	0.094	0.093	0.091	0.091	0.091	0.092	0.093	0.094	0.094	0.093	0.093	0.090
63:01:05	19.8	0.092	0.094	0.091	0.094	0.094	0.093	0.092	0.091	0.092	0.092	0.093	0.092	0.094	0.690	0.707	0.734	0.843	0.836	0.628	0.840	0.591	0.950	0.618	0.092	0.090	0.875	0.572	0.928	0.826	0.815	0.670	0.718	0.813	0.798	0.879	0.092	0.090	0.713	0.942	0.689	0.872	0.833	0.958	0.945	0.820	0.908	0.649	0.092	0.092	0.954	0.840	0.804	0.645	0.631	0.754	0.780	0.820	0.716	0.710	0.092	0.094	0.779	0.937	0.728	0.733	0.602	0.745	0.988	0.636	0.590	0.593	0.090	0.093	0.951	0.709	0.608	0.583	0.759	0.800	0.731	0.732	0.804	0.877	0.090	0.094	0.093	0.091	0.091	0.091	0.093	0.093	0.094	0.094	0.094	0.093	0.091
64:01:06	19.8	0.092	0.094	0.091	0.094	0.094	0.093	0.093	0.091	0.092	0.092	0.093	0.091	0.095	0.692	0.710	0.736	0.844	0.835	0.629	0.843	0.592	0.951	0.619	0.092	0.090	0.877	0.575	0.929	0.827	0.817	0.673	0.720	0.811	0.800	0.881	0.092	0.092	0.715	0.949	0.690	0.835	0.837	0.960	0.947	0.821	0.909	0.648	0.093	0.092	0.954	0.866	0.806	0.647	0.633	0.757	0.778	0.806	0.719	0.712	0.092	0.094	0.779	0.942	0.730	0.735	0.605	0.749	0.996	0.634	0.593	0.595	0.090	0.093	0.956	0.712	0.611	0.586	0.762	0.800	0.732	0.733	0.840	0.919	0.091	0.094	0.093	0.091	0.091	0.091	0.092	0.093	0.094	0.094	0.094	0.093	0.091
65:01:06	19.7	0.091	0.094	0.090	0.093	0.094	0.093	0.092	0.091	0.092	0.092	0.093	0.091	0.094	0.692	0.712	0.737	0.848	0.835	0.630	0.844	0.592	0.952	0.618	0.092	0.090	0.879	0.578	0.929	0.826	0.818	0.674	0.722	0.813	0.801	0.883	0.092	0.092	0.716	0.943	0.690	0.833	0.841	0.972	0.948	0.821	0.907	0.652	0.092	0.092	0.954	0.858	0.809	0.647	0.634	0.757	0.779	0.805	0.722	0.715	0.092	0.094	0.780	0.950	0.732	0.737	0.607	0.752	1.004	0.640	0.593	0.594	0.090	0.093	0.966	0.717	0.613	0.587	0.765	0.799	0.733	0.734	0.810	0.900	0.091	0.094	0.093	0.091	0.091	0.091	0.092	0.093	0.094	0.094	0.094	0.093	0.090
66:01:08	19.6	0.092	0.094	0.091	0.094	0.094	0.093	0.092	0.092	0.092	0.092	0.092	0.092	0.094	0.694	0.713	0.741	0.850	0.840	0.631	0.848	0.594	0.951	0.623	0.092	0.090	0.882	0.580	0.930	0.829	0.818	0.675	0.726	0.816	0.801	0.885	0.093	0.091	0.720	0.955	0.692	0.899	0.838	0.989	0.947	0.821	0.912	0.651	0.092	0.092	0.955	0.849	0.812	0.649	0.635	0.760	0.778	0.812	0.727	0.716	0.092	0.094	0.781	0.955	0.736	0.740	0.608	0.753	1.004	0.652	0.595	0.595	0.090	0.093	0.971	0.721	0.615	0.589	0.773	0.800	0.737	0.736	0.814	0.931	0.091	0.094	0.093	0.091	0.091	0.091	0.092	0.093	0.094	0.094	0.094	0.093	0.091
67:01:08	19.5	0.092	0.094	0.091	0.094	0.094	0.093	0.093	0.091	0.092	0.092	0.093	0.092	0.094	0.695	0.714	0.743	0.854	0.843	0.633	0.850	0.595	0.951	0.623	0.092	0.090	0.886	0.583	0.929	0.830	0.819	0.677	0.731	0.817	0.804	0.886	0.092	0.091	0.722	0.952	0.693	0.899	0.841	0.990	0.949	0.821	0.917	0.654	0.093	0.092	0.955	0.839	0.817	0.649	0.638	0.762	0.777	0.815	0.732	0.717	0.092	0.094	0.781	0.967	0.741	0.743	0.611	0.757	1.011	0.671	0.594	0.597	0.090	0.093	0.982	0.725	0.618	0.591	0.789	0.798	0.737	0.738	0.806	0.815	0.091	0.094	0.093	0.091	0.091	0.091	0.093	0.093	0.094	0.094	0.094	0.093	0.091
68:01:09	19.5	0.091	0.094	0.091	0.094	0.094	0.093	0.092	0.091	0.091	0.092	0.092	0.092	0.094	0.696	0.717	0.745	0.857	0.854	0.633	0.855	0.593	0.951	0.625	0.092	0.090	0.889	0.588	0.929	0.830	0.819	0.679	0.733	0.819	0.805	0.890	0.092	0.090	0.725	0.950	0.696	0.887	0.844	0.994	0.949	0.820	0.925	0.654	0.093	0.092	0.956	0.844	0.819	0.651	0.639	0.763	0.777	0.813	0.734	0.721	0.092	0.094	0.783	0.972	0.745	0.745	0.615	0.760	1.008	0.637	0.597	0.598	0.090	0.093	0.985	0.723	0.621	0.593	0.793	0.798	0.738	0.740	0.810	0.824	0.090	0.094	0.093	0.091	0.091	0.091	0.093	0.093	0.094	0.094	0.094	0.093	0.091
69:01:11	19.4	0.092	0.094	0.090	0.094	0.094	0.093	0.093	0.091	0.092	0.092	0.093	0.092	0.094	0.698	0.719	0.749	0.859	0.846	0.636	0.862	0.595	0.951	0.623	0.092	0.090	0.893	0.591	0.932	0.831	0.820	0.680	0.736	0.822	0.808	0.893	0.092	0.095	0.728	0.948	0.697	0.893	0.847	0.988	0.951	0.822	0.931	0.653	0.092	0.092	0.956	0.824	0.822	0.652	0.641	0.767	0.777	0.814	0.736	0.725	0.092	0.094	0.783	0.977	0.750	0.748	0.619	0.764	1.016	0.639	0.600	0.599	0.090	0.093	0.991	0.722	0.622	0.596	0.789	0.800	0.743	0.742	0.834	0.894	0.090	0.094	0.093	0.091	0.091	0.091	0.092	0.093	0.093	0.094	0.094	0.093	0.091
70:01:10	19.5	0.092	0.094	0.090	0.094	0.094	0.093	0.092	0.091	0.091	0.092	0.093	0.092	0.094	0.699	0.720	0.751	0.862	0.853	0.637	0.885	0.595	0.952	0.625	0.092	0.090	0.896	0.595	0.931	0.833	0.821	0.682	0.738	0.825	0.810	0.894	0.092	0.090	0.730	0.954	0.701	0.857	0.849	0.991	0.951	0.823	0.935	0.655	0.092	0.092	0.956	0.810	0.826	0.653	0.642	0.769	0.778	0.820	0.739	0.729	0.092	0.093	0.784	0.982	0.753	0.752	0.622	0.768	1.025	0.638	0.600	0.602	0.090	0.093	0.994	0.719	0.626	0.596	0.788	0.800	0.743	0.744	0.819	0.821	0.090	0.094	0.093	0.091	0.091	0.091	0.092	0.093	0.094	0.094	0.094	0.093	0.091
71:01:12	19.6	0.092	0.094	0.091	0.094	0.094	0.093	0.092	0.091	0.092	0.092	0.093	0.092	0.094	0.701	0.723	0.755	0.865	0.851	0.639	0.904	0.597	0.953	0.626	0.092	0.091	0.897	0.597	0.932	0.834	0.822	0.682	0.741	0.826	0.812	0.898	0.093	0.091	0.732	0.954	0.700	0.914	0.850	0.997	0.953	0.823	0.943	0.657	0.093	0.092	0.957	0.810	0.829	0.654	0.644	0.772	0.778	0.822	0.742	0.731	0.092	0.094	0.784	0.987	0.756	0.756	0.625	0.771	1.035	0.640	0.602	0.606	0.091	0.094	1.001	0.711	0.629	0.599	0.805	0.801	0.746	0.746	0.827	0.984	0.091	0.095	0.093	0.091	0.091	0.091	0.093	0.093	0.094	0.094	0.094	0.094	0.091
72:01:15	19.6	0.092	0.094	0.091	0.094	0.094	0.093	0.092	0.091	0.092	0.092	0.093	0.092	0.094	0.702	0.726	0.758	0.867	0.854	0.640	0.913	0.600	0.954	0.623	0.092	0.090	0.901	0.600	0.932	0.835	0.822	0.686	0.747	0.828	0.815	0.899	0.092	0.090	0.734	0.954	0.701	0.930	0.850	0.996	0.953	0.824	0.949	0.662	0.092	0.092	0.957	0.809	0.832	0.654	0.645	0.774	0.778	0.822	0.742	0.735	0.092	0.094	0.786	0.994	0.759	0.758	0.627	0.774	1.033	0.642	0.605	0.607	0.090	0.093	1.005	0.733	0.631	0.601	0.808	0.802	0.750	0.749	0.831	0.951	0.091	0.094	0.093	0.091	0.091	0.091	0.093	0.093	0.094	0.094	0.094	0.093	0.091

