Time	T° 600	A1	A2	A3	A4	A5	A6	A7	A8	A9	A10	A11	A12	B1	B2	B3	B4	B5	B6	B7	B8	B9	B10	B11	B12	C1	C2	C3	C4	C5	C6	C7	C8	C9	C10	C11	C12	D1	D2	D3	D4	D5	D6	D7	D8	D9	D10	D11	D12	E1	E2	E3	E4	E5	E6	E7	E8	E9	E10	E11	E12	F1	F2	F3	F4	F5	F6	F7	F8	F9	F10	F11	F12	G1	G2	G3	G4	G5	G6	G7	G8	G9	G10	G11	G12	H1	H2	H3	H4	H5	H6	H7	H8	H9	H10	H11	H12
0:00:06	19.8	0.094	0.095	0.097	0.093	0.098	0.096	0.096	0.095	0.096	0.095	0.095	0.096	0.093	0.096	0.100	0.104	0.135	0.149	0.128	0.142	0.102	0.097	0.097	0.094	0.094	0.124	0.098	0.095	0.095	0.099	0.129	0.101	0.117	0.099	0.154	0.094	0.093	0.099	0.131	0.096	0.137	0.131	0.095	0.095	0.096	0.126	0.126	0.094	0.093	0.094	0.095	0.135	0.130	0.123	0.100	0.095	0.127	0.101	0.102	0.099	0.093	0.095	0.121	0.104	0.103	0.100	0.095	0.116	0.131	0.098	0.098	0.093	0.093	0.131	0.118	0.104	0.098	0.130	0.097	0.103	0.102	0.144	0.137	0.094	0.093	0.095	0.094	0.092	0.095	0.097	0.093	0.093	0.092	0.092	0.099	0.094
1:00:05	20.4	0.095	0.095	0.101	0.094	0.100	0.099	0.097	0.096	0.098	0.096	0.097	0.097	0.095	0.098	0.103	0.108	0.143	0.155	0.135	0.148	0.105	0.098	0.097	0.095	0.096	0.128	0.099	0.096	0.096	0.101	0.133	0.103	0.123	0.101	0.161	0.097	0.094	0.102	0.136	0.097	0.142	0.137	0.097	0.097	0.097	0.131	0.131	0.095	0.093	0.096	0.096	0.140	0.134	0.128	0.103	0.096	0.134	0.104	0.106	0.101	0.094	0.097	0.125	0.107	0.106	0.102	0.096	0.122	0.137	0.100	0.101	0.095	0.094	0.137	0.123	0.106	0.100	0.134	0.098	0.106	0.106	0.151	0.143	0.096	0.094	0.096	0.095	0.093	0.095	0.098	0.094	0.094	0.093	0.093	0.096	0.095
2:00:06	20.7	0.096	0.095	0.107	0.095	0.103	0.103	0.100	0.097	0.102	0.096	0.100	0.099	0.096	0.098	0.106	0.112	0.149	0.162	0.141	0.154	0.108	0.099	0.098	0.096	0.100	0.132	0.101	0.097	0.096	0.104	0.138	0.105	0.128	0.103	0.166	0.102	0.096	0.104	0.140	0.098	0.147	0.141	0.097	0.097	0.098	0.137	0.135	0.098	0.094	0.096	0.096	0.144	0.140	0.133	0.105	0.098	0.140	0.107	0.109	0.101	0.096	0.097	0.130	0.111	0.108	0.104	0.097	0.127	0.143	0.101	0.103	0.098	0.095	0.141	0.126	0.108	0.101	0.140	0.098	0.108	0.109	0.158	0.148	0.098	0.095	0.096	0.096	0.093	0.096	0.097	0.095	0.095	0.093	0.094	0.098	0.097
3:00:06	20.8	0.099	0.095	0.115	0.096	0.108	0.109	0.105	0.100	0.110	0.098	0.105	0.102	0.100	0.099	0.110	0.117	0.156	0.168	0.146	0.161	0.112	0.100	0.099	0.099	0.107	0.136	0.104	0.099	0.097	0.109	0.142	0.109	0.133	0.106	0.174	0.109	0.101	0.107	0.145	0.100	0.153	0.147	0.098	0.098	0.100	0.142	0.139	0.102	0.096	0.097	0.097	0.150	0.142	0.139	0.109	0.101	0.145	0.112	0.114	0.106	0.100	0.099	0.134	0.117	0.113	0.107	0.098	0.132	0.148	0.105	0.106	0.103	0.097	0.145	0.131	0.113	0.102	0.146	0.099	0.111	0.114	0.166	0.155	0.103	0.096	0.098	0.098	0.094	0.097	0.098	0.096	0.097	0.094	0.095	0.100	0.100
4:00:08	20.7	0.103	0.096	0.124	0.099	0.113	0.118	0.112	0.106	0.124	0.101	0.113	0.106	0.106	0.100	0.115	0.123	0.160	0.174	0.150	0.167	0.117	0.102	0.100	0.103	0.118	0.140	0.107	0.101	0.098	0.117	0.145	0.114	0.139	0.110	0.181	0.121	0.109	0.111	0.151	0.102	0.158	0.153	0.099	0.099	0.102	0.149	0.142	0.108	0.100	0.097	0.099	0.156	0.148	0.145	0.115	0.106	0.152	0.117	0.119	0.115	0.108	0.101	0.140	0.124	0.118	0.111	0.099	0.137	0.154	0.108	0.110	0.111	0.101	0.151	0.136	0.118	0.105	0.151	0.100	0.116	0.119	0.173	0.162	0.110	0.100	0.099	0.101	0.095	0.098	0.098	0.099	0.100	0.095	0.096	0.103	0.104
5:00:09	20.6	0.109	0.096	0.144	0.103	0.121	0.132	0.126	0.116	0.148	0.107	0.128	0.111	0.116	0.102	0.120	0.129	0.164	0.182	0.155	0.172	0.124	0.105	0.100	0.110	0.136	0.145	0.112	0.104	0.100	0.128	0.148	0.120	0.143	0.118	0.189	0.141	0.125	0.117	0.159	0.106	0.164	0.159	0.100	0.100	0.104	0.159	0.149	0.118	0.108	0.099	0.101	0.163	0.157	0.153	0.123	0.113	0.159	0.123	0.125	0.133	0.123	0.104	0.144	0.132	0.125	0.116	0.102	0.142	0.160	0.114	0.116	0.123	0.109	0.157	0.142	0.126	0.108	0.158	0.102	0.121	0.126	0.182	0.171	0.123	0.106	0.102	0.107	0.098	0.100	0.100	0.103	0.105	0.096	0.099	0.108	0.111
6:00:10	20.4	0.118	0.097	0.169	0.109	0.134	0.153	0.146	0.132	0.178	0.115	0.147	0.118	0.128	0.104	0.126	0.135	0.168	0.189	0.162	0.178	0.130	0.109	0.102	0.118	0.160	0.149	0.118	0.108	0.102	0.147	0.153	0.126	0.151	0.131	0.196	0.171	0.148	0.123	0.165	0.112	0.171	0.167	0.102	0.102	0.109	0.170	0.155	0.133	0.122	0.101	0.102	0.169	0.162	0.159	0.130	0.123	0.166	0.129	0.132	0.159	0.151	0.108	0.149	0.141	0.131	0.122	0.104	0.150	0.165	0.119	0.123	0.140	0.120	0.163	0.147	0.136	0.111	0.165	0.103	0.126	0.131	0.190	0.178	0.142	0.115	0.104	0.116	0.101	0.103	0.101	0.110	0.113	0.099	0.102	0.116	0.120
7:00:11	20.2	0.132	0.098	0.200	0.119	0.153	0.183	0.175	0.156	0.203	0.128	0.167	0.130	0.149	0.108	0.133	0.142	0.171	0.196	0.170	0.185	0.138	0.114	0.103	0.129	0.190	0.154	0.125	0.114	0.105	0.170	0.157	0.133	0.158	0.150	0.205	0.199	0.177	0.129	0.173	0.119	0.178	0.176	0.105	0.105	0.115	0.180	0.158	0.154	0.142	0.104	0.106	0.177	0.170	0.167	0.138	0.135	0.173	0.136	0.138	0.190	0.189	0.113	0.156	0.151	0.137	0.126	0.109	0.156	0.170	0.126	0.131	0.165	0.135	0.169	0.154	0.149	0.115	0.173	0.105	0.132	0.137	0.197	0.190	0.169	0.134	0.108	0.128	0.107	0.108	0.101	0.121	0.126	0.103	0.109	0.128	0.135
8:00:12	20.1	0.153	0.100	0.231	0.135	0.177	0.213	0.203	0.184	0.227	0.146	0.189	0.145	0.179	0.113	0.140	0.151	0.177	0.204	0.177	0.194	0.146	0.122	0.106	0.144	0.216	0.160	0.134	0.123	0.108	0.190	0.161	0.140	0.165	0.175	0.212	0.219	0.204	0.136	0.184	0.130	0.186	0.189	0.109	0.108	0.126	0.193	0.162	0.180	0.169	0.108	0.110	0.185	0.179	0.174	0.149	0.151	0.182	0.143	0.146	0.219	0.219	0.122	0.164	0.165	0.145	0.132	0.117	0.165	0.176	0.133	0.140	0.199	0.158	0.178	0.159	0.164	0.121	0.181	0.108	0.138	0.144	0.206	0.202	0.195	0.160	0.113	0.143	0.114	0.116	0.105	0.139	0.147	0.109	0.117	0.148	0.157
9:00:14	19.9	0.182	0.104	0.265	0.161	0.204	0.239	0.228	0.206	0.254	0.171	0.215	0.166	0.208	0.121	0.148	0.163	0.184	0.213	0.185	0.203	0.156	0.133	0.109	0.166	0.240	0.167	0.142	0.136	0.114	0.207	0.166	0.150	0.173	0.197	0.219	0.235	0.226	0.143	0.195	0.147	0.197	0.202	0.113	0.113	0.143	0.207	0.167	0.206	0.199	0.114	0.116	0.196	0.190	0.182	0.162	0.170	0.192	0.153	0.155	0.243	0.235	0.134	0.175	0.181	0.155	0.138	0.127	0.173	0.185	0.142	0.151	0.227	0.188	0.189	0.166	0.182	0.126	0.189	0.112	0.144	0.152	0.213	0.213	0.220	0.191	0.122	0.166	0.125	0.129	0.111	0.167	0.181	0.120	0.131	0.176	0.186
10:00:14	19.8	0.211	0.109	0.296	0.190	0.232	0.269	0.256	0.229	0.282	0.196	0.239	0.189	0.233	0.131	0.159	0.176	0.192	0.225	0.192	0.213	0.168	0.147	0.112	0.187	0.266	0.178	0.154	0.153	0.122	0.227	0.173	0.162	0.182	0.220	0.230	0.256	0.244	0.151	0.208	0.167	0.208	0.216	0.120	0.120	0.163	0.222	0.178	0.229	0.226	0.122	0.125	0.208	0.201	0.196	0.178	0.187	0.202	0.165	0.168	0.265	0.245	0.151	0.186	0.199	0.166	0.146	0.140	0.183	0.195	0.152	0.164	0.249	0.216	0.200	0.174	0.201	0.132	0.198	0.117	0.151	0.162	0.221	0.222	0.245	0.215	0.135	0.191	0.143	0.146	0.119	0.200	0.208	0.138	0.152	0.207	0.221
11:00:14	19.7	0.249	0.116	0.340	0.222	0.260	0.301	0.285	0.252	0.313	0.219	0.271	0.216	0.256	0.145	0.171	0.191	0.202	0.237	0.199	0.223	0.182	0.163	0.116	0.210	0.295	0.186	0.166	0.172	0.132	0.249	0.181	0.175	0.191	0.244	0.239	0.280	0.259	0.161	0.221	0.188	0.221	0.232	0.128	0.128	0.179	0.240	0.184	0.256	0.249	0.134	0.137	0.219	0.215	0.207	0.196	0.200	0.213	0.178	0.182	0.294	0.254	0.172	0.200	0.220	0.180	0.154	0.154	0.195	0.204	0.163	0.180	0.273	0.238	0.211	0.182	0.223	0.137	0.210	0.123	0.159	0.174	0.230	0.234	0.274	0.235	0.155	0.218	0.172	0.170	0.131	0.230	0.235	0.174	0.184	0.246	0.261
12:00:16	19.6	0.290	0.127	0.383	0.256	0.291	0.342	0.322	0.280	0.349	0.245	0.297	0.243	0.288	0.165	0.185	0.208	0.213	0.251	0.209	0.232	0.197	0.180	0.120	0.238	0.331	0.197	0.181	0.194	0.146	0.272	0.187	0.191	0.201	0.271	0.248	0.311	0.279	0.174	0.236	0.210	0.232	0.250	0.139	0.139	0.197	0.260	0.190	0.287	0.275	0.150	0.153	0.235	0.228	0.220	0.217	0.213	0.224	0.194	0.198	0.332	0.266	0.194	0.214	0.243	0.196	0.164	0.165	0.206	0.212	0.178	0.197	0.305	0.260	0.221	0.193	0.247	0.143	0.221	0.132	0.170	0.188	0.242	0.246	0.309	0.255	0.182	0.249	0.212	0.199	0.147	0.263	0.268	0.217	0.218	0.290	0.296
13:00:16	19.5	0.332	0.144	0.416	0.292	0.325	0.381	0.360	0.311	0.382	0.273	0.331	0.274	0.322	0.186	0.201	0.225	0.223	0.268	0.220	0.245	0.215	0.200	0.125	0.271	0.370	0.210	0.198	0.216	0.162	0.298	0.193	0.210	0.213	0.298	0.259	0.343	0.304	0.187	0.253	0.232	0.244	0.268	0.150	0.149	0.218	0.280	0.198	0.320	0.301	0.170	0.171	0.251	0.243	0.235	0.240	0.226	0.237	0.210	0.215	0.375	0.280	0.215	0.226	0.268	0.213	0.174	0.178	0.219	0.225	0.194	0.217	0.344	0.284	0.235	0.207	0.272	0.149	0.232	0.142	0.181	0.203	0.252	0.259	0.353	0.279	0.219	0.281	0.254	0.230	0.173	0.299	0.304	0.251	0.250	0.334	0.331
14:00:18	19.4	0.379	0.169	0.456	0.336	0.362	0.413	0.401	0.348	0.416	0.307	0.365	0.308	0.355	0.207	0.220	0.245	0.236	0.286	0.230	0.259	0.236	0.222	0.130	0.301	0.414	0.224	0.218	0.241	0.180	0.326	0.199	0.231	0.225	0.328	0.268	0.378	0.334	0.203	0.272	0.255	0.259	0.289	0.163	0.161	0.239	0.302	0.202	0.363	0.335	0.190	0.191	0.270	0.260	0.251	0.266	0.239	0.249	0.228	0.236	0.416	0.301	0.238	0.242	0.295	0.234	0.187	0.192	0.236	0.235	0.212	0.239	0.385	0.311	0.250	0.221	0.298	0.155	0.245	0.154	0.195	0.221	0.264	0.274	0.390	0.305	0.257	0.324	0.291	0.264	0.205	0.340	0.349	0.282	0.283	0.382	0.360
15:00:18	19.3	0.424	0.200	0.485	0.381	0.402	0.445	0.435	0.385	0.449	0.342	0.402	0.344	0.394	0.228	0.239	0.267	0.250	0.306	0.243	0.271	0.259	0.245	0.134	0.336	0.450	0.237	0.237	0.266	0.198	0.358	0.207	0.252	0.238	0.358	0.279	0.411	0.369	0.219	0.291	0.280	0.275	0.310	0.178	0.175	0.262	0.327	0.208	0.400	0.372	0.210	0.209	0.287	0.278	0.269	0.292	0.257	0.264	0.249	0.256	0.445	0.324	0.261	0.258	0.325	0.256	0.200	0.210	0.252	0.249	0.232	0.264	0.421	0.338	0.266	0.236	0.325	0.163	0.259	0.166	0.209	0.240	0.276	0.289	0.425	0.335	0.295	0.363	0.329	0.298	0.234	0.370	0.390	0.316	0.319	0.416	0.393
16:00:19	19.2	0.460	0.235	0.518	0.429	0.440	0.475	0.464	0.422	0.476	0.372	0.439	0.380	0.432	0.250	0.262	0.292	0.265	0.326	0.256	0.287	0.279	0.270	0.138	0.367	0.479	0.252	0.259	0.292	0.217	0.387	0.217	0.276	0.253	0.387	0.292	0.438	0.399	0.238	0.312	0.308	0.291	0.333	0.198	0.193	0.289	0.351	0.212	0.440	0.404	0.231	0.228	0.308	0.298	0.287	0.320	0.276	0.281	0.273	0.279	0.471	0.356	0.287	0.276	0.353	0.279	0.216	0.229	0.270	0.267	0.254	0.288	0.442	0.367	0.283	0.254	0.355	0.171	0.275	0.181	0.227	0.262	0.292	0.307	0.455	0.372	0.332	0.407	0.369	0.331	0.263	0.397	0.420	0.354	0.352	0.439	0.418
17:00:20	19.2	0.498	0.269	0.538	0.458	0.473	0.505	0.496	0.454	0.503	0.406	0.472	0.420	0.457	0.272	0.281	0.311	0.281	0.350	0.270	0.303	0.304	0.296	0.141	0.399	0.499	0.268	0.280	0.320	0.236	0.420	0.227	0.301	0.269	0.419	0.306	0.468	0.418	0.257	0.333	0.336	0.309	0.356	0.218	0.212	0.315	0.376	0.219	0.465	0.437	0.251	0.250	0.328	0.320	0.307	0.349	0.296	0.298	0.296	0.303	0.493	0.380	0.312	0.295	0.381	0.302	0.232	0.250	0.289	0.281	0.277	0.313	0.464	0.389	0.301	0.270	0.383	0.177	0.291	0.198	0.244	0.283	0.306	0.326	0.477	0.393	0.368	0.430	0.401	0.360	0.288	0.422	0.454	0.384	0.382	0.464	0.440
18:00:22	19.2	0.533	0.298	0.558	0.489	0.508	0.535	0.524	0.485	0.528	0.436	0.508	0.459	0.487	0.295	0.304	0.333	0.299	0.373	0.287	0.322	0.330	0.322	0.145	0.427	0.530	0.285	0.306	0.347	0.259	0.453	0.235	0.325	0.286	0.454	0.321	0.501	0.436	0.280	0.356	0.365	0.327	0.381	0.240	0.234	0.341	0.402	0.227	0.484	0.461	0.273	0.272	0.351	0.341	0.327	0.379	0.320	0.320	0.320	0.329	0.520	0.400	0.338	0.314	0.412	0.327	0.251	0.274	0.309	0.299	0.302	0.341	0.485	0.413	0.321	0.290	0.412	0.186	0.311	0.218	0.264	0.308	0.324	0.346	0.496	0.420	0.398	0.454	0.432	0.384	0.314	0.446	0.473	0.416	0.419	0.494	0.464
19:00:23	19.5	0.581	0.327	0.588	0.518	0.537	0.568	0.548	0.510	0.556	0.464	0.539	0.493	0.512	0.319	0.325	0.358	0.317	0.395	0.305	0.340	0.356	0.349	0.148	0.453	0.556	0.303	0.331	0.378	0.280	0.481	0.242	0.352	0.305	0.484	0.336	0.520	0.461	0.302	0.380	0.398	0.348	0.409	0.264	0.256	0.368	0.431	0.232	0.512	0.476	0.298	0.295	0.374	0.364	0.350	0.410	0.343	0.341	0.345	0.354	0.537	0.424	0.365	0.336	0.441	0.353	0.270	0.297	0.331	0.318	0.328	0.368	0.501	0.440	0.340	0.310	0.440	0.195	0.329	0.237	0.284	0.332	0.343	0.375	0.521	0.453	0.428	0.478	0.461	0.411	0.344	0.466	0.502	0.448	0.448	0.511	0.487
20:00:23	19.7	0.631	0.360	0.610	0.538	0.559	0.587	0.566	0.539	0.576	0.490	0.555	0.526	0.534	0.346	0.356	0.385	0.337	0.420	0.326	0.361	0.386	0.380	0.152	0.483	0.570	0.324	0.359	0.409	0.305	0.513	0.251	0.382	0.327	0.518	0.355	0.550	0.481	0.326	0.406	0.428	0.372	0.434	0.289	0.279	0.395	0.460	0.238	0.529	0.497	0.318	0.321	0.399	0.390	0.375	0.442	0.367	0.365	0.375	0.384	0.548	0.454	0.394	0.359	0.473	0.381	0.291	0.322	0.355	0.338	0.355	0.401	0.522	0.463	0.363	0.332	0.470	0.206	0.348	0.259	0.309	0.359	0.364	0.399	0.535	0.471	0.467	0.494	0.484	0.438	0.367	0.494	0.522	0.463	0.473	0.527	0.512
21:00:24	19.7	0.657	0.400	0.653	0.563	0.596	0.613	0.596	0.564	0.602	0.525	0.602	0.547	0.565	0.372	0.379	0.412	0.361	0.447	0.346	0.389	0.413	0.410	0.157	0.511	0.600	0.344	0.387	0.438	0.330	0.548	0.260	0.410	0.348	0.551	0.375	0.573	0.512	0.353	0.432	0.460	0.404	0.464	0.313	0.303	0.427	0.492	0.245	0.556	0.519	0.344	0.348	0.425	0.416	0.400	0.473	0.392	0.389	0.405	0.416	0.562	0.489	0.424	0.383	0.506	0.409	0.313	0.349	0.379	0.360	0.385	0.431	0.548	0.486	0.385	0.354	0.503	0.216	0.371	0.282	0.332	0.387	0.386	0.430	0.562	0.478	0.497	0.518	0.496	0.469	0.397	0.521	0.535	0.484	0.497	0.559	0.535
22:00:25	19.8	0.692	0.421	0.686	0.596	0.633	0.633	0.622	0.590	0.628	0.548	0.629	0.562	0.595	0.397	0.411	0.443	0.386	0.475	0.368	0.413	0.444	0.442	0.162	0.539	0.631	0.368	0.418	0.471	0.359	0.581	0.267	0.444	0.374	0.587	0.398	0.601	0.536	0.379	0.460	0.493	0.431	0.495	0.343	0.332	0.458	0.525	0.253	0.583	0.546	0.372	0.377	0.453	0.443	0.426	0.506	0.419	0.415	0.436	0.447	0.595	0.511	0.455	0.409	0.541	0.440	0.338	0.378	0.406	0.384	0.416	0.463	0.570	0.517	0.410	0.379	0.534	0.227	0.393	0.309	0.359	0.417	0.411	0.456	0.583	0.513	0.529	0.544	0.524	0.500	0.430	0.549	0.559	0.511	0.526	0.582	0.560
23:00:25	19.9	0.733	0.447	0.735	0.623	0.664	0.651	0.649	0.615	0.650	0.579	0.656	0.589	0.623	0.429	0.438	0.473	0.410	0.503	0.392	0.439	0.475	0.474	0.168	0.570	0.649	0.392	0.447	0.505	0.391	0.612	0.276	0.478	0.400	0.624	0.419	0.622	0.563	0.408	0.489	0.525	0.461	0.526	0.373	0.361	0.490	0.559	0.261	0.606	0.574	0.399	0.404	0.481	0.471	0.455	0.542	0.448	0.444	0.467	0.479	0.617	0.538	0.488	0.437	0.575	0.472	0.363	0.407	0.434	0.408	0.447	0.499	0.592	0.542	0.438	0.403	0.568	0.238	0.419	0.334	0.389	0.448	0.438	0.485	0.607	0.530	0.546	0.569	0.543	0.534	0.457	0.574	0.584	0.537	0.549	0.605	0.590
24:00:28	20.0	0.744	0.475	0.784	0.664	0.708	0.675	0.669	0.637	0.673	0.605	0.709	0.613	0.661	0.458	0.468	0.504	0.436	0.536	0.417	0.464	0.509	0.511	0.173	0.599	0.685	0.417	0.476	0.536	0.421	0.644	0.285	0.513	0.431	0.657	0.444	0.645	0.587	0.438	0.523	0.560	0.489	0.559	0.404	0.390	0.525	0.593	0.268	0.629	0.594	0.429	0.432	0.513	0.502	0.485	0.576	0.475	0.474	0.499	0.514	0.636	0.567	0.526	0.467	0.612	0.504	0.391	0.439	0.466	0.435	0.477	0.532	0.625	0.568	0.468	0.431	0.601	0.251	0.445	0.363	0.418	0.479	0.468	0.516	0.631	0.548	0.590	0.596	0.552	0.563	0.496	0.601	0.606	0.555	0.568	0.628	0.610
25:00:28	20.1	0.781	0.522	0.794	0.689	0.731	0.710	0.688	0.662	0.694	0.635	0.738	0.636	0.676	0.488	0.502	0.538	0.466	0.569	0.444	0.493	0.539	0.546	0.179	0.622	0.702	0.445	0.509	0.569	0.450	0.675	0.295	0.549	0.462	0.693	0.475	0.671	0.614	0.468	0.554	0.594	0.520	0.595	0.434	0.422	0.561	0.628	0.276	0.656	0.619	0.455	0.464	0.544	0.534	0.518	0.614	0.507	0.509	0.532	0.548	0.663	0.593	0.563	0.500	0.649	0.538	0.418	0.470	0.497	0.462	0.511	0.568	0.646	0.594	0.499	0.458	0.636	0.264	0.475	0.391	0.450	0.512	0.498	0.549	0.653	0.570	0.610	0.624	0.575	0.587	0.526	0.626	0.636	0.577	0.593	0.654	0.636
26:00:29	20.2	0.791	0.564	0.832	0.740	0.767	0.748	0.708	0.682	0.715	0.660	0.782	0.668	0.711	0.518	0.534	0.571	0.495	0.603	0.472	0.523	0.568	0.582	0.185	0.650	0.729	0.473	0.543	0.605	0.481	0.706	0.304	0.584	0.493	0.731	0.508	0.696	0.640	0.499	0.588	0.627	0.550	0.630	0.469	0.455	0.597	0.664	0.285	0.677	0.643	0.489	0.494	0.578	0.567	0.550	0.655	0.538	0.542	0.567	0.584	0.693	0.621	0.603	0.533	0.688	0.573	0.448	0.502	0.530	0.491	0.544	0.605	0.678	0.622	0.531	0.488	0.675	0.277	0.508	0.421	0.482	0.547	0.532	0.582	0.683	0.593	0.639	0.647	0.598	0.614	0.558	0.652	0.660	0.606	0.616	0.675	0.662
27:00:30	20.1	0.810	0.607	0.886	0.791	0.801	0.788	0.723	0.702	0.733	0.683	0.791	0.688	0.737	0.547	0.570	0.606	0.527	0.633	0.502	0.556	0.607	0.625	0.191	0.679	0.754	0.504	0.574	0.636	0.514	0.739	0.314	0.624	0.527	0.771	0.544	0.716	0.666	0.533	0.624	0.660	0.581	0.668	0.508	0.495	0.634	0.702	0.294	0.697	0.660	0.521	0.522	0.611	0.601	0.586	0.695	0.572	0.578	0.604	0.621	0.725	0.648	0.640	0.568	0.731	0.610	0.479	0.540	0.564	0.524	0.582	0.640	0.701	0.647	0.567	0.518	0.715	0.289	0.541	0.453	0.516	0.585	0.566	0.619	0.705	0.625	0.648	0.679	0.623	0.645	0.592	0.675	0.683	0.634	0.637	0.703	0.682
28:00:32	19.9	0.813	0.638	0.900	0.832	0.853	0.819	0.751	0.723	0.754	0.713	0.786	0.713	0.762	0.582	0.604	0.641	0.564	0.669	0.535	0.588	0.644	0.675	0.198	0.713	0.766	0.535	0.608	0.674	0.547	0.772	0.323	0.664	0.562	0.810	0.579	0.740	0.683	0.568	0.659	0.692	0.615	0.707	0.551	0.531	0.676	0.740	0.302	0.723	0.685	0.557	0.559	0.648	0.639	0.624	0.744	0.609	0.619	0.647	0.661	0.784	0.677	0.680	0.606	0.768	0.650	0.511	0.578	0.598	0.556	0.624	0.681	0.728	0.672	0.605	0.552	0.758	0.302	0.576	0.484	0.551	0.623	0.602	0.655	0.737	0.653	0.683	0.698	0.652	0.674	0.621	0.700	0.705	0.655	0.666	0.718	0.713
29:00:34	19.9	0.855	0.679	0.900	0.857	0.877	0.872	0.767	0.761	0.772	0.734	0.789	0.734	0.794	0.613	0.643	0.679	0.598	0.704	0.569	0.623	0.682	0.717	0.205	0.741	0.806	0.569	0.644	0.708	0.584	0.808	0.334	0.707	0.608	0.833	0.615	0.757	0.711	0.603	0.702	0.731	0.651	0.747	0.594	0.571	0.716	0.783	0.312	0.742	0.708	0.592	0.589	0.685	0.680	0.662	0.784	0.646	0.653	0.685	0.697	0.827	0.709	0.713	0.644	0.811	0.690	0.543	0.621	0.630	0.590	0.662	0.719	0.750	0.695	0.642	0.586	0.797	0.314	0.612	0.519	0.588	0.662	0.635	0.688	0.751	0.669	0.697	0.723	0.684	0.716	0.650	0.726	0.725	0.682	0.689	0.743	0.735
30:00:34	19.8	0.881	0.668	0.861	0.862	0.895	0.874	0.816	0.796	0.789	0.753	0.790	0.752	0.846	0.643	0.678	0.718	0.631	0.744	0.603	0.659	0.719	0.751	0.213	0.761	0.831	0.603	0.676	0.742	0.615	0.843	0.344	0.747	0.634	0.861	0.651	0.774	0.731	0.637	0.742	0.764	0.685	0.783	0.634	0.613	0.752	0.820	0.320	0.779	0.730	0.629	0.622	0.723	0.715	0.699	0.823	0.684	0.693	0.725	0.730	0.867	0.728	0.754	0.689	0.848	0.731	0.576	0.658	0.669	0.625	0.703	0.753	0.809	0.721	0.684	0.619	0.845	0.327	0.649	0.556	0.626	0.701	0.671	0.724	0.772	0.694	0.735	0.743	0.708	0.720	0.692	0.748	0.752	0.703	0.713	0.762	0.749
31:00:36	19.8	0.880	0.684	0.826	0.843	0.889	0.849	0.846	0.867	0.816	0.774	0.802	0.769	0.878	0.672	0.719	0.759	0.667	0.783	0.637	0.690	0.759	0.795	0.223	0.786	0.856	0.638	0.712	0.775	0.650	0.880	0.354	0.785	0.671	0.886	0.686	0.790	0.758	0.672	0.779	0.797	0.720	0.819	0.680	0.653	0.787	0.850	0.331	0.821	0.747	0.661	0.654	0.758	0.752	0.734	0.867	0.730	0.731	0.765	0.769	0.857	0.745	0.787	0.725	0.875	0.770	0.609	0.704	0.706	0.658	0.747	0.795	0.811	0.745	0.722	0.655	0.880	0.339	0.685	0.592	0.665	0.741	0.709	0.757	0.804	0.725	0.750	0.766	0.725	0.750	0.702	0.766	0.768	0.731	0.734	0.774	0.769
32:00:37	19.9	0.923	0.743	0.832	0.863	0.913	0.858	0.893	0.890	0.832	0.801	0.815	0.792	0.885	0.703	0.758	0.806	0.709	0.822	0.672	0.727	0.800	0.824	0.233	0.814	0.900	0.672	0.748	0.815	0.685	0.915	0.365	0.829	0.715	0.912	0.721	0.816	0.785	0.709	0.814	0.830	0.761	0.854	0.723	0.693	0.828	0.880	0.340	0.849	0.763	0.698	0.689	0.798	0.788	0.772	0.895	0.758	0.770	0.809	0.800	0.873	0.772	0.825	0.765	0.906	0.811	0.645	0.744	0.742	0.691	0.785	0.839	0.889	0.767	0.756	0.691	0.911	0.352	0.721	0.634	0.703	0.781	0.744	0.794	0.812	0.750	0.762	0.786	0.753	0.774	0.736	0.792	0.788	0.749	0.756	0.792	0.783
33:00:38	19.9	0.903	0.745	0.839	0.855	0.948	0.870	0.899	0.913	0.845	0.818	0.822	0.808	0.884	0.732	0.796	0.842	0.744	0.853	0.704	0.763	0.827	0.855	0.244	0.819	0.908	0.709	0.782	0.844	0.717	0.941	0.376	0.870	0.755	0.943	0.753	0.832	0.804	0.748	0.851	0.858	0.798	0.890	0.765	0.731	0.861	0.905	0.350	0.886	0.780	0.729	0.719	0.834	0.820	0.803	0.931	0.787	0.805	0.841	0.829	0.919	0.800	0.849	0.800	0.938	0.846	0.677	0.777	0.779	0.726	0.818	0.864	0.869	0.781	0.795	0.726	0.960	0.366	0.757	0.670	0.745	0.816	0.783	0.827	0.871	0.761	0.787	0.802	0.772	0.800	0.769	0.802	0.807	0.769	0.778	0.809	0.804
34:00:38	19.9	0.914	0.769	0.875	0.859	0.959	0.888	0.901	0.911	0.865	0.835	0.840	0.855	0.925	0.760	0.827	0.876	0.782	0.886	0.737	0.797	0.863	0.883	0.257	0.852	0.917	0.741	0.816	0.878	0.750	0.972	0.388	0.903	0.798	0.956	0.789	0.855	0.830	0.780	0.883	0.891	0.834	0.914	0.805	0.770	0.884	0.930	0.362	0.935	0.803	0.762	0.750	0.861	0.855	0.839	0.948	0.821	0.835	0.877	0.854	0.895	0.804	0.879	0.837	0.970	0.880	0.710	0.813	0.818	0.759	0.859	0.903	0.895	0.797	0.830	0.763	0.975	0.379	0.790	0.711	0.781	0.850	0.815	0.857	0.865	0.774	0.802	0.824	0.789	0.814	0.797	0.817	0.831	0.784	0.791	0.834	0.819
35:00:39	19.9	0.966	0.784	0.854	0.865	0.931	0.892	0.897	0.901	0.892	0.856	0.855	0.848	0.955	0.788	0.862	0.901	0.821	0.914	0.771	0.829	0.892	0.908	0.272	0.882	0.948	0.779	0.850	0.906	0.781	1.000	0.399	0.925	0.830	0.970	0.819	0.875	0.851	0.817	0.919	0.920	0.864	0.949	0.835	0.804	0.923	0.952	0.371	0.935	0.818	0.795	0.782	0.894	0.884	0.869	0.964	0.848	0.862	0.902	0.877	0.912	0.824	0.905	0.869	0.974	0.905	0.744	0.848	0.857	0.795	0.888	0.920	0.910	0.821	0.858	0.796	0.978	0.393	0.828	0.750	0.815	0.877	0.854	0.883	0.882	0.794	0.831	0.836	0.807	0.825	0.812	0.843	0.851	0.800	0.808	0.859	0.835
36:00:41	19.9	0.951	0.807	0.888	0.870	0.988	0.908	0.921	0.933	0.894	0.865	0.873	0.854	0.963	0.815	0.899	0.928	0.853	0.933	0.804	0.863	0.916	0.936	0.289	0.917	0.972	0.815	0.881	0.931	0.814	1.031	0.411	0.944	0.852	0.992	0.850	0.888	0.884	0.850	0.933	0.941	0.893	0.964	0.869	0.843	0.955	0.958	0.381	0.918	0.838	0.826	0.811	0.919	0.906	0.895	0.973	0.882	0.880	0.933	0.898	0.938	0.836	0.933	0.896	1.021	0.937	0.778	0.877	0.891	0.828	0.924	0.947	0.908	0.833	0.885	0.831	0.990	0.408	0.860	0.780	0.858	0.916	0.884	0.909	0.899	0.817	0.838	0.859	0.824	0.828	0.814	0.851	0.857	0.826	0.821	0.869	0.843
37:00:42	19.9	0.965	0.787	0.888	0.887	0.992	0.927	0.958	0.904	0.921	0.889	0.879	0.859	1.004	0.849	0.922	0.929	0.888	0.951	0.833	0.890	0.949	0.952	0.307	0.924	0.968	0.848	0.910	0.957	0.847	1.044	0.423	0.965	0.880	1.013	0.878	0.905	0.888	0.881	0.955	0.973	0.928	0.978	0.899	0.879	0.975	0.979	0.393	1.000	0.853	0.857	0.837	0.938	0.932	0.923	0.991	0.910	0.897	0.949	0.917	0.947	0.849	0.956	0.928	1.036	0.953	0.809	0.912	0.916	0.864	0.943	0.952	0.905	0.854	0.915	0.862	1.006	0.423	0.889	0.819	0.899	0.920	0.909	0.932	0.921	0.826	0.860	0.870	0.837	0.847	0.834	0.873	0.878	0.843	0.851	0.912	0.854
38:00:43	19.9	0.981	0.801	0.897	0.893	1.035	0.927	0.952	0.924	0.939	0.894	0.885	0.865	0.991	0.872	0.940	0.957	0.918	0.959	0.862	0.915	0.970	0.970	0.328	0.954	0.978	0.874	0.943	0.976	0.874	1.071	0.437	0.995	0.895	1.027	0.894	0.929	0.906	0.908	0.977	0.996	0.951	1.007	0.922	0.906	1.000	0.992	0.404	0.976	0.874	0.886	0.865	0.953	0.955	0.949	0.995	0.947	0.923	0.966	0.940	0.966	0.862	0.973	0.949	1.024	0.986	0.841	0.951	0.937	0.890	0.966	0.976	0.947	0.867	0.942	0.888	1.009	0.438	0.910	0.858	0.927	0.931	0.923	0.941	0.920	0.842	0.871	0.885	0.849	0.859	0.842	0.886	0.883	0.857	0.858	0.918	0.873
39:00:45	19.8	0.961	0.819	0.923	0.914	0.972	0.931	0.952	0.943	0.935	0.906	0.893	0.875	1.011	0.895	0.964	0.981	0.947	0.970	0.884	0.934	0.995	0.988	0.349	0.970	1.028	0.903	0.975	1.001	0.901	1.095	0.451	1.012	0.916	1.050	0.913	0.933	0.901	0.940	1.014	1.015	0.959	1.024	0.958	0.936	1.024	0.997	0.416	1.009	0.894	0.910	0.891	0.973	0.972	0.968	1.011	0.974	0.937	0.989	0.955	0.963	0.877	0.985	0.972	1.029	1.015	0.870	0.966	0.946	0.905	0.990	0.989	0.956	0.887	0.962	0.913	1.024	0.452	0.930	0.885	0.948	0.969	0.937	0.956	0.932	0.858	0.881	0.890	0.868	0.873	0.850	0.914	0.895	0.868	0.879	0.919	0.885
40:00:45	19.8	0.954	0.859	0.897	0.892	1.026	0.930	0.973	0.937	1.000	0.924	0.899	0.876	1.002	0.919	0.985	1.008	0.964	0.990	0.906	0.955	0.996	1.006	0.372	0.986	1.002	0.926	0.999	1.015	0.926	1.103	0.465	1.012	0.937	1.071	0.930	0.928	0.930	0.958	1.029	1.033	0.976	1.065	0.983	0.965	1.048	1.015	0.429	1.045	0.892	0.940	0.911	0.993	0.985	0.988	1.024	0.988	0.948	0.995	0.969	1.021	0.895	1.011	0.982	1.065	1.021	0.898	0.992	0.954	0.925	0.996	1.007	0.985	0.901	0.972	0.935	1.047	0.468	0.965	0.925	0.968	0.976	0.952	0.970	0.946	0.873	0.899	0.905	0.878	0.888	0.867	0.912	0.906	0.880	0.889	0.969	0.901
41:00:47	20.0	0.962	0.870	0.964	0.886	1.081	0.948	0.981	0.978	0.993	0.933	0.908	0.886	1.083	0.940	0.996	0.995	0.974	1.020	0.924	0.964	1.018	1.021	0.396	1.007	1.032	0.946	1.020	1.044	0.950	1.127	0.480	1.039	0.954	1.094	0.948	0.951	0.930	0.977	1.020	1.062	0.990	1.036	1.020	0.987	1.073	1.020	0.442	1.013	0.912	0.954	0.930	1.000	1.019	1.002	1.056	1.017	0.971	1.039	0.983	1.017	0.899	1.026	0.998	1.054	1.038	0.923	1.020	0.973	0.950	1.015	1.035	0.962	0.910	1.016	0.950	1.063	0.483	0.991	0.945	1.009	0.995	0.964	0.991	0.966	0.888	0.917	0.910	0.886	0.886	0.885	0.915	0.917	0.891	0.900	0.971	0.914
42:00:47	20.1	0.915	0.873	0.989	0.930	1.018	0.994	1.043	0.976	0.962	0.933	0.918	0.893	1.014	0.956	1.036	1.027	1.009	1.055	0.940	0.993	1.044	1.039	0.419	1.052	1.018	0.964	1.040	1.038	0.973	1.131	0.496	1.087	0.971	1.129	0.965	0.965	0.939	0.988	0.994	1.071	0.990	1.031	1.035	0.996	1.094	1.039	0.460	1.002	0.922	0.976	0.950	1.001	1.022	1.003	1.044	1.037	0.978	1.039	1.003	1.036	0.914	1.052	1.020	1.096	1.073	0.950	1.038	0.981	0.960	1.043	1.049	0.978	0.933	1.011	0.957	1.064	0.499	1.016	0.976	1.021	1.003	0.978	1.000	1.020	0.897	0.926	0.913	0.893	0.908	0.888	0.948	0.931	0.908	0.914	0.966	0.922
43:00:48	20.2	0.900	0.897	1.010	0.975	1.034	1.000	1.045	0.978	0.996	0.946	0.929	0.906	1.039	0.975	1.057	1.057	1.020	1.095	0.959	1.014	1.050	1.046	0.445	0.981	1.031	0.982	1.052	1.095	0.997	1.156	0.512	1.097	0.985	1.126	0.976	0.962	0.950	1.007	1.054	1.093	1.023	1.105	1.039	1.025	1.100	1.051	0.472	1.055	0.930	0.990	0.968	1.051	1.038	1.002	1.054	1.037	0.989	1.043	1.014	1.077	0.933	1.059	1.042	1.070	1.058	0.972	1.037	1.001	0.971	1.059	1.045	0.988	0.933	1.015	0.987	1.095	0.515	1.029	0.998	1.048	1.028	0.990	1.005	1.041	0.917	0.945	0.938	0.904	0.916	0.896	0.964	0.936	0.911	0.918	0.996	0.950
44:00:49	20.3	0.902	0.941	1.014	0.931	1.099	1.046	1.047	1.087	1.006	0.951	0.930	0.917	1.042	0.982	1.067	1.087	1.048	1.099	0.981	1.023	1.087	1.064	0.471	1.015	1.051	1.003	1.062	1.089	1.020	1.168	0.529	1.068	0.995	1.126	0.987	0.958	0.946	1.021	1.071	1.124	1.045	1.131	1.067	1.051	1.108	1.049	0.490	1.049	0.946	1.001	0.984	1.076	1.033	1.014	1.071	1.073	1.001	1.053	1.028	1.051	0.928	1.084	1.050	1.068	1.085	0.985	1.063	1.010	0.990	1.081	1.061	1.034	0.940	0.989	0.982	1.077	0.532	1.033	1.010	1.051	1.036	1.001	1.025	1.054	0.919	0.947	0.941	0.917	0.930	0.907	0.965	0.949	0.923	0.933	0.986	0.970
45:00:57	20.3	0.904	0.984	1.049	0.945	1.046	1.042	1.041	1.083	0.999	0.969	0.941	0.923	1.048	1.021	1.068	1.087	1.009	1.102	1.016	1.051	1.076	1.063	0.498	1.038	1.052	0.999	1.060	1.125	1.053	1.174	0.547	1.072	1.006	1.151	0.996	0.984	0.959	1.060	1.106	1.132	1.052	1.055	1.080	1.058	1.121	1.060	0.506	1.067	0.940	0.997	0.994	1.080	1.068	1.044	1.068	1.077	1.013	1.058	1.041	1.089	0.937	1.081	1.116	1.128	1.073	1.011	1.062	1.017	0.992	1.093	1.083	1.031	0.946	1.056	0.999	1.092	0.548	1.092	1.019	1.065	1.048	1.014	1.036	1.056	0.930	0.950	0.953	0.921	0.930	0.920	0.972	0.950	0.926	0.932	1.015	0.958
46:00:53	20.2	0.907	0.982	1.065	0.990	1.007	1.048	1.071	1.081	1.023	0.973	0.944	0.915	1.056	1.037	1.095	1.121	1.056	1.097	1.030	1.048	1.070	1.079	0.526	1.038	1.056	1.011	1.107	1.109	1.074	1.184	0.567	1.067	1.021	1.151	1.009	0.971	0.955	1.058	1.110	1.143	1.127	1.075	1.099	1.101	1.129	1.072	0.525	1.083	0.948	1.025	1.012	1.136	1.064	1.065	1.102	1.087	1.023	1.056	1.052	1.097	0.942	1.062	1.044	1.099	1.116	1.025	1.081	1.029	1.001	1.083	1.099	1.054	0.952	1.025	1.003	1.108	0.565	1.112	1.036	1.074	1.061	1.018	1.048	1.053	0.933	0.932	0.962	0.930	0.934	0.927	0.967	0.961	0.932	0.942	1.022	0.977
47:00:51	20.1	0.911	0.964	1.045	1.011	1.147	1.080	1.056	1.078	1.047	0.968	0.949	0.926	1.047	1.073	1.144	1.124	1.085	1.173	1.042	1.060	1.083	1.100	0.554	1.051	1.037	1.030	1.115	1.144	1.099	1.196	0.587	1.065	1.027	1.159	1.023	0.989	0.968	1.078	1.138	1.165	1.114	1.071	1.129	1.107	1.149	1.072	0.542	1.090	0.951	1.035	1.046	1.109	1.077	1.071	1.086	1.102	1.029	1.076	1.054	1.085	0.946	1.082	1.029	1.095	1.106	1.043	1.102	1.038	1.012	1.100	1.090	1.071	0.955	1.083	1.022	1.122	0.582	1.121	1.060	1.125	1.085	1.030	1.091	1.080	0.927	0.953	0.969	0.934	0.946	0.932	0.970	0.965	0.939	0.953	1.030	0.985
48:00:52	20.0	0.915	0.980	1.054	1.012	1.060	1.074	1.087	1.097	1.049	0.983	0.958	0.929	1.004	1.099	1.127	1.134	1.105	1.174	1.066	1.055	1.092	1.097	0.582	1.075	1.051	1.024	1.144	1.138	1.109	1.200	0.606	1.081	1.036	1.179	1.027	0.988	0.968	1.071	1.150	1.172	1.108	1.098	1.136	1.097	1.137	1.095	0.564	1.073	0.957	1.062	1.042	1.019	1.083	1.067	1.102	1.107	1.037	1.091	1.071	1.098	0.958	1.082	1.063	1.095	1.116	1.071	1.122	1.049	1.025	1.093	1.126	1.086	0.966	1.093	1.014	1.141	0.599	1.106	1.064	1.083	1.084	1.045	1.080	1.060	0.923	0.959	0.987	0.941	0.957	0.937	0.976	0.979	0.954	0.957	1.035	0.978
49:00:53	19.9	0.917	0.982	1.064	1.028	1.043	1.069	1.101	1.088	1.043	1.013	0.974	0.936	0.984	1.097	1.139	1.137	1.089	1.123	1.049	1.069	1.089	1.121	0.612	1.019	1.012	1.016	1.139	1.122	1.123	1.219	0.627	1.102	1.050	1.197	1.037	0.991	0.969	1.090	1.142	1.179	1.138	1.138	1.142	1.133	1.169	1.098	0.585	1.065	0.970	1.090	1.090	1.097	1.101	1.080	1.119	1.110	1.044	1.091	1.081	1.064	0.966	1.137	1.102	1.134	1.136	1.073	1.143	1.059	1.035	1.123	1.133	1.095	0.984	1.115	1.056	1.170	0.618	0.979	1.070	1.119	1.088	1.059	1.099	1.049	0.933	0.958	0.980	0.950	0.956	0.949	0.983	0.983	0.955	0.963	1.026	0.980
50:00:55	19.9	0.922	0.977	1.059	1.046	1.097	1.068	1.088	1.100	1.061	0.999	0.969	0.947	0.987	1.118	1.148	1.145	1.125	1.161	1.071	1.074	1.105	1.110	0.643	1.086	1.026	0.995	1.147	1.174	1.146	1.225	0.650	1.098	1.058	1.183	1.039	1.006	0.975	1.106	1.169	1.185	1.178	1.162	1.141	1.112	1.167	1.099	0.610	1.064	0.972	1.066	1.084	1.068	1.105	1.073	1.130	1.130	1.056	1.094	1.087	1.094	0.969	1.124	1.030	1.154	1.173	1.080	1.141	1.082	1.036	1.113	1.107	1.095	0.982	1.114	1.086	1.203	0.638	1.107	1.100	1.108	1.096	1.056	1.133	1.053	0.937	0.973	0.979	0.957	0.966	0.954	0.991	0.990	0.967	0.978	1.046	0.986
51:00:55	20.0	0.929	0.970	1.074	1.056	1.041	1.059	1.069	1.112	1.036	1.016	0.984	0.952	1.002	1.136	1.109	1.149	1.149	1.162	1.061	1.065	1.117	1.146	0.674	1.030	1.027	1.013	1.147	1.185	1.150	1.230	0.667	1.117	1.068	1.192	1.050	0.998	0.976	1.107	1.212	1.196	1.162	1.122	1.158	1.128	1.187	1.112	0.632	1.070	0.977	1.102	1.106	1.047	1.082	1.034	1.143	1.150	1.062	1.116	1.092	1.063	0.978	1.134	1.135	1.176	1.199	1.086	1.174	1.116	1.042	1.141	1.123	1.084	0.992	1.115	1.096	1.220	0.657	1.111	1.090	1.086	1.113	1.065	1.083	1.051	0.947	0.982	0.978	0.976	0.975	0.954	0.996	0.989	0.966	0.983	1.026	0.992
52:00:56	20.0	0.926	0.955	1.026	1.061	1.082	1.071	1.108	1.107	1.071	1.025	0.994	0.955	1.013	1.166	1.199	1.172	1.168	1.075	1.049	1.082	1.114	1.132	0.705	1.066	1.021	1.042	1.172	1.205	1.162	1.217	0.693	1.134	1.088	1.191	1.058	0.992	0.982	1.148	1.214	1.196	1.205	1.156	1.178	1.145	1.175	1.103	0.656	1.038	0.993	1.131	1.112	1.027	1.067	1.047	1.132	1.150	1.069	1.122	1.105	1.040	0.977	1.093	1.105	1.184	1.151	1.112	1.176	1.102	1.051	1.134	1.135	1.083	1.006	1.190	1.095	1.211	0.676	1.101	1.105	1.108	1.111	1.071	1.126	1.037	0.957	0.986	1.000	0.974	0.976	0.968	1.008	1.005	0.973	0.981	1.037	0.986
53:00:58	20.1	0.940	0.993	1.047	1.046	1.077	1.042	1.056	1.109	1.050	1.008	0.994	0.964	1.019	1.168	1.204	1.156	1.171	1.143	1.054	1.109	1.128	1.153	0.729	1.022	1.016	1.038	1.167	1.187	1.190	1.244	0.713	1.188	1.090	1.204	1.064	1.002	0.990	1.165	1.172	1.219	1.192	1.115	1.190	1.176	1.198	1.136	0.684	1.027	0.985	1.134	1.128	1.162	1.074	1.078	1.168	1.157	1.080	1.134	1.110	1.028	0.988	1.085	1.150	1.200	1.183	1.123	1.164	1.116	1.066	1.150	1.162	1.036	0.999	1.198	1.156	1.234	0.695	1.109	1.115	1.149	1.174	1.125	1.140	1.020	0.965	0.990	0.999	0.980	0.988	0.984	1.003	0.998	0.980	0.996	1.030	0.982
54:00:59	20.0	0.939	0.952	1.016	1.059	1.134	1.012	1.051	1.097	1.052	1.022	0.999	0.968	1.014	1.181	1.204	1.145	1.194	1.157	1.066	1.100	1.136	1.153	0.757	1.040	1.023	1.029	1.174	1.197	1.186	1.260	0.737	1.146	1.091	1.205	1.072	0.997	0.986	1.159	1.219	1.201	1.233	1.117	1.213	1.179	1.200	1.115	0.695	1.047	0.996	1.189	1.128	1.120	1.081	1.072	1.153	1.160	1.081	1.127	1.113	1.020	0.992	1.117	1.147	1.190	1.203	1.128	1.206	1.121	1.071	1.138	1.131	1.060	1.006	1.153	1.124	1.218	0.714	1.122	1.132	1.135	1.132	1.129	1.110	1.048	0.965	0.985	1.012	0.985	0.986	0.976	1.013	1.011	0.988	0.995	1.037	0.986
55:01:02	19.9	0.936	0.959	1.036	1.051	1.143	1.056	1.063	1.083	1.027	1.013	1.007	0.966	1.010	1.172	1.161	1.172	1.182	1.162	1.054	1.095	1.155	1.175	0.785	1.009	1.031	1.021	1.191	1.256	1.234	1.267	0.745	1.153	1.093	1.216	1.074	1.003	0.989	1.165	1.189	1.206	1.212	1.128	1.214	1.191	1.208	1.123	0.718	1.045	1.004	1.136	1.154	1.092	1.093	1.075	1.170	1.181	1.087	1.149	1.118	1.028	0.999	1.124	1.193	1.206	1.245	1.148	1.206	1.142	1.070	1.142	1.144	1.052	1.011	1.190	1.213	1.178	0.731	1.154	1.125	1.072	1.138	1.125	1.161	1.044	0.975	1.002	1.003	0.990	0.993	0.983	1.016	1.018	0.998	1.002	1.043	0.993
56:01:00	19.9	0.947	0.949	1.012	1.066	1.185	1.057	1.046	1.119	1.028	1.046	0.992	0.979	1.016	1.194	1.186	1.160	1.153	1.169	1.056	1.105	1.203	1.202	0.816	1.012	1.014	1.108	1.214	1.231	1.232	1.257	0.773	1.169	1.103	1.224	1.081	1.021	0.997	1.186	1.171	1.238	1.238	1.148	1.202	1.184	1.216	1.137	0.737	1.043	0.999	1.147	1.190	1.130	1.093	1.103	1.195	1.194	1.096	1.161	1.134	1.030	1.002	1.132	1.177	1.211	1.255	1.150	1.197	1.113	1.096	1.162	1.157	1.038	1.011	1.252	1.102	1.206	0.746	1.103	1.159	1.182	1.146	1.129	1.181	1.035	0.979	1.007	1.000	1.001	1.002	0.992	1.017	1.019	0.999	1.004	1.035	0.990
57:01:01	19.9	0.951	0.951	1.001	1.023	1.170	1.045	1.065	1.108	1.037	1.032	1.014	0.975	1.003	1.229	1.198	1.175	1.163	1.141	1.055	1.126	1.166	1.173	0.837	1.003	1.037	1.106	1.210	1.236	1.230	1.277	0.792	1.151	1.104	1.229	1.083	1.010	1.000	1.208	1.201	1.255	1.221	1.143	1.207	1.185	1.221	1.136	0.763	1.044	1.011	1.197	1.210	1.185	1.098	1.091	1.192	1.190	1.094	1.188	1.129	1.061	1.007	1.171	1.195	1.194	1.185	1.181	1.219	1.108	1.090	1.154	1.140	1.079	1.019	1.213	1.234	1.206	0.768	1.144	1.165	1.130	1.153	1.125	1.204	1.044	0.984	0.996	1.016	1.005	1.007	0.995	1.025	1.021	1.011	1.017	1.046	1.000
58:01:02	19.8	0.958	0.950	1.000	1.055	1.152	1.037	1.097	1.093	1.034	1.034	1.020	0.985	1.007	1.223	1.138	1.220	1.173	1.152	1.055	1.110	1.168	1.189	0.860	1.012	1.030	1.069	1.209	1.248	1.250	1.278	0.806	1.183	1.112	1.236	1.090	1.014	1.010	1.222	1.181	1.242	1.212	1.154	1.244	1.218	1.226	1.148	0.789	1.030	1.015	1.200	1.218	1.189	1.099	1.092	1.195	1.215	1.103	1.167	1.143	1.045	1.023	1.181	1.121	1.211	1.243	1.190	1.237	1.135	1.099	1.154	1.152	1.051	1.023	1.229	1.105	1.235	0.786	1.149	1.186	1.188	1.165	1.172	1.115	1.036	0.988	1.002	1.016	1.010	1.013	0.999	1.026	1.028	1.007	1.019	1.059	1.000
59:01:03	19.8	0.959	0.944	1.020	1.039	1.093	1.051	1.096	1.059	1.031	1.057	1.023	0.993	1.019	1.214	1.236	1.240	1.157	1.236	1.060	1.117	1.174	1.208	0.882	1.013	1.028	1.149	1.230	1.277	1.274	1.309	0.859	1.147	1.117	1.247	1.095	1.025	1.007	1.216	1.181	1.252	1.234	1.165	1.266	1.218	1.242	1.145	0.808	1.034	1.022	1.196	1.200	1.148	1.105	1.094	1.197	1.218	1.108	1.157	1.142	1.055	1.015	1.191	1.212	1.255	1.232	1.202	1.262	1.140	1.113	1.168	1.155	1.047	1.036	1.220	1.187	1.219	0.808	1.192	1.182	1.242	1.166	1.182	1.142	1.037	0.999	1.007	1.025	1.014	1.023	1.007	1.033	1.032	1.014	1.034	1.065	1.004
60:01:05	19.7	0.967	0.956	1.024	1.025	1.124	1.063	1.087	1.110	1.040	1.052	1.034	0.988	1.009	1.266	1.178	1.201	1.171	1.210	1.060	1.120	1.163	1.198	0.904	1.014	1.042	1.192	1.229	1.289	1.288	1.304	0.894	1.207	1.123	1.247	1.101	1.024	1.019	1.228	1.217	1.282	1.234	1.173	1.261	1.235	1.245	1.151	0.824	1.050	1.024	1.231	1.210	1.131	1.104	1.101	1.243	1.218	1.111	1.158	1.148	1.042	1.024	1.207	1.221	1.214	1.201	1.212	1.246	1.184	1.115	1.174	1.162	1.060	1.032	1.250	1.241	1.235	0.826	1.190	1.215	1.261	1.238	1.188	1.223	1.046	0.993	1.011	1.032	1.026	1.019	1.010	1.033	1.045	1.017	1.035	1.069	1.012
61:01:05	19.6	0.961	0.962	0.999	1.007	1.204	1.067	1.083	1.083	1.055	1.055	1.035	0.983	1.006	1.301	1.179	1.249	1.147	1.183	1.069	1.131	1.171	1.211	0.919	1.019	1.025	1.188	1.260	1.337	1.282	1.308	0.910	1.210	1.129	1.260	1.104	1.041	1.024	1.199	1.275	1.290	1.224	1.173	1.248	1.238	1.252	1.155	0.894	1.058	1.031	1.203	1.298	1.181	1.110	1.107	1.197	1.226	1.120	1.171	1.154	1.039	1.025	1.182	1.198	1.216	1.264	1.223	1.275	1.157	1.111	1.177	1.168	1.057	1.036	1.263	1.242	1.264	0.843	1.245	1.178	1.234	1.173	1.179	1.154	1.052	0.999	1.024	1.034	1.021	1.031	1.029	1.040	1.043	1.027	1.039	1.065	1.015
62:01:06	19.5	0.965	0.952	1.011	1.015	1.163	1.095	1.063	1.101	1.059	1.072	1.053	0.999	1.013	1.282	1.206	1.275	1.196	1.220	1.062	1.152	1.183	1.224	0.939	1.037	1.033	1.229	1.245	1.329	1.298	1.339	0.936	1.187	1.131	1.267	1.113	1.050	1.028	1.216	1.226	1.276	1.242	1.166	1.255	1.232	1.254	1.165	0.984	1.060	1.031	1.217	1.258	1.126	1.116	1.113	1.214	1.241	1.127	1.182	1.158	1.075	1.030	1.220	1.081	1.297	1.222	1.222	1.274	1.209	1.115	1.175	1.180	1.061	1.039	1.320	1.209	1.277	0.846	1.218	1.224	1.221	1.192	1.196	1.122	1.052	1.013	1.021	1.041	1.034	1.026	1.031	1.046	1.052	1.029	1.047	1.074	1.017
63:01:06	19.5	0.968	0.960	1.014	1.006	1.212	1.093	1.057	1.115	1.052	1.065	1.052	1.017	1.007	1.320	1.242	1.231	1.210	1.211	1.073	1.132	1.169	1.244	0.957	1.030	1.036	1.262	1.247	1.325	1.295	1.314	0.906	1.255	1.143	1.290	1.112	1.054	1.023	1.225	1.211	1.285	1.247	1.188	1.275	1.269	1.265	1.168	1.055	1.040	1.039	1.193	1.244	1.135	1.134	1.115	1.217	1.231	1.131	1.193	1.172	1.051	1.036	1.209	1.228	1.293	1.267	1.227	1.242	1.198	1.118	1.184	1.183	1.056	1.042	1.275	1.231	1.269	0.857	1.255	1.226	1.238	1.209	1.157	1.229	1.048	1.007	1.030	1.035	1.029	1.038	1.036	1.038	1.059	1.037	1.046	1.070	1.022
64:01:08	19.5	0.973	0.955	1.036	1.009	1.199	1.076	1.078	1.111	1.061	1.069	1.064	1.004	1.014	1.335	1.261	1.298	1.197	1.183	1.079	1.165	1.176	1.219	0.973	1.033	1.030	1.242	1.270	1.343	1.297	1.342	0.902	1.273	1.149	1.276	1.123	1.068	1.030	1.220	1.196	1.280	1.238	1.205	1.294	1.253	1.270	1.174	1.116	1.063	1.043	1.224	1.268	1.151	1.126	1.119	1.224	1.255	1.136	1.190	1.174	1.058	1.042	1.239	1.176	1.308	1.263	1.237	1.281	1.200	1.122	1.190	1.183	1.057	1.055	1.291	1.220	1.284	0.880	1.192	1.252	1.249	1.235	1.231	1.115	1.054	1.014	1.032	1.045	1.041	1.048	1.041	1.050	1.063	1.044	1.046	1.077	1.026
65:01:09	19.6	0.969	0.962	1.020	1.026	1.226	1.094	1.101	1.120	1.114	1.079	1.058	1.013	1.014	1.350	1.209	1.243	1.168	1.170	1.081	1.168	1.213	1.234	0.982	1.034	1.037	1.251	1.290	1.332	1.339	1.344	1.069	1.298	1.154	1.280	1.128	1.073	1.037	1.279	1.203	1.316	1.234	1.190	1.279	1.275	1.283	1.179	1.134	1.063	1.048	1.271	1.292	1.210	1.128	1.123	1.230	1.252	1.141	1.203	1.185	1.057	1.039	1.287	1.204	1.290	1.180	1.208	1.274	1.169	1.124	1.187	1.180	1.072	1.060	1.278	1.262	1.310	0.875	1.238	1.285	1.281	1.291	1.255	1.319	1.067	1.017	1.037	1.060	1.047	1.046	1.049	1.052	1.079	1.049	1.067	1.082	1.031
66:01:09	19.7	0.972	0.960	1.019	1.056	1.165	1.117	1.081	1.099	1.085	1.060	1.046	1.012	1.024	1.337	1.229	1.269	1.161	1.184	1.092	1.185	1.189	1.231	0.991	1.048	1.039	1.203	1.302	1.336	1.339	1.303	1.133	1.242	1.155	1.303	1.131	1.072	1.042	1.299	1.226	1.338	1.249	1.237	1.341	1.288	1.277	1.188	1.082	1.075	1.057	1.258	1.307	1.210	1.131	1.129	1.213	1.269	1.148	1.202	1.173	1.095	1.055	1.248	1.172	1.267	1.223	1.205	1.290	1.163	1.129	1.185	1.186	1.065	1.065	1.263	1.260	1.312	0.907	1.202	1.283	1.274	1.290	1.242	1.246	1.066	1.023	1.041	1.055	1.051	1.057	1.052	1.057	1.060	1.053	1.067	1.105	1.034
67:01:11	19.8	0.975	0.979	1.040	1.031	1.201	1.081	1.094	1.113	1.103	1.101	1.056	1.024	1.016	1.301	1.320	1.284	1.164	1.182	1.098	1.173	1.182	1.219	0.996	1.059	1.042	1.246	1.295	1.337	1.367	1.338	1.050	1.271	1.161	1.279	1.139	1.104	1.039	1.305	1.270	1.351	1.247	1.238	1.315	1.299	1.278	1.189	1.073	1.078	1.055	1.272	1.282	1.181	1.130	1.133	1.230	1.268	1.157	1.200	1.193	1.090	1.048	1.245	1.210	1.309	1.279	1.188	1.323	1.169	1.130	1.187	1.210	1.083	1.073	1.260	1.273	1.314	0.950	1.221	1.285	1.270	1.263	1.251	1.219	1.070	1.020	1.041	1.066	1.060	1.059	1.053	1.063	1.096	1.060	1.071	1.099	1.034
68:01:12	19.9	0.973	0.964	1.028	1.041	1.267	1.062	1.111	1.111	1.103	1.125	1.047	1.037	1.029	1.335	1.287	1.284	1.179	1.186	1.099	1.173	1.183	1.242	1.000	1.070	1.044	1.248	1.286	1.363	1.355	1.367	1.113	1.248	1.167	1.334	1.145	1.113	1.048	1.297	1.240	1.357	1.206	1.255	1.303	1.317	1.299	1.191	1.168	1.092	1.057	1.282	1.357	1.178	1.138	1.142	1.211	1.295	1.158	1.208	1.196	1.086	1.065	1.249	1.223	1.325	1.339	1.200	1.326	1.174	1.138	1.193	1.197	1.101	1.069	1.267	1.326	1.318	0.963	1.220	1.297	1.267	1.266	1.245	1.240	1.078	1.025	1.040	1.076	1.061	1.065	1.064	1.070	1.106	1.071	1.084	1.114	1.034
69:01:12	19.8	0.977	0.973	1.039	1.048	1.238	1.072	1.116	1.151	1.072	1.115	1.039	1.017	1.033	1.320	1.344	1.282	1.204	1.188	1.104	1.180	1.188	1.254	1.010	1.083	1.041	1.250	1.316	1.310	1.354	1.381	1.183	1.218	1.169	1.291	1.151	1.125	1.036	1.286	1.212	1.367	1.220	1.210	1.334	1.281	1.314	1.207	1.135	1.114	1.068	1.311	1.357	1.203	1.140	1.146	1.222	1.273	1.161	1.204	1.195	1.064	1.065	1.292	1.204	1.335	1.310	1.177	1.321	1.178	1.138	1.192	1.205	1.099	1.073	1.267	1.299	1.325	0.955	1.255	1.300	1.297	1.218	1.222	1.235	1.079	1.032	1.047	1.071	1.064	1.062	1.064	1.069	1.108	1.070	1.099	1.132	1.040
70:01:14	19.8	0.985	0.964	1.034	1.069	1.224	1.099	1.131	1.178	1.110	1.115	1.066	1.022	1.040	1.286	1.261	1.309	1.199	1.200	1.110	1.186	1.205	1.255	1.018	1.083	1.048	1.284	1.322	1.377	1.387	1.361	1.073	1.224	1.182	1.311	1.154	1.127	1.057	1.257	1.300	1.347	1.231	1.224	1.326	1.314	1.315	1.204	1.155	1.109	1.071	1.294	1.340	1.214	1.146	1.155	1.218	1.302	1.173	1.207	1.196	1.091	1.072	1.286	1.226	1.294	1.215	1.198	1.266	1.188	1.149	1.188	1.214	1.114	1.071	1.277	1.322	1.270	0.997	1.235	1.318	1.327	1.224	1.217	1.279	1.082	1.038	1.053	1.086	1.070	1.059	1.061	1.074	1.130	1.069	1.116	1.144	1.040
71:01:15	19.7	0.978	0.979	1.057	1.098	1.184	1.086	1.109	1.192	1.142	1.133	1.089	1.029	1.031	1.343	1.276	1.275	1.205	1.195	1.119	1.182	1.189	1.264	1.022	1.118	1.053	1.264	1.303	1.336	1.389	1.357	1.217	1.250	1.181	1.281	1.162	1.124	1.046	1.290	1.220	1.360	1.242	1.200	1.355	1.273	1.305	1.204	1.110	1.122	1.075	1.348	1.325	1.194	1.146	1.151	1.227	1.283	1.169	1.209	1.204	1.083	1.081	1.349	1.226	1.331	1.305	1.182	1.335	1.194	1.145	1.197	1.207	1.114	1.090	1.255	1.286	1.335	0.977	1.238	1.315	1.274	1.282	1.206	1.296	1.091	1.035	1.060	1.083	1.077	1.071	1.070	1.092	1.142	1.097	1.105	1.128	1.050
72:01:16	19.7	0.977	0.986	1.056	1.059	1.186	1.103	1.117	1.194	1.166	1.172	1.059	1.031	1.053	1.342	1.245	1.306	1.175	1.206	1.117	1.186	1.193	1.256	1.029	1.117	1.068	1.192	1.309	1.340	1.385	1.367	1.233	1.234	1.190	1.281	1.164	1.120	1.048	1.270	1.234	1.377	1.222	1.226	1.304	1.329	1.309	1.210	1.134	1.130	1.068	1.334	1.368	1.206	1.153	1.158	1.234	1.299	1.178	1.221	1.199	1.110	1.072	1.313	1.200	1.293	1.244	1.197	1.288	1.200	1.156	1.199	1.208	1.115	1.085	1.280	1.305	1.274	0.995	1.257	1.306	1.288	1.253	1.208	1.250	1.089	1.038	1.065	1.071	1.072	1.073	1.072	1.085	1.127	1.101	1.115	1.148	1.061
73:01:16	19.7	0.971	0.979	1.085	1.066	1.219	1.122	1.139	1.139	1.138	1.140	1.057	1.019	1.059	1.361	1.273	1.327	1.179	1.197	1.117	1.194	1.183	1.261	1.039	1.105	1.076	1.244	1.307	1.376	1.364	1.353	1.178	1.246	1.189	1.275	1.170	1.124	1.054	1.276	1.236	1.369	1.205	1.221	1.390	1.279	1.293	1.205	1.164	1.158	1.083	1.396	1.300	1.214	1.157	1.155	1.235	1.291	1.171	1.220	1.212	1.104	1.086	1.297	1.237	1.303	1.261	1.190	1.316	1.202	1.162	1.215	1.208	1.123	1.092	1.298	1.298	1.306	1.005	1.265	1.300	1.283	1.255	1.219	1.256	1.107	1.042	1.074	1.082	1.071	1.071	1.086	1.116	1.167	1.119	1.133	1.156	1.049
74:01:18	19.7	0.988	0.998	1.046	1.105	1.252	1.147	1.133	1.209	1.138	1.151	1.076	1.014	1.046	1.301	1.326	1.330	1.200	1.206	1.121	1.194	1.196	1.259	1.046	1.118	1.069	1.233	1.324	1.365	1.406	1.344	1.229	1.234	1.196	1.282	1.174	1.131	1.065	1.286	1.218	1.370	1.209	1.233	1.338	1.304	1.295	1.212	1.171	1.159	1.085	1.339	1.368	1.219	1.156	1.170	1.238	1.275	1.181	1.231	1.215	1.113	1.085	1.317	1.251	1.283	1.255	1.190	1.318	1.206	1.170	1.211	1.215	1.150	1.102	1.272	1.324	1.301	1.043	1.234	1.333	1.285	1.254	1.216	1.145	1.107	1.046	1.069	1.074	1.078	1.083	1.087	1.137	1.181	1.132	1.142	1.148	1.061
75:01:17	19.7	0.972	0.989	1.082	1.127	1.240	1.110	1.146	1.150	1.143	1.173	1.088	1.022	1.065	1.379	1.318	1.312	1.194	1.208	1.126	1.209	1.194	1.243	1.047	1.118	1.094	1.224	1.295	1.398	1.373	1.314	1.186	1.241	1.200	1.267	1.173	1.142	1.044	1.267	1.213	1.382	1.237	1.228	1.375	1.328	1.285	1.217	1.128	1.161	1.092	1.387	1.411	1.220	1.163	1.175	1.230	1.285	1.188	1.225	1.214	1.130	1.085	1.317	1.242	1.298	1.251	1.198	1.294	1.210	1.163	1.207	1.212	1.182	1.083	1.251	1.320	1.242	1.032	1.248	1.326	1.344	1.238	1.222	1.325	1.101	1.046	1.064	1.075	1.071	1.084	1.087	1.113	1.161	1.134	1.156	1.184	1.055
76:01:19	19.8	0.982	0.995	1.149	1.115	1.200	1.100	1.097	1.193	1.147	1.222	1.097	1.032	1.054	1.374	1.261	1.271	1.202	1.207	1.131	1.204	1.193	1.242	1.057	1.110	1.094	1.239	1.286	1.374	1.358	1.305	1.090	1.241	1.201	1.263	1.189	1.164	1.062	1.320	1.244	1.347	1.245	1.227	1.354	1.317	1.283	1.223	1.113	1.128	1.087	1.374	1.388	1.222	1.166	1.175	1.236	1.284	1.192	1.233	1.212	1.137	1.087	1.285	1.213	1.277	1.254	1.205	1.291	1.214	1.173	1.213	1.218	1.153	1.099	1.265	1.309	1.324	1.049	1.250	1.357	1.307	1.238	1.226	1.311	1.118	1.039	1.073	1.110	1.089	1.095	1.080	1.123	1.171	1.142	1.197	1.179	1.056
77:01:20	19.9	0.981	0.993	1.100	1.165	1.212	1.148	1.135	1.193	1.159	1.191	1.102	1.019	1.066	1.345	1.247	1.257	1.200	1.216	1.136	1.218	1.222	1.252	1.078	1.120	1.086	1.304	1.302	1.432	1.379	1.345	1.138	1.249	1.208	1.287	1.195	1.161	1.059	1.327	1.263	1.345	1.218	1.245	1.406	1.362	1.309	1.235	1.089	1.164	1.076	1.409	1.357	1.228	1.173	1.185	1.259	1.307	1.202	1.251	1.228	1.165	1.089	1.366	1.215	1.289	1.254	1.209	1.285	1.220	1.183	1.217	1.221	1.157	1.099	1.276	1.336	1.293	1.089	1.269	1.366	1.287	1.255	1.224	1.187	1.129	1.050	1.062	1.111	1.082	1.100	1.086	1.137	1.181	1.172	1.186	1.185	1.075
78:01:21	19.9	0.973	1.019	1.133	1.156	1.211	1.145	1.112	1.141	1.169	1.172	1.128	1.021	1.078	1.352	1.262	1.262	1.207	1.223	1.132	1.213	1.202	1.243	1.077	1.137	1.076	1.330	1.324	1.382	1.370	1.313	1.202	1.262	1.212	1.268	1.191	1.171	1.067	1.296	1.246	1.362	1.223	1.238	1.357	1.237	1.286	1.239	1.226	1.190	1.097	1.391	1.405	1.230	1.177	1.188	1.243	1.249	1.204	1.245	1.223	1.160	1.081	1.349	1.213	1.269	1.252	1.206	1.252	1.226	1.183	1.215	1.218	1.164	1.095	1.301	1.300	1.288	1.138	1.245	1.377	1.275	1.252	1.233	1.311	1.147	1.046	1.077	1.150	1.093	1.100	1.091	1.154	1.156	1.185	1.201	1.194	1.063
79:01:22	19.8	0.979	1.032	1.077	1.121	1.188	1.152	1.168	1.146	1.207	1.157	1.140	1.028	1.070	1.363	1.266	1.246	1.212	1.221	1.133	1.218	1.214	1.257	1.086	1.149	1.109	1.279	1.298	1.396	1.360	1.317	1.183	1.260	1.218	1.258	1.202	1.195	1.063	1.274	1.241	1.360	1.228	1.248	1.328	1.287	1.260	1.233	1.217	1.169	1.094	1.374	1.387	1.233	1.180	1.192	1.246	1.261	1.200	1.251	1.229	1.170	1.085	1.314	1.222	1.265	1.263	1.208	1.314	1.228	1.187	1.217	1.227	1.168	1.096	1.291	1.317	1.331	1.194	1.229	1.308	1.288	1.246	1.237	1.270	1.175	1.043	1.074	1.150	1.094	1.085	1.099	1.149	1.181	1.161	1.119	1.209	1.061
80:01:23	19.7	0.974	1.013	1.176	1.105	1.162	1.100	1.095	1.145	1.225	1.214	1.142	1.023	1.091	1.378	1.242	1.246	1.213	1.220	1.136	1.221	1.206	1.240	1.085	1.141	1.083	1.265	1.256	1.352	1.368	1.333	1.202	1.251	1.220	1.264	1.203	1.194	1.083	1.249	1.255	1.306	1.227	1.246	1.318	1.293	1.256	1.232	1.207	1.176	1.123	1.344	1.376	1.243	1.183	1.198	1.246	1.256	1.211	1.246	1.223	1.150	1.096	1.302	1.224	1.264	1.251	1.200	1.256	1.231	1.193	1.207	1.220	1.159	1.148	1.300	1.269	1.267	1.147	1.223	1.341	1.272	1.251	1.238	1.270	1.167	1.040	1.064	1.180	1.087	1.105	1.104	1.179	1.170	1.171	1.209	1.162	1.048
81:01:23	19.7	0.981	1.041	1.109	1.178	1.147	1.109	1.120	1.206	1.188	1.208	1.116	1.022	1.069	1.376	1.256	1.258	1.220	1.230	1.141	1.229	1.208	1.256	1.093	1.149	1.100	1.269	1.287	1.340	1.345	1.288	1.171	1.260	1.225	1.256	1.206	1.208	1.104	1.283	1.240	1.324	1.230	1.251	1.365	1.289	1.274	1.247	1.166	1.183	1.113	1.417	1.321	1.248	1.188	1.204	1.247	1.251	1.217	1.257	1.234	1.167	1.085	1.380	1.220	1.278	1.263	1.216	1.248	1.238	1.200	1.231	1.230	1.181	1.098	1.305	1.230	1.288	1.182	1.266	1.325	1.264	1.254	1.237	1.343	1.135	1.039	1.077	1.147	1.089	1.119	1.091	1.192	1.190	1.182	1.160	1.172	1.046
82:01:25	19.6	0.987	1.047	1.163	1.072	1.161	1.139	1.132	1.228	1.267	1.175	1.131	1.030	1.088	1.461	1.262	1.257	1.226	1.232	1.153	1.234	1.221	1.251	1.101	1.147	1.098	1.259	1.281	1.465	1.319	1.283	1.173	1.275	1.232	1.261	1.215	1.210	1.110	1.269	1.303	1.285	1.238	1.249	1.333	1.265	1.277	1.249	1.201	1.183	1.085	1.403	1.387	1.245	1.196	1.207	1.261	1.257	1.217	1.259	1.238	1.146	1.097	1.370	1.243	1.271	1.275	1.213	1.257	1.246	1.210	1.232	1.240	1.211	1.120	1.390	1.293	1.286	1.145	1.291	1.275	1.252	1.263	1.256	1.270	1.143	1.040	1.069	1.095	1.114	1.119	1.110	1.174	1.240	1.190	1.179	1.211	1.053
83:01:26	19.6	1.000	1.051	1.123	1.153	1.169	1.135	1.112	1.188	1.193	1.204	1.118	1.041	1.093	1.447	1.259	1.262	1.234	1.234	1.167	1.234	1.242	1.268	1.116	1.145	1.114	1.256	1.274	1.363	1.342	1.298	1.202	1.286	1.230	1.275	1.220	1.237	1.085	1.301	1.326	1.288	1.241	1.283	1.351	1.260	1.276	1.249	1.240	1.204	1.097	1.428	1.406	1.255	1.203	1.214	1.262	1.252	1.227	1.266	1.244	1.194	1.090	1.415	1.247	1.307	1.266	1.228	1.258	1.257	1.213	1.233	1.237	1.182	1.094	1.356	1.234	1.298	1.193	1.251	1.423	1.283	1.266	1.257	1.274	1.163	1.038	1.070	1.158	1.091	1.164	1.095	1.151	1.207	1.221	1.238	1.208	1.044
84:01:27	19.6	1.000	1.027	1.171	1.101	1.210	1.098	1.144	1.276	1.264	1.186	1.120	1.041	1.083	1.455	1.249	1.262	1.244	1.240	1.171	1.235	1.253	1.272	1.124	1.166	1.105	1.315	1.293	1.389	1.359	1.320	1.188	1.286	1.237	1.276	1.230	1.232	1.069	1.298	1.303	1.298	1.282	1.253	1.314	1.322	1.277	1.256	1.225	1.201	1.087	1.404	1.435	1.246	1.206	1.222	1.264	1.256	1.228	1.276	1.259	1.220	1.102	1.448	1.320	1.306	1.264	1.218	1.270	1.263	1.219	1.235	1.251	1.203	1.094	1.335	1.274	1.262	1.224	1.311	1.380	1.254	1.277	1.269	1.260	1.175	1.044	1.058	1.149	1.129	1.095	1.091	1.171	1.214	1.214	1.219	1.217	1.043
85:01:27	19.6	1.002	1.041	1.138	1.116	1.159	1.119	1.098	1.214	1.238	1.274	1.124	1.023	1.065	1.428	1.242	1.266	1.246	1.238	1.178	1.243	1.250	1.267	1.127	1.160	1.140	1.301	1.257	1.388	1.382	1.295	1.192	1.274	1.241	1.272	1.233	1.211	1.094	1.298	1.323	1.281	1.246	1.261	1.348	1.296	1.286	1.257	1.188	1.200	1.091	1.406	1.432	1.258	1.216	1.226	1.268	1.257	1.237	1.275	1.260	1.185	1.106	1.418	1.298	1.309	1.276	1.231	1.271	1.264	1.228	1.241	1.244	1.196	1.083	1.338	1.290	1.263	1.215	1.307	1.408	1.290	1.278	1.251	1.316	1.196	1.031	1.069	1.145	1.127	1.136	1.093	1.191	1.234	1.176	1.172	1.257	1.061
86:01:27	19.6	1.024	1.002	1.185	1.118	1.233	1.099	1.156	1.200	1.275	1.258	1.164	1.036	1.121	1.363	1.257	1.268	1.244	1.244	1.184	1.247	1.251	1.274	1.137	1.112	1.134	1.288	1.271	1.353	1.333	1.311	1.204	1.283	1.245	1.279	1.238	1.218	1.074	1.282	1.293	1.280	1.254	1.270	1.371	1.280	1.268	1.262	1.168	1.195	1.111	1.415	1.360	1.253	1.228	1.234	1.271	1.263	1.236	1.281	1.263	1.190	1.089	1.421	1.296	1.312	1.278	1.234	1.272	1.261	1.228	1.235	1.254	1.224	1.097	1.339	1.274	1.296	1.237	1.334	1.377	1.294	1.279	1.283	1.293	1.200	1.039	1.080	1.175	1.098	1.179	1.094	1.178	1.229	1.210	1.192	1.268	1.049
87:01:29	19.7	1.021	1.038	1.147	1.197	1.319	1.138	1.119	1.144	1.209	1.229	1.135	1.032	1.089	1.435	1.255	1.265	1.257	1.247	1.193	1.251	1.255	1.280	1.140	1.169	1.133	1.337	1.251	1.291	1.313	1.292	1.283	1.278	1.248	1.273	1.247	1.232	1.102	1.363	1.286	1.288	1.258	1.263	1.315	1.369	1.270	1.264	1.083	1.210	1.110	1.467	1.417	1.270	1.223	1.238	1.273	1.263	1.242	1.284	1.278	1.251	1.094	1.428	1.259	1.305	1.277	1.234	1.270	1.264	1.233	1.242	1.248	1.229	1.109	1.373	1.280	1.282	1.192	1.351	1.247	1.281	1.283	1.279	1.279	1.181	1.018	1.068	1.175	1.110	1.170	1.108	1.221	1.270	1.256	1.210	1.245	1.058
88:01:30	19.7	1.022	1.037	1.188	1.120	1.163	1.087	1.200	1.136	1.283	1.201	1.157	1.002	1.097	1.399	1.259	1.258	1.248	1.245	1.196	1.260	1.242	1.272	1.142	1.182	1.158	1.326	1.258	1.315	1.314	1.306	1.300	1.273	1.248	1.279	1.246	1.172	1.099	1.275	1.284	1.283	1.255	1.264	1.304	1.262	1.268	1.266	1.258	1.206	1.105	1.495	1.409	1.255	1.228	1.240	1.273	1.270	1.245	1.280	1.267	1.232	1.093	1.457	1.332	1.308	1.286	1.230	1.273	1.265	1.242	1.249	1.258	1.236	1.124	1.390	1.270	1.317	1.199	1.303	1.386	1.291	1.280	1.279	1.289	1.236	1.024	1.058	1.190	1.116	1.149	1.123	1.200	1.240	1.206	1.250	1.250	1.062
89:01:32	19.7	1.032	1.060	1.078	1.190	1.214	1.181	1.169	1.097	1.245	1.229	1.125	1.058	1.079	1.441	1.248	1.268	1.255	1.252	1.204	1.257	1.249	1.284	1.153	1.191	1.181	1.282	1.250	1.319	1.323	1.314	1.289	1.282	1.254	1.275	1.253	1.208	1.076	1.289	1.307	1.304	1.262	1.267	1.307	1.264	1.271	1.270	1.192	1.177	1.127	1.466	1.341	1.269	1.239	1.248	1.276	1.267	1.247	1.281	1.272	1.176	1.090	1.458	1.321	1.304	1.289	1.242	1.278	1.270	1.245	1.256	1.263	1.200	1.122	1.401	1.295	1.315	1.250	1.317	1.345	1.298	1.280	1.296	1.289	1.204	1.024	1.080	1.195	1.090	1.137	1.125	1.237	1.226	1.196	1.188	1.282	1.069
90:01:32	19.8	1.028	1.057	1.108	1.091	1.202	1.073	1.117	1.260	1.238	1.190	1.209	1.045	1.100	1.480	1.260	1.268	1.266	1.260	1.209	1.265	1.264	1.298	1.166	1.131	1.161	1.290	1.266	1.339	1.315	1.320	1.186	1.296	1.261	1.293	1.266	1.167	1.112	1.317	1.339	1.296	1.274	1.269	1.268	1.276	1.272	1.276	1.247	1.158	1.125	1.477	1.366	1.272	1.228	1.259	1.286	1.276	1.250	1.294	1.279	1.198	1.093	1.381	1.331	1.298	1.290	1.242	1.281	1.282	1.247	1.261	1.273	1.188	1.097	1.408	1.323	1.330	1.284	1.336	1.352	1.295	1.299	1.296	1.292	1.227	1.029	1.071	1.195	1.109	1.146	1.096	1.200	1.252	1.234	1.227	1.217	1.049
91:01:38	19.8	1.029	1.023	1.078	1.118	1.289	1.186	1.202	1.203	1.257	1.209	1.164	1.014	1.146	1.505	1.265	1.271	1.265	1.258	1.225	1.270	1.269	1.302	1.171	1.210	1.155	1.327	1.261	1.338	1.337	1.326	1.181	1.299	1.270	1.291	1.258	1.202	1.085	1.316	1.366	1.313	1.270	1.273	1.337	1.288	1.291	1.283	1.292	1.140	1.118	1.446	1.355	1.280	1.245	1.267	1.292	1.277	1.262	1.292	1.288	1.125	1.100	1.415	1.305	1.305	1.299	1.255	1.279	1.286	1.253	1.257	1.271	1.163	1.092	1.373	1.375	1.367	1.295	1.320	1.308	1.287	1.307	1.290	1.423	1.206	1.026	1.064	1.183	1.110	1.196	1.097	1.177	1.293	1.262	1.233	1.232	1.040
92:01:35	19.8	1.040	1.045	1.083	1.190	1.210	1.130	1.212	1.253	1.236	1.169	1.167	1.041	1.174	1.488	1.268	1.272	1.274	1.269	1.215	1.273	1.269	1.298	1.179	1.199	1.163	1.298	1.252	1.382	1.320	1.307	1.279	1.298	1.268	1.292	1.266	1.152	1.106	1.302	1.369	1.302	1.289	1.283	1.339	1.281	1.301	1.284	1.347	1.202	1.126	1.435	1.400	1.288	1.256	1.254	1.288	1.281	1.264	1.297	1.294	1.204	1.098	1.428	1.287	1.302	1.297	1.259	1.285	1.286	1.264	1.262	1.279	1.111	1.081	1.333	1.336	1.360	1.303	1.342	1.390	1.317	1.297	1.296	1.274	1.171	1.017	1.076	1.167	1.114	1.167	1.124	1.168	1.256	1.198	1.255	1.256	1.012
93:01:37	19.9	1.052	1.090	1.141	1.177	1.186	1.151	1.073	1.226	1.235	1.250	1.165	1.059	1.132	1.412	1.270	1.276	1.275	1.274	1.222	1.275	1.270	1.315	1.177	1.210	1.191	1.335	1.265	1.375	1.347	1.317	1.242	1.296	1.270	1.289	1.270	1.186	1.092	1.314	1.359	1.307	1.276	1.275	1.376	1.284	1.285	1.289	1.201	1.147	1.154	1.438	1.385	1.279	1.250	1.276	1.290	1.282	1.262	1.295	1.296	1.155	1.103	1.455	1.337	1.305	1.289	1.247	1.286	1.288	1.257	1.267	1.274	1.171	1.088	1.399	1.299	1.280	1.308	1.392	1.375	1.297	1.303	1.299	1.337	1.203	1.019	1.066	1.127	1.098	1.157	1.144	1.192	1.261	1.246	1.181	1.270	1.067
94:01:39	20.0	1.054	1.058	1.181	1.137	1.230	1.178	1.231	1.204	1.198	1.256	1.156	1.052	1.143	1.390	1.267	1.280	1.294	1.273	1.244	1.287	1.274	1.305	1.189	1.176	1.203	1.396	1.263	1.373	1.339	1.334	1.199	1.305	1.276	1.303	1.278	1.111	1.136	1.361	1.331	1.309	1.268	1.282	1.369	1.290	1.302	1.289	1.373	1.218	1.148	1.456	1.348	1.284	1.255	1.262	1.298	1.279	1.263	1.302	1.294	1.183	1.117	1.399	1.318	1.304	1.299	1.245	1.281	1.292	1.264	1.265	1.283	1.245	1.092	1.404	1.337	1.322	1.265	1.351	1.406	1.340	1.308	1.299	1.311	1.177	1.046	1.114	1.183	1.113	1.149	1.090	1.193	1.308	1.195	1.211	1.231	1.041
95:01:37	19.9	1.079	1.097	1.144	1.077	1.157	1.130	1.234	1.119	1.265	1.208	1.186	1.050	1.157	1.373	1.274	1.279	1.278	1.274	1.243	1.279	1.281	1.308	1.189	1.193	1.175	1.284	1.264	1.339	1.334	1.324	1.280	1.293	1.280	1.293	1.278	1.195	1.122	1.283	1.315	1.302	1.280	1.281	1.349	1.289	1.302	1.294	1.313	1.126	1.182	1.469	1.326	1.287	1.275	1.277	1.295	1.283	1.257	1.301	1.314	1.189	1.131	1.425	1.337	1.313	1.288	1.261	1.287	1.292	1.275	1.272	1.288	1.156	1.121	1.351	1.310	1.296	1.324	1.357	1.330	1.305	1.306	1.301	1.338	1.129	1.049	1.149	1.248	1.167	1.152	1.124	1.145	1.292	1.199	1.219	1.224	1.068
96:01:39	19.8	1.082	1.137	1.073	1.194	1.181	1.220	1.085	1.279	1.280	1.261	1.135	1.046	1.143	1.405	1.270	1.281	1.293	1.282	1.248	1.284	1.289	1.311	1.191	1.113	1.185	1.365	1.265	1.350	1.320	1.366	1.381	1.316	1.284	1.306	1.283	1.137	1.161	1.279	1.311	1.299	1.280	1.289	1.313	1.296	1.293	1.300	1.283	1.128	1.210	1.477	1.281	1.299	1.264	1.275	1.295	1.293	1.280	1.311	1.308	1.142	1.106	1.407	1.311	1.314	1.298	1.274	1.287	1.296	1.281	1.277	1.289	1.180	1.181	1.399	1.301	1.305	1.225	1.382	1.441	1.323	1.311	1.330	1.322	1.183	1.013	1.150	1.228	1.138	1.130	1.144	1.220	1.262	1.160	1.285	1.216	1.057

