Time	T° 600	A1	A2	A3	A4	A5	A6	A7	A8	A9	A10	A11	A12	B1	B2	B3	B4	B5	B6	B7	B8	B9	B10	B11	B12	C1	C2	C3	C4	C5	C6	C7	C8	C9	C10	C11	C12	D1	D2	D3	D4	D5	D6	D7	D8	D9	D10	D11	D12	E1	E2	E3	E4	E5	E6	E7	E8	E9	E10	E11	E12	F1	F2	F3	F4	F5	F6	F7	F8	F9	F10	F11	F12	G1	G2	G3	G4	G5	G6	G7	G8	G9	G10	G11	G12	H1	H2	H3	H4	H5	H6	H7	H8	H9	H10	H11	H12
0:00:06	22.1	0.044	0.044	0.047	0.046	0.046	0.047	0.044	0.045	0.046	0.046	0.046	0.045	0.046	0.050	0.047	0.052	0.048	0.048	0.048	0.051	0.049	0.048	0.047	0.047	0.045	0.049	0.048	0.050	0.055	0.048	0.047	0.049	0.050	0.048	0.046	0.046	0.045	0.052	0.048	0.050	0.049	0.050	0.049	0.051	0.050	0.048	0.046	0.046	0.045	0.052	0.048	0.051	0.050	0.049	0.048	0.049	0.049	0.048	0.045	0.045	0.046	0.051	0.050	0.049	0.049	0.048	0.053	0.048	0.048	0.050	0.045	0.045	0.048	0.051	0.051	0.048	0.050	0.048	0.048	0.050	0.051	0.048	0.045	0.045	0.045	0.049	0.045	0.045	0.044	0.048	0.047	0.047	0.047	0.047	0.044	0.045
1:00:06	22.0	0.045	0.044	0.047	0.046	0.045	0.047	0.044	0.045	0.045	0.046	0.047	0.045	0.046	0.050	0.048	0.053	0.049	0.049	0.048	0.051	0.049	0.049	0.047	0.047	0.045	0.050	0.049	0.050	0.055	0.049	0.048	0.049	0.051	0.049	0.047	0.046	0.045	0.052	0.048	0.050	0.050	0.050	0.049	0.051	0.051	0.049	0.047	0.046	0.045	0.052	0.049	0.051	0.051	0.049	0.048	0.049	0.049	0.049	0.045	0.046	0.046	0.052	0.051	0.050	0.049	0.049	0.054	0.049	0.049	0.050	0.045	0.045	0.048	0.051	0.051	0.049	0.051	0.048	0.049	0.051	0.051	0.049	0.045	0.045	0.045	0.049	0.045	0.045	0.044	0.048	0.047	0.047	0.048	0.047	0.045	0.045
2:00:08	22.1	0.044	0.044	0.047	0.046	0.045	0.047	0.044	0.044	0.045	0.046	0.047	0.045	0.045	0.051	0.049	0.054	0.050	0.049	0.049	0.052	0.049	0.049	0.047	0.047	0.045	0.050	0.049	0.051	0.056	0.049	0.048	0.049	0.051	0.049	0.046	0.046	0.045	0.053	0.048	0.050	0.050	0.050	0.049	0.051	0.051	0.049	0.046	0.046	0.045	0.052	0.050	0.052	0.051	0.049	0.049	0.049	0.049	0.049	0.045	0.045	0.046	0.053	0.051	0.050	0.050	0.049	0.054	0.049	0.049	0.051	0.045	0.045	0.048	0.051	0.051	0.050	0.051	0.049	0.049	0.051	0.051	0.049	0.045	0.045	0.045	0.049	0.045	0.045	0.044	0.049	0.048	0.047	0.047	0.047	0.045	0.045
3:00:10	22.2	0.044	0.044	0.048	0.046	0.046	0.047	0.044	0.045	0.046	0.046	0.047	0.045	0.046	0.052	0.050	0.055	0.051	0.050	0.049	0.053	0.051	0.050	0.047	0.048	0.045	0.051	0.050	0.052	0.057	0.050	0.049	0.050	0.052	0.050	0.047	0.047	0.045	0.054	0.049	0.051	0.051	0.051	0.050	0.053	0.052	0.050	0.047	0.047	0.045	0.053	0.051	0.052	0.052	0.050	0.049	0.050	0.050	0.050	0.046	0.046	0.046	0.054	0.052	0.051	0.051	0.050	0.055	0.050	0.050	0.052	0.046	0.045	0.048	0.052	0.052	0.050	0.052	0.050	0.050	0.052	0.052	0.050	0.045	0.045	0.045	0.050	0.045	0.046	0.045	0.049	0.048	0.048	0.047	0.048	0.045	0.045
4:00:11	22.2	0.044	0.044	0.047	0.046	0.046	0.047	0.044	0.045	0.046	0.046	0.047	0.045	0.046	0.053	0.050	0.055	0.052	0.051	0.050	0.053	0.051	0.051	0.047	0.047	0.045	0.052	0.051	0.052	0.058	0.051	0.050	0.051	0.053	0.050	0.046	0.046	0.045	0.054	0.050	0.051	0.052	0.052	0.051	0.053	0.053	0.050	0.047	0.046	0.045	0.054	0.051	0.053	0.053	0.051	0.050	0.051	0.051	0.051	0.046	0.046	0.046	0.054	0.052	0.052	0.052	0.050	0.055	0.051	0.050	0.052	0.045	0.045	0.048	0.053	0.053	0.051	0.052	0.050	0.050	0.053	0.053	0.050	0.045	0.045	0.045	0.049	0.045	0.045	0.044	0.049	0.048	0.048	0.048	0.048	0.045	0.045
5:00:14	22.2	0.044	0.044	0.047	0.046	0.045	0.047	0.044	0.045	0.045	0.046	0.047	0.045	0.046	0.054	0.052	0.056	0.054	0.052	0.051	0.055	0.052	0.051	0.047	0.047	0.045	0.053	0.051	0.052	0.059	0.052	0.050	0.052	0.054	0.051	0.046	0.046	0.045	0.055	0.051	0.052	0.053	0.053	0.052	0.054	0.053	0.051	0.046	0.046	0.045	0.055	0.052	0.055	0.055	0.052	0.051	0.051	0.052	0.052	0.045	0.046	0.046	0.055	0.053	0.053	0.053	0.051	0.056	0.051	0.051	0.053	0.046	0.045	0.048	0.054	0.053	0.053	0.054	0.051	0.051	0.054	0.054	0.051	0.045	0.045	0.045	0.049	0.045	0.045	0.044	0.049	0.048	0.048	0.047	0.047	0.045	0.045
6:00:13	22.1	0.045	0.044	0.048	0.046	0.046	0.047	0.044	0.045	0.046	0.046	0.047	0.045	0.046	0.055	0.054	0.057	0.056	0.054	0.052	0.056	0.054	0.053	0.047	0.047	0.045	0.053	0.053	0.053	0.061	0.053	0.052	0.054	0.055	0.053	0.046	0.046	0.045	0.056	0.052	0.053	0.054	0.054	0.053	0.056	0.055	0.053	0.047	0.046	0.045	0.056	0.053	0.056	0.057	0.053	0.052	0.053	0.053	0.053	0.046	0.046	0.046	0.056	0.055	0.055	0.055	0.052	0.058	0.053	0.053	0.055	0.045	0.045	0.048	0.055	0.055	0.054	0.056	0.052	0.053	0.055	0.055	0.053	0.045	0.045	0.045	0.049	0.045	0.045	0.044	0.049	0.048	0.048	0.048	0.047	0.045	0.045
7:00:14	21.9	0.044	0.044	0.047	0.046	0.045	0.047	0.044	0.045	0.046	0.046	0.047	0.045	0.045	0.057	0.056	0.058	0.058	0.056	0.054	0.058	0.056	0.055	0.047	0.047	0.045	0.054	0.055	0.053	0.064	0.055	0.053	0.056	0.057	0.054	0.046	0.046	0.044	0.056	0.054	0.053	0.056	0.056	0.055	0.058	0.057	0.055	0.046	0.046	0.045	0.057	0.055	0.058	0.058	0.055	0.054	0.055	0.056	0.056	0.045	0.046	0.046	0.057	0.056	0.057	0.057	0.054	0.059	0.055	0.055	0.056	0.045	0.045	0.048	0.055	0.057	0.056	0.057	0.054	0.054	0.057	0.057	0.054	0.045	0.045	0.045	0.049	0.045	0.045	0.044	0.049	0.048	0.047	0.047	0.047	0.044	0.045
8:00:15	21.7	0.044	0.044	0.047	0.046	0.046	0.046	0.044	0.044	0.046	0.046	0.047	0.045	0.045	0.059	0.059	0.059	0.062	0.059	0.057	0.061	0.060	0.058	0.047	0.047	0.045	0.055	0.057	0.054	0.068	0.057	0.056	0.059	0.060	0.057	0.046	0.046	0.045	0.057	0.056	0.053	0.059	0.059	0.057	0.060	0.060	0.058	0.047	0.046	0.045	0.059	0.058	0.062	0.061	0.057	0.056	0.058	0.059	0.058	0.045	0.045	0.046	0.058	0.059	0.060	0.059	0.057	0.062	0.058	0.057	0.059	0.045	0.045	0.048	0.056	0.060	0.059	0.060	0.056	0.057	0.059	0.059	0.057	0.045	0.045	0.045	0.049	0.045	0.045	0.044	0.048	0.047	0.048	0.047	0.048	0.045	0.045
9:00:15	21.4	0.044	0.044	0.047	0.046	0.045	0.047	0.044	0.045	0.046	0.046	0.047	0.045	0.046	0.062	0.063	0.059	0.067	0.062	0.060	0.066	0.065	0.063	0.047	0.047	0.044	0.055	0.060	0.055	0.073	0.060	0.059	0.063	0.064	0.061	0.046	0.046	0.044	0.057	0.060	0.053	0.064	0.062	0.060	0.065	0.065	0.062	0.046	0.046	0.045	0.060	0.062	0.066	0.064	0.060	0.060	0.062	0.064	0.063	0.045	0.045	0.046	0.059	0.063	0.064	0.063	0.060	0.065	0.061	0.061	0.063	0.045	0.045	0.048	0.057	0.063	0.062	0.064	0.059	0.060	0.063	0.064	0.061	0.045	0.045	0.045	0.049	0.045	0.045	0.044	0.049	0.047	0.047	0.047	0.047	0.045	0.045
10:00:16	21.2	0.044	0.044	0.047	0.046	0.045	0.046	0.044	0.045	0.045	0.046	0.047	0.045	0.045	0.066	0.070	0.059	0.074	0.067	0.065	0.073	0.070	0.068	0.047	0.047	0.044	0.056	0.066	0.055	0.080	0.065	0.064	0.068	0.070	0.066	0.046	0.046	0.045	0.057	0.066	0.053	0.070	0.067	0.065	0.070	0.070	0.067	0.046	0.046	0.045	0.061	0.068	0.071	0.069	0.065	0.065	0.067	0.069	0.068	0.045	0.046	0.046	0.059	0.068	0.069	0.070	0.065	0.070	0.066	0.066	0.068	0.045	0.045	0.048	0.058	0.068	0.068	0.069	0.064	0.065	0.067	0.068	0.065	0.045	0.045	0.045	0.049	0.045	0.045	0.044	0.049	0.047	0.047	0.047	0.047	0.045	0.045
11:00:17	21.1	0.044	0.044	0.047	0.046	0.045	0.047	0.044	0.045	0.045	0.046	0.047	0.045	0.046	0.072	0.081	0.060	0.082	0.074	0.071	0.081	0.079	0.076	0.047	0.047	0.044	0.056	0.073	0.056	0.087	0.072	0.070	0.075	0.077	0.072	0.047	0.046	0.044	0.058	0.073	0.054	0.079	0.074	0.072	0.077	0.077	0.074	0.046	0.046	0.045	0.063	0.075	0.080	0.077	0.072	0.071	0.074	0.076	0.074	0.046	0.046	0.046	0.060	0.075	0.077	0.079	0.071	0.076	0.073	0.073	0.074	0.046	0.045	0.048	0.059	0.076	0.076	0.076	0.069	0.070	0.073	0.074	0.071	0.045	0.045	0.045	0.049	0.045	0.045	0.044	0.049	0.047	0.048	0.047	0.048	0.045	0.045
12:00:18	21.1	0.045	0.044	0.047	0.046	0.046	0.047	0.044	0.045	0.046	0.046	0.047	0.045	0.046	0.082	0.089	0.061	0.092	0.083	0.080	0.087	0.085	0.083	0.047	0.047	0.045	0.057	0.081	0.057	0.094	0.079	0.077	0.082	0.083	0.079	0.047	0.046	0.045	0.059	0.080	0.054	0.087	0.081	0.079	0.083	0.084	0.081	0.047	0.052	0.045	0.064	0.084	0.090	0.086	0.079	0.078	0.081	0.083	0.084	0.046	0.046	0.046	0.062	0.082	0.087	0.090	0.078	0.083	0.079	0.080	0.083	0.046	0.046	0.048	0.061	0.084	0.086	0.085	0.076	0.077	0.080	0.082	0.079	0.046	0.045	0.045	0.049	0.045	0.045	0.045	0.049	0.048	0.048	0.047	0.048	0.045	0.045
13:00:19	21.0	0.045	0.045	0.048	0.046	0.046	0.047	0.045	0.045	0.046	0.046	0.047	0.045	0.046	0.092	0.100	0.061	0.098	0.090	0.087	0.098	0.092	0.091	0.047	0.047	0.045	0.059	0.088	0.058	0.105	0.086	0.084	0.089	0.090	0.085	0.047	0.047	0.045	0.060	0.087	0.054	0.095	0.087	0.085	0.090	0.090	0.087	0.047	0.046	0.046	0.065	0.092	0.099	0.092	0.085	0.085	0.088	0.091	0.093	0.046	0.046	0.046	0.063	0.089	0.096	0.102	0.084	0.090	0.087	0.087	0.090	0.045	0.045	0.048	0.063	0.092	0.096	0.095	0.083	0.085	0.087	0.090	0.087	0.045	0.045	0.045	0.049	0.045	0.045	0.045	0.049	0.048	0.048	0.048	0.048	0.045	0.045
14:00:21	20.9	0.044	0.044	0.047	0.046	0.046	0.046	0.044	0.045	0.045	0.046	0.047	0.045	0.046	0.104	0.116	0.062	0.112	0.100	0.099	0.105	0.098	0.098	0.047	0.047	0.045	0.058	0.094	0.058	0.114	0.093	0.092	0.096	0.099	0.094	0.046	0.046	0.045	0.061	0.094	0.054	0.107	0.095	0.093	0.097	0.099	0.096	0.047	0.046	0.045	0.067	0.099	0.112	0.097	0.093	0.092	0.095	0.099	0.100	0.046	0.045	0.046	0.064	0.096	0.106	0.109	0.092	0.098	0.095	0.096	0.098	0.045	0.045	0.048	0.063	0.104	0.109	0.107	0.092	0.094	0.096	0.100	0.095	0.045	0.045	0.045	0.049	0.045	0.045	0.044	0.049	0.047	0.047	0.047	0.048	0.045	0.045
15:00:22	20.9	0.044	0.044	0.047	0.046	0.045	0.047	0.044	0.045	0.046	0.046	0.047	0.045	0.045	0.120	0.128	0.062	0.122	0.108	0.104	0.112	0.107	0.106	0.047	0.047	0.045	0.060	0.105	0.060	0.125	0.101	0.100	0.105	0.108	0.104	0.047	0.046	0.045	0.062	0.103	0.054	0.118	0.103	0.102	0.106	0.108	0.104	0.046	0.046	0.045	0.068	0.106	0.116	0.107	0.102	0.100	0.103	0.108	0.109	0.046	0.045	0.046	0.065	0.104	0.115	0.115	0.101	0.106	0.104	0.105	0.108	0.045	0.045	0.048	0.065	0.118	0.123	0.114	0.101	0.103	0.105	0.110	0.106	0.046	0.045	0.045	0.049	0.045	0.045	0.044	0.049	0.047	0.048	0.047	0.048	0.045	0.045
16:00:23	20.8	0.044	0.044	0.048	0.046	0.045	0.047	0.044	0.045	0.046	0.046	0.047	0.045	0.046	0.135	0.142	0.062	0.133	0.116	0.113	0.121	0.117	0.116	0.047	0.047	0.045	0.060	0.114	0.060	0.138	0.110	0.110	0.115	0.118	0.116	0.046	0.047	0.044	0.062	0.112	0.054	0.125	0.113	0.112	0.117	0.119	0.115	0.046	0.046	0.045	0.070	0.112	0.124	0.118	0.111	0.110	0.113	0.118	0.118	0.045	0.045	0.046	0.066	0.112	0.121	0.126	0.110	0.116	0.114	0.115	0.118	0.046	0.045	0.048	0.066	0.123	0.129	0.122	0.111	0.112	0.117	0.120	0.117	0.045	0.045	0.045	0.049	0.045	0.045	0.044	0.049	0.047	0.048	0.047	0.047	0.045	0.045
17:00:24	20.7	0.045	0.044	0.048	0.047	0.046	0.047	0.045	0.045	0.046	0.046	0.047	0.045	0.046	0.163	0.161	0.063	0.146	0.128	0.125	0.133	0.128	0.128	0.048	0.047	0.045	0.062	0.124	0.062	0.153	0.122	0.121	0.127	0.131	0.129	0.047	0.047	0.045	0.065	0.122	0.055	0.137	0.125	0.125	0.130	0.132	0.128	0.047	0.046	0.045	0.071	0.122	0.136	0.130	0.123	0.122	0.126	0.132	0.131	0.046	0.046	0.046	0.067	0.123	0.132	0.139	0.121	0.128	0.126	0.128	0.132	0.046	0.046	0.049	0.066	0.133	0.139	0.135	0.124	0.125	0.129	0.134	0.132	0.046	0.046	0.045	0.050	0.046	0.046	0.045	0.049	0.048	0.048	0.048	0.048	0.045	0.045
18:00:25	20.7	0.044	0.044	0.047	0.046	0.045	0.046	0.044	0.045	0.046	0.046	0.047	0.045	0.046	0.198	0.180	0.063	0.162	0.140	0.136	0.144	0.140	0.140	0.047	0.047	0.044	0.062	0.136	0.062	0.168	0.134	0.133	0.139	0.144	0.142	0.046	0.046	0.045	0.064	0.133	0.054	0.149	0.137	0.137	0.142	0.146	0.142	0.046	0.046	0.045	0.072	0.134	0.149	0.144	0.135	0.135	0.139	0.144	0.144	0.045	0.046	0.046	0.067	0.134	0.144	0.156	0.133	0.141	0.139	0.142	0.145	0.045	0.045	0.048	0.068	0.146	0.152	0.146	0.137	0.137	0.142	0.148	0.144	0.045	0.045	0.045	0.049	0.045	0.046	0.045	0.049	0.048	0.048	0.047	0.048	0.045	0.045
19:00:25	20.7	0.044	0.044	0.047	0.046	0.046	0.047	0.044	0.045	0.046	0.046	0.047	0.045	0.045	0.230	0.198	0.063	0.180	0.153	0.150	0.157	0.153	0.153	0.047	0.047	0.045	0.062	0.147	0.063	0.184	0.146	0.146	0.152	0.157	0.155	0.047	0.047	0.045	0.065	0.145	0.054	0.164	0.149	0.150	0.155	0.160	0.155	0.047	0.046	0.045	0.073	0.147	0.164	0.159	0.147	0.148	0.152	0.158	0.157	0.046	0.046	0.046	0.068	0.147	0.160	0.172	0.146	0.154	0.152	0.154	0.158	0.046	0.045	0.048	0.069	0.161	0.170	0.159	0.150	0.151	0.157	0.162	0.159	0.045	0.045	0.045	0.049	0.046	0.045	0.044	0.049	0.048	0.048	0.048	0.048	0.045	0.045
20:00:27	20.6	0.044	0.044	0.047	0.046	0.045	0.046	0.044	0.045	0.045	0.045	0.046	0.044	0.045	0.250	0.214	0.063	0.197	0.164	0.163	0.170	0.165	0.164	0.047	0.047	0.044	0.063	0.161	0.063	0.199	0.159	0.158	0.165	0.171	0.169	0.046	0.046	0.044	0.065	0.161	0.054	0.183	0.163	0.163	0.169	0.175	0.171	0.046	0.046	0.045	0.075	0.163	0.180	0.176	0.161	0.160	0.163	0.172	0.174	0.045	0.045	0.046	0.069	0.161	0.174	0.190	0.158	0.167	0.165	0.169	0.173	0.045	0.045	0.048	0.071	0.177	0.187	0.172	0.163	0.165	0.172	0.178	0.175	0.045	0.045	0.045	0.049	0.045	0.045	0.044	0.049	0.047	0.047	0.047	0.047	0.045	0.045
21:00:27	20.7	0.045	0.044	0.047	0.047	0.045	0.047	0.045	0.045	0.046	0.046	0.047	0.045	0.046	0.275	0.231	0.064	0.214	0.179	0.177	0.184	0.178	0.178	0.048	0.048	0.045	0.064	0.176	0.065	0.216	0.172	0.172	0.179	0.185	0.185	0.047	0.047	0.045	0.067	0.174	0.054	0.202	0.177	0.177	0.183	0.190	0.186	0.047	0.047	0.045	0.077	0.178	0.197	0.194	0.173	0.175	0.178	0.187	0.190	0.046	0.046	0.046	0.070	0.176	0.192	0.208	0.172	0.181	0.178	0.184	0.188	0.046	0.046	0.048	0.074	0.192	0.208	0.189	0.177	0.178	0.188	0.195	0.192	0.046	0.045	0.045	0.049	0.046	0.046	0.045	0.049	0.048	0.048	0.048	0.048	0.045	0.045
22:00:30	21.1	0.044	0.044	0.047	0.046	0.045	0.047	0.044	0.045	0.045	0.046	0.047	0.045	0.046	0.301	0.246	0.065	0.230	0.196	0.190	0.199	0.193	0.191	0.047	0.048	0.044	0.064	0.193	0.066	0.232	0.186	0.189	0.193	0.199	0.199	0.047	0.046	0.044	0.068	0.190	0.054	0.221	0.194	0.193	0.199	0.205	0.203	0.046	0.046	0.045	0.080	0.197	0.216	0.214	0.191	0.190	0.191	0.202	0.208	0.045	0.046	0.046	0.072	0.195	0.213	0.226	0.188	0.195	0.194	0.201	0.205	0.045	0.045	0.048	0.077	0.212	0.227	0.205	0.192	0.194	0.203	0.213	0.208	0.045	0.045	0.045	0.049	0.045	0.045	0.044	0.049	0.047	0.047	0.047	0.048	0.045	0.045
23:00:29	21.6	0.044	0.044	0.048	0.046	0.045	0.047	0.044	0.045	0.046	0.046	0.047	0.045	0.046	0.326	0.262	0.065	0.246	0.209	0.203	0.213	0.206	0.205	0.047	0.048	0.045	0.067	0.211	0.068	0.248	0.200	0.203	0.205	0.214	0.212	0.047	0.046	0.044	0.068	0.208	0.054	0.242	0.209	0.209	0.213	0.222	0.220	0.046	0.046	0.045	0.084	0.217	0.233	0.236	0.207	0.204	0.206	0.219	0.225	0.045	0.045	0.046	0.074	0.215	0.234	0.244	0.207	0.209	0.210	0.218	0.223	0.045	0.045	0.048	0.080	0.233	0.247	0.225	0.206	0.211	0.220	0.231	0.227	0.045	0.045	0.045	0.049	0.045	0.046	0.045	0.049	0.047	0.048	0.047	0.048	0.045	0.045
24:00:30	22.0	0.044	0.044	0.048	0.046	0.046	0.047	0.045	0.045	0.046	0.046	0.047	0.045	0.046	0.350	0.280	0.065	0.262	0.229	0.221	0.231	0.222	0.222	0.047	0.048	0.045	0.069	0.229	0.071	0.267	0.216	0.220	0.222	0.232	0.231	0.047	0.047	0.044	0.070	0.228	0.054	0.261	0.228	0.227	0.229	0.241	0.240	0.047	0.046	0.045	0.088	0.240	0.251	0.256	0.226	0.220	0.223	0.237	0.243	0.045	0.046	0.046	0.078	0.234	0.254	0.264	0.225	0.229	0.230	0.238	0.243	0.045	0.046	0.049	0.084	0.254	0.267	0.248	0.223	0.230	0.240	0.252	0.247	0.045	0.045	0.045	0.049	0.045	0.045	0.045	0.049	0.048	0.048	0.048	0.048	0.045	0.045
25:00:32	22.6	0.044	0.044	0.047	0.046	0.045	0.047	0.044	0.045	0.046	0.046	0.046	0.045	0.045	0.374	0.300	0.066	0.279	0.249	0.238	0.250	0.240	0.239	0.047	0.049	0.045	0.072	0.250	0.072	0.285	0.235	0.238	0.240	0.247	0.247	0.046	0.046	0.044	0.070	0.247	0.055	0.281	0.247	0.245	0.248	0.259	0.258	0.047	0.046	0.045	0.091	0.260	0.268	0.277	0.247	0.238	0.241	0.257	0.262	0.045	0.046	0.046	0.080	0.253	0.273	0.282	0.244	0.250	0.250	0.258	0.262	0.045	0.045	0.048	0.087	0.275	0.285	0.270	0.241	0.249	0.258	0.271	0.267	0.046	0.045	0.045	0.049	0.045	0.045	0.045	0.049	0.048	0.048	0.047	0.047	0.045	0.045
26:00:33	23.0	0.044	0.044	0.047	0.046	0.046	0.047	0.044	0.045	0.046	0.046	0.047	0.045	0.045	0.399	0.321	0.066	0.297	0.269	0.257	0.270	0.258	0.258	0.047	0.049	0.044	0.074	0.270	0.075	0.306	0.254	0.256	0.260	0.269	0.268	0.047	0.046	0.045	0.072	0.268	0.054	0.301	0.270	0.266	0.268	0.278	0.279	0.047	0.046	0.045	0.095	0.280	0.287	0.298	0.269	0.259	0.262	0.279	0.283	0.045	0.046	0.046	0.084	0.274	0.293	0.301	0.266	0.271	0.273	0.280	0.284	0.045	0.045	0.048	0.090	0.297	0.306	0.293	0.263	0.273	0.279	0.293	0.291	0.045	0.045	0.045	0.049	0.046	0.045	0.045	0.049	0.048	0.048	0.047	0.047	0.045	0.045
27:00:35	23.3	0.044	0.044	0.047	0.046	0.046	0.047	0.044	0.045	0.046	0.046	0.047	0.045	0.045	0.425	0.341	0.066	0.316	0.288	0.275	0.289	0.279	0.278	0.047	0.051	0.044	0.077	0.291	0.078	0.326	0.272	0.275	0.280	0.289	0.288	0.046	0.046	0.045	0.074	0.289	0.054	0.323	0.290	0.286	0.288	0.300	0.300	0.046	0.046	0.045	0.099	0.300	0.306	0.319	0.290	0.280	0.285	0.299	0.303	0.045	0.045	0.046	0.086	0.296	0.313	0.321	0.286	0.292	0.294	0.301	0.306	0.045	0.045	0.048	0.094	0.319	0.325	0.316	0.285	0.297	0.301	0.316	0.314	0.045	0.045	0.045	0.049	0.045	0.045	0.044	0.049	0.047	0.048	0.047	0.047	0.045	0.045
28:00:33	23.5	0.044	0.044	0.048	0.046	0.046	0.047	0.045	0.045	0.046	0.046	0.047	0.045	0.045	0.450	0.362	0.066	0.338	0.309	0.296	0.310	0.301	0.299	0.048	0.052	0.044	0.079	0.314	0.082	0.345	0.292	0.296	0.301	0.311	0.311	0.047	0.047	0.044	0.075	0.313	0.054	0.346	0.316	0.307	0.308	0.321	0.321	0.047	0.046	0.045	0.104	0.323	0.324	0.341	0.314	0.301	0.305	0.321	0.323	0.046	0.046	0.046	0.089	0.317	0.331	0.341	0.310	0.315	0.314	0.324	0.328	0.046	0.045	0.048	0.097	0.343	0.344	0.340	0.310	0.322	0.326	0.339	0.339	0.046	0.045	0.045	0.049	0.046	0.045	0.045	0.049	0.048	0.048	0.048	0.047	0.045	0.045
29:00:35	23.5	0.044	0.044	0.048	0.046	0.046	0.047	0.044	0.045	0.046	0.046	0.047	0.045	0.045	0.474	0.383	0.066	0.359	0.331	0.315	0.331	0.323	0.321	0.047	0.055	0.044	0.080	0.336	0.086	0.365	0.313	0.317	0.322	0.332	0.333	0.046	0.046	0.044	0.075	0.334	0.054	0.365	0.336	0.326	0.329	0.344	0.343	0.046	0.046	0.045	0.108	0.346	0.344	0.360	0.335	0.323	0.327	0.343	0.346	0.045	0.046	0.046	0.091	0.339	0.353	0.361	0.330	0.337	0.337	0.346	0.353	0.045	0.045	0.048	0.100	0.365	0.365	0.361	0.332	0.345	0.348	0.361	0.362	0.045	0.045	0.045	0.049	0.045	0.045	0.044	0.049	0.047	0.048	0.047	0.047	0.045	0.045
30:00:35	23.5	0.044	0.044	0.048	0.046	0.046	0.047	0.044	0.045	0.046	0.046	0.047	0.045	0.046	0.501	0.403	0.066	0.381	0.352	0.337	0.352	0.345	0.343	0.047	0.059	0.044	0.082	0.359	0.091	0.385	0.338	0.340	0.345	0.355	0.357	0.046	0.046	0.045	0.077	0.359	0.054	0.389	0.358	0.347	0.351	0.365	0.365	0.047	0.046	0.045	0.112	0.369	0.363	0.381	0.356	0.345	0.349	0.365	0.367	0.046	0.046	0.046	0.094	0.365	0.374	0.383	0.351	0.360	0.358	0.368	0.374	0.045	0.045	0.048	0.103	0.390	0.384	0.385	0.356	0.370	0.372	0.384	0.386	0.045	0.045	0.045	0.049	0.046	0.045	0.045	0.049	0.048	0.048	0.047	0.047	0.045	0.045
31:00:37	23.2	0.044	0.044	0.047	0.046	0.046	0.046	0.044	0.045	0.045	0.046	0.046	0.044	0.045	0.526	0.423	0.066	0.403	0.372	0.361	0.374	0.365	0.365	0.047	0.064	0.044	0.083	0.381	0.096	0.403	0.359	0.360	0.366	0.377	0.379	0.046	0.046	0.044	0.078	0.382	0.054	0.411	0.380	0.368	0.372	0.386	0.385	0.046	0.046	0.045	0.116	0.394	0.383	0.402	0.379	0.369	0.373	0.385	0.389	0.045	0.045	0.045	0.096	0.387	0.395	0.402	0.372	0.380	0.381	0.389	0.395	0.045	0.045	0.048	0.105	0.412	0.405	0.405	0.380	0.393	0.394	0.406	0.408	0.045	0.045	0.045	0.049	0.046	0.045	0.044	0.048	0.047	0.048	0.047	0.047	0.045	0.044
32:00:38	23.0	0.044	0.044	0.048	0.046	0.046	0.047	0.044	0.045	0.046	0.046	0.047	0.045	0.045	0.551	0.445	0.066	0.423	0.394	0.384	0.395	0.388	0.387	0.047	0.072	0.044	0.085	0.403	0.102	0.424	0.381	0.382	0.390	0.398	0.401	0.047	0.047	0.044	0.080	0.403	0.054	0.433	0.402	0.390	0.393	0.406	0.406	0.047	0.046	0.045	0.120	0.413	0.403	0.422	0.401	0.388	0.394	0.408	0.410	0.045	0.046	0.046	0.098	0.408	0.414	0.423	0.395	0.402	0.403	0.411	0.416	0.046	0.045	0.048	0.108	0.435	0.425	0.427	0.403	0.416	0.418	0.429	0.431	0.045	0.045	0.045	0.049	0.046	0.046	0.044	0.049	0.047	0.048	0.048	0.048	0.045	0.045
33:00:39	22.8	0.044	0.044	0.047	0.046	0.046	0.046	0.044	0.045	0.046	0.046	0.046	0.044	0.045	0.575	0.466	0.066	0.442	0.415	0.406	0.416	0.411	0.408	0.047	0.082	0.044	0.087	0.425	0.110	0.441	0.401	0.401	0.411	0.418	0.422	0.046	0.046	0.044	0.081	0.424	0.054	0.453	0.423	0.409	0.414	0.425	0.426	0.046	0.046	0.045	0.125	0.433	0.421	0.441	0.424	0.410	0.414	0.427	0.431	0.045	0.045	0.046	0.101	0.427	0.434	0.442	0.416	0.423	0.423	0.430	0.436	0.045	0.045	0.048	0.111	0.457	0.445	0.448	0.424	0.436	0.438	0.449	0.452	0.045	0.045	0.045	0.049	0.046	0.045	0.044	0.049	0.047	0.047	0.047	0.047	0.045	0.045
34:00:41	22.7	0.044	0.044	0.047	0.046	0.046	0.047	0.044	0.045	0.046	0.046	0.047	0.045	0.045	0.598	0.485	0.066	0.462	0.435	0.429	0.436	0.432	0.430	0.048	0.097	0.045	0.089	0.447	0.119	0.461	0.421	0.422	0.430	0.438	0.443	0.047	0.046	0.044	0.082	0.445	0.054	0.473	0.441	0.428	0.434	0.443	0.446	0.047	0.046	0.045	0.131	0.458	0.439	0.459	0.442	0.430	0.433	0.445	0.451	0.046	0.046	0.046	0.104	0.448	0.454	0.461	0.438	0.443	0.444	0.449	0.456	0.046	0.045	0.048	0.114	0.477	0.465	0.468	0.444	0.456	0.457	0.469	0.472	0.046	0.045	0.045	0.049	0.046	0.045	0.044	0.049	0.048	0.048	0.047	0.048	0.045	0.045
35:00:41	22.5	0.044	0.044	0.047	0.046	0.046	0.047	0.044	0.045	0.046	0.046	0.047	0.044	0.045	0.621	0.504	0.066	0.480	0.454	0.449	0.454	0.451	0.450	0.047	0.120	0.044	0.091	0.465	0.125	0.479	0.441	0.441	0.449	0.457	0.463	0.046	0.046	0.044	0.084	0.467	0.054	0.492	0.461	0.448	0.452	0.463	0.466	0.046	0.046	0.045	0.136	0.478	0.459	0.480	0.462	0.449	0.452	0.466	0.472	0.045	0.046	0.046	0.106	0.469	0.474	0.479	0.457	0.464	0.464	0.469	0.475	0.045	0.045	0.048	0.117	0.498	0.483	0.488	0.465	0.476	0.476	0.488	0.492	0.045	0.045	0.045	0.049	0.045	0.045	0.044	0.049	0.048	0.047	0.047	0.048	0.045	0.045
36:00:42	22.3	0.044	0.044	0.047	0.046	0.046	0.047	0.044	0.045	0.046	0.046	0.047	0.045	0.046	0.643	0.521	0.066	0.500	0.473	0.469	0.473	0.471	0.470	0.047	0.159	0.044	0.093	0.487	0.132	0.497	0.461	0.461	0.469	0.476	0.482	0.046	0.046	0.044	0.085	0.488	0.054	0.512	0.480	0.469	0.472	0.482	0.485	0.046	0.046	0.045	0.141	0.500	0.477	0.499	0.481	0.469	0.471	0.484	0.491	0.045	0.046	0.046	0.110	0.487	0.493	0.498	0.475	0.483	0.484	0.488	0.495	0.045	0.045	0.048	0.120	0.516	0.502	0.508	0.484	0.495	0.497	0.507	0.512	0.045	0.045	0.045	0.049	0.046	0.045	0.044	0.049	0.047	0.048	0.048	0.048	0.045	0.045
37:00:43	22.1	0.044	0.044	0.047	0.046	0.046	0.047	0.044	0.045	0.046	0.046	0.047	0.045	0.046	0.664	0.540	0.066	0.517	0.491	0.490	0.492	0.489	0.489	0.047	0.184	0.044	0.094	0.507	0.139	0.514	0.478	0.482	0.487	0.494	0.502	0.046	0.046	0.044	0.086	0.505	0.054	0.530	0.498	0.486	0.490	0.500	0.503	0.046	0.046	0.045	0.145	0.519	0.496	0.517	0.499	0.488	0.489	0.502	0.510	0.046	0.045	0.046	0.113	0.506	0.511	0.515	0.495	0.501	0.501	0.504	0.513	0.045	0.045	0.048	0.123	0.537	0.521	0.527	0.503	0.513	0.514	0.526	0.530	0.045	0.045	0.045	0.049	0.046	0.045	0.045	0.049	0.047	0.048	0.047	0.047	0.045	0.045
38:00:43	22.0	0.044	0.044	0.047	0.046	0.046	0.047	0.044	0.045	0.046	0.046	0.047	0.045	0.045	0.684	0.559	0.066	0.534	0.509	0.509	0.509	0.508	0.508	0.047	0.211	0.044	0.096	0.524	0.145	0.531	0.496	0.500	0.504	0.512	0.521	0.047	0.046	0.044	0.087	0.523	0.054	0.548	0.517	0.505	0.505	0.519	0.522	0.047	0.046	0.045	0.150	0.537	0.514	0.536	0.517	0.505	0.507	0.522	0.528	0.045	0.046	0.046	0.117	0.523	0.528	0.533	0.513	0.519	0.520	0.522	0.531	0.046	0.045	0.048	0.126	0.556	0.539	0.545	0.522	0.530	0.532	0.544	0.548	0.046	0.045	0.045	0.049	0.046	0.045	0.044	0.049	0.047	0.048	0.047	0.048	0.045	0.045
39:00:44	21.8	0.044	0.044	0.048	0.046	0.046	0.047	0.044	0.045	0.046	0.046	0.047	0.045	0.045	0.705	0.575	0.066	0.551	0.528	0.528	0.526	0.525	0.526	0.047	0.239	0.044	0.098	0.544	0.150	0.546	0.515	0.518	0.522	0.529	0.540	0.046	0.047	0.044	0.087	0.541	0.054	0.565	0.534	0.523	0.524	0.536	0.540	0.046	0.046	0.045	0.154	0.557	0.530	0.554	0.534	0.523	0.525	0.539	0.546	0.045	0.046	0.046	0.121	0.542	0.547	0.550	0.531	0.537	0.537	0.539	0.548	0.045	0.045	0.048	0.130	0.573	0.556	0.563	0.539	0.547	0.549	0.561	0.566	0.045	0.045	0.045	0.049	0.046	0.045	0.045	0.049	0.048	0.048	0.047	0.047	0.045	0.045
40:00:45	21.7	0.044	0.044	0.048	0.046	0.046	0.047	0.044	0.045	0.046	0.046	0.047	0.045	0.046	0.724	0.591	0.067	0.568	0.545	0.546	0.543	0.542	0.544	0.047	0.266	0.044	0.100	0.561	0.155	0.563	0.532	0.535	0.540	0.547	0.558	0.047	0.046	0.045	0.088	0.558	0.054	0.582	0.552	0.540	0.541	0.553	0.557	0.047	0.046	0.045	0.158	0.574	0.549	0.572	0.551	0.541	0.542	0.556	0.564	0.046	0.046	0.046	0.125	0.560	0.564	0.566	0.547	0.554	0.554	0.556	0.566	0.045	0.045	0.048	0.133	0.590	0.574	0.581	0.555	0.564	0.565	0.578	0.584	0.045	0.045	0.045	0.049	0.046	0.046	0.044	0.049	0.048	0.048	0.047	0.048	0.045	0.045
41:00:46	21.6	0.044	0.044	0.048	0.046	0.046	0.046	0.044	0.045	0.046	0.046	0.047	0.045	0.045	0.743	0.606	0.067	0.584	0.563	0.563	0.560	0.559	0.561	0.047	0.290	0.044	0.102	0.578	0.160	0.579	0.550	0.552	0.557	0.564	0.575	0.047	0.046	0.044	0.090	0.574	0.054	0.598	0.569	0.556	0.559	0.570	0.573	0.046	0.046	0.045	0.161	0.591	0.566	0.590	0.566	0.558	0.559	0.572	0.581	0.045	0.045	0.046	0.130	0.574	0.581	0.582	0.565	0.569	0.570	0.573	0.583	0.045	0.045	0.048	0.137	0.606	0.590	0.597	0.572	0.580	0.581	0.594	0.600	0.045	0.045	0.045	0.049	0.045	0.045	0.044	0.049	0.047	0.048	0.047	0.047	0.045	0.044
42:00:47	21.5	0.044	0.044	0.047	0.046	0.046	0.047	0.044	0.045	0.045	0.046	0.047	0.044	0.045	0.761	0.620	0.066	0.598	0.578	0.579	0.575	0.575	0.575	0.047	0.313	0.044	0.105	0.594	0.164	0.591	0.566	0.566	0.573	0.579	0.591	0.047	0.046	0.044	0.090	0.588	0.054	0.612	0.583	0.572	0.573	0.584	0.589	0.046	0.046	0.045	0.168	0.606	0.582	0.605	0.581	0.572	0.575	0.587	0.596	0.045	0.045	0.046	0.134	0.590	0.596	0.597	0.580	0.585	0.586	0.588	0.598	0.045	0.045	0.048	0.141	0.622	0.605	0.612	0.587	0.594	0.595	0.609	0.615	0.045	0.045	0.045	0.049	0.046	0.045	0.044	0.049	0.047	0.047	0.048	0.047	0.045	0.044
43:00:49	21.6	0.044	0.044	0.047	0.046	0.046	0.047	0.044	0.045	0.046	0.046	0.047	0.045	0.046	0.779	0.636	0.066	0.612	0.593	0.594	0.589	0.589	0.591	0.047	0.336	0.044	0.107	0.609	0.170	0.606	0.581	0.582	0.588	0.594	0.606	0.047	0.046	0.044	0.091	0.605	0.054	0.626	0.596	0.586	0.588	0.599	0.604	0.047	0.046	0.045	0.174	0.622	0.597	0.620	0.596	0.588	0.590	0.602	0.611	0.045	0.046	0.046	0.139	0.606	0.611	0.611	0.596	0.599	0.600	0.603	0.613	0.046	0.045	0.048	0.145	0.637	0.619	0.627	0.602	0.610	0.611	0.624	0.629	0.045	0.045	0.045	0.049	0.046	0.045	0.044	0.049	0.047	0.048	0.048	0.048	0.045	0.045
44:00:50	21.7	0.044	0.044	0.048	0.046	0.046	0.046	0.044	0.045	0.046	0.046	0.047	0.045	0.045	0.796	0.650	0.066	0.625	0.607	0.609	0.603	0.604	0.605	0.047	0.359	0.044	0.110	0.623	0.174	0.619	0.594	0.597	0.603	0.608	0.621	0.047	0.046	0.044	0.092	0.620	0.054	0.639	0.611	0.600	0.602	0.613	0.618	0.046	0.046	0.045	0.179	0.638	0.611	0.634	0.611	0.603	0.604	0.615	0.625	0.046	0.046	0.046	0.143	0.620	0.624	0.624	0.611	0.613	0.613	0.616	0.627	0.046	0.045	0.048	0.148	0.651	0.634	0.642	0.615	0.623	0.623	0.637	0.643	0.046	0.045	0.045	0.049	0.046	0.045	0.044	0.049	0.048	0.048	0.047	0.048	0.045	0.045
45:00:51	21.9	0.044	0.044	0.048	0.046	0.046	0.047	0.044	0.045	0.046	0.046	0.047	0.045	0.045	0.812	0.663	0.066	0.638	0.622	0.624	0.617	0.618	0.619	0.047	0.385	0.044	0.113	0.636	0.179	0.631	0.607	0.610	0.616	0.622	0.635	0.047	0.046	0.044	0.092	0.633	0.054	0.652	0.624	0.615	0.615	0.627	0.631	0.047	0.046	0.045	0.184	0.652	0.624	0.648	0.624	0.616	0.618	0.629	0.639	0.045	0.045	0.046	0.147	0.634	0.637	0.638	0.625	0.628	0.627	0.628	0.641	0.045	0.045	0.048	0.151	0.666	0.646	0.655	0.629	0.636	0.637	0.651	0.656	0.045	0.045	0.045	0.049	0.046	0.045	0.044	0.049	0.047	0.047	0.047	0.048	0.045	0.045
46:00:53	22.1	0.044	0.044	0.047	0.046	0.046	0.046	0.044	0.045	0.045	0.045	0.046	0.044	0.045	0.829	0.678	0.066	0.650	0.634	0.637	0.630	0.631	0.632	0.047	0.410	0.044	0.115	0.651	0.184	0.644	0.619	0.624	0.628	0.634	0.649	0.047	0.046	0.044	0.093	0.648	0.053	0.665	0.638	0.627	0.628	0.640	0.645	0.046	0.046	0.045	0.189	0.667	0.639	0.663	0.638	0.629	0.631	0.642	0.652	0.045	0.045	0.045	0.150	0.649	0.650	0.649	0.638	0.640	0.641	0.643	0.655	0.045	0.045	0.048	0.155	0.682	0.660	0.669	0.643	0.649	0.651	0.665	0.669	0.045	0.045	0.045	0.049	0.045	0.045	0.044	0.049	0.047	0.048	0.047	0.047	0.045	0.045
47:00:54	22.2	0.044	0.044	0.048	0.046	0.046	0.046	0.044	0.045	0.046	0.045	0.047	0.045	0.045	0.845	0.692	0.067	0.664	0.647	0.651	0.642	0.645	0.644	0.047	0.435	0.044	0.118	0.665	0.190	0.656	0.633	0.638	0.641	0.648	0.662	0.047	0.046	0.044	0.095	0.662	0.053	0.677	0.652	0.641	0.641	0.653	0.658	0.046	0.046	0.044	0.194	0.681	0.651	0.676	0.652	0.644	0.644	0.656	0.665	0.045	0.045	0.046	0.153	0.662	0.663	0.662	0.653	0.655	0.655	0.656	0.668	0.045	0.045	0.048	0.158	0.696	0.672	0.683	0.657	0.662	0.665	0.678	0.683	0.045	0.045	0.045	0.049	0.045	0.045	0.044	0.049	0.047	0.047	0.047	0.047	0.045	0.044
48:00:54	22.4	0.044	0.044	0.047	0.046	0.046	0.047	0.044	0.045	0.045	0.046	0.047	0.045	0.045	0.861	0.705	0.067	0.676	0.659	0.665	0.655	0.657	0.657	0.047	0.459	0.044	0.121	0.679	0.196	0.669	0.645	0.651	0.654	0.660	0.675	0.047	0.046	0.044	0.097	0.675	0.054	0.689	0.665	0.654	0.654	0.665	0.671	0.047	0.046	0.045	0.198	0.695	0.664	0.689	0.666	0.656	0.657	0.668	0.678	0.046	0.046	0.046	0.158	0.676	0.676	0.674	0.666	0.668	0.668	0.668	0.681	0.046	0.045	0.048	0.161	0.710	0.685	0.695	0.671	0.675	0.677	0.690	0.696	0.045	0.045	0.045	0.049	0.046	0.045	0.045	0.049	0.048	0.048	0.047	0.048	0.045	0.045
49:00:53	22.4	0.044	0.044	0.047	0.046	0.046	0.047	0.044	0.045	0.045	0.046	0.047	0.044	0.045	0.876	0.717	0.067	0.687	0.672	0.678	0.667	0.670	0.669	0.047	0.483	0.044	0.124	0.692	0.203	0.680	0.656	0.665	0.666	0.672	0.688	0.046	0.046	0.044	0.099	0.689	0.053	0.700	0.677	0.667	0.665	0.678	0.684	0.046	0.046	0.045	0.203	0.709	0.676	0.701	0.679	0.669	0.669	0.680	0.691	0.045	0.045	0.045	0.161	0.690	0.688	0.686	0.679	0.680	0.680	0.681	0.694	0.045	0.045	0.048	0.165	0.722	0.697	0.707	0.683	0.687	0.689	0.702	0.707	0.045	0.045	0.045	0.049	0.046	0.045	0.044	0.049	0.047	0.047	0.047	0.047	0.045	0.045
50:00:54	22.5	0.044	0.044	0.048	0.046	0.046	0.047	0.044	0.045	0.046	0.046	0.047	0.045	0.045	0.892	0.730	0.067	0.698	0.684	0.690	0.678	0.682	0.682	0.047	0.508	0.044	0.128	0.705	0.210	0.692	0.671	0.677	0.679	0.685	0.700	0.047	0.046	0.044	0.101	0.703	0.054	0.711	0.690	0.680	0.678	0.690	0.696	0.046	0.046	0.045	0.208	0.723	0.689	0.714	0.692	0.682	0.682	0.692	0.704	0.045	0.046	0.046	0.164	0.703	0.700	0.697	0.693	0.693	0.693	0.694	0.706	0.045	0.045	0.048	0.169	0.737	0.709	0.720	0.696	0.700	0.702	0.715	0.719	0.045	0.045	0.045	0.049	0.046	0.045	0.045	0.049	0.048	0.048	0.048	0.048	0.045	0.045
51:00:56	22.4	0.044	0.044	0.047	0.046	0.046	0.047	0.044	0.045	0.046	0.046	0.047	0.045	0.045	0.906	0.742	0.067	0.710	0.695	0.703	0.691	0.693	0.694	0.047	0.533	0.044	0.131	0.718	0.216	0.704	0.682	0.690	0.691	0.696	0.713	0.047	0.046	0.044	0.102	0.715	0.054	0.722	0.702	0.692	0.689	0.702	0.707	0.047	0.046	0.045	0.212	0.736	0.700	0.726	0.704	0.694	0.693	0.704	0.716	0.045	0.045	0.046	0.166	0.715	0.711	0.709	0.705	0.705	0.705	0.705	0.718	0.045	0.045	0.048	0.172	0.748	0.721	0.732	0.709	0.712	0.713	0.727	0.730	0.045	0.045	0.045	0.049	0.046	0.045	0.044	0.049	0.047	0.047	0.047	0.047	0.045	0.045
52:00:57	22.4	0.044	0.044	0.047	0.046	0.046	0.047	0.044	0.045	0.046	0.046	0.047	0.045	0.045	0.919	0.754	0.067	0.720	0.706	0.715	0.701	0.704	0.704	0.047	0.557	0.044	0.135	0.729	0.222	0.714	0.693	0.701	0.703	0.707	0.725	0.047	0.046	0.044	0.103	0.726	0.054	0.732	0.713	0.703	0.700	0.713	0.718	0.046	0.046	0.045	0.217	0.747	0.711	0.736	0.715	0.705	0.703	0.714	0.726	0.045	0.046	0.046	0.170	0.726	0.722	0.719	0.716	0.715	0.716	0.716	0.729	0.045	0.045	0.048	0.175	0.759	0.731	0.742	0.720	0.722	0.724	0.737	0.741	0.045	0.045	0.045	0.049	0.046	0.045	0.044	0.049	0.047	0.047	0.047	0.047	0.045	0.045
53:00:59	22.3	0.044	0.044	0.048	0.046	0.046	0.047	0.044	0.045	0.046	0.046	0.047	0.045	0.045	0.932	0.765	0.068	0.731	0.718	0.725	0.711	0.714	0.715	0.048	0.579	0.044	0.138	0.739	0.229	0.725	0.703	0.712	0.712	0.718	0.735	0.047	0.046	0.044	0.106	0.737	0.054	0.742	0.723	0.714	0.711	0.724	0.729	0.046	0.046	0.045	0.222	0.758	0.721	0.746	0.727	0.716	0.714	0.725	0.736	0.046	0.045	0.046	0.174	0.736	0.732	0.729	0.726	0.726	0.726	0.726	0.739	0.045	0.045	0.048	0.180	0.768	0.743	0.752	0.730	0.733	0.734	0.747	0.751	0.045	0.045	0.045	0.049	0.046	0.045	0.044	0.049	0.047	0.048	0.048	0.047	0.045	0.045
54:00:59	22.2	0.044	0.044	0.048	0.046	0.046	0.046	0.044	0.045	0.046	0.046	0.047	0.045	0.045	0.945	0.777	0.068	0.741	0.727	0.736	0.720	0.725	0.725	0.047	0.602	0.044	0.141	0.752	0.236	0.735	0.715	0.723	0.723	0.728	0.746	0.047	0.046	0.044	0.108	0.749	0.054	0.751	0.735	0.725	0.721	0.734	0.740	0.047	0.046	0.045	0.227	0.770	0.731	0.756	0.738	0.727	0.723	0.735	0.747	0.046	0.046	0.046	0.178	0.748	0.742	0.739	0.737	0.737	0.737	0.736	0.750	0.045	0.045	0.048	0.183	0.780	0.752	0.762	0.741	0.743	0.744	0.756	0.760	0.045	0.045	0.045	0.049	0.046	0.045	0.044	0.049	0.047	0.047	0.048	0.048	0.045	0.045
55:01:00	22.1	0.044	0.044	0.048	0.046	0.046	0.046	0.044	0.045	0.046	0.046	0.047	0.045	0.046	0.957	0.787	0.068	0.750	0.737	0.746	0.729	0.734	0.735	0.047	0.624	0.044	0.145	0.761	0.245	0.744	0.724	0.734	0.732	0.738	0.756	0.047	0.046	0.044	0.110	0.759	0.054	0.761	0.745	0.735	0.731	0.743	0.749	0.046	0.046	0.045	0.232	0.781	0.741	0.765	0.748	0.737	0.733	0.744	0.756	0.045	0.046	0.046	0.184	0.758	0.752	0.747	0.747	0.747	0.747	0.746	0.759	0.045	0.045	0.048	0.186	0.791	0.761	0.771	0.750	0.752	0.753	0.765	0.770	0.045	0.045	0.045	0.049	0.046	0.045	0.044	0.049	0.047	0.047	0.048	0.047	0.045	0.045
56:01:01	21.9	0.044	0.044	0.048	0.047	0.046	0.047	0.044	0.045	0.046	0.046	0.047	0.045	0.046	0.969	0.797	0.069	0.759	0.746	0.756	0.739	0.744	0.744	0.047	0.648	0.044	0.147	0.770	0.257	0.754	0.734	0.745	0.742	0.748	0.766	0.047	0.046	0.044	0.112	0.769	0.055	0.769	0.754	0.744	0.740	0.752	0.759	0.047	0.046	0.045	0.238	0.790	0.749	0.775	0.757	0.746	0.742	0.753	0.765	0.045	0.046	0.046	0.189	0.768	0.760	0.757	0.757	0.756	0.756	0.755	0.769	0.046	0.045	0.048	0.192	0.800	0.771	0.779	0.761	0.761	0.762	0.774	0.779	0.046	0.045	0.045	0.049	0.046	0.045	0.045	0.049	0.048	0.048	0.048	0.048	0.045	0.045
57:01:02	21.8	0.044	0.044	0.047	0.046	0.046	0.047	0.044	0.045	0.046	0.046	0.047	0.045	0.045	0.979	0.806	0.070	0.767	0.754	0.765	0.747	0.751	0.753	0.047	0.668	0.044	0.149	0.779	0.267	0.763	0.743	0.753	0.750	0.755	0.774	0.046	0.046	0.044	0.113	0.777	0.054	0.777	0.763	0.754	0.749	0.761	0.767	0.046	0.046	0.045	0.245	0.799	0.758	0.782	0.766	0.755	0.751	0.762	0.773	0.045	0.045	0.045	0.196	0.776	0.769	0.765	0.765	0.765	0.765	0.764	0.777	0.045	0.045	0.048	0.195	0.809	0.779	0.788	0.769	0.770	0.771	0.783	0.786	0.045	0.044	0.045	0.049	0.046	0.045	0.044	0.049	0.047	0.047	0.047	0.048	0.045	0.045
58:01:02	21.6	0.044	0.044	0.048	0.046	0.046	0.047	0.044	0.045	0.046	0.046	0.047	0.045	0.045	0.990	0.815	0.071	0.775	0.763	0.773	0.755	0.760	0.762	0.048	0.687	0.044	0.153	0.789	0.280	0.772	0.751	0.762	0.759	0.763	0.782	0.047	0.047	0.044	0.116	0.786	0.055	0.785	0.771	0.762	0.757	0.768	0.775	0.047	0.046	0.045	0.252	0.809	0.767	0.791	0.775	0.763	0.759	0.769	0.782	0.045	0.046	0.046	0.202	0.785	0.777	0.772	0.772	0.773	0.773	0.772	0.786	0.046	0.045	0.048	0.201	0.817	0.788	0.795	0.778	0.776	0.780	0.790	0.794	0.046	0.045	0.045	0.049	0.046	0.045	0.044	0.049	0.048	0.048	0.048	0.048	0.045	0.045
59:01:03	21.5	0.044	0.044	0.048	0.046	0.046	0.047	0.044	0.045	0.046	0.046	0.047	0.045	0.046	1.000	0.822	0.072	0.783	0.770	0.782	0.762	0.768	0.770	0.048	0.707	0.044	0.155	0.797	0.292	0.781	0.760	0.771	0.766	0.772	0.790	0.047	0.046	0.044	0.119	0.795	0.055	0.792	0.779	0.770	0.765	0.776	0.783	0.047	0.046	0.045	0.260	0.818	0.774	0.798	0.783	0.770	0.766	0.777	0.790	0.046	0.046	0.046	0.209	0.794	0.784	0.780	0.781	0.781	0.781	0.779	0.794	0.046	0.045	0.048	0.205	0.825	0.796	0.803	0.786	0.784	0.787	0.798	0.801	0.046	0.045	0.045	0.049	0.046	0.045	0.045	0.049	0.048	0.048	0.048	0.048	0.045	0.045
60:01:04	21.4	0.044	0.044	0.047	0.046	0.045	0.047	0.044	0.045	0.045	0.046	0.047	0.044	0.045	1.011	0.831	0.072	0.789	0.778	0.789	0.769	0.774	0.776	0.047	0.726	0.044	0.157	0.806	0.304	0.789	0.767	0.779	0.774	0.779	0.797	0.047	0.046	0.044	0.121	0.803	0.055	0.799	0.786	0.777	0.773	0.784	0.790	0.046	0.046	0.045	0.267	0.826	0.782	0.805	0.791	0.778	0.773	0.783	0.796	0.045	0.045	0.045	0.216	0.801	0.792	0.787	0.788	0.788	0.788	0.787	0.801	0.045	0.045	0.048	0.211	0.834	0.803	0.810	0.794	0.791	0.794	0.805	0.808	0.045	0.045	0.045	0.049	0.046	0.045	0.044	0.049	0.047	0.047	0.047	0.047	0.045	0.045
61:01:06	21.3	0.044	0.044	0.047	0.046	0.046	0.046	0.044	0.045	0.046	0.046	0.047	0.045	0.045	1.020	0.839	0.073	0.798	0.785	0.796	0.775	0.782	0.785	0.047	0.742	0.044	0.161	0.813	0.319	0.796	0.774	0.787	0.781	0.786	0.804	0.047	0.046	0.044	0.123	0.811	0.056	0.805	0.793	0.785	0.779	0.790	0.797	0.046	0.047	0.045	0.274	0.833	0.788	0.811	0.798	0.785	0.780	0.790	0.803	0.046	0.045	0.045	0.223	0.809	0.799	0.795	0.795	0.795	0.796	0.794	0.808	0.045	0.045	0.048	0.218	0.841	0.810	0.817	0.800	0.798	0.800	0.811	0.814	0.045	0.045	0.045	0.049	0.046	0.045	0.044	0.049	0.047	0.048	0.047	0.047	0.045	0.045
62:01:07	21.1	0.044	0.044	0.047	0.046	0.045	0.046	0.044	0.045	0.046	0.046	0.047	0.045	0.045	1.030	0.847	0.075	0.805	0.791	0.802	0.782	0.789	0.791	0.047	0.757	0.044	0.166	0.821	0.335	0.803	0.781	0.794	0.788	0.794	0.811	0.047	0.046	0.044	0.126	0.818	0.057	0.813	0.800	0.792	0.786	0.797	0.804	0.047	0.048	0.045	0.282	0.842	0.795	0.818	0.804	0.792	0.786	0.796	0.811	0.045	0.046	0.046	0.230	0.816	0.806	0.801	0.802	0.802	0.802	0.801	0.814	0.046	0.045	0.048	0.225	0.847	0.817	0.823	0.807	0.805	0.807	0.818	0.820	0.045	0.045	0.045	0.049	0.046	0.045	0.044	0.049	0.047	0.048	0.047	0.047	0.045	0.045
63:01:07	21.1	0.044	0.044	0.047	0.046	0.046	0.046	0.044	0.045	0.046	0.046	0.046	0.045	0.045	1.039	0.857	0.075	0.810	0.797	0.809	0.788	0.795	0.797	0.048	0.772	0.045	0.169	0.829	0.350	0.811	0.788	0.801	0.794	0.800	0.818	0.047	0.046	0.044	0.129	0.826	0.057	0.818	0.807	0.798	0.792	0.804	0.810	0.047	0.048	0.045	0.290	0.849	0.799	0.825	0.812	0.799	0.792	0.803	0.816	0.045	0.045	0.046	0.240	0.823	0.813	0.807	0.808	0.810	0.810	0.807	0.820	0.046	0.045	0.048	0.231	0.855	0.823	0.829	0.814	0.811	0.814	0.824	0.826	0.045	0.045	0.045	0.049	0.046	0.045	0.045	0.049	0.047	0.047	0.047	0.048	0.045	0.044
64:01:09	21.0	0.044	0.044	0.048	0.046	0.046	0.047	0.044	0.045	0.046	0.046	0.047	0.045	0.046	1.048	0.867	0.077	0.816	0.803	0.814	0.794	0.800	0.803	0.047	0.787	0.044	0.173	0.836	0.365	0.818	0.795	0.807	0.801	0.807	0.824	0.047	0.046	0.044	0.132	0.833	0.058	0.823	0.814	0.804	0.798	0.809	0.816	0.046	0.047	0.045	0.299	0.856	0.807	0.831	0.818	0.805	0.798	0.809	0.822	0.046	0.046	0.046	0.248	0.831	0.819	0.813	0.814	0.815	0.815	0.813	0.826	0.046	0.045	0.048	0.238	0.861	0.829	0.835	0.821	0.818	0.820	0.830	0.832	0.045	0.045	0.045	0.049	0.046	0.045	0.045	0.049	0.048	0.048	0.048	0.048	0.045	0.045
65:01:11	20.9	0.044	0.044	0.048	0.046	0.046	0.047	0.044	0.045	0.045	0.046	0.047	0.045	0.045	1.055	0.874	0.080	0.821	0.808	0.820	0.800	0.806	0.809	0.047	0.800	0.044	0.177	0.844	0.383	0.824	0.800	0.813	0.807	0.812	0.829	0.047	0.046	0.044	0.136	0.838	0.059	0.828	0.819	0.810	0.804	0.815	0.821	0.047	0.048	0.045	0.311	0.863	0.812	0.837	0.824	0.811	0.803	0.814	0.828	0.046	0.046	0.046	0.256	0.838	0.825	0.817	0.819	0.821	0.821	0.819	0.832	0.045	0.045	0.048	0.246	0.868	0.836	0.840	0.826	0.824	0.825	0.835	0.837	0.045	0.045	0.045	0.049	0.046	0.045	0.044	0.049	0.047	0.048	0.047	0.047	0.045	0.045
66:01:13	20.9	0.044	0.044	0.047	0.046	0.046	0.047	0.044	0.045	0.046	0.046	0.047	0.045	0.045	1.060	0.882	0.083	0.825	0.814	0.827	0.804	0.812	0.814	0.047	0.814	0.044	0.181	0.850	0.398	0.830	0.806	0.819	0.813	0.818	0.835	0.047	0.046	0.044	0.140	0.846	0.059	0.833	0.825	0.816	0.809	0.820	0.826	0.047	0.049	0.045	0.320	0.872	0.817	0.843	0.830	0.816	0.808	0.819	0.832	0.045	0.045	0.046	0.264	0.844	0.830	0.822	0.825	0.826	0.826	0.824	0.837	0.045	0.045	0.048	0.254	0.875	0.840	0.845	0.832	0.829	0.829	0.840	0.842	0.045	0.045	0.045	0.049	0.046	0.045	0.044	0.049	0.048	0.047	0.047	0.047	0.045	0.045
67:01:11	21.0	0.044	0.044	0.047	0.046	0.046	0.047	0.044	0.045	0.046	0.046	0.047	0.045	0.045	1.065	0.892	0.085	0.830	0.818	0.830	0.809	0.817	0.820	0.047	0.826	0.044	0.186	0.858	0.411	0.835	0.811	0.823	0.818	0.823	0.839	0.047	0.046	0.044	0.144	0.852	0.058	0.837	0.829	0.822	0.815	0.825	0.831	0.047	0.046	0.045	0.333	0.879	0.822	0.847	0.834	0.821	0.813	0.823	0.836	0.045	0.045	0.046	0.273	0.850	0.834	0.827	0.830	0.830	0.831	0.828	0.842	0.045	0.045	0.048	0.262	0.880	0.846	0.850	0.838	0.834	0.835	0.844	0.847	0.045	0.045	0.045	0.049	0.046	0.045	0.044	0.049	0.047	0.048	0.047	0.047	0.045	0.045
68:01:13	21.1	0.044	0.044	0.047	0.047	0.046	0.047	0.044	0.045	0.046	0.046	0.047	0.045	0.045	1.071	0.900	0.088	0.834	0.823	0.835	0.814	0.822	0.823	0.047	0.839	0.044	0.191	0.865	0.426	0.841	0.816	0.829	0.822	0.828	0.844	0.047	0.046	0.044	0.149	0.858	0.058	0.842	0.835	0.827	0.819	0.830	0.836	0.047	0.049	0.045	0.345	0.885	0.827	0.852	0.840	0.826	0.818	0.828	0.841	0.045	0.045	0.045	0.282	0.857	0.839	0.831	0.835	0.835	0.836	0.833	0.847	0.046	0.045	0.048	0.270	0.887	0.850	0.855	0.842	0.839	0.840	0.850	0.852	0.045	0.045	0.045	0.049	0.046	0.045	0.044	0.049	0.047	0.048	0.047	0.048	0.045	0.045
69:01:13	21.3	0.044	0.044	0.047	0.046	0.046	0.047	0.044	0.045	0.045	0.046	0.047	0.044	0.046	1.065	0.907	0.090	0.838	0.827	0.840	0.818	0.826	0.828	0.047	0.852	0.044	0.199	0.872	0.440	0.846	0.821	0.834	0.826	0.833	0.848	0.047	0.046	0.044	0.154	0.865	0.059	0.846	0.840	0.832	0.824	0.835	0.840	0.047	0.056	0.045	0.359	0.893	0.831	0.858	0.845	0.831	0.823	0.833	0.846	0.045	0.046	0.046	0.290	0.863	0.845	0.835	0.840	0.840	0.841	0.838	0.852	0.045	0.045	0.048	0.278	0.894	0.854	0.860	0.847	0.843	0.844	0.854	0.856	0.045	0.045	0.045	0.050	0.046	0.045	0.045	0.049	0.048	0.048	0.047	0.048	0.045	0.045
70:01:20	21.6	0.044	0.044	0.047	0.046	0.046	0.047	0.044	0.045	0.046	0.046	0.047	0.044	0.046	1.044	0.921	0.093	0.841	0.830	0.847	0.822	0.830	0.833	0.047	0.866	0.044	0.203	0.884	0.453	0.851	0.826	0.839	0.832	0.837	0.853	0.047	0.046	0.044	0.162	0.874	0.059	0.849	0.845	0.838	0.829	0.839	0.846	0.047	0.056	0.045	0.370	0.903	0.838	0.864	0.850	0.835	0.827	0.836	0.850	0.046	0.046	0.046	0.300	0.871	0.850	0.839	0.846	0.845	0.846	0.842	0.857	0.046	0.045	0.048	0.286	0.903	0.858	0.867	0.854	0.848	0.848	0.859	0.860	0.045	0.045	0.045	0.049	0.046	0.045	0.045	0.049	0.048	0.048	0.047	0.048	0.045	0.045
71:01:27	21.9	0.044	0.044	0.048	0.046	0.046	0.047	0.044	0.045	0.046	0.046	0.046	0.045	0.045	1.036	0.928	0.097	0.845	0.833	0.850	0.825	0.833	0.837	0.047	0.879	0.044	0.209	0.892	0.468	0.856	0.830	0.843	0.836	0.841	0.857	0.047	0.046	0.044	0.170	0.880	0.060	0.853	0.851	0.842	0.832	0.844	0.849	0.047	0.058	0.045	0.385	0.911	0.841	0.870	0.854	0.839	0.830	0.840	0.854	0.045	0.045	0.046	0.309	0.877	0.854	0.843	0.849	0.849	0.850	0.846	0.861	0.045	0.045	0.048	0.292	0.912	0.863	0.871	0.859	0.853	0.853	0.863	0.864	0.045	0.045	0.045	0.049	0.046	0.045	0.044	0.049	0.047	0.048	0.047	0.048	0.045	0.045
72:01:16	22.1	0.044	0.044	0.047	0.046	0.046	0.047	0.044	0.045	0.046	0.046	0.046	0.044	0.045	1.039	0.938	0.101	0.849	0.838	0.855	0.830	0.837	0.840	0.047	0.892	0.044	0.216	0.899	0.480	0.861	0.835	0.847	0.841	0.845	0.861	0.047	0.046	0.044	0.174	0.889	0.063	0.857	0.855	0.847	0.837	0.848	0.853	0.047	0.060	0.045	0.399	0.919	0.845	0.875	0.858	0.844	0.834	0.844	0.858	0.046	0.045	0.045	0.318	0.883	0.858	0.847	0.854	0.854	0.854	0.850	0.865	0.046	0.045	0.048	0.300	0.918	0.866	0.876	0.863	0.857	0.857	0.868	0.869	0.045	0.045	0.045	0.049	0.046	0.045	0.044	0.049	0.047	0.047	0.047	0.048	0.045	0.044

