Time	T° 600	A1	A2	A3	A4	A5	A6	A7	A8	A9	A10	A11	A12	B1	B2	B3	B4	B5	B6	B7	B8	B9	B10	B11	B12	C1	C2	C3	C4	C5	C6	C7	C8	C9	C10	C11	C12	D1	D2	D3	D4	D5	D6	D7	D8	D9	D10	D11	D12	E1	E2	E3	E4	E5	E6	E7	E8	E9	E10	E11	E12	F1	F2	F3	F4	F5	F6	F7	F8	F9	F10	F11	F12	G1	G2	G3	G4	G5	G6	G7	G8	G9	G10	G11	G12	H1	H2	H3	H4	H5	H6	H7	H8	H9	H10	H11	H12
0:00:06	18.8	0.091	0.092	0.096	0.093	0.094	0.093	0.092	0.091	0.092	0.092	0.093	0.094	0.091	0.096	0.095	0.099	0.096	0.097	0.095	0.097	0.096	0.098	0.098	0.094	0.091	0.097	0.099	0.100	0.099	0.097	0.096	0.096	0.099	0.099	0.099	0.094	0.092	0.098	0.097	0.098	0.095	0.097	0.095	0.097	0.098	0.098	0.099	0.094	0.094	0.100	0.101	0.096	0.097	0.096	0.096	0.094	0.097	0.097	0.097	0.092	0.094	0.102	0.099	0.096	0.098	0.101	0.099	0.096	0.097	0.097	0.097	0.092	0.093	0.101	0.101	0.099	0.098	0.100	0.099	0.099	0.100	0.098	0.097	0.092	0.094	0.094	0.094	0.093	0.093	0.093	0.093	0.094	0.093	0.095	0.094	0.092
1:00:05	19.2	0.092	0.092	0.097	0.093	0.094	0.094	0.092	0.092	0.092	0.092	0.094	0.095	0.091	0.098	0.096	0.101	0.098	0.098	0.097	0.100	0.098	0.099	0.099	0.095	0.092	0.099	0.102	0.101	0.100	0.098	0.097	0.098	0.100	0.100	0.100	0.095	0.093	0.099	0.100	0.101	0.096	0.098	0.097	0.098	0.099	0.099	0.099	0.094	0.094	0.102	0.102	0.097	0.097	0.097	0.097	0.096	0.097	0.097	0.098	0.092	0.095	0.104	0.101	0.099	0.098	0.100	0.100	0.098	0.097	0.098	0.097	0.092	0.097	0.103	0.103	0.100	0.099	0.099	0.099	0.100	0.099	0.098	0.097	0.092	0.094	0.094	0.094	0.094	0.093	0.093	0.093	0.094	0.094	0.095	0.094	0.093
2:00:06	19.3	0.092	0.093	0.097	0.094	0.094	0.094	0.093	0.092	0.092	0.093	0.094	0.094	0.091	0.100	0.097	0.101	0.098	0.099	0.099	0.100	0.099	0.100	0.101	0.095	0.092	0.100	0.104	0.102	0.101	0.099	0.099	0.099	0.101	0.101	0.101	0.095	0.093	0.100	0.102	0.102	0.097	0.099	0.098	0.100	0.100	0.100	0.100	0.094	0.094	0.102	0.103	0.098	0.098	0.098	0.098	0.097	0.098	0.098	0.099	0.092	0.095	0.105	0.103	0.100	0.099	0.101	0.101	0.099	0.098	0.098	0.098	0.092	0.094	0.104	0.104	0.101	0.100	0.100	0.100	0.101	0.100	0.099	0.098	0.092	0.094	0.094	0.094	0.093	0.094	0.093	0.093	0.094	0.094	0.095	0.094	0.093
3:00:06	19.3	0.092	0.093	0.097	0.094	0.095	0.094	0.093	0.092	0.092	0.093	0.094	0.095	0.092	0.102	0.097	0.103	0.100	0.100	0.100	0.102	0.100	0.102	0.103	0.095	0.092	0.100	0.107	0.102	0.102	0.101	0.100	0.101	0.102	0.103	0.103	0.095	0.093	0.101	0.103	0.104	0.099	0.100	0.099	0.102	0.102	0.102	0.102	0.094	0.094	0.104	0.104	0.099	0.099	0.099	0.100	0.099	0.100	0.100	0.101	0.093	0.095	0.107	0.105	0.101	0.101	0.103	0.102	0.100	0.100	0.100	0.100	0.092	0.094	0.106	0.106	0.102	0.101	0.101	0.102	0.103	0.102	0.101	0.099	0.092	0.095	0.094	0.094	0.093	0.094	0.093	0.094	0.094	0.094	0.095	0.094	0.093
4:00:08	19.3	0.092	0.093	0.096	0.094	0.094	0.094	0.092	0.092	0.092	0.092	0.094	0.094	0.091	0.104	0.097	0.102	0.102	0.103	0.103	0.104	0.103	0.104	0.106	0.094	0.092	0.101	0.109	0.102	0.104	0.103	0.103	0.104	0.105	0.106	0.106	0.094	0.093	0.101	0.102	0.103	0.102	0.103	0.102	0.103	0.105	0.105	0.106	0.094	0.094	0.104	0.104	0.102	0.101	0.101	0.102	0.101	0.102	0.102	0.103	0.092	0.095	0.105	0.103	0.104	0.103	0.105	0.105	0.103	0.102	0.102	0.102	0.092	0.094	0.105	0.104	0.104	0.103	0.103	0.104	0.106	0.104	0.103	0.101	0.092	0.094	0.094	0.094	0.093	0.093	0.093	0.093	0.094	0.094	0.095	0.094	0.092
5:00:09	19.3	0.092	0.093	0.097	0.094	0.094	0.094	0.093	0.092	0.092	0.093	0.094	0.095	0.092	0.109	0.098	0.103	0.107	0.108	0.108	0.110	0.108	0.110	0.112	0.095	0.092	0.101	0.113	0.102	0.109	0.108	0.109	0.109	0.110	0.112	0.112	0.095	0.093	0.101	0.102	0.102	0.106	0.108	0.107	0.108	0.110	0.110	0.111	0.094	0.094	0.103	0.104	0.106	0.105	0.105	0.107	0.106	0.107	0.107	0.109	0.093	0.095	0.105	0.103	0.109	0.109	0.111	0.109	0.109	0.107	0.107	0.108	0.092	0.095	0.105	0.105	0.109	0.108	0.107	0.109	0.111	0.109	0.108	0.106	0.092	0.095	0.094	0.094	0.093	0.094	0.093	0.094	0.094	0.094	0.095	0.094	0.093
6:00:09	19.2	0.092	0.093	0.096	0.094	0.095	0.094	0.093	0.092	0.092	0.093	0.094	0.095	0.092	0.116	0.098	0.103	0.115	0.116	0.117	0.118	0.117	0.120	0.123	0.095	0.092	0.101	0.122	0.102	0.116	0.116	0.117	0.117	0.118	0.123	0.124	0.095	0.093	0.101	0.102	0.103	0.115	0.116	0.115	0.116	0.119	0.120	0.122	0.094	0.094	0.104	0.104	0.112	0.112	0.113	0.115	0.114	0.115	0.116	0.118	0.093	0.095	0.105	0.103	0.118	0.118	0.120	0.117	0.119	0.115	0.115	0.116	0.092	0.095	0.104	0.105	0.116	0.116	0.115	0.116	0.120	0.116	0.116	0.115	0.092	0.095	0.094	0.094	0.094	0.094	0.093	0.094	0.094	0.094	0.095	0.094	0.092
7:00:11	19.2	0.092	0.093	0.098	0.094	0.095	0.095	0.093	0.093	0.093	0.093	0.094	0.095	0.092	0.131	0.098	0.105	0.129	0.131	0.133	0.134	0.134	0.137	0.141	0.095	0.092	0.102	0.136	0.102	0.132	0.130	0.133	0.133	0.133	0.143	0.146	0.095	0.093	0.101	0.102	0.104	0.129	0.131	0.129	0.130	0.136	0.138	0.142	0.094	0.094	0.104	0.104	0.125	0.125	0.127	0.130	0.129	0.129	0.133	0.137	0.093	0.096	0.107	0.103	0.136	0.135	0.139	0.132	0.138	0.131	0.130	0.133	0.092	0.096	0.105	0.105	0.129	0.130	0.128	0.131	0.137	0.131	0.131	0.130	0.092	0.095	0.095	0.094	0.094	0.094	0.094	0.094	0.094	0.094	0.095	0.094	0.093
8:00:12	19.1	0.092	0.093	0.098	0.094	0.095	0.094	0.093	0.093	0.093	0.093	0.094	0.095	0.092	0.154	0.098	0.106	0.154	0.157	0.159	0.162	0.161	0.165	0.172	0.095	0.092	0.103	0.161	0.103	0.155	0.156	0.160	0.161	0.160	0.175	0.183	0.095	0.093	0.101	0.105	0.105	0.152	0.156	0.156	0.156	0.162	0.168	0.176	0.095	0.094	0.103	0.105	0.147	0.150	0.151	0.155	0.155	0.154	0.163	0.167	0.093	0.096	0.109	0.106	0.166	0.164	0.172	0.157	0.170	0.160	0.158	0.162	0.092	0.097	0.106	0.105	0.152	0.154	0.150	0.158	0.165	0.155	0.157	0.158	0.093	0.095	0.094	0.094	0.094	0.094	0.094	0.094	0.094	0.094	0.095	0.095	0.093
9:00:13	19.1	0.092	0.093	0.097	0.094	0.095	0.094	0.093	0.092	0.093	0.093	0.094	0.095	0.092	0.190	0.098	0.107	0.192	0.195	0.200	0.202	0.204	0.209	0.220	0.095	0.092	0.104	0.195	0.102	0.190	0.197	0.202	0.200	0.200	0.228	0.233	0.095	0.093	0.102	0.107	0.107	0.193	0.195	0.195	0.195	0.206	0.211	0.226	0.094	0.094	0.103	0.104	0.183	0.190	0.188	0.193	0.195	0.198	0.209	0.214	0.093	0.096	0.109	0.107	0.216	0.216	0.220	0.192	0.226	0.204	0.199	0.201	0.092	0.097	0.106	0.105	0.190	0.192	0.185	0.199	0.208	0.191	0.194	0.194	0.092	0.094	0.094	0.094	0.094	0.094	0.093	0.094	0.094	0.094	0.095	0.094	0.093
10:00:14	19.0	0.093	0.093	0.097	0.094	0.095	0.095	0.094	0.093	0.093	0.093	0.095	0.095	0.092	0.226	0.099	0.106	0.222	0.228	0.230	0.232	0.233	0.237	0.261	0.095	0.093	0.104	0.229	0.103	0.224	0.225	0.240	0.231	0.229	0.256	0.269	0.096	0.094	0.102	0.109	0.107	0.226	0.230	0.225	0.225	0.236	0.247	0.266	0.095	0.095	0.104	0.104	0.213	0.237	0.221	0.227	0.221	0.226	0.249	0.262	0.093	0.096	0.109	0.108	0.244	0.248	0.255	0.224	0.255	0.241	0.230	0.230	0.092	0.094	0.108	0.105	0.228	0.239	0.223	0.228	0.237	0.222	0.225	0.225	0.093	0.095	0.095	0.094	0.094	0.094	0.094	0.094	0.094	0.095	0.095	0.095	0.093
11:00:15	18.9	0.093	0.093	0.097	0.094	0.095	0.095	0.094	0.093	0.093	0.093	0.094	0.095	0.092	0.255	0.099	0.105	0.257	0.270	0.262	0.273	0.271	0.275	0.299	0.095	0.092	0.103	0.261	0.104	0.262	0.260	0.300	0.268	0.269	0.298	0.303	0.095	0.093	0.103	0.110	0.105	0.255	0.264	0.262	0.266	0.265	0.279	0.302	0.094	0.094	0.103	0.104	0.261	0.286	0.260	0.251	0.252	0.260	0.290	0.281	0.093	0.096	0.108	0.106	0.286	0.269	0.306	0.261	0.300	0.265	0.271	0.265	0.093	0.094	0.107	0.104	0.271	0.276	0.254	0.273	0.273	0.256	0.255	0.262	0.092	0.095	0.094	0.094	0.094	0.094	0.094	0.094	0.094	0.094	0.095	0.094	0.093
12:00:16	18.9	0.092	0.093	0.097	0.094	0.095	0.095	0.094	0.092	0.092	0.093	0.094	0.095	0.092	0.300	0.099	0.106	0.285	0.328	0.292	0.297	0.329	0.333	0.362	0.095	0.092	0.102	0.298	0.104	0.296	0.300	0.353	0.291	0.316	0.359	0.361	0.095	0.093	0.103	0.110	0.105	0.299	0.318	0.316	0.324	0.317	0.308	0.345	0.094	0.094	0.103	0.103	0.316	0.333	0.344	0.293	0.318	0.303	0.341	0.346	0.092	0.096	0.108	0.107	0.322	0.316	0.347	0.290	0.358	0.331	0.319	0.329	0.092	0.094	0.105	0.104	0.335	0.325	0.285	0.328	0.338	0.303	0.287	0.300	0.093	0.094	0.094	0.094	0.094	0.094	0.093	0.094	0.094	0.094	0.095	0.094	0.093
13:00:17	18.8	0.092	0.093	0.098	0.094	0.095	0.095	0.094	0.093	0.093	0.093	0.094	0.095	0.092	0.343	0.099	0.107	0.327	0.351	0.339	0.336	0.359	0.367	0.389	0.096	0.092	0.103	0.342	0.104	0.342	0.331	0.375	0.335	0.347	0.379	0.387	0.095	0.094	0.105	0.109	0.106	0.352	0.346	0.353	0.360	0.358	0.363	0.377	0.095	0.094	0.103	0.104	0.373	0.366	0.373	0.349	0.359	0.327	0.360	0.372	0.093	0.096	0.109	0.107	0.362	0.357	0.370	0.348	0.378	0.353	0.330	0.341	0.093	0.094	0.107	0.105	0.360	0.351	0.310	0.364	0.368	0.315	0.328	0.325	0.093	0.095	0.094	0.094	0.094	0.094	0.094	0.094	0.094	0.094	0.095	0.094	0.093
14:00:17	18.8	0.093	0.094	0.097	0.094	0.095	0.095	0.094	0.093	0.093	0.093	0.094	0.095	0.092	0.376	0.099	0.107	0.395	0.391	0.404	0.400	0.416	0.416	0.439	0.095	0.092	0.103	0.380	0.103	0.387	0.375	0.412	0.390	0.395	0.428	0.433	0.095	0.094	0.105	0.108	0.107	0.391	0.387	0.393	0.400	0.407	0.406	0.417	0.095	0.095	0.103	0.105	0.400	0.406	0.413	0.393	0.405	0.362	0.394	0.418	0.093	0.096	0.111	0.105	0.398	0.405	0.414	0.394	0.427	0.398	0.369	0.389	0.092	0.094	0.112	0.106	0.388	0.382	0.358	0.401	0.417	0.371	0.364	0.377	0.093	0.095	0.094	0.094	0.094	0.094	0.094	0.094	0.094	0.095	0.095	0.094	0.093
15:00:19	18.7	0.093	0.093	0.097	0.094	0.095	0.095	0.094	0.093	0.093	0.093	0.094	0.095	0.092	0.434	0.099	0.107	0.386	0.419	0.424	0.440	0.465	0.414	0.515	0.095	0.092	0.104	0.455	0.104	0.405	0.426	0.436	0.441	0.404	0.484	0.500	0.095	0.094	0.105	0.108	0.107	0.436	0.430	0.439	0.407	0.480	0.476	0.476	0.095	0.094	0.103	0.104	0.430	0.464	0.446	0.443	0.440	0.388	0.417	0.462	0.093	0.096	0.110	0.104	0.433	0.448	0.456	0.468	0.472	0.416	0.385	0.429	0.092	0.095	0.109	0.106	0.433	0.394	0.374	0.457	0.467	0.363	0.343	0.364	0.093	0.095	0.094	0.094	0.094	0.094	0.093	0.094	0.095	0.094	0.095	0.094	0.093
16:00:18	18.8	0.093	0.094	0.098	0.094	0.095	0.095	0.094	0.093	0.093	0.093	0.095	0.095	0.092	0.410	0.100	0.107	0.454	0.441	0.453	0.471	0.481	0.424	0.508	0.095	0.093	0.104	0.499	0.105	0.419	0.418	0.466	0.462	0.431	0.470	0.493	0.095	0.094	0.105	0.108	0.107	0.431	0.469	0.438	0.392	0.473	0.497	0.478	0.095	0.094	0.104	0.104	0.467	0.463	0.454	0.461	0.484	0.383	0.414	0.458	0.093	0.095	0.110	0.104	0.441	0.482	0.485	0.488	0.477	0.462	0.398	0.425	0.092	0.095	0.107	0.106	0.449	0.413	0.403	0.471	0.464	0.385	0.382	0.391	0.093	0.095	0.095	0.094	0.094	0.094	0.094	0.094	0.094	0.094	0.095	0.094	0.093
17:00:21	18.9	0.093	0.094	0.098	0.094	0.095	0.095	0.094	0.093	0.093	0.093	0.094	0.095	0.092	0.431	0.100	0.106	0.458	0.447	0.460	0.467	0.496	0.459	0.503	0.095	0.093	0.104	0.508	0.105	0.420	0.430	0.467	0.459	0.448	0.472	0.492	0.095	0.094	0.105	0.106	0.108	0.455	0.464	0.437	0.420	0.467	0.472	0.497	0.095	0.094	0.105	0.105	0.468	0.445	0.446	0.465	0.467	0.420	0.428	0.459	0.093	0.096	0.109	0.104	0.452	0.470	0.484	0.495	0.505	0.480	0.421	0.439	0.093	0.095	0.106	0.107	0.450	0.435	0.429	0.489	0.499	0.418	0.415	0.427	0.093	0.095	0.095	0.094	0.094	0.094	0.094	0.094	0.094	0.095	0.095	0.095	0.093
18:00:21	19.2	0.093	0.094	0.098	0.094	0.095	0.095	0.094	0.093	0.093	0.093	0.094	0.095	0.092	0.473	0.100	0.106	0.502	0.471	0.496	0.506	0.525	0.492	0.520	0.095	0.092	0.103	0.520	0.106	0.471	0.474	0.510	0.503	0.490	0.507	0.537	0.095	0.094	0.105	0.106	0.109	0.493	0.519	0.468	0.489	0.500	0.524	0.541	0.095	0.094	0.105	0.105	0.484	0.469	0.483	0.495	0.506	0.466	0.480	0.503	0.093	0.096	0.108	0.104	0.502	0.501	0.517	0.527	0.519	0.494	0.477	0.491	0.092	0.095	0.108	0.108	0.499	0.484	0.472	0.527	0.518	0.474	0.468	0.484	0.092	0.095	0.095	0.094	0.094	0.094	0.094	0.094	0.094	0.094	0.095	0.094	0.093
19:00:22	19.3	0.092	0.093	0.098	0.094	0.095	0.095	0.094	0.093	0.093	0.093	0.094	0.095	0.092	0.523	0.100	0.106	0.552	0.543	0.551	0.565	0.594	0.567	0.613	0.096	0.092	0.103	0.566	0.107	0.532	0.529	0.558	0.551	0.571	0.589	0.615	0.095	0.094	0.106	0.105	0.108	0.550	0.570	0.539	0.545	0.578	0.591	0.610	0.094	0.094	0.104	0.106	0.541	0.530	0.540	0.542	0.563	0.538	0.562	0.570	0.093	0.096	0.107	0.105	0.544	0.557	0.570	0.593	0.569	0.576	0.549	0.560	0.093	0.095	0.111	0.109	0.557	0.541	0.534	0.585	0.593	0.547	0.538	0.560	0.093	0.095	0.095	0.094	0.094	0.094	0.094	0.094	0.095	0.094	0.095	0.094	0.093
20:00:23	19.5	0.093	0.094	0.098	0.094	0.095	0.095	0.094	0.093	0.093	0.093	0.094	0.095	0.092	0.583	0.100	0.106	0.608	0.608	0.610	0.622	0.655	0.626	0.664	0.096	0.093	0.103	0.638	0.108	0.596	0.587	0.622	0.622	0.639	0.655	0.675	0.095	0.093	0.106	0.105	0.106	0.611	0.632	0.605	0.607	0.648	0.658	0.669	0.094	0.094	0.105	0.106	0.604	0.595	0.613	0.608	0.632	0.609	0.626	0.643	0.093	0.096	0.108	0.108	0.605	0.622	0.634	0.651	0.642	0.642	0.617	0.624	0.092	0.095	0.111	0.109	0.624	0.609	0.606	0.655	0.659	0.620	0.607	0.629	0.092	0.095	0.094	0.094	0.094	0.094	0.093	0.094	0.094	0.094	0.095	0.094	0.093
21:00:24	19.8	0.093	0.093	0.098	0.094	0.095	0.095	0.094	0.093	0.093	0.093	0.094	0.095	0.092	0.627	0.100	0.106	0.662	0.668	0.667	0.681	0.712	0.695	0.721	0.096	0.093	0.104	0.693	0.107	0.658	0.647	0.680	0.681	0.691	0.716	0.732	0.095	0.094	0.106	0.104	0.107	0.668	0.687	0.678	0.673	0.708	0.714	0.728	0.094	0.094	0.105	0.106	0.661	0.655	0.678	0.672	0.697	0.670	0.691	0.708	0.093	0.096	0.109	0.109	0.665	0.687	0.695	0.708	0.706	0.708	0.678	0.692	0.092	0.095	0.111	0.109	0.680	0.664	0.675	0.707	0.728	0.688	0.670	0.698	0.093	0.095	0.095	0.094	0.094	0.094	0.094	0.094	0.095	0.094	0.095	0.094	0.093
22:00:25	20.2	0.092	0.093	0.097	0.094	0.095	0.095	0.094	0.093	0.093	0.093	0.094	0.095	0.092	0.684	0.101	0.106	0.724	0.732	0.731	0.750	0.771	0.758	0.787	0.096	0.092	0.104	0.736	0.106	0.726	0.708	0.742	0.746	0.754	0.775	0.794	0.095	0.094	0.105	0.105	0.108	0.736	0.745	0.752	0.741	0.770	0.770	0.786	0.095	0.094	0.105	0.106	0.721	0.721	0.750	0.743	0.762	0.737	0.761	0.776	0.093	0.096	0.111	0.109	0.745	0.754	0.762	0.775	0.775	0.777	0.751	0.767	0.092	0.095	0.109	0.112	0.743	0.726	0.752	0.776	0.796	0.770	0.750	0.782	0.092	0.095	0.095	0.094	0.094	0.094	0.094	0.094	0.094	0.094	0.095	0.094	0.093
23:00:26	20.5	0.092	0.093	0.098	0.094	0.095	0.095	0.094	0.092	0.093	0.093	0.094	0.095	0.092	0.749	0.101	0.106	0.787	0.802	0.799	0.817	0.842	0.835	0.855	0.096	0.093	0.104	0.802	0.105	0.801	0.782	0.811	0.812	0.824	0.840	0.861	0.095	0.094	0.105	0.105	0.108	0.797	0.811	0.827	0.814	0.839	0.835	0.847	0.095	0.094	0.105	0.106	0.790	0.794	0.823	0.820	0.835	0.814	0.833	0.848	0.093	0.095	0.113	0.109	0.814	0.830	0.834	0.856	0.854	0.852	0.829	0.845	0.093	0.095	0.108	0.111	0.821	0.807	0.843	0.875	0.851	0.870	0.837	0.865	0.092	0.095	0.094	0.094	0.094	0.094	0.093	0.094	0.094	0.094	0.095	0.094	0.093
24:00:26	20.7	0.093	0.093	0.098	0.094	0.095	0.095	0.094	0.093	0.093	0.093	0.094	0.095	0.092	0.820	0.101	0.107	0.858	0.876	0.691	0.685	0.670	0.707	0.713	0.096	0.092	0.104	0.914	0.106	0.877	0.859	0.880	0.890	0.896	0.694	0.744	0.095	0.094	0.105	0.106	0.111	0.866	0.879	0.907	0.887	0.908	0.904	0.915	0.094	0.094	0.106	0.106	0.871	0.880	0.907	0.914	0.917	0.914	0.910	0.921	0.093	0.095	0.114	0.109	0.887	0.924	0.928	1.004	0.978	0.934	0.906	0.916	0.092	0.095	0.107	0.110	0.938	0.926	1.008	0.934	0.934	1.024	0.931	0.947	0.093	0.095	0.095	0.094	0.094	0.094	0.094	0.094	0.094	0.095	0.095	0.094	0.093
25:00:29	20.7	0.092	0.093	0.097	0.094	0.095	0.095	0.094	0.092	0.093	0.093	0.094	0.095	0.092	0.834	0.101	0.107	0.904	0.953	0.898	0.976	0.968	0.970	0.972	0.095	0.092	0.105	0.933	0.106	0.950	0.939	1.086	0.997	0.917	0.955	0.989	0.095	0.093	0.105	0.107	0.110	0.968	1.044	1.032	0.859	0.982	0.916	0.926	0.095	0.094	0.106	0.106	0.995	1.032	1.056	1.086	1.050	1.053	0.941	0.906	0.093	0.095	0.112	0.108	0.931	1.059	1.162	1.085	0.993	0.914	0.910	0.988	0.093	0.097	0.107	0.109	0.975	1.043	1.022	1.029	1.069	1.148	0.966	0.978	0.092	0.095	0.095	0.094	0.094	0.094	0.093	0.094	0.094	0.094	0.095	0.094	0.093
26:00:28	20.4	0.093	0.094	0.098	0.094	0.095	0.095	0.094	0.093	0.093	0.093	0.095	0.095	0.092	1.063	0.102	0.109	1.017	1.061	1.077	1.057	1.070	1.064	1.063	0.096	0.093	0.105	1.030	0.107	1.072	1.045	1.109	1.077	1.064	1.059	1.069	0.095	0.094	0.106	0.108	0.110	1.068	1.108	1.108	1.070	1.058	1.047	1.059	0.095	0.094	0.106	0.107	1.062	1.087	1.108	1.115	1.102	1.061	1.069	1.078	0.093	0.096	0.113	0.108	1.091	1.102	1.129	1.093	1.091	1.065	1.067	1.068	0.093	0.098	0.107	0.111	1.109	1.078	1.075	1.068	1.086	1.088	1.038	1.060	0.093	0.095	0.095	0.095	0.094	0.094	0.094	0.094	0.095	0.094	0.095	0.095	0.093
27:00:30	20.1	0.093	0.093	0.098	0.094	0.095	0.095	0.094	0.093	0.093	0.093	0.094	0.095	0.092	1.061	0.102	0.110	1.027	1.076	1.087	1.063	1.082	1.076	1.079	0.095	0.092	0.105	1.030	0.108	1.079	1.066	1.085	1.076	1.073	1.074	1.082	0.095	0.094	0.105	0.107	0.109	1.060	1.104	1.091	1.076	1.076	1.062	1.066	0.095	0.094	0.107	0.107	1.058	1.079	1.088	1.086	1.086	1.053	1.074	1.083	0.093	0.096	0.111	0.107	1.095	1.092	1.107	1.078	1.079	1.063	1.071	1.059	0.093	0.099	0.106	0.109	1.124	1.088	1.089	1.089	1.083	1.071	1.049	1.061	0.093	0.095	0.095	0.094	0.094	0.094	0.094	0.095	0.095	0.094	0.095	0.094	0.093
28:00:31	19.9	0.093	0.094	0.097	0.094	0.095	0.095	0.094	0.093	0.093	0.093	0.094	0.095	0.093	1.066	0.102	0.112	1.036	1.087	1.089	1.069	1.085	1.082	1.089	0.096	0.093	0.106	1.038	0.109	1.092	1.078	1.088	1.078	1.081	1.082	1.090	0.096	0.094	0.106	0.108	0.110	1.068	1.111	1.098	1.079	1.084	1.070	1.075	0.095	0.094	0.106	0.107	1.067	1.084	1.091	1.089	1.087	1.065	1.079	1.089	0.093	0.096	0.111	0.108	1.101	1.095	1.109	1.080	1.081	1.075	1.079	1.067	0.093	0.099	0.107	0.110	1.127	1.098	1.098	1.101	1.095	1.086	1.065	1.071	0.093	0.095	0.095	0.094	0.094	0.094	0.094	0.095	0.095	0.095	0.095	0.094	0.093
29:00:31	19.6	0.093	0.094	0.098	0.094	0.095	0.095	0.094	0.093	0.093	0.093	0.095	0.095	0.092	1.073	0.102	0.112	1.045	1.098	1.098	1.080	1.096	1.097	1.100	0.096	0.093	0.106	1.046	0.109	1.103	1.090	1.098	1.091	1.094	1.095	1.102	0.095	0.094	0.106	0.109	0.111	1.077	1.120	1.111	1.091	1.099	1.083	1.088	0.095	0.094	0.106	0.107	1.079	1.092	1.102	1.100	1.099	1.080	1.087	1.099	0.093	0.096	0.111	0.107	1.109	1.106	1.122	1.090	1.092	1.083	1.091	1.081	0.093	0.097	0.107	0.111	1.138	1.111	1.110	1.114	1.112	1.108	1.085	1.089	0.093	0.095	0.095	0.094	0.094	0.094	0.094	0.095	0.095	0.095	0.095	0.095	0.093
30:00:32	19.5	0.093	0.094	0.098	0.094	0.095	0.095	0.094	0.093	0.093	0.093	0.094	0.095	0.092	1.083	0.103	0.111	1.062	1.112	1.108	1.095	1.107	1.108	1.109	0.096	0.093	0.107	1.061	0.110	1.118	1.103	1.110	1.108	1.107	1.107	1.112	0.095	0.094	0.106	0.110	0.111	1.094	1.130	1.125	1.105	1.114	1.098	1.103	0.095	0.094	0.106	0.108	1.093	1.105	1.118	1.113	1.112	1.099	1.099	1.112	0.093	0.096	0.111	0.108	1.121	1.117	1.135	1.102	1.107	1.096	1.104	1.099	0.092	0.095	0.107	0.111	1.146	1.123	1.125	1.132	1.129	1.128	1.106	1.107	0.093	0.095	0.095	0.094	0.094	0.095	0.094	0.095	0.095	0.095	0.095	0.094	0.093
31:00:34	19.5	0.093	0.094	0.097	0.094	0.095	0.095	0.094	0.093	0.093	0.093	0.095	0.095	0.092	1.098	0.103	0.111	1.075	1.123	1.119	1.106	1.116	1.119	1.119	0.096	0.093	0.107	1.086	0.111	1.134	1.115	1.125	1.119	1.120	1.116	1.122	0.095	0.094	0.106	0.110	0.111	1.109	1.142	1.138	1.119	1.128	1.111	1.117	0.095	0.094	0.107	0.108	1.109	1.119	1.133	1.126	1.126	1.114	1.112	1.123	0.093	0.096	0.111	0.108	1.133	1.129	1.149	1.116	1.120	1.111	1.117	1.118	0.093	0.095	0.107	0.113	1.160	1.139	1.140	1.146	1.146	1.146	1.124	1.124	0.093	0.095	0.095	0.095	0.094	0.094	0.094	0.095	0.095	0.095	0.095	0.095	0.093
32:00:34	19.5	0.093	0.094	0.098	0.094	0.096	0.095	0.095	0.093	0.093	0.094	0.095	0.095	0.093	1.111	0.104	0.111	1.091	1.133	1.127	1.117	1.125	1.128	1.129	0.096	0.093	0.108	1.125	0.112	1.145	1.125	1.133	1.131	1.129	1.126	1.131	0.096	0.094	0.107	0.110	0.112	1.116	1.150	1.150	1.128	1.138	1.121	1.128	0.095	0.095	0.107	0.109	1.122	1.132	1.146	1.136	1.136	1.126	1.124	1.135	0.093	0.096	0.112	0.110	1.145	1.143	1.159	1.130	1.132	1.125	1.127	1.133	0.093	0.095	0.108	0.114	1.172	1.149	1.156	1.162	1.160	1.159	1.138	1.138	0.093	0.095	0.095	0.095	0.094	0.095	0.094	0.095	0.095	0.095	0.095	0.095	0.093
33:00:35	19.5	0.093	0.094	0.098	0.094	0.095	0.095	0.094	0.093	0.093	0.093	0.094	0.095	0.092	1.124	0.104	0.111	1.101	1.140	1.134	1.127	1.133	1.134	1.137	0.096	0.093	0.108	1.108	0.113	1.154	1.129	1.139	1.137	1.136	1.131	1.138	0.096	0.094	0.107	0.110	0.113	1.129	1.157	1.160	1.137	1.143	1.126	1.137	0.095	0.095	0.107	0.110	1.129	1.139	1.153	1.143	1.142	1.134	1.135	1.142	0.093	0.095	0.112	0.110	1.151	1.148	1.163	1.136	1.140	1.135	1.136	1.144	0.093	0.095	0.108	0.113	1.183	1.161	1.172	1.169	1.174	1.169	1.142	1.151	0.093	0.095	0.095	0.094	0.094	0.094	0.094	0.095	0.095	0.095	0.095	0.095	0.093
34:00:36	19.5	0.093	0.094	0.097	0.094	0.095	0.095	0.094	0.093	0.093	0.093	0.095	0.095	0.092	1.132	0.104	0.111	1.115	1.145	1.142	1.134	1.137	1.139	1.142	0.096	0.093	0.108	1.119	0.114	1.161	1.135	1.142	1.143	1.139	1.133	1.143	0.095	0.094	0.107	0.110	0.115	1.133	1.163	1.163	1.143	1.147	1.131	1.142	0.095	0.094	0.108	0.111	1.138	1.145	1.159	1.148	1.147	1.139	1.140	1.148	0.093	0.096	0.112	0.111	1.159	1.151	1.167	1.144	1.147	1.144	1.140	1.149	0.093	0.095	0.108	0.112	1.201	1.174	1.189	1.168	1.192	1.179	1.152	1.158	0.093	0.095	0.095	0.095	0.094	0.094	0.094	0.095	0.094	0.095	0.095	0.094	0.093
35:00:37	19.5	0.093	0.094	0.098	0.094	0.095	0.095	0.094	0.093	0.093	0.094	0.094	0.095	0.092	1.140	0.105	0.112	1.119	1.148	1.150	1.140	1.142	1.142	1.145	0.096	0.093	0.109	1.115	0.115	1.166	1.139	1.142	1.144	1.140	1.137	1.145	0.096	0.094	0.107	0.110	0.115	1.134	1.166	1.165	1.145	1.150	1.134	1.145	0.095	0.095	0.108	0.112	1.145	1.150	1.162	1.149	1.148	1.141	1.145	1.152	0.093	0.096	0.112	0.111	1.166	1.145	1.170	1.150	1.150	1.147	1.144	1.154	0.093	0.095	0.109	0.113	1.208	1.179	1.167	1.128	1.207	1.190	1.158	1.163	0.093	0.095	0.095	0.095	0.094	0.094	0.094	0.095	0.095	0.095	0.095	0.094	0.093
36:00:37	19.5	0.093	0.094	0.098	0.094	0.095	0.095	0.094	0.093	0.093	0.094	0.095	0.095	0.093	1.145	0.105	0.113	1.125	1.150	1.152	1.144	1.145	1.145	1.148	0.096	0.093	0.110	1.118	0.116	1.168	1.140	1.142	1.143	1.139	1.137	1.148	0.096	0.094	0.108	0.111	0.116	1.136	1.168	1.166	1.145	1.150	1.134	1.148	0.095	0.095	0.109	0.114	1.150	1.153	1.164	1.151	1.149	1.142	1.148	1.155	0.093	0.096	0.112	0.111	1.168	1.132	1.181	1.164	1.154	1.150	1.148	1.157	0.093	0.095	0.109	0.113	1.179	1.165	1.133	1.135	1.164	1.203	1.161	1.170	0.093	0.095	0.095	0.095	0.094	0.095	0.094	0.095	0.095	0.095	0.096	0.095	0.093
37:00:38	19.5	0.093	0.094	0.098	0.095	0.096	0.095	0.094	0.093	0.093	0.094	0.095	0.096	0.093	1.155	0.106	0.113	1.127	1.152	1.156	1.149	1.148	1.152	1.152	0.096	0.093	0.110	1.126	0.118	1.171	1.145	1.142	1.146	1.140	1.141	1.149	0.096	0.094	0.109	0.111	0.117	1.139	1.172	1.169	1.147	1.151	1.136	1.150	0.095	0.095	0.109	0.116	1.159	1.156	1.169	1.158	1.149	1.144	1.150	1.157	0.093	0.096	0.113	0.112	1.176	1.128	1.197	1.125	1.159	1.154	1.151	1.161	0.093	0.095	0.110	0.114	1.159	1.125	1.166	1.158	1.180	1.204	1.174	1.175	0.093	0.095	0.095	0.095	0.094	0.095	0.094	0.095	0.095	0.095	0.096	0.095	0.093
38:00:40	19.4	0.093	0.094	0.098	0.095	0.095	0.095	0.094	0.093	0.094	0.094	0.095	0.095	0.093	1.170	0.107	0.115	1.130	1.156	1.162	1.156	1.154	1.158	1.157	0.096	0.093	0.111	1.141	0.120	1.173	1.147	1.142	1.150	1.142	1.145	1.153	0.096	0.094	0.109	0.112	0.119	1.140	1.176	1.174	1.151	1.154	1.140	1.153	0.095	0.095	0.110	0.120	1.166	1.164	1.179	1.166	1.154	1.147	1.154	1.159	0.093	0.096	0.112	0.113	1.187	1.174	1.152	1.124	1.171	1.159	1.156	1.165	0.093	0.095	0.109	0.114	1.179	1.127	1.178	1.190	1.195	1.170	1.122	1.179	0.093	0.095	0.095	0.095	0.095	0.095	0.094	0.095	0.095	0.095	0.096	0.095	0.093
39:00:40	19.4	0.093	0.094	0.097	0.094	0.095	0.095	0.094	0.093	0.093	0.093	0.095	0.096	0.092	1.111	0.107	0.116	1.134	1.162	1.103	1.080	1.165	1.109	1.161	0.096	0.093	0.112	1.160	0.122	1.179	1.152	1.146	1.158	1.147	1.152	1.157	0.096	0.094	0.109	0.112	0.121	1.144	1.181	1.188	1.158	1.160	1.144	1.158	0.095	0.095	0.110	0.124	1.141	1.175	1.192	1.129	1.164	1.153	1.160	1.164	0.093	0.096	0.112	0.113	1.214	1.187	1.175	1.155	1.185	1.166	1.162	1.170	0.093	0.095	0.110	0.115	1.206	1.168	1.188	1.196	1.197	1.183	1.167	1.185	0.093	0.095	0.095	0.094	0.094	0.095	0.094	0.095	0.095	0.095	0.095	0.095	0.093
40:00:41	19.5	0.093	0.094	0.097	0.095	0.095	0.095	0.094	0.093	0.093	0.094	0.095	0.095	0.093	1.140	0.108	0.117	1.144	1.168	1.100	1.124	1.088	1.090	1.121	0.096	0.093	0.113	1.192	0.125	1.187	1.159	1.151	1.122	1.152	1.157	1.162	0.096	0.094	0.110	0.113	0.124	1.157	1.194	1.144	1.166	1.164	1.149	1.164	0.095	0.094	0.111	0.130	1.110	1.183	1.183	1.114	1.177	1.161	1.166	1.169	0.093	0.096	0.113	0.114	1.164	1.187	1.177	1.168	1.133	1.177	1.169	1.177	0.093	0.095	0.110	0.116	1.211	1.182	1.195	1.204	1.199	1.186	1.177	1.192	0.093	0.095	0.095	0.094	0.094	0.094	0.094	0.095	0.095	0.095	0.095	0.095	0.093
41:00:42	19.6	0.093	0.094	0.097	0.095	0.096	0.095	0.094	0.093	0.093	0.094	0.095	0.096	0.093	1.160	0.108	0.119	1.065	1.179	1.137	1.135	1.113	1.099	1.091	0.096	0.093	0.114	1.158	0.129	1.198	1.168	1.158	1.118	1.158	1.164	1.168	0.096	0.094	0.111	0.114	0.128	1.101	1.136	1.146	1.177	1.171	1.157	1.169	0.095	0.094	0.112	0.140	1.124	1.128	1.133	1.145	1.149	1.173	1.174	1.175	0.093	0.096	0.113	0.114	1.182	1.200	1.186	1.174	1.164	1.114	1.179	1.183	0.093	0.095	0.111	0.117	1.223	1.194	1.205	1.222	1.205	1.193	1.185	1.117	0.093	0.095	0.095	0.094	0.094	0.095	0.094	0.095	0.095	0.095	0.095	0.095	0.093
42:00:44	19.7	0.093	0.094	0.097	0.095	0.095	0.095	0.094	0.093	0.093	0.094	0.095	0.095	0.093	1.172	0.109	0.121	1.112	1.104	1.167	1.150	1.144	1.136	1.118	0.096	0.093	0.116	1.183	0.133	1.194	1.180	1.170	1.132	1.168	1.178	1.179	0.096	0.094	0.111	0.116	0.133	1.135	1.162	1.157	1.106	1.179	1.167	1.180	0.095	0.095	0.112	0.153	1.157	1.128	1.152	1.177	1.134	1.193	1.184	1.183	0.093	0.096	0.114	0.116	1.182	1.201	1.189	1.179	1.178	1.142	1.193	1.135	0.093	0.095	0.111	0.119	1.232	1.200	1.218	1.232	1.212	1.201	1.181	1.154	0.093	0.095	0.095	0.095	0.094	0.095	0.094	0.095	0.095	0.095	0.095	0.095	0.093
43:00:44	20.0	0.093	0.094	0.097	0.095	0.096	0.095	0.094	0.093	0.093	0.094	0.095	0.095	0.093	1.181	0.110	0.124	1.113	1.127	1.182	1.173	1.149	1.197	1.142	0.096	0.093	0.118	1.185	0.139	1.145	1.202	1.183	1.142	1.182	1.113	1.088	0.096	0.094	0.112	0.117	0.139	1.141	1.168	1.175	1.130	1.193	1.183	1.077	0.095	0.095	0.113	0.168	1.174	1.159	1.172	1.185	1.168	1.175	1.197	1.194	0.093	0.096	0.114	0.117	1.188	1.208	1.203	1.184	1.182	1.162	1.209	1.118	0.093	0.095	0.112	0.122	1.238	1.206	1.230	1.246	1.217	1.208	1.183	1.185	0.093	0.095	0.095	0.095	0.094	0.095	0.094	0.095	0.095	0.095	0.096	0.095	0.093
44:00:52	20.3	0.093	0.094	0.098	0.094	0.095	0.095	0.094	0.093	0.093	0.094	0.095	0.095	0.092	1.186	0.111	0.127	1.135	1.153	1.194	1.195	1.185	1.217	1.195	0.096	0.093	0.120	1.185	0.146	1.179	1.149	1.144	1.181	1.209	1.195	1.195	0.096	0.094	0.113	0.118	0.146	1.144	1.178	1.195	1.150	1.221	1.129	1.156	0.095	0.094	0.114	0.188	1.184	1.185	1.202	1.187	1.191	1.162	1.130	1.163	0.093	0.096	0.114	0.118	1.191	1.216	1.212	1.189	1.186	1.171	1.178	1.190	0.093	0.095	0.112	0.125	1.250	1.213	1.243	1.265	1.227	1.214	1.186	1.204	0.093	0.095	0.095	0.094	0.094	0.094	0.094	0.095	0.095	0.095	0.095	0.095	0.093
45:00:45	20.6	0.093	0.094	0.098	0.095	0.095	0.095	0.094	0.093	0.093	0.094	0.095	0.096	0.092	1.198	0.112	0.130	1.173	1.190	1.211	1.220	1.220	1.225	1.235	0.096	0.093	0.123	1.191	0.155	1.191	1.190	1.152	1.206	1.160	1.213	1.222	0.096	0.094	0.114	0.121	0.156	1.163	1.194	1.212	1.188	1.203	1.198	1.204	0.095	0.095	0.115	0.213	1.189	1.197	1.210	1.190	1.200	1.188	1.190	1.219	0.093	0.096	0.114	0.121	1.203	1.231	1.222	1.200	1.196	1.201	1.207	1.225	0.093	0.095	0.113	0.130	1.264	1.227	1.263	1.286	1.239	1.229	1.200	1.226	0.093	0.095	0.095	0.094	0.094	0.095	0.094	0.095	0.095	0.095	0.096	0.095	0.093
46:00:46	20.9	0.093	0.094	0.097	0.095	0.095	0.095	0.094	0.093	0.093	0.094	0.095	0.095	0.093	1.211	0.113	0.134	1.186	1.229	1.231	1.231	1.232	1.232	1.245	0.096	0.093	0.125	1.203	0.166	1.214	1.199	1.207	1.224	1.215	1.218	1.228	0.096	0.094	0.115	0.123	0.169	1.186	1.218	1.226	1.216	1.226	1.210	1.223	0.095	0.094	0.116	0.240	1.208	1.211	1.218	1.198	1.207	1.204	1.226	1.235	0.093	0.096	0.115	0.123	1.226	1.250	1.236	1.217	1.213	1.221	1.227	1.239	0.093	0.095	0.113	0.137	1.291	1.252	1.288	1.271	1.257	1.250	1.223	1.243	0.093	0.095	0.095	0.095	0.094	0.095	0.094	0.095	0.095	0.095	0.095	0.095	0.093
47:00:47	21.0	0.093	0.094	0.098	0.095	0.095	0.095	0.094	0.093	0.093	0.094	0.095	0.095	0.093	1.226	0.115	0.139	1.203	1.244	1.244	1.248	1.242	1.251	1.250	0.096	0.093	0.129	1.219	0.180	1.232	1.212	1.217	1.232	1.229	1.228	1.234	0.096	0.094	0.116	0.127	0.185	1.206	1.247	1.241	1.230	1.235	1.219	1.232	0.095	0.094	0.116	0.263	1.232	1.220	1.234	1.221	1.225	1.222	1.244	1.248	0.093	0.096	0.115	0.127	1.239	1.268	1.256	1.244	1.229	1.246	1.252	1.247	0.093	0.095	0.114	0.146	1.325	1.299	1.278	1.233	1.298	1.280	1.250	1.260	0.093	0.095	0.095	0.094	0.094	0.095	0.094	0.096	0.095	0.095	0.095	0.095	0.093
48:00:49	21.0	0.093	0.094	0.098	0.095	0.096	0.095	0.094	0.093	0.093	0.094	0.095	0.096	0.093	1.244	0.117	0.147	1.226	1.255	1.265	1.268	1.259	1.272	1.271	0.096	0.093	0.134	1.242	0.198	1.253	1.230	1.232	1.249	1.239	1.242	1.244	0.096	0.094	0.118	0.131	0.206	1.230	1.264	1.258	1.244	1.256	1.235	1.241	0.095	0.095	0.118	0.282	1.251	1.236	1.257	1.246	1.243	1.238	1.261	1.256	0.093	0.096	0.116	0.131	1.260	1.263	1.279	1.271	1.255	1.271	1.278	1.259	0.093	0.095	0.114	0.162	1.336	1.338	1.246	1.261	1.279	1.316	1.278	1.277	0.093	0.095	0.095	0.095	0.094	0.095	0.094	0.096	0.095	0.095	0.096	0.095	0.093
49:00:49	21.0	0.093	0.094	0.097	0.095	0.096	0.095	0.095	0.093	0.093	0.094	0.095	0.096	0.093	1.265	0.119	0.157	1.243	1.270	1.286	1.285	1.277	1.286	1.282	0.096	0.093	0.138	1.268	0.220	1.274	1.246	1.248	1.269	1.250	1.254	1.259	0.096	0.094	0.119	0.136	0.226	1.246	1.277	1.280	1.265	1.270	1.248	1.255	0.095	0.095	0.119	0.292	1.269	1.260	1.276	1.271	1.265	1.257	1.275	1.263	0.093	0.096	0.116	0.137	1.277	1.252	1.307	1.302	1.279	1.287	1.292	1.272	0.093	0.095	0.115	0.181	1.323	1.369	1.282	1.282	1.286	1.356	1.305	1.290	0.093	0.095	0.095	0.095	0.094	0.095	0.094	0.096	0.095	0.095	0.096	0.095	0.093
50:00:50	20.9	0.093	0.094	0.098	0.095	0.095	0.095	0.094	0.093	0.093	0.093	0.095	0.095	0.093	1.292	0.122	0.168	1.258	1.284	1.305	1.303	1.296	1.303	1.294	0.096	0.093	0.144	1.296	0.247	1.289	1.263	1.270	1.291	1.265	1.268	1.271	0.096	0.094	0.120	0.142	0.247	1.262	1.296	1.301	1.281	1.283	1.260	1.268	0.095	0.094	0.120	0.299	1.294	1.280	1.296	1.297	1.287	1.273	1.291	1.272	0.093	0.096	0.117	0.143	1.301	1.253	1.342	1.341	1.296	1.305	1.304	1.290	0.092	0.095	0.116	0.206	1.289	1.299	1.309	1.310	1.314	1.363	1.333	1.307	0.093	0.095	0.095	0.095	0.094	0.094	0.094	0.095	0.095	0.094	0.096	0.095	0.093
51:00:51	20.6	0.093	0.094	0.098	0.094	0.095	0.095	0.094	0.093	0.093	0.093	0.095	0.095	0.093	1.244	0.126	0.181	1.280	1.300	1.327	1.325	1.316	1.327	1.314	0.096	0.093	0.151	1.345	0.271	1.309	1.282	1.285	1.310	1.279	1.281	1.285	0.096	0.094	0.122	0.148	0.244	1.287	1.319	1.326	1.302	1.296	1.275	1.285	0.095	0.095	0.122	0.303	1.330	1.304	1.317	1.324	1.307	1.295	1.303	1.290	0.093	0.096	0.116	0.146	1.335	1.299	1.384	1.269	1.324	1.328	1.322	1.309	0.093	0.095	0.116	0.222	1.334	1.291	1.329	1.339	1.347	1.317	1.273	1.332	0.093	0.095	0.095	0.095	0.094	0.094	0.094	0.095	0.095	0.095	0.095	0.095	0.093
52:00:52	20.3	0.093	0.094	0.098	0.095	0.095	0.095	0.094	0.093	0.093	0.094	0.095	0.096	0.093	1.255	0.130	0.197	1.301	1.315	1.352	1.348	1.339	1.350	1.337	0.096	0.093	0.159	1.260	0.262	1.327	1.300	1.302	1.332	1.296	1.300	1.304	0.096	0.094	0.124	0.157	0.261	1.310	1.339	1.348	1.323	1.314	1.294	1.304	0.095	0.095	0.123	0.302	1.357	1.329	1.343	1.350	1.327	1.315	1.322	1.309	0.093	0.096	0.117	0.156	1.363	1.333	1.325	1.291	1.348	1.346	1.339	1.328	0.093	0.095	0.117	0.235	1.357	1.323	1.343	1.351	1.362	1.337	1.306	1.356	0.093	0.095	0.095	0.095	0.095	0.095	0.094	0.095	0.095	0.095	0.095	0.095	0.093
53:00:54	20.1	0.092	0.094	0.098	0.094	0.095	0.095	0.094	0.093	0.093	0.094	0.095	0.095	0.092	1.281	0.136	0.212	1.317	1.329	1.370	1.365	1.356	1.367	1.353	0.096	0.093	0.168	1.306	0.272	1.340	1.312	1.313	1.349	1.308	1.313	1.317	0.096	0.094	0.127	0.167	0.277	1.325	1.355	1.365	1.335	1.325	1.307	1.317	0.095	0.094	0.125	0.306	1.373	1.349	1.361	1.371	1.341	1.326	1.333	1.321	0.093	0.096	0.118	0.167	1.352	1.348	1.361	1.306	1.365	1.359	1.348	1.341	0.093	0.095	0.118	0.237	1.366	1.335	1.351	1.358	1.373	1.342	1.324	1.367	0.093	0.095	0.095	0.095	0.094	0.095	0.094	0.095	0.095	0.095	0.095	0.094	0.093
54:00:54	20.0	0.093	0.094	0.096	0.094	0.095	0.095	0.094	0.093	0.093	0.093	0.094	0.095	0.092	1.292	0.142	0.226	1.332	1.345	1.252	1.263	1.373	1.383	1.371	0.096	0.093	0.179	1.332	0.296	1.355	1.323	1.325	1.364	1.319	1.325	1.333	0.096	0.094	0.129	0.179	0.292	1.345	1.370	1.381	1.347	1.334	1.319	1.331	0.095	0.094	0.127	0.319	1.291	1.370	1.381	1.390	1.356	1.339	1.345	1.334	0.093	0.096	0.120	0.180	1.324	1.357	1.366	1.337	1.391	1.377	1.359	1.356	0.093	0.095	0.119	0.245	1.373	1.353	1.359	1.369	1.381	1.348	1.340	1.384	0.093	0.095	0.095	0.095	0.094	0.094	0.094	0.095	0.094	0.095	0.095	0.094	0.093
55:00:54	19.8	0.093	0.094	0.097	0.095	0.096	0.095	0.094	0.093	0.093	0.094	0.095	0.096	0.093	1.322	0.150	0.238	1.352	1.361	1.273	1.304	1.315	1.296	1.387	0.096	0.093	0.190	1.348	0.306	1.372	1.338	1.337	1.379	1.331	1.340	1.347	0.096	0.094	0.133	0.192	0.309	1.366	1.387	1.398	1.360	1.346	1.331	1.347	0.095	0.095	0.129	0.338	1.291	1.393	1.404	1.314	1.372	1.353	1.359	1.350	0.093	0.096	0.121	0.194	1.351	1.367	1.372	1.350	1.349	1.394	1.372	1.373	0.093	0.095	0.121	0.260	1.380	1.361	1.372	1.384	1.390	1.356	1.350	1.330	0.093	0.095	0.095	0.095	0.094	0.095	0.094	0.095	0.095	0.095	0.095	0.095	0.093
56:00:55	19.6	0.093	0.094	0.097	0.095	0.095	0.095	0.094	0.093	0.093	0.093	0.095	0.095	0.093	1.345	0.158	0.234	1.229	1.377	1.289	1.319	1.272	1.301	1.307	0.096	0.093	0.202	1.357	0.319	1.390	1.350	1.350	1.396	1.342	1.353	1.361	0.095	0.094	0.136	0.205	0.333	1.391	1.404	1.418	1.371	1.356	1.343	1.363	0.095	0.095	0.131	0.362	1.311	1.414	1.421	1.322	1.387	1.366	1.371	1.365	0.093	0.096	0.122	0.209	1.354	1.380	1.377	1.362	1.349	1.412	1.385	1.391	0.093	0.095	0.122	0.284	1.390	1.369	1.385	1.398	1.399	1.367	1.361	1.321	0.093	0.095	0.095	0.095	0.095	0.095	0.094	0.095	0.095	0.095	0.095	0.095	0.093
57:00:57	19.5	0.093	0.094	0.096	0.094	0.096	0.095	0.094	0.093	0.093	0.094	0.095	0.095	0.093	1.359	0.167	0.230	1.281	1.394	1.302	1.334	1.294	1.317	1.326	0.096	0.093	0.215	1.367	0.336	1.410	1.363	1.362	1.296	1.354	1.366	1.378	0.095	0.094	0.139	0.217	0.362	1.330	1.423	1.352	1.384	1.368	1.355	1.378	0.095	0.095	0.134	0.388	1.333	1.334	1.427	1.338	1.405	1.378	1.384	1.379	0.093	0.097	0.124	0.222	1.360	1.390	1.386	1.369	1.362	1.428	1.397	1.408	0.093	0.095	0.123	0.311	1.404	1.382	1.403	1.415	1.409	1.378	1.374	1.337	0.093	0.095	0.095	0.095	0.094	0.094	0.094	0.095	0.095	0.095	0.095	0.095	0.093
58:00:58	19.4	0.093	0.094	0.097	0.094	0.095	0.095	0.093	0.093	0.093	0.094	0.094	0.095	0.092	1.372	0.178	0.241	1.303	1.414	1.338	1.350	1.325	1.341	1.337	0.096	0.093	0.225	1.380	0.358	1.431	1.377	1.374	1.317	1.365	1.382	1.397	0.095	0.094	0.143	0.227	0.394	1.352	1.347	1.370	1.396	1.378	1.368	1.395	0.094	0.095	0.138	0.430	1.349	1.333	1.349	1.352	1.417	1.391	1.396	1.396	0.093	0.097	0.125	0.234	1.369	1.402	1.398	1.377	1.375	1.345	1.410	1.350	0.092	0.095	0.124	0.356	1.415	1.395	1.414	1.428	1.420	1.388	1.385	1.354	0.093	0.095	0.095	0.094	0.094	0.094	0.094	0.095	0.095	0.094	0.095	0.094	0.093
59:00:59	19.4	0.093	0.094	0.096	0.095	0.095	0.095	0.094	0.093	0.093	0.094	0.095	0.095	0.093	1.387	0.190	0.266	1.314	1.314	1.369	1.369	1.350	1.385	1.357	0.096	0.093	0.235	1.395	0.386	1.328	1.392	1.387	1.343	1.376	1.398	1.415	0.095	0.094	0.148	0.234	0.433	1.361	1.368	1.380	1.409	1.387	1.381	1.415	0.095	0.095	0.142	0.486	1.365	1.348	1.369	1.371	1.340	1.406	1.409	1.415	0.093	0.097	0.127	0.238	1.379	1.412	1.407	1.388	1.387	1.363	1.426	1.349	0.093	0.095	0.127	0.410	1.427	1.404	1.429	1.444	1.433	1.399	1.395	1.376	0.093	0.095	0.095	0.095	0.094	0.095	0.094	0.095	0.095	0.095	0.095	0.095	0.093
60:00:59	19.4	0.093	0.094	0.097	0.095	0.096	0.095	0.094	0.093	0.093	0.094	0.095	0.096	0.093	1.402	0.202	0.289	1.331	1.351	1.388	1.389	1.366	1.406	1.381	0.096	0.093	0.244	1.412	0.419	1.366	1.411	1.399	1.355	1.389	1.328	1.339	0.096	0.094	0.153	0.235	0.468	1.371	1.380	1.390	1.343	1.399	1.396	1.346	0.095	0.095	0.149	0.544	1.377	1.387	1.383	1.386	1.362	1.418	1.422	1.432	0.093	0.096	0.129	0.248	1.390	1.423	1.417	1.396	1.397	1.383	1.392	1.370	0.093	0.095	0.128	0.459	1.447	1.415	1.446	1.465	1.446	1.413	1.407	1.387	0.093	0.095	0.095	0.094	0.094	0.094	0.094	0.096	0.095	0.095	0.095	0.095	0.093
61:01:00	19.4	0.093	0.094	0.097	0.095	0.096	0.095	0.094	0.093	0.093	0.094	0.095	0.096	0.093	1.419	0.214	0.314	1.359	1.374	1.405	1.405	1.386	1.415	1.399	0.096	0.093	0.240	1.430	0.457	1.391	1.340	1.414	1.366	1.403	1.352	1.365	0.096	0.094	0.158	0.231	0.505	1.380	1.390	1.399	1.347	1.411	1.406	1.352	0.095	0.095	0.157	0.604	1.389	1.401	1.400	1.397	1.376	1.385	1.434	1.366	0.093	0.097	0.131	0.253	1.402	1.437	1.427	1.405	1.408	1.397	1.375	1.389	0.093	0.095	0.130	0.513	1.465	1.429	1.461	1.481	1.459	1.425	1.419	1.398	0.093	0.095	0.095	0.095	0.095	0.095	0.094	0.095	0.095	0.095	0.096	0.095	0.093
62:01:01	19.4	0.093	0.094	0.097	0.095	0.096	0.095	0.094	0.093	0.093	0.093	0.095	0.095	0.093	1.433	0.223	0.349	1.385	1.390	1.416	1.414	1.404	1.421	1.416	0.096	0.093	0.234	1.449	0.501	1.405	1.376	1.366	1.380	1.418	1.369	1.384	0.096	0.094	0.165	0.230	0.554	1.393	1.406	1.413	1.365	1.423	1.340	1.373	0.095	0.095	0.167	0.663	1.403	1.409	1.419	1.407	1.394	1.367	1.357	1.399	0.093	0.096	0.134	0.259	1.415	1.448	1.435	1.417	1.418	1.406	1.393	1.399	0.092	0.095	0.133	0.569	1.484	1.447	1.476	1.490	1.470	1.435	1.429	1.411	0.093	0.095	0.095	0.094	0.094	0.095	0.094	0.095	0.095	0.095	0.095	0.095	0.093
63:01:03	19.4	0.093	0.094	0.096	0.095	0.096	0.095	0.094	0.093	0.093	0.093	0.095	0.095	0.093	1.448	0.229	0.384	1.399	1.399	1.429	1.426	1.418	1.429	1.425	0.096	0.093	0.222	1.466	0.536	1.416	1.393	1.362	1.401	1.407	1.387	1.399	0.095	0.094	0.172	0.243	0.592	1.411	1.417	1.430	1.377	1.422	1.351	1.387	0.095	0.095	0.178	0.721	1.413	1.425	1.433	1.419	1.413	1.388	1.381	1.418	0.093	0.097	0.136	0.272	1.433	1.458	1.448	1.426	1.426	1.412	1.400	1.407	0.093	0.095	0.135	0.627	1.498	1.458	1.491	1.478	1.481	1.453	1.439	1.426	0.093	0.095	0.095	0.095	0.095	0.094	0.094	0.095	0.095	0.095	0.095	0.095	0.093
64:01:03	19.5	0.093	0.094	0.097	0.095	0.096	0.095	0.094	0.093	0.093	0.093	0.095	0.095	0.093	1.460	0.230	0.420	1.408	1.408	1.437	1.434	1.426	1.437	1.435	0.096	0.093	0.234	1.483	0.576	1.423	1.403	1.374	1.408	1.408	1.394	1.411	0.096	0.094	0.179	0.259	0.632	1.430	1.428	1.440	1.389	1.410	1.366	1.398	0.095	0.095	0.191	0.789	1.424	1.437	1.445	1.429	1.425	1.399	1.390	1.426	0.093	0.096	0.140	0.282	1.441	1.469	1.455	1.434	1.433	1.424	1.407	1.416	0.093	0.095	0.138	0.693	1.507	1.470	1.503	1.484	1.489	1.460	1.444	1.436	0.093	0.095	0.095	0.095	0.094	0.094	0.094	0.095	0.095	0.095	0.096	0.095	0.093
65:01:04	19.7	0.093	0.094	0.096	0.094	0.095	0.095	0.094	0.092	0.093	0.093	0.095	0.095	0.092	1.475	0.225	0.477	1.414	1.416	1.444	1.438	1.434	1.443	1.446	0.096	0.093	0.254	1.496	0.629	1.432	1.410	1.387	1.416	1.394	1.402	1.420	0.095	0.094	0.188	0.272	0.689	1.437	1.438	1.446	1.398	1.393	1.379	1.413	0.095	0.095	0.207	0.852	1.436	1.445	1.454	1.435	1.433	1.407	1.399	1.433	0.093	0.097	0.143	0.300	1.449	1.478	1.464	1.442	1.440	1.430	1.411	1.427	0.092	0.095	0.141	0.769	1.515	1.483	1.518	1.496	1.498	1.468	1.450	1.446	0.093	0.095	0.095	0.095	0.094	0.094	0.094	0.095	0.094	0.095	0.095	0.094	0.093
66:01:07	20.1	0.093	0.094	0.098	0.095	0.096	0.095	0.094	0.093	0.093	0.094	0.095	0.095	0.093	1.489	0.215	0.535	1.421	1.425	1.452	1.443	1.440	1.450	1.453	0.096	0.093	0.260	1.512	0.676	1.442	1.415	1.399	1.422	1.394	1.411	1.426	0.096	0.094	0.197	0.296	0.757	1.442	1.445	1.452	1.404	1.399	1.389	1.421	0.095	0.095	0.222	0.728	1.446	1.453	1.462	1.441	1.437	1.414	1.405	1.442	0.093	0.097	0.148	0.328	1.456	1.486	1.471	1.449	1.443	1.435	1.417	1.440	0.093	0.095	0.145	0.827	1.515	1.493	1.511	1.504	1.510	1.478	1.454	1.457	0.093	0.095	0.095	0.095	0.094	0.095	0.094	0.095	0.095	0.095	0.095	0.095	0.093
67:01:07	20.5	0.093	0.094	0.096	0.094	0.095	0.095	0.094	0.092	0.093	0.093	0.094	0.095	0.092	1.504	0.217	0.589	1.426	1.434	1.458	1.445	1.445	1.456	1.458	0.095	0.093	0.282	1.397	0.725	1.447	1.417	1.404	1.425	1.403	1.417	1.434	0.095	0.094	0.205	0.325	0.834	1.447	1.448	1.454	1.407	1.405	1.398	1.427	0.095	0.095	0.235	0.959	1.455	1.456	1.463	1.444	1.440	1.418	1.408	1.448	0.093	0.096	0.153	0.361	1.461	1.488	1.475	1.454	1.448	1.439	1.422	1.448	0.092	0.095	0.150	0.830	1.523	1.502	1.512	1.513	1.514	1.485	1.459	1.462	0.093	0.095	0.095	0.094	0.094	0.094	0.093	0.095	0.094	0.094	0.095	0.094	0.093
68:01:17	21.0	0.093	0.094	0.098	0.095	0.095	0.095	0.094	0.092	0.093	0.093	0.095	0.095	0.093	1.522	0.230	0.644	1.434	1.445	1.466	1.449	1.451	1.464	1.467	0.096	0.093	0.309	1.419	0.792	1.452	1.420	1.412	1.428	1.408	1.421	1.442	0.095	0.094	0.217	0.360	0.875	1.451	1.450	1.458	1.411	1.411	1.406	1.437	0.095	0.095	0.241	1.002	1.461	1.460	1.466	1.450	1.444	1.420	1.413	1.453	0.093	0.097	0.159	0.392	1.468	1.492	1.479	1.458	1.452	1.442	1.428	1.456	0.092	0.095	0.156	0.974	1.535	1.511	1.499	1.522	1.496	1.492	1.467	1.470	0.093	0.095	0.095	0.094	0.094	0.094	0.094	0.095	0.094	0.095	0.095	0.094	0.093
69:01:09	21.4	0.093	0.094	0.097	0.095	0.095	0.095	0.094	0.093	0.093	0.093	0.094	0.095	0.093	1.378	0.242	0.706	1.442	1.458	1.471	1.457	1.460	1.472	1.476	0.096	0.093	0.330	1.431	0.862	1.458	1.422	1.420	1.431	1.413	1.425	1.449	0.096	0.094	0.228	0.392	0.897	1.455	1.452	1.461	1.413	1.412	1.412	1.445	0.095	0.097	0.249	1.010	1.470	1.465	1.470	1.452	1.445	1.424	1.415	1.458	0.093	0.097	0.166	0.425	1.476	1.493	1.485	1.466	1.457	1.448	1.432	1.462	0.092	0.095	0.162	0.998	1.545	1.527	1.508	1.531	1.455	1.503	1.478	1.475	0.093	0.095	0.095	0.095	0.094	0.094	0.093	0.095	0.094	0.095	0.095	0.094	0.093
70:01:09	22.0	0.092	0.094	0.096	0.094	0.095	0.095	0.094	0.092	0.092	0.093	0.094	0.095	0.092	1.405	0.257	0.775	1.455	1.464	1.476	1.465	1.470	1.481	1.486	0.095	0.092	0.349	1.444	0.890	1.463	1.424	1.422	1.433	1.417	1.430	1.457	0.095	0.094	0.236	0.430	0.908	1.460	1.452	1.461	1.416	1.414	1.422	1.453	0.094	0.095	0.263	1.008	1.479	1.469	1.471	1.456	1.447	1.425	1.418	1.464	0.092	0.096	0.173	0.461	1.487	1.483	1.490	1.471	1.461	1.453	1.436	1.468	0.092	0.095	0.169	1.005	1.566	1.540	1.520	1.543	1.466	1.510	1.474	1.485	0.092	0.095	0.095	0.094	0.094	0.094	0.093	0.095	0.094	0.094	0.095	0.094	0.092
71:01:10	22.3	0.093	0.094	0.097	0.095	0.095	0.095	0.094	0.093	0.093	0.093	0.094	0.095	0.093	1.417	0.286	0.787	1.470	1.471	1.486	1.473	1.476	1.491	1.496	0.096	0.093	0.372	1.457	0.903	1.472	1.428	1.426	1.436	1.423	1.436	1.461	0.095	0.094	0.242	0.462	0.923	1.466	1.454	1.462	1.418	1.415	1.426	1.460	0.095	0.095	0.290	1.018	1.492	1.474	1.474	1.458	1.448	1.426	1.422	1.469	0.093	0.097	0.183	0.503	1.501	1.471	1.496	1.478	1.467	1.459	1.440	1.475	0.092	0.094	0.179	1.002	1.583	1.553	1.531	1.554	1.479	1.515	1.477	1.493	0.093	0.095	0.095	0.094	0.094	0.094	0.093	0.094	0.094	0.094	0.095	0.094	0.093
72:01:11	22.5	0.092	0.094	0.097	0.094	0.095	0.095	0.094	0.092	0.092	0.093	0.094	0.095	0.092	1.431	0.323	0.927	1.478	1.478	1.493	1.480	1.482	1.499	1.510	0.095	0.092	0.416	1.497	0.918	1.483	1.431	1.432	1.442	1.428	1.437	1.472	0.095	0.094	0.251	0.518	0.939	1.475	1.453	1.464	1.422	1.418	1.433	1.466	0.095	0.095	0.335	1.020	1.506	1.481	1.476	1.462	1.451	1.429	1.425	1.474	0.093	0.096	0.194	0.566	1.514	1.464	1.504	1.484	1.472	1.463	1.444	1.483	0.092	0.095	0.189	1.001	1.593	1.567	1.548	1.566	1.479	1.524	1.476	1.504	0.092	0.095	0.095	0.094	0.094	0.094	0.094	0.094	0.094	0.094	0.095	0.094	0.092

