Time	T° 600	A1	A2	A3	A4	A5	A6	A7	A8	A9	A10	A11	A12	B1	B2	B3	B4	B5	B6	B7	B8	B9	B10	B11	B12	C1	C2	C3	C4	C5	C6	C7	C8	C9	C10	C11	C12	D1	D2	D3	D4	D5	D6	D7	D8	D9	D10	D11	D12	E1	E2	E3	E4	E5	E6	E7	E8	E9	E10	E11	E12	F1	F2	F3	F4	F5	F6	F7	F8	F9	F10	F11	F12	G1	G2	G3	G4	G5	G6	G7	G8	G9	G10	G11	G12	H1	H2	H3	H4	H5	H6	H7	H8	H9	H10	H11	H12
0:00:06	20.4	0.090	0.092	0.091	0.092	0.093	0.093	0.091	0.094	0.091	0.091	0.091	0.092	0.091	0.115	0.113	0.104	0.107	0.114	0.108	0.117	0.110	0.103	0.118	0.093	0.090	0.108	0.111	0.112	0.114	0.112	0.115	0.114	0.107	0.119	0.124	0.093	0.091	0.109	0.108	0.112	0.100	0.108	0.108	0.105	0.108	0.121	0.108	0.091	0.091	0.106	0.124	0.109	0.115	0.101	0.115	0.103	0.117	0.106	0.114	0.091	0.092	0.118	0.122	0.117	0.108	0.112	0.116	0.112	0.115	0.114	0.110	0.090	0.092	0.103	0.120	0.108	0.108	0.111	0.112	0.103	0.113	0.106	0.108	0.091	0.091	0.092	0.091	0.091	0.091	0.091	0.093	0.094	0.093	0.094	0.093	0.091
1:00:04	20.3	0.090	0.092	0.090	0.092	0.092	0.093	0.091	0.094	0.092	0.091	0.091	0.091	0.091	0.119	0.118	0.106	0.109	0.118	0.112	0.122	0.114	0.105	0.122	0.094	0.090	0.112	0.115	0.117	0.120	0.115	0.120	0.119	0.109	0.125	0.130	0.093	0.091	0.112	0.111	0.116	0.102	0.111	0.111	0.108	0.111	0.124	0.111	0.091	0.091	0.109	0.129	0.113	0.118	0.104	0.121	0.107	0.122	0.108	0.118	0.090	0.092	0.124	0.127	0.123	0.110	0.116	0.121	0.115	0.119	0.120	0.114	0.090	0.092	0.105	0.125	0.111	0.111	0.114	0.116	0.105	0.116	0.109	0.110	0.091	0.092	0.092	0.091	0.091	0.091	0.091	0.093	0.094	0.093	0.093	0.094	0.091
2:00:06	20.1	0.090	0.092	0.091	0.092	0.092	0.093	0.091	0.094	0.092	0.091	0.092	0.092	0.091	0.122	0.122	0.109	0.113	0.123	0.114	0.127	0.118	0.108	0.127	0.094	0.090	0.115	0.119	0.120	0.124	0.119	0.123	0.122	0.113	0.129	0.133	0.093	0.091	0.117	0.115	0.119	0.104	0.114	0.115	0.111	0.114	0.128	0.114	0.091	0.092	0.113	0.134	0.114	0.122	0.106	0.125	0.111	0.126	0.110	0.123	0.091	0.092	0.129	0.130	0.124	0.113	0.119	0.125	0.120	0.124	0.123	0.117	0.090	0.092	0.108	0.126	0.114	0.114	0.117	0.119	0.107	0.120	0.113	0.114	0.091	0.092	0.092	0.091	0.091	0.092	0.091	0.093	0.094	0.093	0.094	0.094	0.091
3:00:07	20.0	0.090	0.092	0.091	0.092	0.092	0.093	0.091	0.094	0.092	0.091	0.092	0.092	0.091	0.127	0.128	0.113	0.118	0.129	0.116	0.133	0.123	0.111	0.133	0.093	0.090	0.119	0.124	0.125	0.129	0.124	0.128	0.127	0.118	0.132	0.135	0.093	0.091	0.123	0.121	0.123	0.107	0.118	0.121	0.116	0.119	0.132	0.119	0.091	0.092	0.118	0.139	0.117	0.127	0.110	0.130	0.116	0.132	0.114	0.129	0.091	0.093	0.134	0.133	0.128	0.118	0.123	0.131	0.126	0.129	0.126	0.123	0.090	0.092	0.112	0.129	0.119	0.119	0.121	0.124	0.111	0.125	0.118	0.120	0.091	0.092	0.092	0.091	0.091	0.091	0.091	0.093	0.094	0.093	0.094	0.094	0.091
4:00:08	19.9	0.090	0.092	0.091	0.092	0.093	0.093	0.091	0.094	0.092	0.091	0.091	0.092	0.091	0.134	0.135	0.118	0.124	0.136	0.122	0.140	0.130	0.117	0.140	0.093	0.090	0.125	0.131	0.131	0.134	0.131	0.134	0.134	0.124	0.137	0.141	0.093	0.090	0.131	0.128	0.129	0.113	0.125	0.128	0.123	0.126	0.138	0.124	0.092	0.092	0.125	0.145	0.122	0.134	0.115	0.138	0.123	0.138	0.119	0.136	0.091	0.093	0.140	0.139	0.135	0.124	0.130	0.137	0.132	0.135	0.132	0.130	0.090	0.092	0.118	0.136	0.126	0.126	0.128	0.131	0.117	0.132	0.126	0.127	0.091	0.092	0.092	0.091	0.091	0.092	0.091	0.093	0.094	0.093	0.094	0.094	0.091
5:00:10	19.8	0.090	0.092	0.091	0.092	0.093	0.093	0.091	0.094	0.092	0.091	0.092	0.092	0.091	0.141	0.142	0.127	0.133	0.143	0.130	0.148	0.139	0.125	0.148	0.094	0.090	0.134	0.139	0.138	0.142	0.138	0.142	0.141	0.132	0.146	0.148	0.093	0.091	0.139	0.135	0.136	0.121	0.133	0.136	0.131	0.134	0.144	0.132	0.092	0.092	0.133	0.151	0.129	0.141	0.123	0.143	0.130	0.144	0.128	0.144	0.091	0.093	0.147	0.147	0.143	0.132	0.138	0.145	0.139	0.141	0.140	0.138	0.090	0.092	0.127	0.144	0.134	0.134	0.136	0.140	0.125	0.140	0.134	0.135	0.091	0.092	0.092	0.091	0.091	0.092	0.091	0.093	0.094	0.093	0.094	0.094	0.091
6:00:10	19.8	0.090	0.092	0.091	0.092	0.092	0.093	0.091	0.094	0.092	0.091	0.092	0.092	0.091	0.149	0.151	0.136	0.142	0.151	0.141	0.154	0.147	0.136	0.156	0.094	0.090	0.143	0.147	0.146	0.150	0.147	0.149	0.148	0.140	0.154	0.155	0.092	0.091	0.147	0.142	0.144	0.131	0.142	0.144	0.139	0.142	0.151	0.139	0.091	0.092	0.141	0.158	0.139	0.148	0.133	0.150	0.138	0.151	0.137	0.152	0.091	0.092	0.155	0.154	0.151	0.140	0.145	0.153	0.147	0.149	0.147	0.147	0.090	0.092	0.137	0.153	0.142	0.143	0.145	0.149	0.135	0.148	0.142	0.142	0.091	0.091	0.092	0.091	0.091	0.091	0.091	0.093	0.094	0.093	0.094	0.094	0.091
7:00:10	19.7	0.090	0.092	0.091	0.092	0.093	0.093	0.091	0.095	0.092	0.091	0.092	0.092	0.092	0.160	0.161	0.146	0.151	0.160	0.152	0.164	0.157	0.147	0.167	0.094	0.090	0.152	0.158	0.155	0.160	0.155	0.159	0.158	0.150	0.164	0.165	0.093	0.091	0.159	0.151	0.153	0.143	0.152	0.154	0.148	0.152	0.160	0.148	0.092	0.092	0.152	0.169	0.148	0.159	0.144	0.161	0.147	0.162	0.147	0.162	0.091	0.093	0.165	0.163	0.161	0.150	0.155	0.164	0.157	0.160	0.158	0.157	0.090	0.092	0.149	0.163	0.153	0.154	0.155	0.161	0.146	0.160	0.152	0.154	0.091	0.092	0.092	0.091	0.092	0.092	0.091	0.093	0.094	0.093	0.094	0.094	0.091
8:00:11	19.7	0.090	0.092	0.091	0.092	0.092	0.093	0.091	0.094	0.092	0.091	0.092	0.092	0.091	0.173	0.173	0.156	0.161	0.174	0.165	0.177	0.168	0.158	0.179	0.094	0.090	0.164	0.170	0.165	0.170	0.166	0.170	0.168	0.162	0.176	0.176	0.093	0.090	0.169	0.162	0.166	0.155	0.163	0.165	0.159	0.162	0.172	0.161	0.092	0.092	0.164	0.179	0.161	0.172	0.155	0.174	0.159	0.172	0.159	0.174	0.091	0.092	0.176	0.174	0.173	0.161	0.168	0.176	0.169	0.172	0.169	0.170	0.090	0.092	0.162	0.174	0.163	0.166	0.166	0.174	0.159	0.173	0.163	0.166	0.091	0.092	0.092	0.091	0.091	0.091	0.091	0.093	0.094	0.093	0.094	0.094	0.091
9:00:12	19.7	0.090	0.092	0.091	0.092	0.092	0.093	0.091	0.094	0.092	0.091	0.092	0.092	0.091	0.186	0.186	0.166	0.175	0.190	0.179	0.193	0.185	0.172	0.193	0.093	0.090	0.177	0.184	0.177	0.183	0.178	0.184	0.180	0.176	0.192	0.191	0.093	0.091	0.179	0.174	0.179	0.167	0.176	0.179	0.172	0.175	0.186	0.175	0.091	0.092	0.176	0.193	0.175	0.187	0.167	0.189	0.171	0.187	0.173	0.188	0.090	0.093	0.190	0.187	0.187	0.173	0.182	0.190	0.183	0.187	0.185	0.184	0.090	0.092	0.174	0.190	0.175	0.179	0.180	0.189	0.171	0.188	0.177	0.182	0.091	0.092	0.092	0.091	0.091	0.092	0.091	0.093	0.094	0.093	0.093	0.094	0.091
10:00:13	19.7	0.090	0.092	0.091	0.092	0.092	0.093	0.091	0.094	0.092	0.091	0.092	0.092	0.091	0.202	0.203	0.179	0.189	0.205	0.194	0.208	0.201	0.185	0.210	0.093	0.090	0.192	0.199	0.192	0.199	0.194	0.202	0.196	0.194	0.210	0.207	0.093	0.091	0.195	0.189	0.194	0.180	0.193	0.194	0.187	0.190	0.203	0.192	0.091	0.092	0.190	0.209	0.193	0.206	0.180	0.206	0.184	0.204	0.189	0.205	0.091	0.093	0.208	0.204	0.205	0.190	0.198	0.207	0.199	0.205	0.202	0.201	0.090	0.092	0.189	0.207	0.193	0.195	0.197	0.206	0.187	0.206	0.192	0.198	0.091	0.092	0.092	0.091	0.092	0.092	0.091	0.093	0.094	0.093	0.094	0.094	0.091
11:00:14	19.7	0.090	0.093	0.091	0.092	0.093	0.093	0.092	0.095	0.092	0.091	0.092	0.092	0.092	0.220	0.223	0.196	0.207	0.226	0.214	0.227	0.224	0.205	0.232	0.094	0.091	0.212	0.216	0.211	0.220	0.213	0.223	0.215	0.213	0.234	0.227	0.093	0.091	0.212	0.206	0.213	0.197	0.214	0.212	0.208	0.209	0.226	0.211	0.092	0.092	0.207	0.229	0.212	0.229	0.198	0.227	0.202	0.226	0.210	0.225	0.091	0.093	0.228	0.226	0.227	0.211	0.219	0.228	0.219	0.227	0.224	0.223	0.091	0.093	0.207	0.229	0.213	0.213	0.218	0.227	0.207	0.227	0.211	0.219	0.092	0.092	0.093	0.091	0.092	0.092	0.092	0.094	0.094	0.093	0.094	0.094	0.092
12:00:14	19.7	0.090	0.092	0.091	0.092	0.093	0.093	0.092	0.094	0.092	0.091	0.092	0.092	0.092	0.243	0.248	0.217	0.229	0.249	0.238	0.248	0.249	0.227	0.258	0.094	0.091	0.234	0.237	0.234	0.243	0.235	0.249	0.238	0.235	0.263	0.251	0.093	0.091	0.234	0.226	0.234	0.218	0.237	0.232	0.231	0.230	0.250	0.234	0.092	0.092	0.226	0.252	0.236	0.254	0.218	0.253	0.224	0.251	0.234	0.249	0.091	0.093	0.252	0.251	0.255	0.232	0.243	0.252	0.244	0.253	0.251	0.246	0.090	0.092	0.226	0.255	0.235	0.234	0.245	0.251	0.231	0.251	0.235	0.243	0.092	0.092	0.092	0.091	0.092	0.092	0.092	0.094	0.094	0.093	0.094	0.094	0.092
13:00:16	19.6	0.090	0.092	0.091	0.092	0.092	0.093	0.091	0.094	0.092	0.091	0.092	0.092	0.091	0.270	0.276	0.240	0.252	0.280	0.268	0.275	0.282	0.255	0.292	0.094	0.091	0.261	0.263	0.261	0.274	0.262	0.280	0.265	0.263	0.303	0.281	0.093	0.091	0.260	0.249	0.263	0.243	0.267	0.255	0.260	0.256	0.283	0.263	0.092	0.092	0.250	0.279	0.265	0.286	0.245	0.287	0.249	0.284	0.266	0.279	0.091	0.093	0.281	0.281	0.288	0.258	0.273	0.283	0.276	0.287	0.283	0.277	0.090	0.092	0.252	0.285	0.262	0.259	0.276	0.281	0.261	0.282	0.263	0.272	0.091	0.092	0.093	0.091	0.092	0.092	0.091	0.093	0.094	0.093	0.094	0.094	0.091
14:00:17	19.6	0.090	0.093	0.091	0.092	0.093	0.093	0.091	0.095	0.092	0.091	0.092	0.092	0.091	0.305	0.316	0.271	0.281	0.320	0.308	0.307	0.324	0.291	0.337	0.094	0.091	0.298	0.296	0.306	0.318	0.299	0.322	0.301	0.299	0.355	0.321	0.093	0.091	0.295	0.279	0.300	0.274	0.305	0.283	0.299	0.289	0.325	0.301	0.092	0.092	0.278	0.318	0.304	0.332	0.280	0.334	0.282	0.330	0.310	0.317	0.091	0.093	0.319	0.319	0.330	0.293	0.315	0.321	0.316	0.329	0.325	0.317	0.091	0.092	0.282	0.325	0.299	0.291	0.317	0.319	0.301	0.321	0.299	0.310	0.092	0.092	0.093	0.091	0.092	0.092	0.092	0.093	0.094	0.093	0.094	0.094	0.091
15:00:18	19.6	0.090	0.092	0.091	0.092	0.093	0.093	0.092	0.095	0.092	0.091	0.092	0.092	0.092	0.351	0.365	0.309	0.318	0.372	0.362	0.350	0.382	0.337	0.399	0.094	0.091	0.345	0.339	0.361	0.375	0.349	0.377	0.346	0.345	0.421	0.375	0.093	0.091	0.338	0.315	0.350	0.316	0.355	0.319	0.349	0.333	0.380	0.352	0.092	0.092	0.314	0.365	0.358	0.390	0.329	0.395	0.324	0.387	0.367	0.366	0.091	0.093	0.370	0.366	0.384	0.339	0.370	0.372	0.372	0.385	0.380	0.370	0.091	0.093	0.321	0.377	0.346	0.330	0.368	0.369	0.354	0.372	0.346	0.356	0.091	0.092	0.093	0.091	0.092	0.092	0.092	0.094	0.094	0.093	0.094	0.094	0.091
16:00:18	19.6	0.090	0.093	0.091	0.092	0.093	0.093	0.091	0.095	0.092	0.091	0.092	0.092	0.091	0.406	0.420	0.358	0.366	0.437	0.419	0.405	0.449	0.393	0.466	0.094	0.091	0.401	0.392	0.423	0.438	0.402	0.437	0.400	0.399	0.493	0.437	0.093	0.091	0.389	0.359	0.403	0.370	0.408	0.367	0.410	0.387	0.439	0.412	0.092	0.092	0.356	0.427	0.419	0.457	0.384	0.461	0.374	0.454	0.431	0.425	0.091	0.093	0.433	0.425	0.443	0.396	0.434	0.431	0.435	0.446	0.439	0.429	0.090	0.093	0.369	0.438	0.407	0.380	0.428	0.427	0.414	0.429	0.399	0.411	0.091	0.092	0.093	0.091	0.092	0.092	0.091	0.094	0.094	0.093	0.094	0.094	0.091
17:00:20	19.6	0.090	0.092	0.091	0.092	0.093	0.093	0.092	0.094	0.092	0.091	0.092	0.092	0.092	0.466	0.489	0.416	0.419	0.506	0.484	0.464	0.520	0.464	0.538	0.094	0.091	0.462	0.451	0.501	0.511	0.468	0.506	0.463	0.463	0.568	0.502	0.093	0.092	0.457	0.412	0.465	0.433	0.472	0.425	0.483	0.451	0.508	0.477	0.092	0.092	0.408	0.493	0.482	0.528	0.442	0.531	0.437	0.522	0.491	0.487	0.091	0.093	0.506	0.485	0.507	0.458	0.503	0.496	0.506	0.512	0.506	0.496	0.090	0.093	0.424	0.503	0.468	0.435	0.493	0.488	0.478	0.494	0.461	0.474	0.091	0.092	0.093	0.091	0.092	0.092	0.092	0.093	0.094	0.093	0.094	0.094	0.091
18:00:20	19.6	0.090	0.092	0.091	0.092	0.093	0.093	0.092	0.094	0.092	0.091	0.092	0.092	0.091	0.528	0.556	0.477	0.490	0.578	0.553	0.536	0.599	0.531	0.616	0.094	0.091	0.530	0.515	0.567	0.584	0.534	0.572	0.525	0.529	0.643	0.571	0.093	0.092	0.524	0.479	0.531	0.502	0.537	0.499	0.555	0.521	0.574	0.545	0.092	0.092	0.470	0.567	0.551	0.600	0.512	0.604	0.506	0.597	0.558	0.554	0.091	0.093	0.582	0.553	0.572	0.521	0.574	0.565	0.576	0.580	0.571	0.563	0.091	0.093	0.486	0.569	0.540	0.500	0.560	0.552	0.545	0.560	0.531	0.542	0.091	0.092	0.093	0.091	0.092	0.092	0.092	0.094	0.094	0.093	0.094	0.094	0.091
19:00:22	19.5	0.090	0.093	0.091	0.093	0.093	0.093	0.092	0.094	0.092	0.091	0.093	0.092	0.092	0.596	0.629	0.542	0.558	0.649	0.619	0.601	0.667	0.594	0.684	0.094	0.091	0.596	0.585	0.636	0.655	0.601	0.640	0.593	0.604	0.711	0.640	0.093	0.093	0.595	0.542	0.594	0.564	0.606	0.561	0.629	0.582	0.643	0.611	0.092	0.092	0.530	0.636	0.613	0.669	0.575	0.675	0.572	0.669	0.624	0.621	0.091	0.093	0.645	0.622	0.639	0.585	0.643	0.631	0.649	0.647	0.638	0.631	0.091	0.093	0.548	0.632	0.604	0.561	0.625	0.618	0.607	0.628	0.596	0.602	0.091	0.092	0.093	0.091	0.092	0.092	0.092	0.094	0.094	0.093	0.094	0.094	0.092
20:00:25	19.5	0.090	0.093	0.091	0.093	0.093	0.093	0.091	0.094	0.092	0.091	0.093	0.092	0.092	0.658	0.693	0.602	0.619	0.718	0.683	0.665	0.737	0.649	0.752	0.094	0.091	0.651	0.642	0.701	0.722	0.663	0.699	0.659	0.662	0.775	0.703	0.093	0.095	0.655	0.606	0.656	0.624	0.666	0.621	0.690	0.645	0.703	0.673	0.092	0.092	0.592	0.695	0.672	0.735	0.641	0.741	0.636	0.732	0.683	0.685	0.091	0.093	0.712	0.687	0.699	0.644	0.707	0.692	0.710	0.707	0.695	0.691	0.091	0.093	0.609	0.692	0.674	0.624	0.685	0.679	0.664	0.688	0.654	0.665	0.091	0.092	0.093	0.091	0.092	0.092	0.092	0.094	0.094	0.093	0.094	0.094	0.091
21:00:24	19.5	0.090	0.092	0.091	0.092	0.093	0.093	0.092	0.094	0.092	0.091	0.093	0.092	0.092	0.718	0.753	0.658	0.672	0.777	0.737	0.719	0.790	0.700	0.812	0.094	0.091	0.705	0.702	0.760	0.781	0.723	0.755	0.715	0.719	0.831	0.761	0.093	0.097	0.719	0.666	0.712	0.678	0.722	0.686	0.749	0.700	0.760	0.728	0.092	0.092	0.649	0.757	0.724	0.790	0.691	0.799	0.693	0.791	0.737	0.741	0.091	0.093	0.770	0.746	0.755	0.700	0.762	0.749	0.773	0.763	0.750	0.746	0.091	0.092	0.670	0.746	0.736	0.683	0.742	0.733	0.715	0.748	0.712	0.722	0.091	0.092	0.093	0.091	0.092	0.092	0.091	0.094	0.094	0.093	0.094	0.094	0.092
22:00:25	19.5	0.090	0.093	0.091	0.092	0.093	0.093	0.091	0.094	0.092	0.091	0.094	0.092	0.092	0.767	0.802	0.711	0.733	0.826	0.785	0.772	0.838	0.744	0.862	0.094	0.091	0.750	0.751	0.812	0.832	0.776	0.802	0.766	0.770	0.879	0.810	0.093	0.101	0.771	0.726	0.757	0.724	0.771	0.738	0.799	0.747	0.809	0.778	0.092	0.092	0.707	0.809	0.772	0.841	0.741	0.849	0.745	0.840	0.783	0.792	0.091	0.093	0.824	0.797	0.805	0.749	0.810	0.800	0.819	0.811	0.797	0.793	0.090	0.093	0.725	0.796	0.788	0.737	0.792	0.782	0.763	0.797	0.759	0.768	0.092	0.092	0.093	0.091	0.092	0.092	0.092	0.094	0.094	0.093	0.094	0.094	0.091
23:00:26	19.4	0.090	0.093	0.091	0.093	0.093	0.094	0.092	0.094	0.092	0.091	0.094	0.092	0.091	0.813	0.847	0.751	0.778	0.865	0.825	0.814	0.877	0.783	0.902	0.094	0.091	0.797	0.798	0.854	0.874	0.819	0.843	0.809	0.814	0.917	0.851	0.093	0.108	0.816	0.771	0.800	0.766	0.815	0.783	0.841	0.789	0.851	0.821	0.092	0.092	0.752	0.858	0.814	0.882	0.783	0.888	0.791	0.881	0.825	0.834	0.091	0.094	0.869	0.839	0.847	0.793	0.848	0.843	0.860	0.850	0.839	0.833	0.091	0.093	0.771	0.836	0.836	0.785	0.835	0.824	0.803	0.842	0.800	0.811	0.091	0.092	0.093	0.091	0.092	0.092	0.092	0.093	0.094	0.093	0.094	0.094	0.092
24:00:26	19.4	0.090	0.093	0.091	0.093	0.093	0.093	0.092	0.094	0.092	0.091	0.094	0.092	0.092	0.852	0.882	0.790	0.816	0.898	0.865	0.847	0.909	0.821	0.933	0.094	0.091	0.835	0.838	0.888	0.909	0.854	0.878	0.846	0.853	0.951	0.886	0.093	0.118	0.851	0.813	0.838	0.805	0.851	0.824	0.875	0.830	0.887	0.855	0.092	0.092	0.793	0.895	0.850	0.918	0.823	0.922	0.831	0.914	0.864	0.871	0.091	0.094	0.905	0.876	0.885	0.831	0.881	0.879	0.894	0.885	0.875	0.869	0.090	0.093	0.814	0.873	0.871	0.826	0.870	0.860	0.841	0.880	0.840	0.847	0.092	0.092	0.093	0.091	0.092	0.092	0.092	0.094	0.095	0.093	0.094	0.094	0.092
25:00:28	19.3	0.090	0.093	0.091	0.092	0.093	0.093	0.092	0.094	0.092	0.091	0.095	0.092	0.091	0.885	0.910	0.824	0.848	0.927	0.896	0.879	0.939	0.850	0.962	0.094	0.091	0.869	0.870	0.919	0.940	0.888	0.906	0.879	0.888	0.984	0.916	0.093	0.133	0.881	0.847	0.870	0.838	0.884	0.855	0.906	0.859	0.916	0.884	0.092	0.092	0.828	0.926	0.884	0.952	0.858	0.951	0.864	0.946	0.896	0.902	0.091	0.094	0.936	0.906	0.917	0.866	0.914	0.912	0.926	0.914	0.905	0.899	0.091	0.093	0.854	0.902	0.905	0.863	0.900	0.888	0.874	0.914	0.871	0.879	0.092	0.092	0.093	0.091	0.092	0.092	0.092	0.093	0.095	0.093	0.094	0.094	0.091
26:00:28	19.3	0.091	0.093	0.091	0.093	0.093	0.093	0.092	0.094	0.092	0.091	0.096	0.092	0.091	0.913	0.936	0.857	0.878	0.955	0.924	0.905	0.965	0.879	0.987	0.094	0.091	0.899	0.901	0.948	0.968	0.915	0.928	0.907	0.917	1.010	0.939	0.094	0.151	0.910	0.877	0.898	0.870	0.912	0.884	0.936	0.889	0.941	0.908	0.092	0.093	0.854	0.955	0.910	0.980	0.890	0.976	0.891	0.972	0.924	0.928	0.091	0.094	0.965	0.934	0.945	0.894	0.940	0.939	0.953	0.939	0.931	0.925	0.091	0.093	0.890	0.928	0.938	0.895	0.927	0.915	0.902	0.942	0.899	0.907	0.092	0.093	0.093	0.091	0.092	0.092	0.092	0.094	0.095	0.093	0.094	0.094	0.092
27:00:28	19.3	0.091	0.093	0.091	0.093	0.093	0.094	0.092	0.094	0.093	0.091	0.097	0.092	0.092	0.937	0.960	0.888	0.904	0.980	0.944	0.925	0.987	0.904	1.010	0.094	0.091	0.922	0.924	0.972	0.991	0.936	0.946	0.931	0.942	1.032	0.958	0.093	0.169	0.939	0.908	0.918	0.896	0.934	0.913	0.963	0.914	0.961	0.927	0.092	0.092	0.879	0.979	0.933	1.006	0.917	1.000	0.915	0.994	0.947	0.949	0.091	0.094	0.989	0.956	0.965	0.918	0.963	0.960	0.977	0.959	0.952	0.946	0.091	0.093	0.920	0.947	0.965	0.921	0.949	0.936	0.925	0.966	0.924	0.931	0.092	0.092	0.093	0.091	0.092	0.092	0.092	0.094	0.095	0.094	0.094	0.094	0.092
28:00:30	19.3	0.090	0.093	0.091	0.092	0.093	0.093	0.092	0.094	0.092	0.091	0.098	0.092	0.092	0.957	0.978	0.913	0.925	1.000	0.962	0.944	1.001	0.923	1.030	0.094	0.091	0.940	0.943	0.993	1.010	0.954	0.962	0.949	0.961	1.047	0.975	0.093	0.193	0.964	0.933	0.936	0.918	0.952	0.934	0.981	0.934	0.976	0.942	0.092	0.093	0.902	0.999	0.951	1.025	0.940	1.020	0.937	1.015	0.966	0.968	0.091	0.094	1.010	0.975	0.983	0.938	0.980	0.975	0.997	0.975	0.969	0.963	0.091	0.093	0.946	0.962	0.990	0.944	0.965	0.953	0.943	0.985	0.945	0.953	0.092	0.092	0.093	0.091	0.092	0.092	0.091	0.094	0.096	0.093	0.094	0.094	0.092
29:00:30	19.3	0.090	0.093	0.091	0.093	0.093	0.094	0.091	0.094	0.092	0.091	0.099	0.092	0.092	0.972	0.993	0.936	0.943	1.012	0.975	0.959	1.013	0.939	1.045	0.094	0.091	0.958	0.960	1.007	1.026	0.970	0.976	0.966	0.980	1.057	0.990	0.093	0.222	0.985	0.954	0.950	0.934	0.967	0.952	0.995	0.949	0.991	0.955	0.092	0.092	0.923	1.017	0.966	1.039	0.959	1.034	0.954	1.030	0.981	0.984	0.091	0.094	1.029	0.992	0.996	0.953	0.991	0.989	1.011	0.987	0.982	0.981	0.091	0.093	0.970	0.978	1.007	0.963	0.979	0.970	0.956	1.001	0.964	0.970	0.092	0.093	0.093	0.091	0.092	0.092	0.092	0.094	0.097	0.093	0.094	0.094	0.092
30:00:32	19.3	0.090	0.093	0.091	0.093	0.093	0.094	0.092	0.094	0.092	0.091	0.101	0.092	0.092	0.987	1.005	0.952	0.959	1.022	0.982	0.971	1.021	0.947	1.055	0.094	0.091	0.968	0.971	1.017	1.036	0.982	0.985	0.978	0.993	1.066	1.000	0.094	0.268	0.999	0.972	0.961	0.943	0.977	0.965	1.004	0.961	1.001	0.968	0.092	0.093	0.939	1.028	0.976	1.049	0.972	1.043	0.967	1.039	0.991	0.997	0.091	0.094	1.040	1.006	1.008	0.964	1.001	1.002	1.020	0.997	0.991	0.992	0.091	0.093	0.987	0.991	1.017	0.976	0.992	0.979	0.964	1.015	0.977	0.984	0.092	0.093	0.093	0.091	0.092	0.092	0.092	0.094	0.099	0.094	0.094	0.094	0.092
31:00:32	19.3	0.090	0.093	0.091	0.093	0.093	0.094	0.092	0.095	0.092	0.091	0.103	0.092	0.092	0.998	1.015	0.960	0.967	1.030	0.988	0.978	1.028	0.953	1.063	0.094	0.091	0.974	0.978	1.025	1.044	0.988	0.991	0.987	1.002	1.074	1.008	0.093	0.323	1.008	0.982	0.965	0.951	0.982	0.973	1.012	0.968	1.009	0.977	0.092	0.092	0.950	1.035	0.983	1.059	0.980	1.052	0.976	1.048	0.996	1.006	0.091	0.093	1.050	1.017	1.017	0.970	1.010	1.014	1.029	1.002	0.997	0.999	0.091	0.093	0.999	0.999	1.026	0.984	0.999	0.986	0.969	1.024	0.986	0.993	0.092	0.093	0.093	0.091	0.092	0.092	0.092	0.094	0.103	0.093	0.094	0.094	0.092
32:00:34	19.3	0.090	0.094	0.091	0.092	0.093	0.093	0.092	0.094	0.092	0.091	0.106	0.092	0.092	1.005	1.025	0.968	0.972	1.037	0.991	0.982	1.036	0.960	1.069	0.094	0.091	0.980	0.984	1.031	1.051	0.993	0.995	0.992	1.009	1.081	1.012	0.093	0.394	1.020	0.992	0.969	0.956	0.987	0.979	1.019	0.975	1.013	0.985	0.092	0.092	0.958	1.042	0.987	1.066	0.987	1.060	0.983	1.056	1.001	1.011	0.091	0.093	1.060	1.023	1.023	0.975	1.016	1.020	1.036	1.006	1.000	1.004	0.090	0.093	1.007	1.006	1.035	0.990	1.004	0.991	0.975	1.029	0.990	0.995	0.092	0.093	0.093	0.091	0.092	0.092	0.092	0.094	0.109	0.093	0.094	0.094	0.091
33:00:35	19.3	0.090	0.094	0.091	0.092	0.093	0.093	0.092	0.094	0.092	0.091	0.110	0.092	0.092	1.010	1.032	0.970	0.974	1.042	0.994	0.983	1.042	0.964	1.075	0.094	0.091	0.981	0.984	1.037	1.057	0.995	0.998	0.994	1.011	1.088	1.014	0.093	0.466	1.028	0.993	0.971	0.958	0.988	0.980	1.024	0.975	1.015	0.993	0.092	0.092	0.963	1.049	0.993	1.075	0.990	1.066	0.985	1.060	1.004	1.012	0.091	0.093	1.062	1.028	1.028	0.976	1.022	1.023	1.042	1.006	1.001	1.008	0.091	0.093	1.012	1.010	1.039	0.993	1.008	0.992	0.977	1.031	0.993	0.999	0.092	0.092	0.093	0.091	0.092	0.092	0.092	0.094	0.121	0.093	0.094	0.094	0.092
34:00:36	19.3	0.090	0.094	0.091	0.093	0.093	0.093	0.092	0.094	0.092	0.091	0.114	0.092	0.091	1.014	1.039	0.972	0.975	1.045	0.996	0.982	1.045	0.965	1.080	0.094	0.091	0.982	0.986	1.042	1.060	0.995	0.998	0.994	1.012	1.090	1.015	0.093	0.540	1.033	0.995	0.970	0.960	0.989	0.982	1.027	0.978	1.014	1.000	0.092	0.092	0.964	1.054	0.994	1.082	0.990	1.073	0.989	1.065	1.005	1.015	0.091	0.093	1.068	1.028	1.031	0.977	1.027	1.023	1.045	1.006	1.000	1.009	0.091	0.093	1.014	1.014	1.046	0.996	1.010	0.992	0.979	1.032	0.994	1.000	0.092	0.092	0.093	0.091	0.092	0.092	0.092	0.093	0.134	0.094	0.094	0.094	0.091
35:00:38	19.3	0.091	0.095	0.091	0.093	0.093	0.094	0.092	0.095	0.093	0.092	0.120	0.092	0.092	1.015	1.043	0.971	0.976	1.047	0.995	0.981	1.048	0.966	1.082	0.094	0.091	0.982	0.986	1.045	1.062	0.995	0.997	0.993	1.012	1.094	1.014	0.093	0.615	1.037	0.996	0.970	0.961	0.988	0.984	1.032	0.977	1.013	1.006	0.092	0.093	0.968	1.060	0.995	1.087	0.990	1.077	0.990	1.069	1.004	1.015	0.091	0.094	1.072	1.028	1.030	0.975	1.029	1.024	1.049	1.005	0.999	1.008	0.091	0.093	1.015	1.016	1.051	0.998	1.011	0.991	0.977	1.033	0.994	0.999	0.092	0.093	0.093	0.092	0.092	0.092	0.092	0.094	0.150	0.094	0.094	0.094	0.092
36:00:37	19.3	0.091	0.095	0.092	0.093	0.093	0.094	0.092	0.094	0.093	0.092	0.129	0.092	0.092	1.013	1.047	0.969	0.972	1.047	0.992	0.979	1.050	0.962	1.083	0.094	0.091	0.978	0.982	1.046	1.064	0.992	0.995	0.990	1.010	1.095	1.011	0.094	0.684	1.039	0.992	0.966	0.959	0.986	0.980	1.032	0.974	1.010	1.010	0.092	0.093	0.968	1.063	0.993	1.089	0.986	1.080	0.989	1.071	1.002	1.012	0.091	0.094	1.077	1.027	1.027	0.969	1.030	1.020	1.050	1.001	0.996	1.005	0.091	0.093	1.015	1.015	1.052	0.995	1.009	0.987	0.975	1.029	0.991	0.995	0.092	0.093	0.093	0.092	0.092	0.092	0.092	0.094	0.162	0.094	0.095	0.094	0.092
37:00:38	19.3	0.090	0.095	0.091	0.093	0.093	0.094	0.092	0.094	0.093	0.091	0.141	0.092	0.092	1.008	1.048	0.963	0.967	1.045	0.988	0.972	1.051	0.958	1.085	0.094	0.091	0.973	0.978	1.046	1.064	0.987	0.990	0.984	1.004	1.093	1.007	0.094	0.741	1.039	0.985	0.959	0.956	0.980	0.977	1.033	0.972	1.004	1.012	0.092	0.093	0.965	1.065	0.990	1.087	0.978	1.081	0.989	1.071	0.999	1.009	0.091	0.093	1.079	1.025	1.022	0.960	1.030	1.014	1.052	0.996	0.992	1.001	0.091	0.093	1.011	1.013	1.052	0.993	1.005	0.982	0.971	1.026	0.988	0.992	0.092	0.092	0.093	0.091	0.092	0.092	0.092	0.094	0.180	0.094	0.094	0.095	0.092
38:00:39	19.3	0.091	0.096	0.092	0.093	0.093	0.094	0.092	0.095	0.093	0.092	0.154	0.093	0.092	1.003	1.047	0.957	0.960	1.044	0.983	0.965	1.051	0.952	1.083	0.094	0.091	0.965	0.972	1.044	1.065	0.981	0.984	0.979	0.997	1.092	1.000	0.094	0.793	1.038	0.977	0.954	0.951	0.975	0.972	1.029	0.967	0.998	1.012	0.092	0.093	0.959	1.065	0.985	1.086	0.971	1.080	0.986	1.070	0.993	1.003	0.092	0.094	1.081	1.020	1.016	0.952	1.030	1.010	1.051	0.990	0.984	0.994	0.091	0.093	1.006	1.013	1.050	0.988	1.001	0.976	0.965	1.020	0.982	0.987	0.092	0.093	0.093	0.091	0.092	0.092	0.092	0.094	0.219	0.094	0.095	0.094	0.092
39:00:41	19.3	0.090	0.097	0.091	0.093	0.093	0.094	0.092	0.095	0.092	0.091	0.169	0.092	0.092	0.996	1.046	0.951	0.956	1.042	0.974	0.958	1.049	0.945	1.081	0.094	0.091	0.956	0.964	1.041	1.061	0.972	0.975	0.972	0.990	1.089	0.993	0.094	0.837	1.036	0.970	0.945	0.944	0.965	0.966	1.027	0.959	0.989	1.011	0.092	0.093	0.953	1.062	0.976	1.082	0.962	1.078	0.980	1.067	0.985	0.995	0.091	0.093	1.081	1.013	1.008	0.941	1.026	1.002	1.049	0.981	0.977	0.985	0.091	0.093	0.999	1.008	1.047	0.983	0.994	0.969	0.958	1.012	0.976	0.980	0.092	0.093	0.093	0.091	0.092	0.092	0.092	0.094	0.278	0.094	0.094	0.094	0.092
40:00:41	19.3	0.090	0.098	0.091	0.092	0.093	0.093	0.092	0.094	0.092	0.091	0.186	0.092	0.092	0.990	1.044	0.941	0.947	1.039	0.967	0.951	1.047	0.936	1.077	0.094	0.091	0.948	0.957	1.037	1.058	0.964	0.965	0.963	0.980	1.085	0.985	0.093	0.873	1.032	0.962	0.936	0.936	0.955	0.959	1.023	0.950	0.980	1.005	0.092	0.093	0.945	1.060	0.968	1.080	0.953	1.074	0.973	1.065	0.975	0.987	0.091	0.093	1.080	1.006	1.000	0.934	1.023	0.993	1.046	0.973	0.967	0.977	0.091	0.093	0.990	1.002	1.046	0.975	0.986	0.959	0.950	1.003	0.967	0.971	0.092	0.092	0.093	0.091	0.092	0.092	0.092	0.094	0.352	0.093	0.094	0.094	0.091
41:00:42	19.3	0.091	0.100	0.092	0.093	0.093	0.094	0.092	0.094	0.093	0.091	0.210	0.092	0.092	0.981	1.039	0.931	0.937	1.033	0.958	0.939	1.042	0.925	1.071	0.094	0.091	0.939	0.947	1.032	1.053	0.956	0.957	0.953	0.970	1.077	0.976	0.093	0.904	1.027	0.950	0.926	0.927	0.946	0.949	1.016	0.940	0.971	1.000	0.092	0.093	0.936	1.057	0.958	1.076	0.943	1.069	0.964	1.059	0.966	0.977	0.091	0.093	1.076	0.997	0.991	0.924	1.019	0.987	1.041	0.962	0.958	0.967	0.091	0.093	0.981	0.995	1.041	0.969	0.979	0.950	0.941	0.992	0.959	0.962	0.092	0.093	0.093	0.092	0.092	0.092	0.092	0.094	0.427	0.094	0.094	0.094	0.092
42:00:44	19.3	0.090	0.102	0.092	0.093	0.093	0.094	0.092	0.094	0.092	0.092	0.231	0.092	0.092	0.972	1.034	0.920	0.929	1.028	0.948	0.930	1.037	0.914	1.065	0.094	0.091	0.929	0.937	1.026	1.048	0.946	0.947	0.945	0.960	1.069	0.967	0.094	0.936	1.021	0.940	0.916	0.918	0.936	0.941	1.008	0.931	0.960	0.993	0.092	0.093	0.927	1.051	0.949	1.071	0.936	1.063	0.955	1.053	0.956	0.967	0.091	0.093	1.070	0.989	0.983	0.916	1.012	0.977	1.034	0.951	0.946	0.956	0.091	0.093	0.969	0.988	1.035	0.961	0.970	0.940	0.931	0.981	0.949	0.953	0.092	0.093	0.093	0.092	0.092	0.092	0.092	0.094	0.507	0.094	0.095	0.094	0.092
43:00:50	19.2	0.091	0.104	0.092	0.093	0.093	0.094	0.092	0.094	0.093	0.092	0.256	0.092	0.092	0.964	1.027	0.909	0.921	1.020	0.940	0.922	1.031	0.907	1.061	0.094	0.091	0.920	0.930	1.018	1.040	0.937	0.940	0.936	0.952	1.061	0.959	0.094	0.957	1.013	0.929	0.909	0.911	0.928	0.932	1.002	0.921	0.952	0.983	0.092	0.093	0.918	1.045	0.939	1.065	0.926	1.058	0.946	1.046	0.948	0.958	0.091	0.094	1.067	0.982	0.974	0.910	1.008	0.969	1.028	0.942	0.939	0.948	0.091	0.093	0.960	0.982	1.029	0.953	0.963	0.934	0.924	0.972	0.940	0.944	0.092	0.093	0.093	0.092	0.092	0.092	0.092	0.094	0.588	0.094	0.095	0.094	0.092
44:00:45	19.2	0.091	0.106	0.092	0.093	0.093	0.094	0.092	0.094	0.093	0.091	0.283	0.092	0.092	0.960	1.020	0.899	0.912	1.014	0.933	0.914	1.024	0.899	1.052	0.094	0.091	0.913	0.922	1.011	1.032	0.931	0.934	0.930	0.943	1.054	0.952	0.094	0.976	1.006	0.920	0.902	0.903	0.920	0.925	0.993	0.915	0.945	0.975	0.092	0.093	0.910	1.039	0.933	1.059	0.920	1.049	0.938	1.038	0.939	0.949	0.091	0.093	1.058	0.975	0.968	0.903	1.001	0.963	1.021	0.934	0.930	0.940	0.091	0.093	0.952	0.975	1.023	0.946	0.957	0.928	0.916	0.964	0.931	0.936	0.092	0.093	0.093	0.091	0.092	0.092	0.092	0.094	0.666	0.094	0.095	0.094	0.092
45:00:44	19.2	0.090	0.109	0.091	0.093	0.093	0.093	0.092	0.094	0.092	0.091	0.306	0.092	0.092	0.955	1.012	0.891	0.905	1.007	0.929	0.908	1.017	0.892	1.045	0.094	0.091	0.907	0.916	1.001	1.024	0.926	0.929	0.924	0.938	1.044	0.944	0.093	0.988	0.998	0.911	0.895	0.898	0.914	0.918	0.985	0.908	0.939	0.968	0.092	0.093	0.902	1.031	0.928	1.054	0.914	1.042	0.931	1.029	0.932	0.941	0.091	0.093	1.053	0.969	0.963	0.897	0.993	0.957	1.012	0.927	0.924	0.932	0.091	0.093	0.946	0.970	1.017	0.939	0.951	0.923	0.910	0.956	0.924	0.930	0.092	0.092	0.093	0.091	0.092	0.092	0.092	0.094	0.733	0.093	0.094	0.094	0.091
46:00:46	19.3	0.090	0.113	0.091	0.093	0.093	0.093	0.092	0.094	0.093	0.091	0.331	0.092	0.092	0.951	1.005	0.883	0.901	1.000	0.924	0.905	1.010	0.887	1.037	0.094	0.091	0.903	0.913	0.993	1.015	0.923	0.926	0.921	0.934	1.033	0.941	0.094	1.005	0.990	0.906	0.891	0.895	0.910	0.913	0.978	0.905	0.935	0.962	0.092	0.093	0.898	1.025	0.923	1.046	0.911	1.035	0.925	1.020	0.927	0.935	0.091	0.094	1.048	0.965	0.959	0.895	0.987	0.953	1.004	0.923	0.919	0.928	0.091	0.093	0.939	0.966	1.011	0.933	0.948	0.920	0.906	0.949	0.919	0.925	0.092	0.093	0.093	0.091	0.092	0.092	0.092	0.094	0.792	0.093	0.095	0.094	0.092
47:00:47	19.3	0.090	0.117	0.091	0.093	0.093	0.094	0.092	0.094	0.093	0.091	0.353	0.092	0.092	0.949	0.998	0.878	0.898	0.992	0.924	0.901	1.002	0.884	1.030	0.094	0.091	0.901	0.910	0.985	1.007	0.923	0.925	0.918	0.930	1.024	0.938	0.094	1.016	0.981	0.900	0.890	0.893	0.909	0.913	0.969	0.903	0.933	0.959	0.092	0.093	0.894	1.016	0.921	1.038	0.909	1.025	0.923	1.013	0.924	0.931	0.091	0.094	1.042	0.964	0.958	0.895	0.981	0.950	0.997	0.920	0.917	0.925	0.091	0.093	0.934	0.964	1.004	0.930	0.947	0.919	0.904	0.945	0.914	0.921	0.092	0.093	0.093	0.091	0.092	0.092	0.092	0.094	0.842	0.094	0.095	0.094	0.092
48:00:48	19.2	0.091	0.123	0.092	0.093	0.093	0.094	0.092	0.094	0.093	0.091	0.376	0.093	0.092	0.948	0.991	0.875	0.897	0.986	0.923	0.902	0.996	0.882	1.023	0.094	0.091	0.901	0.911	0.976	0.999	0.924	0.927	0.917	0.930	1.014	0.937	0.094	1.036	0.976	0.898	0.890	0.893	0.913	0.910	0.961	0.903	0.934	0.957	0.092	0.093	0.893	1.011	0.919	1.030	0.910	1.016	0.921	1.004	0.919	0.927	0.091	0.094	1.034	0.965	0.959	0.897	0.973	0.950	0.990	0.920	0.917	0.924	0.091	0.093	0.929	0.966	1.001	0.929	0.948	0.920	0.902	0.942	0.913	0.918	0.092	0.093	0.093	0.091	0.092	0.093	0.092	0.094	0.887	0.094	0.095	0.094	0.092
49:00:50	19.1	0.090	0.129	0.091	0.093	0.093	0.094	0.092	0.094	0.093	0.091	0.396	0.092	0.092	0.949	0.985	0.875	0.899	0.981	0.926	0.904	0.990	0.884	1.016	0.094	0.091	0.904	0.912	0.970	0.992	0.927	0.930	0.919	0.931	1.004	0.939	0.094	1.048	0.971	0.897	0.891	0.895	0.915	0.911	0.955	0.905	0.938	0.957	0.092	0.093	0.893	1.004	0.920	1.023	0.911	1.008	0.921	0.997	0.920	0.927	0.091	0.094	1.026	0.967	0.960	0.901	0.967	0.949	0.983	0.921	0.920	0.924	0.091	0.093	0.928	0.970	0.996	0.929	0.950	0.921	0.903	0.941	0.911	0.919	0.092	0.093	0.093	0.091	0.092	0.092	0.092	0.094	0.922	0.094	0.095	0.094	0.092
50:00:51	19.1	0.090	0.138	0.091	0.093	0.093	0.094	0.092	0.094	0.092	0.091	0.413	0.092	0.092	0.951	0.979	0.877	0.901	0.976	0.931	0.907	0.984	0.885	1.011	0.094	0.091	0.906	0.914	0.962	0.985	0.930	0.935	0.923	0.934	0.994	0.941	0.094	1.061	0.965	0.898	0.893	0.897	0.920	0.914	0.948	0.908	0.939	0.958	0.092	0.093	0.895	1.000	0.922	1.017	0.915	1.000	0.923	0.989	0.921	0.928	0.091	0.093	1.020	0.971	0.964	0.904	0.961	0.953	0.976	0.923	0.923	0.926	0.091	0.093	0.929	0.972	0.993	0.931	0.954	0.924	0.904	0.942	0.913	0.920	0.092	0.093	0.093	0.091	0.092	0.092	0.092	0.094	0.955	0.094	0.096	0.094	0.092
51:00:51	19.2	0.091	0.148	0.092	0.093	0.093	0.094	0.092	0.094	0.093	0.091	0.430	0.092	0.092	0.953	0.974	0.881	0.905	0.972	0.937	0.911	0.979	0.889	1.007	0.094	0.091	0.911	0.919	0.955	0.980	0.937	0.938	0.925	0.939	0.987	0.944	0.094	1.068	0.960	0.900	0.898	0.901	0.923	0.918	0.943	0.912	0.945	0.960	0.093	0.093	0.900	0.995	0.926	1.009	0.921	0.993	0.926	0.981	0.923	0.933	0.091	0.094	1.012	0.974	0.970	0.911	0.956	0.957	0.970	0.925	0.927	0.930	0.091	0.093	0.931	0.981	0.988	0.936	0.958	0.931	0.907	0.944	0.916	0.924	0.092	0.093	0.093	0.092	0.092	0.093	0.093	0.094	0.989	0.094	0.097	0.095	0.092
52:00:51	19.2	0.091	0.160	0.092	0.093	0.093	0.094	0.092	0.094	0.093	0.091	0.437	0.092	0.092	0.959	0.971	0.886	0.910	0.969	0.938	0.915	0.974	0.893	1.001	0.094	0.091	0.917	0.925	0.949	0.975	0.947	0.944	0.928	0.946	0.981	0.950	0.094	1.076	0.955	0.906	0.905	0.909	0.928	0.921	0.940	0.919	0.949	0.963	0.093	0.093	0.905	0.990	0.930	1.002	0.923	0.988	0.930	0.975	0.928	0.934	0.091	0.094	1.007	0.979	0.975	0.920	0.950	0.965	0.966	0.927	0.933	0.936	0.091	0.093	0.935	0.988	0.986	0.942	0.960	0.938	0.911	0.950	0.921	0.926	0.092	0.093	0.093	0.091	0.092	0.092	0.093	0.094	1.013	0.094	0.097	0.094	0.092
53:00:54	19.3	0.091	0.169	0.092	0.093	0.093	0.094	0.092	0.094	0.093	0.091	0.446	0.092	0.092	0.966	0.968	0.894	0.916	0.967	0.944	0.923	0.972	0.899	1.000	0.094	0.091	0.927	0.933	0.946	0.973	0.956	0.943	0.937	0.953	0.977	0.955	0.094	1.078	0.953	0.912	0.911	0.916	0.935	0.928	0.937	0.927	0.952	0.966	0.093	0.093	0.914	0.989	0.937	0.996	0.930	0.982	0.935	0.972	0.933	0.943	0.091	0.094	1.003	0.985	0.981	0.926	0.950	0.972	0.963	0.929	0.940	0.943	0.091	0.093	0.940	0.996	0.985	0.949	0.965	0.945	0.918	0.955	0.928	0.933	0.092	0.093	0.093	0.091	0.092	0.092	0.093	0.094	1.037	0.094	0.098	0.094	0.092
54:00:54	19.3	0.090	0.181	0.091	0.093	0.093	0.094	0.092	0.094	0.093	0.091	0.455	0.092	0.092	0.971	0.966	0.903	0.923	0.965	0.952	0.931	0.969	0.907	0.998	0.094	0.091	0.936	0.941	0.942	0.970	0.964	0.945	0.942	0.961	0.974	0.959	0.094	1.078	0.951	0.918	0.920	0.921	0.943	0.932	0.935	0.933	0.958	0.970	0.093	0.093	0.920	0.986	0.943	0.990	0.936	0.978	0.940	0.969	0.939	0.949	0.091	0.094	1.000	0.994	0.989	0.930	0.947	0.978	0.960	0.933	0.946	0.951	0.091	0.093	0.947	1.005	0.983	0.955	0.973	0.953	0.922	0.959	0.933	0.938	0.092	0.093	0.093	0.091	0.092	0.092	0.093	0.094	1.055	0.093	0.099	0.095	0.092
55:00:55	19.3	0.091	0.200	0.091	0.093	0.093	0.094	0.092	0.094	0.093	0.091	0.465	0.092	0.092	0.976	0.964	0.913	0.931	0.965	0.959	0.939	0.969	0.912	0.998	0.094	0.091	0.947	0.948	0.941	0.969	0.975	0.953	0.951	0.967	0.973	0.964	0.094	1.078	0.951	0.924	0.928	0.927	0.956	0.939	0.935	0.942	0.961	0.976	0.093	0.094	0.927	0.986	0.950	0.986	0.943	0.974	0.945	0.967	0.941	0.950	0.091	0.094	0.996	0.999	0.996	0.932	0.946	0.981	0.959	0.941	0.953	0.957	0.092	0.093	0.953	1.009	0.982	0.961	0.979	0.958	0.927	0.963	0.939	0.946	0.092	0.093	0.093	0.091	0.092	0.092	0.094	0.094	1.076	0.094	0.100	0.095	0.091
56:00:55	19.3	0.091	0.227	0.091	0.093	0.093	0.094	0.092	0.094	0.093	0.092	0.465	0.092	0.092	0.980	0.965	0.922	0.938	0.966	0.966	0.953	0.969	0.919	0.998	0.094	0.091	0.955	0.958	0.941	0.969	0.983	0.961	0.956	0.976	0.974	0.973	0.094	1.074	0.952	0.933	0.938	0.935	0.959	0.943	0.934	0.951	0.966	0.982	0.094	0.094	0.935	0.985	0.959	0.983	0.948	0.971	0.952	0.968	0.948	0.954	0.092	0.094	0.993	1.007	1.003	0.942	0.944	0.982	0.959	0.949	0.962	0.968	0.092	0.093	0.962	1.017	0.982	0.968	0.987	0.965	0.934	0.968	0.947	0.954	0.092	0.093	0.093	0.092	0.092	0.092	0.094	0.094	1.097	0.093	0.101	0.095	0.092
57:00:57	19.3	0.091	0.256	0.092	0.093	0.093	0.094	0.092	0.093	0.093	0.091	0.485	0.092	0.092	0.988	0.965	0.930	0.945	0.966	0.971	0.954	0.969	0.925	1.000	0.094	0.091	0.964	0.968	0.942	0.969	0.994	0.967	0.968	0.981	0.976	0.983	0.094	1.069	0.952	0.940	0.947	0.942	0.967	0.942	0.937	0.961	0.969	0.987	0.094	0.094	0.943	0.984	0.968	0.980	0.955	0.968	0.960	0.968	0.956	0.959	0.091	0.094	0.992	1.011	1.009	0.950	0.943	0.982	0.957	0.955	0.964	0.972	0.092	0.093	0.968	1.024	0.982	0.974	0.991	0.975	0.939	0.973	0.952	0.959	0.092	0.093	0.093	0.091	0.092	0.092	0.094	0.094	1.114	0.093	0.103	0.095	0.092
58:00:57	19.3	0.091	0.284	0.092	0.093	0.093	0.094	0.092	0.094	0.093	0.092	0.502	0.092	0.092	0.994	0.968	0.939	0.953	0.969	0.979	0.958	0.971	0.933	1.001	0.094	0.091	0.973	0.973	0.945	0.972	0.998	0.972	0.973	0.987	0.980	0.990	0.095	1.062	0.956	0.947	0.953	0.947	0.973	0.949	0.939	0.969	0.971	0.993	0.095	0.095	0.949	0.984	0.976	0.980	0.961	0.964	0.968	0.971	0.961	0.966	0.091	0.093	0.992	1.016	1.012	0.957	0.945	0.985	0.959	0.961	0.965	0.970	0.092	0.093	0.974	1.030	0.983	0.980	0.992	0.973	0.945	0.980	0.957	0.967	0.092	0.093	0.093	0.091	0.092	0.092	0.095	0.094	1.132	0.094	0.106	0.095	0.092
59:00:58	19.3	0.091	0.301	0.092	0.093	0.093	0.094	0.092	0.093	0.093	0.091	0.517	0.092	0.092	1.005	0.971	0.946	0.962	0.973	0.990	0.970	0.976	0.940	1.004	0.094	0.091	0.980	0.979	0.948	0.977	0.998	0.975	0.984	0.996	0.988	0.995	0.095	1.059	0.958	0.954	0.959	0.954	0.974	0.956	0.945	0.979	0.973	0.994	0.095	0.095	0.955	0.986	0.985	0.979	0.969	0.966	0.978	0.973	0.967	0.978	0.091	0.094	0.991	1.021	1.013	0.965	0.948	0.988	0.963	0.966	0.970	0.978	0.093	0.093	0.980	1.034	0.984	0.984	0.993	0.982	0.953	0.987	0.964	0.969	0.092	0.093	0.093	0.091	0.092	0.092	0.096	0.094	1.149	0.094	0.109	0.095	0.092
60:00:59	19.3	0.090	0.308	0.091	0.093	0.093	0.094	0.092	0.093	0.093	0.091	0.524	0.092	0.092	1.008	0.975	0.951	0.968	0.979	0.994	0.978	0.981	0.945	1.010	0.094	0.091	0.987	0.986	0.955	0.980	0.996	0.974	0.980	0.999	0.991	1.002	0.095	1.052	0.962	0.962	0.965	0.960	0.973	0.978	0.956	0.986	0.973	1.001	0.096	0.096	0.963	0.989	0.990	0.983	0.969	0.971	0.981	0.976	0.973	0.981	0.091	0.094	0.993	1.026	1.015	0.966	0.954	0.992	0.968	0.968	0.972	0.981	0.093	0.093	0.986	1.040	0.987	0.985	0.993	0.983	0.960	0.992	0.967	0.977	0.092	0.092	0.093	0.091	0.092	0.092	0.097	0.094	1.166	0.094	0.112	0.095	0.092
61:01:00	19.4	0.091	0.313	0.091	0.093	0.093	0.093	0.092	0.093	0.093	0.091	0.523	0.092	0.092	1.013	0.980	0.955	0.973	0.983	1.000	0.993	0.991	0.951	1.012	0.094	0.091	0.990	0.990	0.961	0.991	0.993	0.975	0.978	1.003	1.000	1.005	0.096	1.046	0.968	0.969	0.968	0.969	0.973	0.986	0.966	0.990	0.975	1.008	0.096	0.097	0.963	0.994	0.996	0.990	0.977	0.981	0.985	0.984	0.975	0.985	0.091	0.093	0.995	1.030	1.016	0.967	0.963	0.994	0.976	0.970	0.975	0.985	0.093	0.093	0.999	1.046	0.992	0.988	0.994	0.982	0.965	0.995	0.978	0.978	0.092	0.093	0.093	0.091	0.092	0.092	0.098	0.094	1.180	0.094	0.117	0.096	0.091
62:01:02	19.4	0.090	0.331	0.091	0.094	0.094	0.094	0.092	0.093	0.093	0.091	0.541	0.092	0.092	1.019	0.986	0.958	0.977	0.991	1.003	0.992	1.001	0.955	1.017	0.094	0.091	0.997	0.999	0.972	1.000	0.989	0.973	0.974	1.010	1.009	1.006	0.096	1.037	0.976	0.976	0.967	0.979	0.971	0.985	0.976	0.993	0.975	1.011	0.098	0.098	0.961	1.005	0.997	0.999	0.977	0.991	0.985	0.990	0.977	0.987	0.092	0.093	1.000	1.034	1.018	0.966	0.973	0.996	0.985	0.973	0.977	0.991	0.094	0.093	1.002	1.052	1.000	0.991	0.994	0.980	0.971	0.996	0.985	0.983	0.092	0.093	0.093	0.091	0.092	0.092	0.100	0.094	1.189	0.094	0.122	0.096	0.092
63:01:02	19.5	0.091	0.337	0.091	0.094	0.094	0.094	0.093	0.093	0.093	0.091	0.547	0.092	0.092	1.019	0.996	0.961	0.977	0.999	1.007	0.988	1.015	0.962	1.027	0.094	0.091	1.000	1.002	0.986	1.012	0.989	0.976	0.973	1.010	1.020	1.009	0.097	1.031	0.986	0.975	0.967	0.980	0.972	0.988	0.989	0.995	0.978	1.014	0.099	0.099	0.966	1.020	0.999	1.013	0.977	1.001	0.987	1.002	0.979	0.987	0.091	0.094	1.007	1.037	1.019	0.967	0.980	0.999	1.001	0.976	0.977	0.994	0.095	0.093	1.006	1.053	1.009	0.995	0.997	0.981	0.979	0.997	0.973	0.984	0.092	0.093	0.093	0.091	0.092	0.092	0.102	0.094	1.193	0.094	0.130	0.097	0.092
64:01:04	19.5	0.090	0.342	0.091	0.094	0.094	0.093	0.093	0.093	0.093	0.091	0.564	0.092	0.093	1.021	1.007	0.964	0.984	1.012	1.007	0.983	1.030	0.966	1.038	0.094	0.091	1.006	1.004	0.999	1.025	0.991	0.978	0.974	1.008	1.032	1.010	0.098	1.022	0.999	0.985	0.968	0.983	0.974	0.978	1.002	0.995	0.982	1.017	0.101	0.101	0.977	1.029	1.001	1.029	0.985	1.016	0.989	1.013	0.982	0.989	0.091	0.093	1.014	1.044	1.024	0.970	0.994	1.003	1.013	0.980	0.983	0.996	0.096	0.093	1.011	1.058	1.024	0.998	1.000	0.983	0.988	1.001	0.979	0.992	0.092	0.093	0.093	0.091	0.092	0.092	0.105	0.094	1.185	0.094	0.140	0.097	0.091
65:01:03	19.6	0.090	0.355	0.092	0.095	0.094	0.094	0.093	0.093	0.093	0.091	0.555	0.092	0.093	1.024	1.024	0.966	0.981	1.028	1.014	0.981	1.043	0.974	1.052	0.094	0.091	1.009	1.004	1.008	1.038	0.994	0.982	0.974	1.006	1.042	1.011	0.099	1.012	1.014	0.987	0.970	0.981	0.976	0.971	1.013	0.991	0.984	1.020	0.103	0.103	0.984	1.037	1.003	1.042	0.988	1.027	0.990	1.025	0.984	0.993	0.092	0.094	1.024	1.047	1.028	0.973	1.018	1.007	1.021	0.985	0.987	1.000	0.097	0.093	1.017	1.058	1.039	0.996	1.005	0.986	0.990	1.003	0.983	1.002	0.092	0.093	0.093	0.091	0.092	0.092	0.108	0.094	1.133	0.094	0.151	0.098	0.091
66:01:04	19.7	0.090	0.360	0.091	0.095	0.095	0.094	0.093	0.093	0.093	0.091	0.554	0.092	0.093	1.026	1.039	0.968	0.984	1.043	1.018	0.980	1.052	0.978	1.067	0.094	0.091	1.011	1.004	1.023	1.044	0.998	0.986	0.977	1.004	1.057	1.016	0.100	1.009	1.030	0.995	0.973	0.980	0.980	0.968	1.026	0.989	0.988	1.024	0.106	0.105	0.988	1.043	1.007	1.052	0.992	1.033	0.987	1.032	0.988	0.996	0.091	0.095	1.033	1.054	1.032	0.979	1.033	1.010	1.030	0.991	0.993	1.004	0.099	0.092	1.026	1.060	1.054	0.996	1.011	0.991	0.994	1.009	0.987	0.995	0.092	0.092	0.093	0.091	0.092	0.092	0.113	0.094	1.105	0.094	0.166	0.099	0.091
67:01:06	19.8	0.090	0.376	0.091	0.096	0.095	0.094	0.094	0.093	0.093	0.091	0.594	0.092	0.094	1.029	1.054	0.975	0.989	1.061	1.019	0.982	1.071	0.982	1.082	0.094	0.091	1.015	1.004	1.037	1.048	1.001	0.989	0.979	1.004	1.068	1.020	0.102	0.999	1.045	0.993	0.977	0.978	0.983	0.969	1.035	0.987	0.992	1.030	0.110	0.109	0.988	1.048	1.010	1.062	0.994	1.037	0.986	1.037	0.991	1.001	0.092	0.094	1.051	1.057	1.037	0.982	1.047	1.015	1.039	0.998	0.997	1.008	0.101	0.093	1.034	1.061	1.069	0.996	1.018	0.998	1.002	1.016	0.986	1.017	0.092	0.093	0.093	0.091	0.092	0.092	0.118	0.095	1.121	0.094	0.177	0.100	0.092
68:01:06	19.8	0.090	0.380	0.091	0.096	0.096	0.094	0.094	0.093	0.094	0.091	0.528	0.092	0.094	1.031	1.069	0.980	0.994	1.075	1.022	0.986	1.083	0.988	1.100	0.094	0.091	1.018	1.007	1.054	1.052	1.006	0.994	0.981	1.009	1.081	1.026	0.105	0.995	1.058	0.992	0.979	0.979	0.987	0.969	1.047	0.988	0.998	1.035	0.114	0.113	0.990	1.052	1.016	1.067	0.994	1.041	0.987	1.041	0.999	1.008	0.092	0.095	1.069	1.064	1.040	0.987	1.052	1.021	1.045	1.004	1.005	1.015	0.104	0.093	1.043	1.064	1.085	0.999	1.025	1.005	1.008	1.022	0.990	1.014	0.092	0.093	0.093	0.091	0.092	0.092	0.126	0.095	1.108	0.095	0.193	0.102	0.092
69:01:07	19.9	0.090	0.379	0.091	0.097	0.096	0.094	0.095	0.094	0.093	0.091	0.504	0.092	0.095	1.036	1.083	0.980	0.999	1.083	1.027	0.991	1.097	0.998	1.114	0.094	0.091	1.023	1.013	1.064	1.058	1.012	0.998	0.985	1.012	1.094	1.033	0.108	0.988	1.075	0.990	0.982	0.979	0.992	0.972	1.060	0.991	1.003	1.042	0.120	0.118	0.990	1.058	1.019	1.074	0.993	1.046	0.989	1.044	1.005	1.015	0.092	0.094	1.089	1.068	1.045	0.993	1.061	1.027	1.052	1.010	1.011	1.024	0.107	0.093	1.054	1.071	1.104	1.003	1.033	1.015	1.014	1.030	0.996	1.021	0.092	0.093	0.093	0.091	0.092	0.092	0.134	0.095	1.084	0.095	0.224	0.104	0.092
70:01:09	20.0	0.090	0.377	0.091	0.098	0.097	0.093	0.096	0.093	0.093	0.091	0.498	0.092	0.095	1.043	1.098	0.988	1.001	1.093	1.032	0.996	1.107	1.000	1.132	0.094	0.091	1.025	1.017	1.070	1.064	1.017	1.003	0.990	1.017	1.101	1.040	0.112	0.978	1.086	0.991	0.987	0.981	0.996	0.974	1.069	0.994	1.008	1.047	0.128	0.124	0.994	1.064	1.023	1.079	0.993	1.053	0.993	1.049	1.010	1.022	0.092	0.093	1.108	1.074	1.050	1.000	1.064	1.032	1.056	1.016	1.017	1.033	0.112	0.093	1.065	1.077	1.120	1.007	1.041	1.022	1.018	1.037	1.001	1.025	0.091	0.092	0.093	0.091	0.092	0.092	0.145	0.095	1.062	0.095	0.259	0.107	0.091
71:01:10	20.0	0.090	0.381	0.091	0.100	0.099	0.094	0.097	0.093	0.094	0.091	0.561	0.092	0.097	1.053	1.107	0.997	1.000	1.099	1.038	1.002	1.121	1.007	1.147	0.094	0.091	1.030	1.022	1.074	1.069	1.023	1.009	0.996	1.023	1.110	1.049	0.117	0.968	1.099	0.992	0.991	0.985	1.002	0.978	1.076	0.999	1.014	1.055	0.137	0.133	0.999	1.073	1.029	1.087	0.999	1.060	0.998	1.054	1.018	1.031	0.093	0.094	1.125	1.078	1.054	1.006	1.074	1.039	1.060	1.024	1.024	1.042	0.118	0.093	1.076	1.085	1.133	1.013	1.049	1.032	1.020	1.046	1.010	1.030	0.092	0.093	0.093	0.091	0.092	0.092	0.159	0.096	1.046	0.096	0.277	0.110	0.092
72:01:11	20.0	0.090	0.379	0.091	0.102	0.100	0.094	0.098	0.093	0.095	0.091	0.548	0.092	0.098	1.063	1.126	1.000	0.999	1.119	1.046	1.010	1.126	1.015	1.154	0.094	0.091	1.037	1.029	1.083	1.075	1.029	1.015	0.999	1.030	1.118	1.058	0.123	0.958	1.114	0.995	0.998	0.988	1.007	0.980	1.083	1.004	1.019	1.062	0.148	0.142	1.005	1.080	1.034	1.096	1.002	1.070	1.002	1.061	1.023	1.039	0.094	0.094	1.139	1.085	1.061	1.013	1.079	1.046	1.066	1.032	1.033	1.051	0.125	0.093	1.089	1.091	1.146	1.020	1.061	1.041	1.022	1.055	1.018	1.035	0.092	0.093	0.093	0.091	0.092	0.092	0.175	0.097	1.017	0.096	0.311	0.114	0.091

