Time	T° 600	A1	A2	A3	A4	A5	A6	A7	A8	A9	A10	A11	A12	B1	B2	B3	B4	B5	B6	B7	B8	B9	B10	B11	B12	C1	C2	C3	C4	C5	C6	C7	C8	C9	C10	C11	C12	D1	D2	D3	D4	D5	D6	D7	D8	D9	D10	D11	D12	E1	E2	E3	E4	E5	E6	E7	E8	E9	E10	E11	E12	F1	F2	F3	F4	F5	F6	F7	F8	F9	F10	F11	F12	G1	G2	G3	G4	G5	G6	G7	G8	G9	G10	G11	G12	H1	H2	H3	H4	H5	H6	H7	H8	H9	H10	H11	H12
0:00:06	23.5	0.089	0.089	0.090	0.092	0.092	0.092	0.089	0.089	0.090	0.090	0.088	0.090	0.089	0.104	0.104	0.105	0.106	0.105	0.105	0.107	0.105	0.106	0.105	0.090	0.089	0.105	0.105	0.105	0.105	0.106	0.107	0.108	0.109	0.108	0.107	0.090	0.088	0.105	0.105	0.102	0.107	0.107	0.107	0.106	0.108	0.107	0.106	0.090	0.090	0.105	0.104	0.106	0.107	0.107	0.108	0.105	0.108	0.107	0.108	0.087	0.091	0.104	0.109	0.104	0.105	0.107	0.108	0.109	0.109	0.107	0.106	0.088	0.090	0.107	0.109	0.106	0.108	0.108	0.108	0.109	0.108	0.109	0.108	0.088	0.091	0.089	0.092	0.090	0.088	0.088	0.090	0.091	0.091	0.090	0.088	0.089
1:00:06	23.8	0.089	0.089	0.091	0.093	0.092	0.092	0.089	0.089	0.090	0.091	0.089	0.090	0.089	0.107	0.112	0.114	0.115	0.113	0.110	0.115	0.109	0.113	0.107	0.091	0.089	0.111	0.108	0.108	0.107	0.108	0.109	0.112	0.114	0.109	0.110	0.091	0.088	0.108	0.109	0.105	0.111	0.111	0.108	0.110	0.108	0.112	0.108	0.091	0.090	0.108	0.105	0.110	0.108	0.111	0.109	0.105	0.111	0.110	0.111	0.089	0.092	0.106	0.115	0.109	0.109	0.106	0.111	0.112	0.109	0.109	0.108	0.090	0.091	0.113	0.114	0.110	0.111	0.115	0.112	0.114	0.112	0.114	0.114	0.089	0.092	0.090	0.092	0.091	0.089	0.089	0.091	0.092	0.092	0.091	0.089	0.090
2:00:07	23.9	0.089	0.089	0.091	0.093	0.092	0.092	0.089	0.090	0.090	0.092	0.089	0.091	0.089	0.111	0.124	0.126	0.128	0.126	0.115	0.127	0.114	0.126	0.111	0.092	0.090	0.124	0.112	0.121	0.110	0.113	0.113	0.124	0.126	0.114	0.123	0.092	0.089	0.119	0.121	0.110	0.124	0.124	0.121	0.122	0.113	0.125	0.113	0.092	0.091	0.120	0.109	0.123	0.112	0.114	0.123	0.109	0.125	0.124	0.125	0.089	0.093	0.110	0.126	0.121	0.121	0.111	0.123	0.126	0.114	0.114	0.112	0.090	0.092	0.127	0.117	0.114	0.116	0.128	0.115	0.127	0.125	0.128	0.128	0.090	0.093	0.091	0.093	0.091	0.090	0.090	0.092	0.093	0.093	0.091	0.090	0.090
3:00:08	23.9	0.089	0.089	0.091	0.093	0.092	0.092	0.089	0.089	0.090	0.092	0.089	0.091	0.089	0.116	0.146	0.149	0.152	0.149	0.122	0.149	0.118	0.148	0.116	0.091	0.090	0.146	0.118	0.144	0.116	0.119	0.119	0.147	0.149	0.119	0.146	0.091	0.089	0.139	0.142	0.115	0.147	0.147	0.142	0.145	0.119	0.149	0.119	0.092	0.091	0.141	0.115	0.145	0.117	0.120	0.145	0.115	0.150	0.149	0.148	0.089	0.092	0.114	0.146	0.142	0.142	0.117	0.147	0.149	0.119	0.122	0.118	0.090	0.091	0.148	0.122	0.120	0.122	0.152	0.122	0.151	0.149	0.153	0.152	0.089	0.092	0.090	0.092	0.091	0.090	0.089	0.091	0.092	0.092	0.091	0.089	0.090
4:00:09	23.8	0.089	0.089	0.091	0.093	0.092	0.092	0.089	0.090	0.091	0.092	0.090	0.091	0.090	0.127	0.183	0.183	0.189	0.189	0.133	0.186	0.129	0.189	0.126	0.092	0.090	0.182	0.128	0.177	0.125	0.128	0.128	0.183	0.188	0.129	0.181	0.092	0.089	0.169	0.174	0.124	0.182	0.181	0.173	0.179	0.129	0.184	0.129	0.092	0.091	0.171	0.124	0.178	0.126	0.129	0.175	0.124	0.184	0.181	0.183	0.090	0.092	0.124	0.183	0.173	0.174	0.126	0.175	0.181	0.128	0.132	0.128	0.091	0.092	0.182	0.131	0.129	0.131	0.183	0.132	0.181	0.180	0.186	0.186	0.090	0.093	0.091	0.093	0.091	0.090	0.090	0.092	0.093	0.093	0.091	0.090	0.090
5:00:10	23.6	0.089	0.089	0.091	0.093	0.093	0.092	0.089	0.090	0.091	0.092	0.090	0.091	0.090	0.143	0.208	0.214	0.227	0.219	0.145	0.221	0.141	0.216	0.138	0.092	0.090	0.210	0.146	0.204	0.144	0.156	0.149	0.213	0.225	0.153	0.215	0.092	0.089	0.203	0.204	0.144	0.215	0.219	0.204	0.206	0.157	0.214	0.145	0.092	0.091	0.204	0.146	0.214	0.142	0.147	0.203	0.151	0.215	0.208	0.212	0.090	0.092	0.143	0.215	0.209	0.203	0.146	0.205	0.209	0.142	0.151	0.146	0.090	0.092	0.213	0.145	0.153	0.155	0.220	0.155	0.210	0.209	0.217	0.217	0.090	0.093	0.090	0.093	0.091	0.090	0.090	0.092	0.093	0.093	0.092	0.090	0.090
6:00:11	23.4	0.089	0.089	0.091	0.093	0.093	0.092	0.089	0.090	0.090	0.092	0.090	0.091	0.090	0.143	0.244	0.253	0.274	0.259	0.153	0.277	0.145	0.259	0.154	0.092	0.090	0.253	0.146	0.240	0.143	0.148	0.147	0.254	0.273	0.152	0.262	0.092	0.089	0.242	0.246	0.144	0.266	0.271	0.240	0.247	0.150	0.257	0.153	0.092	0.091	0.242	0.153	0.257	0.148	0.151	0.243	0.143	0.261	0.247	0.251	0.089	0.093	0.145	0.263	0.254	0.244	0.148	0.246	0.254	0.144	0.150	0.150	0.090	0.091	0.252	0.152	0.148	0.148	0.264	0.148	0.254	0.252	0.264	0.262	0.090	0.093	0.091	0.093	0.091	0.090	0.090	0.092	0.093	0.093	0.092	0.090	0.091
7:00:12	23.2	0.089	0.090	0.092	0.093	0.092	0.092	0.089	0.090	0.091	0.092	0.090	0.092	0.090	0.156	0.310	0.328	0.363	0.335	0.169	0.343	0.158	0.325	0.158	0.092	0.090	0.316	0.158	0.316	0.154	0.157	0.156	0.317	0.334	0.163	0.316	0.092	0.089	0.314	0.328	0.153	0.338	0.349	0.308	0.317	0.165	0.327	0.167	0.092	0.091	0.318	0.164	0.341	0.160	0.165	0.321	0.159	0.341	0.316	0.316	0.090	0.093	0.159	0.335	0.335	0.327	0.164	0.319	0.321	0.154	0.168	0.164	0.090	0.092	0.326	0.162	0.163	0.163	0.340	0.166	0.327	0.318	0.323	0.326	0.090	0.093	0.091	0.093	0.091	0.090	0.090	0.092	0.093	0.093	0.092	0.090	0.091
8:00:13	23.0	0.090	0.090	0.092	0.094	0.093	0.092	0.090	0.090	0.091	0.093	0.090	0.092	0.090	0.181	0.334	0.354	0.387	0.357	0.187	0.368	0.178	0.366	0.175	0.092	0.091	0.345	0.173	0.339	0.164	0.171	0.172	0.351	0.371	0.177	0.340	0.092	0.089	0.344	0.358	0.168	0.373	0.373	0.337	0.352	0.174	0.365	0.182	0.092	0.092	0.343	0.175	0.364	0.171	0.176	0.348	0.171	0.372	0.349	0.332	0.090	0.093	0.173	0.357	0.352	0.355	0.179	0.347	0.356	0.169	0.185	0.179	0.091	0.092	0.361	0.175	0.177	0.184	0.366	0.189	0.357	0.349	0.357	0.362	0.090	0.093	0.091	0.093	0.092	0.090	0.090	0.092	0.094	0.093	0.092	0.090	0.091
9:00:14	22.7	0.090	0.089	0.091	0.093	0.093	0.092	0.090	0.090	0.091	0.092	0.090	0.092	0.090	0.193	0.372	0.398	0.428	0.402	0.217	0.410	0.201	0.413	0.192	0.092	0.090	0.388	0.200	0.375	0.188	0.197	0.193	0.391	0.414	0.195	0.390	0.092	0.089	0.371	0.389	0.185	0.404	0.408	0.378	0.393	0.196	0.407	0.205	0.092	0.091	0.370	0.194	0.400	0.191	0.199	0.384	0.189	0.412	0.368	0.384	0.090	0.092	0.194	0.397	0.376	0.391	0.197	0.384	0.395	0.185	0.208	0.201	0.090	0.091	0.395	0.200	0.198	0.202	0.406	0.207	0.394	0.396	0.405	0.403	0.090	0.093	0.090	0.093	0.091	0.090	0.090	0.092	0.093	0.093	0.092	0.090	0.091
10:00:15	22.5	0.090	0.090	0.092	0.094	0.093	0.092	0.090	0.090	0.091	0.092	0.090	0.092	0.090	0.217	0.399	0.430	0.482	0.462	0.247	0.465	0.221	0.456	0.218	0.092	0.091	0.444	0.226	0.400	0.211	0.221	0.216	0.447	0.465	0.218	0.450	0.092	0.089	0.398	0.435	0.206	0.455	0.463	0.426	0.442	0.218	0.461	0.234	0.092	0.092	0.398	0.215	0.453	0.208	0.222	0.432	0.207	0.463	0.402	0.433	0.090	0.093	0.218	0.453	0.392	0.430	0.217	0.432	0.451	0.209	0.233	0.226	0.091	0.091	0.445	0.219	0.217	0.220	0.465	0.230	0.445	0.452	0.463	0.465	0.091	0.093	0.091	0.093	0.091	0.091	0.090	0.092	0.093	0.093	0.092	0.090	0.091
11:00:24	22.3	0.090	0.090	0.091	0.093	0.093	0.092	0.090	0.090	0.091	0.092	0.090	0.092	0.090	0.243	0.459	0.482	0.529	0.508	0.273	0.509	0.246	0.501	0.247	0.092	0.091	0.494	0.255	0.459	0.236	0.248	0.241	0.487	0.517	0.245	0.504	0.092	0.089	0.454	0.483	0.230	0.500	0.510	0.479	0.490	0.246	0.505	0.265	0.092	0.092	0.450	0.241	0.503	0.229	0.247	0.477	0.230	0.507	0.459	0.478	0.090	0.093	0.245	0.506	0.453	0.483	0.240	0.484	0.499	0.228	0.262	0.251	0.091	0.092	0.495	0.244	0.239	0.242	0.514	0.257	0.496	0.498	0.513	0.514	0.091	0.093	0.091	0.093	0.091	0.090	0.090	0.092	0.093	0.093	0.092	0.090	0.091
12:00:17	22.0	0.090	0.090	0.092	0.094	0.093	0.093	0.090	0.090	0.091	0.093	0.090	0.092	0.090	0.274	0.526	0.549	0.598	0.581	0.313	0.562	0.277	0.571	0.282	0.092	0.090	0.559	0.292	0.531	0.268	0.285	0.269	0.545	0.585	0.278	0.573	0.092	0.090	0.516	0.541	0.259	0.566	0.570	0.538	0.544	0.281	0.575	0.305	0.092	0.092	0.518	0.276	0.566	0.257	0.279	0.542	0.259	0.572	0.530	0.547	0.090	0.093	0.275	0.564	0.520	0.539	0.279	0.544	0.561	0.257	0.303	0.283	0.091	0.092	0.556	0.277	0.269	0.278	0.577	0.297	0.551	0.564	0.588	0.585	0.091	0.093	0.091	0.093	0.092	0.090	0.090	0.092	0.094	0.093	0.092	0.090	0.091
13:00:18	21.8	0.090	0.090	0.091	0.094	0.093	0.092	0.090	0.090	0.091	0.092	0.090	0.092	0.090	0.307	0.602	0.620	0.662	0.648	0.363	0.635	0.316	0.648	0.320	0.092	0.091	0.632	0.337	0.608	0.309	0.327	0.307	0.619	0.662	0.322	0.654	0.092	0.089	0.592	0.617	0.300	0.636	0.644	0.612	0.615	0.324	0.654	0.351	0.092	0.092	0.594	0.312	0.642	0.295	0.318	0.614	0.300	0.648	0.614	0.629	0.091	0.092	0.312	0.640	0.601	0.620	0.322	0.618	0.641	0.288	0.352	0.326	0.090	0.092	0.630	0.317	0.304	0.315	0.647	0.347	0.629	0.643	0.665	0.662	0.090	0.093	0.091	0.093	0.091	0.090	0.090	0.092	0.093	0.093	0.092	0.090	0.091
14:00:18	21.6	0.090	0.090	0.092	0.094	0.093	0.093	0.090	0.090	0.091	0.092	0.090	0.092	0.091	0.349	0.663	0.677	0.721	0.704	0.422	0.694	0.363	0.708	0.368	0.092	0.091	0.691	0.392	0.670	0.359	0.375	0.359	0.676	0.720	0.368	0.720	0.093	0.090	0.655	0.676	0.340	0.696	0.703	0.673	0.674	0.371	0.714	0.408	0.092	0.092	0.662	0.368	0.705	0.342	0.370	0.674	0.344	0.712	0.682	0.693	0.093	0.093	0.373	0.706	0.672	0.687	0.370	0.682	0.700	0.331	0.407	0.374	0.091	0.092	0.700	0.365	0.348	0.364	0.712	0.398	0.697	0.706	0.728	0.723	0.091	0.093	0.091	0.093	0.091	0.091	0.090	0.092	0.094	0.093	0.092	0.090	0.091
15:00:21	21.3	0.090	0.090	0.091	0.094	0.093	0.093	0.090	0.090	0.091	0.093	0.090	0.092	0.090	0.409	0.718	0.731	0.771	0.756	0.478	0.746	0.419	0.761	0.417	0.092	0.091	0.744	0.449	0.727	0.409	0.433	0.409	0.728	0.772	0.425	0.776	0.092	0.089	0.714	0.730	0.384	0.746	0.757	0.724	0.727	0.429	0.769	0.467	0.093	0.092	0.724	0.415	0.759	0.385	0.420	0.729	0.393	0.767	0.740	0.753	0.095	0.093	0.416	0.761	0.733	0.743	0.426	0.737	0.754	0.377	0.459	0.425	0.091	0.092	0.755	0.416	0.398	0.414	0.763	0.458	0.752	0.764	0.785	0.783	0.091	0.093	0.091	0.093	0.091	0.090	0.090	0.092	0.094	0.093	0.092	0.090	0.091
16:00:21	21.2	0.090	0.090	0.092	0.094	0.093	0.093	0.090	0.090	0.091	0.093	0.090	0.092	0.091	0.451	0.767	0.776	0.820	0.806	0.538	0.795	0.474	0.812	0.469	0.092	0.091	0.790	0.505	0.781	0.463	0.487	0.463	0.776	0.821	0.475	0.828	0.092	0.089	0.764	0.779	0.438	0.791	0.806	0.774	0.777	0.476	0.818	0.523	0.092	0.092	0.777	0.475	0.806	0.441	0.483	0.781	0.448	0.816	0.797	0.806	0.100	0.093	0.474	0.804	0.785	0.792	0.480	0.788	0.805	0.430	0.519	0.482	0.091	0.092	0.807	0.471	0.457	0.470	0.810	0.510	0.803	0.815	0.837	0.836	0.091	0.093	0.091	0.093	0.091	0.090	0.090	0.092	0.093	0.093	0.092	0.090	0.091
17:00:21	21.1	0.090	0.090	0.092	0.094	0.093	0.093	0.090	0.091	0.092	0.093	0.091	0.092	0.091	0.510	0.815	0.821	0.866	0.851	0.587	0.841	0.529	0.863	0.525	0.092	0.091	0.838	0.558	0.826	0.512	0.540	0.518	0.824	0.873	0.529	0.881	0.093	0.090	0.812	0.825	0.489	0.837	0.853	0.822	0.825	0.531	0.868	0.575	0.093	0.092	0.823	0.523	0.852	0.492	0.533	0.828	0.503	0.866	0.849	0.858	0.110	0.094	0.524	0.850	0.834	0.841	0.531	0.837	0.856	0.481	0.574	0.534	0.091	0.092	0.855	0.520	0.501	0.519	0.857	0.565	0.852	0.866	0.892	0.889	0.091	0.094	0.091	0.094	0.092	0.091	0.091	0.093	0.094	0.094	0.093	0.091	0.092
18:00:22	21.2	0.090	0.090	0.092	0.094	0.093	0.093	0.090	0.091	0.091	0.093	0.091	0.092	0.091	0.552	0.866	0.847	0.874	0.896	0.630	0.798	0.581	0.909	0.569	0.092	0.091	0.884	0.604	0.863	0.559	0.585	0.566	0.765	0.935	0.579	0.956	0.092	0.090	0.860	0.871	0.541	0.885	0.905	0.711	0.768	0.578	1.045	0.624	0.092	0.092	0.871	0.568	0.898	0.542	0.576	0.693	0.549	1.031	0.708	0.940	0.132	0.093	0.575	0.902	0.882	0.795	0.575	0.883	1.023	0.527	0.620	0.586	0.091	0.092	0.904	0.568	0.550	0.565	0.911	0.607	0.916	0.875	1.116	1.081	0.091	0.093	0.091	0.093	0.092	0.090	0.090	0.092	0.093	0.093	0.092	0.090	0.091
19:00:24	21.4	0.090	0.090	0.092	0.094	0.093	0.093	0.090	0.091	0.091	0.093	0.091	0.092	0.091	0.593	0.979	0.996	1.056	1.036	0.665	0.942	0.624	1.070	0.610	0.092	0.091	0.958	0.642	1.004	0.602	0.626	0.609	0.926	1.077	0.625	1.176	0.093	0.090	1.035	1.089	0.579	1.067	1.130	0.959	1.027	0.624	1.203	0.663	0.092	0.092	0.959	0.611	1.208	0.588	0.619	1.074	0.597	1.250	1.051	1.234	0.170	0.093	0.615	1.021	1.093	1.059	0.618	1.033	1.131	0.572	0.663	0.628	0.091	0.092	0.978	0.610	0.597	0.610	1.184	0.645	1.162	1.067	1.117	1.249	0.091	0.094	0.091	0.093	0.092	0.091	0.090	0.093	0.094	0.093	0.093	0.091	0.091
20:00:32	21.7	0.090	0.090	0.092	0.094	0.093	0.093	0.090	0.091	0.091	0.093	0.090	0.092	0.091	0.626	1.036	1.055	1.048	1.058	0.688	1.078	0.658	1.107	0.647	0.092	0.091	1.076	0.669	1.054	0.635	0.654	0.641	1.050	1.078	0.663	1.116	0.093	0.090	1.058	1.089	0.615	1.067	1.093	1.034	1.069	0.663	1.088	0.695	0.092	0.092	1.065	0.644	1.136	0.625	0.645	1.072	0.633	1.110	1.081	1.119	0.232	0.093	0.646	1.105	1.092	1.083	0.652	1.076	1.077	0.608	0.696	0.665	0.091	0.092	1.104	0.638	0.633	0.647	1.110	0.678	1.095	1.098	1.100	1.138	0.091	0.093	0.091	0.093	0.091	0.091	0.090	0.093	0.094	0.093	0.092	0.090	0.091
21:00:30	22.1	0.090	0.090	0.092	0.094	0.093	0.093	0.090	0.090	0.091	0.093	0.090	0.092	0.091	0.654	1.028	1.037	1.049	1.041	0.714	1.083	0.682	1.083	0.678	0.092	0.091	1.062	0.696	1.047	0.663	0.683	0.667	1.057	1.074	0.691	1.089	0.092	0.090	1.038	1.048	0.649	1.042	1.047	1.042	1.062	0.695	1.051	0.710	0.093	0.092	1.054	0.673	1.063	0.657	0.674	1.049	0.666	1.060	1.081	1.061	0.295	0.093	0.676	1.081	1.053	1.063	0.682	1.050	1.062	0.644	0.730	0.695	0.091	0.092	1.093	0.669	0.666	0.678	1.072	0.708	1.070	1.102	1.092	1.089	0.091	0.093	0.091	0.093	0.091	0.090	0.090	0.092	0.094	0.093	0.092	0.090	0.091
22:00:27	22.5	0.090	0.090	0.092	0.094	0.093	0.093	0.090	0.091	0.091	0.093	0.090	0.092	0.091	0.679	1.038	1.042	1.060	1.054	0.740	1.084	0.706	1.080	0.699	0.092	0.091	1.069	0.728	1.057	0.689	0.704	0.692	1.063	1.078	0.712	1.094	0.093	0.090	1.042	1.047	0.675	1.045	1.052	1.050	1.070	0.719	1.056	0.744	0.093	0.092	1.058	0.697	1.059	0.680	0.697	1.052	0.688	1.065	1.085	1.064	0.367	0.093	0.697	1.079	1.056	1.068	0.704	1.050	1.065	0.674	0.757	0.714	0.091	0.092	1.092	0.695	0.691	0.699	1.072	0.736	1.076	1.101	1.097	1.091	0.091	0.093	0.091	0.093	0.092	0.091	0.091	0.093	0.094	0.094	0.092	0.090	0.091
23:00:27	22.9	0.090	0.090	0.092	0.094	0.093	0.093	0.090	0.091	0.092	0.093	0.091	0.092	0.091	0.698	1.050	1.052	1.064	1.067	0.754	1.089	0.720	1.089	0.718	0.092	0.091	1.077	0.748	1.069	0.704	0.720	0.707	1.069	1.081	0.732	1.108	0.093	0.090	1.053	1.056	0.696	1.056	1.065	1.059	1.078	0.731	1.070	0.770	0.093	0.092	1.070	0.715	1.068	0.699	0.716	1.062	0.708	1.080	1.090	1.079	0.448	0.093	0.719	1.089	1.066	1.077	0.721	1.060	1.075	0.697	0.776	0.739	0.091	0.093	1.099	0.718	0.712	0.716	1.084	0.752	1.087	1.106	1.106	1.102	0.091	0.094	0.091	0.093	0.092	0.091	0.090	0.093	0.094	0.094	0.092	0.091	0.091
24:00:28	23.2	0.090	0.090	0.092	0.094	0.093	0.093	0.090	0.090	0.091	0.092	0.090	0.092	0.091	0.697	1.061	1.060	1.064	1.076	0.770	1.093	0.735	1.098	0.736	0.092	0.091	1.083	0.762	1.078	0.716	0.735	0.708	1.073	1.086	0.754	1.117	0.092	0.089	1.061	1.066	0.708	1.066	1.075	1.065	1.084	0.747	1.079	0.786	0.092	0.092	1.078	0.731	1.076	0.717	0.724	1.070	0.720	1.091	1.094	1.092	0.530	0.093	0.746	1.095	1.074	1.086	0.742	1.071	1.081	0.720	0.790	0.763	0.091	0.092	1.105	0.730	0.720	0.732	1.091	0.769	1.097	1.109	1.113	1.111	0.090	0.093	0.091	0.093	0.091	0.090	0.090	0.092	0.094	0.094	0.092	0.090	0.091
25:00:29	23.3	0.090	0.090	0.092	0.094	0.094	0.093	0.090	0.091	0.091	0.093	0.090	0.092	0.091	0.721	1.067	1.065	1.058	1.081	0.775	1.096	0.748	1.104	0.761	0.093	0.091	1.080	0.773	1.083	0.727	0.748	0.716	1.076	1.114	0.768	1.127	0.093	0.090	1.068	1.075	0.715	1.074	1.081	1.070	1.088	0.766	1.088	0.793	0.093	0.093	1.083	0.750	1.082	0.712	0.735	1.077	0.728	1.099	1.097	1.100	0.610	0.093	0.761	1.103	1.081	1.092	0.759	1.078	1.087	0.719	0.794	0.774	0.091	0.092	1.108	0.747	0.741	0.757	1.099	0.778	1.106	1.111	1.123	1.120	0.091	0.094	0.092	0.093	0.092	0.091	0.090	0.093	0.094	0.093	0.092	0.091	0.091
26:00:31	23.4	0.090	0.090	0.092	0.094	0.093	0.093	0.090	0.091	0.091	0.093	0.090	0.092	0.091	0.735	1.073	1.070	1.063	1.084	0.777	1.099	0.758	1.109	0.755	0.092	0.091	1.081	0.778	1.087	0.735	0.754	0.730	1.079	1.178	0.772	1.132	0.093	0.090	1.070	1.076	0.730	1.076	1.083	1.074	1.090	0.775	1.104	0.798	0.092	0.092	1.085	0.762	1.083	0.725	0.740	1.080	0.743	1.103	1.101	1.107	0.697	0.093	0.767	1.108	1.082	1.095	0.768	1.082	1.092	0.723	0.792	0.778	0.091	0.092	1.110	0.756	0.752	0.770	1.103	0.779	1.108	1.113	1.147	1.134	0.091	0.093	0.091	0.093	0.092	0.091	0.090	0.093	0.094	0.094	0.092	0.090	0.091
27:00:32	23.5	0.091	0.090	0.092	0.094	0.093	0.093	0.090	0.091	0.091	0.093	0.090	0.092	0.091	0.743	1.074	1.072	1.093	1.087	0.773	1.103	0.764	1.115	0.760	0.092	0.091	1.087	0.774	1.088	0.738	0.761	0.732	1.081	1.122	0.775	1.139	0.093	0.090	1.073	1.080	0.740	1.079	1.088	1.080	1.092	0.777	1.170	0.796	0.093	0.092	1.089	0.763	1.087	0.730	0.745	1.084	0.753	1.132	1.106	1.110	0.766	0.093	0.773	1.119	1.085	1.098	0.766	1.087	1.122	0.736	0.789	0.780	0.091	0.092	1.117	0.757	0.758	0.773	1.107	0.775	1.109	1.118	1.228	1.201	0.091	0.093	0.091	0.093	0.092	0.091	0.090	0.093	0.094	0.094	0.092	0.091	0.091
28:00:33	23.4	0.090	0.090	0.092	0.094	0.093	0.093	0.090	0.091	0.092	0.093	0.091	0.092	0.091	0.744	1.080	1.080	1.133	1.092	0.778	1.109	0.775	1.119	0.757	0.093	0.091	1.100	0.766	1.093	0.742	0.766	0.730	1.086	1.126	0.775	1.192	0.093	0.090	1.078	1.086	0.743	1.085	1.104	1.084	1.096	0.779	1.140	0.793	0.093	0.093	1.090	0.766	1.092	0.733	0.744	1.088	0.748	1.207	1.112	1.116	0.822	0.093	0.771	1.156	1.086	1.100	0.768	1.090	1.200	0.734	0.783	0.778	0.092	0.092	1.122	0.763	0.761	0.771	1.118	0.769	1.114	1.141	1.196	1.218	0.091	0.094	0.092	0.093	0.092	0.091	0.090	0.093	0.094	0.094	0.092	0.091	0.092
29:00:34	23.3	0.091	0.090	0.092	0.094	0.093	0.093	0.090	0.091	0.092	0.093	0.091	0.092	0.091	0.742	1.087	1.085	1.116	1.099	0.758	1.118	0.774	1.127	0.753	0.093	0.091	1.155	0.760	1.098	0.740	0.762	0.735	1.092	1.121	0.776	1.193	0.093	0.090	1.085	1.096	0.745	1.099	1.153	1.092	1.101	0.773	1.149	0.785	0.093	0.093	1.098	0.762	1.109	0.730	0.742	1.094	0.743	1.172	1.139	1.151	0.872	0.094	0.763	1.188	1.091	1.107	0.762	1.098	1.161	0.733	0.774	0.768	0.091	0.093	1.156	0.763	0.758	0.768	1.165	0.760	1.131	1.230	1.193	1.195	0.091	0.094	0.091	0.094	0.092	0.090	0.091	0.093	0.094	0.094	0.092	0.091	0.091
30:00:35	23.1	0.091	0.090	0.092	0.094	0.093	0.093	0.090	0.091	0.091	0.093	0.091	0.092	0.091	0.740	1.097	1.095	1.123	1.127	0.749	1.140	0.770	1.135	0.756	0.092	0.091	1.138	0.746	1.107	0.733	0.752	0.732	1.102	1.122	0.767	1.207	0.093	0.090	1.098	1.118	0.745	1.135	1.154	1.101	1.111	0.765	1.144	0.778	0.093	0.093	1.109	0.752	1.161	0.729	0.738	1.105	0.739	1.168	1.189	1.245	0.908	0.093	0.756	1.179	1.100	1.115	0.750	1.115	1.160	0.734	0.761	0.767	0.091	0.093	1.218	0.759	0.753	0.758	1.182	0.751	1.183	1.201	1.189	1.192	0.091	0.093	0.091	0.094	0.092	0.091	0.090	0.093	0.094	0.094	0.092	0.091	0.091
31:00:35	22.9	0.090	0.090	0.092	0.094	0.093	0.093	0.090	0.091	0.091	0.093	0.091	0.092	0.091	0.734	1.115	1.114	1.122	1.170	0.740	1.205	0.762	1.156	0.745	0.092	0.091	1.165	0.742	1.121	0.724	0.743	0.728	1.126	1.130	0.753	1.207	0.093	0.090	1.125	1.179	0.736	1.179	1.160	1.124	1.138	0.757	1.145	0.764	0.093	0.092	1.142	0.744	1.156	0.727	0.729	1.133	0.732	1.166	1.195	1.203	0.944	0.093	0.749	1.181	1.124	1.142	0.740	1.146	1.159	0.731	0.757	0.755	0.091	0.092	1.208	0.751	0.744	0.751	1.199	0.743	1.194	1.205	1.190	1.193	0.091	0.093	0.091	0.093	0.092	0.091	0.091	0.093	0.094	0.094	0.092	0.090	0.091
32:00:37	22.7	0.091	0.090	0.092	0.095	0.094	0.094	0.090	0.091	0.092	0.093	0.091	0.093	0.091	0.727	1.143	1.148	1.127	1.163	0.735	1.195	0.753	1.219	0.738	0.093	0.091	1.163	0.735	1.142	0.715	0.734	0.721	1.166	1.141	0.744	1.207	0.093	0.090	1.143	1.152	0.729	1.167	1.156	1.161	1.189	0.744	1.147	0.758	0.093	0.093	1.196	0.731	1.169	0.718	0.720	1.170	0.724	1.162	1.196	1.202	0.974	0.094	0.741	1.178	1.185	1.202	0.728	1.210	1.156	0.728	0.752	0.742	0.092	0.093	1.204	0.744	0.735	0.742	1.198	0.740	1.211	1.209	1.190	1.193	0.091	0.094	0.092	0.094	0.092	0.091	0.091	0.093	0.094	0.094	0.092	0.091	0.092
33:00:37	22.5	0.091	0.090	0.092	0.094	0.093	0.093	0.090	0.091	0.092	0.093	0.091	0.092	0.091	0.721	1.162	1.143	1.135	1.179	0.730	1.195	0.743	1.194	0.728	0.093	0.091	1.163	0.729	1.107	0.710	0.727	0.717	1.166	1.158	0.739	1.208	0.093	0.090	1.133	1.175	0.718	1.164	1.155	1.206	1.175	0.738	1.152	0.751	0.093	0.093	1.174	0.722	1.167	0.713	0.714	1.162	0.716	1.161	1.199	1.199	1.003	0.093	0.733	1.177	1.174	1.191	0.725	1.181	1.157	0.724	0.749	0.737	0.091	0.093	1.201	0.735	0.734	0.734	1.195	0.736	1.211	1.211	1.195	1.197	0.091	0.094	0.092	0.094	0.092	0.091	0.091	0.093	0.094	0.094	0.093	0.091	0.092
34:00:39	22.2	0.090	0.090	0.092	0.094	0.093	0.093	0.090	0.091	0.091	0.093	0.091	0.092	0.091	0.717	1.116	1.125	1.147	1.181	0.728	1.197	0.734	1.220	0.723	0.092	0.091	1.168	0.726	1.168	0.705	0.721	0.717	1.181	1.188	0.729	1.214	0.093	0.090	1.180	1.176	0.714	1.165	1.156	1.175	1.188	0.734	1.163	0.747	0.093	0.093	1.197	0.716	1.164	0.707	0.710	1.184	0.711	1.167	1.204	1.199	1.029	0.094	0.726	1.182	1.186	1.202	0.717	1.191	1.163	0.719	0.750	0.731	0.092	0.092	1.203	0.731	0.726	0.728	1.194	0.735	1.212	1.216	1.207	1.207	0.091	0.094	0.091	0.093	0.092	0.091	0.091	0.093	0.094	0.094	0.092	0.091	0.091
35:00:40	22.0	0.091	0.090	0.092	0.094	0.093	0.093	0.090	0.091	0.091	0.093	0.091	0.092	0.091	0.714	1.161	1.187	1.157	1.186	0.728	1.202	0.730	1.223	0.719	0.093	0.091	1.174	0.722	1.197	0.702	0.720	0.710	1.200	1.252	0.727	1.230	0.093	0.090	1.209	1.194	0.709	1.179	1.165	1.208	1.210	0.732	1.186	0.746	0.093	0.093	1.222	0.716	1.180	0.701	0.710	1.215	0.709	1.189	1.222	1.215	1.044	0.093	0.726	1.200	1.220	1.232	0.714	1.225	1.193	0.717	0.750	0.727	0.092	0.093	1.227	0.730	0.720	0.723	1.218	0.737	1.240	1.247	1.250	1.247	0.091	0.093	0.092	0.094	0.092	0.091	0.091	0.093	0.094	0.094	0.093	0.091	0.092
36:00:40	21.8	0.090	0.091	0.093	0.094	0.093	0.093	0.091	0.091	0.092	0.093	0.091	0.092	0.091	0.713	1.215	1.206	1.180	1.198	0.730	1.214	0.731	1.236	0.722	0.093	0.091	1.189	0.723	1.207	0.699	0.719	0.711	1.212	1.308	0.729	1.249	0.093	0.090	1.218	1.206	0.710	1.187	1.177	1.220	1.222	0.734	1.214	0.753	0.093	0.093	1.233	0.718	1.187	0.701	0.712	1.223	0.707	1.207	1.234	1.220	1.030	0.093	0.725	1.219	1.223	1.234	0.716	1.230	1.211	0.721	0.757	0.731	0.092	0.093	1.235	0.730	0.717	0.723	1.224	0.739	1.242	1.254	1.285	1.276	0.091	0.093	0.092	0.094	0.092	0.091	0.091	0.093	0.094	0.094	0.093	0.091	0.092
37:00:41	21.5	0.090	0.090	0.092	0.094	0.093	0.093	0.090	0.091	0.091	0.093	0.091	0.092	0.091	0.713	1.221	1.213	1.201	1.203	0.737	1.222	0.732	1.238	0.720	0.093	0.091	1.202	0.726	1.210	0.702	0.720	0.715	1.220	1.361	0.735	1.262	0.093	0.090	1.226	1.211	0.711	1.194	1.188	1.225	1.226	0.736	1.250	0.761	0.093	0.093	1.239	0.720	1.193	0.702	0.717	1.224	0.709	1.219	1.241	1.224	1.052	0.093	0.727	1.234	1.226	1.234	0.718	1.230	1.225	0.723	0.767	0.735	0.092	0.092	1.240	0.733	0.717	0.725	1.230	0.745	1.243	1.261	1.322	1.306	0.091	0.094	0.092	0.093	0.092	0.091	0.091	0.093	0.094	0.094	0.093	0.091	0.092
38:00:42	21.3	0.091	0.091	0.092	0.094	0.093	0.093	0.090	0.091	0.091	0.093	0.091	0.093	0.092	0.715	1.228	1.222	1.231	1.213	0.743	1.233	0.736	1.246	0.725	0.093	0.091	1.218	0.732	1.218	0.714	0.728	0.722	1.229	1.409	0.742	1.276	0.093	0.090	1.237	1.220	0.715	1.204	1.201	1.231	1.232	0.743	1.306	0.771	0.093	0.093	1.247	0.724	1.202	0.707	0.724	1.226	0.715	1.240	1.249	1.232	1.073	0.093	0.732	1.257	1.233	1.238	0.724	1.232	1.250	0.731	0.779	0.742	0.092	0.093	1.251	0.738	0.721	0.731	1.240	0.754	1.249	1.272	1.369	1.357	0.091	0.094	0.092	0.094	0.092	0.091	0.091	0.093	0.094	0.094	0.093	0.091	0.092
39:00:44	21.1	0.091	0.090	0.092	0.094	0.093	0.093	0.090	0.091	0.092	0.093	0.091	0.092	0.092	0.719	1.235	1.230	1.291	1.221	0.751	1.243	0.742	1.252	0.730	0.092	0.091	1.234	0.741	1.227	0.722	0.734	0.731	1.237	1.326	0.750	1.296	0.093	0.090	1.242	1.227	0.721	1.216	1.216	1.236	1.238	0.752	1.373	0.782	0.093	0.093	1.252	0.732	1.212	0.714	0.734	1.230	0.723	1.277	1.260	1.241	1.091	0.093	0.739	1.286	1.236	1.240	0.732	1.236	1.290	0.737	0.791	0.754	0.092	0.092	1.263	0.745	0.728	0.738	1.252	0.767	1.256	1.285	1.436	1.415	0.091	0.093	0.092	0.093	0.092	0.091	0.091	0.093	0.094	0.094	0.092	0.091	0.092
40:00:45	20.9	0.091	0.091	0.092	0.095	0.094	0.093	0.091	0.091	0.091	0.093	0.091	0.092	0.091	0.722	1.240	1.239	1.357	1.230	0.762	1.253	0.749	1.258	0.736	0.093	0.091	1.250	0.752	1.235	0.728	0.744	0.739	1.243	1.316	0.759	1.334	0.093	0.090	1.248	1.235	0.730	1.226	1.235	1.241	1.245	0.761	1.423	0.795	0.093	0.093	1.258	0.740	1.222	0.724	0.746	1.234	0.731	1.340	1.272	1.252	1.109	0.093	0.748	1.322	1.241	1.243	0.742	1.240	1.345	0.747	0.803	0.766	0.092	0.093	1.277	0.756	0.736	0.748	1.267	0.780	1.265	1.301	1.352	1.350	0.091	0.094	0.092	0.094	0.092	0.091	0.091	0.093	0.094	0.094	0.093	0.091	0.092
41:00:45	20.9	0.091	0.091	0.092	0.094	0.094	0.093	0.091	0.091	0.091	0.093	0.091	0.093	0.091	0.727	1.252	1.248	1.315	1.242	0.773	1.266	0.758	1.265	0.744	0.093	0.091	1.278	0.762	1.246	0.735	0.755	0.748	1.253	1.315	0.771	1.353	0.093	0.090	1.261	1.248	0.738	1.240	1.258	1.252	1.256	0.771	1.350	0.806	0.093	0.093	1.267	0.750	1.238	0.735	0.761	1.245	0.741	1.418	1.287	1.266	1.135	0.094	0.757	1.378	1.252	1.252	0.754	1.250	1.423	0.757	0.817	0.782	0.092	0.093	1.303	0.762	0.745	0.754	1.285	0.794	1.280	1.333	1.363	1.361	0.092	0.094	0.092	0.094	0.092	0.091	0.091	0.093	0.094	0.094	0.093	0.091	0.092
42:00:47	21.0	0.090	0.091	0.092	0.094	0.094	0.093	0.092	0.091	0.092	0.093	0.091	0.092	0.091	0.733	1.262	1.258	1.312	1.258	0.784	1.283	0.764	1.277	0.752	0.093	0.091	1.327	0.773	1.259	0.743	0.765	0.759	1.264	1.316	0.782	1.372	0.093	0.090	1.272	1.262	0.746	1.259	1.306	1.261	1.268	0.782	1.345	0.819	0.093	0.093	1.277	0.760	1.254	0.744	0.778	1.257	0.751	1.421	1.306	1.284	1.167	0.094	0.767	1.332	1.263	1.263	0.764	1.263	1.360	0.767	0.829	0.795	0.092	0.093	1.336	0.771	0.755	0.764	1.319	0.808	1.301	1.385	1.370	1.370	0.091	0.093	0.092	0.093	0.092	0.091	0.091	0.093	0.094	0.094	0.093	0.091	0.092
43:00:46	21.4	0.091	0.091	0.092	0.095	0.094	0.093	0.092	0.091	0.092	0.093	0.091	0.092	0.092	0.741	1.276	1.270	1.320	1.274	0.798	1.302	0.775	1.290	0.763	0.093	0.092	1.424	0.784	1.273	0.754	0.775	0.772	1.277	1.319	0.793	1.392	0.093	0.090	1.285	1.273	0.756	1.276	1.363	1.272	1.281	0.792	1.346	0.831	0.093	0.093	1.290	0.770	1.276	0.756	0.790	1.267	0.760	1.378	1.323	1.305	1.204	0.094	0.777	1.356	1.274	1.272	0.776	1.274	1.362	0.776	0.842	0.811	0.092	0.093	1.349	0.783	0.764	0.774	1.378	0.821	1.318	1.373	1.366	1.366	0.091	0.094	0.092	0.094	0.092	0.091	0.091	0.093	0.094	0.095	0.093	0.091	0.092
44:00:48	21.9	0.091	0.091	0.093	0.094	0.094	0.094	0.091	0.091	0.092	0.094	0.091	0.093	0.092	0.749	1.287	1.280	1.317	1.286	0.808	1.316	0.781	1.301	0.772	0.093	0.091	1.326	0.792	1.286	0.762	0.784	0.781	1.286	1.319	0.803	1.387	0.093	0.090	1.297	1.284	0.764	1.295	1.314	1.279	1.289	0.803	1.343	0.842	0.093	0.093	1.301	0.780	1.301	0.766	0.801	1.276	0.770	1.371	1.353	1.382	1.231	0.094	0.788	1.355	1.286	1.282	0.787	1.284	1.360	0.786	0.851	0.825	0.092	0.093	1.326	0.791	0.774	0.785	1.342	0.834	1.337	1.394	1.365	1.361	0.092	0.094	0.092	0.094	0.092	0.091	0.091	0.093	0.095	0.094	0.093	0.091	0.092
45:00:51	22.6	0.090	0.090	0.092	0.094	0.094	0.093	0.090	0.091	0.091	0.093	0.091	0.092	0.091	0.752	1.301	1.298	1.315	1.304	0.813	1.339	0.787	1.318	0.778	0.093	0.091	1.352	0.798	1.299	0.766	0.790	0.788	1.300	1.323	0.810	1.388	0.093	0.090	1.315	1.302	0.769	1.338	1.355	1.293	1.302	0.808	1.343	0.849	0.093	0.093	1.315	0.786	1.365	0.773	0.809	1.287	0.777	1.372	1.388	1.438	1.225	0.093	0.796	1.353	1.301	1.296	0.796	1.299	1.360	0.792	0.860	0.834	0.092	0.092	1.374	0.796	0.781	0.791	1.371	0.843	1.425	1.397	1.367	1.365	0.091	0.093	0.091	0.093	0.092	0.091	0.091	0.093	0.094	0.094	0.093	0.091	0.091
46:00:55	23.3	0.091	0.090	0.092	0.095	0.094	0.093	0.090	0.091	0.091	0.093	0.091	0.092	0.091	0.757	1.318	1.317	1.318	1.292	0.818	1.291	0.792	1.338	0.784	0.093	0.091	1.355	0.803	1.314	0.769	0.794	0.796	1.315	1.334	0.819	1.390	0.093	0.090	1.329	1.351	0.774	1.305	1.357	1.305	1.315	0.814	1.346	0.857	0.093	0.093	1.331	0.792	1.351	0.779	0.816	1.301	0.782	1.371	1.401	1.400	1.234	0.093	0.804	1.357	1.316	1.312	0.805	1.317	1.361	0.798	0.867	0.843	0.091	0.093	1.385	0.803	0.787	0.799	1.372	0.850	1.392	1.395	1.371	1.366	0.091	0.094	0.092	0.093	0.092	0.091	0.091	0.093	0.094	0.094	0.093	0.091	0.091
47:00:51	24.1	0.090	0.090	0.092	0.094	0.093	0.093	0.090	0.090	0.091	0.093	0.090	0.092	0.091	0.766	1.330	1.328	1.319	1.350	0.820	1.371	0.794	1.350	0.790	0.092	0.090	1.354	0.804	1.323	0.768	0.796	0.798	1.333	1.352	0.821	1.392	0.093	0.090	1.355	1.363	0.774	1.358	1.357	1.316	1.335	0.817	1.349	0.859	0.093	0.092	1.359	0.794	1.371	0.781	0.821	1.324	0.784	1.372	1.399	1.400	1.243	0.093	0.808	1.367	1.332	1.324	0.808	1.347	1.366	0.799	0.870	0.847	0.092	0.092	1.377	0.805	0.790	0.803	1.370	0.854	1.416	1.396	1.377	1.368	0.091	0.093	0.091	0.093	0.091	0.090	0.091	0.092	0.094	0.093	0.092	0.091	0.091
48:00:51	24.6	0.090	0.090	0.092	0.094	0.093	0.093	0.090	0.091	0.091	0.093	0.091	0.092	0.091	0.766	1.347	1.342	1.321	1.348	0.818	1.384	0.792	1.359	0.791	0.092	0.091	1.352	0.802	1.334	0.764	0.793	0.794	1.356	1.377	0.817	1.394	0.093	0.090	1.308	1.391	0.768	1.369	1.361	1.351	1.388	0.816	1.359	0.857	0.093	0.092	1.339	0.791	1.373	0.777	0.822	1.361	0.781	1.378	1.398	1.398	1.258	0.093	0.809	1.368	1.280	1.366	0.809	1.387	1.374	0.797	0.868	0.847	0.091	0.092	1.379	0.804	0.790	0.804	1.371	0.855	1.411	1.400	1.384	1.377	0.091	0.093	0.091	0.093	0.092	0.090	0.091	0.093	0.094	0.094	0.092	0.091	0.091
49:00:52	24.9	0.091	0.090	0.092	0.095	0.093	0.094	0.090	0.091	0.091	0.093	0.090	0.092	0.091	0.762	1.378	1.332	1.323	1.359	0.813	1.388	0.787	1.327	0.791	0.093	0.091	1.355	0.796	1.345	0.755	0.786	0.785	1.391	1.411	0.810	1.396	0.093	0.090	1.328	1.387	0.759	1.367	1.364	1.413	1.418	0.810	1.372	0.850	0.093	0.093	1.351	0.785	1.375	0.771	0.819	1.441	0.772	1.384	1.398	1.396	1.280	0.093	0.806	1.375	1.377	1.365	0.804	1.410	1.386	0.793	0.861	0.842	0.091	0.093	1.381	0.800	0.790	0.801	1.379	0.851	1.410	1.403	1.399	1.384	0.091	0.094	0.092	0.094	0.092	0.091	0.091	0.093	0.094	0.094	0.092	0.091	0.091
50:00:54	25.1	0.090	0.090	0.092	0.094	0.093	0.093	0.090	0.091	0.091	0.093	0.091	0.092	0.091	0.755	1.306	1.301	1.330	1.373	0.807	1.387	0.775	1.389	0.789	0.093	0.091	1.358	0.784	1.344	0.741	0.774	0.772	1.395	1.440	0.799	1.399	0.093	0.090	1.352	1.385	0.744	1.369	1.370	1.390	1.393	0.799	1.403	0.841	0.093	0.093	1.406	0.775	1.376	0.760	0.811	1.383	0.761	1.407	1.399	1.398	1.302	0.094	0.800	1.390	1.396	1.418	0.797	1.400	1.408	0.781	0.853	0.836	0.092	0.092	1.395	0.798	0.784	0.796	1.384	0.843	1.415	1.409	1.429	1.404	0.091	0.093	0.091	0.093	0.092	0.091	0.090	0.093	0.094	0.094	0.092	0.091	0.091
51:00:55	25.1	0.091	0.090	0.092	0.094	0.094	0.093	0.090	0.091	0.092	0.093	0.091	0.092	0.091	0.745	1.318	1.308	1.367	1.368	0.797	1.386	0.761	1.428	0.784	0.093	0.091	1.363	0.770	1.362	0.724	0.757	0.754	1.406	1.450	0.787	1.404	0.093	0.090	1.377	1.386	0.728	1.370	1.381	1.394	1.408	0.786	1.436	0.832	0.093	0.093	1.408	0.763	1.379	0.745	0.803	1.408	0.743	1.433	1.399	1.404	1.319	0.093	0.793	1.415	1.403	1.412	0.787	1.409	1.430	0.770	0.847	0.828	0.091	0.093	1.398	0.795	0.775	0.787	1.388	0.835	1.420	1.416	1.474	1.447	0.091	0.094	0.092	0.093	0.092	0.091	0.090	0.093	0.094	0.094	0.092	0.091	0.091
52:00:57	25.2	0.090	0.090	0.092	0.094	0.093	0.093	0.090	0.090	0.091	0.092	0.090	0.092	0.091	0.734	1.322	1.331	1.401	1.369	0.787	1.401	0.748	1.431	0.777	0.092	0.091	1.366	0.761	1.404	0.708	0.740	0.737	1.404	1.467	0.775	1.418	0.093	0.090	1.399	1.380	0.709	1.366	1.389	1.395	1.408	0.770	1.451	0.821	0.092	0.092	1.404	0.748	1.379	0.729	0.792	1.404	0.730	1.445	1.396	1.405	1.342	0.093	0.782	1.428	1.400	1.410	0.775	1.403	1.438	0.756	0.834	0.819	0.091	0.092	1.408	0.789	0.765	0.778	1.396	0.824	1.421	1.421	1.511	1.491	0.091	0.093	0.091	0.093	0.091	0.091	0.090	0.093	0.094	0.093	0.092	0.090	0.091
53:00:58	25.1	0.091	0.090	0.092	0.095	0.094	0.093	0.090	0.091	0.092	0.093	0.091	0.093	0.092	0.722	1.349	1.394	1.428	1.379	0.777	1.390	0.738	1.423	0.772	0.093	0.091	1.387	0.744	1.406	0.694	0.724	0.720	1.398	1.480	0.764	1.461	0.093	0.090	1.405	1.374	0.695	1.365	1.395	1.389	1.399	0.757	1.464	0.812	0.093	0.093	1.402	0.736	1.378	0.713	0.784	1.397	0.720	1.454	1.394	1.405	1.359	0.093	0.773	1.435	1.397	1.405	0.765	1.397	1.448	0.748	0.821	0.812	0.092	0.093	1.421	0.778	0.756	0.769	1.405	0.816	1.421	1.434	1.529	1.519	0.091	0.094	0.091	0.093	0.092	0.091	0.091	0.093	0.094	0.094	0.093	0.091	0.091
54:00:58	24.8	0.091	0.090	0.092	0.095	0.093	0.093	0.090	0.091	0.092	0.093	0.091	0.092	0.091	0.714	1.391	1.387	1.459	1.377	0.767	1.388	0.729	1.420	0.770	0.093	0.091	1.406	0.730	1.406	0.677	0.709	0.708	1.388	1.453	0.755	1.494	0.093	0.090	1.401	1.370	0.681	1.372	1.405	1.379	1.388	0.747	1.472	0.803	0.093	0.093	1.400	0.725	1.380	0.699	0.773	1.387	0.712	1.463	1.398	1.406	1.375	0.094	0.766	1.450	1.400	1.397	0.754	1.390	1.456	0.738	0.808	0.805	0.092	0.093	1.437	0.773	0.747	0.762	1.421	0.805	1.420	1.444	1.533	1.541	0.091	0.093	0.092	0.093	0.092	0.091	0.090	0.093	0.094	0.094	0.092	0.091	0.092
55:00:59	24.3	0.091	0.090	0.092	0.094	0.094	0.093	0.090	0.091	0.092	0.093	0.091	0.092	0.091	0.706	1.400	1.388	1.477	1.377	0.762	1.391	0.725	1.416	0.769	0.093	0.091	1.433	0.725	1.399	0.665	0.703	0.699	1.379	1.410	0.751	1.517	0.093	0.090	1.396	1.373	0.671	1.378	1.415	1.371	1.382	0.737	1.486	0.796	0.093	0.093	1.398	0.720	1.389	0.689	0.763	1.381	0.705	1.473	1.408	1.416	1.390	0.094	0.760	1.443	1.404	1.392	0.747	1.386	1.462	0.735	0.801	0.801	0.092	0.092	1.454	0.770	0.747	0.761	1.441	0.798	1.421	1.466	1.485	1.493	0.091	0.094	0.092	0.094	0.092	0.091	0.091	0.093	0.094	0.094	0.093	0.091	0.092
56:01:00	24.1	0.091	0.090	0.092	0.094	0.093	0.093	0.090	0.091	0.091	0.093	0.091	0.092	0.091	0.704	1.403	1.390	1.437	1.380	0.758	1.396	0.722	1.413	0.769	0.093	0.091	1.460	0.727	1.393	0.660	0.702	0.708	1.375	1.411	0.749	1.537	0.093	0.090	1.394	1.379	0.667	1.385	1.423	1.368	1.381	0.734	1.494	0.793	0.093	0.093	1.397	0.714	1.397	0.685	0.761	1.377	0.703	1.481	1.419	1.432	1.405	0.093	0.758	1.425	1.402	1.391	0.743	1.388	1.466	0.732	0.796	0.801	0.091	0.092	1.469	0.769	0.747	0.759	1.467	0.795	1.428	1.499	1.442	1.451	0.091	0.094	0.091	0.093	0.092	0.091	0.090	0.093	0.094	0.094	0.092	0.091	0.091
57:01:02	23.8	0.091	0.090	0.093	0.095	0.094	0.093	0.090	0.091	0.092	0.093	0.091	0.092	0.091	0.707	1.401	1.387	1.394	1.390	0.759	1.410	0.723	1.412	0.772	0.093	0.091	1.472	0.723	1.388	0.661	0.698	0.708	1.377	1.410	0.751	1.546	0.093	0.090	1.398	1.387	0.663	1.394	1.435	1.368	1.383	0.732	1.433	0.794	0.093	0.093	1.403	0.714	1.407	0.681	0.761	1.376	0.703	1.487	1.432	1.460	1.421	0.094	0.763	1.404	1.405	1.397	0.743	1.392	1.458	0.736	0.794	0.802	0.092	0.093	1.484	0.769	0.751	0.762	1.486	0.794	1.448	1.525	1.467	1.445	0.091	0.094	0.092	0.094	0.092	0.091	0.091	0.093	0.094	0.094	0.093	0.091	0.092
58:01:03	23.5	0.091	0.091	0.092	0.095	0.094	0.094	0.091	0.091	0.092	0.093	0.091	0.093	0.091	0.710	1.396	1.386	1.390	1.407	0.762	1.433	0.726	1.413	0.779	0.093	0.091	1.472	0.721	1.387	0.660	0.700	0.711	1.379	1.411	0.752	1.454	0.093	0.090	1.404	1.393	0.664	1.404	1.447	1.369	1.387	0.731	1.400	0.794	0.093	0.093	1.408	0.717	1.417	0.685	0.762	1.377	0.705	1.480	1.441	1.480	1.437	0.094	0.766	1.403	1.406	1.397	0.744	1.395	1.418	0.736	0.793	0.804	0.092	0.093	1.521	0.775	0.758	0.766	1.497	0.795	1.472	1.481	1.468	1.443	0.091	0.094	0.092	0.094	0.092	0.091	0.091	0.093	0.094	0.094	0.093	0.091	0.092
59:01:03	23.2	0.091	0.090	0.092	0.095	0.093	0.093	0.090	0.091	0.092	0.093	0.091	0.092	0.091	0.719	1.393	1.389	1.387	1.429	0.768	1.453	0.733	1.414	0.787	0.093	0.091	1.474	0.722	1.388	0.663	0.701	0.715	1.381	1.416	0.755	1.453	0.093	0.090	1.410	1.401	0.666	1.418	1.449	1.373	1.390	0.731	1.400	0.797	0.093	0.093	1.416	0.721	1.430	0.688	0.765	1.380	0.708	1.429	1.455	1.503	1.449	0.094	0.776	1.400	1.412	1.401	0.745	1.400	1.391	0.738	0.794	0.809	0.092	0.093	1.482	0.784	0.764	0.771	1.434	0.798	1.493	1.437	1.465	1.446	0.091	0.094	0.092	0.094	0.092	0.091	0.091	0.093	0.094	0.094	0.093	0.091	0.092
60:01:05	23.0	0.091	0.091	0.092	0.095	0.094	0.093	0.090	0.091	0.092	0.093	0.091	0.092	0.091	0.728	1.398	1.396	1.390	1.450	0.774	1.479	0.736	1.420	0.797	0.093	0.091	1.411	0.725	1.394	0.672	0.702	0.722	1.398	1.425	0.760	1.449	0.093	0.090	1.430	1.427	0.671	1.445	1.378	1.396	1.414	0.734	1.404	0.802	0.093	0.093	1.435	0.725	1.416	0.694	0.770	1.409	0.711	1.421	1.481	1.512	1.444	0.093	0.781	1.413	1.428	1.421	0.750	1.428	1.402	0.743	0.798	0.816	0.092	0.093	1.460	0.793	0.774	0.779	1.437	0.803	1.507	1.442	1.489	1.456	0.091	0.094	0.092	0.093	0.092	0.091	0.091	0.093	0.094	0.094	0.093	0.091	0.092
61:01:05	22.7	0.090	0.090	0.092	0.094	0.093	0.093	0.090	0.091	0.091	0.093	0.090	0.092	0.091	0.738	1.404	1.403	1.400	1.472	0.780	1.499	0.740	1.425	0.806	0.093	0.091	1.421	0.728	1.403	0.676	0.706	0.726	1.412	1.433	0.763	1.447	0.092	0.090	1.451	1.444	0.677	1.461	1.386	1.408	1.428	0.735	1.408	0.807	0.093	0.092	1.451	0.730	1.429	0.702	0.774	1.419	0.714	1.423	1.494	1.526	1.486	0.093	0.790	1.422	1.442	1.439	0.753	1.443	1.409	0.747	0.800	0.820	0.091	0.092	1.482	0.799	0.781	0.786	1.438	0.806	1.508	1.435	1.485	1.480	0.091	0.093	0.091	0.093	0.092	0.091	0.090	0.093	0.094	0.094	0.092	0.091	0.091
62:01:07	22.4	0.090	0.090	0.092	0.094	0.094	0.093	0.090	0.091	0.091	0.093	0.091	0.092	0.091	0.749	1.408	1.407	1.399	1.486	0.785	1.517	0.748	1.431	0.815	0.093	0.091	1.416	0.732	1.406	0.682	0.709	0.733	1.417	1.434	0.768	1.443	0.093	0.090	1.458	1.450	0.681	1.465	1.385	1.413	1.433	0.739	1.408	0.812	0.093	0.093	1.459	0.733	1.428	0.706	0.778	1.421	0.720	1.422	1.499	1.533	1.496	0.094	0.795	1.422	1.449	1.449	0.756	1.449	1.408	0.753	0.804	0.827	0.092	0.093	1.477	0.810	0.788	0.792	1.435	0.814	1.507	1.430	1.484	1.470	0.091	0.093	0.092	0.093	0.092	0.091	0.091	0.093	0.094	0.094	0.092	0.091	0.092
63:01:08	22.2	0.091	0.090	0.092	0.095	0.094	0.093	0.090	0.091	0.092	0.093	0.091	0.092	0.091	0.762	1.414	1.416	1.401	1.503	0.789	1.542	0.752	1.434	0.823	0.093	0.091	1.414	0.736	1.409	0.688	0.713	0.738	1.421	1.435	0.771	1.438	0.093	0.090	1.464	1.454	0.687	1.452	1.381	1.414	1.437	0.741	1.407	0.816	0.093	0.093	1.467	0.740	1.417	0.712	0.783	1.425	0.723	1.419	1.491	1.539	1.504	0.094	0.803	1.421	1.456	1.456	0.761	1.451	1.406	0.756	0.807	0.831	0.092	0.092	1.472	0.822	0.798	0.801	1.429	0.818	1.484	1.425	1.482	1.469	0.091	0.094	0.092	0.093	0.092	0.091	0.091	0.093	0.094	0.094	0.093	0.091	0.092
64:01:10	22.0	0.091	0.090	0.093	0.095	0.094	0.093	0.090	0.091	0.092	0.093	0.091	0.092	0.092	0.772	1.422	1.425	1.405	1.480	0.794	1.438	0.759	1.437	0.829	0.093	0.091	1.410	0.742	1.419	0.693	0.717	0.743	1.442	1.440	0.777	1.436	0.093	0.090	1.485	1.425	0.693	1.385	1.384	1.434	1.455	0.746	1.413	0.820	0.093	0.093	1.500	0.744	1.384	0.718	0.787	1.428	0.728	1.427	1.399	1.427	1.511	0.094	0.812	1.368	1.452	1.450	0.765	1.416	1.413	0.763	0.813	0.839	0.092	0.093	1.414	0.830	0.806	0.810	1.420	0.824	1.457	1.426	1.489	1.471	0.092	0.094	0.092	0.094	0.092	0.091	0.090	0.093	0.094	0.094	0.093	0.091	0.092
65:01:10	21.9	0.090	0.090	0.092	0.095	0.093	0.093	0.090	0.091	0.091	0.093	0.091	0.092	0.091	0.782	1.430	1.435	1.416	1.448	0.799	1.436	0.764	1.442	0.832	0.092	0.091	1.410	0.747	1.433	0.698	0.723	0.748	1.464	1.446	0.779	1.435	0.093	0.090	1.481	1.422	0.698	1.387	1.387	1.437	1.466	0.749	1.420	0.825	0.093	0.093	1.471	0.747	1.393	0.721	0.788	1.415	0.731	1.431	1.398	1.427	1.519	0.093	0.818	1.430	1.419	1.428	0.770	1.415	1.417	0.766	0.816	0.842	0.092	0.092	1.467	0.838	0.812	0.814	1.425	0.830	1.450	1.427	1.493	1.480	0.091	0.093	0.091	0.093	0.091	0.091	0.091	0.093	0.094	0.094	0.093	0.091	0.091
66:01:11	22.1	0.090	0.091	0.093	0.095	0.094	0.093	0.091	0.091	0.092	0.093	0.091	0.092	0.091	0.791	1.441	1.447	1.424	1.453	0.803	1.430	0.767	1.449	0.835	0.093	0.091	1.409	0.752	1.444	0.702	0.726	0.750	1.477	1.451	0.781	1.439	0.093	0.090	1.482	1.420	0.701	1.383	1.387	1.442	1.476	0.751	1.422	0.830	0.093	0.093	1.468	0.752	1.393	0.725	0.790	1.416	0.733	1.432	1.395	1.422	1.525	0.094	0.823	1.430	1.420	1.426	0.773	1.415	1.420	0.769	0.820	0.845	0.092	0.093	1.462	0.844	0.816	0.818	1.422	0.834	1.445	1.426	1.495	1.483	0.091	0.094	0.092	0.094	0.092	0.091	0.091	0.093	0.094	0.094	0.093	0.091	0.092
67:01:13	22.4	0.090	0.090	0.092	0.094	0.093	0.093	0.090	0.091	0.091	0.093	0.091	0.092	0.091	0.796	1.450	1.464	1.429	1.435	0.805	1.423	0.770	1.457	0.837	0.093	0.091	1.408	0.754	1.465	0.705	0.727	0.753	1.496	1.456	0.782	1.437	0.093	0.090	1.427	1.405	0.706	1.377	1.387	1.443	1.475	0.752	1.423	0.833	0.093	0.093	1.449	0.752	1.391	0.727	0.790	1.404	0.736	1.433	1.393	1.419	1.527	0.094	0.827	1.430	1.415	1.412	0.774	1.414	1.420	0.771	0.822	0.847	0.092	0.092	1.459	0.849	0.818	0.821	1.420	0.837	1.439	1.427	1.500	1.492	0.091	0.094	0.092	0.093	0.092	0.091	0.091	0.093	0.094	0.094	0.092	0.091	0.092
68:01:14	22.9	0.091	0.090	0.092	0.094	0.094	0.093	0.090	0.091	0.092	0.093	0.091	0.092	0.091	0.796	1.460	1.475	1.434	1.431	0.806	1.417	0.772	1.477	0.838	0.093	0.091	1.412	0.755	1.482	0.708	0.727	0.753	1.512	1.464	0.781	1.441	0.093	0.090	1.415	1.402	0.707	1.375	1.389	1.448	1.483	0.752	1.426	0.834	0.093	0.093	1.440	0.753	1.389	0.726	0.789	1.405	0.734	1.433	1.392	1.416	1.529	0.093	0.830	1.431	1.414	1.410	0.772	1.411	1.426	0.771	0.823	0.848	0.092	0.093	1.456	0.851	0.817	0.819	1.419	0.838	1.435	1.426	1.503	1.496	0.091	0.094	0.092	0.093	0.092	0.091	0.091	0.093	0.094	0.094	0.093	0.091	0.092
69:01:14	23.5	0.090	0.090	0.093	0.095	0.094	0.093	0.090	0.091	0.091	0.093	0.091	0.092	0.091	0.796	1.467	1.485	1.440	1.404	0.805	1.412	0.773	1.499	0.838	0.093	0.091	1.415	0.757	1.492	0.709	0.729	0.751	1.525	1.469	0.780	1.449	0.093	0.090	1.402	1.396	0.706	1.373	1.392	1.456	1.486	0.750	1.429	0.830	0.093	0.093	1.439	0.752	1.387	0.725	0.786	1.403	0.734	1.434	1.391	1.415	1.528	0.094	0.830	1.432	1.411	1.406	0.771	1.410	1.426	0.770	0.824	0.849	0.092	0.093	1.460	0.851	0.816	0.819	1.421	0.837	1.435	1.431	1.509	1.501	0.091	0.094	0.091	0.093	0.091	0.091	0.090	0.093	0.094	0.094	0.092	0.091	0.091
70:01:21	24.1	0.090	0.090	0.092	0.094	0.093	0.093	0.090	0.091	0.091	0.093	0.091	0.092	0.091	0.794	1.483	1.494	1.448	1.400	0.802	1.408	0.772	1.511	0.836	0.092	0.091	1.429	0.758	1.504	0.709	0.727	0.750	1.537	1.477	0.777	1.458	0.093	0.090	1.404	1.388	0.704	1.374	1.399	1.464	1.493	0.749	1.432	0.829	0.092	0.092	1.433	0.750	1.387	0.722	0.782	1.403	0.730	1.435	1.390	1.415	1.530	0.093	0.829	1.439	1.407	1.402	0.767	1.409	1.428	0.767	0.822	0.847	0.091	0.092	1.466	0.850	0.814	0.817	1.424	0.834	1.435	1.434	1.513	1.505	0.091	0.093	0.091	0.093	0.091	0.091	0.090	0.093	0.094	0.094	0.092	0.091	0.091
71:01:15	24.8	0.091	0.090	0.092	0.095	0.093	0.093	0.090	0.091	0.091	0.093	0.091	0.092	0.091	0.792	1.492	1.507	1.455	1.396	0.800	1.407	0.768	1.502	0.833	0.093	0.091	1.436	0.757	1.516	0.708	0.724	0.746	1.549	1.483	0.773	1.465	0.093	0.090	1.403	1.387	0.702	1.375	1.402	1.471	1.502	0.743	1.436	0.825	0.093	0.093	1.430	0.746	1.389	0.718	0.777	1.405	0.727	1.437	1.390	1.420	1.519	0.094	0.826	1.442	1.406	1.401	0.763	1.412	1.432	0.763	0.818	0.845	0.092	0.093	1.471	0.846	0.811	0.812	1.432	0.830	1.435	1.438	1.520	1.513	0.091	0.094	0.091	0.093	0.092	0.091	0.090	0.093	0.094	0.094	0.092	0.091	0.091
72:01:16	25.3	0.090	0.090	0.092	0.094	0.093	0.093	0.090	0.091	0.091	0.093	0.090	0.092	0.091	0.789	1.503	1.515	1.464	1.394	0.796	1.408	0.763	1.461	0.832	0.093	0.090	1.448	0.757	1.531	0.705	0.721	0.742	1.560	1.492	0.770	1.477	0.093	0.090	1.403	1.381	0.697	1.378	1.407	1.482	1.513	0.740	1.443	0.822	0.093	0.093	1.429	0.743	1.396	0.715	0.769	1.405	0.723	1.442	1.393	1.422	1.521	0.093	0.823	1.450	1.408	1.401	0.759	1.415	1.437	0.757	0.815	0.842	0.092	0.092	1.480	0.843	0.807	0.809	1.439	0.827	1.439	1.446	1.531	1.529	0.091	0.093	0.091	0.093	0.091	0.090	0.090	0.093	0.094	0.093	0.092	0.091	0.091

