Time	T° 600	A1	A2	A3	A4	A5	A6	A7	A8	A9	A10	A11	A12	B1	B2	B3	B4	B5	B6	B7	B8	B9	B10	B11	B12	C1	C2	C3	C4	C5	C6	C7	C8	C9	C10	C11	C12	D1	D2	D3	D4	D5	D6	D7	D8	D9	D10	D11	D12	E1	E2	E3	E4	E5	E6	E7	E8	E9	E10	E11	E12	F1	F2	F3	F4	F5	F6	F7	F8	F9	F10	F11	F12	G1	G2	G3	G4	G5	G6	G7	G8	G9	G10	G11	G12	H1	H2	H3	H4	H5	H6	H7	H8	H9	H10	H11	H12
0:00:06	18.5	0.092	0.092	0.092	0.094	0.093	0.092	0.091	0.091	0.092	0.092	0.093	0.094	0.091	0.093	0.093	0.093	0.093	0.094	0.093	0.094	0.094	0.096	0.094	0.093	0.091	0.094	0.094	0.093	0.095	0.094	0.093	0.094	0.096	0.097	0.095	0.094	0.092	0.092	0.092	0.092	0.091	0.091	0.091	0.094	0.093	0.094	0.094	0.093	0.094	0.095	0.094	0.094	0.095	0.093	0.091	0.092	0.093	0.094	0.093	0.092	0.094	0.094	0.095	0.095	0.095	0.094	0.095	0.096	0.093	0.093	0.092	0.090	0.093	0.094	0.094	0.093	0.095	0.094	0.092	0.095	0.096	0.094	0.092	0.092	0.094	0.092	0.093	0.091	0.092	0.092	0.091	0.093	0.093	0.093	0.093	0.092
1:00:05	18.8	0.092	0.093	0.092	0.094	0.093	0.093	0.091	0.091	0.092	0.092	0.094	0.094	0.092	0.094	0.093	0.095	0.094	0.094	0.094	0.095	0.094	0.096	0.095	0.094	0.092	0.095	0.094	0.093	0.095	0.095	0.093	0.095	0.096	0.098	0.096	0.094	0.092	0.093	0.092	0.092	0.092	0.092	0.092	0.095	0.094	0.095	0.095	0.094	0.094	0.095	0.095	0.095	0.095	0.093	0.092	0.092	0.093	0.093	0.093	0.092	0.095	0.095	0.096	0.095	0.095	0.094	0.096	0.095	0.093	0.093	0.093	0.091	0.093	0.094	0.095	0.094	0.094	0.094	0.094	0.095	0.096	0.094	0.093	0.092	0.094	0.093	0.094	0.091	0.092	0.092	0.092	0.093	0.093	0.093	0.093	0.092
2:00:06	19.3	0.092	0.093	0.092	0.094	0.093	0.092	0.092	0.091	0.092	0.093	0.094	0.094	0.092	0.094	0.094	0.094	0.094	0.095	0.094	0.095	0.094	0.096	0.095	0.094	0.092	0.095	0.095	0.093	0.095	0.095	0.094	0.095	0.096	0.098	0.096	0.094	0.092	0.093	0.092	0.092	0.092	0.093	0.092	0.095	0.094	0.096	0.095	0.094	0.094	0.096	0.095	0.095	0.095	0.093	0.092	0.092	0.093	0.094	0.093	0.092	0.095	0.095	0.096	0.095	0.095	0.094	0.096	0.095	0.093	0.093	0.094	0.091	0.093	0.095	0.095	0.094	0.094	0.094	0.094	0.095	0.096	0.094	0.093	0.092	0.095	0.093	0.094	0.092	0.092	0.092	0.092	0.093	0.093	0.093	0.093	0.092
3:00:07	19.6	0.092	0.092	0.092	0.094	0.093	0.092	0.091	0.091	0.092	0.092	0.094	0.094	0.092	0.094	0.093	0.094	0.094	0.094	0.094	0.095	0.094	0.096	0.095	0.094	0.092	0.095	0.094	0.094	0.095	0.095	0.093	0.095	0.096	0.097	0.096	0.094	0.092	0.094	0.093	0.092	0.092	0.092	0.092	0.095	0.095	0.096	0.095	0.094	0.094	0.096	0.095	0.095	0.095	0.093	0.093	0.092	0.093	0.093	0.093	0.092	0.095	0.095	0.096	0.095	0.095	0.094	0.096	0.095	0.093	0.093	0.094	0.091	0.093	0.095	0.096	0.094	0.094	0.094	0.095	0.095	0.096	0.094	0.093	0.092	0.094	0.094	0.094	0.092	0.091	0.092	0.092	0.093	0.093	0.093	0.093	0.092
4:00:09	19.8	0.092	0.093	0.092	0.094	0.094	0.093	0.092	0.091	0.092	0.093	0.094	0.095	0.092	0.094	0.094	0.094	0.094	0.095	0.094	0.096	0.095	0.097	0.096	0.094	0.093	0.095	0.095	0.094	0.096	0.096	0.094	0.095	0.097	0.098	0.097	0.095	0.093	0.094	0.093	0.093	0.092	0.093	0.093	0.096	0.095	0.096	0.096	0.095	0.095	0.096	0.096	0.096	0.096	0.093	0.094	0.092	0.094	0.094	0.094	0.092	0.095	0.095	0.097	0.096	0.095	0.094	0.096	0.096	0.094	0.094	0.094	0.092	0.093	0.095	0.096	0.094	0.095	0.095	0.095	0.095	0.097	0.094	0.094	0.092	0.095	0.094	0.094	0.092	0.092	0.092	0.093	0.093	0.093	0.094	0.093	0.092
5:00:08	20.0	0.092	0.093	0.092	0.094	0.093	0.093	0.092	0.091	0.092	0.092	0.094	0.094	0.092	0.094	0.094	0.094	0.094	0.095	0.094	0.095	0.095	0.096	0.095	0.094	0.092	0.095	0.095	0.094	0.096	0.096	0.094	0.095	0.097	0.098	0.097	0.095	0.093	0.094	0.093	0.093	0.092	0.093	0.093	0.096	0.095	0.096	0.095	0.094	0.095	0.096	0.096	0.095	0.095	0.093	0.093	0.092	0.094	0.094	0.094	0.092	0.095	0.095	0.097	0.096	0.095	0.094	0.096	0.096	0.094	0.093	0.094	0.092	0.093	0.095	0.096	0.094	0.094	0.094	0.095	0.095	0.096	0.094	0.094	0.092	0.095	0.094	0.094	0.092	0.092	0.092	0.092	0.092	0.093	0.093	0.093	0.092
6:00:09	20.0	0.092	0.093	0.092	0.094	0.093	0.092	0.092	0.091	0.092	0.093	0.094	0.094	0.092	0.094	0.094	0.095	0.094	0.095	0.094	0.096	0.095	0.097	0.096	0.094	0.092	0.095	0.095	0.094	0.096	0.096	0.094	0.095	0.097	0.098	0.097	0.095	0.092	0.094	0.093	0.093	0.092	0.093	0.093	0.096	0.095	0.096	0.095	0.095	0.094	0.096	0.096	0.096	0.096	0.093	0.094	0.092	0.094	0.094	0.094	0.092	0.094	0.096	0.097	0.096	0.095	0.095	0.097	0.096	0.094	0.094	0.094	0.091	0.093	0.095	0.097	0.094	0.094	0.094	0.095	0.095	0.096	0.094	0.094	0.092	0.094	0.094	0.094	0.092	0.092	0.092	0.093	0.093	0.093	0.093	0.093	0.092
7:00:10	19.9	0.092	0.093	0.092	0.094	0.093	0.093	0.092	0.091	0.092	0.093	0.094	0.095	0.092	0.094	0.094	0.095	0.094	0.095	0.095	0.096	0.095	0.097	0.096	0.094	0.092	0.095	0.095	0.095	0.096	0.096	0.094	0.096	0.097	0.098	0.097	0.095	0.093	0.094	0.093	0.093	0.092	0.093	0.093	0.096	0.095	0.097	0.096	0.095	0.095	0.096	0.096	0.096	0.096	0.094	0.094	0.092	0.094	0.094	0.094	0.092	0.095	0.096	0.097	0.096	0.095	0.095	0.097	0.096	0.094	0.094	0.094	0.092	0.093	0.095	0.097	0.094	0.094	0.095	0.095	0.096	0.097	0.095	0.094	0.092	0.095	0.094	0.094	0.092	0.092	0.092	0.093	0.093	0.093	0.093	0.093	0.092
8:00:12	19.8	0.092	0.093	0.092	0.094	0.093	0.093	0.092	0.091	0.092	0.093	0.094	0.094	0.092	0.094	0.094	0.094	0.094	0.095	0.094	0.096	0.095	0.096	0.096	0.094	0.092	0.095	0.095	0.095	0.096	0.096	0.094	0.095	0.097	0.098	0.097	0.094	0.092	0.094	0.093	0.093	0.092	0.093	0.093	0.096	0.095	0.097	0.095	0.094	0.095	0.096	0.096	0.096	0.096	0.093	0.094	0.092	0.094	0.094	0.094	0.092	0.095	0.095	0.097	0.096	0.095	0.094	0.096	0.096	0.094	0.093	0.094	0.091	0.093	0.095	0.097	0.094	0.094	0.095	0.095	0.095	0.097	0.094	0.094	0.091	0.095	0.094	0.094	0.092	0.091	0.092	0.092	0.092	0.093	0.093	0.093	0.092
9:00:12	19.7	0.092	0.093	0.092	0.094	0.094	0.092	0.092	0.092	0.092	0.093	0.094	0.095	0.092	0.094	0.094	0.095	0.094	0.096	0.095	0.096	0.095	0.097	0.096	0.094	0.092	0.095	0.096	0.095	0.096	0.096	0.095	0.096	0.097	0.098	0.097	0.095	0.093	0.094	0.094	0.094	0.092	0.093	0.093	0.096	0.095	0.097	0.096	0.094	0.095	0.097	0.096	0.096	0.096	0.094	0.094	0.093	0.094	0.094	0.094	0.092	0.095	0.095	0.098	0.096	0.096	0.095	0.097	0.097	0.094	0.094	0.094	0.092	0.093	0.095	0.097	0.094	0.095	0.095	0.095	0.096	0.097	0.095	0.094	0.092	0.095	0.094	0.095	0.092	0.092	0.092	0.093	0.093	0.094	0.093	0.093	0.092
10:00:13	19.7	0.092	0.093	0.092	0.094	0.094	0.093	0.092	0.091	0.092	0.093	0.094	0.095	0.092	0.094	0.094	0.095	0.095	0.096	0.095	0.096	0.095	0.097	0.096	0.094	0.092	0.095	0.096	0.095	0.096	0.096	0.094	0.096	0.098	0.098	0.097	0.095	0.093	0.094	0.094	0.094	0.093	0.094	0.094	0.096	0.096	0.097	0.096	0.095	0.095	0.097	0.096	0.096	0.096	0.094	0.094	0.093	0.094	0.094	0.095	0.092	0.095	0.095	0.098	0.096	0.096	0.095	0.097	0.097	0.094	0.094	0.095	0.092	0.093	0.095	0.097	0.095	0.095	0.095	0.096	0.096	0.097	0.095	0.094	0.092	0.095	0.094	0.094	0.092	0.092	0.092	0.093	0.093	0.093	0.093	0.093	0.092
11:00:14	19.7	0.092	0.093	0.092	0.095	0.094	0.093	0.092	0.091	0.093	0.093	0.094	0.095	0.092	0.095	0.095	0.095	0.095	0.096	0.095	0.096	0.095	0.097	0.097	0.094	0.093	0.095	0.096	0.095	0.096	0.096	0.095	0.096	0.098	0.098	0.097	0.095	0.093	0.095	0.094	0.094	0.093	0.094	0.094	0.097	0.096	0.097	0.096	0.095	0.095	0.097	0.097	0.097	0.097	0.094	0.094	0.093	0.094	0.094	0.095	0.092	0.095	0.096	0.098	0.096	0.096	0.095	0.097	0.097	0.095	0.094	0.095	0.092	0.093	0.096	0.097	0.095	0.095	0.095	0.096	0.096	0.097	0.095	0.094	0.092	0.095	0.094	0.095	0.092	0.092	0.092	0.093	0.093	0.093	0.094	0.094	0.092
12:00:15	19.6	0.092	0.093	0.092	0.094	0.094	0.093	0.092	0.092	0.092	0.093	0.094	0.094	0.092	0.095	0.094	0.095	0.095	0.096	0.095	0.096	0.095	0.097	0.096	0.094	0.093	0.095	0.096	0.095	0.096	0.096	0.094	0.096	0.097	0.098	0.097	0.095	0.093	0.095	0.094	0.094	0.093	0.094	0.094	0.096	0.096	0.097	0.096	0.094	0.095	0.097	0.097	0.096	0.096	0.094	0.094	0.093	0.094	0.094	0.095	0.092	0.095	0.096	0.098	0.096	0.096	0.095	0.097	0.097	0.094	0.094	0.095	0.092	0.093	0.096	0.097	0.095	0.095	0.095	0.096	0.096	0.097	0.095	0.094	0.092	0.095	0.094	0.094	0.092	0.092	0.092	0.093	0.093	0.093	0.093	0.093	0.092
13:00:16	19.6	0.092	0.093	0.092	0.094	0.094	0.093	0.092	0.091	0.093	0.093	0.094	0.095	0.092	0.095	0.095	0.096	0.095	0.096	0.095	0.096	0.095	0.097	0.097	0.094	0.092	0.095	0.096	0.095	0.096	0.097	0.094	0.096	0.097	0.098	0.097	0.095	0.093	0.095	0.094	0.094	0.093	0.094	0.094	0.097	0.096	0.097	0.096	0.094	0.095	0.098	0.097	0.097	0.096	0.094	0.094	0.094	0.094	0.094	0.095	0.092	0.095	0.096	0.098	0.096	0.096	0.095	0.097	0.097	0.095	0.094	0.095	0.092	0.093	0.096	0.097	0.095	0.095	0.095	0.096	0.096	0.097	0.096	0.095	0.092	0.095	0.094	0.094	0.092	0.092	0.092	0.093	0.093	0.093	0.093	0.093	0.092
14:00:17	19.5	0.092	0.093	0.092	0.094	0.094	0.093	0.092	0.092	0.092	0.093	0.094	0.095	0.092	0.095	0.095	0.096	0.095	0.096	0.096	0.097	0.096	0.098	0.097	0.094	0.093	0.095	0.096	0.095	0.097	0.097	0.095	0.096	0.098	0.098	0.098	0.095	0.093	0.096	0.095	0.094	0.093	0.094	0.095	0.097	0.097	0.097	0.097	0.095	0.095	0.098	0.097	0.097	0.096	0.095	0.095	0.094	0.094	0.095	0.095	0.092	0.095	0.096	0.098	0.096	0.096	0.095	0.098	0.097	0.095	0.094	0.095	0.092	0.093	0.096	0.097	0.095	0.095	0.095	0.096	0.096	0.097	0.096	0.095	0.092	0.095	0.094	0.094	0.092	0.092	0.092	0.093	0.093	0.094	0.094	0.094	0.092
15:00:18	19.5	0.092	0.093	0.092	0.094	0.094	0.093	0.092	0.092	0.092	0.093	0.094	0.095	0.092	0.095	0.095	0.097	0.095	0.096	0.095	0.096	0.095	0.098	0.097	0.094	0.092	0.095	0.097	0.096	0.096	0.097	0.095	0.096	0.098	0.098	0.098	0.094	0.093	0.096	0.095	0.094	0.093	0.094	0.096	0.097	0.097	0.097	0.097	0.095	0.095	0.098	0.097	0.097	0.096	0.095	0.095	0.094	0.094	0.095	0.095	0.092	0.095	0.096	0.098	0.096	0.096	0.096	0.097	0.097	0.094	0.094	0.095	0.092	0.093	0.097	0.097	0.095	0.095	0.095	0.096	0.096	0.097	0.097	0.095	0.092	0.095	0.094	0.095	0.092	0.092	0.092	0.093	0.093	0.094	0.093	0.093	0.092
16:00:18	19.4	0.092	0.093	0.092	0.094	0.094	0.093	0.092	0.092	0.092	0.093	0.094	0.094	0.092	0.095	0.095	0.097	0.096	0.096	0.095	0.096	0.096	0.098	0.097	0.094	0.092	0.096	0.096	0.096	0.096	0.097	0.095	0.096	0.098	0.098	0.098	0.095	0.093	0.097	0.096	0.094	0.094	0.094	0.096	0.097	0.097	0.097	0.097	0.094	0.095	0.099	0.097	0.097	0.096	0.095	0.095	0.094	0.095	0.095	0.095	0.092	0.095	0.096	0.098	0.096	0.096	0.095	0.097	0.097	0.094	0.094	0.095	0.092	0.093	0.097	0.097	0.096	0.096	0.095	0.096	0.097	0.097	0.097	0.095	0.092	0.095	0.094	0.094	0.092	0.092	0.092	0.093	0.093	0.093	0.093	0.093	0.092
17:00:19	19.3	0.092	0.093	0.092	0.095	0.094	0.093	0.092	0.092	0.093	0.093	0.094	0.095	0.092	0.096	0.095	0.098	0.096	0.096	0.096	0.097	0.096	0.099	0.098	0.094	0.093	0.096	0.097	0.096	0.097	0.097	0.095	0.096	0.098	0.098	0.098	0.095	0.093	0.098	0.097	0.095	0.094	0.094	0.097	0.098	0.098	0.098	0.097	0.095	0.095	0.100	0.097	0.097	0.097	0.096	0.095	0.095	0.095	0.095	0.095	0.092	0.095	0.096	0.098	0.097	0.097	0.096	0.098	0.097	0.095	0.095	0.095	0.092	0.093	0.098	0.098	0.096	0.096	0.096	0.096	0.097	0.098	0.098	0.096	0.092	0.095	0.094	0.095	0.093	0.092	0.092	0.093	0.093	0.094	0.094	0.094	0.093
18:00:20	19.3	0.092	0.093	0.093	0.095	0.094	0.093	0.092	0.092	0.093	0.093	0.095	0.095	0.092	0.096	0.096	0.099	0.097	0.097	0.096	0.097	0.096	0.099	0.098	0.094	0.093	0.096	0.097	0.096	0.097	0.097	0.095	0.097	0.098	0.099	0.098	0.095	0.093	0.098	0.098	0.095	0.095	0.095	0.099	0.099	0.099	0.098	0.097	0.095	0.095	0.101	0.098	0.097	0.097	0.097	0.095	0.096	0.095	0.095	0.096	0.092	0.095	0.096	0.098	0.097	0.096	0.096	0.098	0.097	0.095	0.095	0.096	0.092	0.093	0.099	0.098	0.097	0.097	0.096	0.097	0.098	0.098	0.099	0.097	0.093	0.095	0.095	0.095	0.093	0.092	0.092	0.093	0.094	0.094	0.094	0.094	0.093
19:00:21	19.2	0.092	0.093	0.093	0.095	0.094	0.093	0.092	0.092	0.093	0.093	0.094	0.095	0.092	0.096	0.096	0.100	0.097	0.096	0.096	0.097	0.096	0.099	0.098	0.094	0.093	0.096	0.097	0.096	0.097	0.097	0.095	0.096	0.099	0.098	0.098	0.095	0.093	0.099	0.099	0.095	0.095	0.094	0.099	0.099	0.099	0.098	0.097	0.095	0.095	0.102	0.097	0.097	0.097	0.097	0.095	0.096	0.095	0.095	0.095	0.092	0.095	0.096	0.098	0.097	0.096	0.096	0.098	0.097	0.095	0.095	0.096	0.092	0.093	0.100	0.098	0.098	0.097	0.096	0.096	0.098	0.098	0.100	0.097	0.092	0.095	0.094	0.095	0.092	0.092	0.092	0.093	0.093	0.094	0.094	0.094	0.093
20:00:22	19.2	0.092	0.093	0.093	0.094	0.094	0.093	0.092	0.092	0.093	0.093	0.095	0.095	0.092	0.096	0.096	0.101	0.098	0.096	0.096	0.097	0.096	0.100	0.098	0.094	0.093	0.097	0.097	0.096	0.097	0.097	0.095	0.096	0.098	0.099	0.098	0.095	0.093	0.101	0.100	0.095	0.096	0.094	0.101	0.100	0.100	0.098	0.097	0.095	0.095	0.103	0.098	0.097	0.097	0.098	0.095	0.097	0.095	0.095	0.095	0.092	0.095	0.097	0.098	0.097	0.097	0.096	0.098	0.097	0.095	0.095	0.096	0.092	0.093	0.101	0.098	0.098	0.098	0.096	0.097	0.098	0.098	0.101	0.098	0.092	0.095	0.094	0.095	0.093	0.092	0.093	0.093	0.093	0.094	0.094	0.094	0.093
21:00:24	19.2	0.092	0.093	0.092	0.094	0.094	0.093	0.092	0.092	0.092	0.093	0.094	0.095	0.092	0.096	0.096	0.102	0.098	0.097	0.096	0.097	0.096	0.100	0.098	0.094	0.092	0.096	0.097	0.096	0.097	0.097	0.095	0.096	0.098	0.098	0.098	0.095	0.093	0.102	0.101	0.095	0.097	0.094	0.102	0.100	0.101	0.098	0.097	0.095	0.095	0.104	0.097	0.097	0.097	0.098	0.095	0.097	0.095	0.095	0.095	0.092	0.095	0.096	0.098	0.097	0.097	0.096	0.098	0.097	0.095	0.095	0.095	0.092	0.093	0.102	0.097	0.099	0.098	0.096	0.096	0.099	0.098	0.103	0.099	0.092	0.095	0.094	0.095	0.092	0.092	0.092	0.093	0.093	0.093	0.093	0.093	0.093
22:00:24	19.2	0.092	0.093	0.093	0.095	0.094	0.093	0.092	0.092	0.093	0.093	0.095	0.095	0.092	0.096	0.096	0.105	0.099	0.097	0.096	0.097	0.097	0.101	0.098	0.095	0.093	0.097	0.097	0.097	0.097	0.098	0.095	0.097	0.099	0.099	0.098	0.095	0.093	0.104	0.103	0.095	0.098	0.095	0.105	0.101	0.102	0.098	0.098	0.095	0.096	0.107	0.098	0.098	0.097	0.100	0.096	0.099	0.095	0.095	0.096	0.092	0.095	0.097	0.098	0.097	0.097	0.096	0.098	0.098	0.095	0.095	0.096	0.092	0.093	0.104	0.098	0.100	0.100	0.096	0.097	0.100	0.098	0.105	0.100	0.093	0.095	0.094	0.095	0.093	0.092	0.093	0.093	0.094	0.094	0.094	0.094	0.093
23:00:35	19.2	0.092	0.093	0.092	0.094	0.094	0.093	0.092	0.092	0.092	0.093	0.095	0.095	0.092	0.096	0.096	0.107	0.100	0.097	0.096	0.097	0.096	0.102	0.098	0.094	0.093	0.097	0.097	0.097	0.097	0.097	0.096	0.096	0.098	0.099	0.098	0.095	0.093	0.105	0.105	0.095	0.099	0.094	0.107	0.102	0.104	0.098	0.097	0.095	0.095	0.109	0.098	0.097	0.097	0.101	0.095	0.100	0.095	0.095	0.096	0.092	0.095	0.097	0.098	0.097	0.096	0.096	0.098	0.097	0.095	0.095	0.096	0.092	0.093	0.105	0.098	0.101	0.100	0.096	0.097	0.101	0.098	0.107	0.101	0.092	0.095	0.094	0.095	0.093	0.092	0.092	0.093	0.093	0.093	0.094	0.094	0.093
24:00:25	19.1	0.092	0.093	0.093	0.094	0.094	0.093	0.092	0.092	0.093	0.093	0.094	0.095	0.092	0.096	0.096	0.109	0.102	0.097	0.096	0.097	0.096	0.103	0.098	0.094	0.092	0.097	0.097	0.096	0.097	0.098	0.096	0.096	0.098	0.099	0.098	0.095	0.093	0.107	0.108	0.095	0.100	0.095	0.109	0.103	0.106	0.098	0.097	0.094	0.095	0.111	0.098	0.097	0.097	0.103	0.096	0.102	0.095	0.096	0.096	0.092	0.095	0.097	0.098	0.097	0.096	0.096	0.098	0.097	0.095	0.095	0.095	0.092	0.093	0.107	0.098	0.102	0.101	0.096	0.097	0.101	0.098	0.110	0.102	0.092	0.095	0.094	0.095	0.093	0.092	0.092	0.093	0.093	0.094	0.094	0.094	0.093
25:00:27	19.1	0.092	0.093	0.093	0.095	0.094	0.093	0.093	0.092	0.093	0.093	0.095	0.095	0.092	0.097	0.097	0.113	0.103	0.097	0.096	0.097	0.097	0.105	0.098	0.095	0.093	0.097	0.097	0.097	0.097	0.098	0.096	0.097	0.098	0.099	0.099	0.095	0.093	0.110	0.111	0.095	0.102	0.095	0.113	0.105	0.108	0.098	0.098	0.095	0.095	0.115	0.098	0.098	0.097	0.105	0.096	0.104	0.096	0.096	0.096	0.092	0.095	0.097	0.099	0.097	0.097	0.096	0.098	0.098	0.096	0.095	0.096	0.092	0.093	0.110	0.098	0.104	0.103	0.096	0.097	0.103	0.099	0.113	0.104	0.093	0.095	0.095	0.095	0.093	0.092	0.092	0.094	0.093	0.094	0.094	0.094	0.093
26:00:27	19.2	0.092	0.093	0.093	0.095	0.094	0.093	0.092	0.092	0.093	0.093	0.094	0.095	0.092	0.097	0.097	0.116	0.105	0.097	0.096	0.097	0.097	0.106	0.099	0.094	0.093	0.098	0.098	0.097	0.098	0.098	0.096	0.097	0.099	0.099	0.099	0.095	0.093	0.113	0.114	0.095	0.104	0.095	0.117	0.106	0.110	0.098	0.098	0.095	0.095	0.118	0.099	0.098	0.097	0.107	0.096	0.106	0.096	0.096	0.096	0.092	0.095	0.097	0.099	0.097	0.097	0.096	0.098	0.098	0.095	0.095	0.096	0.092	0.093	0.113	0.098	0.106	0.105	0.096	0.097	0.104	0.098	0.117	0.106	0.092	0.095	0.094	0.095	0.093	0.092	0.093	0.093	0.093	0.094	0.094	0.094	0.093
27:00:28	19.4	0.092	0.093	0.093	0.095	0.094	0.093	0.092	0.092	0.093	0.093	0.095	0.095	0.092	0.097	0.097	0.119	0.107	0.097	0.096	0.097	0.097	0.108	0.099	0.095	0.093	0.098	0.097	0.097	0.097	0.098	0.096	0.097	0.099	0.099	0.099	0.095	0.093	0.117	0.118	0.095	0.106	0.095	0.120	0.108	0.113	0.098	0.098	0.095	0.096	0.122	0.099	0.098	0.097	0.110	0.097	0.109	0.096	0.096	0.096	0.092	0.095	0.097	0.098	0.097	0.097	0.097	0.098	0.098	0.095	0.095	0.096	0.092	0.093	0.117	0.098	0.108	0.107	0.096	0.097	0.106	0.099	0.121	0.108	0.092	0.095	0.094	0.095	0.093	0.092	0.093	0.093	0.093	0.094	0.094	0.094	0.093
28:00:30	19.5	0.092	0.093	0.093	0.095	0.094	0.093	0.093	0.092	0.093	0.093	0.095	0.095	0.092	0.099	0.097	0.124	0.110	0.097	0.096	0.097	0.097	0.111	0.099	0.095	0.093	0.098	0.098	0.098	0.098	0.098	0.096	0.097	0.099	0.099	0.099	0.095	0.093	0.121	0.122	0.095	0.109	0.095	0.124	0.111	0.117	0.099	0.098	0.095	0.095	0.126	0.099	0.098	0.097	0.113	0.097	0.113	0.096	0.096	0.096	0.093	0.095	0.097	0.099	0.098	0.097	0.097	0.098	0.098	0.096	0.095	0.096	0.092	0.093	0.120	0.098	0.112	0.109	0.096	0.097	0.108	0.098	0.126	0.111	0.092	0.095	0.094	0.095	0.093	0.092	0.093	0.093	0.093	0.094	0.094	0.094	0.093
29:00:30	19.6	0.092	0.093	0.093	0.095	0.094	0.093	0.092	0.092	0.093	0.093	0.095	0.095	0.092	0.098	0.097	0.128	0.113	0.097	0.096	0.098	0.097	0.114	0.099	0.094	0.093	0.099	0.098	0.098	0.098	0.098	0.096	0.097	0.099	0.099	0.099	0.095	0.093	0.124	0.125	0.095	0.112	0.095	0.128	0.114	0.121	0.098	0.098	0.095	0.095	0.130	0.099	0.098	0.097	0.117	0.097	0.117	0.096	0.095	0.096	0.092	0.095	0.098	0.099	0.098	0.097	0.097	0.099	0.098	0.096	0.096	0.096	0.092	0.093	0.124	0.098	0.115	0.113	0.096	0.097	0.111	0.099	0.131	0.115	0.092	0.095	0.095	0.095	0.093	0.092	0.092	0.093	0.093	0.094	0.094	0.094	0.093
30:00:31	19.5	0.092	0.093	0.093	0.095	0.094	0.093	0.092	0.092	0.093	0.093	0.095	0.095	0.092	0.098	0.097	0.132	0.117	0.097	0.096	0.098	0.097	0.117	0.100	0.094	0.093	0.099	0.098	0.098	0.098	0.098	0.096	0.097	0.099	0.099	0.099	0.095	0.093	0.128	0.129	0.095	0.116	0.095	0.131	0.117	0.125	0.098	0.098	0.095	0.095	0.134	0.100	0.098	0.097	0.121	0.098	0.121	0.096	0.096	0.096	0.092	0.095	0.098	0.099	0.097	0.097	0.097	0.099	0.098	0.096	0.095	0.096	0.092	0.093	0.128	0.098	0.119	0.116	0.096	0.097	0.114	0.099	0.136	0.120	0.092	0.095	0.094	0.095	0.093	0.092	0.093	0.093	0.093	0.094	0.094	0.094	0.093
31:00:33	19.4	0.092	0.093	0.093	0.095	0.094	0.093	0.093	0.092	0.093	0.093	0.095	0.095	0.092	0.099	0.098	0.137	0.120	0.097	0.097	0.098	0.097	0.120	0.100	0.095	0.093	0.100	0.098	0.098	0.098	0.098	0.096	0.097	0.099	0.099	0.099	0.095	0.093	0.132	0.132	0.096	0.119	0.096	0.134	0.121	0.129	0.099	0.098	0.095	0.095	0.139	0.100	0.098	0.097	0.125	0.098	0.126	0.096	0.096	0.096	0.092	0.095	0.099	0.099	0.098	0.097	0.097	0.099	0.098	0.096	0.096	0.096	0.092	0.093	0.132	0.098	0.124	0.120	0.097	0.097	0.118	0.099	0.140	0.125	0.093	0.095	0.094	0.095	0.093	0.092	0.092	0.093	0.093	0.094	0.094	0.094	0.093
32:00:34	19.2	0.093	0.093	0.093	0.095	0.094	0.094	0.093	0.092	0.093	0.094	0.095	0.095	0.092	0.099	0.098	0.140	0.125	0.098	0.097	0.098	0.097	0.124	0.101	0.095	0.093	0.100	0.098	0.099	0.098	0.099	0.097	0.097	0.099	0.099	0.099	0.095	0.094	0.136	0.136	0.096	0.123	0.096	0.137	0.124	0.133	0.099	0.098	0.095	0.096	0.143	0.101	0.099	0.098	0.129	0.099	0.130	0.096	0.097	0.096	0.093	0.095	0.099	0.099	0.098	0.098	0.097	0.099	0.098	0.096	0.096	0.097	0.093	0.093	0.135	0.099	0.128	0.124	0.097	0.098	0.122	0.099	0.144	0.130	0.093	0.095	0.095	0.095	0.093	0.092	0.093	0.094	0.093	0.094	0.094	0.094	0.093
33:00:35	19.3	0.092	0.093	0.093	0.095	0.094	0.094	0.093	0.092	0.093	0.093	0.094	0.095	0.092	0.099	0.098	0.144	0.129	0.098	0.097	0.098	0.097	0.127	0.101	0.095	0.093	0.100	0.098	0.099	0.098	0.098	0.097	0.097	0.099	0.099	0.099	0.095	0.093	0.139	0.139	0.096	0.127	0.095	0.140	0.128	0.136	0.099	0.098	0.095	0.095	0.146	0.101	0.099	0.098	0.134	0.100	0.135	0.096	0.096	0.096	0.092	0.095	0.099	0.099	0.098	0.097	0.097	0.099	0.098	0.096	0.096	0.097	0.092	0.093	0.139	0.099	0.132	0.129	0.097	0.098	0.126	0.099	0.148	0.135	0.092	0.095	0.094	0.095	0.093	0.093	0.093	0.094	0.093	0.094	0.094	0.094	0.093
34:00:34	19.3	0.092	0.093	0.093	0.095	0.094	0.093	0.093	0.092	0.093	0.093	0.095	0.095	0.092	0.100	0.099	0.147	0.133	0.098	0.097	0.098	0.097	0.131	0.102	0.095	0.093	0.101	0.098	0.099	0.098	0.099	0.096	0.097	0.099	0.099	0.099	0.095	0.093	0.142	0.141	0.096	0.130	0.096	0.143	0.131	0.140	0.099	0.098	0.095	0.096	0.149	0.101	0.098	0.098	0.137	0.101	0.139	0.096	0.096	0.097	0.093	0.095	0.100	0.099	0.098	0.097	0.097	0.099	0.098	0.096	0.096	0.097	0.093	0.093	0.142	0.099	0.135	0.133	0.097	0.098	0.130	0.099	0.152	0.139	0.093	0.095	0.095	0.095	0.093	0.092	0.093	0.094	0.094	0.094	0.094	0.094	0.093
35:00:35	19.3	0.092	0.093	0.093	0.095	0.094	0.094	0.093	0.092	0.093	0.093	0.095	0.095	0.092	0.100	0.099	0.151	0.137	0.098	0.097	0.098	0.097	0.135	0.102	0.095	0.093	0.101	0.098	0.100	0.098	0.099	0.097	0.097	0.099	0.099	0.099	0.095	0.094	0.145	0.144	0.096	0.133	0.096	0.145	0.134	0.142	0.099	0.098	0.095	0.096	0.152	0.102	0.099	0.098	0.141	0.102	0.143	0.096	0.096	0.097	0.092	0.095	0.100	0.099	0.098	0.098	0.097	0.099	0.098	0.096	0.096	0.097	0.092	0.093	0.146	0.099	0.139	0.136	0.097	0.098	0.134	0.099	0.156	0.144	0.093	0.095	0.094	0.095	0.093	0.092	0.093	0.094	0.093	0.094	0.094	0.094	0.093
36:00:37	19.3	0.092	0.093	0.093	0.095	0.094	0.093	0.093	0.092	0.093	0.093	0.095	0.095	0.092	0.101	0.099	0.155	0.140	0.098	0.097	0.098	0.097	0.138	0.103	0.095	0.093	0.101	0.098	0.101	0.098	0.099	0.096	0.097	0.099	0.100	0.099	0.095	0.094	0.148	0.147	0.096	0.136	0.096	0.147	0.136	0.145	0.099	0.098	0.095	0.096	0.156	0.103	0.099	0.098	0.145	0.103	0.147	0.097	0.096	0.097	0.093	0.095	0.101	0.099	0.098	0.097	0.097	0.099	0.098	0.096	0.096	0.097	0.093	0.093	0.149	0.099	0.142	0.140	0.097	0.098	0.139	0.099	0.159	0.147	0.093	0.095	0.095	0.095	0.093	0.092	0.093	0.094	0.093	0.094	0.094	0.094	0.093
37:00:37	19.3	0.092	0.093	0.093	0.095	0.094	0.094	0.093	0.092	0.093	0.094	0.095	0.095	0.092	0.101	0.100	0.158	0.143	0.098	0.097	0.098	0.098	0.141	0.104	0.095	0.093	0.102	0.099	0.102	0.099	0.099	0.097	0.097	0.099	0.100	0.099	0.095	0.094	0.151	0.150	0.096	0.139	0.096	0.150	0.139	0.147	0.099	0.098	0.095	0.096	0.159	0.103	0.099	0.098	0.148	0.104	0.150	0.097	0.096	0.097	0.093	0.095	0.101	0.099	0.098	0.098	0.097	0.099	0.098	0.096	0.096	0.097	0.093	0.093	0.153	0.099	0.145	0.144	0.097	0.098	0.143	0.100	0.163	0.152	0.093	0.095	0.095	0.095	0.093	0.092	0.093	0.093	0.094	0.094	0.094	0.094	0.093
38:00:38	19.3	0.092	0.093	0.093	0.095	0.094	0.093	0.092	0.092	0.093	0.093	0.095	0.095	0.092	0.101	0.100	0.161	0.146	0.098	0.097	0.098	0.097	0.144	0.105	0.094	0.093	0.102	0.098	0.102	0.098	0.099	0.097	0.097	0.099	0.099	0.099	0.095	0.093	0.154	0.153	0.096	0.142	0.096	0.152	0.141	0.150	0.099	0.098	0.095	0.096	0.162	0.104	0.098	0.098	0.151	0.105	0.154	0.097	0.096	0.097	0.092	0.095	0.102	0.099	0.098	0.098	0.097	0.099	0.099	0.096	0.096	0.097	0.092	0.093	0.156	0.099	0.148	0.147	0.097	0.098	0.147	0.099	0.167	0.156	0.093	0.095	0.094	0.095	0.093	0.092	0.093	0.093	0.093	0.094	0.094	0.094	0.093
39:00:39	19.3	0.093	0.093	0.093	0.095	0.094	0.093	0.093	0.092	0.093	0.094	0.095	0.095	0.092	0.102	0.100	0.165	0.150	0.099	0.097	0.098	0.098	0.148	0.106	0.095	0.093	0.102	0.099	0.103	0.099	0.099	0.097	0.098	0.099	0.100	0.100	0.095	0.093	0.157	0.156	0.096	0.145	0.096	0.155	0.144	0.153	0.100	0.098	0.095	0.096	0.166	0.105	0.099	0.098	0.155	0.108	0.157	0.097	0.096	0.097	0.093	0.095	0.103	0.100	0.098	0.098	0.098	0.099	0.099	0.096	0.096	0.097	0.093	0.094	0.159	0.099	0.151	0.151	0.097	0.098	0.151	0.100	0.171	0.160	0.093	0.096	0.095	0.095	0.093	0.093	0.093	0.094	0.094	0.094	0.094	0.094	0.093
40:00:40	19.2	0.092	0.093	0.093	0.095	0.094	0.094	0.093	0.092	0.093	0.093	0.095	0.095	0.092	0.102	0.101	0.168	0.154	0.099	0.097	0.098	0.098	0.150	0.107	0.095	0.093	0.102	0.099	0.104	0.099	0.099	0.097	0.098	0.099	0.100	0.099	0.095	0.094	0.160	0.159	0.096	0.147	0.096	0.158	0.146	0.155	0.099	0.099	0.095	0.095	0.170	0.106	0.099	0.098	0.158	0.110	0.161	0.097	0.096	0.097	0.093	0.095	0.104	0.099	0.098	0.098	0.098	0.099	0.099	0.096	0.096	0.097	0.093	0.093	0.163	0.099	0.154	0.155	0.097	0.098	0.154	0.099	0.174	0.163	0.093	0.095	0.095	0.095	0.093	0.093	0.093	0.094	0.094	0.094	0.094	0.094	0.093
41:00:41	19.2	0.092	0.093	0.093	0.095	0.094	0.094	0.093	0.092	0.093	0.093	0.095	0.095	0.092	0.102	0.101	0.171	0.157	0.098	0.097	0.098	0.098	0.153	0.108	0.095	0.093	0.103	0.098	0.106	0.099	0.099	0.097	0.098	0.099	0.100	0.099	0.095	0.093	0.163	0.161	0.096	0.150	0.096	0.160	0.148	0.157	0.099	0.098	0.095	0.095	0.173	0.108	0.098	0.099	0.161	0.113	0.164	0.097	0.097	0.097	0.093	0.095	0.105	0.099	0.098	0.098	0.098	0.099	0.099	0.096	0.096	0.097	0.092	0.093	0.166	0.099	0.156	0.159	0.097	0.098	0.158	0.099	0.178	0.167	0.093	0.095	0.095	0.095	0.093	0.092	0.093	0.094	0.094	0.094	0.094	0.094	0.093
42:00:43	19.1	0.093	0.094	0.094	0.095	0.094	0.094	0.093	0.092	0.093	0.094	0.095	0.095	0.092	0.103	0.102	0.175	0.160	0.099	0.097	0.098	0.098	0.156	0.110	0.095	0.093	0.103	0.099	0.107	0.099	0.100	0.097	0.098	0.100	0.100	0.100	0.095	0.094	0.166	0.164	0.096	0.153	0.096	0.163	0.151	0.160	0.100	0.099	0.095	0.096	0.177	0.110	0.099	0.099	0.164	0.116	0.168	0.097	0.097	0.097	0.093	0.095	0.106	0.099	0.098	0.098	0.098	0.099	0.099	0.096	0.096	0.097	0.093	0.093	0.170	0.099	0.159	0.162	0.097	0.098	0.162	0.100	0.182	0.170	0.093	0.095	0.095	0.095	0.093	0.093	0.093	0.094	0.094	0.094	0.094	0.094	0.093
43:00:42	19.1	0.092	0.093	0.093	0.095	0.094	0.093	0.093	0.092	0.093	0.093	0.095	0.095	0.093	0.103	0.103	0.178	0.163	0.099	0.097	0.098	0.098	0.159	0.112	0.095	0.093	0.103	0.099	0.109	0.099	0.099	0.097	0.098	0.099	0.100	0.100	0.095	0.093	0.169	0.167	0.096	0.155	0.096	0.165	0.153	0.162	0.100	0.098	0.095	0.096	0.180	0.112	0.099	0.099	0.167	0.119	0.170	0.097	0.097	0.097	0.093	0.095	0.108	0.099	0.098	0.098	0.098	0.099	0.099	0.096	0.097	0.097	0.093	0.093	0.173	0.099	0.162	0.166	0.097	0.098	0.165	0.100	0.186	0.174	0.093	0.095	0.095	0.095	0.093	0.093	0.093	0.094	0.093	0.094	0.094	0.094	0.093
44:00:43	19.0	0.093	0.093	0.093	0.095	0.095	0.094	0.093	0.092	0.093	0.094	0.095	0.095	0.092	0.103	0.103	0.181	0.167	0.099	0.097	0.098	0.098	0.162	0.115	0.095	0.093	0.104	0.099	0.111	0.099	0.100	0.097	0.097	0.099	0.100	0.100	0.095	0.094	0.172	0.170	0.096	0.158	0.096	0.168	0.155	0.164	0.100	0.099	0.095	0.096	0.184	0.114	0.099	0.099	0.170	0.124	0.174	0.097	0.097	0.097	0.093	0.095	0.110	0.100	0.098	0.098	0.099	0.099	0.099	0.097	0.097	0.097	0.093	0.094	0.177	0.099	0.165	0.170	0.098	0.098	0.169	0.100	0.190	0.178	0.093	0.095	0.095	0.095	0.093	0.093	0.093	0.094	0.094	0.094	0.094	0.094	0.093
45:00:45	19.0	0.092	0.093	0.093	0.095	0.094	0.093	0.093	0.092	0.093	0.093	0.095	0.095	0.092	0.103	0.103	0.184	0.170	0.099	0.097	0.098	0.098	0.165	0.117	0.094	0.093	0.104	0.099	0.113	0.099	0.099	0.097	0.097	0.099	0.100	0.100	0.095	0.093	0.174	0.172	0.096	0.161	0.096	0.171	0.158	0.167	0.099	0.098	0.095	0.095	0.187	0.116	0.098	0.099	0.174	0.127	0.177	0.097	0.097	0.097	0.092	0.095	0.112	0.099	0.098	0.098	0.099	0.099	0.099	0.097	0.097	0.097	0.092	0.093	0.180	0.099	0.167	0.173	0.097	0.098	0.172	0.100	0.193	0.182	0.093	0.095	0.095	0.095	0.093	0.092	0.093	0.093	0.093	0.094	0.094	0.094	0.093
46:00:46	19.0	0.092	0.093	0.093	0.095	0.094	0.094	0.093	0.092	0.093	0.093	0.095	0.095	0.092	0.104	0.104	0.187	0.173	0.099	0.097	0.098	0.098	0.168	0.119	0.095	0.093	0.104	0.099	0.115	0.100	0.099	0.097	0.097	0.099	0.100	0.100	0.095	0.093	0.178	0.175	0.096	0.163	0.096	0.173	0.160	0.169	0.100	0.098	0.095	0.095	0.191	0.118	0.098	0.100	0.177	0.132	0.181	0.097	0.097	0.097	0.093	0.095	0.114	0.099	0.098	0.098	0.099	0.099	0.099	0.097	0.096	0.097	0.093	0.093	0.184	0.099	0.170	0.177	0.097	0.098	0.176	0.100	0.197	0.185	0.093	0.095	0.094	0.095	0.093	0.092	0.093	0.093	0.093	0.094	0.094	0.094	0.093
47:00:47	19.1	0.092	0.093	0.093	0.095	0.094	0.094	0.093	0.092	0.093	0.093	0.095	0.095	0.092	0.104	0.105	0.191	0.176	0.100	0.097	0.098	0.099	0.171	0.123	0.095	0.093	0.105	0.099	0.118	0.100	0.100	0.097	0.098	0.099	0.100	0.100	0.095	0.093	0.181	0.178	0.096	0.166	0.097	0.176	0.162	0.171	0.100	0.098	0.095	0.096	0.195	0.122	0.099	0.100	0.180	0.136	0.184	0.098	0.097	0.097	0.093	0.095	0.117	0.099	0.098	0.098	0.099	0.099	0.099	0.096	0.097	0.097	0.093	0.093	0.188	0.099	0.173	0.180	0.098	0.098	0.179	0.100	0.201	0.189	0.093	0.095	0.094	0.095	0.093	0.092	0.093	0.094	0.093	0.094	0.094	0.094	0.093
48:00:47	19.0	0.092	0.093	0.093	0.095	0.094	0.093	0.093	0.092	0.093	0.093	0.095	0.095	0.092	0.104	0.106	0.194	0.179	0.100	0.097	0.098	0.099	0.173	0.127	0.094	0.093	0.105	0.099	0.122	0.100	0.099	0.097	0.097	0.099	0.100	0.099	0.095	0.093	0.184	0.181	0.096	0.168	0.096	0.178	0.164	0.174	0.100	0.098	0.095	0.095	0.198	0.125	0.098	0.100	0.183	0.140	0.188	0.098	0.097	0.096	0.092	0.095	0.120	0.099	0.097	0.098	0.100	0.099	0.099	0.097	0.097	0.097	0.092	0.093	0.191	0.098	0.176	0.184	0.097	0.098	0.183	0.100	0.204	0.192	0.093	0.095	0.094	0.095	0.093	0.092	0.093	0.093	0.093	0.094	0.094	0.094	0.093
49:00:49	19.0	0.092	0.093	0.093	0.095	0.094	0.093	0.093	0.092	0.093	0.094	0.095	0.095	0.092	0.104	0.107	0.198	0.183	0.100	0.098	0.098	0.099	0.177	0.131	0.095	0.093	0.105	0.099	0.125	0.101	0.100	0.097	0.097	0.100	0.100	0.099	0.095	0.093	0.187	0.184	0.096	0.171	0.096	0.181	0.167	0.176	0.100	0.098	0.095	0.095	0.202	0.130	0.098	0.101	0.187	0.144	0.192	0.098	0.097	0.097	0.093	0.095	0.123	0.099	0.098	0.098	0.100	0.099	0.099	0.097	0.097	0.097	0.093	0.093	0.195	0.099	0.179	0.188	0.097	0.098	0.187	0.100	0.208	0.196	0.093	0.095	0.094	0.095	0.093	0.093	0.093	0.094	0.094	0.094	0.094	0.094	0.093
50:00:50	19.2	0.092	0.093	0.093	0.095	0.094	0.094	0.093	0.092	0.093	0.094	0.095	0.095	0.092	0.104	0.108	0.202	0.186	0.100	0.098	0.098	0.099	0.180	0.135	0.095	0.093	0.105	0.099	0.129	0.101	0.100	0.098	0.097	0.100	0.100	0.100	0.095	0.093	0.190	0.187	0.096	0.174	0.097	0.184	0.170	0.179	0.100	0.098	0.095	0.096	0.205	0.134	0.098	0.101	0.190	0.148	0.195	0.098	0.097	0.097	0.092	0.095	0.126	0.100	0.098	0.098	0.101	0.099	0.099	0.097	0.097	0.097	0.093	0.093	0.198	0.099	0.182	0.192	0.098	0.098	0.190	0.100	0.212	0.200	0.093	0.095	0.095	0.095	0.093	0.093	0.093	0.094	0.094	0.094	0.094	0.094	0.093
51:00:50	19.4	0.092	0.093	0.093	0.095	0.094	0.094	0.093	0.092	0.093	0.094	0.095	0.095	0.092	0.105	0.108	0.205	0.190	0.101	0.098	0.098	0.100	0.183	0.139	0.095	0.093	0.105	0.099	0.134	0.102	0.100	0.097	0.097	0.100	0.101	0.100	0.095	0.094	0.192	0.190	0.096	0.177	0.097	0.186	0.172	0.181	0.100	0.099	0.095	0.096	0.208	0.138	0.099	0.102	0.194	0.152	0.199	0.098	0.097	0.097	0.093	0.095	0.131	0.099	0.098	0.098	0.101	0.099	0.099	0.097	0.097	0.097	0.093	0.094	0.201	0.099	0.184	0.196	0.098	0.098	0.195	0.100	0.216	0.204	0.093	0.095	0.094	0.095	0.093	0.093	0.093	0.094	0.094	0.094	0.094	0.094	0.093
52:00:52	19.7	0.093	0.094	0.093	0.095	0.094	0.094	0.093	0.093	0.093	0.094	0.095	0.095	0.093	0.105	0.109	0.209	0.193	0.101	0.098	0.098	0.100	0.187	0.144	0.095	0.093	0.106	0.099	0.138	0.103	0.100	0.098	0.098	0.100	0.101	0.100	0.095	0.094	0.195	0.193	0.096	0.180	0.097	0.189	0.175	0.184	0.100	0.099	0.095	0.096	0.212	0.142	0.099	0.103	0.198	0.157	0.203	0.098	0.097	0.097	0.093	0.095	0.135	0.100	0.098	0.098	0.102	0.100	0.100	0.097	0.097	0.097	0.093	0.093	0.204	0.099	0.189	0.200	0.098	0.098	0.201	0.100	0.221	0.208	0.094	0.095	0.095	0.095	0.093	0.093	0.093	0.094	0.094	0.094	0.094	0.094	0.093
53:00:54	20.0	0.092	0.093	0.093	0.095	0.094	0.094	0.093	0.092	0.093	0.093	0.095	0.095	0.092	0.105	0.110	0.211	0.197	0.102	0.098	0.098	0.100	0.190	0.149	0.095	0.093	0.106	0.099	0.142	0.103	0.100	0.098	0.097	0.099	0.101	0.099	0.095	0.093	0.197	0.195	0.096	0.183	0.097	0.191	0.177	0.187	0.100	0.098	0.095	0.095	0.214	0.146	0.098	0.103	0.201	0.160	0.207	0.098	0.097	0.097	0.093	0.095	0.138	0.099	0.097	0.098	0.102	0.099	0.100	0.097	0.096	0.097	0.092	0.093	0.207	0.099	0.193	0.205	0.098	0.098	0.205	0.100	0.225	0.212	0.093	0.095	0.095	0.095	0.093	0.092	0.093	0.093	0.093	0.094	0.094	0.094	0.093
54:00:55	19.9	0.092	0.094	0.093	0.095	0.094	0.094	0.093	0.092	0.093	0.093	0.095	0.095	0.092	0.105	0.112	0.215	0.200	0.102	0.098	0.098	0.101	0.193	0.154	0.095	0.093	0.106	0.099	0.146	0.104	0.100	0.098	0.097	0.100	0.101	0.099	0.095	0.093	0.200	0.198	0.096	0.186	0.097	0.194	0.180	0.189	0.100	0.099	0.095	0.095	0.217	0.150	0.099	0.104	0.204	0.165	0.211	0.099	0.097	0.097	0.093	0.095	0.142	0.100	0.098	0.098	0.103	0.099	0.100	0.097	0.097	0.097	0.093	0.093	0.210	0.099	0.195	0.209	0.098	0.098	0.209	0.100	0.229	0.215	0.093	0.095	0.095	0.095	0.093	0.093	0.093	0.094	0.094	0.094	0.094	0.094	0.093
55:00:56	19.7	0.092	0.093	0.093	0.095	0.094	0.094	0.093	0.092	0.093	0.093	0.095	0.095	0.092	0.106	0.113	0.219	0.203	0.103	0.098	0.098	0.101	0.196	0.157	0.095	0.093	0.106	0.099	0.150	0.106	0.100	0.097	0.097	0.100	0.101	0.099	0.095	0.093	0.203	0.202	0.096	0.188	0.097	0.196	0.183	0.192	0.100	0.099	0.095	0.095	0.222	0.154	0.098	0.106	0.208	0.168	0.215	0.099	0.097	0.097	0.093	0.095	0.146	0.099	0.098	0.098	0.105	0.099	0.100	0.097	0.097	0.097	0.093	0.093	0.214	0.099	0.198	0.212	0.098	0.098	0.212	0.100	0.231	0.218	0.093	0.095	0.094	0.095	0.093	0.093	0.093	0.094	0.094	0.094	0.094	0.094	0.093
56:00:56	19.4	0.093	0.093	0.093	0.095	0.095	0.094	0.093	0.092	0.093	0.093	0.095	0.095	0.093	0.106	0.114	0.223	0.207	0.105	0.098	0.098	0.102	0.199	0.162	0.095	0.093	0.107	0.099	0.154	0.107	0.100	0.098	0.097	0.100	0.102	0.100	0.096	0.094	0.206	0.205	0.096	0.192	0.097	0.199	0.185	0.195	0.100	0.099	0.095	0.095	0.226	0.158	0.099	0.108	0.212	0.172	0.219	0.100	0.097	0.097	0.093	0.095	0.150	0.099	0.098	0.098	0.106	0.099	0.101	0.097	0.097	0.097	0.093	0.093	0.219	0.099	0.201	0.215	0.098	0.098	0.216	0.101	0.234	0.222	0.093	0.095	0.095	0.095	0.093	0.093	0.093	0.094	0.094	0.094	0.094	0.094	0.093
57:00:57	19.4	0.092	0.093	0.093	0.095	0.094	0.094	0.093	0.092	0.093	0.093	0.095	0.095	0.092	0.106	0.115	0.225	0.209	0.106	0.098	0.098	0.103	0.202	0.166	0.095	0.093	0.107	0.099	0.158	0.109	0.101	0.098	0.097	0.100	0.102	0.100	0.095	0.094	0.208	0.207	0.096	0.194	0.097	0.201	0.188	0.197	0.100	0.099	0.095	0.095	0.229	0.162	0.099	0.109	0.215	0.175	0.222	0.100	0.097	0.097	0.093	0.095	0.154	0.099	0.098	0.098	0.107	0.099	0.101	0.097	0.097	0.097	0.093	0.093	0.221	0.099	0.203	0.219	0.098	0.098	0.219	0.100	0.237	0.225	0.093	0.095	0.094	0.095	0.093	0.092	0.093	0.094	0.093	0.094	0.094	0.094	0.093
58:00:59	19.3	0.092	0.093	0.093	0.095	0.094	0.094	0.093	0.092	0.093	0.094	0.095	0.095	0.092	0.106	0.116	0.228	0.212	0.107	0.098	0.098	0.104	0.204	0.170	0.095	0.093	0.107	0.099	0.162	0.111	0.101	0.098	0.098	0.100	0.102	0.100	0.096	0.094	0.210	0.210	0.096	0.197	0.097	0.203	0.190	0.200	0.100	0.099	0.095	0.096	0.231	0.166	0.098	0.111	0.219	0.178	0.226	0.101	0.097	0.096	0.093	0.095	0.157	0.099	0.098	0.099	0.109	0.099	0.101	0.097	0.097	0.097	0.093	0.093	0.223	0.099	0.206	0.222	0.098	0.098	0.221	0.101	0.239	0.228	0.093	0.095	0.095	0.095	0.093	0.093	0.093	0.093	0.094	0.094	0.094	0.094	0.093
59:01:00	19.3	0.092	0.093	0.093	0.095	0.094	0.094	0.093	0.092	0.093	0.093	0.095	0.095	0.092	0.106	0.117	0.231	0.215	0.108	0.098	0.098	0.105	0.206	0.174	0.095	0.093	0.107	0.099	0.166	0.113	0.100	0.098	0.097	0.100	0.103	0.099	0.095	0.093	0.211	0.211	0.096	0.199	0.097	0.205	0.192	0.202	0.100	0.099	0.095	0.095	0.232	0.168	0.098	0.113	0.221	0.182	0.229	0.101	0.097	0.097	0.093	0.095	0.160	0.099	0.098	0.098	0.111	0.099	0.101	0.097	0.097	0.097	0.093	0.093	0.224	0.099	0.208	0.225	0.098	0.098	0.224	0.100	0.241	0.231	0.093	0.095	0.095	0.095	0.093	0.093	0.093	0.094	0.094	0.094	0.094	0.094	0.093
60:01:01	19.3	0.092	0.093	0.093	0.095	0.094	0.094	0.093	0.092	0.093	0.093	0.095	0.095	0.093	0.106	0.118	0.234	0.218	0.110	0.098	0.098	0.106	0.208	0.177	0.095	0.093	0.107	0.099	0.169	0.116	0.100	0.098	0.097	0.100	0.103	0.100	0.095	0.093	0.213	0.213	0.096	0.202	0.097	0.207	0.194	0.204	0.100	0.098	0.095	0.095	0.234	0.171	0.098	0.117	0.224	0.185	0.232	0.102	0.097	0.096	0.093	0.095	0.164	0.099	0.098	0.098	0.113	0.099	0.102	0.097	0.097	0.097	0.093	0.093	0.227	0.099	0.211	0.227	0.098	0.098	0.227	0.100	0.243	0.233	0.093	0.095	0.094	0.095	0.093	0.093	0.093	0.093	0.093	0.094	0.094	0.094	0.093
61:01:01	19.3	0.092	0.094	0.093	0.095	0.094	0.094	0.093	0.092	0.093	0.093	0.095	0.095	0.092	0.107	0.119	0.236	0.220	0.113	0.098	0.098	0.107	0.210	0.181	0.095	0.093	0.108	0.099	0.172	0.120	0.101	0.098	0.097	0.100	0.104	0.100	0.095	0.094	0.215	0.215	0.096	0.204	0.097	0.208	0.197	0.206	0.100	0.099	0.095	0.095	0.236	0.174	0.099	0.120	0.227	0.188	0.235	0.102	0.097	0.097	0.093	0.095	0.167	0.099	0.098	0.099	0.117	0.099	0.102	0.097	0.097	0.097	0.093	0.093	0.229	0.099	0.213	0.230	0.098	0.098	0.229	0.101	0.245	0.235	0.093	0.095	0.095	0.095	0.093	0.093	0.093	0.094	0.094	0.094	0.094	0.094	0.093
62:01:04	19.3	0.092	0.093	0.093	0.095	0.094	0.094	0.093	0.092	0.093	0.093	0.095	0.095	0.092	0.107	0.120	0.238	0.222	0.115	0.098	0.098	0.109	0.212	0.184	0.095	0.093	0.108	0.099	0.175	0.123	0.101	0.098	0.097	0.100	0.105	0.100	0.095	0.094	0.216	0.217	0.096	0.206	0.097	0.210	0.198	0.208	0.101	0.098	0.095	0.095	0.238	0.177	0.098	0.124	0.230	0.191	0.238	0.104	0.097	0.097	0.093	0.095	0.170	0.100	0.098	0.099	0.120	0.099	0.103	0.097	0.097	0.097	0.093	0.093	0.231	0.099	0.215	0.232	0.098	0.098	0.232	0.101	0.248	0.237	0.093	0.095	0.095	0.095	0.093	0.093	0.093	0.093	0.094	0.094	0.094	0.094	0.093
63:01:04	19.3	0.092	0.094	0.093	0.095	0.094	0.094	0.093	0.092	0.093	0.094	0.095	0.095	0.092	0.107	0.121	0.240	0.224	0.118	0.098	0.098	0.111	0.214	0.187	0.095	0.093	0.108	0.099	0.178	0.128	0.101	0.098	0.098	0.100	0.105	0.100	0.095	0.093	0.218	0.218	0.096	0.208	0.097	0.211	0.200	0.209	0.101	0.099	0.095	0.096	0.239	0.180	0.099	0.129	0.232	0.195	0.241	0.105	0.097	0.097	0.093	0.095	0.173	0.099	0.098	0.098	0.124	0.099	0.104	0.097	0.097	0.097	0.093	0.093	0.234	0.099	0.217	0.234	0.098	0.098	0.235	0.101	0.250	0.239	0.093	0.095	0.095	0.095	0.093	0.093	0.093	0.093	0.094	0.094	0.094	0.094	0.093
64:01:05	19.3	0.092	0.094	0.093	0.095	0.094	0.094	0.093	0.092	0.093	0.093	0.095	0.095	0.093	0.107	0.121	0.242	0.226	0.123	0.098	0.098	0.112	0.216	0.190	0.095	0.093	0.108	0.099	0.181	0.132	0.101	0.098	0.097	0.100	0.106	0.100	0.095	0.093	0.219	0.220	0.096	0.210	0.097	0.212	0.202	0.211	0.101	0.098	0.095	0.096	0.241	0.183	0.099	0.134	0.235	0.198	0.244	0.106	0.098	0.096	0.093	0.095	0.175	0.100	0.098	0.099	0.128	0.099	0.105	0.097	0.097	0.097	0.093	0.093	0.235	0.099	0.219	0.236	0.098	0.098	0.236	0.101	0.252	0.242	0.093	0.096	0.094	0.095	0.093	0.093	0.093	0.093	0.094	0.094	0.094	0.094	0.093
65:01:05	19.3	0.092	0.093	0.093	0.095	0.095	0.094	0.093	0.092	0.093	0.094	0.095	0.095	0.093	0.108	0.122	0.244	0.228	0.127	0.098	0.098	0.115	0.218	0.193	0.095	0.093	0.108	0.099	0.183	0.137	0.101	0.098	0.097	0.100	0.108	0.100	0.096	0.094	0.222	0.222	0.096	0.212	0.097	0.213	0.204	0.213	0.101	0.099	0.095	0.096	0.243	0.185	0.099	0.139	0.237	0.201	0.247	0.107	0.098	0.097	0.093	0.095	0.178	0.100	0.098	0.099	0.133	0.099	0.106	0.097	0.097	0.097	0.093	0.093	0.238	0.099	0.220	0.239	0.098	0.099	0.239	0.101	0.254	0.245	0.093	0.095	0.095	0.095	0.093	0.093	0.093	0.094	0.094	0.094	0.094	0.094	0.093
66:01:06	19.3	0.092	0.094	0.093	0.095	0.094	0.094	0.093	0.093	0.093	0.093	0.095	0.095	0.092	0.107	0.123	0.247	0.230	0.132	0.098	0.098	0.117	0.219	0.196	0.095	0.093	0.108	0.099	0.186	0.141	0.101	0.098	0.098	0.100	0.109	0.100	0.095	0.094	0.224	0.224	0.096	0.214	0.097	0.215	0.205	0.215	0.101	0.099	0.095	0.095	0.245	0.188	0.099	0.144	0.238	0.204	0.249	0.108	0.098	0.097	0.093	0.095	0.180	0.099	0.098	0.099	0.137	0.099	0.107	0.097	0.098	0.097	0.093	0.093	0.239	0.099	0.222	0.241	0.098	0.099	0.241	0.101	0.255	0.247	0.094	0.095	0.095	0.095	0.093	0.093	0.093	0.094	0.094	0.094	0.094	0.094	0.093
67:01:07	19.3	0.093	0.094	0.093	0.095	0.095	0.094	0.093	0.093	0.093	0.093	0.095	0.095	0.092	0.108	0.123	0.249	0.232	0.137	0.098	0.098	0.120	0.221	0.199	0.095	0.093	0.109	0.099	0.189	0.146	0.101	0.099	0.098	0.101	0.110	0.100	0.096	0.094	0.226	0.225	0.096	0.216	0.098	0.216	0.207	0.216	0.101	0.099	0.096	0.096	0.247	0.190	0.099	0.148	0.241	0.208	0.252	0.109	0.098	0.097	0.093	0.095	0.183	0.100	0.098	0.099	0.141	0.099	0.109	0.098	0.098	0.097	0.093	0.094	0.241	0.099	0.224	0.244	0.099	0.098	0.244	0.101	0.258	0.249	0.094	0.095	0.095	0.095	0.093	0.093	0.093	0.094	0.094	0.094	0.094	0.094	0.093
68:01:08	19.4	0.092	0.093	0.093	0.095	0.095	0.093	0.093	0.092	0.093	0.093	0.095	0.095	0.092	0.108	0.124	0.251	0.234	0.141	0.098	0.098	0.122	0.222	0.200	0.094	0.093	0.108	0.099	0.191	0.150	0.101	0.098	0.097	0.100	0.112	0.100	0.095	0.093	0.227	0.226	0.096	0.217	0.097	0.217	0.208	0.217	0.101	0.099	0.095	0.095	0.249	0.192	0.099	0.153	0.243	0.211	0.254	0.110	0.097	0.097	0.093	0.095	0.185	0.099	0.098	0.099	0.146	0.099	0.110	0.097	0.098	0.097	0.093	0.093	0.242	0.099	0.225	0.246	0.098	0.098	0.246	0.101	0.260	0.252	0.093	0.095	0.094	0.095	0.093	0.093	0.093	0.094	0.093	0.094	0.094	0.094	0.093
69:01:08	19.4	0.092	0.093	0.093	0.095	0.095	0.094	0.093	0.092	0.093	0.093	0.095	0.095	0.093	0.108	0.124	0.253	0.235	0.147	0.099	0.098	0.125	0.224	0.203	0.095	0.093	0.109	0.099	0.194	0.155	0.101	0.099	0.097	0.100	0.114	0.099	0.095	0.094	0.229	0.227	0.096	0.219	0.098	0.219	0.210	0.219	0.101	0.099	0.095	0.095	0.250	0.195	0.099	0.158	0.244	0.215	0.257	0.112	0.098	0.097	0.093	0.095	0.187	0.099	0.097	0.099	0.150	0.099	0.112	0.097	0.098	0.097	0.093	0.093	0.244	0.099	0.226	0.248	0.098	0.098	0.249	0.101	0.261	0.255	0.093	0.095	0.095	0.095	0.093	0.093	0.093	0.093	0.094	0.094	0.094	0.094	0.093
70:01:10	19.4	0.092	0.093	0.093	0.095	0.094	0.094	0.093	0.092	0.093	0.093	0.095	0.095	0.092	0.108	0.125	0.255	0.237	0.152	0.098	0.098	0.129	0.226	0.206	0.095	0.093	0.109	0.099	0.196	0.159	0.101	0.098	0.097	0.101	0.116	0.100	0.096	0.093	0.229	0.228	0.096	0.220	0.098	0.219	0.211	0.220	0.101	0.099	0.095	0.095	0.252	0.197	0.099	0.162	0.247	0.218	0.259	0.114	0.098	0.097	0.093	0.095	0.189	0.099	0.098	0.099	0.154	0.099	0.114	0.097	0.098	0.097	0.093	0.093	0.245	0.099	0.227	0.251	0.098	0.098	0.252	0.101	0.263	0.257	0.093	0.095	0.094	0.095	0.093	0.093	0.093	0.094	0.094	0.094	0.094	0.094	0.093
71:01:12	19.4	0.092	0.093	0.093	0.095	0.094	0.093	0.093	0.092	0.093	0.093	0.095	0.095	0.092	0.108	0.125	0.257	0.238	0.157	0.098	0.098	0.132	0.227	0.207	0.095	0.093	0.109	0.099	0.198	0.164	0.101	0.098	0.097	0.100	0.119	0.100	0.095	0.093	0.228	0.229	0.096	0.221	0.098	0.220	0.212	0.221	0.101	0.098	0.095	0.095	0.254	0.199	0.098	0.167	0.249	0.221	0.261	0.117	0.097	0.096	0.092	0.095	0.191	0.099	0.097	0.099	0.159	0.099	0.117	0.097	0.097	0.097	0.092	0.093	0.247	0.098	0.229	0.253	0.098	0.098	0.255	0.101	0.264	0.260	0.093	0.095	0.094	0.095	0.093	0.093	0.093	0.093	0.093	0.094	0.094	0.094	0.093
72:01:13	19.4	0.092	0.093	0.093	0.095	0.095	0.094	0.093	0.092	0.093	0.093	0.095	0.095	0.093	0.109	0.125	0.260	0.240	0.162	0.099	0.098	0.136	0.229	0.210	0.095	0.093	0.109	0.099	0.200	0.168	0.101	0.099	0.098	0.101	0.122	0.100	0.095	0.094	0.228	0.230	0.096	0.223	0.098	0.222	0.214	0.223	0.101	0.098	0.095	0.096	0.255	0.201	0.099	0.171	0.251	0.225	0.263	0.119	0.098	0.097	0.093	0.095	0.193	0.099	0.098	0.099	0.163	0.099	0.120	0.097	0.098	0.097	0.093	0.093	0.249	0.098	0.231	0.255	0.099	0.098	0.256	0.101	0.265	0.262	0.094	0.095	0.095	0.095	0.093	0.093	0.093	0.094	0.094	0.094	0.094	0.094	0.093

