Time	T° 600	A1	A2	A3	A4	A5	A6	A7	A8	A9	A10	A11	A12	B1	B2	B3	B4	B5	B6	B7	B8	B9	B10	B11	B12	C1	C2	C3	C4	C5	C6	C7	C8	C9	C10	C11	C12	D1	D2	D3	D4	D5	D6	D7	D8	D9	D10	D11	D12	E1	E2	E3	E4	E5	E6	E7	E8	E9	E10	E11	E12	F1	F2	F3	F4	F5	F6	F7	F8	F9	F10	F11	F12	G1	G2	G3	G4	G5	G6	G7	G8	G9	G10	G11	G12	H1	H2	H3	H4	H5	H6	H7	H8	H9	H10	H11	H12
0:00:06	18.8	0.091	0.091	0.092	0.093	0.093	0.092	0.091	0.091	0.091	0.091	0.092	0.093	0.091	0.095	0.096	0.095	0.098	0.099	0.096	0.097	0.097	0.097	0.098	0.093	0.090	0.095	0.097	0.096	0.096	0.097	0.097	0.097	0.098	0.097	0.098	0.093	0.092	0.095	0.096	0.096	0.097	0.094	0.096	0.098	0.098	0.109	0.098	0.093	0.092	0.094	0.097	0.097	0.095	0.095	0.096	0.096	0.095	0.094	0.095	0.091	0.094	0.097	0.097	0.097	0.095	0.096	0.099	0.096	0.099	0.095	0.095	0.090	0.092	0.097	0.097	0.097	0.095	0.098	0.102	0.098	0.097	0.099	0.095	0.091	0.093	0.093	0.093	0.093	0.092	0.092	0.092	0.092	0.092	0.092	0.092	0.091
1:00:04	19.2	0.092	0.092	0.093	0.094	0.094	0.093	0.092	0.092	0.091	0.092	0.093	0.094	0.091	0.097	0.097	0.097	0.097	0.098	0.097	0.098	0.097	0.098	0.099	0.094	0.091	0.097	0.099	0.098	0.098	0.098	0.096	0.097	0.099	0.098	0.100	0.094	0.092	0.097	0.097	0.097	0.099	0.096	0.098	0.099	0.099	0.109	0.100	0.094	0.093	0.097	0.099	0.098	0.097	0.096	0.097	0.097	0.095	0.097	0.097	0.091	0.094	0.100	0.098	0.098	0.098	0.097	0.100	0.097	0.100	0.097	0.097	0.092	0.093	0.099	0.100	0.098	0.098	0.101	0.104	0.100	0.099	0.102	0.097	0.092	0.094	0.094	0.094	0.093	0.093	0.092	0.093	0.093	0.093	0.093	0.093	0.092
2:00:05	19.3	0.092	0.093	0.093	0.094	0.094	0.093	0.092	0.092	0.092	0.093	0.094	0.095	0.091	0.098	0.097	0.098	0.099	0.098	0.099	0.099	0.098	0.100	0.100	0.095	0.091	0.098	0.100	0.098	0.099	0.100	0.097	0.099	0.101	0.099	0.102	0.095	0.093	0.098	0.098	0.099	0.101	0.098	0.100	0.101	0.100	0.109	0.101	0.094	0.093	0.099	0.100	0.100	0.098	0.098	0.098	0.098	0.097	0.098	0.098	0.092	0.095	0.102	0.099	0.099	0.099	0.097	0.102	0.098	0.102	0.098	0.099	0.092	0.093	0.101	0.101	0.100	0.099	0.102	0.106	0.102	0.101	0.104	0.098	0.092	0.094	0.094	0.094	0.093	0.094	0.093	0.093	0.093	0.094	0.094	0.094	0.092
3:00:06	19.3	0.092	0.093	0.093	0.094	0.094	0.093	0.092	0.092	0.092	0.093	0.094	0.095	0.092	0.101	0.097	0.099	0.100	0.098	0.100	0.101	0.100	0.101	0.100	0.095	0.092	0.099	0.102	0.099	0.099	0.102	0.097	0.101	0.102	0.100	0.104	0.095	0.093	0.100	0.100	0.101	0.103	0.099	0.102	0.102	0.102	0.110	0.102	0.094	0.093	0.101	0.102	0.101	0.100	0.099	0.098	0.100	0.096	0.100	0.100	0.092	0.095	0.103	0.100	0.101	0.101	0.097	0.105	0.098	0.104	0.099	0.100	0.092	0.093	0.102	0.103	0.101	0.101	0.105	0.107	0.105	0.102	0.107	0.100	0.092	0.094	0.094	0.094	0.093	0.094	0.093	0.093	0.093	0.093	0.094	0.094	0.092
4:00:08	19.3	0.092	0.093	0.093	0.094	0.095	0.094	0.093	0.092	0.092	0.093	0.094	0.095	0.092	0.102	0.098	0.102	0.102	0.099	0.104	0.104	0.104	0.105	0.101	0.095	0.092	0.102	0.105	0.099	0.100	0.106	0.098	0.105	0.106	0.100	0.108	0.095	0.093	0.103	0.103	0.105	0.107	0.102	0.106	0.106	0.106	0.114	0.102	0.095	0.094	0.104	0.105	0.104	0.103	0.103	0.098	0.103	0.097	0.103	0.103	0.092	0.095	0.106	0.103	0.103	0.104	0.098	0.109	0.099	0.108	0.100	0.103	0.092	0.093	0.105	0.108	0.105	0.104	0.110	0.107	0.109	0.106	0.110	0.103	0.092	0.095	0.094	0.094	0.094	0.094	0.093	0.093	0.094	0.094	0.094	0.094	0.093
5:00:08	19.3	0.093	0.093	0.093	0.094	0.094	0.094	0.093	0.093	0.093	0.093	0.095	0.095	0.092	0.107	0.098	0.108	0.107	0.100	0.109	0.109	0.110	0.111	0.102	0.095	0.092	0.107	0.111	0.100	0.100	0.111	0.099	0.110	0.111	0.101	0.114	0.095	0.094	0.107	0.108	0.109	0.114	0.108	0.112	0.111	0.111	0.119	0.103	0.095	0.094	0.110	0.109	0.109	0.109	0.108	0.098	0.108	0.097	0.109	0.109	0.093	0.095	0.111	0.108	0.108	0.110	0.098	0.115	0.099	0.114	0.101	0.108	0.092	0.094	0.110	0.114	0.110	0.110	0.118	0.108	0.116	0.112	0.116	0.109	0.092	0.095	0.094	0.094	0.094	0.094	0.093	0.094	0.094	0.094	0.095	0.095	0.093
6:00:08	19.2	0.092	0.093	0.093	0.094	0.094	0.094	0.093	0.092	0.092	0.093	0.095	0.095	0.092	0.115	0.098	0.116	0.114	0.100	0.118	0.117	0.120	0.121	0.102	0.095	0.092	0.114	0.118	0.101	0.100	0.122	0.099	0.121	0.120	0.101	0.123	0.095	0.093	0.115	0.117	0.119	0.124	0.116	0.121	0.120	0.120	0.129	0.103	0.095	0.093	0.118	0.116	0.116	0.117	0.117	0.098	0.116	0.097	0.120	0.118	0.092	0.095	0.118	0.115	0.115	0.119	0.098	0.125	0.099	0.123	0.102	0.117	0.092	0.093	0.116	0.126	0.118	0.118	0.132	0.109	0.127	0.122	0.125	0.119	0.092	0.094	0.094	0.094	0.093	0.094	0.093	0.093	0.094	0.093	0.094	0.094	0.092
7:00:11	19.2	0.093	0.093	0.094	0.094	0.095	0.094	0.093	0.092	0.092	0.094	0.095	0.095	0.092	0.130	0.098	0.130	0.129	0.100	0.136	0.133	0.137	0.139	0.103	0.095	0.092	0.127	0.133	0.102	0.101	0.139	0.099	0.138	0.137	0.101	0.140	0.095	0.094	0.128	0.132	0.135	0.145	0.130	0.140	0.137	0.138	0.147	0.104	0.095	0.094	0.134	0.130	0.129	0.133	0.135	0.099	0.131	0.098	0.139	0.136	0.093	0.095	0.131	0.128	0.129	0.135	0.098	0.146	0.100	0.142	0.103	0.133	0.092	0.094	0.130	0.146	0.133	0.133	0.156	0.109	0.146	0.141	0.143	0.135	0.093	0.095	0.095	0.094	0.094	0.094	0.093	0.094	0.094	0.094	0.094	0.094	0.093
8:00:11	19.1	0.092	0.093	0.094	0.094	0.095	0.094	0.093	0.093	0.092	0.094	0.095	0.095	0.092	0.154	0.099	0.155	0.154	0.100	0.164	0.158	0.168	0.171	0.103	0.095	0.092	0.149	0.157	0.102	0.102	0.172	0.099	0.166	0.166	0.101	0.171	0.095	0.094	0.150	0.159	0.160	0.181	0.155	0.170	0.164	0.165	0.177	0.105	0.094	0.094	0.158	0.154	0.153	0.161	0.166	0.099	0.160	0.098	0.169	0.166	0.093	0.095	0.153	0.151	0.154	0.167	0.099	0.181	0.100	0.171	0.104	0.160	0.092	0.094	0.153	0.179	0.157	0.159	0.194	0.111	0.179	0.170	0.175	0.162	0.092	0.095	0.094	0.094	0.094	0.094	0.093	0.094	0.094	0.094	0.094	0.094	0.093
9:00:13	19.1	0.093	0.093	0.094	0.094	0.095	0.094	0.093	0.093	0.093	0.094	0.095	0.095	0.092	0.192	0.099	0.195	0.191	0.101	0.213	0.201	0.210	0.217	0.104	0.095	0.092	0.184	0.192	0.103	0.102	0.225	0.099	0.212	0.206	0.102	0.214	0.095	0.094	0.187	0.197	0.202	0.231	0.196	0.218	0.210	0.209	0.219	0.105	0.095	0.094	0.198	0.190	0.192	0.208	0.214	0.099	0.203	0.098	0.216	0.209	0.093	0.095	0.190	0.187	0.195	0.215	0.099	0.228	0.100	0.206	0.106	0.196	0.093	0.094	0.190	0.228	0.195	0.195	0.242	0.112	0.218	0.212	0.216	0.201	0.093	0.095	0.094	0.094	0.094	0.094	0.094	0.094	0.094	0.094	0.095	0.094	0.093
10:00:13	19.0	0.092	0.093	0.093	0.094	0.094	0.094	0.093	0.092	0.092	0.094	0.095	0.095	0.092	0.227	0.098	0.227	0.221	0.101	0.262	0.235	0.238	0.243	0.104	0.095	0.092	0.218	0.222	0.104	0.102	0.267	0.099	0.255	0.237	0.102	0.245	0.095	0.093	0.215	0.227	0.232	0.270	0.222	0.236	0.254	0.238	0.247	0.106	0.095	0.094	0.227	0.216	0.217	0.257	0.245	0.099	0.245	0.098	0.253	0.248	0.092	0.095	0.218	0.211	0.231	0.251	0.098	0.261	0.100	0.235	0.107	0.231	0.092	0.094	0.214	0.255	0.220	0.219	0.271	0.113	0.246	0.239	0.248	0.232	0.093	0.095	0.094	0.094	0.094	0.094	0.093	0.094	0.094	0.094	0.095	0.094	0.093
11:00:15	18.9	0.093	0.093	0.094	0.094	0.094	0.094	0.093	0.093	0.093	0.094	0.095	0.096	0.092	0.270	0.099	0.263	0.261	0.102	0.307	0.272	0.289	0.294	0.106	0.095	0.092	0.250	0.257	0.106	0.103	0.303	0.099	0.301	0.276	0.102	0.281	0.095	0.094	0.252	0.260	0.261	0.291	0.273	0.283	0.286	0.272	0.273	0.107	0.096	0.094	0.255	0.252	0.249	0.284	0.289	0.099	0.280	0.098	0.290	0.285	0.093	0.095	0.257	0.254	0.273	0.293	0.099	0.304	0.101	0.269	0.109	0.261	0.093	0.094	0.252	0.296	0.264	0.258	0.310	0.115	0.286	0.266	0.282	0.269	0.093	0.095	0.094	0.094	0.094	0.094	0.093	0.094	0.094	0.094	0.095	0.094	0.093
12:00:16	18.9	0.093	0.093	0.094	0.094	0.095	0.094	0.094	0.093	0.093	0.094	0.095	0.095	0.092	0.337	0.099	0.304	0.305	0.102	0.343	0.317	0.328	0.345	0.107	0.095	0.092	0.293	0.297	0.107	0.104	0.334	0.099	0.327	0.320	0.102	0.343	0.095	0.094	0.295	0.293	0.292	0.352	0.329	0.326	0.322	0.324	0.309	0.107	0.096	0.094	0.303	0.292	0.286	0.306	0.335	0.099	0.309	0.098	0.349	0.330	0.093	0.095	0.296	0.290	0.331	0.304	0.099	0.324	0.101	0.313	0.110	0.302	0.093	0.094	0.288	0.324	0.294	0.285	0.357	0.116	0.322	0.299	0.349	0.302	0.093	0.095	0.095	0.094	0.094	0.094	0.094	0.094	0.094	0.094	0.094	0.095	0.093
13:00:16	18.8	0.093	0.093	0.094	0.094	0.095	0.094	0.093	0.093	0.093	0.094	0.095	0.095	0.092	0.368	0.099	0.348	0.358	0.102	0.366	0.360	0.351	0.371	0.108	0.095	0.092	0.325	0.328	0.109	0.104	0.366	0.100	0.361	0.349	0.103	0.380	0.095	0.094	0.319	0.333	0.339	0.378	0.366	0.358	0.345	0.350	0.367	0.108	0.096	0.094	0.330	0.323	0.329	0.353	0.370	0.099	0.335	0.098	0.371	0.377	0.093	0.095	0.325	0.329	0.380	0.344	0.099	0.369	0.101	0.367	0.113	0.373	0.093	0.094	0.318	0.360	0.343	0.326	0.383	0.118	0.366	0.352	0.379	0.362	0.093	0.095	0.095	0.095	0.094	0.094	0.093	0.094	0.094	0.094	0.095	0.094	0.093
14:00:17	18.8	0.093	0.093	0.094	0.094	0.095	0.094	0.094	0.093	0.093	0.094	0.095	0.095	0.092	0.387	0.100	0.394	0.400	0.102	0.424	0.410	0.412	0.418	0.109	0.095	0.092	0.358	0.370	0.110	0.105	0.413	0.100	0.407	0.407	0.103	0.425	0.095	0.094	0.360	0.364	0.375	0.416	0.414	0.415	0.391	0.400	0.411	0.109	0.096	0.094	0.365	0.357	0.364	0.400	0.407	0.099	0.386	0.098	0.416	0.424	0.093	0.095	0.365	0.364	0.394	0.397	0.099	0.421	0.102	0.413	0.115	0.421	0.093	0.094	0.360	0.391	0.377	0.372	0.434	0.119	0.423	0.402	0.432	0.411	0.093	0.095	0.095	0.094	0.094	0.094	0.094	0.094	0.094	0.094	0.095	0.095	0.093
15:00:18	18.7	0.093	0.094	0.094	0.094	0.095	0.094	0.094	0.093	0.093	0.094	0.095	0.096	0.092	0.405	0.100	0.418	0.425	0.103	0.409	0.428	0.427	0.442	0.110	0.096	0.092	0.412	0.409	0.112	0.105	0.438	0.100	0.420	0.421	0.104	0.502	0.096	0.094	0.432	0.398	0.407	0.452	0.440	0.457	0.431	0.405	0.488	0.110	0.096	0.094	0.420	0.402	0.388	0.434	0.421	0.099	0.441	0.099	0.415	0.484	0.093	0.095	0.410	0.420	0.459	0.437	0.099	0.474	0.102	0.513	0.118	0.501	0.093	0.094	0.407	0.443	0.429	0.435	0.497	0.122	0.490	0.422	0.433	0.480	0.093	0.095	0.094	0.095	0.094	0.094	0.094	0.094	0.094	0.094	0.095	0.095	0.093
16:00:18	18.8	0.093	0.093	0.094	0.094	0.095	0.094	0.094	0.093	0.093	0.094	0.095	0.095	0.092	0.437	0.100	0.420	0.433	0.103	0.458	0.477	0.468	0.472	0.111	0.096	0.092	0.422	0.425	0.114	0.106	0.464	0.100	0.462	0.461	0.104	0.515	0.095	0.094	0.416	0.425	0.430	0.479	0.463	0.463	0.467	0.446	0.507	0.111	0.096	0.094	0.463	0.402	0.430	0.460	0.473	0.099	0.481	0.099	0.466	0.493	0.093	0.095	0.445	0.449	0.468	0.477	0.099	0.489	0.103	0.521	0.121	0.510	0.093	0.094	0.457	0.471	0.451	0.466	0.503	0.124	0.496	0.455	0.454	0.496	0.093	0.095	0.095	0.095	0.094	0.094	0.094	0.094	0.094	0.094	0.095	0.095	0.093
17:00:20	18.9	0.093	0.094	0.094	0.094	0.095	0.094	0.094	0.093	0.093	0.094	0.095	0.096	0.093	0.444	0.100	0.420	0.459	0.104	0.467	0.475	0.465	0.480	0.113	0.096	0.093	0.437	0.455	0.117	0.107	0.483	0.100	0.479	0.462	0.104	0.521	0.096	0.094	0.452	0.447	0.456	0.500	0.458	0.477	0.465	0.451	0.479	0.113	0.096	0.094	0.473	0.440	0.461	0.480	0.486	0.099	0.468	0.099	0.479	0.469	0.093	0.095	0.469	0.473	0.468	0.481	0.099	0.484	0.103	0.517	0.125	0.487	0.093	0.094	0.469	0.471	0.478	0.481	0.496	0.126	0.501	0.468	0.481	0.476	0.093	0.095	0.095	0.095	0.094	0.094	0.094	0.094	0.094	0.094	0.095	0.095	0.093
18:00:21	19.2	0.093	0.093	0.094	0.094	0.095	0.094	0.094	0.093	0.093	0.094	0.095	0.095	0.092	0.485	0.100	0.481	0.498	0.104	0.519	0.525	0.511	0.510	0.115	0.095	0.093	0.478	0.513	0.120	0.107	0.528	0.100	0.512	0.503	0.104	0.535	0.095	0.094	0.497	0.475	0.519	0.513	0.510	0.507	0.497	0.495	0.517	0.114	0.095	0.094	0.522	0.515	0.517	0.514	0.528	0.099	0.494	0.099	0.505	0.497	0.093	0.095	0.513	0.511	0.502	0.507	0.099	0.511	0.104	0.546	0.129	0.519	0.093	0.094	0.512	0.493	0.512	0.524	0.519	0.128	0.532	0.504	0.530	0.504	0.093	0.095	0.095	0.094	0.094	0.094	0.094	0.094	0.094	0.094	0.095	0.095	0.093
19:00:22	19.3	0.093	0.093	0.094	0.094	0.094	0.094	0.093	0.093	0.093	0.094	0.095	0.095	0.092	0.555	0.100	0.555	0.550	0.104	0.580	0.584	0.566	0.576	0.116	0.095	0.092	0.535	0.576	0.123	0.108	0.577	0.100	0.574	0.566	0.105	0.595	0.095	0.094	0.568	0.544	0.571	0.568	0.580	0.566	0.557	0.560	0.586	0.116	0.096	0.094	0.568	0.569	0.577	0.575	0.589	0.099	0.551	0.099	0.561	0.562	0.093	0.095	0.568	0.580	0.559	0.574	0.099	0.567	0.104	0.597	0.133	0.587	0.093	0.094	0.562	0.544	0.576	0.592	0.581	0.131	0.581	0.578	0.612	0.580	0.093	0.095	0.094	0.094	0.094	0.094	0.093	0.094	0.094	0.094	0.095	0.095	0.093
20:00:22	19.5	0.093	0.094	0.094	0.094	0.095	0.094	0.093	0.093	0.093	0.094	0.095	0.096	0.092	0.620	0.100	0.611	0.609	0.105	0.631	0.634	0.615	0.628	0.119	0.095	0.092	0.599	0.640	0.127	0.109	0.632	0.100	0.624	0.615	0.106	0.648	0.096	0.094	0.630	0.606	0.629	0.629	0.637	0.624	0.617	0.612	0.637	0.118	0.096	0.094	0.618	0.627	0.630	0.637	0.646	0.099	0.613	0.099	0.625	0.631	0.093	0.095	0.620	0.639	0.618	0.634	0.100	0.625	0.105	0.659	0.139	0.646	0.093	0.094	0.620	0.594	0.648	0.655	0.643	0.134	0.650	0.648	0.703	0.649	0.093	0.095	0.095	0.094	0.094	0.094	0.093	0.094	0.094	0.094	0.095	0.095	0.093
21:00:24	19.8	0.093	0.094	0.094	0.094	0.095	0.095	0.094	0.093	0.093	0.094	0.095	0.096	0.093	0.674	0.101	0.670	0.658	0.105	0.689	0.682	0.670	0.685	0.122	0.096	0.092	0.659	0.693	0.133	0.111	0.681	0.101	0.671	0.667	0.106	0.709	0.096	0.094	0.676	0.656	0.685	0.682	0.688	0.683	0.664	0.664	0.692	0.120	0.096	0.094	0.661	0.674	0.680	0.691	0.700	0.100	0.667	0.099	0.688	0.692	0.093	0.096	0.668	0.682	0.665	0.683	0.100	0.687	0.105	0.724	0.146	0.709	0.093	0.094	0.676	0.647	0.685	0.705	0.703	0.137	0.711	0.711	0.786	0.716	0.093	0.095	0.095	0.095	0.094	0.094	0.094	0.095	0.094	0.094	0.095	0.095	0.093
22:00:25	20.3	0.093	0.093	0.094	0.094	0.095	0.094	0.093	0.093	0.093	0.094	0.095	0.095	0.092	0.733	0.100	0.728	0.710	0.106	0.743	0.737	0.732	0.750	0.125	0.095	0.092	0.717	0.748	0.139	0.112	0.737	0.101	0.725	0.729	0.107	0.775	0.095	0.094	0.729	0.711	0.743	0.741	0.749	0.749	0.723	0.732	0.760	0.123	0.096	0.094	0.722	0.726	0.735	0.755	0.757	0.099	0.729	0.099	0.755	0.757	0.093	0.095	0.730	0.740	0.722	0.747	0.100	0.751	0.106	0.794	0.153	0.773	0.092	0.094	0.741	0.716	0.741	0.759	0.757	0.140	0.768	0.774	0.875	0.781	0.093	0.095	0.095	0.095	0.094	0.094	0.093	0.094	0.094	0.094	0.095	0.094	0.093
23:00:26	20.6	0.093	0.094	0.094	0.094	0.095	0.095	0.094	0.093	0.093	0.094	0.095	0.096	0.092	0.796	0.101	0.800	0.772	0.107	0.811	0.796	0.802	0.821	0.129	0.096	0.093	0.787	0.809	0.148	0.114	0.803	0.101	0.789	0.798	0.108	0.852	0.096	0.094	0.802	0.778	0.811	0.801	0.816	0.818	0.788	0.806	0.842	0.127	0.096	0.094	0.793	0.799	0.799	0.825	0.820	0.100	0.796	0.100	0.825	0.830	0.093	0.096	0.800	0.815	0.788	0.816	0.100	0.815	0.107	0.978	0.164	0.845	0.093	0.094	0.818	0.791	0.816	0.834	0.836	0.144	0.832	0.847	0.877	0.852	0.093	0.095	0.095	0.095	0.094	0.095	0.094	0.095	0.094	0.094	0.095	0.095	0.093
24:00:26	20.7	0.093	0.094	0.094	0.094	0.095	0.094	0.093	0.093	0.093	0.094	0.095	0.095	0.093	0.834	0.101	0.723	0.842	0.107	0.649	0.621	0.715	0.662	0.133	0.096	0.093	0.863	0.877	0.159	0.116	0.764	0.101	0.856	0.740	0.108	0.823	0.096	0.094	0.872	0.855	0.887	0.843	0.890	0.892	0.860	0.623	0.896	0.130	0.096	0.094	0.871	0.877	0.870	0.904	0.892	0.100	0.870	0.100	0.727	0.935	0.093	0.095	0.877	0.894	0.864	0.897	0.100	0.902	0.107	0.977	0.176	0.951	0.093	0.094	0.896	0.870	0.891	0.912	0.918	0.150	0.926	1.002	0.987	0.970	0.093	0.095	0.095	0.095	0.094	0.095	0.094	0.095	0.094	0.094	0.095	0.095	0.093
25:00:28	20.7	0.093	0.093	0.094	0.094	0.095	0.094	0.093	0.093	0.093	0.094	0.095	0.095	0.092	0.889	0.101	0.883	0.951	0.108	0.895	0.907	0.984	0.978	0.137	0.095	0.092	0.970	1.002	0.170	0.118	0.896	0.101	0.978	1.019	0.109	1.024	0.096	0.094	1.031	0.917	0.971	1.019	0.958	0.989	0.938	0.969	1.047	0.134	0.096	0.094	0.974	1.022	1.115	0.975	1.046	0.100	1.076	0.100	0.984	1.070	0.093	0.095	1.009	1.097	1.046	1.102	0.100	1.089	0.109	1.028	0.190	1.099	0.093	0.094	1.220	1.062	1.167	1.088	1.051	0.161	1.058	1.133	1.014	1.122	0.093	0.095	0.094	0.094	0.094	0.094	0.094	0.094	0.094	0.094	0.095	0.094	0.093
26:00:28	20.4	0.093	0.093	0.094	0.094	0.095	0.094	0.094	0.093	0.093	0.094	0.095	0.096	0.092	1.076	0.101	1.065	1.053	0.110	1.053	1.057	1.064	1.061	0.142	0.096	0.092	1.085	1.106	0.185	0.122	1.070	0.102	1.051	1.068	0.110	1.066	0.096	0.094	1.103	1.065	1.075	1.036	1.079	1.090	1.064	1.106	1.060	0.139	0.096	0.094	1.101	1.115	1.110	1.109	1.109	0.101	1.101	0.100	1.115	1.103	0.093	0.095	1.095	1.119	1.095	1.115	0.101	1.118	0.110	1.030	0.206	1.113	0.093	0.094	1.159	1.118	1.133	1.137	1.062	0.173	1.120	1.115	1.036	1.111	0.093	0.095	0.095	0.095	0.094	0.094	0.094	0.094	0.094	0.094	0.095	0.095	0.093
27:00:29	20.1	0.093	0.094	0.094	0.094	0.095	0.094	0.094	0.093	0.093	0.094	0.095	0.096	0.093	1.079	0.102	1.069	1.065	0.111	1.071	1.064	1.077	1.069	0.149	0.096	0.093	1.083	1.068	0.201	0.126	1.066	0.103	1.059	1.079	0.112	1.072	0.096	0.094	1.073	1.068	1.072	1.048	1.074	1.084	1.076	1.109	1.066	0.144	0.096	0.095	1.083	1.089	1.073	1.094	1.084	0.101	1.076	0.100	1.104	1.089	0.093	0.096	1.083	1.088	1.088	1.093	0.101	1.106	0.111	1.043	0.223	1.090	0.093	0.094	1.112	1.094	1.105	1.101	1.067	0.189	1.109	1.101	1.049	1.088	0.093	0.096	0.095	0.095	0.094	0.095	0.094	0.095	0.094	0.094	0.095	0.095	0.093
28:00:30	19.9	0.093	0.094	0.094	0.094	0.095	0.094	0.093	0.093	0.093	0.094	0.095	0.096	0.093	1.083	0.102	1.072	1.073	0.113	1.077	1.067	1.083	1.073	0.156	0.096	0.093	1.089	1.065	0.207	0.129	1.066	0.103	1.065	1.084	0.113	1.080	0.096	0.094	1.074	1.070	1.079	1.054	1.080	1.091	1.082	1.110	1.072	0.149	0.096	0.095	1.086	1.088	1.071	1.090	1.087	0.101	1.082	0.100	1.103	1.089	0.093	0.096	1.085	1.090	1.091	1.094	0.101	1.108	0.112	1.079	0.242	1.092	0.093	0.094	1.113	1.094	1.104	1.095	1.068	0.206	1.109	1.103	1.087	1.092	0.093	0.095	0.095	0.095	0.094	0.094	0.094	0.095	0.094	0.094	0.095	0.095	0.093
29:00:31	19.6	0.093	0.094	0.094	0.094	0.095	0.094	0.094	0.093	0.093	0.094	0.095	0.096	0.093	1.086	0.102	1.081	1.080	0.115	1.082	1.077	1.085	1.079	0.164	0.096	0.093	1.098	1.073	0.219	0.134	1.070	0.103	1.079	1.089	0.115	1.092	0.096	0.094	1.086	1.077	1.089	1.056	1.090	1.103	1.094	1.113	1.079	0.156	0.096	0.095	1.095	1.095	1.077	1.093	1.099	0.101	1.095	0.101	1.108	1.097	0.093	0.096	1.095	1.101	1.098	1.105	0.102	1.112	0.114	1.145	0.261	1.100	0.093	0.094	1.122	1.101	1.112	1.101	1.094	0.226	1.114	1.112	1.101	1.103	0.093	0.095	0.095	0.095	0.094	0.095	0.094	0.094	0.094	0.094	0.095	0.095	0.093
30:00:32	19.5	0.093	0.094	0.094	0.094	0.095	0.094	0.093	0.093	0.093	0.094	0.095	0.095	0.092	1.094	0.102	1.088	1.093	0.117	1.093	1.090	1.093	1.088	0.173	0.096	0.093	1.106	1.083	0.235	0.141	1.081	0.104	1.095	1.097	0.117	1.103	0.096	0.094	1.095	1.085	1.101	1.080	1.103	1.118	1.110	1.121	1.092	0.164	0.096	0.095	1.104	1.105	1.088	1.100	1.113	0.101	1.111	0.101	1.115	1.109	0.093	0.095	1.108	1.113	1.111	1.116	0.102	1.121	0.116	1.079	0.269	1.112	0.093	0.100	1.134	1.115	1.123	1.113	1.171	0.249	1.123	1.124	1.103	1.115	0.093	0.095	0.095	0.095	0.094	0.095	0.094	0.095	0.094	0.094	0.095	0.095	0.093
31:00:33	19.5	0.093	0.094	0.094	0.094	0.095	0.094	0.093	0.093	0.093	0.094	0.095	0.095	0.093	1.104	0.103	1.098	1.104	0.119	1.104	1.101	1.103	1.101	0.185	0.096	0.093	1.115	1.098	0.258	0.150	1.094	0.104	1.109	1.107	0.119	1.117	0.095	0.094	1.116	1.095	1.113	1.127	1.118	1.133	1.122	1.130	1.119	0.175	0.096	0.095	1.117	1.117	1.100	1.107	1.127	0.101	1.128	0.101	1.129	1.123	0.093	0.095	1.122	1.127	1.126	1.128	0.102	1.135	0.118	1.085	0.252	1.127	0.093	0.099	1.146	1.130	1.134	1.125	1.108	0.270	1.139	1.140	1.116	1.130	0.093	0.095	0.095	0.095	0.094	0.094	0.094	0.094	0.094	0.094	0.095	0.095	0.093
32:00:34	19.5	0.093	0.094	0.094	0.094	0.095	0.094	0.093	0.093	0.093	0.094	0.095	0.096	0.093	1.113	0.103	1.105	1.115	0.123	1.116	1.114	1.113	1.112	0.198	0.096	0.093	1.125	1.109	0.289	0.160	1.108	0.105	1.122	1.114	0.122	1.130	0.096	0.094	1.118	1.104	1.122	1.081	1.128	1.145	1.133	1.139	1.172	0.187	0.096	0.095	1.125	1.127	1.111	1.117	1.137	0.102	1.143	0.102	1.138	1.133	0.093	0.095	1.134	1.136	1.133	1.137	0.103	1.145	0.121	1.089	0.243	1.138	0.093	0.099	1.159	1.138	1.145	1.137	1.104	0.288	1.149	1.151	1.133	1.144	0.093	0.095	0.095	0.095	0.094	0.094	0.094	0.095	0.094	0.094	0.095	0.095	0.093
33:00:35	19.5	0.093	0.094	0.094	0.094	0.095	0.094	0.094	0.093	0.093	0.094	0.095	0.095	0.093	1.121	0.103	1.113	1.125	0.126	1.127	1.124	1.121	1.123	0.210	0.096	0.093	1.134	1.118	0.316	0.172	1.120	0.106	1.132	1.121	0.125	1.150	0.096	0.094	1.121	1.113	1.131	1.075	1.136	1.153	1.141	1.147	1.131	0.200	0.096	0.095	1.133	1.132	1.119	1.125	1.147	0.102	1.150	0.102	1.148	1.145	0.093	0.096	1.143	1.143	1.139	1.144	0.103	1.162	0.125	1.109	0.259	1.150	0.093	0.099	1.166	1.147	1.151	1.146	1.103	0.295	1.170	1.162	1.146	1.156	0.093	0.095	0.095	0.095	0.094	0.095	0.094	0.094	0.094	0.094	0.095	0.095	0.093
34:00:35	19.5	0.093	0.094	0.094	0.095	0.095	0.094	0.094	0.093	0.093	0.094	0.095	0.096	0.093	1.127	0.104	1.119	1.132	0.131	1.141	1.136	1.127	1.132	0.226	0.096	0.093	1.136	1.128	0.326	0.187	1.133	0.107	1.141	1.127	0.129	1.149	0.096	0.094	1.128	1.115	1.134	1.075	1.140	1.163	1.148	1.153	1.135	0.213	0.096	0.095	1.139	1.140	1.123	1.131	1.149	0.102	1.156	0.102	1.156	1.154	0.093	0.096	1.150	1.148	1.146	1.149	0.104	1.220	0.129	1.146	0.304	1.161	0.094	0.100	1.171	1.151	1.155	1.155	1.113	0.292	1.228	1.172	1.158	1.170	0.093	0.095	0.095	0.095	0.094	0.095	0.094	0.094	0.094	0.094	0.095	0.095	0.093
35:00:36	19.5	0.093	0.094	0.094	0.094	0.095	0.094	0.093	0.093	0.093	0.094	0.095	0.096	0.093	1.133	0.104	1.124	1.138	0.135	1.146	1.141	1.136	1.142	0.251	0.096	0.093	1.139	1.142	0.345	0.202	1.137	0.107	1.142	1.132	0.134	1.144	0.096	0.094	1.130	1.118	1.138	1.083	1.143	1.178	1.151	1.160	1.134	0.228	0.096	0.095	1.143	1.142	1.124	1.135	1.155	0.103	1.159	0.103	1.159	1.163	0.093	0.096	1.156	1.153	1.150	1.151	0.104	1.193	0.133	1.175	0.324	1.178	0.093	0.100	1.176	1.152	1.159	1.157	1.142	0.296	1.195	1.194	1.159	1.203	0.093	0.095	0.095	0.095	0.094	0.094	0.094	0.095	0.094	0.094	0.095	0.095	0.093
36:00:36	19.5	0.093	0.094	0.094	0.095	0.095	0.095	0.093	0.093	0.093	0.095	0.095	0.096	0.093	1.135	0.105	1.128	1.142	0.142	1.152	1.144	1.140	1.146	0.278	0.096	0.093	1.141	1.157	0.365	0.220	1.144	0.108	1.145	1.135	0.141	1.167	0.096	0.094	1.131	1.121	1.141	1.093	1.145	1.194	1.152	1.163	1.134	0.244	0.096	0.095	1.143	1.140	1.126	1.138	1.155	0.103	1.160	0.104	1.164	1.176	0.093	0.096	1.158	1.148	1.153	1.153	0.105	1.182	0.138	1.123	0.339	1.195	0.093	0.101	1.177	1.133	1.164	1.160	1.190	0.314	1.185	1.175	1.166	1.172	0.093	0.096	0.095	0.095	0.095	0.095	0.094	0.095	0.094	0.094	0.095	0.095	0.093
37:00:38	19.5	0.093	0.094	0.094	0.095	0.095	0.095	0.093	0.093	0.093	0.095	0.095	0.096	0.093	1.138	0.105	1.132	1.144	0.149	1.161	1.149	1.144	1.152	0.292	0.096	0.093	1.144	1.174	0.394	0.232	1.159	0.110	1.149	1.140	0.149	1.168	0.096	0.094	1.129	1.122	1.143	1.111	1.145	1.185	1.155	1.167	1.137	0.262	0.096	0.095	1.146	1.138	1.126	1.139	1.156	0.104	1.165	0.105	1.171	1.209	0.093	0.096	1.160	1.150	1.157	1.157	0.106	1.173	0.143	1.129	0.361	1.163	0.093	0.101	1.182	1.111	1.166	1.170	1.184	0.334	1.178	1.198	1.175	1.190	0.093	0.096	0.095	0.095	0.094	0.095	0.094	0.094	0.094	0.095	0.095	0.095	0.093
38:00:39	19.4	0.093	0.094	0.094	0.094	0.095	0.095	0.093	0.093	0.093	0.094	0.095	0.095	0.093	1.140	0.106	1.133	1.148	0.158	1.164	1.152	1.074	1.078	0.265	0.096	0.093	1.147	1.174	0.431	0.230	1.177	0.111	1.151	1.122	0.159	1.169	0.096	0.094	1.132	1.123	1.144	1.135	1.149	1.173	1.157	1.174	1.142	0.275	0.096	0.095	1.146	1.141	1.127	1.139	1.157	0.104	1.176	0.105	1.129	1.157	0.093	0.096	1.162	1.153	1.165	1.166	0.106	1.168	0.150	1.136	0.378	1.191	0.093	0.100	1.197	1.117	1.177	1.192	1.134	0.353	1.174	1.193	1.189	1.190	0.093	0.095	0.095	0.095	0.094	0.094	0.094	0.094	0.094	0.094	0.095	0.095	0.093
39:00:40	19.4	0.093	0.094	0.095	0.094	0.095	0.094	0.093	0.093	0.093	0.094	0.095	0.096	0.093	1.147	0.107	1.138	1.152	0.168	1.167	1.156	1.111	1.118	0.231	0.096	0.093	1.149	1.116	0.479	0.225	1.172	0.113	1.153	1.099	0.172	1.174	0.096	0.094	1.136	1.126	1.150	1.151	1.152	1.185	1.162	1.138	1.156	0.262	0.096	0.095	1.155	1.144	1.131	1.143	1.162	0.105	1.199	0.106	1.144	1.181	0.093	0.096	1.170	1.163	1.174	1.188	0.107	1.168	0.160	1.151	0.427	1.189	0.093	0.101	1.156	1.149	1.191	1.151	1.140	0.372	1.175	1.188	1.205	1.187	0.093	0.095	0.095	0.095	0.094	0.095	0.094	0.094	0.094	0.094	0.095	0.095	0.093
40:00:41	19.5	0.094	0.094	0.094	0.094	0.095	0.094	0.093	0.093	0.093	0.094	0.095	0.096	0.093	1.157	0.108	1.146	1.161	0.180	1.171	1.163	1.144	1.159	0.222	0.096	0.093	1.153	1.118	0.539	0.245	1.136	0.115	1.156	1.146	0.186	1.181	0.096	0.095	1.143	1.131	1.158	1.110	1.160	1.181	1.172	1.139	1.182	0.263	0.096	0.094	1.165	1.155	1.140	1.150	1.173	0.105	1.161	0.108	1.176	1.180	0.093	0.096	1.180	1.180	1.138	1.140	0.108	1.174	0.173	1.174	0.457	1.186	0.093	0.101	1.181	1.178	1.147	1.185	1.146	0.391	1.180	1.188	1.195	1.187	0.093	0.096	0.095	0.095	0.094	0.095	0.094	0.094	0.094	0.095	0.095	0.095	0.093
41:00:42	19.6	0.093	0.094	0.095	0.095	0.095	0.095	0.093	0.093	0.094	0.094	0.095	0.096	0.093	1.174	0.109	1.153	1.174	0.196	1.140	1.083	1.162	1.176	0.255	0.096	0.093	1.164	1.122	0.596	0.267	1.154	0.118	1.172	1.155	0.204	1.190	0.096	0.095	1.152	1.141	1.173	1.116	1.168	1.181	1.101	1.169	1.208	0.279	0.096	0.095	1.184	1.168	1.160	1.164	1.192	0.106	1.173	0.110	1.179	1.183	0.094	0.096	1.129	1.205	1.130	1.172	0.110	1.179	0.189	1.206	0.502	1.190	0.093	0.101	1.194	1.196	1.199	1.190	1.162	0.409	1.185	1.192	1.203	1.191	0.094	0.096	0.095	0.095	0.095	0.095	0.094	0.095	0.095	0.095	0.095	0.095	0.094
42:00:43	19.7	0.093	0.094	0.094	0.094	0.095	0.095	0.094	0.093	0.094	0.094	0.096	0.096	0.093	1.137	0.111	1.164	1.157	0.209	1.116	1.138	1.169	1.183	0.287	0.096	0.093	1.177	1.130	0.649	0.285	1.153	0.122	1.105	1.165	0.227	1.197	0.096	0.095	1.173	1.155	1.204	1.126	1.144	1.183	1.159	1.181	1.224	0.301	0.097	0.095	1.131	1.197	1.192	1.188	1.150	0.107	1.171	0.112	1.189	1.184	0.094	0.096	1.175	1.167	1.172	1.181	0.112	1.193	0.210	1.226	0.556	1.193	0.093	0.101	1.214	1.213	1.210	1.190	1.184	0.439	1.199	1.199	1.207	1.196	0.094	0.096	0.095	0.095	0.094	0.095	0.094	0.095	0.094	0.095	0.095	0.095	0.093
43:00:44	20.0	0.094	0.094	0.095	0.095	0.095	0.095	0.094	0.093	0.094	0.095	0.095	0.096	0.093	1.105	0.113	1.097	1.109	0.223	1.156	1.156	1.174	1.190	0.311	0.096	0.093	1.200	1.140	0.699	0.306	1.155	0.126	1.156	1.180	0.257	1.210	0.096	0.095	1.200	1.179	1.212	1.137	1.143	1.192	1.174	1.187	1.181	0.315	0.096	0.095	1.172	1.152	1.152	1.176	1.182	0.109	1.171	0.115	1.192	1.186	0.093	0.096	1.191	1.192	1.186	1.182	0.115	1.220	0.233	1.245	0.605	1.201	0.093	0.101	1.226	1.224	1.213	1.190	1.211	0.470	1.223	1.208	1.219	1.204	0.093	0.096	0.095	0.095	0.094	0.095	0.094	0.095	0.095	0.095	0.095	0.095	0.094
44:00:51	20.3	0.094	0.094	0.095	0.095	0.095	0.095	0.094	0.093	0.094	0.095	0.095	0.096	0.093	1.120	0.115	1.142	1.135	0.227	1.182	1.169	1.192	1.204	0.321	0.096	0.093	1.177	1.153	0.741	0.338	1.158	0.132	1.163	1.190	0.267	1.140	0.096	0.094	1.168	1.155	1.185	1.154	1.196	1.198	1.181	1.198	1.187	0.328	0.096	0.095	1.184	1.195	1.176	1.185	1.187	0.111	1.178	0.120	1.203	1.194	0.094	0.096	1.204	1.213	1.188	1.186	0.120	1.274	0.257	1.175	0.646	1.210	0.093	0.101	1.228	1.235	1.215	1.195	1.250	0.500	1.262	1.217	1.228	1.217	0.094	0.096	0.095	0.095	0.095	0.095	0.094	0.095	0.094	0.095	0.096	0.095	0.093
45:00:45	20.6	0.093	0.094	0.094	0.094	0.095	0.095	0.093	0.093	0.093	0.094	0.095	0.096	0.093	1.139	0.118	1.153	1.154	0.214	1.187	1.192	1.205	1.220	0.333	0.096	0.093	1.181	1.168	0.788	0.366	1.166	0.139	1.180	1.200	0.268	1.194	0.096	0.094	1.188	1.157	1.188	1.171	1.205	1.209	1.184	1.203	1.191	0.343	0.096	0.095	1.198	1.204	1.183	1.196	1.197	0.112	1.190	0.125	1.214	1.206	0.093	0.096	1.215	1.215	1.194	1.194	0.125	1.270	0.281	1.188	0.701	1.224	0.093	0.101	1.231	1.240	1.222	1.204	1.260	0.541	1.293	1.231	1.238	1.236	0.093	0.095	0.095	0.095	0.094	0.095	0.094	0.095	0.094	0.094	0.095	0.095	0.093
46:00:46	20.9	0.093	0.094	0.094	0.095	0.095	0.095	0.093	0.093	0.093	0.094	0.095	0.095	0.093	1.151	0.121	1.159	1.195	0.224	1.212	1.200	1.225	1.232	0.367	0.096	0.093	1.190	1.185	0.818	0.395	1.182	0.148	1.194	1.216	0.290	1.219	0.096	0.094	1.198	1.199	1.188	1.197	1.214	1.226	1.192	1.220	1.199	0.379	0.096	0.095	1.221	1.212	1.186	1.203	1.210	0.115	1.202	0.132	1.228	1.219	0.093	0.096	1.223	1.220	1.205	1.204	0.132	1.240	0.298	1.199	0.745	1.242	0.093	0.101	1.238	1.255	1.230	1.215	1.248	0.570	1.250	1.251	1.247	1.285	0.093	0.095	0.095	0.095	0.094	0.095	0.094	0.095	0.094	0.094	0.095	0.095	0.093
47:00:47	21.0	0.093	0.094	0.094	0.094	0.095	0.095	0.094	0.093	0.093	0.094	0.095	0.096	0.093	1.179	0.126	1.185	1.216	0.249	1.238	1.214	1.243	1.243	0.415	0.096	0.093	1.234	1.208	0.756	0.431	1.200	0.161	1.204	1.234	0.291	1.254	0.096	0.094	1.217	1.210	1.195	1.221	1.221	1.247	1.205	1.239	1.213	0.409	0.096	0.095	1.230	1.218	1.196	1.211	1.224	0.120	1.216	0.142	1.247	1.235	0.093	0.096	1.231	1.228	1.218	1.218	0.143	1.249	0.283	1.216	0.793	1.275	0.093	0.101	1.249	1.271	1.249	1.231	1.227	0.560	1.254	1.287	1.253	1.218	0.093	0.095	0.095	0.095	0.094	0.095	0.094	0.094	0.094	0.094	0.095	0.095	0.093
48:00:49	21.0	0.093	0.094	0.094	0.094	0.095	0.095	0.094	0.093	0.093	0.094	0.095	0.095	0.093	1.243	0.132	1.224	1.226	0.278	1.256	1.238	1.261	1.269	0.467	0.096	0.093	1.245	1.239	0.956	0.480	1.222	0.179	1.223	1.254	0.302	1.272	0.096	0.094	1.226	1.220	1.208	1.257	1.236	1.283	1.227	1.259	1.232	0.450	0.096	0.095	1.246	1.233	1.212	1.224	1.241	0.127	1.233	0.154	1.268	1.260	0.093	0.096	1.246	1.249	1.241	1.240	0.155	1.250	0.290	1.244	0.776	1.261	0.093	0.101	1.266	1.273	1.269	1.250	1.218	0.545	1.258	1.245	1.261	1.277	0.093	0.095	0.095	0.095	0.094	0.095	0.094	0.095	0.094	0.094	0.095	0.095	0.093
49:00:49	21.0	0.093	0.094	0.094	0.095	0.095	0.095	0.094	0.093	0.093	0.094	0.095	0.096	0.093	1.266	0.141	1.242	1.242	0.312	1.271	1.252	1.280	1.287	0.518	0.096	0.093	1.259	1.278	0.996	0.542	1.244	0.206	1.242	1.272	0.313	1.284	0.096	0.094	1.246	1.234	1.228	1.286	1.256	1.322	1.245	1.277	1.251	0.500	0.096	0.095	1.262	1.250	1.229	1.242	1.256	0.136	1.251	0.172	1.290	1.307	0.093	0.096	1.264	1.271	1.263	1.258	0.173	1.257	0.266	1.275	0.962	1.260	0.093	0.101	1.285	1.236	1.291	1.273	1.236	0.625	1.262	1.312	1.279	1.298	0.094	0.095	0.095	0.095	0.094	0.095	0.094	0.095	0.094	0.094	0.095	0.095	0.093
50:00:50	20.9	0.093	0.094	0.095	0.095	0.095	0.095	0.093	0.093	0.093	0.094	0.095	0.096	0.093	1.287	0.153	1.261	1.264	0.345	1.291	1.267	1.307	1.305	0.539	0.096	0.093	1.283	1.331	0.992	0.579	1.281	0.243	1.264	1.296	0.329	1.296	0.096	0.094	1.273	1.257	1.252	1.256	1.279	1.293	1.266	1.301	1.278	0.528	0.096	0.095	1.286	1.279	1.253	1.265	1.277	0.148	1.279	0.195	1.317	1.265	0.093	0.096	1.288	1.296	1.297	1.284	0.202	1.272	0.299	1.316	0.993	1.324	0.093	0.101	1.284	1.225	1.320	1.318	1.261	0.749	1.281	1.337	1.293	1.335	0.093	0.096	0.095	0.095	0.094	0.095	0.094	0.095	0.094	0.095	0.096	0.095	0.093
51:00:51	20.6	0.093	0.094	0.094	0.094	0.095	0.094	0.093	0.093	0.093	0.094	0.095	0.096	0.093	1.306	0.169	1.277	1.283	0.385	1.307	1.286	1.329	1.191	0.600	0.096	0.093	1.307	1.317	0.993	0.626	1.314	0.253	1.279	1.321	0.360	1.308	0.096	0.094	1.293	1.277	1.274	1.253	1.296	1.327	1.287	1.325	1.308	0.585	0.096	0.095	1.309	1.299	1.274	1.283	1.297	0.162	1.304	0.224	1.349	1.309	0.093	0.096	1.313	1.317	1.326	1.310	0.241	1.291	0.316	1.351	0.999	1.346	0.093	0.101	1.367	1.276	1.349	1.347	1.296	0.837	1.298	1.344	1.308	1.344	0.093	0.096	0.095	0.095	0.094	0.095	0.094	0.095	0.094	0.095	0.095	0.095	0.093
52:00:52	20.3	0.094	0.094	0.095	0.094	0.095	0.094	0.093	0.093	0.093	0.094	0.095	0.096	0.093	1.313	0.189	1.288	1.295	0.422	1.325	1.303	1.216	1.259	0.635	0.096	0.093	1.320	1.335	0.996	0.651	1.351	0.267	1.293	1.340	0.397	1.322	0.096	0.095	1.302	1.290	1.290	1.267	1.313	1.337	1.304	1.347	1.335	0.619	0.096	0.095	1.325	1.310	1.289	1.298	1.311	0.186	1.330	0.263	1.271	1.330	0.093	0.096	1.331	1.330	1.349	1.334	0.276	1.307	0.334	1.371	0.995	1.349	0.093	0.101	1.377	1.301	1.368	1.385	1.323	0.884	1.313	1.347	1.326	1.350	0.093	0.095	0.095	0.095	0.094	0.095	0.094	0.095	0.095	0.094	0.095	0.095	0.093
53:00:54	20.1	0.093	0.094	0.094	0.094	0.095	0.094	0.093	0.093	0.093	0.094	0.095	0.096	0.093	1.327	0.213	1.302	1.311	0.460	1.343	1.319	1.258	1.275	0.678	0.096	0.093	1.332	1.298	1.000	0.684	1.261	0.305	1.309	1.252	0.438	1.337	0.096	0.095	1.313	1.302	1.304	1.280	1.326	1.345	1.320	1.370	1.373	0.658	0.096	0.095	1.339	1.322	1.303	1.311	1.325	0.215	1.357	0.277	1.299	1.339	0.093	0.096	1.345	1.345	1.370	1.359	0.290	1.324	0.360	1.392	0.991	1.356	0.093	0.101	1.320	1.323	1.388	1.339	1.349	0.918	1.329	1.351	1.334	1.355	0.094	0.096	0.095	0.095	0.094	0.095	0.094	0.095	0.095	0.095	0.095	0.095	0.093
54:00:54	20.0	0.093	0.094	0.095	0.094	0.095	0.095	0.094	0.093	0.093	0.094	0.095	0.096	0.093	1.345	0.222	1.313	1.328	0.505	1.360	1.335	1.296	1.308	0.718	0.096	0.093	1.341	1.300	1.004	0.715	1.292	0.305	1.328	1.307	0.486	1.356	0.096	0.095	1.324	1.314	1.319	1.294	1.343	1.350	1.337	1.292	1.365	0.689	0.096	0.095	1.356	1.333	1.318	1.325	1.341	0.247	1.315	0.280	1.350	1.344	0.093	0.096	1.364	1.360	1.382	1.348	0.294	1.343	0.392	1.360	0.998	1.363	0.093	0.101	1.357	1.350	1.328	1.360	1.380	0.943	1.348	1.357	1.351	1.364	0.093	0.095	0.095	0.095	0.094	0.095	0.094	0.095	0.094	0.095	0.095	0.095	0.093
55:00:53	19.8	0.093	0.094	0.094	0.094	0.095	0.095	0.094	0.093	0.093	0.094	0.095	0.096	0.093	1.365	0.218	1.325	1.346	0.547	1.375	1.350	1.302	1.341	0.760	0.096	0.093	1.352	1.309	1.011	0.783	1.318	0.306	1.344	1.337	0.531	1.374	0.096	0.094	1.335	1.327	1.335	1.308	1.360	1.356	1.356	1.317	1.392	0.743	0.096	0.095	1.375	1.347	1.335	1.340	1.357	0.265	1.340	0.286	1.351	1.358	0.093	0.096	1.385	1.377	1.306	1.335	0.315	1.366	0.426	1.328	1.001	1.372	0.093	0.101	1.369	1.372	1.354	1.362	1.409	0.962	1.370	1.367	1.369	1.376	0.093	0.096	0.095	0.095	0.094	0.095	0.094	0.095	0.094	0.094	0.096	0.095	0.093
56:00:55	19.6	0.093	0.094	0.094	0.094	0.095	0.095	0.094	0.093	0.093	0.094	0.095	0.096	0.093	1.380	0.233	1.341	1.370	0.573	1.248	1.325	1.327	1.354	0.806	0.096	0.093	1.365	1.317	1.019	0.834	1.331	0.318	1.362	1.344	0.564	1.394	0.096	0.094	1.350	1.339	1.353	1.322	1.377	1.365	1.382	1.347	1.405	0.808	0.096	0.095	1.309	1.364	1.354	1.355	1.380	0.267	1.353	0.275	1.369	1.369	0.093	0.096	1.318	1.402	1.327	1.366	0.343	1.393	0.468	1.342	1.009	1.382	0.093	0.101	1.383	1.385	1.381	1.370	1.423	0.980	1.399	1.378	1.380	1.388	0.093	0.095	0.095	0.095	0.094	0.095	0.094	0.095	0.094	0.094	0.095	0.095	0.093
57:00:57	19.5	0.093	0.094	0.094	0.094	0.095	0.095	0.093	0.093	0.093	0.094	0.095	0.096	0.093	1.308	0.257	1.357	1.273	0.582	1.276	1.289	1.343	1.367	0.884	0.096	0.093	1.381	1.327	1.027	0.887	1.340	0.334	1.383	1.358	0.599	1.417	0.096	0.094	1.365	1.353	1.374	1.337	1.396	1.375	1.337	1.361	1.358	0.856	0.096	0.095	1.313	1.381	1.380	1.373	1.402	0.269	1.358	0.284	1.373	1.378	0.093	0.096	1.345	1.341	1.346	1.377	0.337	1.425	0.514	1.355	1.019	1.395	0.093	0.101	1.396	1.399	1.390	1.378	1.429	0.997	1.407	1.390	1.387	1.402	0.093	0.096	0.095	0.095	0.094	0.095	0.094	0.095	0.094	0.094	0.095	0.095	0.093
58:00:58	19.4	0.093	0.094	0.094	0.094	0.095	0.095	0.093	0.093	0.093	0.094	0.095	0.095	0.093	1.300	0.268	1.368	1.285	0.630	1.303	1.330	1.358	1.378	0.909	0.096	0.093	1.401	1.339	1.036	0.915	1.349	0.359	1.290	1.369	0.646	1.313	0.096	0.094	1.364	1.367	1.397	1.355	1.288	1.386	1.371	1.376	1.366	0.895	0.096	0.095	1.354	1.401	1.360	1.393	1.352	0.265	1.363	0.303	1.382	1.387	0.093	0.096	1.365	1.364	1.363	1.384	0.333	1.464	0.550	1.368	1.027	1.407	0.093	0.101	1.408	1.412	1.400	1.386	1.419	1.013	1.433	1.404	1.400	1.419	0.093	0.095	0.095	0.095	0.094	0.094	0.094	0.095	0.095	0.094	0.095	0.095	0.093
59:00:58	19.4	0.093	0.094	0.094	0.094	0.095	0.094	0.093	0.093	0.093	0.094	0.095	0.096	0.093	1.308	0.279	1.309	1.333	0.692	1.330	1.349	1.373	1.395	0.921	0.096	0.093	1.322	1.353	1.046	0.935	1.358	0.393	1.342	1.381	0.709	1.345	0.096	0.094	1.345	1.389	1.345	1.372	1.311	1.396	1.386	1.388	1.374	0.921	0.096	0.095	1.363	1.342	1.358	1.332	1.389	0.280	1.370	0.324	1.396	1.398	0.093	0.096	1.380	1.391	1.387	1.393	0.343	1.393	0.588	1.383	1.037	1.420	0.093	0.101	1.421	1.425	1.410	1.395	1.404	1.029	1.458	1.419	1.402	1.440	0.093	0.095	0.095	0.095	0.094	0.094	0.094	0.095	0.094	0.094	0.095	0.095	0.093
60:00:59	19.4	0.093	0.094	0.095	0.094	0.095	0.094	0.094	0.093	0.093	0.094	0.095	0.096	0.093	1.333	0.294	1.323	1.332	0.742	1.363	1.364	1.388	1.411	0.936	0.096	0.093	1.354	1.366	1.054	0.944	1.367	0.430	1.363	1.396	0.771	1.367	0.096	0.095	1.359	1.319	1.358	1.389	1.369	1.407	1.398	1.402	1.383	0.937	0.096	0.095	1.373	1.358	1.379	1.349	1.400	0.292	1.381	0.353	1.413	1.410	0.093	0.096	1.389	1.398	1.395	1.403	0.360	1.399	0.639	1.398	1.047	1.435	0.093	0.101	1.430	1.441	1.419	1.404	1.410	1.046	1.407	1.434	1.408	1.399	0.093	0.095	0.095	0.095	0.094	0.095	0.094	0.095	0.094	0.095	0.095	0.095	0.093
61:01:00	19.4	0.093	0.094	0.094	0.094	0.095	0.094	0.094	0.093	0.093	0.094	0.095	0.096	0.093	1.351	0.319	1.336	1.342	0.792	1.391	1.376	1.409	1.424	0.946	0.096	0.093	1.373	1.380	1.063	0.948	1.377	0.470	1.376	1.412	0.824	1.388	0.096	0.094	1.387	1.333	1.373	1.406	1.384	1.419	1.413	1.415	1.393	0.947	0.096	0.095	1.387	1.377	1.389	1.386	1.408	0.305	1.395	0.387	1.426	1.425	0.093	0.096	1.407	1.410	1.404	1.414	0.385	1.413	0.694	1.417	1.060	1.451	0.093	0.101	1.441	1.454	1.429	1.415	1.421	1.064	1.427	1.449	1.420	1.391	0.093	0.095	0.095	0.095	0.094	0.095	0.094	0.095	0.094	0.094	0.095	0.095	0.093
62:01:01	19.4	0.093	0.094	0.094	0.094	0.095	0.095	0.093	0.093	0.093	0.094	0.095	0.096	0.093	1.362	0.346	1.356	1.358	0.859	1.406	1.399	1.420	1.436	0.955	0.096	0.093	1.384	1.394	1.072	0.954	1.388	0.510	1.393	1.422	0.877	1.404	0.096	0.094	1.397	1.355	1.391	1.421	1.403	1.434	1.424	1.427	1.404	0.957	0.096	0.095	1.408	1.404	1.398	1.404	1.420	0.319	1.408	0.419	1.437	1.438	0.093	0.096	1.422	1.429	1.414	1.425	0.419	1.425	0.769	1.436	1.075	1.465	0.093	0.100	1.452	1.471	1.439	1.425	1.419	1.076	1.431	1.463	1.419	1.394	0.093	0.095	0.095	0.095	0.094	0.094	0.094	0.095	0.094	0.094	0.095	0.095	0.093
63:01:02	19.4	0.093	0.094	0.095	0.094	0.095	0.095	0.093	0.093	0.093	0.094	0.095	0.096	0.093	1.376	0.378	1.365	1.388	0.911	1.422	1.413	1.430	1.446	0.963	0.096	0.093	1.397	1.412	1.083	0.965	1.401	0.545	1.409	1.432	0.902	1.420	0.096	0.094	1.406	1.381	1.405	1.441	1.422	1.450	1.431	1.439	1.416	0.968	0.096	0.095	1.425	1.422	1.413	1.416	1.433	0.341	1.419	0.453	1.447	1.449	0.093	0.096	1.435	1.442	1.425	1.436	0.452	1.434	0.842	1.461	1.087	1.481	0.093	0.101	1.463	1.484	1.452	1.437	1.433	1.091	1.437	1.480	1.433	1.400	0.093	0.096	0.095	0.095	0.094	0.095	0.094	0.095	0.095	0.095	0.095	0.095	0.093
64:01:03	19.5	0.093	0.094	0.094	0.094	0.095	0.094	0.093	0.093	0.093	0.094	0.095	0.096	0.093	1.385	0.412	1.373	1.410	0.935	1.437	1.422	1.440	1.454	0.976	0.096	0.093	1.410	1.429	1.090	0.972	1.414	0.594	1.419	1.440	0.919	1.432	0.096	0.095	1.423	1.400	1.414	1.456	1.432	1.465	1.441	1.447	1.425	0.980	0.096	0.095	1.435	1.432	1.423	1.424	1.444	0.368	1.429	0.503	1.456	1.459	0.093	0.096	1.447	1.450	1.433	1.446	0.488	1.441	0.895	1.482	1.103	1.435	0.093	0.101	1.471	1.487	1.461	1.443	1.443	1.107	1.444	1.496	1.446	1.407	0.093	0.095	0.095	0.095	0.094	0.095	0.094	0.095	0.094	0.095	0.095	0.095	0.093
65:01:03	19.7	0.093	0.094	0.094	0.094	0.095	0.095	0.093	0.093	0.093	0.094	0.095	0.096	0.093	1.398	0.440	1.386	1.425	0.945	1.454	1.426	1.447	1.462	0.986	0.096	0.093	1.422	1.445	1.101	0.978	1.425	0.634	1.426	1.446	0.922	1.442	0.096	0.094	1.428	1.418	1.423	1.470	1.440	1.478	1.445	1.454	1.433	0.990	0.096	0.095	1.443	1.438	1.429	1.431	1.451	0.400	1.436	0.549	1.464	1.468	0.093	0.096	1.454	1.456	1.443	1.452	0.532	1.446	0.915	1.498	1.115	1.435	0.093	0.101	1.477	1.497	1.468	1.451	1.452	1.119	1.449	1.510	1.455	1.434	0.093	0.095	0.095	0.095	0.094	0.095	0.094	0.095	0.095	0.094	0.095	0.095	0.093
66:01:07	20.1	0.093	0.094	0.094	0.094	0.095	0.094	0.093	0.093	0.093	0.094	0.095	0.096	0.093	1.411	0.481	1.412	1.434	0.957	1.459	1.434	1.454	1.468	0.997	0.096	0.093	1.434	1.458	1.107	0.983	1.432	0.684	1.432	1.453	0.928	1.456	0.096	0.094	1.434	1.426	1.428	1.465	1.446	1.490	1.449	1.460	1.440	1.002	0.096	0.095	1.452	1.445	1.435	1.436	1.458	0.432	1.444	0.590	1.471	1.479	0.093	0.096	1.460	1.464	1.449	1.459	0.571	1.451	0.921	1.505	1.123	1.445	0.093	0.101	1.483	1.504	1.474	1.456	1.461	1.132	1.455	1.444	1.462	1.449	0.093	0.095	0.095	0.095	0.094	0.095	0.094	0.095	0.094	0.094	0.095	0.095	0.093
67:01:07	20.5	0.093	0.094	0.095	0.095	0.095	0.095	0.094	0.093	0.093	0.094	0.095	0.096	0.093	1.425	0.521	1.431	1.440	0.964	1.466	1.439	1.461	1.476	1.011	0.096	0.093	1.445	1.472	1.116	0.996	1.440	0.733	1.437	1.457	0.929	1.468	0.096	0.094	1.440	1.430	1.434	1.426	1.452	1.500	1.452	1.464	1.447	1.017	0.096	0.095	1.458	1.449	1.440	1.442	1.462	0.468	1.449	0.641	1.478	1.490	0.093	0.096	1.465	1.466	1.454	1.464	0.615	1.456	0.928	1.515	1.130	1.455	0.093	0.101	1.488	1.510	1.480	1.464	1.468	1.142	1.460	1.443	1.469	1.464	0.093	0.095	0.095	0.095	0.094	0.095	0.094	0.095	0.094	0.094	0.095	0.095	0.093
68:01:17	21.0	0.093	0.094	0.094	0.094	0.095	0.095	0.093	0.093	0.093	0.094	0.095	0.096	0.093	1.438	0.564	1.439	1.446	0.971	1.473	1.444	1.466	1.486	1.028	0.096	0.093	1.455	1.485	1.127	1.009	1.448	0.809	1.442	1.460	0.932	1.477	0.096	0.094	1.448	1.435	1.440	1.424	1.456	1.512	1.454	1.469	1.453	1.033	0.096	0.095	1.464	1.452	1.445	1.448	1.467	0.524	1.455	0.711	1.484	1.507	0.093	0.096	1.470	1.473	1.459	1.470	0.679	1.461	0.929	1.521	1.142	1.465	0.093	0.101	1.496	1.517	1.488	1.469	1.479	1.154	1.466	1.459	1.476	1.482	0.093	0.095	0.095	0.095	0.094	0.095	0.093	0.095	0.094	0.094	0.095	0.095	0.093
69:01:09	21.4	0.093	0.094	0.094	0.094	0.095	0.095	0.093	0.093	0.093	0.094	0.095	0.096	0.093	1.452	0.632	1.445	1.451	0.988	1.481	1.450	1.478	1.500	1.052	0.096	0.093	1.460	1.497	1.138	1.020	1.456	0.874	1.445	1.467	0.942	1.487	0.096	0.094	1.456	1.439	1.444	1.427	1.460	1.524	1.458	1.475	1.460	1.051	0.096	0.094	1.472	1.458	1.449	1.453	1.472	0.572	1.465	0.789	1.495	1.530	0.093	0.096	1.476	1.478	1.465	1.479	0.748	1.467	0.938	1.532	1.155	1.468	0.093	0.101	1.507	1.524	1.496	1.480	1.493	1.166	1.476	1.468	1.487	1.499	0.093	0.095	0.095	0.095	0.094	0.095	0.094	0.095	0.094	0.094	0.095	0.095	0.093
70:01:09	22.0	0.093	0.094	0.094	0.094	0.095	0.094	0.093	0.093	0.093	0.094	0.095	0.096	0.093	1.467	0.679	1.455	1.461	0.997	1.492	1.462	1.489	1.515	1.063	0.096	0.093	1.466	1.510	1.153	1.034	1.467	0.893	1.451	1.474	0.954	1.497	0.096	0.094	1.460	1.442	1.446	1.426	1.465	1.538	1.462	1.481	1.474	1.062	0.096	0.094	1.478	1.460	1.452	1.456	1.479	0.617	1.476	0.852	1.509	1.554	0.093	0.096	1.481	1.482	1.468	1.483	0.808	1.474	0.945	1.541	1.169	1.476	0.093	0.101	1.520	1.534	1.503	1.494	1.506	1.173	1.483	1.485	1.494	1.511	0.093	0.096	0.095	0.095	0.094	0.094	0.094	0.095	0.094	0.094	0.095	0.095	0.093
71:01:10	22.4	0.093	0.094	0.095	0.094	0.095	0.095	0.093	0.093	0.093	0.094	0.095	0.095	0.092	1.488	0.760	1.464	1.470	1.010	1.502	1.470	1.498	1.525	1.074	0.095	0.093	1.474	1.521	1.163	1.044	1.479	0.902	1.459	1.483	0.965	1.506	0.096	0.094	1.466	1.443	1.450	1.425	1.468	1.548	1.470	1.490	1.486	1.078	0.096	0.094	1.485	1.461	1.454	1.458	1.486	0.674	1.488	0.902	1.517	1.503	0.093	0.096	1.488	1.487	1.471	1.494	0.876	1.482	0.953	1.544	1.179	1.483	0.093	0.101	1.536	1.542	1.512	1.504	1.517	1.179	1.491	1.498	1.502	1.524	0.093	0.095	0.095	0.095	0.094	0.094	0.093	0.095	0.094	0.094	0.095	0.094	0.093
72:01:11	22.5	0.093	0.094	0.094	0.094	0.095	0.095	0.093	0.093	0.093	0.094	0.095	0.096	0.093	1.504	0.838	1.474	1.482	1.026	1.511	1.480	1.511	1.538	1.090	0.096	0.093	1.485	1.533	1.174	1.061	1.491	0.915	1.468	1.491	0.985	1.517	0.096	0.094	1.474	1.448	1.454	1.427	1.474	1.490	1.478	1.499	1.500	1.091	0.096	0.095	1.495	1.465	1.459	1.463	1.494	0.756	1.498	0.918	1.526	1.451	0.093	0.096	1.499	1.497	1.482	1.501	0.919	1.490	0.966	1.512	1.191	1.510	0.093	0.101	1.557	1.518	1.524	1.522	1.541	1.190	1.502	1.510	1.504	1.539	0.093	0.096	0.095	0.095	0.094	0.094	0.094	0.094	0.094	0.094	0.095	0.095	0.093

