Time	T° 600	A1	A2	A3	A4	A5	A6	A7	A8	A9	A10	A11	A12	B1	B2	B3	B4	B5	B6	B7	B8	B9	B10	B11	B12	C1	C2	C3	C4	C5	C6	C7	C8	C9	C10	C11	C12	D1	D2	D3	D4	D5	D6	D7	D8	D9	D10	D11	D12	E1	E2	E3	E4	E5	E6	E7	E8	E9	E10	E11	E12	F1	F2	F3	F4	F5	F6	F7	F8	F9	F10	F11	F12	G1	G2	G3	G4	G5	G6	G7	G8	G9	G10	G11	G12	H1	H2	H3	H4	H5	H6	H7	H8	H9	H10	H11	H12
0:00:06	20.4	0.093	0.093	0.094	0.094	0.094	0.094	0.093	0.091	0.093	0.100	0.092	0.092	0.093	0.199	0.148	0.139	0.197	0.155	0.173	0.143	0.156	0.149	0.153	0.092	0.092	0.153	0.160	0.163	0.236	0.175	0.135	0.153	0.143	0.162	0.179	0.091	0.093	0.146	0.186	0.214	0.200	0.157	0.164	0.165	0.158	0.108	0.140	0.091	0.093	0.192	0.215	0.102	0.198	0.156	0.160	0.096	0.105	0.108	0.145	0.090	0.091	0.101	0.106	0.106	0.147	0.180	0.154	0.165	0.183	0.158	0.157	0.091	0.091	0.225	0.214	0.154	0.177	0.103	0.173	0.152	0.131	0.162	0.098	0.091	0.092	0.094	0.092	0.092	0.093	0.092	0.091	0.091	0.091	0.092	0.093	0.092
1:00:04	20.3	0.093	0.093	0.094	0.094	0.095	0.094	0.093	0.092	0.093	0.100	0.092	0.093	0.094	0.206	0.153	0.143	0.204	0.161	0.177	0.149	0.160	0.154	0.160	0.092	0.092	0.158	0.164	0.168	0.242	0.180	0.139	0.159	0.149	0.169	0.183	0.092	0.093	0.151	0.193	0.222	0.206	0.162	0.169	0.169	0.163	0.110	0.144	0.091	0.093	0.199	0.220	0.105	0.204	0.161	0.169	0.097	0.108	0.112	0.151	0.091	0.092	0.102	0.108	0.108	0.151	0.186	0.161	0.171	0.189	0.163	0.163	0.091	0.091	0.230	0.221	0.159	0.184	0.105	0.178	0.156	0.135	0.169	0.099	0.091	0.092	0.094	0.093	0.093	0.093	0.093	0.091	0.091	0.091	0.093	0.093	0.092
2:00:05	20.1	0.093	0.093	0.094	0.095	0.095	0.094	0.093	0.092	0.093	0.100	0.092	0.093	0.094	0.212	0.158	0.148	0.210	0.166	0.182	0.154	0.166	0.159	0.165	0.093	0.092	0.164	0.170	0.173	0.248	0.186	0.144	0.164	0.155	0.175	0.190	0.091	0.094	0.158	0.201	0.231	0.214	0.169	0.174	0.176	0.169	0.114	0.150	0.091	0.094	0.207	0.231	0.107	0.210	0.167	0.176	0.098	0.111	0.116	0.157	0.091	0.092	0.102	0.111	0.111	0.157	0.193	0.170	0.180	0.197	0.169	0.170	0.091	0.091	0.238	0.229	0.165	0.192	0.108	0.191	0.161	0.140	0.176	0.100	0.091	0.092	0.094	0.093	0.093	0.093	0.093	0.092	0.091	0.091	0.093	0.093	0.092
3:00:06	20.0	0.093	0.093	0.094	0.094	0.095	0.094	0.093	0.092	0.093	0.098	0.092	0.092	0.093	0.216	0.164	0.154	0.217	0.172	0.187	0.160	0.173	0.165	0.173	0.092	0.092	0.170	0.175	0.178	0.254	0.192	0.150	0.171	0.162	0.182	0.198	0.091	0.093	0.164	0.208	0.239	0.219	0.174	0.180	0.181	0.176	0.119	0.156	0.091	0.094	0.212	0.237	0.111	0.216	0.173	0.182	0.100	0.115	0.121	0.165	0.091	0.092	0.104	0.115	0.115	0.162	0.202	0.181	0.188	0.204	0.176	0.178	0.092	0.091	0.245	0.235	0.171	0.203	0.112	0.197	0.166	0.145	0.184	0.101	0.091	0.092	0.094	0.093	0.093	0.093	0.093	0.091	0.091	0.091	0.093	0.093	0.092
4:00:07	19.9	0.093	0.093	0.094	0.094	0.094	0.094	0.093	0.092	0.093	0.098	0.092	0.092	0.093	0.222	0.170	0.160	0.223	0.178	0.194	0.166	0.180	0.172	0.180	0.092	0.092	0.176	0.181	0.185	0.258	0.199	0.157	0.177	0.169	0.193	0.214	0.092	0.094	0.171	0.214	0.247	0.224	0.180	0.186	0.188	0.182	0.125	0.161	0.091	0.094	0.217	0.248	0.116	0.221	0.179	0.188	0.103	0.122	0.128	0.172	0.091	0.092	0.107	0.121	0.121	0.169	0.207	0.187	0.195	0.212	0.183	0.186	0.091	0.091	0.250	0.242	0.178	0.220	0.118	0.206	0.172	0.150	0.192	0.104	0.091	0.092	0.094	0.093	0.093	0.094	0.093	0.091	0.091	0.091	0.092	0.093	0.092
5:00:09	19.8	0.093	0.093	0.094	0.094	0.095	0.094	0.094	0.092	0.093	0.098	0.092	0.093	0.093	0.229	0.176	0.167	0.230	0.185	0.202	0.174	0.187	0.180	0.189	0.093	0.092	0.183	0.188	0.193	0.263	0.205	0.164	0.185	0.176	0.200	0.224	0.092	0.094	0.181	0.220	0.254	0.232	0.187	0.192	0.194	0.190	0.133	0.169	0.091	0.094	0.221	0.257	0.123	0.228	0.187	0.196	0.107	0.130	0.135	0.179	0.091	0.092	0.111	0.129	0.128	0.176	0.214	0.199	0.203	0.217	0.192	0.195	0.091	0.091	0.256	0.248	0.185	0.228	0.126	0.213	0.179	0.158	0.199	0.108	0.091	0.092	0.094	0.093	0.093	0.094	0.093	0.092	0.091	0.091	0.093	0.093	0.092
6:00:09	19.7	0.093	0.093	0.094	0.094	0.095	0.094	0.094	0.092	0.093	0.098	0.096	0.093	0.094	0.237	0.185	0.175	0.236	0.193	0.208	0.184	0.194	0.189	0.197	0.092	0.092	0.190	0.195	0.199	0.269	0.212	0.171	0.192	0.182	0.206	0.231	0.092	0.094	0.197	0.231	0.262	0.240	0.193	0.199	0.202	0.198	0.142	0.178	0.091	0.094	0.230	0.265	0.133	0.235	0.195	0.203	0.115	0.138	0.144	0.186	0.091	0.092	0.118	0.139	0.138	0.185	0.221	0.207	0.211	0.226	0.200	0.203	0.092	0.092	0.263	0.255	0.210	0.237	0.137	0.224	0.189	0.167	0.206	0.116	0.091	0.093	0.094	0.093	0.093	0.094	0.093	0.092	0.092	0.092	0.093	0.093	0.092
7:00:09	19.7	0.093	0.094	0.094	0.095	0.095	0.094	0.094	0.092	0.093	0.099	0.096	0.093	0.094	0.244	0.193	0.184	0.244	0.203	0.216	0.192	0.203	0.198	0.205	0.093	0.092	0.199	0.204	0.207	0.277	0.221	0.179	0.202	0.193	0.214	0.240	0.092	0.094	0.203	0.240	0.268	0.247	0.202	0.208	0.210	0.207	0.152	0.187	0.091	0.094	0.238	0.273	0.144	0.244	0.203	0.211	0.127	0.149	0.154	0.194	0.091	0.092	0.129	0.150	0.148	0.193	0.231	0.215	0.221	0.234	0.211	0.212	0.092	0.092	0.273	0.264	0.220	0.246	0.148	0.235	0.198	0.177	0.215	0.128	0.091	0.093	0.094	0.093	0.093	0.094	0.093	0.092	0.092	0.092	0.093	0.094	0.092
8:00:10	19.7	0.093	0.093	0.094	0.094	0.095	0.094	0.093	0.092	0.093	0.099	0.096	0.093	0.093	0.254	0.203	0.195	0.254	0.213	0.226	0.202	0.213	0.207	0.215	0.092	0.092	0.208	0.214	0.217	0.286	0.231	0.191	0.212	0.202	0.224	0.249	0.091	0.094	0.212	0.250	0.279	0.257	0.211	0.218	0.220	0.219	0.165	0.198	0.091	0.094	0.248	0.284	0.157	0.254	0.214	0.222	0.140	0.161	0.167	0.204	0.091	0.092	0.143	0.162	0.161	0.203	0.242	0.225	0.230	0.244	0.222	0.223	0.092	0.092	0.285	0.275	0.232	0.256	0.163	0.247	0.209	0.188	0.225	0.143	0.091	0.092	0.094	0.092	0.093	0.094	0.093	0.092	0.092	0.091	0.093	0.093	0.092
9:00:12	19.7	0.093	0.093	0.094	0.094	0.095	0.094	0.094	0.092	0.093	0.100	0.096	0.093	0.093	0.266	0.214	0.207	0.265	0.225	0.237	0.214	0.224	0.220	0.227	0.093	0.092	0.221	0.225	0.228	0.296	0.242	0.203	0.225	0.214	0.236	0.263	0.092	0.094	0.223	0.262	0.290	0.267	0.223	0.230	0.232	0.232	0.179	0.210	0.091	0.094	0.262	0.296	0.172	0.267	0.227	0.234	0.153	0.174	0.180	0.217	0.091	0.092	0.157	0.175	0.174	0.215	0.254	0.238	0.242	0.256	0.233	0.236	0.092	0.092	0.295	0.287	0.250	0.268	0.180	0.260	0.221	0.201	0.237	0.158	0.091	0.092	0.094	0.093	0.093	0.094	0.093	0.092	0.092	0.092	0.093	0.094	0.092
10:00:13	19.6	0.093	0.093	0.094	0.094	0.095	0.094	0.093	0.092	0.093	0.099	0.096	0.093	0.093	0.280	0.226	0.220	0.277	0.239	0.253	0.225	0.237	0.232	0.241	0.093	0.092	0.234	0.237	0.242	0.306	0.257	0.217	0.240	0.229	0.252	0.277	0.091	0.094	0.237	0.276	0.302	0.280	0.236	0.244	0.246	0.246	0.195	0.226	0.091	0.094	0.275	0.310	0.189	0.282	0.241	0.248	0.166	0.189	0.197	0.232	0.091	0.092	0.171	0.191	0.190	0.229	0.267	0.251	0.257	0.270	0.248	0.252	0.091	0.092	0.311	0.300	0.261	0.284	0.198	0.275	0.235	0.216	0.251	0.171	0.091	0.093	0.094	0.093	0.093	0.094	0.093	0.091	0.092	0.092	0.093	0.093	0.092
11:00:13	19.6	0.093	0.093	0.094	0.094	0.095	0.094	0.093	0.092	0.093	0.098	0.095	0.093	0.093	0.295	0.239	0.234	0.291	0.254	0.270	0.238	0.252	0.248	0.259	0.093	0.092	0.249	0.253	0.257	0.321	0.272	0.232	0.255	0.244	0.269	0.294	0.091	0.094	0.253	0.292	0.318	0.294	0.251	0.260	0.262	0.262	0.213	0.242	0.091	0.094	0.302	0.325	0.206	0.297	0.257	0.265	0.182	0.207	0.217	0.249	0.091	0.092	0.184	0.210	0.209	0.243	0.282	0.267	0.272	0.286	0.264	0.268	0.092	0.092	0.326	0.316	0.279	0.299	0.217	0.291	0.252	0.232	0.266	0.187	0.091	0.093	0.094	0.093	0.093	0.094	0.094	0.092	0.092	0.091	0.093	0.093	0.092
12:00:14	19.6	0.093	0.093	0.094	0.094	0.095	0.094	0.093	0.092	0.093	0.099	0.095	0.093	0.093	0.314	0.255	0.251	0.306	0.270	0.291	0.254	0.269	0.268	0.278	0.093	0.092	0.265	0.272	0.276	0.338	0.290	0.250	0.273	0.262	0.289	0.314	0.092	0.094	0.272	0.308	0.335	0.311	0.268	0.279	0.281	0.283	0.235	0.259	0.091	0.094	0.325	0.342	0.227	0.315	0.275	0.282	0.198	0.227	0.241	0.267	0.091	0.092	0.200	0.231	0.233	0.260	0.299	0.284	0.291	0.306	0.283	0.289	0.091	0.092	0.344	0.336	0.300	0.315	0.239	0.310	0.273	0.251	0.284	0.206	0.091	0.093	0.094	0.093	0.093	0.094	0.093	0.092	0.092	0.092	0.093	0.093	0.092
13:00:16	19.6	0.093	0.093	0.094	0.094	0.095	0.094	0.093	0.092	0.093	0.099	0.096	0.093	0.093	0.336	0.273	0.271	0.326	0.290	0.327	0.273	0.291	0.290	0.300	0.093	0.092	0.283	0.294	0.298	0.356	0.313	0.271	0.294	0.284	0.312	0.339	0.092	0.094	0.293	0.329	0.357	0.332	0.286	0.305	0.304	0.307	0.261	0.278	0.091	0.094	0.346	0.363	0.252	0.337	0.296	0.304	0.220	0.253	0.270	0.289	0.091	0.092	0.222	0.257	0.262	0.279	0.322	0.305	0.316	0.330	0.306	0.315	0.092	0.092	0.366	0.357	0.324	0.335	0.265	0.334	0.293	0.273	0.306	0.230	0.091	0.094	0.094	0.093	0.093	0.094	0.093	0.092	0.092	0.092	0.093	0.094	0.092
14:00:16	19.6	0.093	0.093	0.094	0.094	0.095	0.094	0.093	0.092	0.093	0.100	0.097	0.093	0.093	0.363	0.294	0.292	0.350	0.314	0.360	0.294	0.316	0.317	0.326	0.093	0.092	0.305	0.320	0.324	0.378	0.342	0.293	0.318	0.309	0.340	0.369	0.092	0.094	0.317	0.352	0.382	0.354	0.308	0.331	0.331	0.335	0.293	0.301	0.091	0.094	0.373	0.389	0.283	0.363	0.318	0.329	0.249	0.283	0.306	0.313	0.091	0.092	0.252	0.288	0.299	0.300	0.348	0.328	0.344	0.359	0.332	0.344	0.092	0.091	0.392	0.384	0.352	0.358	0.297	0.361	0.316	0.297	0.331	0.261	0.092	0.093	0.094	0.093	0.093	0.094	0.094	0.092	0.091	0.092	0.093	0.094	0.092
15:00:17	19.6	0.093	0.093	0.094	0.094	0.095	0.094	0.093	0.092	0.093	0.098	0.096	0.093	0.093	0.397	0.321	0.317	0.378	0.343	0.401	0.319	0.348	0.351	0.360	0.092	0.092	0.328	0.350	0.355	0.405	0.377	0.319	0.346	0.340	0.381	0.409	0.092	0.094	0.347	0.381	0.417	0.380	0.332	0.365	0.363	0.374	0.332	0.327	0.091	0.094	0.405	0.429	0.323	0.397	0.345	0.360	0.294	0.324	0.356	0.344	0.091	0.092	0.295	0.327	0.348	0.325	0.383	0.354	0.380	0.394	0.363	0.384	0.092	0.091	0.424	0.416	0.384	0.385	0.337	0.396	0.342	0.323	0.361	0.307	0.091	0.093	0.094	0.093	0.093	0.093	0.093	0.092	0.092	0.091	0.092	0.093	0.092
16:00:18	19.6	0.093	0.093	0.094	0.094	0.095	0.094	0.094	0.092	0.093	0.100	0.096	0.093	0.092	0.446	0.353	0.350	0.416	0.382	0.455	0.352	0.394	0.396	0.406	0.093	0.092	0.358	0.392	0.397	0.440	0.427	0.353	0.383	0.379	0.435	0.463	0.092	0.094	0.388	0.420	0.463	0.419	0.363	0.408	0.414	0.425	0.383	0.360	0.091	0.095	0.449	0.466	0.376	0.444	0.381	0.402	0.352	0.374	0.417	0.386	0.091	0.092	0.351	0.374	0.408	0.356	0.428	0.392	0.432	0.444	0.408	0.436	0.092	0.091	0.469	0.460	0.425	0.419	0.391	0.445	0.375	0.358	0.401	0.366	0.091	0.093	0.094	0.093	0.093	0.094	0.094	0.092	0.092	0.092	0.093	0.094	0.092
17:00:19	19.6	0.093	0.093	0.094	0.094	0.095	0.094	0.094	0.092	0.093	0.100	0.095	0.093	0.093	0.505	0.392	0.390	0.464	0.432	0.518	0.397	0.453	0.455	0.462	0.093	0.092	0.395	0.445	0.451	0.486	0.487	0.396	0.430	0.430	0.496	0.524	0.092	0.094	0.431	0.468	0.522	0.460	0.402	0.462	0.478	0.489	0.443	0.403	0.091	0.094	0.506	0.523	0.435	0.504	0.425	0.455	0.411	0.435	0.488	0.436	0.091	0.092	0.410	0.431	0.472	0.394	0.487	0.439	0.490	0.503	0.466	0.500	0.092	0.091	0.527	0.518	0.478	0.466	0.454	0.505	0.418	0.403	0.449	0.430	0.091	0.094	0.094	0.093	0.093	0.094	0.094	0.092	0.092	0.092	0.093	0.094	0.092
18:00:20	19.6	0.093	0.093	0.094	0.094	0.095	0.094	0.093	0.092	0.093	0.098	0.096	0.092	0.093	0.572	0.442	0.441	0.521	0.489	0.588	0.451	0.517	0.523	0.524	0.092	0.092	0.441	0.505	0.513	0.540	0.553	0.449	0.485	0.490	0.565	0.592	0.091	0.094	0.485	0.527	0.587	0.515	0.450	0.525	0.545	0.558	0.508	0.455	0.091	0.094	0.570	0.587	0.500	0.571	0.482	0.514	0.474	0.501	0.561	0.495	0.091	0.092	0.472	0.493	0.543	0.440	0.556	0.495	0.556	0.572	0.531	0.569	0.092	0.091	0.592	0.582	0.543	0.525	0.517	0.573	0.471	0.457	0.506	0.498	0.091	0.092	0.094	0.093	0.093	0.094	0.093	0.092	0.092	0.092	0.093	0.093	0.092
19:00:21	19.5	0.093	0.094	0.094	0.095	0.095	0.094	0.094	0.092	0.093	0.099	0.095	0.093	0.093	0.640	0.500	0.500	0.589	0.564	0.657	0.512	0.585	0.593	0.597	0.093	0.092	0.499	0.573	0.581	0.607	0.624	0.514	0.557	0.563	0.638	0.662	0.092	0.094	0.550	0.594	0.657	0.583	0.513	0.594	0.619	0.631	0.577	0.517	0.091	0.095	0.639	0.654	0.567	0.641	0.548	0.583	0.540	0.565	0.639	0.569	0.091	0.092	0.538	0.561	0.614	0.496	0.629	0.560	0.628	0.642	0.602	0.640	0.092	0.092	0.660	0.653	0.612	0.590	0.585	0.647	0.531	0.518	0.577	0.564	0.092	0.093	0.094	0.093	0.093	0.094	0.094	0.092	0.092	0.092	0.093	0.094	0.093
20:00:23	19.5	0.093	0.093	0.094	0.094	0.095	0.094	0.093	0.092	0.093	0.099	0.095	0.093	0.093	0.710	0.561	0.566	0.668	0.643	0.726	0.579	0.655	0.664	0.675	0.093	0.092	0.565	0.642	0.650	0.682	0.697	0.584	0.634	0.642	0.711	0.732	0.092	0.094	0.620	0.661	0.726	0.658	0.584	0.663	0.687	0.703	0.644	0.585	0.091	0.094	0.707	0.724	0.633	0.712	0.623	0.659	0.603	0.631	0.708	0.648	0.091	0.092	0.598	0.623	0.683	0.566	0.700	0.635	0.698	0.714	0.672	0.708	0.092	0.092	0.729	0.723	0.681	0.659	0.652	0.718	0.599	0.586	0.655	0.624	0.092	0.092	0.094	0.093	0.093	0.094	0.093	0.092	0.092	0.092	0.093	0.094	0.092
21:00:23	19.5	0.093	0.093	0.094	0.094	0.095	0.094	0.094	0.092	0.093	0.099	0.095	0.093	0.093	0.775	0.627	0.633	0.738	0.718	0.791	0.646	0.723	0.730	0.744	0.093	0.092	0.630	0.711	0.718	0.756	0.764	0.652	0.704	0.715	0.776	0.795	0.092	0.094	0.691	0.729	0.794	0.729	0.653	0.730	0.752	0.770	0.703	0.653	0.091	0.095	0.775	0.789	0.693	0.778	0.695	0.728	0.662	0.689	0.766	0.721	0.092	0.092	0.657	0.685	0.745	0.636	0.768	0.709	0.765	0.780	0.739	0.771	0.092	0.091	0.796	0.789	0.749	0.729	0.708	0.784	0.666	0.657	0.726	0.680	0.092	0.093	0.094	0.093	0.093	0.094	0.094	0.092	0.092	0.092	0.093	0.094	0.092
22:00:24	19.4	0.093	0.093	0.094	0.094	0.095	0.094	0.093	0.092	0.093	0.100	0.095	0.093	0.093	0.834	0.694	0.701	0.800	0.782	0.849	0.710	0.786	0.793	0.801	0.093	0.092	0.697	0.775	0.781	0.816	0.825	0.718	0.767	0.778	0.834	0.850	0.092	0.094	0.754	0.791	0.851	0.793	0.721	0.791	0.812	0.827	0.758	0.719	0.091	0.094	0.838	0.850	0.748	0.838	0.761	0.788	0.713	0.743	0.817	0.782	0.091	0.092	0.712	0.738	0.800	0.704	0.826	0.773	0.824	0.837	0.799	0.827	0.092	0.091	0.855	0.851	0.812	0.792	0.760	0.839	0.728	0.720	0.788	0.733	0.091	0.093	0.094	0.093	0.093	0.094	0.094	0.092	0.092	0.092	0.093	0.093	0.092
23:00:25	19.4	0.093	0.093	0.094	0.094	0.095	0.094	0.094	0.092	0.093	0.100	0.095	0.093	0.093	0.879	0.754	0.762	0.847	0.831	0.889	0.769	0.842	0.845	0.841	0.093	0.092	0.758	0.830	0.836	0.864	0.871	0.778	0.821	0.831	0.879	0.892	0.092	0.093	0.811	0.846	0.897	0.841	0.777	0.843	0.860	0.873	0.808	0.776	0.091	0.094	0.888	0.900	0.799	0.883	0.815	0.840	0.766	0.789	0.862	0.832	0.091	0.092	0.761	0.787	0.852	0.767	0.875	0.827	0.869	0.882	0.852	0.867	0.092	0.091	0.901	0.905	0.866	0.848	0.808	0.883	0.786	0.779	0.837	0.778	0.091	0.092	0.094	0.093	0.093	0.094	0.093	0.092	0.092	0.092	0.093	0.094	0.092
24:00:25	19.3	0.093	0.093	0.094	0.095	0.095	0.094	0.094	0.092	0.093	0.099	0.096	0.093	0.093	0.915	0.809	0.811	0.883	0.867	0.922	0.819	0.883	0.885	0.872	0.093	0.092	0.812	0.875	0.878	0.899	0.905	0.828	0.860	0.868	0.916	0.924	0.092	0.094	0.857	0.886	0.932	0.878	0.828	0.884	0.896	0.907	0.852	0.823	0.091	0.095	0.929	0.942	0.843	0.916	0.859	0.875	0.813	0.833	0.898	0.867	0.091	0.092	0.809	0.833	0.894	0.821	0.909	0.868	0.904	0.918	0.892	0.898	0.092	0.092	0.936	0.946	0.909	0.891	0.846	0.915	0.836	0.828	0.874	0.820	0.092	0.092	0.094	0.093	0.093	0.094	0.094	0.092	0.092	0.092	0.093	0.094	0.093
25:00:27	19.3	0.093	0.093	0.094	0.094	0.095	0.094	0.094	0.092	0.093	0.100	0.096	0.093	0.093	0.944	0.852	0.851	0.908	0.894	0.949	0.858	0.916	0.916	0.894	0.093	0.092	0.857	0.912	0.913	0.927	0.934	0.867	0.890	0.897	0.943	0.951	0.092	0.094	0.891	0.916	0.959	0.907	0.865	0.918	0.924	0.936	0.885	0.860	0.091	0.095	0.960	0.974	0.881	0.944	0.890	0.905	0.853	0.870	0.932	0.894	0.091	0.092	0.851	0.873	0.931	0.863	0.939	0.896	0.930	0.944	0.922	0.923	0.092	0.092	0.965	0.976	0.944	0.923	0.881	0.938	0.873	0.867	0.903	0.855	0.092	0.093	0.094	0.093	0.093	0.094	0.094	0.092	0.092	0.092	0.093	0.094	0.093
26:00:28	19.3	0.093	0.093	0.094	0.094	0.095	0.094	0.094	0.092	0.093	0.099	0.096	0.093	0.093	0.969	0.886	0.884	0.930	0.916	0.970	0.887	0.943	0.942	0.914	0.093	0.092	0.890	0.941	0.940	0.948	0.957	0.898	0.914	0.918	0.966	0.972	0.092	0.093	0.918	0.940	0.982	0.930	0.896	0.943	0.950	0.960	0.914	0.890	0.091	0.095	0.986	1.001	0.911	0.968	0.917	0.928	0.885	0.901	0.961	0.916	0.092	0.092	0.888	0.906	0.964	0.894	0.963	0.921	0.954	0.967	0.946	0.944	0.092	0.092	0.987	1.002	0.972	0.949	0.908	0.962	0.901	0.896	0.924	0.889	0.092	0.092	0.094	0.093	0.093	0.094	0.094	0.092	0.092	0.092	0.093	0.094	0.092
27:00:28	19.3	0.093	0.093	0.094	0.095	0.095	0.094	0.094	0.092	0.093	0.100	0.096	0.093	0.093	0.989	0.913	0.909	0.946	0.933	0.988	0.909	0.968	0.964	0.929	0.093	0.092	0.917	0.965	0.963	0.964	0.974	0.923	0.933	0.938	0.985	0.992	0.092	0.094	0.939	0.960	1.000	0.947	0.919	0.966	0.970	0.981	0.938	0.912	0.091	0.095	1.007	1.022	0.936	0.985	0.937	0.946	0.912	0.925	0.987	0.935	0.091	0.092	0.919	0.933	0.991	0.918	0.983	0.939	0.975	0.987	0.968	0.963	0.092	0.092	1.008	1.023	0.996	0.969	0.931	0.980	0.925	0.920	0.942	0.916	0.092	0.093	0.094	0.093	0.093	0.094	0.093	0.092	0.092	0.092	0.093	0.094	0.092
28:00:29	19.3	0.093	0.093	0.094	0.094	0.095	0.094	0.093	0.092	0.093	0.101	0.092	0.093	0.093	1.006	0.934	0.931	0.961	0.949	1.006	0.931	0.988	0.983	0.943	0.093	0.092	0.940	0.986	0.982	0.981	0.993	0.943	0.950	0.953	1.003	1.010	0.092	0.093	0.956	0.977	1.017	0.963	0.939	0.986	0.989	0.998	0.959	0.933	0.091	0.094	1.024	1.041	0.958	1.003	0.955	0.962	0.936	0.945	1.009	0.950	0.091	0.092	0.942	0.955	1.013	0.940	1.002	0.955	0.992	1.005	0.988	0.979	0.092	0.091	1.023	1.042	1.018	0.985	0.952	0.998	0.946	0.943	0.959	0.938	0.091	0.092	0.094	0.093	0.093	0.094	0.093	0.092	0.092	0.092	0.093	0.094	0.092
29:00:30	19.3	0.093	0.094	0.094	0.094	0.095	0.094	0.094	0.092	0.093	0.101	0.093	0.093	0.093	1.023	0.952	0.948	0.974	0.964	1.020	0.948	1.007	1.003	0.954	0.093	0.092	0.959	1.006	1.001	0.993	1.007	0.961	0.965	0.966	1.022	1.022	0.092	0.094	0.970	0.991	1.035	0.977	0.957	1.002	1.007	1.015	0.977	0.950	0.091	0.094	1.041	1.059	0.975	1.021	0.971	0.976	0.953	0.962	1.021	0.963	0.091	0.092	0.960	0.972	1.027	0.959	1.019	0.970	1.009	1.019	1.003	0.995	0.092	0.092	1.040	1.059	1.038	0.996	0.969	1.013	0.964	0.960	0.971	0.953	0.092	0.092	0.094	0.093	0.093	0.094	0.094	0.092	0.092	0.092	0.093	0.094	0.092
30:00:31	19.3	0.093	0.093	0.094	0.094	0.095	0.094	0.094	0.092	0.093	0.100	0.093	0.093	0.093	1.037	0.967	0.963	0.982	0.974	1.036	0.961	1.025	1.019	0.964	0.093	0.092	0.973	1.022	1.019	1.003	1.023	0.973	0.978	0.978	1.037	1.036	0.092	0.094	0.981	1.002	1.050	0.987	0.971	1.018	1.021	1.030	0.991	0.964	0.091	0.094	1.053	1.071	0.988	1.035	0.984	0.985	0.964	0.976	1.034	0.971	0.091	0.092	0.973	0.986	1.038	0.976	1.035	0.981	1.023	1.032	1.020	1.011	0.092	0.092	1.053	1.074	1.055	1.005	0.983	1.029	0.980	0.972	0.981	0.964	0.092	0.092	0.094	0.093	0.093	0.094	0.094	0.092	0.092	0.092	0.093	0.094	0.093
31:00:31	19.2	0.093	0.093	0.094	0.095	0.095	0.094	0.094	0.092	0.093	0.101	0.093	0.093	0.093	1.052	0.980	0.975	0.989	0.983	1.050	0.972	1.038	1.032	0.973	0.093	0.092	0.986	1.038	1.034	1.010	1.039	0.987	0.987	0.987	1.054	1.047	0.092	0.093	0.993	1.008	1.065	0.993	0.983	1.035	1.038	1.045	0.999	0.975	0.091	0.094	1.067	1.082	1.000	1.048	0.989	0.993	0.972	0.987	1.041	0.979	0.092	0.092	0.983	0.996	1.049	0.991	1.050	0.989	1.037	1.045	1.038	1.023	0.092	0.092	1.069	1.088	1.070	1.016	0.993	1.047	0.991	0.983	0.988	0.974	0.092	0.092	0.094	0.093	0.093	0.094	0.094	0.092	0.092	0.092	0.093	0.094	0.092
32:00:33	19.3	0.093	0.093	0.094	0.094	0.095	0.094	0.093	0.092	0.093	0.102	0.093	0.093	0.093	1.059	0.991	0.984	0.995	0.989	1.057	0.982	1.048	1.040	0.980	0.093	0.092	0.996	1.046	1.042	1.015	1.050	0.997	0.995	0.995	1.061	1.057	0.092	0.093	1.001	1.013	1.073	0.996	0.990	1.043	1.046	1.054	1.004	0.983	0.091	0.094	1.077	1.092	1.006	1.060	0.994	0.999	0.979	0.995	1.048	0.987	0.091	0.092	0.991	1.002	1.055	1.001	1.061	0.994	1.046	1.053	1.046	1.031	0.092	0.092	1.079	1.100	1.076	1.025	0.998	1.058	0.999	0.991	0.996	0.982	0.091	0.092	0.094	0.093	0.093	0.093	0.095	0.092	0.092	0.092	0.093	0.094	0.092
33:00:34	19.3	0.093	0.093	0.094	0.095	0.095	0.094	0.094	0.092	0.093	0.102	0.093	0.093	0.092	1.065	1.002	0.992	1.000	0.994	1.061	0.990	1.054	1.047	0.984	0.093	0.092	1.006	1.054	1.051	1.016	1.059	1.007	1.002	1.000	1.064	1.059	0.092	0.093	1.009	1.018	1.078	0.997	0.997	1.052	1.050	1.060	1.005	0.988	0.091	0.094	1.083	1.099	1.011	1.066	0.998	1.003	0.984	1.000	1.055	0.993	0.091	0.092	0.998	1.009	1.061	1.009	1.067	0.998	1.051	1.060	1.053	1.034	0.092	0.092	1.086	1.107	1.078	1.035	1.001	1.064	1.005	0.998	1.003	0.988	0.091	0.093	0.094	0.093	0.093	0.094	0.094	0.092	0.092	0.092	0.093	0.094	0.092
34:00:35	19.3	0.093	0.093	0.094	0.094	0.095	0.094	0.093	0.092	0.093	0.102	0.093	0.093	0.093	1.069	1.009	0.998	1.002	0.995	1.061	0.995	1.059	1.050	0.985	0.093	0.092	1.014	1.060	1.055	1.019	1.062	1.014	1.005	1.004	1.066	1.062	0.092	0.093	1.012	1.022	1.080	1.000	1.001	1.058	1.053	1.063	1.006	0.994	0.091	0.094	1.086	1.103	1.015	1.068	1.003	1.006	0.986	1.002	1.058	0.994	0.091	0.092	1.002	1.012	1.067	1.015	1.072	1.002	1.055	1.065	1.057	1.037	0.092	0.092	1.089	1.111	1.081	1.041	1.001	1.067	1.007	1.002	1.007	0.991	0.092	0.092	0.094	0.093	0.093	0.094	0.094	0.092	0.092	0.092	0.093	0.093	0.093
35:00:36	19.3	0.093	0.094	0.094	0.094	0.095	0.094	0.093	0.092	0.093	0.103	0.093	0.093	0.093	1.073	1.012	1.000	1.000	0.993	1.062	0.996	1.061	1.053	0.984	0.093	0.092	1.019	1.064	1.057	1.022	1.064	1.017	1.006	1.003	1.067	1.061	0.092	0.093	1.012	1.025	1.082	1.003	1.004	1.061	1.054	1.066	1.004	0.996	0.091	0.094	1.088	1.105	1.015	1.068	1.005	1.004	0.988	1.002	1.059	0.995	0.091	0.092	1.004	1.016	1.071	1.019	1.074	1.005	1.056	1.066	1.059	1.038	0.092	0.091	1.091	1.115	1.084	1.044	1.001	1.069	1.007	1.003	1.008	0.994	0.091	0.092	0.094	0.093	0.093	0.093	0.094	0.092	0.092	0.092	0.093	0.094	0.092
36:00:36	19.3	0.093	0.093	0.094	0.094	0.095	0.094	0.093	0.092	0.093	0.103	0.093	0.093	0.092	1.074	1.011	0.997	0.994	0.985	1.057	0.992	1.061	1.053	0.981	0.093	0.092	1.019	1.067	1.057	1.020	1.065	1.017	1.001	0.999	1.064	1.060	0.092	0.093	1.011	1.024	1.080	1.003	1.006	1.063	1.055	1.063	1.001	0.998	0.091	0.094	1.090	1.109	1.015	1.068	1.009	1.001	0.986	0.998	1.061	0.992	0.091	0.092	1.000	1.017	1.074	1.019	1.073	1.002	1.056	1.067	1.060	1.041	0.092	0.091	1.091	1.116	1.087	1.043	1.000	1.070	1.008	1.003	1.006	0.994	0.091	0.092	0.094	0.093	0.093	0.093	0.094	0.092	0.092	0.092	0.093	0.093	0.093
37:00:37	19.3	0.093	0.093	0.094	0.095	0.095	0.094	0.094	0.092	0.093	0.105	0.093	0.093	0.092	1.073	1.010	0.994	0.989	0.980	1.055	0.989	1.062	1.053	0.974	0.093	0.092	1.017	1.068	1.057	1.015	1.062	1.014	0.996	0.993	1.061	1.059	0.092	0.094	1.007	1.017	1.077	1.000	1.002	1.064	1.051	1.061	0.996	0.994	0.091	0.094	1.090	1.107	1.011	1.065	1.003	0.996	0.983	0.996	1.060	0.985	0.092	0.092	1.000	1.014	1.075	1.016	1.074	0.997	1.055	1.066	1.060	1.041	0.092	0.092	1.092	1.116	1.088	1.040	0.995	1.070	1.003	1.002	1.002	0.994	0.092	0.093	0.094	0.093	0.093	0.094	0.094	0.092	0.092	0.092	0.093	0.094	0.093
38:00:38	19.3	0.093	0.094	0.094	0.095	0.095	0.095	0.094	0.092	0.094	0.107	0.093	0.093	0.093	1.073	1.004	0.989	0.982	0.969	1.049	0.982	1.060	1.051	0.969	0.093	0.092	1.014	1.066	1.054	1.009	1.059	1.010	0.989	0.988	1.057	1.056	0.092	0.094	1.003	1.012	1.074	0.993	0.999	1.063	1.048	1.055	0.989	0.991	0.091	0.094	1.089	1.109	1.006	1.062	1.000	0.990	0.979	0.990	1.058	0.979	0.091	0.092	0.996	1.011	1.074	1.012	1.072	0.993	1.052	1.065	1.058	1.039	0.092	0.092	1.091	1.113	1.089	1.035	0.990	1.070	1.000	0.998	0.998	0.992	0.092	0.093	0.094	0.093	0.094	0.094	0.094	0.092	0.092	0.092	0.093	0.094	0.093
39:00:40	19.3	0.093	0.093	0.094	0.095	0.095	0.094	0.094	0.092	0.093	0.109	0.093	0.093	0.091	1.069	0.998	0.982	0.975	0.959	1.042	0.974	1.054	1.047	0.959	0.093	0.092	1.008	1.063	1.049	0.998	1.055	1.000	0.980	0.977	1.052	1.053	0.092	0.093	0.999	1.006	1.068	0.985	0.991	1.060	1.043	1.050	0.981	0.985	0.091	0.094	1.088	1.107	0.998	1.057	0.992	0.981	0.974	0.983	1.054	0.971	0.091	0.092	0.996	1.004	1.069	1.005	1.068	0.984	1.046	1.060	1.055	1.036	0.092	0.092	1.089	1.110	1.087	1.028	0.982	1.066	0.995	0.992	0.990	0.986	0.091	0.092	0.094	0.093	0.093	0.094	0.094	0.092	0.092	0.092	0.093	0.094	0.093
40:00:40	19.3	0.093	0.093	0.094	0.094	0.095	0.094	0.094	0.092	0.093	0.109	0.093	0.094	0.091	1.065	0.990	0.976	0.968	0.955	1.036	0.967	1.051	1.043	0.952	0.093	0.092	1.000	1.059	1.043	0.991	1.051	0.992	0.972	0.969	1.046	1.046	0.092	0.093	0.991	0.995	1.062	0.978	0.980	1.055	1.039	1.046	0.971	0.978	0.091	0.094	1.085	1.103	0.988	1.052	0.982	0.975	0.968	0.973	1.047	0.965	0.091	0.092	0.993	0.995	1.063	0.997	1.064	0.973	1.042	1.057	1.052	1.034	0.092	0.092	1.085	1.107	1.084	1.024	0.974	1.062	0.987	0.988	0.986	0.984	0.091	0.093	0.094	0.093	0.093	0.094	0.094	0.092	0.092	0.092	0.093	0.094	0.092
41:00:41	19.3	0.093	0.094	0.094	0.095	0.095	0.094	0.094	0.092	0.094	0.112	0.093	0.094	0.092	1.060	0.982	0.969	0.958	0.947	1.032	0.959	1.046	1.038	0.941	0.093	0.092	0.993	1.053	1.036	0.982	1.045	0.983	0.962	0.960	1.038	1.041	0.092	0.093	0.985	0.988	1.055	0.971	0.971	1.051	1.034	1.040	0.961	0.970	0.091	0.094	1.081	1.097	0.977	1.046	0.975	0.966	0.964	0.964	1.041	0.957	0.092	0.092	0.989	0.986	1.055	0.990	1.059	0.968	1.037	1.049	1.047	1.028	0.092	0.092	1.083	1.105	1.079	1.013	0.965	1.061	0.981	0.980	0.981	0.978	0.092	0.093	0.094	0.093	0.093	0.094	0.094	0.092	0.092	0.092	0.093	0.094	0.093
42:00:43	19.3	0.093	0.094	0.094	0.094	0.095	0.094	0.094	0.092	0.093	0.111	0.093	0.094	0.092	1.055	0.974	0.962	0.954	0.935	1.025	0.952	1.042	1.033	0.936	0.093	0.092	0.985	1.046	1.030	0.971	1.037	0.975	0.954	0.957	1.032	1.037	0.092	0.093	0.977	0.979	1.048	0.970	0.963	1.045	1.030	1.033	0.951	0.961	0.091	0.094	1.076	1.092	0.967	1.042	0.969	0.960	0.957	0.955	1.034	0.951	0.091	0.092	0.985	0.975	1.048	0.980	1.053	0.960	1.031	1.046	1.041	1.025	0.092	0.092	1.076	1.101	1.076	1.006	0.958	1.058	0.975	0.973	0.974	0.972	0.092	0.092	0.094	0.093	0.093	0.094	0.094	0.092	0.092	0.092	0.093	0.094	0.093
43:00:44	19.2	0.093	0.093	0.095	0.094	0.095	0.095	0.094	0.092	0.094	0.114	0.093	0.093	0.092	1.050	0.967	0.956	0.950	0.929	1.021	0.946	1.036	1.027	0.936	0.093	0.092	0.978	1.040	1.023	0.968	1.032	0.967	0.953	0.953	1.027	1.035	0.092	0.093	0.968	0.972	1.042	0.957	0.954	1.039	1.024	1.027	0.942	0.956	0.091	0.094	1.072	1.082	0.957	1.036	0.963	0.951	0.951	0.945	1.027	0.945	0.092	0.092	0.977	0.966	1.037	0.973	1.051	0.958	1.027	1.042	1.036	1.021	0.092	0.092	1.072	1.097	1.072	0.999	0.949	1.053	0.971	0.967	0.971	0.967	0.092	0.092	0.094	0.093	0.093	0.094	0.094	0.092	0.092	0.092	0.093	0.094	0.093
44:00:44	19.2	0.093	0.094	0.094	0.095	0.095	0.095	0.094	0.093	0.094	0.115	0.094	0.094	0.092	1.046	0.961	0.950	0.943	0.929	1.016	0.941	1.032	1.021	0.935	0.094	0.093	0.973	1.034	1.016	0.968	1.028	0.961	0.949	0.940	1.022	1.030	0.092	0.093	0.964	0.966	1.034	0.951	0.947	1.033	1.019	1.021	0.935	0.953	0.092	0.094	1.067	1.075	0.949	1.032	0.957	0.950	0.947	0.939	1.018	0.944	0.092	0.092	0.973	0.958	1.028	0.966	1.046	0.954	1.022	1.037	1.030	1.018	0.092	0.092	1.071	1.093	1.065	0.994	0.942	1.052	0.965	0.961	0.968	0.963	0.092	0.093	0.094	0.093	0.093	0.094	0.093	0.092	0.092	0.092	0.093	0.094	0.093
45:00:43	19.1	0.093	0.094	0.094	0.094	0.095	0.094	0.094	0.093	0.093	0.117	0.093	0.094	0.091	1.041	0.957	0.948	0.943	0.925	1.013	0.939	1.028	1.016	0.938	0.093	0.092	0.970	1.027	1.009	0.962	1.022	0.955	0.944	0.940	1.018	1.027	0.092	0.093	0.955	0.962	1.027	0.946	0.941	1.025	1.013	1.015	0.928	0.951	0.091	0.094	1.064	1.067	0.941	1.029	0.954	0.945	0.943	0.930	1.010	0.943	0.092	0.092	0.968	0.950	1.018	0.962	1.038	0.948	1.019	1.032	1.027	1.014	0.092	0.091	1.062	1.087	1.060	0.986	0.936	1.048	0.962	0.961	0.957	0.959	0.092	0.093	0.094	0.093	0.093	0.094	0.094	0.092	0.092	0.092	0.093	0.094	0.093
46:00:45	19.2	0.093	0.094	0.094	0.095	0.095	0.095	0.094	0.092	0.094	0.123	0.094	0.093	0.092	1.038	0.954	0.944	0.946	0.927	1.009	0.936	1.026	1.013	0.942	0.093	0.092	0.965	1.019	1.004	0.960	1.017	0.951	0.943	0.939	1.011	1.025	0.092	0.094	0.954	0.961	1.021	0.944	0.937	1.019	1.009	1.012	0.924	0.946	0.092	0.094	1.061	1.059	0.934	1.025	0.953	0.937	0.940	0.925	1.001	0.945	0.092	0.092	0.965	0.945	1.010	0.957	1.035	0.949	1.015	1.029	1.022	1.011	0.092	0.092	1.059	1.086	1.055	0.984	0.932	1.046	0.959	0.964	0.960	0.957	0.092	0.092	0.094	0.093	0.093	0.094	0.094	0.092	0.092	0.092	0.093	0.094	0.093
47:00:46	19.2	0.093	0.093	0.094	0.094	0.095	0.094	0.093	0.092	0.093	0.119	0.093	0.094	0.092	1.032	0.951	0.943	0.948	0.931	1.006	0.936	1.023	1.008	0.944	0.093	0.092	0.962	1.013	0.997	0.959	1.012	0.948	0.942	0.939	1.005	1.026	0.092	0.095	0.955	0.959	1.011	0.943	0.935	1.012	1.004	1.009	0.919	0.945	0.091	0.092	1.057	1.054	0.928	1.020	0.953	0.942	0.937	0.921	0.992	0.948	0.091	0.092	0.963	0.942	1.000	0.953	1.032	0.950	1.013	1.027	1.018	1.009	0.092	0.091	1.059	1.080	1.051	0.986	0.932	1.042	0.959	0.965	0.964	0.956	0.091	0.092	0.094	0.093	0.093	0.094	0.093	0.092	0.092	0.092	0.093	0.093	0.092
48:00:47	19.2	0.093	0.093	0.094	0.094	0.095	0.094	0.094	0.092	0.093	0.122	0.093	0.094	0.091	1.031	0.953	0.942	0.949	0.933	1.001	0.937	1.019	1.007	0.947	0.093	0.092	0.961	1.007	0.994	0.960	1.012	0.948	0.940	0.940	1.002	1.026	0.092	0.094	0.955	0.962	1.006	0.945	0.936	1.008	1.001	1.004	0.916	0.953	0.091	0.093	1.055	1.048	0.924	1.015	0.965	0.946	0.936	0.917	0.983	0.950	0.091	0.092	0.962	0.940	0.990	0.953	1.028	0.950	1.009	1.026	1.013	1.009	0.092	0.091	1.051	1.075	1.046	0.985	0.930	1.042	0.963	0.967	0.968	0.957	0.092	0.092	0.094	0.093	0.093	0.094	0.094	0.092	0.092	0.092	0.093	0.094	0.092
49:00:48	19.1	0.093	0.093	0.094	0.095	0.095	0.094	0.093	0.092	0.094	0.123	0.094	0.093	0.091	1.027	0.955	0.944	0.951	0.935	1.003	0.940	1.016	1.003	0.953	0.093	0.092	0.964	1.002	0.990	0.960	1.011	0.949	0.935	0.943	1.003	1.029	0.092	0.093	0.960	0.962	0.998	0.946	0.938	1.001	0.997	1.002	0.914	0.938	0.091	0.094	1.054	1.046	0.921	1.014	0.960	0.943	0.935	0.914	0.974	0.953	0.091	0.092	0.963	0.939	0.981	0.952	1.023	0.952	1.009	1.029	1.012	1.011	0.092	0.091	1.052	1.072	1.043	0.986	0.932	1.042	0.966	0.966	0.973	0.957	0.091	0.092	0.094	0.093	0.093	0.094	0.094	0.092	0.092	0.092	0.093	0.094	0.092
50:00:50	19.1	0.093	0.093	0.095	0.095	0.095	0.094	0.094	0.092	0.094	0.126	0.094	0.094	0.091	1.023	0.956	0.948	0.955	0.939	1.005	0.948	1.015	1.003	0.959	0.093	0.092	0.966	0.998	0.986	0.963	1.010	0.951	0.949	0.942	1.000	1.032	0.092	0.094	0.964	0.964	0.995	0.948	0.955	0.997	0.998	1.001	0.914	0.949	0.091	0.094	1.057	1.043	0.919	1.011	0.956	0.944	0.933	0.913	0.966	0.957	0.092	0.092	0.964	0.940	0.976	0.953	1.011	0.954	1.010	1.015	1.012	1.017	0.092	0.092	1.053	1.073	1.042	0.988	0.935	1.037	0.969	0.975	0.979	0.959	0.092	0.093	0.094	0.093	0.094	0.094	0.094	0.092	0.092	0.092	0.093	0.094	0.093
51:00:50	19.1	0.093	0.093	0.094	0.095	0.095	0.094	0.094	0.092	0.094	0.131	0.093	0.093	0.091	1.024	0.956	0.954	0.962	0.946	1.015	0.949	1.014	1.001	0.968	0.093	0.092	0.968	0.995	0.983	0.967	1.007	0.961	0.943	0.945	0.996	1.035	0.092	0.094	0.964	0.968	0.991	0.950	0.935	0.992	0.989	0.999	0.917	0.952	0.091	0.093	1.055	1.042	0.917	1.010	0.957	0.946	0.933	0.912	0.960	0.962	0.091	0.092	0.965	0.941	0.971	0.960	1.014	0.960	1.009	1.021	1.012	1.019	0.092	0.092	1.057	1.081	1.040	0.991	0.936	1.040	0.976	0.968	0.985	0.963	0.092	0.093	0.094	0.093	0.093	0.094	0.093	0.092	0.092	0.092	0.093	0.094	0.092
52:00:50	19.2	0.093	0.093	0.094	0.094	0.095	0.094	0.094	0.092	0.094	0.136	0.093	0.093	0.091	1.032	0.957	0.962	0.968	0.950	1.012	0.955	1.012	0.999	0.972	0.093	0.092	0.966	0.992	0.981	0.970	1.006	0.949	0.942	0.947	0.997	1.039	0.092	0.093	0.968	0.971	0.991	0.954	0.941	0.987	0.983	0.987	0.916	0.953	0.091	0.094	1.058	1.040	0.917	1.011	0.957	0.946	0.933	0.910	0.954	0.967	0.091	0.092	0.967	0.944	0.966	0.950	1.022	0.962	1.010	1.024	1.013	1.022	0.092	0.092	1.065	1.084	1.043	0.996	0.938	1.042	0.973	0.982	0.990	0.969	0.092	0.093	0.094	0.093	0.093	0.094	0.094	0.092	0.092	0.092	0.093	0.093	0.093
53:00:52	19.2	0.093	0.093	0.094	0.095	0.095	0.094	0.094	0.092	0.094	0.140	0.094	0.094	0.091	1.035	0.963	0.953	0.973	0.955	1.013	0.974	1.012	0.998	0.978	0.093	0.092	0.965	0.990	0.981	0.973	1.004	0.951	0.944	0.949	0.999	1.041	0.092	0.094	0.972	0.973	0.996	0.957	0.943	0.983	0.986	0.989	0.917	0.955	0.091	0.093	1.065	1.039	0.920	1.007	0.958	0.948	0.934	0.910	0.948	0.972	0.091	0.092	0.970	0.946	0.962	0.956	1.015	0.965	1.012	1.024	1.011	1.026	0.092	0.092	1.074	1.083	1.047	1.001	0.942	1.042	0.977	0.982	0.996	0.977	0.092	0.092	0.094	0.093	0.093	0.094	0.094	0.092	0.092	0.092	0.093	0.094	0.093
54:00:53	19.2	0.093	0.094	0.094	0.095	0.095	0.094	0.094	0.092	0.093	0.148	0.093	0.094	0.091	1.042	0.993	0.967	0.977	0.958	1.012	0.973	1.011	1.000	0.982	0.093	0.092	0.975	0.986	0.978	0.974	1.001	0.951	0.943	0.950	0.999	1.043	0.092	0.093	0.975	0.975	0.998	0.957	0.942	0.980	0.988	0.995	0.919	0.957	0.091	0.094	1.062	1.038	0.920	1.005	0.957	0.949	0.937	0.906	0.944	0.974	0.091	0.092	0.974	0.950	0.959	0.954	1.012	0.967	1.009	1.022	1.003	1.027	0.092	0.092	1.079	1.085	1.049	1.005	0.945	1.041	0.977	0.982	1.000	0.983	0.092	0.093	0.094	0.093	0.093	0.094	0.094	0.092	0.092	0.092	0.093	0.094	0.093
55:00:54	19.2	0.093	0.093	0.094	0.094	0.095	0.094	0.094	0.092	0.094	0.155	0.093	0.093	0.091	1.041	0.991	0.978	0.978	0.962	1.010	0.972	1.013	1.000	0.985	0.093	0.092	0.970	0.986	0.975	0.975	0.998	0.948	0.943	0.949	1.002	1.040	0.092	0.094	0.977	0.975	0.994	0.957	0.941	0.973	0.987	0.987	0.924	0.960	0.091	0.092	1.063	1.035	0.926	1.002	0.956	0.950	0.939	0.905	0.940	0.976	0.091	0.092	0.977	0.953	0.957	0.954	1.009	0.968	1.006	1.020	1.012	1.024	0.092	0.092	1.083	1.086	1.049	1.008	0.943	1.038	0.976	0.981	1.005	0.991	0.092	0.092	0.094	0.093	0.093	0.093	0.094	0.092	0.092	0.092	0.093	0.094	0.092
56:00:54	19.3	0.093	0.094	0.094	0.095	0.095	0.094	0.094	0.092	0.094	0.164	0.094	0.094	0.091	1.043	0.990	0.979	0.980	0.964	1.009	0.971	1.010	0.999	0.987	0.093	0.092	0.974	0.987	0.972	0.977	0.993	0.947	0.942	0.948	1.002	1.038	0.092	0.094	0.980	0.977	0.990	0.957	0.941	0.968	0.983	0.983	0.932	0.961	0.092	0.094	1.063	1.033	0.931	0.998	0.956	0.951	0.944	0.912	0.939	0.979	0.091	0.092	0.984	0.958	0.958	0.953	1.004	0.971	1.001	1.016	1.013	1.021	0.092	0.092	1.083	1.085	1.045	1.010	0.939	1.034	0.974	0.981	1.008	0.997	0.092	0.093	0.094	0.093	0.093	0.094	0.094	0.092	0.092	0.092	0.093	0.094	0.093
57:00:56	19.3	0.093	0.094	0.094	0.095	0.095	0.094	0.094	0.092	0.093	0.174	0.094	0.093	0.091	1.042	0.988	0.977	0.983	0.965	1.006	0.968	1.007	0.987	0.986	0.093	0.092	0.975	0.990	0.967	0.975	0.988	0.945	0.941	0.946	0.999	1.035	0.092	0.094	0.981	0.977	0.985	0.956	0.940	0.971	0.979	0.978	0.943	0.962	0.091	0.093	1.063	1.031	0.935	0.992	0.955	0.950	0.948	0.916	0.939	0.980	0.091	0.092	0.989	0.960	0.959	0.952	0.998	0.969	0.996	1.010	1.008	1.015	0.092	0.092	1.083	1.085	1.043	1.013	0.947	1.029	0.973	0.979	1.011	1.004	0.092	0.093	0.094	0.093	0.093	0.094	0.094	0.092	0.092	0.092	0.093	0.094	0.092
58:00:56	19.3	0.093	0.094	0.094	0.095	0.095	0.094	0.094	0.092	0.094	0.184	0.093	0.094	0.091	1.043	0.986	0.975	0.982	0.966	1.005	0.968	0.995	0.997	0.986	0.093	0.093	0.978	0.990	0.971	0.975	0.984	0.944	0.941	0.944	0.996	1.032	0.092	0.094	0.982	0.976	0.982	0.956	0.939	0.964	0.974	0.974	0.931	0.964	0.091	0.094	1.060	1.026	0.940	0.987	0.954	0.950	0.960	0.929	0.944	0.982	0.092	0.092	0.996	0.968	0.964	0.953	0.993	0.968	0.990	1.005	1.003	1.010	0.092	0.092	1.082	1.083	1.045	1.015	0.951	1.023	0.973	0.977	1.011	1.011	0.092	0.093	0.094	0.094	0.093	0.094	0.094	0.093	0.092	0.092	0.093	0.094	0.093
59:00:56	19.3	0.093	0.093	0.094	0.095	0.095	0.095	0.094	0.092	0.095	0.194	0.095	0.095	0.091	1.040	0.984	0.974	0.982	0.969	1.004	0.965	1.016	0.995	0.986	0.093	0.092	0.979	0.995	0.982	0.974	0.979	0.945	0.942	0.944	0.993	1.027	0.092	0.094	0.984	0.975	0.979	0.954	0.939	0.963	0.970	0.971	0.948	0.966	0.091	0.093	1.053	1.024	0.945	0.982	0.953	0.951	0.964	0.934	0.950	0.981	0.091	0.092	1.004	0.977	0.970	0.951	0.988	0.969	0.983	1.001	1.000	1.005	0.092	0.091	1.080	1.081	1.061	1.016	0.957	1.018	0.974	0.976	1.014	1.018	0.092	0.093	0.094	0.093	0.093	0.094	0.093	0.092	0.092	0.092	0.093	0.094	0.093
60:00:58	19.3	0.093	0.094	0.094	0.094	0.095	0.094	0.094	0.092	0.094	0.202	0.094	0.093	0.091	1.038	0.983	0.972	0.980	0.970	1.000	0.963	1.011	0.997	0.985	0.093	0.092	0.981	0.993	0.980	0.974	0.976	0.945	0.944	0.943	0.992	1.023	0.092	0.094	0.985	0.975	0.977	0.953	0.939	0.964	0.968	0.969	0.950	0.966	0.091	0.094	1.050	1.021	0.951	0.979	0.955	0.950	0.968	0.945	0.961	0.982	0.092	0.092	1.012	0.990	0.980	0.954	0.985	0.969	0.980	0.997	0.997	0.998	0.092	0.092	1.078	1.077	1.056	1.018	0.958	1.013	0.974	0.977	1.015	1.023	0.092	0.092	0.094	0.093	0.093	0.094	0.094	0.092	0.092	0.092	0.093	0.093	0.093
61:00:59	19.3	0.093	0.094	0.094	0.095	0.095	0.094	0.094	0.092	0.095	0.213	0.093	0.094	0.091	1.035	0.982	0.971	0.981	0.971	0.998	0.964	1.012	0.997	0.987	0.094	0.092	0.983	0.992	0.983	0.974	0.974	0.947	0.946	0.944	0.991	1.018	0.092	0.094	0.987	0.974	0.977	0.953	0.941	0.966	0.968	0.969	0.955	0.967	0.091	0.093	1.049	1.021	0.958	0.978	0.956	0.954	0.975	0.949	0.973	0.985	0.092	0.092	1.022	0.999	0.989	0.956	0.986	0.971	0.978	0.997	0.994	0.995	0.092	0.092	1.076	1.073	1.058	1.021	0.961	1.009	0.977	0.979	1.019	1.030	0.092	0.093	0.094	0.094	0.093	0.094	0.094	0.092	0.092	0.092	0.093	0.094	0.093
62:01:01	19.3	0.093	0.094	0.094	0.095	0.095	0.094	0.094	0.092	0.095	0.222	0.094	0.094	0.091	1.032	0.983	0.973	0.981	0.974	0.999	0.966	1.011	0.998	0.987	0.093	0.092	0.986	0.995	0.985	0.978	0.975	0.949	0.949	0.948	0.991	1.017	0.092	0.094	0.990	0.975	0.979	0.956	0.942	0.969	0.971	0.971	0.960	0.969	0.092	0.094	1.049	1.024	0.963	0.976	0.958	0.956	0.980	0.951	0.985	0.986	0.092	0.092	1.029	1.004	1.001	0.964	0.988	0.972	0.977	0.997	0.994	0.993	0.092	0.092	1.070	1.070	1.059	1.027	0.964	1.009	0.980	0.981	1.021	1.035	0.092	0.094	0.094	0.094	0.094	0.094	0.094	0.092	0.092	0.092	0.093	0.094	0.093
63:01:01	19.4	0.093	0.093	0.094	0.095	0.095	0.094	0.094	0.092	0.095	0.233	0.094	0.094	0.091	1.034	0.984	0.977	0.982	0.976	1.000	0.968	1.011	0.999	0.991	0.093	0.092	0.986	0.999	0.986	0.979	0.976	0.950	0.953	0.949	0.992	1.017	0.092	0.093	0.992	0.977	0.981	0.957	0.943	0.971	0.971	0.972	0.962	0.970	0.091	0.094	1.047	1.025	0.965	0.976	0.962	0.958	0.988	0.953	1.000	0.991	0.091	0.092	1.036	1.006	1.011	0.967	0.990	0.973	0.977	0.996	0.996	0.994	0.092	0.092	1.066	1.068	1.059	1.030	0.967	1.009	0.983	0.985	1.024	1.044	0.092	0.093	0.094	0.094	0.093	0.094	0.094	0.092	0.092	0.092	0.093	0.094	0.093
64:01:02	19.5	0.093	0.093	0.094	0.094	0.095	0.094	0.094	0.092	0.095	0.245	0.094	0.093	0.091	1.033	0.987	0.980	0.985	0.979	1.001	0.971	1.011	1.002	0.994	0.093	0.092	0.989	1.002	0.988	0.980	0.977	0.953	0.958	0.951	0.995	1.018	0.092	0.095	0.996	0.978	0.983	0.958	0.945	0.975	0.973	0.975	0.966	0.975	0.091	0.092	1.047	1.027	0.971	0.977	0.964	0.962	0.994	0.957	1.012	0.994	0.091	0.092	1.041	1.008	1.025	0.971	0.992	0.976	0.978	0.998	1.000	0.996	0.092	0.092	1.064	1.069	1.062	1.032	0.973	1.012	0.988	0.991	1.030	1.050	0.092	0.093	0.094	0.093	0.093	0.094	0.095	0.092	0.092	0.092	0.093	0.094	0.093
65:01:02	19.6	0.093	0.093	0.094	0.094	0.095	0.094	0.094	0.092	0.094	0.256	0.094	0.094	0.091	1.035	0.988	0.985	0.988	0.981	1.003	0.976	1.010	1.004	1.000	0.093	0.092	0.991	1.006	0.992	0.980	0.979	0.956	0.961	0.953	0.996	1.019	0.092	0.093	1.000	0.980	0.986	0.959	0.947	0.978	0.974	0.977	0.968	0.979	0.091	0.093	1.049	1.029	0.978	0.978	0.967	0.964	0.999	0.961	1.025	1.000	0.092	0.092	1.048	1.011	1.034	0.974	0.997	0.978	0.981	1.000	1.001	0.999	0.092	0.091	1.063	1.070	1.064	1.036	0.979	1.016	0.993	0.995	1.035	1.056	0.092	0.092	0.094	0.093	0.093	0.094	0.093	0.092	0.092	0.092	0.093	0.094	0.092
66:01:03	19.7	0.093	0.094	0.094	0.095	0.095	0.094	0.094	0.092	0.094	0.266	0.095	0.093	0.091	1.039	0.992	0.985	0.992	0.985	1.007	0.980	1.013	1.009	1.006	0.093	0.092	0.997	1.012	0.999	0.981	0.982	0.960	0.965	0.957	0.999	1.023	0.092	0.094	1.006	0.983	0.989	0.960	0.948	0.988	0.977	0.983	0.973	0.984	0.092	0.092	1.052	1.033	0.982	0.981	0.971	0.967	1.003	0.967	1.038	1.005	0.092	0.092	1.054	1.014	1.048	0.977	1.000	0.981	0.984	1.002	1.005	1.003	0.092	0.092	1.066	1.071	1.069	1.040	0.988	1.022	0.998	1.000	1.041	1.063	0.092	0.093	0.094	0.094	0.093	0.094	0.094	0.092	0.092	0.092	0.093	0.094	0.093
67:01:04	19.8	0.093	0.093	0.094	0.094	0.095	0.094	0.094	0.092	0.095	0.280	0.094	0.093	0.091	1.043	0.995	0.990	0.993	0.987	1.009	0.986	1.017	1.013	1.012	0.093	0.092	1.000	1.016	1.002	0.982	0.984	0.962	0.969	0.957	1.002	1.027	0.092	0.093	1.010	0.986	0.992	0.961	0.951	0.991	0.979	0.983	0.979	0.987	0.091	0.094	1.055	1.035	0.989	0.982	0.972	0.966	1.007	0.975	1.051	1.008	0.091	0.092	1.059	1.017	1.058	0.981	1.005	0.985	0.987	1.004	1.009	1.006	0.092	0.092	1.069	1.075	1.072	1.042	0.996	1.026	1.006	1.008	1.047	1.065	0.092	0.092	0.094	0.093	0.093	0.094	0.093	0.092	0.092	0.092	0.093	0.094	0.093
68:01:05	19.8	0.093	0.093	0.094	0.094	0.095	0.094	0.094	0.092	0.094	0.285	0.093	0.093	0.091	1.049	0.999	0.994	0.997	0.989	1.010	0.991	1.022	1.019	1.019	0.093	0.092	1.004	1.020	1.007	0.980	0.987	0.965	0.972	0.960	1.005	1.030	0.092	0.094	1.013	0.989	0.996	0.959	0.953	0.995	0.981	0.988	0.984	0.992	0.091	0.092	1.062	1.038	0.995	0.986	0.975	0.966	1.010	0.979	1.061	1.014	0.091	0.092	1.064	1.022	1.070	0.983	1.009	0.984	0.991	1.008	1.014	1.015	0.092	0.091	1.072	1.081	1.075	1.046	1.004	1.033	1.013	1.013	1.052	1.068	0.091	0.092	0.094	0.093	0.093	0.093	0.093	0.092	0.092	0.092	0.093	0.093	0.092
69:01:06	19.9	0.093	0.094	0.094	0.095	0.095	0.094	0.094	0.092	0.094	0.297	0.094	0.095	0.091	1.055	1.004	1.000	1.000	0.994	1.013	0.996	1.029	1.026	1.027	0.094	0.092	1.011	1.027	1.013	0.982	0.992	0.967	0.976	0.962	1.009	1.036	0.092	0.094	1.021	0.991	1.002	0.960	0.956	1.001	0.987	0.991	0.991	0.998	0.091	0.093	1.068	1.040	1.001	0.989	0.979	0.968	1.014	0.987	1.067	1.020	0.091	0.092	1.071	1.029	1.081	0.989	1.015	0.990	0.997	1.014	1.020	1.021	0.092	0.092	1.082	1.090	1.076	1.049	1.012	1.040	1.022	1.022	1.059	1.072	0.092	0.093	0.094	0.094	0.093	0.094	0.094	0.092	0.092	0.092	0.093	0.094	0.093
70:01:07	19.9	0.093	0.094	0.094	0.095	0.095	0.094	0.094	0.092	0.095	0.302	0.094	0.094	0.091	1.061	1.009	1.005	1.004	0.996	1.017	1.002	1.034	1.034	1.032	0.093	0.092	1.014	1.035	1.018	0.981	0.994	0.971	0.979	0.964	1.014	1.041	0.092	0.093	1.027	0.994	1.004	0.959	0.958	1.005	0.989	0.994	0.997	1.005	0.091	0.094	1.075	1.043	1.005	0.993	0.981	0.970	1.017	0.991	1.068	1.026	0.092	0.092	1.077	1.036	1.090	0.994	1.019	0.989	1.002	1.019	1.026	1.030	0.092	0.092	1.088	1.096	1.081	1.052	1.020	1.049	1.029	1.030	1.063	1.077	0.092	0.093	0.094	0.094	0.093	0.094	0.094	0.092	0.092	0.092	0.093	0.094	0.093
71:01:08	20.0	0.093	0.094	0.094	0.094	0.095	0.094	0.093	0.092	0.095	0.310	0.094	0.093	0.091	1.070	1.015	1.011	1.008	1.000	1.021	1.007	1.041	1.043	1.036	0.093	0.092	1.020	1.042	1.021	0.978	0.998	0.974	0.982	0.968	1.019	1.046	0.092	0.093	1.033	0.996	1.006	0.959	0.961	1.009	0.993	0.997	1.003	1.012	0.091	0.094	1.079	1.049	1.009	0.997	0.982	0.970	1.021	0.997	1.070	1.029	0.092	0.092	1.085	1.043	1.097	0.997	1.025	0.988	1.006	1.023	1.031	1.037	0.092	0.092	1.094	1.100	1.088	1.053	1.030	1.054	1.036	1.036	1.067	1.084	0.092	0.093	0.094	0.093	0.093	0.094	0.093	0.092	0.092	0.092	0.093	0.094	0.093
72:01:10	20.0	0.093	0.094	0.094	0.094	0.095	0.094	0.094	0.092	0.095	0.316	0.093	0.093	0.091	1.076	1.021	1.016	1.008	1.000	1.027	1.012	1.047	1.048	1.049	0.093	0.092	1.026	1.047	1.024	0.978	1.001	0.976	0.984	0.969	1.023	1.053	0.092	0.093	1.039	0.996	1.009	0.958	0.963	1.013	0.998	1.001	1.008	1.019	0.091	0.094	1.087	1.052	1.015	1.001	0.983	0.970	1.024	1.003	1.075	1.034	0.091	0.092	1.093	1.050	1.103	1.001	1.031	0.988	1.013	1.030	1.039	1.046	0.092	0.092	1.102	1.106	1.098	1.056	1.039	1.059	1.046	1.043	1.070	1.091	0.092	0.093	0.094	0.093	0.093	0.094	0.093	0.092	0.092	0.092	0.093	0.094	0.093

