Time	T° 600	A1	A2	A3	A4	A5	A6	A7	A8	A9	A10	A11	A12	B1	B2	B3	B4	B5	B6	B7	B8	B9	B10	B11	B12	C1	C2	C3	C4	C5	C6	C7	C8	C9	C10	C11	C12	D1	D2	D3	D4	D5	D6	D7	D8	D9	D10	D11	D12	E1	E2	E3	E4	E5	E6	E7	E8	E9	E10	E11	E12	F1	F2	F3	F4	F5	F6	F7	F8	F9	F10	F11	F12	G1	G2	G3	G4	G5	G6	G7	G8	G9	G10	G11	G12	H1	H2	H3	H4	H5	H6	H7	H8	H9	H10	H11	H12
0:00:06	19.6	0.092	0.094	0.092	0.093	0.094	0.093	0.094	0.093	0.093	0.094	0.094	0.094	0.092	0.109	0.096	0.110	0.099	0.096	0.096	0.097	0.097	0.096	0.097	0.093	0.092	0.102	0.103	0.105	0.095	0.095	0.095	0.102	0.098	0.098	0.098	0.093	0.092	0.103	0.104	0.105	0.094	0.094	0.096	0.095	0.096	0.098	0.097	0.092	0.092	0.104	0.108	0.097	0.096	0.097	0.095	0.094	0.094	0.095	0.095	0.093	0.092	0.105	0.104	0.097	0.096	0.097	0.096	0.097	0.095	0.095	0.095	0.092	0.093	0.111	0.106	0.098	0.096	0.096	0.096	0.099	0.095	0.096	0.096	0.093	0.093	0.093	0.094	0.095	0.094	0.094	0.096	0.095	0.095	0.095	0.094	0.094
1:00:05	20.3	0.092	0.094	0.092	0.092	0.094	0.093	0.093	0.093	0.093	0.093	0.094	0.094	0.092	0.113	0.097	0.114	0.099	0.096	0.096	0.097	0.097	0.096	0.097	0.092	0.092	0.105	0.107	0.107	0.095	0.096	0.095	0.102	0.098	0.098	0.098	0.093	0.092	0.106	0.106	0.108	0.094	0.095	0.096	0.095	0.096	0.097	0.097	0.092	0.092	0.108	0.111	0.097	0.096	0.097	0.096	0.094	0.095	0.095	0.095	0.092	0.092	0.108	0.107	0.097	0.096	0.098	0.096	0.097	0.095	0.095	0.095	0.092	0.093	0.115	0.108	0.098	0.097	0.096	0.096	0.099	0.095	0.096	0.096	0.093	0.093	0.093	0.094	0.094	0.094	0.094	0.096	0.095	0.094	0.095	0.093	0.094
2:00:06	20.6	0.093	0.094	0.092	0.093	0.095	0.094	0.094	0.093	0.093	0.093	0.095	0.094	0.093	0.118	0.098	0.120	0.100	0.097	0.097	0.097	0.098	0.097	0.099	0.093	0.093	0.109	0.109	0.111	0.096	0.096	0.096	0.103	0.099	0.098	0.099	0.094	0.092	0.109	0.108	0.112	0.095	0.095	0.097	0.095	0.096	0.099	0.098	0.093	0.092	0.111	0.114	0.098	0.097	0.098	0.096	0.095	0.095	0.096	0.096	0.093	0.092	0.111	0.110	0.098	0.097	0.098	0.097	0.098	0.096	0.096	0.096	0.092	0.093	0.119	0.112	0.099	0.097	0.097	0.097	0.100	0.096	0.097	0.096	0.093	0.093	0.093	0.095	0.094	0.094	0.094	0.096	0.095	0.095	0.095	0.094	0.094
3:00:06	20.7	0.093	0.094	0.093	0.093	0.095	0.094	0.094	0.093	0.093	0.093	0.095	0.094	0.092	0.122	0.098	0.125	0.100	0.097	0.097	0.098	0.099	0.097	0.099	0.093	0.093	0.111	0.113	0.114	0.096	0.097	0.097	0.107	0.099	0.099	0.100	0.093	0.092	0.112	0.113	0.116	0.095	0.096	0.097	0.096	0.097	0.099	0.098	0.092	0.092	0.115	0.118	0.098	0.097	0.098	0.097	0.095	0.096	0.096	0.096	0.093	0.092	0.115	0.114	0.099	0.097	0.099	0.097	0.098	0.096	0.096	0.096	0.092	0.093	0.124	0.116	0.100	0.098	0.097	0.098	0.100	0.096	0.097	0.097	0.092	0.093	0.093	0.094	0.095	0.094	0.094	0.096	0.095	0.095	0.095	0.094	0.094
4:00:08	20.7	0.092	0.094	0.092	0.092	0.095	0.094	0.093	0.093	0.093	0.093	0.094	0.094	0.092	0.127	0.100	0.129	0.101	0.098	0.098	0.099	0.099	0.098	0.099	0.093	0.092	0.116	0.117	0.118	0.097	0.097	0.097	0.107	0.100	0.100	0.100	0.093	0.092	0.117	0.116	0.121	0.096	0.096	0.098	0.096	0.097	0.099	0.099	0.092	0.092	0.119	0.122	0.099	0.098	0.099	0.097	0.096	0.096	0.097	0.097	0.092	0.092	0.120	0.118	0.100	0.098	0.099	0.098	0.099	0.097	0.097	0.097	0.092	0.093	0.131	0.119	0.100	0.098	0.098	0.098	0.100	0.097	0.098	0.098	0.092	0.093	0.093	0.094	0.094	0.094	0.094	0.096	0.095	0.095	0.095	0.094	0.094
5:00:09	20.6	0.092	0.094	0.093	0.093	0.094	0.094	0.093	0.093	0.093	0.093	0.094	0.094	0.092	0.132	0.101	0.134	0.102	0.099	0.099	0.099	0.100	0.099	0.100	0.093	0.092	0.121	0.122	0.123	0.098	0.098	0.098	0.108	0.101	0.101	0.101	0.093	0.092	0.121	0.121	0.125	0.097	0.098	0.099	0.097	0.098	0.100	0.100	0.092	0.092	0.125	0.127	0.100	0.099	0.099	0.098	0.097	0.097	0.098	0.098	0.092	0.092	0.125	0.123	0.101	0.099	0.101	0.099	0.100	0.098	0.098	0.098	0.092	0.093	0.135	0.126	0.101	0.099	0.099	0.099	0.101	0.098	0.098	0.099	0.092	0.093	0.093	0.094	0.095	0.094	0.094	0.095	0.095	0.095	0.095	0.094	0.094
6:00:09	20.4	0.093	0.094	0.093	0.093	0.095	0.094	0.094	0.093	0.093	0.093	0.094	0.094	0.092	0.137	0.103	0.138	0.104	0.101	0.100	0.101	0.102	0.100	0.102	0.093	0.092	0.129	0.126	0.128	0.099	0.100	0.100	0.109	0.103	0.102	0.102	0.093	0.092	0.127	0.126	0.131	0.098	0.099	0.100	0.099	0.100	0.102	0.101	0.093	0.092	0.134	0.133	0.101	0.100	0.101	0.100	0.098	0.099	0.099	0.099	0.093	0.092	0.132	0.128	0.102	0.100	0.102	0.101	0.101	0.100	0.099	0.099	0.092	0.093	0.140	0.132	0.102	0.101	0.100	0.101	0.102	0.100	0.100	0.100	0.093	0.093	0.093	0.094	0.094	0.094	0.094	0.096	0.095	0.094	0.095	0.094	0.094
7:00:10	20.2	0.093	0.094	0.093	0.093	0.095	0.094	0.094	0.093	0.093	0.093	0.094	0.094	0.092	0.143	0.106	0.145	0.105	0.103	0.102	0.103	0.104	0.103	0.104	0.093	0.092	0.136	0.130	0.134	0.101	0.102	0.102	0.102	0.105	0.104	0.105	0.093	0.092	0.135	0.131	0.137	0.100	0.101	0.102	0.101	0.102	0.104	0.103	0.092	0.092	0.139	0.137	0.103	0.102	0.103	0.102	0.100	0.101	0.101	0.101	0.092	0.092	0.137	0.133	0.103	0.102	0.104	0.103	0.103	0.102	0.102	0.102	0.092	0.093	0.146	0.139	0.104	0.103	0.102	0.103	0.104	0.102	0.102	0.102	0.093	0.093	0.093	0.094	0.094	0.094	0.094	0.096	0.095	0.094	0.095	0.094	0.094
8:00:11	20.1	0.092	0.094	0.093	0.093	0.095	0.094	0.094	0.093	0.093	0.093	0.094	0.094	0.092	0.148	0.109	0.154	0.108	0.105	0.105	0.107	0.107	0.105	0.107	0.093	0.092	0.143	0.135	0.137	0.103	0.105	0.105	0.105	0.108	0.107	0.108	0.093	0.092	0.140	0.136	0.143	0.102	0.104	0.105	0.104	0.105	0.107	0.106	0.092	0.092	0.146	0.142	0.105	0.104	0.106	0.105	0.103	0.104	0.104	0.104	0.093	0.092	0.140	0.138	0.106	0.107	0.106	0.105	0.105	0.104	0.104	0.104	0.092	0.093	0.153	0.145	0.107	0.105	0.104	0.105	0.106	0.104	0.105	0.105	0.093	0.093	0.093	0.095	0.094	0.094	0.094	0.096	0.095	0.095	0.095	0.094	0.094
9:00:13	20.0	0.092	0.094	0.093	0.093	0.095	0.094	0.094	0.093	0.093	0.093	0.094	0.094	0.092	0.155	0.113	0.152	0.111	0.108	0.109	0.110	0.111	0.109	0.110	0.093	0.093	0.150	0.140	0.142	0.107	0.109	0.109	0.109	0.112	0.111	0.111	0.093	0.092	0.145	0.142	0.150	0.106	0.107	0.109	0.107	0.108	0.110	0.109	0.093	0.092	0.151	0.146	0.108	0.108	0.109	0.108	0.106	0.107	0.107	0.107	0.093	0.092	0.145	0.143	0.109	0.107	0.109	0.108	0.109	0.108	0.107	0.107	0.092	0.093	0.159	0.151	0.110	0.108	0.107	0.109	0.109	0.108	0.108	0.108	0.093	0.093	0.093	0.094	0.094	0.094	0.094	0.096	0.095	0.095	0.095	0.094	0.094
10:00:14	19.8	0.093	0.094	0.093	0.093	0.095	0.094	0.094	0.093	0.093	0.094	0.095	0.094	0.092	0.163	0.117	0.158	0.115	0.112	0.113	0.114	0.116	0.113	0.115	0.093	0.093	0.156	0.144	0.148	0.111	0.113	0.114	0.114	0.116	0.115	0.116	0.093	0.092	0.153	0.149	0.157	0.110	0.112	0.114	0.112	0.113	0.114	0.113	0.093	0.092	0.156	0.152	0.112	0.111	0.113	0.113	0.110	0.112	0.111	0.111	0.093	0.092	0.152	0.148	0.113	0.111	0.114	0.113	0.113	0.112	0.112	0.111	0.092	0.093	0.163	0.157	0.114	0.112	0.112	0.113	0.113	0.113	0.113	0.112	0.093	0.093	0.093	0.095	0.095	0.095	0.094	0.096	0.095	0.095	0.096	0.094	0.094
11:00:14	19.7	0.093	0.094	0.093	0.093	0.095	0.094	0.094	0.093	0.093	0.094	0.095	0.094	0.092	0.172	0.122	0.168	0.120	0.117	0.119	0.121	0.122	0.120	0.121	0.093	0.093	0.156	0.150	0.153	0.116	0.120	0.120	0.120	0.122	0.121	0.121	0.093	0.092	0.160	0.152	0.157	0.115	0.118	0.119	0.118	0.118	0.120	0.118	0.093	0.092	0.163	0.157	0.117	0.116	0.118	0.118	0.116	0.118	0.117	0.117	0.093	0.092	0.159	0.155	0.117	0.116	0.119	0.119	0.117	0.118	0.118	0.117	0.093	0.093	0.171	0.162	0.118	0.117	0.117	0.118	0.118	0.119	0.118	0.117	0.093	0.093	0.093	0.095	0.095	0.094	0.094	0.096	0.095	0.095	0.095	0.094	0.094
12:00:15	19.6	0.092	0.094	0.093	0.093	0.095	0.094	0.094	0.093	0.093	0.093	0.095	0.094	0.092	0.181	0.126	0.171	0.127	0.123	0.127	0.129	0.130	0.127	0.128	0.093	0.093	0.162	0.155	0.157	0.122	0.127	0.127	0.128	0.129	0.128	0.129	0.093	0.092	0.166	0.161	0.164	0.123	0.126	0.127	0.126	0.126	0.127	0.125	0.092	0.092	0.171	0.163	0.124	0.122	0.125	0.126	0.123	0.126	0.124	0.124	0.093	0.092	0.164	0.160	0.123	0.122	0.126	0.126	0.124	0.124	0.125	0.124	0.092	0.093	0.177	0.165	0.125	0.124	0.124	0.126	0.124	0.127	0.125	0.124	0.092	0.093	0.093	0.094	0.095	0.094	0.094	0.096	0.095	0.095	0.095	0.094	0.094
13:00:16	19.5	0.092	0.094	0.093	0.093	0.095	0.094	0.094	0.093	0.093	0.094	0.095	0.094	0.092	0.192	0.130	0.176	0.136	0.131	0.136	0.138	0.139	0.137	0.136	0.093	0.093	0.179	0.161	0.168	0.131	0.137	0.136	0.137	0.139	0.138	0.138	0.093	0.092	0.172	0.162	0.166	0.132	0.135	0.136	0.135	0.134	0.135	0.134	0.093	0.092	0.177	0.168	0.132	0.130	0.133	0.134	0.131	0.135	0.133	0.133	0.093	0.092	0.172	0.165	0.131	0.129	0.135	0.135	0.132	0.133	0.134	0.133	0.092	0.093	0.185	0.169	0.133	0.131	0.132	0.135	0.132	0.138	0.134	0.133	0.093	0.093	0.093	0.095	0.095	0.094	0.094	0.096	0.095	0.095	0.095	0.094	0.094
14:00:16	19.4	0.092	0.094	0.093	0.093	0.095	0.094	0.094	0.093	0.093	0.093	0.095	0.094	0.092	0.200	0.135	0.186	0.144	0.138	0.145	0.146	0.148	0.146	0.144	0.093	0.092	0.177	0.171	0.178	0.139	0.144	0.144	0.145	0.147	0.146	0.145	0.093	0.092	0.179	0.167	0.174	0.141	0.143	0.144	0.143	0.142	0.143	0.141	0.092	0.092	0.184	0.173	0.139	0.138	0.139	0.141	0.137	0.144	0.141	0.140	0.093	0.092	0.179	0.172	0.137	0.136	0.142	0.142	0.139	0.141	0.142	0.141	0.092	0.093	0.195	0.173	0.140	0.139	0.140	0.143	0.138	0.147	0.142	0.141	0.093	0.093	0.093	0.094	0.095	0.094	0.094	0.096	0.095	0.095	0.095	0.094	0.093
15:00:18	19.3	0.092	0.094	0.093	0.093	0.095	0.094	0.094	0.093	0.093	0.093	0.094	0.094	0.092	0.210	0.139	0.190	0.153	0.148	0.153	0.156	0.157	0.155	0.153	0.093	0.093	0.190	0.181	0.187	0.148	0.153	0.153	0.153	0.155	0.154	0.154	0.093	0.092	0.189	0.175	0.182	0.149	0.152	0.152	0.152	0.151	0.152	0.150	0.093	0.092	0.191	0.178	0.148	0.146	0.146	0.149	0.145	0.152	0.150	0.149	0.093	0.092	0.185	0.178	0.144	0.143	0.150	0.150	0.147	0.150	0.152	0.150	0.092	0.093	0.204	0.179	0.148	0.147	0.149	0.152	0.146	0.157	0.152	0.151	0.093	0.093	0.093	0.094	0.095	0.094	0.094	0.096	0.095	0.095	0.095	0.094	0.094
16:00:18	19.2	0.092	0.094	0.092	0.093	0.095	0.094	0.094	0.093	0.093	0.093	0.095	0.094	0.092	0.223	0.143	0.197	0.164	0.158	0.163	0.166	0.168	0.166	0.163	0.093	0.092	0.197	0.188	0.192	0.159	0.164	0.163	0.164	0.166	0.165	0.164	0.093	0.092	0.199	0.182	0.189	0.161	0.163	0.162	0.162	0.163	0.163	0.162	0.092	0.092	0.198	0.182	0.158	0.156	0.155	0.159	0.154	0.163	0.161	0.160	0.092	0.092	0.193	0.182	0.154	0.153	0.161	0.159	0.156	0.160	0.163	0.163	0.092	0.093	0.214	0.185	0.160	0.157	0.161	0.164	0.156	0.168	0.164	0.164	0.093	0.093	0.093	0.094	0.095	0.094	0.094	0.096	0.095	0.094	0.095	0.094	0.094
17:00:20	19.1	0.092	0.094	0.093	0.093	0.095	0.094	0.093	0.093	0.093	0.094	0.095	0.094	0.092	0.228	0.147	0.204	0.176	0.171	0.175	0.178	0.180	0.178	0.175	0.093	0.092	0.208	0.194	0.203	0.170	0.175	0.174	0.176	0.178	0.177	0.177	0.093	0.092	0.210	0.189	0.194	0.172	0.174	0.174	0.174	0.175	0.175	0.175	0.093	0.092	0.207	0.188	0.171	0.168	0.165	0.170	0.165	0.174	0.172	0.172	0.092	0.092	0.201	0.188	0.166	0.164	0.172	0.170	0.165	0.171	0.176	0.176	0.092	0.093	0.223	0.191	0.173	0.169	0.173	0.175	0.167	0.180	0.177	0.178	0.092	0.093	0.093	0.095	0.094	0.094	0.094	0.095	0.095	0.095	0.095	0.094	0.094
18:00:21	19.1	0.093	0.094	0.093	0.093	0.095	0.094	0.094	0.094	0.093	0.094	0.095	0.095	0.093	0.238	0.150	0.210	0.189	0.183	0.188	0.191	0.194	0.191	0.189	0.093	0.093	0.218	0.203	0.212	0.183	0.189	0.188	0.190	0.191	0.191	0.190	0.093	0.092	0.218	0.197	0.203	0.186	0.188	0.188	0.187	0.188	0.188	0.188	0.093	0.092	0.218	0.193	0.183	0.180	0.176	0.182	0.176	0.188	0.186	0.185	0.093	0.092	0.208	0.194	0.177	0.176	0.185	0.183	0.177	0.185	0.189	0.190	0.092	0.093	0.231	0.200	0.185	0.181	0.186	0.189	0.179	0.194	0.191	0.192	0.093	0.093	0.093	0.094	0.096	0.094	0.094	0.096	0.095	0.095	0.095	0.094	0.094
19:00:22	19.4	0.092	0.094	0.092	0.093	0.094	0.094	0.093	0.093	0.092	0.094	0.094	0.094	0.092	0.251	0.155	0.218	0.203	0.196	0.202	0.204	0.207	0.204	0.202	0.093	0.092	0.229	0.210	0.222	0.196	0.202	0.202	0.203	0.205	0.205	0.204	0.093	0.092	0.228	0.200	0.211	0.198	0.201	0.201	0.201	0.202	0.201	0.202	0.092	0.092	0.229	0.198	0.196	0.193	0.189	0.195	0.189	0.201	0.199	0.198	0.092	0.092	0.218	0.199	0.190	0.189	0.199	0.195	0.189	0.198	0.203	0.203	0.092	0.093	0.240	0.209	0.198	0.194	0.199	0.203	0.190	0.209	0.204	0.206	0.092	0.093	0.093	0.094	0.095	0.094	0.094	0.096	0.095	0.094	0.095	0.094	0.093
20:00:22	19.6	0.092	0.094	0.092	0.093	0.095	0.094	0.094	0.093	0.093	0.093	0.095	0.094	0.092	0.265	0.159	0.224	0.216	0.210	0.216	0.218	0.220	0.218	0.217	0.093	0.092	0.239	0.218	0.235	0.210	0.216	0.216	0.216	0.218	0.218	0.218	0.094	0.092	0.237	0.205	0.216	0.212	0.214	0.216	0.214	0.214	0.215	0.215	0.093	0.092	0.239	0.205	0.209	0.206	0.202	0.208	0.202	0.215	0.213	0.212	0.093	0.092	0.231	0.206	0.203	0.202	0.211	0.209	0.203	0.211	0.217	0.217	0.092	0.093	0.251	0.216	0.212	0.206	0.214	0.218	0.201	0.223	0.219	0.219	0.093	0.093	0.093	0.094	0.095	0.094	0.094	0.096	0.095	0.095	0.095	0.094	0.094
21:00:23	19.7	0.093	0.094	0.092	0.093	0.095	0.094	0.094	0.093	0.093	0.094	0.094	0.094	0.092	0.275	0.163	0.230	0.229	0.223	0.230	0.231	0.233	0.230	0.230	0.093	0.092	0.249	0.225	0.246	0.223	0.228	0.230	0.230	0.231	0.232	0.231	0.093	0.092	0.248	0.212	0.222	0.226	0.227	0.228	0.227	0.229	0.228	0.229	0.093	0.092	0.250	0.212	0.222	0.220	0.215	0.222	0.215	0.227	0.226	0.225	0.092	0.092	0.241	0.214	0.216	0.213	0.225	0.223	0.214	0.224	0.229	0.230	0.092	0.093	0.262	0.225	0.224	0.219	0.228	0.231	0.211	0.237	0.232	0.234	0.093	0.093	0.093	0.095	0.096	0.094	0.094	0.096	0.095	0.095	0.095	0.094	0.094
22:00:24	19.8	0.092	0.094	0.092	0.093	0.095	0.094	0.094	0.093	0.093	0.093	0.094	0.094	0.092	0.285	0.168	0.240	0.240	0.236	0.243	0.244	0.245	0.242	0.242	0.093	0.092	0.260	0.233	0.255	0.235	0.240	0.243	0.243	0.244	0.244	0.242	0.093	0.092	0.258	0.219	0.228	0.238	0.237	0.241	0.238	0.239	0.241	0.241	0.092	0.092	0.259	0.219	0.234	0.233	0.228	0.234	0.228	0.240	0.238	0.239	0.092	0.092	0.253	0.222	0.228	0.225	0.238	0.235	0.228	0.238	0.243	0.243	0.092	0.093	0.274	0.234	0.236	0.231	0.241	0.244	0.221	0.249	0.245	0.245	0.092	0.093	0.092	0.094	0.094	0.094	0.094	0.096	0.095	0.095	0.095	0.094	0.094
23:00:25	19.8	0.092	0.094	0.092	0.093	0.095	0.094	0.094	0.093	0.093	0.093	0.094	0.094	0.092	0.297	0.172	0.244	0.251	0.249	0.254	0.255	0.257	0.254	0.255	0.093	0.092	0.271	0.241	0.265	0.246	0.252	0.254	0.254	0.257	0.255	0.255	0.093	0.092	0.271	0.226	0.235	0.250	0.250	0.256	0.251	0.251	0.253	0.253	0.092	0.092	0.269	0.226	0.246	0.245	0.239	0.246	0.239	0.252	0.249	0.252	0.092	0.092	0.265	0.230	0.239	0.238	0.250	0.246	0.239	0.251	0.254	0.255	0.092	0.093	0.284	0.241	0.248	0.241	0.252	0.257	0.230	0.263	0.258	0.257	0.092	0.093	0.093	0.094	0.094	0.095	0.094	0.096	0.095	0.094	0.095	0.094	0.094
24:00:27	19.9	0.092	0.094	0.093	0.093	0.095	0.094	0.094	0.093	0.093	0.094	0.094	0.094	0.092	0.308	0.177	0.253	0.263	0.261	0.266	0.266	0.269	0.268	0.267	0.093	0.093	0.282	0.249	0.277	0.257	0.264	0.267	0.264	0.268	0.267	0.266	0.093	0.092	0.281	0.232	0.240	0.260	0.261	0.267	0.263	0.264	0.265	0.265	0.093	0.092	0.280	0.235	0.259	0.258	0.252	0.259	0.251	0.264	0.262	0.265	0.093	0.092	0.278	0.238	0.252	0.249	0.261	0.260	0.251	0.262	0.267	0.268	0.092	0.093	0.296	0.250	0.259	0.254	0.265	0.270	0.239	0.275	0.272	0.271	0.092	0.093	0.093	0.095	0.095	0.095	0.094	0.096	0.095	0.095	0.095	0.094	0.094
25:00:27	20.0	0.092	0.094	0.092	0.093	0.095	0.093	0.093	0.093	0.093	0.093	0.094	0.094	0.092	0.320	0.182	0.261	0.275	0.274	0.277	0.278	0.281	0.280	0.279	0.093	0.092	0.295	0.257	0.287	0.269	0.277	0.278	0.276	0.279	0.279	0.277	0.093	0.092	0.293	0.238	0.247	0.272	0.274	0.280	0.276	0.275	0.277	0.277	0.092	0.092	0.291	0.242	0.269	0.269	0.262	0.272	0.262	0.275	0.273	0.277	0.092	0.092	0.289	0.245	0.263	0.260	0.274	0.272	0.262	0.275	0.280	0.282	0.092	0.093	0.308	0.260	0.273	0.266	0.280	0.284	0.250	0.288	0.285	0.282	0.092	0.093	0.093	0.094	0.095	0.095	0.094	0.095	0.095	0.094	0.095	0.094	0.094
26:00:28	20.1	0.092	0.094	0.092	0.093	0.095	0.094	0.094	0.093	0.093	0.093	0.094	0.094	0.092	0.333	0.188	0.266	0.287	0.285	0.290	0.290	0.294	0.293	0.291	0.093	0.093	0.310	0.265	0.299	0.281	0.291	0.291	0.287	0.291	0.292	0.289	0.092	0.092	0.306	0.244	0.252	0.284	0.286	0.293	0.289	0.287	0.289	0.291	0.092	0.092	0.303	0.249	0.283	0.281	0.275	0.284	0.274	0.289	0.285	0.290	0.092	0.092	0.303	0.250	0.275	0.271	0.285	0.284	0.273	0.289	0.294	0.295	0.092	0.093	0.321	0.268	0.284	0.276	0.292	0.298	0.261	0.301	0.298	0.295	0.092	0.093	0.093	0.095	0.095	0.095	0.094	0.096	0.095	0.095	0.095	0.094	0.094
27:00:29	20.1	0.092	0.094	0.093	0.093	0.095	0.094	0.094	0.093	0.093	0.093	0.094	0.094	0.092	0.344	0.193	0.274	0.299	0.298	0.303	0.302	0.308	0.306	0.303	0.092	0.093	0.321	0.275	0.310	0.293	0.305	0.304	0.297	0.303	0.303	0.300	0.093	0.092	0.318	0.250	0.259	0.296	0.298	0.305	0.301	0.298	0.302	0.301	0.092	0.092	0.315	0.257	0.295	0.292	0.286	0.299	0.287	0.302	0.300	0.301	0.092	0.092	0.316	0.259	0.287	0.282	0.298	0.299	0.284	0.303	0.307	0.307	0.092	0.093	0.333	0.276	0.297	0.289	0.306	0.312	0.271	0.315	0.313	0.308	0.092	0.093	0.093	0.094	0.095	0.094	0.094	0.096	0.095	0.095	0.095	0.094	0.093
28:00:31	19.9	0.092	0.094	0.093	0.093	0.095	0.094	0.094	0.093	0.093	0.094	0.095	0.094	0.092	0.358	0.199	0.280	0.312	0.312	0.316	0.314	0.320	0.320	0.318	0.093	0.093	0.334	0.284	0.323	0.304	0.315	0.316	0.308	0.316	0.316	0.312	0.093	0.092	0.331	0.258	0.266	0.307	0.310	0.317	0.313	0.309	0.314	0.314	0.093	0.092	0.328	0.263	0.308	0.302	0.299	0.310	0.298	0.313	0.309	0.315	0.092	0.092	0.329	0.266	0.299	0.292	0.311	0.312	0.298	0.314	0.317	0.320	0.092	0.093	0.346	0.284	0.308	0.301	0.319	0.324	0.280	0.325	0.325	0.320	0.093	0.093	0.093	0.095	0.095	0.094	0.094	0.095	0.095	0.095	0.095	0.094	0.094
29:00:33	19.8	0.092	0.094	0.092	0.092	0.095	0.094	0.093	0.093	0.092	0.093	0.094	0.094	0.092	0.369	0.204	0.287	0.322	0.323	0.325	0.324	0.331	0.331	0.329	0.093	0.092	0.345	0.294	0.335	0.314	0.325	0.326	0.319	0.327	0.327	0.323	0.093	0.092	0.343	0.265	0.273	0.317	0.320	0.328	0.323	0.319	0.324	0.323	0.092	0.092	0.340	0.274	0.318	0.312	0.312	0.321	0.310	0.325	0.322	0.325	0.092	0.092	0.341	0.274	0.310	0.303	0.322	0.324	0.310	0.325	0.330	0.330	0.092	0.093	0.356	0.292	0.317	0.311	0.328	0.337	0.290	0.337	0.336	0.331	0.092	0.093	0.092	0.094	0.094	0.094	0.093	0.095	0.095	0.094	0.095	0.094	0.094
30:00:33	19.8	0.092	0.094	0.092	0.092	0.095	0.094	0.093	0.093	0.092	0.093	0.094	0.094	0.092	0.382	0.210	0.295	0.333	0.334	0.336	0.333	0.341	0.341	0.341	0.092	0.092	0.357	0.303	0.346	0.325	0.335	0.337	0.330	0.338	0.336	0.334	0.093	0.092	0.355	0.273	0.279	0.328	0.331	0.337	0.334	0.330	0.334	0.334	0.092	0.092	0.352	0.278	0.328	0.321	0.322	0.333	0.321	0.335	0.333	0.334	0.092	0.092	0.353	0.283	0.321	0.313	0.333	0.335	0.322	0.337	0.342	0.341	0.092	0.093	0.369	0.297	0.327	0.321	0.338	0.347	0.303	0.348	0.348	0.344	0.092	0.093	0.093	0.094	0.095	0.095	0.094	0.096	0.095	0.095	0.095	0.094	0.093
31:00:34	19.8	0.092	0.094	0.093	0.093	0.095	0.094	0.094	0.093	0.093	0.093	0.094	0.094	0.092	0.395	0.216	0.302	0.344	0.345	0.347	0.344	0.352	0.352	0.351	0.093	0.092	0.369	0.316	0.360	0.335	0.345	0.347	0.340	0.350	0.347	0.346	0.092	0.092	0.368	0.280	0.287	0.339	0.341	0.347	0.343	0.340	0.345	0.344	0.092	0.092	0.364	0.286	0.339	0.331	0.332	0.344	0.332	0.345	0.344	0.346	0.092	0.092	0.365	0.290	0.332	0.324	0.344	0.346	0.334	0.348	0.354	0.351	0.092	0.093	0.382	0.306	0.339	0.332	0.349	0.358	0.315	0.359	0.360	0.354	0.092	0.093	0.093	0.095	0.095	0.095	0.094	0.096	0.095	0.095	0.095	0.094	0.094
32:00:36	19.8	0.092	0.094	0.092	0.093	0.095	0.094	0.094	0.093	0.093	0.093	0.094	0.094	0.092	0.407	0.222	0.324	0.355	0.356	0.358	0.355	0.364	0.364	0.363	0.093	0.092	0.382	0.325	0.372	0.347	0.356	0.359	0.350	0.360	0.360	0.357	0.093	0.092	0.380	0.288	0.295	0.350	0.352	0.358	0.353	0.350	0.355	0.354	0.092	0.092	0.377	0.293	0.348	0.340	0.344	0.355	0.342	0.355	0.354	0.357	0.092	0.092	0.377	0.300	0.343	0.336	0.355	0.358	0.346	0.359	0.365	0.362	0.092	0.093	0.394	0.314	0.352	0.344	0.362	0.370	0.327	0.370	0.370	0.366	0.092	0.093	0.093	0.095	0.095	0.094	0.094	0.096	0.095	0.095	0.095	0.094	0.094
33:00:37	19.8	0.092	0.094	0.092	0.093	0.095	0.094	0.094	0.093	0.093	0.093	0.094	0.094	0.092	0.421	0.228	0.333	0.366	0.366	0.369	0.366	0.374	0.375	0.375	0.093	0.092	0.394	0.335	0.384	0.357	0.367	0.369	0.360	0.370	0.369	0.368	0.093	0.092	0.392	0.296	0.303	0.358	0.362	0.368	0.362	0.360	0.365	0.365	0.092	0.092	0.389	0.302	0.359	0.350	0.355	0.366	0.354	0.366	0.365	0.368	0.092	0.092	0.390	0.309	0.354	0.345	0.367	0.369	0.358	0.369	0.375	0.375	0.092	0.093	0.409	0.323	0.363	0.354	0.373	0.383	0.338	0.382	0.381	0.377	0.093	0.093	0.093	0.095	0.095	0.094	0.094	0.095	0.095	0.095	0.095	0.094	0.094
34:00:37	19.8	0.092	0.094	0.093	0.093	0.095	0.094	0.094	0.093	0.093	0.093	0.094	0.094	0.092	0.432	0.232	0.341	0.378	0.378	0.380	0.377	0.387	0.387	0.386	0.093	0.092	0.407	0.345	0.397	0.368	0.378	0.380	0.371	0.382	0.381	0.381	0.093	0.092	0.405	0.305	0.311	0.368	0.373	0.378	0.373	0.371	0.375	0.375	0.092	0.092	0.402	0.311	0.369	0.360	0.367	0.377	0.365	0.378	0.376	0.378	0.092	0.092	0.401	0.318	0.367	0.356	0.378	0.380	0.369	0.379	0.388	0.387	0.092	0.093	0.419	0.332	0.376	0.365	0.385	0.393	0.350	0.393	0.394	0.389	0.092	0.093	0.093	0.094	0.095	0.094	0.094	0.095	0.095	0.095	0.095	0.094	0.094
35:00:38	19.8	0.092	0.094	0.092	0.093	0.095	0.094	0.094	0.093	0.093	0.093	0.094	0.094	0.092	0.445	0.238	0.351	0.388	0.390	0.392	0.388	0.399	0.399	0.398	0.093	0.092	0.419	0.358	0.408	0.380	0.389	0.392	0.383	0.393	0.393	0.391	0.093	0.092	0.418	0.314	0.320	0.379	0.384	0.389	0.382	0.380	0.387	0.388	0.092	0.092	0.414	0.320	0.380	0.372	0.377	0.388	0.376	0.388	0.388	0.391	0.093	0.092	0.414	0.327	0.377	0.368	0.389	0.391	0.381	0.390	0.400	0.398	0.092	0.093	0.432	0.340	0.388	0.378	0.396	0.404	0.362	0.405	0.404	0.400	0.092	0.093	0.093	0.095	0.095	0.094	0.094	0.095	0.095	0.095	0.095	0.094	0.094
36:00:40	19.8	0.092	0.094	0.092	0.092	0.095	0.094	0.094	0.093	0.092	0.093	0.094	0.094	0.092	0.458	0.244	0.360	0.399	0.401	0.403	0.400	0.412	0.411	0.410	0.093	0.092	0.432	0.368	0.423	0.391	0.400	0.403	0.394	0.405	0.404	0.403	0.093	0.092	0.430	0.322	0.328	0.390	0.395	0.400	0.393	0.392	0.398	0.399	0.092	0.092	0.426	0.328	0.391	0.382	0.389	0.399	0.388	0.398	0.400	0.404	0.092	0.092	0.426	0.336	0.390	0.379	0.401	0.401	0.395	0.402	0.411	0.411	0.092	0.093	0.444	0.350	0.401	0.388	0.409	0.416	0.372	0.417	0.417	0.412	0.092	0.093	0.093	0.094	0.095	0.094	0.094	0.095	0.095	0.094	0.095	0.094	0.094
37:00:41	19.8	0.092	0.094	0.092	0.093	0.095	0.094	0.093	0.093	0.092	0.093	0.094	0.094	0.092	0.470	0.251	0.370	0.412	0.413	0.417	0.411	0.424	0.423	0.422	0.093	0.092	0.445	0.380	0.437	0.403	0.411	0.415	0.405	0.416	0.416	0.416	0.093	0.092	0.443	0.331	0.338	0.401	0.406	0.411	0.405	0.404	0.409	0.411	0.092	0.092	0.439	0.340	0.402	0.395	0.400	0.411	0.400	0.410	0.411	0.416	0.092	0.092	0.440	0.345	0.402	0.391	0.412	0.413	0.407	0.413	0.422	0.422	0.092	0.093	0.456	0.360	0.413	0.402	0.421	0.429	0.386	0.428	0.429	0.424	0.092	0.093	0.093	0.094	0.095	0.094	0.094	0.096	0.095	0.094	0.095	0.094	0.093
38:00:41	19.8	0.093	0.094	0.093	0.093	0.095	0.094	0.094	0.093	0.093	0.093	0.094	0.094	0.092	0.484	0.259	0.379	0.425	0.425	0.429	0.426	0.437	0.436	0.436	0.093	0.092	0.459	0.393	0.450	0.415	0.424	0.428	0.418	0.429	0.428	0.428	0.093	0.092	0.457	0.340	0.346	0.412	0.418	0.424	0.417	0.417	0.421	0.423	0.093	0.092	0.453	0.348	0.414	0.407	0.413	0.424	0.413	0.422	0.424	0.430	0.092	0.092	0.453	0.354	0.415	0.404	0.426	0.424	0.420	0.427	0.435	0.434	0.092	0.093	0.468	0.369	0.427	0.414	0.435	0.442	0.400	0.441	0.442	0.437	0.092	0.093	0.093	0.095	0.095	0.095	0.094	0.096	0.095	0.095	0.096	0.094	0.094
39:00:43	19.8	0.092	0.094	0.093	0.093	0.095	0.094	0.094	0.093	0.092	0.093	0.094	0.094	0.092	0.497	0.269	0.389	0.437	0.437	0.440	0.437	0.449	0.449	0.449	0.093	0.093	0.472	0.406	0.464	0.427	0.436	0.440	0.430	0.442	0.441	0.441	0.093	0.092	0.470	0.349	0.356	0.425	0.430	0.435	0.430	0.428	0.435	0.435	0.092	0.092	0.466	0.359	0.426	0.421	0.427	0.437	0.425	0.434	0.436	0.443	0.092	0.092	0.465	0.364	0.425	0.415	0.439	0.438	0.433	0.440	0.448	0.447	0.092	0.093	0.482	0.378	0.440	0.426	0.448	0.453	0.413	0.454	0.455	0.450	0.093	0.093	0.093	0.095	0.095	0.095	0.094	0.096	0.095	0.095	0.095	0.094	0.094
40:00:43	19.8	0.093	0.094	0.093	0.093	0.095	0.094	0.094	0.094	0.093	0.093	0.094	0.094	0.092	0.508	0.276	0.398	0.449	0.450	0.453	0.450	0.462	0.461	0.461	0.093	0.093	0.485	0.418	0.477	0.439	0.449	0.452	0.444	0.455	0.454	0.454	0.093	0.092	0.484	0.357	0.365	0.437	0.442	0.448	0.442	0.440	0.447	0.448	0.093	0.092	0.478	0.368	0.439	0.434	0.441	0.451	0.437	0.445	0.449	0.456	0.093	0.092	0.478	0.373	0.441	0.430	0.453	0.450	0.446	0.454	0.461	0.460	0.092	0.093	0.495	0.388	0.454	0.438	0.463	0.466	0.427	0.468	0.468	0.463	0.093	0.094	0.093	0.095	0.095	0.094	0.094	0.096	0.095	0.095	0.095	0.094	0.094
41:00:45	19.9	0.092	0.094	0.093	0.093	0.095	0.094	0.094	0.093	0.093	0.093	0.094	0.094	0.092	0.521	0.285	0.408	0.462	0.463	0.464	0.463	0.474	0.474	0.474	0.093	0.092	0.498	0.430	0.490	0.451	0.462	0.464	0.456	0.467	0.466	0.466	0.093	0.092	0.496	0.366	0.374	0.449	0.455	0.460	0.455	0.452	0.459	0.459	0.093	0.092	0.492	0.377	0.451	0.446	0.452	0.463	0.451	0.456	0.461	0.469	0.092	0.092	0.491	0.381	0.452	0.443	0.467	0.465	0.461	0.468	0.474	0.473	0.092	0.093	0.505	0.398	0.467	0.450	0.477	0.478	0.440	0.480	0.481	0.475	0.092	0.093	0.093	0.095	0.095	0.095	0.094	0.095	0.095	0.095	0.095	0.094	0.094
42:00:45	20.0	0.092	0.094	0.093	0.093	0.095	0.094	0.093	0.093	0.093	0.093	0.094	0.094	0.092	0.535	0.296	0.418	0.474	0.475	0.477	0.478	0.488	0.487	0.486	0.092	0.093	0.512	0.441	0.504	0.463	0.475	0.477	0.469	0.481	0.479	0.478	0.093	0.092	0.510	0.376	0.384	0.461	0.467	0.473	0.467	0.464	0.472	0.471	0.092	0.092	0.504	0.387	0.462	0.459	0.466	0.476	0.464	0.468	0.473	0.481	0.093	0.092	0.504	0.391	0.464	0.456	0.480	0.477	0.473	0.482	0.487	0.486	0.092	0.093	0.518	0.407	0.478	0.463	0.491	0.491	0.453	0.494	0.494	0.488	0.093	0.093	0.093	0.095	0.095	0.095	0.094	0.095	0.095	0.095	0.095	0.094	0.094
43:00:46	20.1	0.092	0.093	0.092	0.092	0.095	0.093	0.093	0.093	0.092	0.093	0.094	0.093	0.092	0.547	0.306	0.428	0.489	0.487	0.489	0.490	0.501	0.500	0.499	0.092	0.092	0.526	0.451	0.518	0.476	0.488	0.489	0.485	0.494	0.491	0.492	0.093	0.092	0.523	0.385	0.392	0.473	0.479	0.486	0.480	0.477	0.484	0.484	0.092	0.091	0.518	0.398	0.474	0.472	0.480	0.490	0.478	0.480	0.486	0.494	0.092	0.092	0.517	0.400	0.478	0.470	0.494	0.491	0.488	0.495	0.499	0.498	0.092	0.093	0.530	0.421	0.490	0.477	0.506	0.504	0.466	0.508	0.507	0.502	0.092	0.093	0.092	0.094	0.094	0.094	0.093	0.095	0.094	0.094	0.095	0.094	0.093
44:00:48	20.2	0.092	0.093	0.092	0.092	0.095	0.093	0.093	0.092	0.092	0.093	0.094	0.093	0.092	0.560	0.318	0.438	0.502	0.499	0.501	0.504	0.513	0.514	0.512	0.092	0.092	0.540	0.464	0.531	0.489	0.500	0.503	0.498	0.507	0.505	0.505	0.093	0.092	0.536	0.394	0.404	0.486	0.491	0.500	0.493	0.490	0.498	0.497	0.092	0.092	0.530	0.407	0.487	0.486	0.495	0.505	0.493	0.492	0.498	0.507	0.092	0.092	0.531	0.409	0.492	0.484	0.508	0.505	0.503	0.509	0.512	0.512	0.092	0.092	0.542	0.428	0.505	0.492	0.519	0.518	0.482	0.522	0.520	0.515	0.092	0.093	0.092	0.094	0.094	0.093	0.093	0.095	0.095	0.094	0.095	0.093	0.093
45:00:49	20.3	0.092	0.094	0.093	0.093	0.095	0.094	0.094	0.093	0.093	0.093	0.094	0.094	0.092	0.575	0.332	0.450	0.516	0.513	0.515	0.518	0.527	0.528	0.526	0.093	0.092	0.553	0.475	0.546	0.503	0.514	0.516	0.511	0.521	0.518	0.520	0.093	0.092	0.551	0.404	0.415	0.500	0.505	0.514	0.505	0.505	0.512	0.510	0.092	0.092	0.545	0.418	0.501	0.500	0.510	0.519	0.507	0.506	0.511	0.520	0.092	0.092	0.544	0.419	0.508	0.497	0.520	0.517	0.517	0.524	0.526	0.526	0.092	0.093	0.553	0.439	0.520	0.505	0.534	0.532	0.498	0.537	0.535	0.530	0.092	0.093	0.093	0.095	0.095	0.094	0.094	0.096	0.095	0.095	0.095	0.094	0.094
46:00:51	20.2	0.092	0.094	0.093	0.093	0.095	0.094	0.094	0.093	0.093	0.093	0.094	0.094	0.092	0.588	0.347	0.461	0.531	0.525	0.528	0.533	0.541	0.542	0.540	0.093	0.092	0.568	0.488	0.560	0.516	0.527	0.530	0.525	0.535	0.532	0.534	0.093	0.092	0.564	0.413	0.424	0.514	0.517	0.528	0.519	0.518	0.526	0.523	0.092	0.092	0.559	0.429	0.514	0.515	0.526	0.534	0.522	0.520	0.526	0.534	0.093	0.092	0.559	0.428	0.523	0.514	0.535	0.532	0.532	0.538	0.540	0.540	0.092	0.093	0.568	0.449	0.536	0.521	0.549	0.546	0.513	0.551	0.550	0.544	0.092	0.093	0.093	0.095	0.095	0.094	0.094	0.096	0.095	0.095	0.095	0.094	0.094
47:00:49	20.0	0.092	0.094	0.092	0.092	0.095	0.094	0.093	0.093	0.093	0.093	0.094	0.093	0.092	0.603	0.362	0.471	0.545	0.539	0.542	0.548	0.553	0.555	0.553	0.093	0.092	0.580	0.500	0.573	0.529	0.540	0.545	0.538	0.549	0.545	0.548	0.093	0.092	0.579	0.423	0.432	0.527	0.530	0.541	0.532	0.531	0.540	0.537	0.092	0.092	0.572	0.439	0.527	0.529	0.541	0.548	0.537	0.533	0.539	0.548	0.092	0.092	0.573	0.438	0.538	0.530	0.550	0.547	0.546	0.553	0.553	0.554	0.092	0.092	0.579	0.459	0.549	0.533	0.561	0.558	0.527	0.565	0.564	0.557	0.092	0.093	0.092	0.094	0.094	0.094	0.094	0.095	0.095	0.095	0.095	0.094	0.093
48:00:50	20.0	0.092	0.094	0.092	0.092	0.095	0.093	0.093	0.093	0.092	0.093	0.094	0.093	0.092	0.616	0.378	0.481	0.559	0.551	0.554	0.562	0.566	0.569	0.566	0.092	0.092	0.593	0.512	0.588	0.544	0.553	0.558	0.551	0.563	0.560	0.562	0.093	0.092	0.592	0.431	0.442	0.541	0.544	0.554	0.545	0.545	0.554	0.550	0.092	0.092	0.586	0.450	0.540	0.546	0.556	0.562	0.551	0.546	0.553	0.561	0.092	0.092	0.585	0.445	0.553	0.544	0.564	0.561	0.563	0.569	0.566	0.567	0.092	0.093	0.591	0.468	0.562	0.549	0.574	0.571	0.541	0.578	0.577	0.571	0.093	0.093	0.092	0.094	0.094	0.094	0.094	0.095	0.094	0.094	0.095	0.093	0.093
49:00:52	19.9	0.092	0.094	0.092	0.092	0.095	0.093	0.093	0.093	0.093	0.093	0.094	0.094	0.092	0.627	0.396	0.491	0.573	0.564	0.569	0.577	0.578	0.582	0.580	0.093	0.092	0.606	0.525	0.601	0.557	0.567	0.572	0.565	0.578	0.574	0.575	0.093	0.092	0.606	0.441	0.452	0.555	0.557	0.568	0.558	0.559	0.568	0.564	0.092	0.092	0.598	0.462	0.554	0.559	0.571	0.577	0.566	0.559	0.566	0.576	0.092	0.092	0.598	0.455	0.568	0.558	0.579	0.573	0.576	0.582	0.580	0.580	0.092	0.093	0.603	0.478	0.578	0.564	0.589	0.585	0.559	0.593	0.590	0.585	0.092	0.093	0.092	0.094	0.094	0.094	0.094	0.096	0.095	0.095	0.095	0.094	0.093
50:00:53	19.9	0.092	0.094	0.092	0.093	0.095	0.093	0.093	0.093	0.093	0.093	0.094	0.094	0.092	0.640	0.415	0.501	0.588	0.578	0.581	0.591	0.591	0.596	0.594	0.093	0.092	0.619	0.537	0.614	0.571	0.580	0.584	0.579	0.592	0.588	0.589	0.093	0.092	0.619	0.452	0.462	0.569	0.570	0.582	0.572	0.572	0.581	0.577	0.092	0.092	0.613	0.474	0.567	0.575	0.585	0.592	0.580	0.573	0.580	0.589	0.092	0.092	0.612	0.464	0.581	0.572	0.592	0.588	0.592	0.597	0.594	0.594	0.092	0.093	0.616	0.487	0.590	0.578	0.603	0.598	0.573	0.606	0.604	0.599	0.092	0.093	0.093	0.094	0.095	0.094	0.094	0.096	0.095	0.095	0.095	0.094	0.094
51:00:54	19.9	0.092	0.093	0.092	0.093	0.095	0.094	0.094	0.093	0.092	0.093	0.094	0.094	0.092	0.653	0.436	0.513	0.603	0.591	0.596	0.608	0.604	0.610	0.607	0.093	0.092	0.632	0.550	0.628	0.587	0.593	0.598	0.593	0.609	0.604	0.602	0.093	0.092	0.633	0.461	0.471	0.583	0.584	0.596	0.585	0.587	0.596	0.592	0.092	0.091	0.625	0.486	0.581	0.589	0.600	0.606	0.594	0.587	0.593	0.604	0.092	0.092	0.624	0.471	0.595	0.586	0.606	0.602	0.607	0.611	0.608	0.608	0.092	0.093	0.627	0.497	0.605	0.593	0.618	0.612	0.591	0.620	0.617	0.612	0.093	0.093	0.093	0.094	0.095	0.094	0.094	0.095	0.094	0.095	0.095	0.094	0.094
52:00:55	20.0	0.092	0.094	0.092	0.093	0.095	0.094	0.093	0.093	0.093	0.093	0.094	0.094	0.092	0.665	0.456	0.523	0.617	0.605	0.610	0.628	0.616	0.624	0.621	0.093	0.092	0.644	0.564	0.639	0.601	0.606	0.612	0.606	0.624	0.618	0.615	0.093	0.092	0.646	0.471	0.482	0.595	0.597	0.609	0.599	0.600	0.609	0.605	0.092	0.092	0.637	0.500	0.595	0.603	0.613	0.620	0.608	0.600	0.606	0.617	0.092	0.092	0.636	0.481	0.610	0.600	0.619	0.615	0.622	0.628	0.622	0.622	0.092	0.093	0.639	0.507	0.619	0.606	0.630	0.625	0.605	0.634	0.631	0.627	0.092	0.093	0.093	0.095	0.095	0.094	0.094	0.095	0.095	0.095	0.095	0.094	0.094
53:00:56	20.0	0.092	0.094	0.092	0.092	0.095	0.094	0.093	0.093	0.093	0.093	0.094	0.094	0.092	0.677	0.477	0.534	0.634	0.617	0.624	0.643	0.629	0.638	0.634	0.093	0.092	0.658	0.576	0.652	0.617	0.619	0.625	0.620	0.639	0.635	0.627	0.093	0.092	0.659	0.481	0.492	0.609	0.610	0.623	0.612	0.614	0.623	0.619	0.092	0.092	0.649	0.512	0.610	0.615	0.627	0.633	0.622	0.614	0.619	0.630	0.092	0.092	0.649	0.488	0.626	0.613	0.633	0.629	0.638	0.643	0.635	0.634	0.092	0.093	0.650	0.515	0.634	0.622	0.644	0.638	0.621	0.648	0.643	0.639	0.093	0.093	0.092	0.094	0.094	0.094	0.094	0.095	0.095	0.094	0.095	0.093	0.093
54:00:57	20.0	0.092	0.094	0.093	0.093	0.095	0.094	0.094	0.093	0.093	0.093	0.094	0.094	0.092	0.689	0.500	0.547	0.649	0.629	0.637	0.659	0.641	0.652	0.650	0.093	0.092	0.670	0.592	0.665	0.631	0.633	0.638	0.635	0.657	0.649	0.641	0.094	0.092	0.672	0.490	0.501	0.623	0.623	0.637	0.625	0.626	0.638	0.633	0.092	0.092	0.661	0.527	0.623	0.630	0.640	0.648	0.636	0.627	0.633	0.644	0.092	0.092	0.661	0.496	0.641	0.628	0.647	0.643	0.653	0.659	0.649	0.648	0.092	0.093	0.663	0.525	0.649	0.637	0.658	0.652	0.635	0.663	0.656	0.653	0.093	0.093	0.092	0.094	0.095	0.094	0.094	0.095	0.095	0.095	0.095	0.094	0.094
55:00:59	19.9	0.092	0.094	0.092	0.092	0.095	0.094	0.093	0.093	0.092	0.093	0.094	0.093	0.092	0.700	0.524	0.558	0.665	0.642	0.652	0.675	0.653	0.668	0.663	0.092	0.092	0.683	0.607	0.677	0.648	0.645	0.651	0.650	0.672	0.665	0.654	0.093	0.092	0.683	0.499	0.509	0.636	0.636	0.651	0.639	0.639	0.653	0.646	0.092	0.091	0.672	0.546	0.637	0.645	0.655	0.662	0.650	0.640	0.646	0.657	0.092	0.092	0.673	0.504	0.656	0.642	0.663	0.658	0.669	0.676	0.663	0.662	0.092	0.093	0.674	0.534	0.661	0.651	0.672	0.666	0.650	0.677	0.669	0.666	0.093	0.093	0.093	0.094	0.094	0.094	0.093	0.095	0.095	0.094	0.095	0.093	0.094
56:00:58	19.9	0.092	0.093	0.092	0.093	0.095	0.094	0.093	0.093	0.092	0.093	0.094	0.094	0.092	0.717	0.552	0.574	0.681	0.655	0.666	0.690	0.665	0.681	0.678	0.093	0.092	0.695	0.624	0.689	0.663	0.658	0.666	0.664	0.687	0.681	0.667	0.093	0.092	0.696	0.508	0.519	0.651	0.649	0.664	0.651	0.652	0.666	0.659	0.092	0.091	0.684	0.561	0.654	0.659	0.669	0.676	0.665	0.654	0.660	0.671	0.092	0.092	0.685	0.511	0.671	0.658	0.677	0.672	0.684	0.694	0.678	0.675	0.092	0.092	0.686	0.540	0.675	0.667	0.686	0.679	0.664	0.690	0.681	0.678	0.092	0.093	0.092	0.094	0.094	0.094	0.094	0.095	0.095	0.094	0.095	0.094	0.093
57:00:59	19.8	0.092	0.093	0.092	0.093	0.095	0.094	0.093	0.093	0.093	0.093	0.094	0.094	0.092	0.729	0.577	0.586	0.698	0.668	0.681	0.707	0.676	0.696	0.692	0.093	0.092	0.707	0.643	0.700	0.678	0.671	0.679	0.680	0.705	0.696	0.680	0.093	0.092	0.708	0.518	0.527	0.664	0.664	0.678	0.664	0.665	0.681	0.672	0.092	0.092	0.695	0.579	0.667	0.673	0.682	0.691	0.679	0.667	0.673	0.684	0.092	0.092	0.695	0.517	0.686	0.671	0.691	0.686	0.700	0.709	0.692	0.687	0.092	0.093	0.695	0.549	0.689	0.683	0.700	0.692	0.679	0.704	0.694	0.691	0.092	0.093	0.093	0.094	0.094	0.094	0.094	0.095	0.095	0.095	0.095	0.094	0.093
58:01:00	19.7	0.092	0.093	0.092	0.093	0.095	0.094	0.093	0.093	0.093	0.093	0.094	0.094	0.092	0.743	0.604	0.601	0.713	0.681	0.696	0.722	0.689	0.710	0.708	0.093	0.092	0.719	0.661	0.711	0.695	0.684	0.692	0.694	0.721	0.711	0.693	0.093	0.092	0.720	0.527	0.535	0.679	0.676	0.690	0.677	0.678	0.695	0.685	0.092	0.092	0.706	0.597	0.681	0.687	0.696	0.705	0.690	0.679	0.686	0.697	0.092	0.092	0.706	0.524	0.700	0.685	0.705	0.700	0.715	0.724	0.706	0.701	0.092	0.093	0.706	0.558	0.704	0.697	0.715	0.706	0.694	0.719	0.707	0.703	0.092	0.093	0.093	0.094	0.095	0.094	0.094	0.095	0.095	0.095	0.095	0.094	0.094
59:01:01	19.7	0.092	0.094	0.092	0.092	0.095	0.094	0.093	0.093	0.092	0.093	0.094	0.094	0.092	0.754	0.631	0.614	0.730	0.692	0.711	0.738	0.701	0.725	0.721	0.093	0.092	0.731	0.680	0.722	0.708	0.696	0.704	0.709	0.737	0.734	0.705	0.093	0.092	0.730	0.536	0.545	0.693	0.690	0.703	0.690	0.690	0.709	0.698	0.092	0.092	0.716	0.616	0.694	0.701	0.709	0.719	0.704	0.692	0.699	0.710	0.092	0.092	0.716	0.531	0.715	0.699	0.719	0.712	0.729	0.737	0.720	0.714	0.092	0.093	0.717	0.565	0.717	0.712	0.728	0.718	0.707	0.732	0.718	0.715	0.092	0.093	0.092	0.094	0.094	0.094	0.094	0.095	0.095	0.094	0.095	0.093	0.093
60:01:02	19.6	0.092	0.093	0.092	0.093	0.095	0.094	0.094	0.093	0.093	0.093	0.094	0.094	0.092	0.767	0.663	0.632	0.743	0.704	0.724	0.754	0.712	0.739	0.735	0.094	0.092	0.741	0.699	0.735	0.724	0.709	0.717	0.724	0.752	0.748	0.716	0.093	0.092	0.740	0.544	0.554	0.705	0.702	0.715	0.702	0.702	0.724	0.710	0.092	0.092	0.727	0.639	0.707	0.714	0.723	0.733	0.719	0.704	0.710	0.722	0.092	0.092	0.728	0.537	0.729	0.711	0.733	0.726	0.746	0.752	0.734	0.725	0.092	0.093	0.727	0.573	0.731	0.724	0.743	0.731	0.721	0.744	0.729	0.727	0.092	0.093	0.092	0.094	0.095	0.094	0.094	0.095	0.095	0.095	0.095	0.094	0.093
61:01:02	19.6	0.092	0.093	0.092	0.092	0.094	0.093	0.093	0.093	0.092	0.093	0.094	0.093	0.092	0.782	0.692	0.651	0.758	0.715	0.738	0.767	0.723	0.752	0.747	0.094	0.092	0.752	0.722	0.747	0.739	0.720	0.729	0.738	0.768	0.761	0.728	0.093	0.091	0.752	0.551	0.560	0.717	0.715	0.727	0.714	0.714	0.741	0.722	0.092	0.092	0.735	0.664	0.720	0.727	0.735	0.745	0.732	0.716	0.722	0.735	0.092	0.091	0.736	0.541	0.743	0.725	0.745	0.738	0.758	0.765	0.746	0.737	0.092	0.092	0.737	0.579	0.744	0.737	0.754	0.743	0.734	0.757	0.741	0.738	0.091	0.093	0.092	0.094	0.094	0.094	0.093	0.095	0.095	0.094	0.094	0.093	0.093
62:01:03	19.5	0.092	0.093	0.092	0.092	0.095	0.093	0.093	0.092	0.092	0.093	0.094	0.093	0.092	0.797	0.722	0.669	0.773	0.727	0.752	0.780	0.735	0.767	0.761	0.095	0.092	0.761	0.749	0.755	0.753	0.731	0.741	0.754	0.782	0.774	0.739	0.093	0.092	0.760	0.560	0.569	0.730	0.727	0.739	0.726	0.726	0.755	0.733	0.092	0.092	0.747	0.685	0.733	0.740	0.746	0.756	0.746	0.728	0.736	0.747	0.092	0.092	0.746	0.548	0.756	0.738	0.758	0.750	0.772	0.779	0.759	0.748	0.092	0.093	0.745	0.585	0.756	0.749	0.768	0.755	0.747	0.774	0.752	0.750	0.092	0.093	0.092	0.094	0.095	0.094	0.094	0.095	0.095	0.094	0.095	0.093	0.093
63:01:04	19.4	0.092	0.094	0.092	0.092	0.095	0.094	0.093	0.093	0.092	0.093	0.094	0.094	0.092	0.811	0.752	0.689	0.787	0.738	0.765	0.793	0.745	0.780	0.773	0.096	0.092	0.771	0.775	0.764	0.766	0.743	0.752	0.769	0.813	0.787	0.752	0.093	0.092	0.770	0.566	0.576	0.742	0.739	0.751	0.738	0.738	0.767	0.745	0.092	0.092	0.757	0.707	0.746	0.752	0.759	0.769	0.758	0.740	0.748	0.758	0.092	0.092	0.755	0.552	0.771	0.750	0.769	0.762	0.783	0.792	0.772	0.759	0.092	0.093	0.754	0.591	0.768	0.762	0.779	0.767	0.758	0.785	0.764	0.761	0.092	0.093	0.093	0.094	0.094	0.094	0.094	0.095	0.095	0.094	0.095	0.093	0.093
64:01:06	19.5	0.092	0.094	0.092	0.093	0.095	0.094	0.094	0.093	0.093	0.093	0.094	0.094	0.092	0.827	0.783	0.714	0.799	0.749	0.774	0.804	0.756	0.792	0.786	0.098	0.092	0.784	0.804	0.774	0.781	0.754	0.764	0.782	0.826	0.801	0.762	0.094	0.092	0.781	0.573	0.585	0.754	0.751	0.761	0.750	0.748	0.779	0.757	0.092	0.092	0.766	0.731	0.759	0.764	0.770	0.780	0.770	0.751	0.760	0.769	0.092	0.092	0.766	0.558	0.785	0.762	0.780	0.773	0.794	0.804	0.784	0.771	0.092	0.093	0.762	0.598	0.779	0.773	0.791	0.778	0.770	0.795	0.774	0.772	0.092	0.093	0.093	0.094	0.095	0.094	0.094	0.096	0.095	0.095	0.095	0.094	0.094
65:01:07	19.6	0.092	0.094	0.093	0.093	0.095	0.094	0.094	0.093	0.092	0.093	0.094	0.094	0.092	0.837	0.808	0.744	0.811	0.759	0.792	0.815	0.767	0.802	0.797	0.101	0.092	0.791	0.829	0.780	0.805	0.765	0.774	0.792	0.838	0.812	0.773	0.093	0.092	0.790	0.581	0.593	0.765	0.762	0.772	0.760	0.760	0.792	0.767	0.092	0.092	0.776	0.764	0.773	0.775	0.780	0.790	0.781	0.762	0.771	0.780	0.092	0.092	0.776	0.565	0.796	0.773	0.790	0.783	0.804	0.814	0.809	0.780	0.092	0.093	0.775	0.604	0.790	0.784	0.803	0.789	0.782	0.805	0.784	0.782	0.092	0.093	0.093	0.095	0.095	0.094	0.094	0.096	0.095	0.095	0.095	0.094	0.094
66:01:07	19.7	0.092	0.094	0.092	0.092	0.095	0.094	0.094	0.093	0.093	0.093	0.094	0.093	0.092	0.850	0.833	0.772	0.821	0.769	0.798	0.823	0.775	0.811	0.806	0.103	0.092	0.821	0.854	0.788	0.815	0.775	0.784	0.803	0.847	0.821	0.782	0.093	0.092	0.798	0.587	0.602	0.776	0.774	0.783	0.770	0.770	0.810	0.777	0.092	0.092	0.783	0.787	0.784	0.786	0.792	0.802	0.793	0.773	0.781	0.791	0.092	0.092	0.788	0.568	0.809	0.785	0.801	0.794	0.815	0.825	0.821	0.790	0.092	0.093	0.790	0.609	0.802	0.794	0.813	0.799	0.793	0.815	0.794	0.792	0.092	0.093	0.092	0.094	0.094	0.094	0.094	0.095	0.095	0.095	0.095	0.094	0.093
67:01:08	19.8	0.092	0.094	0.092	0.093	0.095	0.094	0.094	0.093	0.093	0.093	0.094	0.094	0.092	0.847	0.857	0.779	0.830	0.779	0.839	0.837	0.786	0.820	0.816	0.108	0.092	0.818	0.876	0.806	0.825	0.784	0.794	0.813	0.858	0.833	0.792	0.094	0.092	0.805	0.594	0.609	0.787	0.784	0.793	0.781	0.780	0.824	0.786	0.092	0.092	0.790	0.812	0.796	0.799	0.802	0.811	0.804	0.783	0.791	0.801	0.092	0.092	0.792	0.573	0.817	0.796	0.810	0.804	0.826	0.833	0.829	0.799	0.092	0.093	0.796	0.615	0.812	0.804	0.826	0.810	0.803	0.824	0.800	0.799	0.092	0.093	0.093	0.094	0.095	0.094	0.094	0.096	0.095	0.095	0.095	0.094	0.094
68:01:09	19.8	0.092	0.094	0.092	0.092	0.095	0.094	0.093	0.093	0.093	0.093	0.094	0.093	0.092	0.882	0.882	0.806	0.840	0.788	0.809	0.925	0.794	0.831	0.826	0.113	0.092	0.948	0.910	0.851	0.834	0.793	0.802	0.823	0.868	0.843	0.801	0.093	0.092	0.807	0.601	0.617	0.797	0.793	0.804	0.790	0.788	0.831	0.796	0.092	0.091	0.800	0.831	0.806	0.808	0.812	0.821	0.812	0.793	0.802	0.809	0.092	0.092	0.804	0.578	0.826	0.807	0.819	0.814	0.836	0.842	0.837	0.808	0.092	0.093	0.791	0.620	0.822	0.817	0.830	0.819	0.813	0.831	0.863	0.787	0.092	0.093	0.092	0.094	0.094	0.094	0.094	0.095	0.095	0.094	0.095	0.094	0.093
69:01:10	19.8	0.092	0.094	0.092	0.092	0.095	0.094	0.093	0.093	0.092	0.093	0.094	0.094	0.092	0.893	0.905	0.820	0.851	0.796	0.906	1.004	0.802	0.840	0.837	0.119	0.092	1.037	0.920	0.902	0.845	0.801	0.809	0.834	0.878	0.852	0.809	0.093	0.092	0.818	0.606	0.625	0.807	0.803	0.813	0.799	0.798	0.839	0.805	0.092	0.091	0.800	0.845	0.815	0.818	0.820	0.831	0.821	0.804	0.811	0.817	0.092	0.092	0.817	0.585	0.836	0.816	0.829	0.823	0.845	0.854	0.848	0.815	0.092	0.092	0.806	0.627	0.831	0.835	0.886	0.828	0.823	0.890	0.959	0.731	0.092	0.093	0.092	0.094	0.094	0.094	0.094	0.095	0.095	0.095	0.095	0.094	0.093
70:01:11	19.7	0.092	0.093	0.092	0.092	0.095	0.093	0.094	0.093	0.092	0.093	0.094	0.094	0.092	0.919	0.932	0.851	0.861	0.804	1.036	1.003	0.810	0.849	0.844	0.127	0.092	1.076	0.941	0.901	0.851	0.810	0.818	0.843	0.889	0.860	0.817	0.094	0.092	0.883	0.615	0.633	0.816	0.812	0.822	0.807	0.807	0.847	0.813	0.092	0.091	0.825	0.892	0.826	0.827	0.829	0.838	0.830	0.813	0.819	0.826	0.092	0.092	0.853	0.591	0.845	0.824	0.839	0.832	0.861	0.863	0.853	0.823	0.092	0.093	0.812	0.635	0.840	0.851	0.843	0.837	0.833	1.217	1.142	1.137	0.092	0.093	0.092	0.094	0.095	0.094	0.094	0.095	0.095	0.095	0.095	0.094	0.093
71:01:12	19.7	0.092	0.093	0.092	0.092	0.095	0.094	0.093	0.093	0.092	0.093	0.094	0.094	0.092	0.947	0.944	0.890	0.867	0.812	0.988	1.021	0.817	0.859	0.777	0.135	0.092	1.086	0.959	0.923	0.860	0.818	0.826	0.852	0.898	0.871	0.824	0.094	0.092	0.920	0.622	0.642	0.824	0.820	0.830	0.816	0.815	0.858	0.821	0.092	0.092	0.878	0.937	0.835	0.834	0.838	0.846	0.838	0.823	0.828	0.832	0.092	0.092	0.883	0.598	0.856	0.833	0.846	0.840	0.852	0.869	0.898	0.831	0.092	0.093	0.809	0.641	0.850	0.873	0.855	0.843	0.840	1.180	1.119	1.084	0.092	0.093	0.093	0.094	0.094	0.094	0.094	0.095	0.095	0.095	0.095	0.094	0.093
72:01:13	19.7	0.092	0.093	0.092	0.092	0.094	0.093	0.093	0.093	0.092	0.093	0.094	0.094	0.092	1.001	0.955	0.928	0.976	0.818	1.076	1.121	0.826	0.869	0.836	0.144	0.092	0.987	0.976	0.973	0.882	0.824	0.833	0.861	0.907	0.882	0.832	0.093	0.092	1.024	0.629	0.651	0.832	0.828	0.838	0.824	0.823	0.865	0.828	0.092	0.091	0.893	0.972	0.843	0.841	0.845	0.852	0.844	0.830	0.836	0.840	0.092	0.092	0.922	0.603	0.864	0.840	0.854	0.848	1.076	0.971	0.956	0.837	0.092	0.093	0.829	0.647	0.857	0.838	0.898	0.851	0.848	1.161	1.140	0.849	0.092	0.093	0.093	0.094	0.094	0.094	0.094	0.095	0.095	0.094	0.095	0.093	0.093
73:01:14	19.6	0.092	0.093	0.092	0.092	0.095	0.094	0.093	0.092	0.092	0.093	0.094	0.094	0.092	1.062	0.989	0.934	0.935	0.826	0.962	1.165	0.832	0.879	0.910	0.154	0.092	0.849	0.996	0.927	0.907	0.831	0.839	0.871	0.938	0.891	0.838	0.094	0.092	1.024	0.637	0.660	0.840	0.836	0.845	0.831	0.830	0.878	0.835	0.092	0.092	1.000	1.022	0.850	0.848	0.853	0.859	0.851	0.837	0.844	0.843	0.092	0.092	1.068	0.611	0.873	0.849	0.861	0.855	1.131	0.830	0.997	0.843	0.092	0.092	0.831	0.656	0.860	0.999	0.916	0.858	0.858	1.102	1.216	1.211	0.092	0.093	0.092	0.094	0.094	0.094	0.094	0.095	0.095	0.095	0.095	0.094	0.093
74:01:15	19.6	0.092	0.093	0.092	0.093	0.095	0.094	0.093	0.093	0.093	0.093	0.094	0.094	0.092	1.013	1.005	0.997	0.889	0.833	1.029	1.163	0.840	0.890	0.947	0.164	0.092	1.118	1.004	1.155	0.951	0.837	0.850	0.880	1.002	0.982	0.846	0.094	0.092	1.168	0.646	0.672	0.847	0.843	0.852	0.838	0.837	0.881	0.843	0.092	0.092	1.069	1.052	0.858	0.854	0.860	0.867	0.859	0.846	0.850	0.861	0.092	0.092	0.991	0.619	0.878	0.858	0.868	0.847	1.085	1.150	1.086	0.851	0.092	0.093	0.842	0.663	0.847	0.913	0.935	0.865	0.866	1.232	1.184	1.031	0.092	0.093	0.093	0.094	0.094	0.094	0.094	0.095	0.095	0.094	0.095	0.094	0.094
75:01:14	19.7	0.092	0.094	0.092	0.092	0.095	0.094	0.093	0.093	0.093	0.093	0.094	0.094	0.092	1.097	1.000	1.038	1.052	0.840	1.077	1.292	0.847	0.898	1.097	0.174	0.092	1.121	0.999	1.114	0.951	0.843	0.853	0.889	1.185	0.913	0.852	0.093	0.092	1.077	0.657	0.681	0.854	0.850	0.859	0.845	0.843	0.899	0.849	0.092	0.092	1.030	1.053	0.865	0.860	0.869	0.874	0.866	0.851	0.859	1.092	0.092	0.092	1.101	0.627	0.915	0.865	0.875	0.840	1.233	0.899	1.192	0.858	0.092	0.093	0.847	0.672	0.904	0.925	0.958	0.870	0.876	1.285	1.078	1.216	0.092	0.093	0.092	0.094	0.094	0.094	0.094	0.096	0.095	0.095	0.095	0.094	0.093
76:01:16	19.8	0.092	0.093	0.092	0.092	0.094	0.094	0.093	0.093	0.092	0.093	0.094	0.094	0.092	1.038	1.027	0.983	0.967	0.846	1.157	1.163	0.854	0.906	1.213	0.181	0.092	1.171	1.014	1.063	1.261	0.849	0.859	0.898	1.091	0.965	0.859	0.094	0.092	1.230	0.665	0.690	0.859	0.857	0.865	0.851	0.849	1.003	0.855	0.092	0.092	1.112	1.070	0.869	0.865	0.874	0.880	0.871	0.858	0.863	1.029	0.092	0.092	1.060	0.635	0.912	0.865	0.890	0.898	1.250	0.999	1.080	0.863	0.092	0.093	0.841	0.681	0.887	0.920	0.933	0.879	0.881	1.300	1.142	1.285	0.092	0.093	0.092	0.094	0.094	0.094	0.094	0.095	0.095	0.094	0.095	0.094	0.093
77:01:17	19.9	0.092	0.094	0.092	0.093	0.095	0.094	0.093	0.093	0.092	0.093	0.094	0.094	0.092	1.087	1.077	1.031	1.177	0.851	1.206	1.241	0.860	0.929	0.967	0.191	0.092	1.163	1.039	0.949	1.044	0.859	0.865	0.905	1.153	1.085	0.865	0.094	0.092	1.197	0.674	0.700	0.866	0.864	0.871	0.859	0.856	1.131	0.854	0.092	0.092	1.082	1.103	0.875	0.870	0.882	0.885	0.879	0.865	0.869	1.012	0.092	0.092	1.076	0.644	0.886	0.867	0.893	1.232	1.273	1.032	1.104	0.871	0.092	0.093	0.941	0.690	0.893	0.941	0.944	0.920	0.889	1.210	0.980	1.213	0.092	0.093	0.092	0.094	0.095	0.094	0.094	0.096	0.095	0.095	0.095	0.093	0.094
78:01:18	19.9	0.092	0.093	0.092	0.092	0.095	0.094	0.093	0.093	0.092	0.093	0.094	0.094	0.091	1.220	1.066	1.105	0.977	0.857	1.122	1.153	0.868	1.123	1.023	0.199	0.092	1.338	1.064	1.301	1.145	0.853	0.872	0.933	1.099	1.013	0.872	0.093	0.092	1.213	0.681	0.710	0.872	0.869	0.876	0.865	0.861	1.108	0.884	0.092	0.091	1.100	1.069	0.881	0.879	0.887	0.891	0.885	0.871	0.874	1.030	0.092	0.092	1.224	0.653	1.013	0.896	0.885	1.284	1.120	1.172	1.351	0.877	0.092	0.092	0.921	0.700	0.909	0.939	0.928	1.078	0.892	1.312	1.161	1.278	0.092	0.093	0.092	0.094	0.094	0.094	0.093	0.095	0.095	0.094	0.094	0.093	0.093
79:01:19	19.8	0.092	0.093	0.092	0.092	0.095	0.093	0.093	0.093	0.093	0.093	0.094	0.094	0.092	1.230	1.098	1.178	1.063	0.862	1.095	1.339	0.875	1.088	1.243	0.207	0.092	1.266	1.071	1.199	1.262	0.913	0.876	1.046	1.126	1.045	0.879	0.094	0.092	1.156	0.693	0.721	0.878	0.876	0.882	0.872	0.868	1.200	0.915	0.092	0.092	1.207	1.111	0.887	0.883	0.895	0.899	0.890	0.876	0.869	1.124	0.092	0.092	1.232	0.666	0.960	0.895	0.904	1.224	1.244	1.273	1.284	0.857	0.092	0.093	1.004	0.703	0.953	0.933	0.933	1.068	0.877	1.315	1.081	1.141	0.092	0.093	0.092	0.094	0.094	0.094	0.094	0.095	0.095	0.094	0.095	0.094	0.093
80:01:20	19.7	0.092	0.093	0.092	0.092	0.095	0.094	0.093	0.093	0.092	0.093	0.094	0.093	0.092	1.252	1.091	1.175	1.055	0.869	1.218	1.283	0.882	1.066	1.072	0.214	0.092	1.224	1.092	1.279	1.249	0.869	0.879	0.973	1.159	1.173	0.885	0.093	0.092	1.169	0.701	0.731	0.885	0.882	0.908	0.878	0.874	1.275	1.173	0.092	0.092	1.214	1.158	0.893	0.890	0.902	0.905	0.897	0.883	1.118	1.207	0.092	0.092	1.161	0.677	0.946	0.904	1.004	1.142	1.356	1.156	1.266	1.091	0.092	0.093	0.994	0.711	0.961	0.963	0.929	1.216	0.883	1.173	1.212	1.366	0.092	0.093	0.092	0.094	0.094	0.094	0.094	0.095	0.095	0.095	0.094	0.094	0.093
81:01:20	19.6	0.092	0.094	0.092	0.092	0.095	0.094	0.094	0.093	0.093	0.093	0.094	0.093	0.092	1.354	1.095	1.163	1.077	0.871	1.156	1.214	0.889	1.013	1.125	0.224	0.092	1.227	1.090	1.234	1.147	1.026	0.924	1.013	1.125	1.113	0.893	0.094	0.092	1.318	0.712	0.742	0.890	0.887	0.927	0.885	0.880	1.073	1.072	0.092	0.091	1.258	1.142	0.899	0.895	0.909	0.911	0.905	0.888	1.188	1.216	0.092	0.092	1.110	0.686	0.952	0.908	0.942	1.103	1.337	1.164	1.177	0.879	0.092	0.093	1.002	0.721	0.963	0.938	0.956	1.186	1.013	1.249	1.120	1.105	0.092	0.093	0.093	0.094	0.095	0.094	0.094	0.095	0.095	0.094	0.095	0.094	0.093
82:01:22	19.6	0.092	0.094	0.092	0.092	0.095	0.094	0.094	0.093	0.093	0.093	0.094	0.094	0.092	1.326	1.126	1.172	1.159	1.028	1.263	1.230	0.895	1.082	1.266	0.229	0.092	1.313	1.079	1.292	1.222	1.096	1.116	1.059	1.213	1.207	0.900	0.093	0.092	1.388	0.719	0.754	0.896	0.893	0.979	0.890	0.886	1.242	1.179	0.092	0.092	1.219	1.141	0.904	0.902	0.916	0.906	0.911	0.896	1.254	1.069	0.092	0.092	1.161	0.701	0.973	0.912	0.973	1.046	1.322	1.300	1.314	1.180	0.092	0.093	1.103	0.732	1.037	0.959	0.946	1.263	0.894	1.263	1.011	1.282	0.092	0.093	0.093	0.094	0.095	0.094	0.094	0.095	0.095	0.095	0.095	0.094	0.093
83:01:23	19.6	0.092	0.094	0.092	0.093	0.095	0.094	0.093	0.093	0.093	0.093	0.094	0.094	0.092	1.303	1.131	1.169	1.180	0.989	1.287	1.141	0.902	1.023	1.196	0.234	0.092	1.363	1.057	1.254	1.281	1.063	1.199	0.980	1.109	1.184	0.908	0.094	0.092	1.381	0.728	0.765	0.901	0.899	0.951	0.898	0.891	1.133	1.183	0.092	0.091	1.212	1.156	0.910	0.906	0.922	0.924	0.917	0.902	1.268	1.110	0.092	0.092	1.247	0.706	1.148	0.920	1.073	1.066	1.320	1.209	1.390	1.281	0.092	0.093	1.320	0.737	1.012	1.052	0.952	1.112	1.026	1.296	1.248	1.451	0.092	0.093	0.093	0.094	0.094	0.094	0.094	0.095	0.095	0.094	0.095	0.094	0.093
84:01:24	19.6	0.092	0.093	0.092	0.092	0.094	0.094	0.093	0.093	0.092	0.093	0.094	0.094	0.092	1.261	1.125	1.147	1.302	1.047	1.206	1.087	0.909	1.041	1.074	0.240	0.092	1.302	1.057	1.168	1.323	1.071	1.107	1.295	1.119	1.204	0.919	0.093	0.092	1.370	0.737	0.777	0.905	0.905	1.117	0.900	0.897	1.213	1.127	0.092	0.091	1.208	1.157	0.917	0.912	0.928	0.995	0.924	0.907	1.254	1.158	0.092	0.092	1.170	0.721	0.944	0.933	1.124	0.979	1.385	1.194	1.270	1.358	0.092	0.092	1.293	0.750	1.007	1.191	0.953	1.311	0.990	1.290	1.055	1.232	0.092	0.093	0.093	0.094	0.094	0.094	0.093	0.095	0.095	0.094	0.095	0.093	0.093
85:01:25	19.6	0.092	0.094	0.092	0.092	0.095	0.094	0.093	0.093	0.092	0.093	0.094	0.094	0.092	1.354	1.120	1.128	1.132	1.006	1.258	1.052	0.915	0.999	1.146	0.246	0.092	1.311	1.111	1.130	1.262	0.947	1.142	1.161	1.114	1.199	1.008	0.094	0.092	1.267	0.750	0.789	0.911	0.911	1.015	0.926	0.903	1.158	1.100	0.092	0.092	1.267	1.174	0.921	0.918	0.935	1.168	0.931	0.913	1.223	1.303	0.092	0.092	1.244	0.731	0.955	0.916	1.150	0.960	1.189	1.184	1.262	1.251	0.092	0.093	1.263	0.756	0.974	1.170	1.060	1.239	1.036	1.103	1.028	1.349	0.092	0.093	0.093	0.094	0.095	0.094	0.094	0.096	0.095	0.095	0.095	0.093	0.093
86:01:25	19.6	0.092	0.093	0.092	0.093	0.095	0.094	0.093	0.093	0.092	0.093	0.094	0.094	0.092	1.381	1.140	1.094	1.176	1.037	1.123	1.087	0.927	1.293	1.155	0.252	0.092	1.325	1.107	1.195	1.209	1.225	1.070	1.025	1.148	1.115	1.038	0.094	0.092	1.308	0.771	0.800	0.919	0.917	1.066	0.992	0.909	1.119	1.259	0.092	0.091	1.101	1.173	0.928	0.925	0.938	1.019	0.940	0.920	1.211	1.284	0.092	0.092	1.326	0.759	1.002	0.946	1.174	0.960	1.265	1.070	1.311	1.197	0.092	0.093	1.157	0.770	1.013	1.168	1.045	1.345	1.050	1.165	1.029	1.299	0.092	0.093	0.092	0.094	0.095	0.094	0.094	0.096	0.095	0.094	0.095	0.094	0.093
87:01:27	19.6	0.092	0.094	0.092	0.092	0.095	0.093	0.093	0.093	0.092	0.093	0.094	0.094	0.092	1.361	1.143	1.135	1.163	1.276	1.150	1.058	0.933	1.142	1.138	0.258	0.092	1.482	1.087	1.282	1.211	1.089	0.949	1.340	1.099	1.212	0.974	0.094	0.092	1.236	0.781	0.813	0.923	0.923	1.149	1.073	0.915	1.077	1.248	0.092	0.092	1.324	1.209	0.933	0.930	0.962	1.250	0.946	0.924	1.160	1.281	0.092	0.092	1.376	0.787	0.977	1.030	1.117	0.971	1.258	1.088	1.258	1.209	0.092	0.093	1.234	0.787	1.028	1.249	1.044	1.340	0.992	1.095	1.052	1.404	0.092	0.093	0.093	0.094	0.095	0.094	0.094	0.095	0.095	0.095	0.095	0.094	0.093
88:01:28	19.6	0.092	0.093	0.092	0.092	0.094	0.094	0.093	0.093	0.092	0.093	0.094	0.094	0.092	1.372	1.170	1.103	1.148	1.240	1.267	1.073	0.944	1.214	1.235	0.263	0.092	1.268	1.151	1.241	1.026	1.261	1.221	1.276	1.024	1.107	0.973	0.094	0.092	1.389	0.842	0.823	0.930	0.928	1.070	1.096	0.920	1.267	1.076	0.092	0.091	1.277	1.154	0.940	0.935	0.920	1.106	0.952	0.932	1.026	1.282	0.092	0.092	1.402	0.780	1.003	0.985	1.049	0.972	1.330	1.200	1.339	1.079	0.092	0.093	1.199	0.804	0.998	1.170	1.055	1.255	0.991	1.049	1.034	1.155	0.092	0.093	0.092	0.094	0.095	0.094	0.094	0.095	0.095	0.094	0.095	0.094	0.093
89:01:29	19.7	0.092	0.093	0.092	0.093	0.095	0.094	0.093	0.093	0.093	0.093	0.094	0.094	0.092	1.449	1.152	1.187	1.166	1.284	1.226	1.090	0.950	1.222	1.069	0.269	0.092	1.121	1.171	1.240	0.996	1.141	1.458	1.229	1.177	1.105	1.009	0.094	0.092	1.279	0.888	0.836	0.935	0.934	1.166	1.206	0.927	1.295	1.404	0.092	0.092	1.260	1.174	0.943	0.938	0.941	1.048	0.966	0.939	1.175	1.150	0.092	0.092	1.392	0.775	1.023	1.019	1.088	0.974	1.215	1.095	1.199	1.382	0.092	0.093	1.195	0.843	1.004	1.286	1.027	1.261	0.967	1.096	1.090	1.214	0.092	0.093	0.093	0.094	0.095	0.094	0.094	0.095	0.095	0.095	0.095	0.094	0.093
90:01:30	19.7	0.092	0.094	0.092	0.093	0.095	0.094	0.094	0.093	0.093	0.093	0.094	0.094	0.092	1.435	1.136	1.136	1.197	1.245	1.325	1.072	0.961	1.135	1.049	0.274	0.092	1.092	1.156	1.300	1.089	1.299	1.316	1.173	1.093	1.041	1.135	0.094	0.092	1.378	0.969	0.853	0.938	0.939	1.139	1.392	0.934	1.338	1.509	0.092	0.092	1.264	1.200	0.977	0.944	1.208	1.059	0.975	0.944	1.375	1.425	0.093	0.092	1.396	0.786	1.016	1.074	1.156	1.136	1.198	1.094	1.145	1.141	0.092	0.093	1.297	0.858	0.993	1.190	1.117	1.165	0.972	1.070	1.190	1.230	0.092	0.093	0.093	0.095	0.095	0.094	0.094	0.096	0.095	0.095	0.095	0.094	0.094
91:01:34	19.8	0.092	0.094	0.092	0.092	0.095	0.094	0.093	0.093	0.092	0.093	0.094	0.094	0.092	1.348	1.157	1.145	1.231	1.183	1.253	1.126	0.977	1.186	1.099	0.280	0.092	1.440	1.185	1.486	1.129	1.143	1.071	1.125	1.086	1.006	0.912	0.093	0.092	1.477	0.983	0.857	0.945	0.948	1.073	1.261	0.943	1.279	1.190	0.092	0.092	1.270	1.199	0.937	0.946	1.194	0.987	1.080	0.953	1.290	1.159	0.092	0.092	1.429	0.800	1.037	1.102	1.159	1.334	1.216	1.083	1.097	1.040	0.092	0.093	1.218	0.885	0.993	1.149	1.134	1.003	0.978	1.102	1.072	1.110	0.092	0.093	0.092	0.095	0.095	0.094	0.094	0.095	0.095	0.095	0.095	0.094	0.093
92:01:32	19.8	0.092	0.094	0.092	0.093	0.095	0.094	0.093	0.093	0.093	0.093	0.094	0.094	0.092	1.405	1.143	1.135	1.174	1.315	1.216	1.159	1.081	1.146	1.066	0.285	0.092	1.433	1.184	1.345	1.155	1.219	1.399	1.040	1.165	1.002	1.277	0.094	0.092	1.375	1.050	0.873	0.955	0.955	1.029	1.182	1.037	1.295	1.184	0.092	0.092	1.176	1.198	1.083	0.952	1.094	1.060	1.162	0.957	1.188	1.399	0.092	0.092	1.377	0.828	1.019	1.130	1.138	1.266	1.166	1.098	1.070	1.325	0.092	0.093	1.198	0.867	0.997	1.201	1.199	1.247	1.022	1.042	1.307	1.157	0.092	0.093	0.093	0.095	0.095	0.094	0.094	0.095	0.095	0.095	0.095	0.094	0.093
93:01:34	19.8	0.092	0.094	0.092	0.092	0.095	0.094	0.093	0.093	0.092	0.093	0.094	0.094	0.092	1.367	1.157	1.175	1.113	1.127	1.110	1.106	1.239	1.042	1.157	0.290	0.092	1.225	1.217	1.397	1.136	1.284	1.325	1.123	1.061	1.018	1.127	0.093	0.092	1.411	0.997	0.887	0.959	0.966	0.993	1.074	1.124	1.172	1.374	0.092	0.091	1.200	1.192	0.878	0.956	1.362	1.121	1.125	0.965	1.219	1.317	0.092	0.092	1.461	0.851	0.982	1.181	1.121	1.268	1.214	1.047	1.053	1.100	0.092	0.093	1.265	0.927	1.163	1.203	1.136	1.146	1.085	1.066	1.104	1.127	0.092	0.093	0.092	0.094	0.094	0.094	0.094	0.095	0.095	0.094	0.095	0.094	0.093
94:01:36	19.9	0.092	0.093	0.092	0.092	0.095	0.094	0.093	0.093	0.093	0.093	0.094	0.094	0.092	1.307	1.221	1.206	1.150	1.192	1.145	1.161	1.080	1.152	1.152	0.297	0.092	1.062	1.166	1.371	1.069	1.168	1.162	1.167	1.053	1.012	1.218	0.093	0.092	1.414	0.994	0.883	0.962	0.976	0.999	1.230	1.331	1.228	1.100	0.092	0.092	1.276	1.158	1.098	0.975	1.387	1.136	1.323	1.079	1.086	1.294	0.092	0.092	1.379	0.874	1.056	0.955	1.039	1.250	1.106	1.026	1.041	1.195	0.092	0.093	1.311	0.940	0.999	1.296	1.150	1.090	1.044	1.132	1.102	1.330	0.092	0.093	0.093	0.095	0.094	0.094	0.094	0.096	0.095	0.095	0.095	0.094	0.093
95:01:34	19.9	0.092	0.094	0.092	0.092	0.095	0.094	0.093	0.093	0.093	0.093	0.094	0.094	0.092	1.341	1.167	1.210	1.138	1.196	1.203	1.076	1.103	1.076	1.080	0.302	0.092	1.136	1.187	1.386	1.120	1.182	1.323	1.104	1.077	1.023	0.990	0.094	0.092	1.382	1.043	0.902	0.974	0.990	1.009	1.395	1.284	1.234	1.092	0.092	0.092	1.083	1.180	1.058	0.987	1.308	1.176	1.213	1.077	1.061	1.492	0.092	0.092	1.393	0.883	1.059	1.192	1.016	1.170	1.173	1.038	1.037	1.211	0.092	0.093	1.229	0.917	1.069	1.259	1.088	1.134	1.055	1.236	1.149	1.188	0.092	0.093	0.093	0.094	0.095	0.094	0.094	0.096	0.095	0.095	0.095	0.094	0.093
96:01:35	19.8	0.092	0.093	0.092	0.092	0.095	0.094	0.093	0.093	0.092	0.093	0.094	0.094	0.092	1.299	1.176	1.225	1.190	1.202	1.204	1.075	1.073	1.122	1.078	0.307	0.092	1.182	1.214	1.379	1.158	1.303	1.238	1.073	1.072	1.033	0.999	0.093	0.092	1.358	1.157	0.908	1.050	1.112	1.058	1.327	1.181	1.232	1.099	0.092	0.092	1.273	1.230	0.996	0.998	1.365	1.227	1.176	1.297	0.971	1.304	0.092	0.092	1.361	0.904	1.086	1.101	1.011	1.070	1.233	1.040	1.040	1.096	0.092	0.093	1.343	0.999	1.009	1.133	1.036	1.339	1.048	1.129	1.098	1.281	0.092	0.093	0.093	0.095	0.094	0.094	0.094	0.095	0.095	0.095	0.095	0.094	0.093

