Time	T° 600	A1	A2	A3	A4	A5	A6	A7	A8	A9	A10	A11	A12	B1	B2	B3	B4	B5	B6	B7	B8	B9	B10	B11	B12	C1	C2	C3	C4	C5	C6	C7	C8	C9	C10	C11	C12	D1	D2	D3	D4	D5	D6	D7	D8	D9	D10	D11	D12	E1	E2	E3	E4	E5	E6	E7	E8	E9	E10	E11	E12	F1	F2	F3	F4	F5	F6	F7	F8	F9	F10	F11	F12	G1	G2	G3	G4	G5	G6	G7	G8	G9	G10	G11	G12	H1	H2	H3	H4	H5	H6	H7	H8	H9	H10	H11	H12
0:00:06	18.5	0.092	0.093	0.093	0.095	0.092	0.093	0.093	0.093	0.093	0.093	0.093	0.095	0.091	0.093	0.093	0.095	0.094	0.095	0.093	0.096	0.094	0.093	0.094	0.095	0.092	0.094	0.094	0.093	0.093	0.095	0.094	0.093	0.094	0.095	0.095	0.095	0.092	0.094	0.095	0.092	0.091	0.093	0.093	0.095	0.094	0.094	0.094	0.094	0.093	0.096	0.095	0.094	0.095	0.095	0.091	0.091	0.093	0.095	0.093	0.091	0.094	0.096	0.095	0.095	0.095	0.094	0.094	0.094	0.092	0.092	0.092	0.091	0.095	0.094	0.097	0.095	0.095	0.093	0.093	0.095	0.094	0.093	0.093	0.091	0.094	0.093	0.092	0.092	0.093	0.092	0.093	0.092	0.093	0.093	0.093	0.092
1:00:05	19.0	0.092	0.093	0.093	0.094	0.093	0.093	0.093	0.093	0.093	0.093	0.093	0.095	0.092	0.093	0.094	0.095	0.094	0.095	0.094	0.097	0.094	0.093	0.095	0.095	0.092	0.095	0.094	0.093	0.094	0.096	0.095	0.094	0.095	0.096	0.096	0.095	0.093	0.094	0.094	0.093	0.092	0.094	0.094	0.095	0.095	0.095	0.095	0.094	0.093	0.096	0.095	0.095	0.095	0.095	0.092	0.092	0.094	0.094	0.094	0.092	0.095	0.096	0.095	0.095	0.096	0.094	0.095	0.095	0.093	0.093	0.093	0.091	0.095	0.094	0.097	0.095	0.096	0.094	0.094	0.096	0.095	0.094	0.095	0.092	0.094	0.093	0.093	0.093	0.094	0.092	0.093	0.092	0.094	0.094	0.093	0.092
2:00:09	19.5	0.092	0.093	0.093	0.095	0.092	0.093	0.093	0.093	0.093	0.093	0.093	0.095	0.092	0.094	0.094	0.095	0.095	0.096	0.094	0.098	0.094	0.093	0.096	0.095	0.092	0.095	0.094	0.093	0.094	0.096	0.095	0.095	0.095	0.096	0.096	0.095	0.093	0.095	0.095	0.093	0.092	0.094	0.095	0.096	0.095	0.096	0.095	0.094	0.094	0.096	0.095	0.095	0.095	0.095	0.093	0.092	0.094	0.095	0.095	0.092	0.095	0.097	0.095	0.096	0.096	0.094	0.096	0.096	0.093	0.093	0.094	0.092	0.095	0.094	0.097	0.096	0.096	0.094	0.095	0.097	0.095	0.094	0.095	0.092	0.094	0.093	0.093	0.093	0.094	0.092	0.093	0.092	0.094	0.094	0.093	0.092
3:00:08	19.8	0.092	0.093	0.093	0.095	0.093	0.093	0.093	0.093	0.093	0.093	0.094	0.095	0.092	0.094	0.095	0.096	0.095	0.096	0.095	0.098	0.095	0.094	0.096	0.095	0.092	0.095	0.094	0.094	0.095	0.096	0.096	0.095	0.096	0.097	0.096	0.095	0.093	0.095	0.095	0.093	0.093	0.094	0.096	0.097	0.096	0.096	0.096	0.094	0.094	0.096	0.095	0.096	0.095	0.095	0.093	0.093	0.094	0.095	0.095	0.092	0.095	0.097	0.095	0.096	0.096	0.094	0.096	0.096	0.094	0.093	0.094	0.092	0.095	0.095	0.097	0.096	0.096	0.095	0.095	0.097	0.095	0.095	0.095	0.092	0.094	0.093	0.093	0.094	0.094	0.093	0.094	0.093	0.094	0.095	0.093	0.093
4:00:10	19.9	0.092	0.092	0.093	0.095	0.092	0.093	0.092	0.093	0.093	0.093	0.093	0.095	0.092	0.094	0.095	0.096	0.095	0.096	0.094	0.099	0.094	0.094	0.096	0.095	0.092	0.095	0.094	0.094	0.095	0.097	0.096	0.095	0.095	0.097	0.096	0.095	0.093	0.095	0.094	0.093	0.092	0.094	0.096	0.097	0.096	0.096	0.095	0.094	0.093	0.096	0.095	0.096	0.095	0.095	0.093	0.093	0.094	0.094	0.095	0.092	0.095	0.097	0.095	0.096	0.096	0.094	0.096	0.096	0.094	0.093	0.094	0.091	0.095	0.095	0.097	0.096	0.096	0.095	0.095	0.097	0.095	0.095	0.095	0.092	0.094	0.093	0.093	0.093	0.094	0.092	0.093	0.093	0.094	0.094	0.093	0.093
5:00:08	20.0	0.092	0.093	0.093	0.095	0.093	0.093	0.092	0.093	0.093	0.093	0.094	0.095	0.092	0.094	0.095	0.096	0.095	0.096	0.095	0.099	0.095	0.094	0.096	0.095	0.092	0.095	0.094	0.094	0.095	0.097	0.096	0.095	0.096	0.097	0.096	0.095	0.093	0.096	0.094	0.093	0.093	0.095	0.096	0.097	0.096	0.096	0.096	0.094	0.094	0.097	0.095	0.096	0.095	0.095	0.093	0.093	0.094	0.095	0.095	0.092	0.095	0.097	0.095	0.096	0.096	0.095	0.096	0.096	0.094	0.094	0.094	0.092	0.095	0.095	0.097	0.096	0.096	0.094	0.095	0.097	0.095	0.095	0.095	0.092	0.094	0.093	0.093	0.093	0.094	0.092	0.093	0.093	0.094	0.094	0.093	0.093
6:00:11	20.0	0.092	0.093	0.093	0.095	0.092	0.093	0.092	0.093	0.093	0.093	0.093	0.095	0.092	0.094	0.095	0.096	0.095	0.096	0.095	0.099	0.095	0.094	0.096	0.095	0.092	0.095	0.094	0.094	0.095	0.097	0.096	0.095	0.096	0.097	0.096	0.095	0.093	0.096	0.094	0.093	0.093	0.094	0.096	0.097	0.096	0.096	0.096	0.094	0.093	0.097	0.095	0.096	0.095	0.095	0.093	0.093	0.094	0.095	0.095	0.092	0.095	0.097	0.096	0.096	0.096	0.095	0.096	0.097	0.094	0.093	0.094	0.092	0.095	0.095	0.097	0.096	0.096	0.095	0.096	0.097	0.095	0.095	0.095	0.092	0.094	0.093	0.093	0.093	0.094	0.093	0.093	0.093	0.094	0.094	0.093	0.093
7:00:11	19.9	0.092	0.093	0.093	0.095	0.093	0.093	0.093	0.093	0.093	0.093	0.093	0.095	0.092	0.094	0.095	0.096	0.095	0.096	0.095	0.099	0.095	0.094	0.096	0.095	0.092	0.096	0.094	0.094	0.095	0.097	0.097	0.095	0.096	0.097	0.097	0.095	0.093	0.096	0.095	0.094	0.093	0.095	0.096	0.097	0.096	0.096	0.096	0.094	0.094	0.097	0.095	0.096	0.095	0.095	0.093	0.093	0.094	0.095	0.095	0.092	0.095	0.097	0.095	0.096	0.096	0.094	0.097	0.097	0.094	0.094	0.094	0.092	0.095	0.095	0.097	0.096	0.096	0.095	0.096	0.097	0.095	0.095	0.095	0.092	0.094	0.093	0.093	0.093	0.094	0.093	0.093	0.093	0.094	0.094	0.093	0.093
8:00:16	19.8	0.092	0.093	0.093	0.095	0.093	0.093	0.092	0.093	0.093	0.093	0.093	0.095	0.092	0.094	0.095	0.096	0.095	0.096	0.095	0.099	0.095	0.094	0.096	0.095	0.092	0.095	0.094	0.094	0.095	0.097	0.097	0.095	0.096	0.097	0.097	0.095	0.093	0.096	0.095	0.094	0.093	0.095	0.096	0.097	0.096	0.096	0.096	0.094	0.093	0.097	0.095	0.096	0.095	0.096	0.094	0.094	0.094	0.095	0.095	0.092	0.095	0.097	0.095	0.096	0.097	0.094	0.097	0.097	0.094	0.094	0.094	0.092	0.095	0.095	0.097	0.096	0.097	0.095	0.096	0.097	0.096	0.095	0.095	0.092	0.094	0.093	0.093	0.093	0.094	0.093	0.093	0.093	0.094	0.094	0.093	0.093
9:00:13	19.8	0.092	0.093	0.093	0.095	0.093	0.094	0.093	0.093	0.093	0.093	0.094	0.095	0.092	0.095	0.096	0.096	0.095	0.097	0.096	0.099	0.095	0.094	0.097	0.095	0.092	0.096	0.094	0.095	0.095	0.097	0.097	0.096	0.096	0.097	0.097	0.095	0.093	0.096	0.095	0.094	0.093	0.095	0.096	0.097	0.096	0.096	0.096	0.094	0.094	0.097	0.095	0.096	0.095	0.096	0.094	0.094	0.094	0.095	0.095	0.092	0.095	0.097	0.096	0.096	0.097	0.095	0.097	0.097	0.094	0.094	0.094	0.092	0.095	0.095	0.098	0.096	0.097	0.095	0.096	0.098	0.096	0.095	0.096	0.092	0.094	0.094	0.093	0.093	0.094	0.093	0.093	0.093	0.094	0.095	0.093	0.093
10:00:14	19.8	0.092	0.093	0.093	0.095	0.093	0.093	0.093	0.093	0.093	0.093	0.093	0.095	0.092	0.095	0.096	0.096	0.095	0.097	0.096	0.099	0.095	0.095	0.097	0.095	0.092	0.096	0.095	0.095	0.095	0.097	0.097	0.096	0.097	0.097	0.097	0.095	0.093	0.096	0.095	0.094	0.093	0.095	0.096	0.097	0.096	0.096	0.096	0.094	0.094	0.097	0.095	0.097	0.095	0.096	0.094	0.094	0.094	0.095	0.095	0.092	0.095	0.097	0.096	0.096	0.097	0.095	0.097	0.097	0.095	0.094	0.094	0.092	0.095	0.095	0.098	0.096	0.097	0.095	0.096	0.098	0.096	0.095	0.096	0.092	0.094	0.093	0.093	0.093	0.094	0.093	0.094	0.093	0.094	0.094	0.093	0.093
11:00:16	19.7	0.092	0.093	0.093	0.095	0.093	0.094	0.093	0.093	0.093	0.093	0.094	0.095	0.092	0.095	0.096	0.097	0.096	0.097	0.096	0.099	0.095	0.095	0.097	0.096	0.092	0.096	0.095	0.095	0.095	0.098	0.097	0.096	0.097	0.097	0.097	0.095	0.093	0.097	0.095	0.095	0.094	0.096	0.096	0.098	0.097	0.097	0.096	0.094	0.094	0.097	0.095	0.097	0.095	0.096	0.094	0.094	0.095	0.095	0.096	0.092	0.095	0.098	0.096	0.097	0.097	0.095	0.097	0.097	0.095	0.094	0.095	0.092	0.096	0.095	0.098	0.096	0.097	0.096	0.096	0.098	0.096	0.096	0.096	0.092	0.095	0.094	0.093	0.094	0.094	0.093	0.094	0.093	0.094	0.095	0.094	0.093
12:00:16	19.7	0.092	0.093	0.093	0.095	0.093	0.093	0.093	0.093	0.093	0.093	0.093	0.095	0.092	0.095	0.096	0.096	0.096	0.098	0.096	0.099	0.095	0.095	0.097	0.095	0.092	0.096	0.095	0.095	0.095	0.098	0.097	0.096	0.097	0.097	0.097	0.095	0.093	0.096	0.095	0.094	0.093	0.096	0.096	0.097	0.097	0.097	0.096	0.094	0.093	0.097	0.095	0.097	0.095	0.097	0.094	0.094	0.094	0.095	0.096	0.092	0.095	0.097	0.096	0.097	0.097	0.096	0.097	0.097	0.094	0.094	0.095	0.092	0.095	0.096	0.098	0.096	0.097	0.095	0.096	0.098	0.096	0.096	0.096	0.092	0.094	0.094	0.093	0.094	0.094	0.093	0.094	0.093	0.094	0.094	0.093	0.093
13:00:20	19.6	0.092	0.093	0.093	0.094	0.093	0.094	0.093	0.093	0.093	0.093	0.094	0.095	0.092	0.096	0.096	0.097	0.096	0.098	0.097	0.099	0.096	0.095	0.097	0.096	0.093	0.096	0.095	0.095	0.096	0.098	0.097	0.097	0.097	0.098	0.098	0.095	0.093	0.097	0.095	0.095	0.094	0.096	0.096	0.098	0.097	0.097	0.097	0.094	0.094	0.098	0.096	0.097	0.096	0.097	0.095	0.094	0.095	0.095	0.096	0.092	0.095	0.098	0.096	0.097	0.097	0.096	0.097	0.098	0.095	0.095	0.095	0.092	0.095	0.096	0.098	0.097	0.097	0.096	0.097	0.098	0.096	0.096	0.096	0.092	0.095	0.094	0.093	0.093	0.094	0.093	0.094	0.093	0.094	0.095	0.094	0.093
14:00:19	19.6	0.092	0.093	0.093	0.095	0.093	0.093	0.093	0.093	0.093	0.093	0.094	0.095	0.092	0.096	0.096	0.097	0.096	0.098	0.097	0.099	0.096	0.095	0.097	0.095	0.092	0.096	0.095	0.095	0.096	0.098	0.097	0.097	0.097	0.098	0.098	0.095	0.093	0.097	0.096	0.095	0.094	0.096	0.096	0.098	0.098	0.097	0.097	0.094	0.094	0.098	0.096	0.097	0.095	0.097	0.095	0.094	0.095	0.095	0.096	0.092	0.095	0.097	0.096	0.097	0.097	0.096	0.097	0.098	0.095	0.095	0.095	0.092	0.095	0.096	0.099	0.097	0.097	0.096	0.097	0.098	0.096	0.096	0.097	0.092	0.094	0.094	0.093	0.093	0.094	0.093	0.093	0.093	0.094	0.095	0.093	0.093
15:00:19	19.5	0.092	0.093	0.093	0.095	0.093	0.093	0.093	0.093	0.093	0.093	0.094	0.095	0.092	0.097	0.096	0.097	0.096	0.098	0.098	0.099	0.096	0.095	0.097	0.095	0.092	0.096	0.095	0.095	0.096	0.098	0.097	0.098	0.097	0.098	0.098	0.095	0.093	0.097	0.096	0.095	0.094	0.096	0.096	0.098	0.098	0.097	0.097	0.094	0.094	0.099	0.096	0.097	0.095	0.098	0.096	0.094	0.095	0.095	0.096	0.092	0.095	0.098	0.096	0.097	0.097	0.097	0.097	0.097	0.095	0.095	0.095	0.092	0.095	0.096	0.099	0.097	0.097	0.096	0.096	0.098	0.096	0.097	0.096	0.092	0.094	0.094	0.093	0.093	0.094	0.093	0.094	0.093	0.094	0.095	0.093	0.093
16:00:20	19.4	0.092	0.093	0.093	0.095	0.093	0.093	0.093	0.093	0.093	0.093	0.094	0.095	0.092	0.097	0.096	0.098	0.096	0.098	0.099	0.100	0.096	0.095	0.097	0.095	0.092	0.096	0.095	0.095	0.096	0.098	0.097	0.098	0.098	0.098	0.098	0.095	0.093	0.097	0.096	0.096	0.095	0.096	0.097	0.098	0.098	0.097	0.097	0.094	0.094	0.099	0.096	0.098	0.095	0.098	0.097	0.094	0.095	0.095	0.096	0.092	0.095	0.098	0.096	0.097	0.097	0.097	0.098	0.098	0.095	0.095	0.096	0.092	0.095	0.096	0.099	0.097	0.098	0.096	0.097	0.098	0.097	0.097	0.097	0.093	0.094	0.093	0.093	0.093	0.094	0.093	0.094	0.093	0.094	0.095	0.094	0.093
17:00:21	19.4	0.092	0.093	0.093	0.095	0.093	0.093	0.093	0.093	0.094	0.093	0.094	0.095	0.092	0.098	0.096	0.098	0.097	0.099	0.100	0.100	0.097	0.096	0.097	0.095	0.092	0.096	0.096	0.096	0.096	0.099	0.097	0.099	0.099	0.099	0.099	0.095	0.093	0.097	0.097	0.096	0.095	0.096	0.097	0.098	0.099	0.097	0.097	0.095	0.094	0.100	0.096	0.098	0.096	0.099	0.098	0.094	0.095	0.095	0.096	0.092	0.095	0.098	0.096	0.097	0.097	0.098	0.098	0.098	0.096	0.096	0.096	0.092	0.095	0.096	0.100	0.098	0.098	0.096	0.097	0.099	0.097	0.097	0.097	0.093	0.094	0.094	0.093	0.093	0.094	0.093	0.094	0.094	0.094	0.095	0.094	0.093
18:00:21	19.3	0.092	0.093	0.093	0.094	0.093	0.093	0.093	0.093	0.093	0.093	0.094	0.095	0.092	0.099	0.097	0.098	0.098	0.099	0.101	0.100	0.097	0.096	0.098	0.095	0.092	0.096	0.096	0.095	0.096	0.098	0.097	0.100	0.099	0.099	0.099	0.095	0.093	0.097	0.097	0.097	0.095	0.096	0.096	0.098	0.099	0.097	0.097	0.094	0.094	0.101	0.096	0.098	0.096	0.101	0.099	0.095	0.095	0.095	0.096	0.092	0.095	0.098	0.096	0.097	0.097	0.099	0.098	0.098	0.096	0.096	0.096	0.092	0.095	0.096	0.100	0.098	0.098	0.096	0.097	0.098	0.097	0.098	0.097	0.092	0.094	0.094	0.093	0.093	0.094	0.093	0.093	0.093	0.094	0.095	0.094	0.093
19:00:23	19.3	0.092	0.093	0.093	0.095	0.093	0.093	0.093	0.093	0.093	0.093	0.094	0.095	0.092	0.100	0.096	0.099	0.098	0.099	0.102	0.099	0.098	0.096	0.098	0.095	0.092	0.097	0.097	0.096	0.096	0.098	0.098	0.101	0.100	0.099	0.099	0.095	0.093	0.097	0.098	0.098	0.096	0.096	0.097	0.098	0.100	0.097	0.097	0.094	0.094	0.102	0.097	0.098	0.096	0.101	0.100	0.095	0.095	0.095	0.096	0.092	0.095	0.098	0.096	0.097	0.097	0.100	0.098	0.098	0.096	0.096	0.097	0.092	0.095	0.096	0.101	0.098	0.099	0.096	0.097	0.099	0.098	0.099	0.097	0.092	0.094	0.094	0.093	0.093	0.094	0.093	0.093	0.093	0.094	0.095	0.094	0.093
20:00:24	19.2	0.092	0.093	0.093	0.095	0.093	0.094	0.093	0.093	0.094	0.094	0.094	0.095	0.092	0.101	0.096	0.100	0.099	0.099	0.104	0.100	0.099	0.096	0.098	0.096	0.093	0.097	0.097	0.096	0.096	0.099	0.098	0.103	0.100	0.100	0.100	0.095	0.093	0.097	0.098	0.098	0.097	0.096	0.097	0.098	0.101	0.097	0.098	0.095	0.094	0.103	0.098	0.098	0.096	0.103	0.101	0.095	0.096	0.096	0.096	0.092	0.095	0.098	0.096	0.097	0.097	0.102	0.098	0.098	0.097	0.097	0.098	0.092	0.096	0.096	0.101	0.099	0.099	0.097	0.097	0.099	0.098	0.100	0.098	0.093	0.094	0.094	0.094	0.094	0.095	0.093	0.094	0.094	0.094	0.095	0.094	0.093
21:00:25	19.2	0.092	0.093	0.093	0.095	0.093	0.093	0.093	0.093	0.093	0.093	0.093	0.095	0.092	0.103	0.096	0.100	0.099	0.099	0.106	0.100	0.099	0.097	0.098	0.095	0.092	0.097	0.098	0.096	0.096	0.099	0.098	0.104	0.101	0.100	0.101	0.095	0.093	0.097	0.099	0.099	0.097	0.097	0.097	0.098	0.101	0.097	0.098	0.094	0.094	0.105	0.098	0.098	0.096	0.105	0.102	0.095	0.095	0.096	0.096	0.092	0.095	0.098	0.096	0.097	0.097	0.103	0.098	0.098	0.097	0.097	0.098	0.092	0.095	0.096	0.102	0.099	0.099	0.096	0.097	0.098	0.099	0.100	0.098	0.092	0.094	0.094	0.093	0.093	0.094	0.093	0.094	0.094	0.094	0.095	0.094	0.093
22:00:26	19.3	0.092	0.093	0.093	0.095	0.093	0.094	0.093	0.093	0.093	0.093	0.093	0.095	0.092	0.104	0.096	0.101	0.101	0.099	0.109	0.100	0.100	0.097	0.098	0.096	0.092	0.097	0.099	0.096	0.096	0.099	0.098	0.106	0.102	0.101	0.102	0.095	0.093	0.097	0.100	0.100	0.098	0.096	0.097	0.098	0.103	0.097	0.098	0.094	0.094	0.106	0.099	0.099	0.096	0.107	0.104	0.095	0.096	0.096	0.096	0.092	0.095	0.098	0.096	0.097	0.097	0.106	0.098	0.098	0.098	0.098	0.099	0.092	0.095	0.096	0.102	0.100	0.100	0.097	0.097	0.099	0.100	0.101	0.098	0.092	0.094	0.094	0.093	0.093	0.094	0.093	0.094	0.093	0.094	0.095	0.094	0.093
23:00:38	19.3	0.092	0.093	0.093	0.095	0.093	0.094	0.093	0.093	0.093	0.093	0.094	0.095	0.092	0.107	0.097	0.102	0.102	0.099	0.111	0.100	0.101	0.097	0.098	0.096	0.093	0.097	0.100	0.096	0.096	0.099	0.098	0.108	0.103	0.101	0.103	0.095	0.093	0.097	0.101	0.102	0.099	0.096	0.097	0.099	0.104	0.097	0.099	0.094	0.094	0.108	0.100	0.099	0.096	0.109	0.107	0.095	0.096	0.096	0.096	0.092	0.095	0.098	0.096	0.097	0.097	0.108	0.098	0.098	0.099	0.099	0.100	0.092	0.095	0.096	0.104	0.101	0.101	0.097	0.097	0.099	0.101	0.102	0.098	0.092	0.095	0.094	0.094	0.093	0.094	0.093	0.094	0.093	0.094	0.095	0.094	0.093
24:00:27	19.2	0.092	0.093	0.093	0.095	0.093	0.094	0.093	0.093	0.093	0.093	0.094	0.095	0.092	0.109	0.097	0.104	0.103	0.100	0.115	0.100	0.102	0.098	0.098	0.096	0.092	0.097	0.101	0.097	0.096	0.099	0.099	0.111	0.105	0.103	0.104	0.095	0.093	0.097	0.103	0.104	0.101	0.097	0.097	0.099	0.105	0.098	0.098	0.094	0.094	0.111	0.101	0.100	0.096	0.112	0.109	0.095	0.096	0.096	0.096	0.093	0.095	0.098	0.097	0.097	0.098	0.111	0.099	0.098	0.100	0.100	0.101	0.092	0.096	0.096	0.105	0.102	0.101	0.097	0.097	0.099	0.101	0.104	0.098	0.093	0.094	0.094	0.094	0.093	0.094	0.093	0.094	0.093	0.095	0.095	0.094	0.093
25:00:36	19.2	0.092	0.093	0.093	0.095	0.093	0.093	0.093	0.093	0.093	0.093	0.093	0.095	0.092	0.112	0.097	0.105	0.104	0.100	0.119	0.099	0.103	0.098	0.098	0.095	0.092	0.097	0.102	0.096	0.096	0.099	0.099	0.114	0.107	0.103	0.105	0.095	0.093	0.097	0.104	0.105	0.102	0.097	0.097	0.099	0.107	0.098	0.099	0.094	0.094	0.114	0.102	0.100	0.096	0.115	0.112	0.095	0.095	0.096	0.096	0.092	0.095	0.098	0.096	0.097	0.097	0.114	0.099	0.098	0.101	0.102	0.102	0.092	0.095	0.096	0.107	0.103	0.102	0.097	0.097	0.099	0.103	0.106	0.099	0.092	0.094	0.094	0.093	0.093	0.094	0.093	0.094	0.093	0.094	0.095	0.094	0.093
26:00:29	19.4	0.092	0.093	0.093	0.095	0.093	0.093	0.093	0.093	0.093	0.093	0.093	0.095	0.092	0.116	0.097	0.107	0.106	0.100	0.123	0.099	0.105	0.098	0.098	0.095	0.093	0.098	0.104	0.097	0.096	0.099	0.099	0.117	0.109	0.105	0.107	0.095	0.093	0.097	0.107	0.107	0.104	0.097	0.097	0.099	0.110	0.098	0.099	0.094	0.094	0.117	0.104	0.100	0.096	0.119	0.115	0.095	0.096	0.096	0.096	0.092	0.095	0.099	0.097	0.097	0.097	0.118	0.099	0.098	0.102	0.103	0.104	0.092	0.096	0.097	0.109	0.105	0.104	0.098	0.098	0.099	0.104	0.108	0.099	0.093	0.094	0.094	0.093	0.093	0.094	0.093	0.094	0.093	0.094	0.095	0.094	0.093
27:00:29	19.5	0.092	0.093	0.093	0.095	0.093	0.094	0.093	0.093	0.094	0.093	0.094	0.095	0.092	0.120	0.097	0.109	0.109	0.100	0.127	0.101	0.108	0.099	0.099	0.096	0.093	0.098	0.106	0.097	0.096	0.100	0.100	0.121	0.112	0.107	0.110	0.095	0.093	0.097	0.109	0.110	0.107	0.097	0.097	0.100	0.112	0.098	0.100	0.094	0.094	0.121	0.106	0.101	0.096	0.123	0.119	0.095	0.096	0.096	0.097	0.092	0.095	0.099	0.097	0.097	0.097	0.122	0.100	0.099	0.104	0.105	0.107	0.093	0.096	0.097	0.111	0.107	0.105	0.098	0.098	0.099	0.106	0.111	0.099	0.093	0.094	0.094	0.093	0.093	0.094	0.093	0.094	0.093	0.095	0.095	0.094	0.093
28:00:31	19.6	0.092	0.093	0.093	0.095	0.093	0.094	0.093	0.093	0.094	0.093	0.094	0.095	0.092	0.124	0.097	0.112	0.112	0.101	0.132	0.101	0.111	0.100	0.099	0.096	0.093	0.098	0.109	0.097	0.096	0.100	0.100	0.125	0.115	0.109	0.112	0.095	0.093	0.098	0.112	0.114	0.110	0.097	0.098	0.100	0.116	0.098	0.100	0.095	0.094	0.125	0.108	0.101	0.096	0.127	0.122	0.095	0.096	0.096	0.097	0.093	0.095	0.099	0.097	0.097	0.098	0.126	0.100	0.099	0.106	0.108	0.109	0.092	0.096	0.097	0.114	0.109	0.107	0.098	0.098	0.099	0.108	0.114	0.100	0.093	0.094	0.094	0.094	0.093	0.094	0.093	0.094	0.094	0.095	0.095	0.094	0.093
29:00:32	19.7	0.092	0.093	0.093	0.095	0.093	0.094	0.093	0.093	0.094	0.093	0.094	0.095	0.092	0.128	0.097	0.116	0.115	0.101	0.136	0.100	0.114	0.100	0.099	0.095	0.092	0.098	0.111	0.098	0.097	0.100	0.100	0.129	0.119	0.111	0.115	0.095	0.093	0.098	0.116	0.118	0.113	0.097	0.098	0.101	0.120	0.098	0.100	0.094	0.094	0.129	0.111	0.102	0.096	0.131	0.125	0.095	0.096	0.096	0.097	0.093	0.096	0.100	0.097	0.097	0.098	0.130	0.101	0.099	0.108	0.110	0.112	0.093	0.096	0.097	0.117	0.112	0.109	0.098	0.098	0.100	0.111	0.118	0.101	0.093	0.094	0.094	0.094	0.093	0.094	0.093	0.094	0.093	0.094	0.095	0.094	0.093
30:00:34	19.6	0.092	0.093	0.093	0.095	0.093	0.094	0.093	0.093	0.094	0.093	0.094	0.095	0.093	0.133	0.097	0.120	0.119	0.101	0.140	0.100	0.118	0.101	0.099	0.096	0.092	0.099	0.115	0.098	0.097	0.100	0.101	0.132	0.123	0.115	0.119	0.095	0.093	0.098	0.120	0.123	0.117	0.097	0.098	0.101	0.123	0.098	0.101	0.095	0.094	0.133	0.115	0.102	0.097	0.135	0.128	0.096	0.096	0.096	0.097	0.093	0.096	0.100	0.097	0.097	0.098	0.134	0.102	0.099	0.111	0.114	0.115	0.092	0.096	0.097	0.121	0.115	0.112	0.099	0.098	0.100	0.114	0.123	0.101	0.093	0.094	0.094	0.093	0.094	0.094	0.093	0.094	0.094	0.094	0.095	0.094	0.094
31:00:35	19.4	0.092	0.093	0.093	0.095	0.093	0.094	0.093	0.093	0.093	0.093	0.094	0.095	0.092	0.137	0.097	0.124	0.123	0.102	0.144	0.101	0.122	0.101	0.099	0.096	0.093	0.099	0.118	0.098	0.097	0.100	0.102	0.135	0.127	0.117	0.123	0.095	0.093	0.099	0.124	0.127	0.120	0.097	0.098	0.102	0.126	0.098	0.102	0.095	0.094	0.138	0.118	0.102	0.097	0.139	0.131	0.095	0.096	0.096	0.097	0.093	0.096	0.100	0.097	0.098	0.098	0.138	0.102	0.099	0.114	0.117	0.119	0.092	0.096	0.097	0.125	0.118	0.115	0.100	0.098	0.100	0.117	0.126	0.102	0.092	0.094	0.094	0.094	0.094	0.094	0.093	0.094	0.093	0.094	0.095	0.094	0.093
32:00:36	19.3	0.092	0.093	0.093	0.094	0.093	0.093	0.093	0.093	0.093	0.093	0.093	0.095	0.092	0.142	0.097	0.127	0.127	0.102	0.147	0.101	0.126	0.102	0.099	0.095	0.092	0.099	0.122	0.098	0.096	0.100	0.102	0.138	0.130	0.120	0.126	0.095	0.093	0.098	0.128	0.131	0.124	0.097	0.098	0.102	0.129	0.098	0.102	0.094	0.094	0.141	0.121	0.103	0.096	0.142	0.134	0.095	0.096	0.096	0.096	0.092	0.095	0.100	0.097	0.097	0.097	0.141	0.102	0.099	0.117	0.120	0.123	0.092	0.095	0.097	0.129	0.122	0.117	0.100	0.098	0.100	0.120	0.129	0.102	0.092	0.094	0.094	0.093	0.093	0.094	0.093	0.094	0.093	0.094	0.095	0.093	0.093
33:00:38	19.3	0.092	0.093	0.093	0.095	0.093	0.093	0.093	0.093	0.094	0.093	0.094	0.095	0.093	0.146	0.097	0.132	0.132	0.102	0.151	0.100	0.130	0.102	0.099	0.096	0.093	0.100	0.126	0.098	0.097	0.100	0.103	0.141	0.133	0.123	0.131	0.095	0.093	0.098	0.132	0.135	0.127	0.097	0.098	0.103	0.132	0.098	0.102	0.094	0.094	0.145	0.125	0.103	0.096	0.145	0.137	0.096	0.096	0.096	0.097	0.092	0.095	0.101	0.097	0.097	0.098	0.144	0.103	0.099	0.120	0.124	0.126	0.092	0.095	0.097	0.133	0.125	0.121	0.100	0.098	0.100	0.124	0.133	0.103	0.092	0.094	0.094	0.093	0.093	0.094	0.093	0.094	0.093	0.094	0.095	0.094	0.093
34:00:37	19.4	0.092	0.093	0.093	0.095	0.093	0.094	0.093	0.093	0.093	0.093	0.094	0.095	0.092	0.150	0.098	0.136	0.136	0.102	0.154	0.101	0.134	0.103	0.100	0.095	0.093	0.101	0.130	0.099	0.097	0.100	0.104	0.144	0.137	0.126	0.135	0.095	0.093	0.098	0.137	0.139	0.131	0.097	0.098	0.103	0.135	0.099	0.103	0.094	0.094	0.149	0.129	0.104	0.097	0.149	0.139	0.096	0.096	0.096	0.097	0.092	0.095	0.101	0.097	0.098	0.098	0.148	0.104	0.099	0.124	0.128	0.130	0.093	0.095	0.097	0.138	0.129	0.125	0.101	0.098	0.100	0.128	0.137	0.103	0.093	0.095	0.094	0.094	0.093	0.094	0.093	0.094	0.093	0.094	0.095	0.094	0.093
35:00:40	19.4	0.092	0.093	0.093	0.095	0.093	0.093	0.093	0.093	0.093	0.093	0.093	0.095	0.092	0.154	0.097	0.140	0.140	0.102	0.157	0.101	0.139	0.104	0.100	0.095	0.092	0.101	0.134	0.099	0.096	0.100	0.105	0.146	0.140	0.129	0.138	0.095	0.093	0.098	0.140	0.142	0.134	0.098	0.098	0.104	0.138	0.099	0.103	0.094	0.094	0.153	0.133	0.104	0.097	0.152	0.142	0.095	0.096	0.096	0.097	0.092	0.095	0.102	0.097	0.097	0.098	0.151	0.105	0.099	0.126	0.131	0.133	0.092	0.096	0.097	0.142	0.133	0.128	0.102	0.098	0.100	0.132	0.140	0.104	0.093	0.094	0.093	0.093	0.093	0.094	0.093	0.094	0.093	0.094	0.095	0.093	0.093
36:00:40	19.4	0.092	0.093	0.093	0.095	0.093	0.093	0.093	0.093	0.093	0.093	0.094	0.095	0.092	0.158	0.098	0.145	0.145	0.103	0.161	0.101	0.143	0.105	0.100	0.095	0.092	0.102	0.138	0.099	0.097	0.100	0.106	0.149	0.143	0.132	0.142	0.095	0.093	0.098	0.144	0.145	0.137	0.098	0.098	0.106	0.141	0.099	0.104	0.095	0.094	0.157	0.136	0.105	0.097	0.155	0.144	0.096	0.097	0.096	0.097	0.092	0.095	0.102	0.097	0.097	0.098	0.154	0.107	0.099	0.130	0.135	0.137	0.092	0.096	0.097	0.146	0.137	0.132	0.103	0.098	0.100	0.135	0.144	0.104	0.093	0.095	0.094	0.093	0.093	0.094	0.093	0.094	0.093	0.094	0.095	0.094	0.093
37:00:48	19.4	0.092	0.093	0.093	0.095	0.093	0.094	0.093	0.093	0.094	0.093	0.094	0.095	0.092	0.163	0.098	0.149	0.149	0.103	0.164	0.101	0.148	0.106	0.100	0.096	0.092	0.103	0.142	0.099	0.097	0.101	0.108	0.152	0.145	0.136	0.146	0.095	0.093	0.098	0.149	0.149	0.140	0.098	0.098	0.107	0.143	0.099	0.104	0.094	0.094	0.160	0.140	0.106	0.097	0.158	0.147	0.096	0.097	0.096	0.097	0.093	0.095	0.103	0.097	0.098	0.098	0.157	0.108	0.099	0.133	0.138	0.140	0.092	0.095	0.097	0.150	0.141	0.135	0.104	0.098	0.100	0.139	0.147	0.105	0.093	0.095	0.094	0.094	0.094	0.094	0.093	0.094	0.093	0.095	0.095	0.094	0.093
38:00:41	19.4	0.092	0.093	0.093	0.095	0.093	0.094	0.094	0.093	0.093	0.093	0.094	0.095	0.093	0.167	0.098	0.153	0.153	0.104	0.168	0.101	0.153	0.106	0.101	0.096	0.093	0.104	0.146	0.099	0.097	0.101	0.110	0.155	0.149	0.138	0.150	0.095	0.093	0.098	0.152	0.152	0.144	0.098	0.098	0.109	0.146	0.099	0.105	0.094	0.094	0.164	0.144	0.106	0.097	0.162	0.149	0.096	0.097	0.097	0.097	0.093	0.095	0.104	0.097	0.098	0.098	0.161	0.110	0.099	0.136	0.141	0.143	0.092	0.095	0.097	0.154	0.145	0.139	0.105	0.099	0.100	0.143	0.150	0.106	0.093	0.094	0.094	0.094	0.094	0.094	0.093	0.094	0.094	0.094	0.095	0.094	0.093
39:00:42	19.3	0.092	0.093	0.093	0.095	0.093	0.094	0.094	0.093	0.094	0.093	0.094	0.095	0.092	0.172	0.098	0.157	0.157	0.104	0.171	0.101	0.157	0.108	0.101	0.096	0.093	0.106	0.150	0.100	0.097	0.101	0.112	0.158	0.152	0.141	0.153	0.095	0.093	0.098	0.156	0.155	0.146	0.098	0.098	0.111	0.148	0.099	0.106	0.094	0.094	0.169	0.147	0.107	0.097	0.165	0.152	0.096	0.097	0.097	0.097	0.093	0.096	0.105	0.098	0.098	0.098	0.164	0.113	0.099	0.139	0.145	0.147	0.093	0.095	0.097	0.158	0.149	0.142	0.107	0.099	0.100	0.146	0.153	0.107	0.093	0.095	0.094	0.094	0.094	0.094	0.093	0.094	0.094	0.095	0.095	0.094	0.093
40:00:43	19.3	0.093	0.093	0.093	0.095	0.093	0.094	0.094	0.093	0.094	0.094	0.094	0.095	0.093	0.177	0.098	0.161	0.160	0.105	0.174	0.101	0.161	0.108	0.101	0.096	0.093	0.107	0.154	0.100	0.097	0.101	0.115	0.160	0.155	0.144	0.157	0.095	0.094	0.098	0.159	0.158	0.150	0.099	0.098	0.113	0.151	0.100	0.107	0.095	0.094	0.173	0.151	0.107	0.097	0.169	0.155	0.096	0.097	0.097	0.097	0.093	0.096	0.107	0.098	0.098	0.098	0.167	0.116	0.100	0.142	0.147	0.150	0.093	0.096	0.097	0.162	0.153	0.146	0.109	0.099	0.100	0.149	0.156	0.107	0.093	0.094	0.094	0.094	0.094	0.095	0.094	0.094	0.094	0.095	0.095	0.094	0.093
41:00:44	19.2	0.093	0.093	0.093	0.095	0.093	0.094	0.094	0.093	0.094	0.093	0.094	0.095	0.093	0.181	0.098	0.164	0.164	0.105	0.178	0.101	0.165	0.109	0.101	0.096	0.093	0.109	0.157	0.100	0.097	0.101	0.117	0.163	0.157	0.147	0.160	0.095	0.094	0.098	0.162	0.161	0.152	0.098	0.099	0.116	0.153	0.100	0.107	0.095	0.094	0.176	0.154	0.108	0.097	0.172	0.157	0.096	0.097	0.097	0.097	0.093	0.095	0.108	0.097	0.098	0.098	0.170	0.118	0.099	0.145	0.151	0.153	0.093	0.096	0.097	0.166	0.156	0.149	0.111	0.099	0.100	0.153	0.159	0.108	0.093	0.094	0.094	0.094	0.094	0.094	0.093	0.094	0.094	0.095	0.095	0.094	0.093
42:00:45	19.2	0.092	0.093	0.093	0.095	0.093	0.094	0.094	0.093	0.094	0.093	0.094	0.095	0.092	0.186	0.098	0.168	0.167	0.105	0.181	0.101	0.169	0.109	0.101	0.096	0.093	0.111	0.160	0.101	0.097	0.101	0.121	0.166	0.159	0.149	0.164	0.095	0.093	0.098	0.165	0.163	0.155	0.098	0.098	0.119	0.155	0.100	0.107	0.094	0.094	0.179	0.157	0.108	0.097	0.175	0.160	0.096	0.097	0.096	0.097	0.092	0.095	0.109	0.097	0.098	0.098	0.173	0.122	0.099	0.148	0.153	0.156	0.092	0.095	0.097	0.169	0.159	0.153	0.113	0.099	0.100	0.156	0.161	0.108	0.093	0.094	0.094	0.094	0.094	0.094	0.093	0.094	0.093	0.094	0.095	0.094	0.093
43:00:45	19.2	0.092	0.093	0.093	0.095	0.093	0.094	0.094	0.093	0.093	0.093	0.094	0.095	0.092	0.190	0.098	0.171	0.171	0.105	0.184	0.101	0.173	0.110	0.101	0.095	0.093	0.113	0.164	0.101	0.097	0.101	0.125	0.169	0.162	0.152	0.168	0.095	0.093	0.098	0.169	0.166	0.158	0.098	0.098	0.123	0.157	0.100	0.108	0.094	0.094	0.183	0.160	0.109	0.097	0.178	0.162	0.096	0.097	0.097	0.098	0.092	0.095	0.111	0.097	0.098	0.098	0.177	0.126	0.099	0.151	0.156	0.159	0.092	0.095	0.097	0.173	0.163	0.156	0.116	0.099	0.100	0.159	0.164	0.109	0.092	0.094	0.094	0.094	0.093	0.094	0.093	0.094	0.093	0.094	0.095	0.094	0.093
44:00:46	19.1	0.092	0.093	0.093	0.095	0.093	0.094	0.094	0.093	0.094	0.093	0.094	0.095	0.093	0.195	0.098	0.175	0.175	0.106	0.188	0.101	0.177	0.110	0.102	0.096	0.093	0.116	0.168	0.102	0.097	0.101	0.130	0.171	0.164	0.154	0.171	0.096	0.094	0.098	0.172	0.169	0.161	0.098	0.099	0.127	0.160	0.100	0.108	0.095	0.094	0.187	0.164	0.109	0.097	0.181	0.165	0.096	0.097	0.097	0.097	0.093	0.096	0.113	0.098	0.098	0.098	0.180	0.131	0.099	0.154	0.160	0.163	0.092	0.095	0.097	0.177	0.166	0.159	0.120	0.099	0.100	0.162	0.167	0.109	0.093	0.094	0.094	0.094	0.094	0.094	0.093	0.094	0.094	0.094	0.095	0.094	0.093
45:00:48	19.1	0.092	0.093	0.093	0.094	0.093	0.094	0.094	0.093	0.094	0.093	0.094	0.095	0.092	0.200	0.098	0.179	0.179	0.106	0.192	0.102	0.182	0.111	0.102	0.096	0.093	0.119	0.171	0.102	0.097	0.101	0.136	0.174	0.167	0.157	0.175	0.095	0.093	0.098	0.175	0.172	0.163	0.098	0.099	0.132	0.162	0.100	0.109	0.095	0.094	0.191	0.167	0.110	0.097	0.185	0.168	0.096	0.097	0.097	0.097	0.093	0.095	0.116	0.098	0.098	0.098	0.184	0.136	0.099	0.157	0.163	0.166	0.093	0.095	0.097	0.181	0.170	0.162	0.124	0.099	0.100	0.166	0.170	0.109	0.093	0.095	0.094	0.094	0.094	0.094	0.093	0.094	0.094	0.095	0.095	0.094	0.093
46:00:49	19.1	0.092	0.093	0.093	0.096	0.093	0.094	0.094	0.093	0.094	0.094	0.094	0.095	0.093	0.205	0.098	0.183	0.183	0.107	0.195	0.101	0.186	0.111	0.102	0.096	0.093	0.123	0.175	0.102	0.097	0.102	0.141	0.178	0.170	0.160	0.178	0.095	0.093	0.098	0.179	0.175	0.166	0.098	0.099	0.137	0.165	0.100	0.109	0.095	0.094	0.196	0.170	0.111	0.097	0.188	0.171	0.096	0.098	0.097	0.098	0.092	0.096	0.119	0.098	0.098	0.098	0.188	0.141	0.100	0.160	0.166	0.169	0.093	0.095	0.097	0.185	0.173	0.166	0.129	0.099	0.101	0.169	0.173	0.110	0.093	0.094	0.094	0.094	0.094	0.094	0.093	0.094	0.094	0.095	0.095	0.094	0.093
47:00:50	19.1	0.092	0.093	0.093	0.094	0.093	0.094	0.094	0.093	0.094	0.093	0.094	0.095	0.093	0.209	0.098	0.187	0.186	0.107	0.199	0.100	0.190	0.112	0.102	0.096	0.093	0.128	0.179	0.102	0.097	0.102	0.146	0.181	0.173	0.162	0.182	0.095	0.093	0.098	0.182	0.178	0.170	0.098	0.099	0.141	0.167	0.100	0.109	0.095	0.094	0.200	0.174	0.111	0.097	0.192	0.175	0.096	0.098	0.097	0.098	0.093	0.095	0.122	0.098	0.098	0.098	0.191	0.146	0.099	0.163	0.170	0.173	0.093	0.095	0.097	0.189	0.177	0.169	0.133	0.099	0.100	0.173	0.176	0.111	0.093	0.094	0.094	0.094	0.094	0.094	0.093	0.094	0.093	0.095	0.095	0.094	0.093
48:00:50	19.0	0.092	0.093	0.093	0.095	0.093	0.094	0.094	0.093	0.094	0.093	0.094	0.095	0.093	0.214	0.098	0.191	0.191	0.107	0.203	0.100	0.195	0.112	0.102	0.096	0.093	0.133	0.182	0.102	0.097	0.102	0.152	0.184	0.175	0.166	0.186	0.095	0.093	0.098	0.186	0.182	0.173	0.098	0.099	0.146	0.170	0.100	0.110	0.095	0.094	0.204	0.177	0.112	0.097	0.195	0.177	0.096	0.098	0.097	0.098	0.093	0.096	0.127	0.098	0.098	0.098	0.194	0.150	0.099	0.166	0.173	0.177	0.093	0.095	0.097	0.194	0.181	0.173	0.138	0.099	0.100	0.176	0.179	0.111	0.093	0.094	0.094	0.094	0.094	0.094	0.093	0.094	0.094	0.094	0.095	0.094	0.094
49:01:03	19.1	0.092	0.094	0.094	0.095	0.093	0.094	0.094	0.093	0.094	0.094	0.094	0.096	0.093	0.219	0.098	0.195	0.194	0.108	0.206	0.101	0.199	0.113	0.103	0.096	0.093	0.138	0.187	0.103	0.098	0.102	0.157	0.187	0.178	0.168	0.190	0.095	0.094	0.098	0.190	0.185	0.176	0.099	0.099	0.151	0.172	0.101	0.110	0.095	0.094	0.208	0.181	0.112	0.098	0.198	0.181	0.097	0.098	0.097	0.098	0.093	0.096	0.131	0.098	0.098	0.098	0.197	0.155	0.100	0.169	0.176	0.180	0.093	0.096	0.097	0.198	0.185	0.176	0.144	0.100	0.100	0.180	0.182	0.111	0.093	0.095	0.094	0.094	0.094	0.094	0.093	0.094	0.094	0.095	0.095	0.094	0.094
50:00:53	19.3	0.092	0.093	0.093	0.095	0.093	0.094	0.094	0.093	0.093	0.093	0.093	0.095	0.093	0.222	0.098	0.198	0.198	0.108	0.210	0.100	0.203	0.113	0.102	0.095	0.093	0.142	0.190	0.103	0.097	0.102	0.162	0.190	0.181	0.171	0.194	0.095	0.093	0.098	0.193	0.188	0.179	0.098	0.098	0.156	0.175	0.101	0.110	0.094	0.094	0.211	0.183	0.113	0.097	0.201	0.183	0.096	0.098	0.097	0.097	0.092	0.095	0.136	0.098	0.098	0.098	0.200	0.159	0.099	0.172	0.179	0.183	0.092	0.095	0.097	0.201	0.188	0.179	0.149	0.099	0.100	0.183	0.185	0.111	0.092	0.094	0.094	0.094	0.094	0.094	0.093	0.094	0.093	0.094	0.095	0.094	0.093
51:00:53	19.6	0.093	0.093	0.093	0.095	0.093	0.094	0.094	0.093	0.094	0.093	0.094	0.095	0.093	0.227	0.098	0.202	0.202	0.109	0.214	0.101	0.208	0.114	0.103	0.096	0.093	0.148	0.194	0.103	0.098	0.102	0.168	0.193	0.185	0.175	0.198	0.096	0.094	0.098	0.197	0.191	0.182	0.099	0.099	0.161	0.177	0.101	0.111	0.095	0.094	0.215	0.187	0.114	0.097	0.204	0.187	0.096	0.098	0.097	0.098	0.093	0.096	0.141	0.098	0.098	0.098	0.203	0.164	0.100	0.175	0.183	0.187	0.093	0.096	0.097	0.206	0.192	0.183	0.154	0.099	0.100	0.187	0.189	0.112	0.093	0.094	0.094	0.094	0.094	0.094	0.094	0.094	0.094	0.095	0.095	0.094	0.093
52:00:55	19.9	0.092	0.093	0.093	0.095	0.093	0.094	0.094	0.093	0.093	0.093	0.094	0.095	0.092	0.230	0.098	0.206	0.206	0.108	0.217	0.101	0.212	0.113	0.103	0.095	0.092	0.153	0.198	0.103	0.097	0.102	0.174	0.196	0.188	0.177	0.201	0.095	0.093	0.098	0.200	0.194	0.185	0.098	0.099	0.166	0.179	0.101	0.110	0.094	0.094	0.218	0.190	0.114	0.097	0.207	0.190	0.096	0.098	0.097	0.097	0.092	0.095	0.146	0.098	0.098	0.098	0.205	0.169	0.099	0.178	0.186	0.190	0.092	0.095	0.097	0.209	0.196	0.186	0.160	0.099	0.100	0.190	0.192	0.112	0.092	0.094	0.094	0.093	0.094	0.094	0.093	0.094	0.093	0.094	0.095	0.094	0.093
53:00:57	20.0	0.092	0.093	0.093	0.095	0.093	0.094	0.094	0.093	0.093	0.093	0.094	0.095	0.093	0.234	0.098	0.209	0.209	0.109	0.220	0.102	0.216	0.114	0.104	0.096	0.093	0.158	0.202	0.104	0.097	0.102	0.180	0.199	0.191	0.181	0.206	0.095	0.093	0.098	0.203	0.197	0.188	0.099	0.099	0.171	0.182	0.101	0.111	0.095	0.094	0.222	0.194	0.115	0.097	0.210	0.192	0.096	0.099	0.097	0.097	0.093	0.095	0.151	0.098	0.098	0.098	0.209	0.174	0.099	0.181	0.190	0.193	0.093	0.096	0.097	0.213	0.199	0.190	0.165	0.099	0.100	0.194	0.196	0.113	0.093	0.094	0.094	0.094	0.094	0.094	0.093	0.094	0.094	0.095	0.095	0.094	0.093
54:00:58	19.9	0.092	0.093	0.093	0.095	0.093	0.094	0.094	0.093	0.093	0.093	0.094	0.095	0.092	0.238	0.098	0.213	0.213	0.110	0.223	0.101	0.221	0.114	0.103	0.096	0.092	0.163	0.205	0.104	0.097	0.102	0.185	0.202	0.193	0.183	0.209	0.095	0.093	0.098	0.207	0.200	0.191	0.098	0.099	0.175	0.185	0.101	0.111	0.094	0.094	0.225	0.197	0.116	0.097	0.213	0.195	0.096	0.099	0.097	0.097	0.092	0.095	0.156	0.098	0.098	0.098	0.211	0.177	0.099	0.185	0.193	0.197	0.092	0.095	0.097	0.217	0.203	0.193	0.170	0.099	0.100	0.198	0.198	0.113	0.093	0.094	0.094	0.093	0.094	0.094	0.093	0.094	0.093	0.094	0.095	0.094	0.093
55:00:59	19.6	0.092	0.093	0.093	0.094	0.093	0.093	0.094	0.093	0.093	0.093	0.093	0.095	0.092	0.243	0.098	0.218	0.218	0.111	0.226	0.101	0.225	0.115	0.104	0.095	0.092	0.169	0.210	0.104	0.097	0.102	0.190	0.204	0.196	0.186	0.213	0.095	0.093	0.098	0.210	0.204	0.195	0.099	0.099	0.179	0.188	0.101	0.111	0.094	0.094	0.229	0.201	0.117	0.097	0.216	0.198	0.096	0.099	0.097	0.097	0.092	0.095	0.161	0.098	0.098	0.098	0.215	0.182	0.099	0.189	0.197	0.201	0.092	0.095	0.097	0.222	0.207	0.197	0.175	0.099	0.100	0.202	0.201	0.113	0.092	0.094	0.094	0.093	0.094	0.094	0.093	0.094	0.094	0.094	0.095	0.093	0.093
56:01:00	19.5	0.092	0.093	0.093	0.095	0.093	0.094	0.094	0.093	0.094	0.093	0.094	0.095	0.093	0.248	0.098	0.222	0.222	0.111	0.230	0.102	0.230	0.115	0.105	0.096	0.093	0.173	0.213	0.105	0.098	0.103	0.196	0.207	0.199	0.190	0.217	0.095	0.093	0.098	0.214	0.209	0.199	0.099	0.099	0.184	0.191	0.101	0.112	0.094	0.094	0.232	0.204	0.119	0.097	0.219	0.201	0.096	0.100	0.097	0.098	0.093	0.095	0.166	0.099	0.098	0.098	0.218	0.186	0.099	0.192	0.200	0.205	0.093	0.096	0.098	0.227	0.211	0.201	0.180	0.099	0.101	0.206	0.204	0.113	0.093	0.094	0.094	0.094	0.094	0.094	0.093	0.094	0.094	0.095	0.095	0.094	0.093
57:01:00	19.4	0.092	0.094	0.093	0.095	0.093	0.094	0.094	0.093	0.094	0.093	0.094	0.095	0.093	0.250	0.098	0.225	0.225	0.113	0.232	0.102	0.233	0.116	0.105	0.096	0.093	0.177	0.217	0.105	0.098	0.103	0.200	0.209	0.202	0.192	0.220	0.095	0.093	0.098	0.217	0.212	0.202	0.099	0.099	0.188	0.194	0.101	0.112	0.094	0.094	0.234	0.207	0.120	0.098	0.222	0.204	0.097	0.100	0.097	0.098	0.093	0.095	0.171	0.099	0.098	0.098	0.220	0.191	0.100	0.195	0.203	0.208	0.093	0.095	0.097	0.231	0.214	0.204	0.186	0.099	0.101	0.208	0.206	0.114	0.093	0.094	0.094	0.094	0.094	0.094	0.093	0.094	0.094	0.095	0.095	0.094	0.093
58:01:02	19.4	0.092	0.093	0.093	0.095	0.093	0.094	0.094	0.093	0.094	0.093	0.094	0.095	0.093	0.253	0.099	0.228	0.228	0.113	0.234	0.101	0.236	0.116	0.105	0.096	0.093	0.181	0.220	0.106	0.098	0.103	0.205	0.211	0.204	0.195	0.223	0.095	0.093	0.098	0.219	0.215	0.205	0.099	0.100	0.192	0.196	0.102	0.112	0.094	0.094	0.236	0.210	0.122	0.098	0.225	0.206	0.096	0.101	0.097	0.098	0.093	0.096	0.176	0.099	0.098	0.098	0.222	0.194	0.100	0.198	0.205	0.211	0.092	0.096	0.097	0.233	0.216	0.207	0.190	0.100	0.101	0.211	0.208	0.114	0.093	0.094	0.094	0.094	0.094	0.094	0.093	0.094	0.094	0.094	0.095	0.094	0.093
59:01:04	19.4	0.092	0.094	0.093	0.095	0.094	0.094	0.094	0.093	0.094	0.094	0.094	0.095	0.093	0.255	0.098	0.231	0.231	0.115	0.237	0.101	0.239	0.117	0.106	0.096	0.093	0.185	0.223	0.106	0.098	0.104	0.209	0.213	0.207	0.197	0.226	0.096	0.094	0.098	0.222	0.217	0.207	0.099	0.100	0.195	0.198	0.102	0.113	0.095	0.094	0.240	0.212	0.124	0.097	0.228	0.208	0.097	0.102	0.097	0.098	0.093	0.096	0.180	0.099	0.098	0.098	0.225	0.198	0.100	0.200	0.208	0.213	0.093	0.096	0.098	0.236	0.219	0.210	0.194	0.100	0.101	0.214	0.209	0.114	0.093	0.094	0.094	0.094	0.094	0.094	0.094	0.094	0.094	0.095	0.095	0.094	0.093
60:01:04	19.4	0.092	0.093	0.093	0.095	0.093	0.094	0.094	0.093	0.093	0.093	0.093	0.095	0.093	0.257	0.099	0.233	0.233	0.115	0.238	0.101	0.242	0.117	0.106	0.095	0.092	0.189	0.225	0.106	0.098	0.103	0.214	0.215	0.209	0.199	0.229	0.095	0.093	0.098	0.225	0.220	0.210	0.099	0.099	0.199	0.200	0.102	0.113	0.094	0.094	0.241	0.215	0.125	0.097	0.230	0.209	0.096	0.102	0.097	0.097	0.093	0.095	0.184	0.099	0.098	0.098	0.226	0.202	0.099	0.202	0.210	0.215	0.092	0.095	0.097	0.239	0.221	0.212	0.199	0.100	0.100	0.217	0.211	0.114	0.092	0.094	0.094	0.094	0.094	0.094	0.093	0.094	0.093	0.094	0.095	0.094	0.093
61:01:06	19.4	0.092	0.093	0.093	0.095	0.093	0.094	0.094	0.093	0.093	0.093	0.094	0.095	0.092	0.260	0.098	0.236	0.236	0.117	0.240	0.101	0.246	0.117	0.107	0.095	0.093	0.193	0.228	0.107	0.098	0.103	0.219	0.217	0.211	0.202	0.231	0.095	0.093	0.098	0.227	0.222	0.213	0.100	0.099	0.203	0.202	0.102	0.113	0.094	0.094	0.243	0.217	0.128	0.098	0.232	0.212	0.097	0.103	0.097	0.098	0.093	0.095	0.188	0.099	0.098	0.098	0.228	0.206	0.100	0.205	0.212	0.218	0.092	0.096	0.097	0.242	0.224	0.215	0.205	0.100	0.100	0.219	0.213	0.114	0.093	0.094	0.094	0.094	0.093	0.094	0.093	0.094	0.094	0.094	0.095	0.094	0.093
62:01:07	19.4	0.092	0.093	0.093	0.095	0.093	0.094	0.094	0.093	0.094	0.093	0.094	0.095	0.092	0.262	0.099	0.239	0.238	0.119	0.242	0.101	0.248	0.118	0.108	0.095	0.092	0.197	0.231	0.107	0.098	0.103	0.224	0.218	0.214	0.204	0.233	0.095	0.093	0.098	0.230	0.225	0.215	0.099	0.099	0.207	0.204	0.102	0.113	0.094	0.094	0.246	0.220	0.130	0.098	0.234	0.213	0.097	0.104	0.097	0.098	0.092	0.095	0.192	0.100	0.098	0.098	0.230	0.211	0.100	0.207	0.214	0.220	0.092	0.096	0.097	0.245	0.227	0.217	0.209	0.100	0.100	0.221	0.215	0.114	0.092	0.094	0.094	0.093	0.094	0.094	0.093	0.094	0.093	0.094	0.095	0.094	0.093
63:01:07	19.4	0.092	0.093	0.093	0.095	0.093	0.094	0.094	0.093	0.094	0.093	0.094	0.095	0.093	0.265	0.098	0.241	0.241	0.121	0.244	0.101	0.251	0.119	0.109	0.096	0.093	0.200	0.234	0.108	0.099	0.104	0.229	0.220	0.216	0.205	0.236	0.095	0.093	0.098	0.233	0.227	0.218	0.099	0.100	0.212	0.205	0.103	0.114	0.094	0.094	0.248	0.223	0.133	0.098	0.236	0.215	0.097	0.105	0.097	0.098	0.093	0.095	0.196	0.100	0.098	0.098	0.232	0.215	0.100	0.209	0.216	0.223	0.093	0.096	0.097	0.248	0.230	0.220	0.214	0.100	0.101	0.224	0.217	0.115	0.093	0.094	0.094	0.094	0.094	0.095	0.093	0.094	0.093	0.094	0.095	0.094	0.093
64:01:09	19.4	0.092	0.093	0.093	0.095	0.093	0.094	0.094	0.093	0.094	0.093	0.094	0.095	0.093	0.267	0.098	0.243	0.244	0.124	0.246	0.101	0.254	0.119	0.110	0.096	0.093	0.204	0.237	0.109	0.099	0.104	0.234	0.221	0.217	0.207	0.238	0.095	0.093	0.098	0.235	0.230	0.220	0.100	0.099	0.216	0.207	0.103	0.114	0.094	0.094	0.251	0.225	0.136	0.098	0.239	0.217	0.097	0.107	0.097	0.098	0.093	0.095	0.200	0.100	0.098	0.099	0.234	0.220	0.100	0.211	0.218	0.225	0.093	0.095	0.097	0.251	0.233	0.223	0.219	0.100	0.100	0.226	0.218	0.116	0.093	0.094	0.094	0.094	0.094	0.094	0.093	0.095	0.094	0.095	0.095	0.094	0.093
65:01:09	19.4	0.092	0.093	0.094	0.095	0.093	0.094	0.095	0.093	0.094	0.093	0.094	0.095	0.093	0.270	0.098	0.246	0.246	0.127	0.247	0.102	0.256	0.120	0.111	0.096	0.093	0.208	0.240	0.110	0.099	0.104	0.240	0.222	0.219	0.209	0.239	0.096	0.094	0.098	0.237	0.233	0.223	0.100	0.100	0.221	0.209	0.104	0.114	0.095	0.094	0.253	0.228	0.140	0.098	0.242	0.219	0.097	0.108	0.097	0.098	0.093	0.096	0.203	0.101	0.098	0.099	0.236	0.225	0.100	0.213	0.220	0.227	0.093	0.096	0.097	0.253	0.235	0.225	0.225	0.100	0.101	0.229	0.220	0.116	0.093	0.094	0.094	0.094	0.094	0.094	0.094	0.095	0.094	0.095	0.095	0.094	0.093
66:01:11	19.4	0.092	0.093	0.093	0.095	0.094	0.094	0.095	0.093	0.094	0.093	0.094	0.095	0.093	0.272	0.099	0.248	0.248	0.131	0.249	0.102	0.258	0.121	0.112	0.096	0.093	0.211	0.242	0.112	0.100	0.104	0.245	0.224	0.221	0.211	0.241	0.095	0.093	0.098	0.240	0.234	0.225	0.100	0.100	0.226	0.211	0.104	0.114	0.095	0.094	0.255	0.230	0.143	0.098	0.245	0.221	0.097	0.110	0.097	0.097	0.093	0.095	0.207	0.101	0.098	0.098	0.237	0.230	0.100	0.216	0.222	0.229	0.093	0.096	0.097	0.256	0.237	0.227	0.229	0.100	0.101	0.231	0.221	0.116	0.093	0.094	0.094	0.094	0.094	0.094	0.093	0.095	0.094	0.094	0.095	0.094	0.093
67:01:12	19.4	0.092	0.093	0.093	0.095	0.093	0.094	0.094	0.093	0.093	0.093	0.094	0.095	0.093	0.274	0.099	0.251	0.250	0.135	0.250	0.102	0.260	0.122	0.114	0.096	0.093	0.214	0.244	0.113	0.100	0.105	0.251	0.225	0.222	0.212	0.243	0.095	0.093	0.098	0.241	0.237	0.227	0.100	0.100	0.231	0.212	0.104	0.114	0.095	0.094	0.257	0.232	0.147	0.098	0.247	0.222	0.097	0.112	0.097	0.097	0.092	0.095	0.210	0.102	0.098	0.099	0.238	0.234	0.100	0.218	0.223	0.230	0.092	0.095	0.097	0.258	0.239	0.229	0.234	0.100	0.101	0.232	0.222	0.116	0.093	0.094	0.094	0.094	0.094	0.094	0.093	0.094	0.094	0.095	0.095	0.094	0.093
68:01:12	19.5	0.092	0.093	0.093	0.095	0.093	0.094	0.094	0.093	0.093	0.094	0.094	0.095	0.093	0.276	0.099	0.253	0.253	0.140	0.251	0.102	0.262	0.123	0.116	0.096	0.093	0.217	0.246	0.115	0.101	0.105	0.257	0.227	0.224	0.214	0.244	0.095	0.093	0.098	0.243	0.238	0.229	0.100	0.100	0.236	0.213	0.105	0.115	0.095	0.094	0.259	0.234	0.152	0.098	0.250	0.223	0.097	0.115	0.097	0.098	0.093	0.095	0.214	0.103	0.098	0.098	0.240	0.240	0.100	0.221	0.224	0.232	0.093	0.095	0.097	0.260	0.241	0.230	0.240	0.100	0.101	0.234	0.224	0.116	0.093	0.094	0.094	0.094	0.094	0.095	0.093	0.094	0.094	0.095	0.095	0.094	0.093
69:01:12	19.5	0.093	0.093	0.093	0.095	0.094	0.094	0.095	0.093	0.093	0.093	0.094	0.095	0.093	0.278	0.099	0.255	0.255	0.145	0.253	0.102	0.264	0.125	0.118	0.096	0.093	0.221	0.249	0.117	0.101	0.105	0.263	0.228	0.226	0.216	0.247	0.095	0.093	0.098	0.245	0.241	0.231	0.100	0.100	0.241	0.215	0.105	0.115	0.095	0.094	0.261	0.236	0.156	0.099	0.252	0.225	0.097	0.118	0.097	0.098	0.093	0.096	0.217	0.104	0.099	0.099	0.242	0.246	0.100	0.224	0.226	0.234	0.092	0.096	0.097	0.262	0.243	0.232	0.245	0.100	0.101	0.236	0.226	0.116	0.093	0.095	0.094	0.094	0.094	0.094	0.094	0.094	0.094	0.095	0.095	0.094	0.093
70:01:14	19.5	0.092	0.094	0.093	0.095	0.093	0.094	0.095	0.093	0.093	0.094	0.094	0.095	0.093	0.280	0.099	0.257	0.257	0.150	0.255	0.102	0.267	0.126	0.121	0.095	0.093	0.224	0.251	0.119	0.102	0.105	0.269	0.229	0.227	0.218	0.248	0.095	0.093	0.098	0.247	0.243	0.232	0.100	0.100	0.247	0.217	0.106	0.115	0.094	0.094	0.262	0.238	0.160	0.099	0.255	0.226	0.097	0.121	0.097	0.098	0.093	0.095	0.221	0.105	0.098	0.099	0.243	0.251	0.100	0.225	0.228	0.236	0.092	0.095	0.097	0.264	0.245	0.234	0.251	0.100	0.101	0.238	0.227	0.117	0.093	0.094	0.094	0.093	0.093	0.094	0.093	0.094	0.094	0.095	0.095	0.094	0.093
71:01:15	19.4	0.092	0.093	0.093	0.095	0.093	0.094	0.094	0.093	0.094	0.093	0.094	0.095	0.092	0.282	0.099	0.258	0.259	0.155	0.256	0.102	0.269	0.128	0.124	0.096	0.092	0.228	0.253	0.122	0.103	0.105	0.276	0.230	0.229	0.219	0.250	0.095	0.093	0.098	0.249	0.245	0.234	0.100	0.100	0.252	0.218	0.107	0.115	0.094	0.094	0.264	0.239	0.164	0.099	0.258	0.228	0.097	0.125	0.097	0.097	0.092	0.095	0.224	0.106	0.098	0.099	0.245	0.258	0.100	0.225	0.229	0.238	0.092	0.095	0.097	0.267	0.246	0.236	0.257	0.100	0.101	0.240	0.229	0.117	0.092	0.094	0.094	0.094	0.094	0.094	0.093	0.094	0.093	0.094	0.095	0.094	0.093
72:01:16	19.5	0.092	0.093	0.093	0.094	0.093	0.094	0.094	0.093	0.093	0.093	0.094	0.095	0.093	0.283	0.099	0.260	0.260	0.160	0.257	0.102	0.270	0.130	0.128	0.096	0.092	0.231	0.255	0.125	0.103	0.106	0.283	0.231	0.230	0.221	0.251	0.095	0.093	0.098	0.251	0.246	0.236	0.100	0.100	0.258	0.219	0.108	0.115	0.094	0.094	0.266	0.241	0.169	0.099	0.261	0.229	0.097	0.129	0.097	0.097	0.093	0.095	0.228	0.108	0.098	0.099	0.247	0.264	0.100	0.225	0.231	0.239	0.092	0.095	0.097	0.268	0.248	0.238	0.263	0.100	0.101	0.243	0.230	0.117	0.093	0.094	0.094	0.094	0.094	0.094	0.093	0.094	0.094	0.094	0.095	0.094	0.093

