Time	T° 600	A1	A2	A3	A4	A5	A6	A7	A8	A9	A10	A11	A12	B1	B2	B3	B4	B5	B6	B7	B8	B9	B10	B11	B12	C1	C2	C3	C4	C5	C6	C7	C8	C9	C10	C11	C12	D1	D2	D3	D4	D5	D6	D7	D8	D9	D10	D11	D12	E1	E2	E3	E4	E5	E6	E7	E8	E9	E10	E11	E12	F1	F2	F3	F4	F5	F6	F7	F8	F9	F10	F11	F12	G1	G2	G3	G4	G5	G6	G7	G8	G9	G10	G11	G12	H1	H2	H3	H4	H5	H6	H7	H8	H9	H10	H11	H12
0:00:06	18.5	0.093	0.093	0.094	0.094	0.094	0.094	0.092	0.094	0.093	0.095	0.095	0.096	0.092	0.093	0.094	0.095	0.096	0.095	0.093	0.094	0.092	0.092	0.095	0.095	0.091	0.094	0.094	0.095	0.094	0.096	0.094	0.093	0.097	0.095	0.098	0.095	0.092	0.093	0.092	0.092	0.093	0.092	0.091	0.093	0.093	0.094	0.094	0.092	0.092	0.096	0.093	0.094	0.093	0.093	0.092	0.091	0.091	0.093	0.091	0.091	0.094	0.095	0.093	0.093	0.092	0.092	0.094	0.094	0.093	0.091	0.092	0.091	0.095	0.093	0.095	0.093	0.095	0.093	0.095	0.095	0.095	0.096	0.094	0.090	0.095	0.093	0.092	0.093	0.092	0.092	0.092	0.092	0.093	0.093	0.092	0.091
1:00:05	19.0	0.093	0.093	0.094	0.094	0.094	0.094	0.092	0.094	0.093	0.095	0.094	0.096	0.092	0.094	0.094	0.096	0.096	0.096	0.094	0.095	0.093	0.093	0.096	0.095	0.092	0.094	0.095	0.095	0.094	0.096	0.094	0.094	0.096	0.096	0.098	0.095	0.092	0.094	0.093	0.093	0.094	0.093	0.092	0.095	0.095	0.095	0.095	0.093	0.094	0.096	0.094	0.095	0.094	0.094	0.093	0.092	0.092	0.093	0.093	0.091	0.095	0.096	0.094	0.093	0.094	0.093	0.094	0.095	0.094	0.093	0.093	0.092	0.095	0.094	0.097	0.094	0.096	0.095	0.096	0.096	0.095	0.097	0.095	0.091	0.095	0.093	0.093	0.093	0.094	0.093	0.093	0.093	0.094	0.094	0.093	0.092
2:00:09	19.4	0.092	0.093	0.093	0.093	0.093	0.094	0.092	0.093	0.093	0.094	0.094	0.096	0.092	0.094	0.094	0.095	0.096	0.095	0.094	0.095	0.093	0.093	0.096	0.095	0.092	0.094	0.095	0.095	0.094	0.097	0.094	0.094	0.096	0.096	0.097	0.095	0.092	0.094	0.093	0.093	0.094	0.093	0.092	0.095	0.095	0.096	0.095	0.093	0.094	0.096	0.094	0.095	0.094	0.094	0.093	0.092	0.092	0.094	0.093	0.091	0.095	0.096	0.094	0.094	0.093	0.093	0.095	0.095	0.095	0.093	0.093	0.091	0.095	0.094	0.097	0.095	0.096	0.095	0.096	0.096	0.095	0.098	0.096	0.091	0.095	0.093	0.092	0.093	0.093	0.094	0.093	0.093	0.094	0.094	0.093	0.093
3:00:08	19.7	0.092	0.093	0.093	0.093	0.093	0.093	0.092	0.093	0.093	0.094	0.094	0.096	0.092	0.095	0.094	0.096	0.096	0.095	0.094	0.095	0.093	0.093	0.096	0.095	0.092	0.094	0.095	0.095	0.094	0.097	0.094	0.094	0.096	0.096	0.098	0.095	0.092	0.094	0.093	0.094	0.094	0.094	0.093	0.095	0.095	0.096	0.096	0.093	0.094	0.096	0.094	0.095	0.094	0.094	0.093	0.092	0.092	0.093	0.093	0.091	0.095	0.096	0.094	0.094	0.093	0.093	0.095	0.095	0.095	0.093	0.093	0.091	0.095	0.094	0.097	0.095	0.097	0.095	0.096	0.096	0.095	0.099	0.096	0.092	0.094	0.093	0.093	0.092	0.094	0.093	0.093	0.093	0.094	0.094	0.093	0.092
4:00:10	19.9	0.092	0.093	0.093	0.094	0.094	0.094	0.092	0.093	0.093	0.095	0.094	0.096	0.092	0.095	0.094	0.096	0.096	0.096	0.095	0.096	0.094	0.094	0.096	0.095	0.092	0.094	0.096	0.095	0.095	0.097	0.094	0.095	0.096	0.097	0.098	0.095	0.093	0.094	0.093	0.094	0.095	0.094	0.093	0.096	0.096	0.097	0.097	0.094	0.094	0.097	0.095	0.095	0.095	0.094	0.094	0.093	0.093	0.094	0.094	0.092	0.095	0.096	0.094	0.094	0.094	0.094	0.096	0.096	0.096	0.094	0.094	0.092	0.095	0.095	0.097	0.095	0.097	0.096	0.097	0.096	0.096	0.099	0.096	0.092	0.095	0.094	0.093	0.093	0.094	0.094	0.094	0.093	0.094	0.094	0.094	0.093
5:00:08	20.0	0.092	0.093	0.093	0.093	0.093	0.094	0.092	0.093	0.093	0.094	0.094	0.095	0.092	0.095	0.094	0.096	0.096	0.096	0.095	0.095	0.094	0.093	0.096	0.095	0.092	0.094	0.096	0.095	0.095	0.097	0.094	0.094	0.096	0.097	0.098	0.095	0.092	0.094	0.093	0.094	0.095	0.094	0.093	0.095	0.095	0.096	0.096	0.094	0.094	0.097	0.094	0.095	0.094	0.094	0.093	0.093	0.093	0.094	0.093	0.092	0.095	0.096	0.094	0.094	0.094	0.094	0.095	0.096	0.095	0.094	0.094	0.092	0.095	0.095	0.097	0.095	0.096	0.096	0.098	0.096	0.096	0.100	0.096	0.092	0.094	0.094	0.093	0.093	0.094	0.093	0.093	0.093	0.094	0.094	0.093	0.092
6:00:10	20.0	0.092	0.093	0.093	0.093	0.093	0.094	0.092	0.093	0.093	0.094	0.094	0.096	0.092	0.095	0.094	0.096	0.096	0.096	0.095	0.096	0.094	0.094	0.096	0.095	0.092	0.094	0.096	0.095	0.095	0.097	0.094	0.095	0.096	0.097	0.098	0.095	0.093	0.094	0.093	0.094	0.095	0.094	0.094	0.096	0.096	0.097	0.096	0.094	0.094	0.097	0.095	0.095	0.095	0.095	0.094	0.093	0.094	0.094	0.093	0.092	0.095	0.096	0.094	0.094	0.094	0.094	0.096	0.096	0.096	0.094	0.094	0.092	0.095	0.095	0.097	0.095	0.097	0.096	0.099	0.096	0.096	0.100	0.097	0.092	0.094	0.094	0.093	0.093	0.094	0.093	0.094	0.093	0.094	0.094	0.094	0.093
7:00:11	19.9	0.092	0.093	0.093	0.093	0.093	0.094	0.092	0.093	0.093	0.094	0.094	0.096	0.092	0.095	0.094	0.096	0.096	0.096	0.095	0.096	0.094	0.094	0.096	0.095	0.092	0.094	0.096	0.095	0.095	0.098	0.094	0.095	0.096	0.097	0.098	0.095	0.093	0.094	0.094	0.094	0.095	0.094	0.094	0.096	0.096	0.097	0.097	0.094	0.094	0.097	0.095	0.095	0.095	0.095	0.094	0.093	0.093	0.094	0.093	0.092	0.095	0.097	0.095	0.094	0.094	0.094	0.096	0.096	0.096	0.094	0.094	0.092	0.095	0.095	0.097	0.095	0.097	0.096	0.099	0.096	0.096	0.100	0.097	0.092	0.095	0.094	0.093	0.093	0.094	0.093	0.094	0.093	0.094	0.094	0.094	0.093
8:00:15	19.8	0.092	0.093	0.093	0.093	0.093	0.093	0.092	0.093	0.093	0.094	0.094	0.095	0.092	0.095	0.095	0.096	0.096	0.096	0.095	0.096	0.095	0.094	0.096	0.095	0.092	0.095	0.096	0.096	0.095	0.098	0.094	0.095	0.096	0.097	0.098	0.095	0.093	0.094	0.094	0.095	0.095	0.095	0.094	0.096	0.096	0.097	0.097	0.094	0.094	0.097	0.095	0.095	0.095	0.095	0.094	0.093	0.094	0.094	0.094	0.092	0.095	0.097	0.095	0.094	0.094	0.094	0.096	0.097	0.096	0.095	0.094	0.092	0.095	0.095	0.097	0.095	0.097	0.096	0.099	0.096	0.096	0.100	0.097	0.092	0.095	0.094	0.093	0.093	0.094	0.094	0.094	0.093	0.094	0.094	0.093	0.093
9:00:13	19.8	0.092	0.093	0.093	0.093	0.093	0.094	0.093	0.093	0.093	0.094	0.094	0.095	0.092	0.096	0.095	0.097	0.096	0.096	0.096	0.096	0.095	0.095	0.096	0.096	0.092	0.095	0.097	0.096	0.095	0.098	0.094	0.095	0.097	0.098	0.098	0.095	0.093	0.095	0.094	0.094	0.095	0.095	0.094	0.096	0.096	0.097	0.097	0.094	0.094	0.097	0.095	0.096	0.095	0.095	0.094	0.093	0.094	0.095	0.094	0.092	0.095	0.097	0.095	0.095	0.095	0.094	0.096	0.097	0.096	0.095	0.095	0.092	0.095	0.096	0.098	0.096	0.097	0.097	0.099	0.096	0.097	0.100	0.097	0.092	0.095	0.094	0.093	0.093	0.094	0.093	0.094	0.093	0.094	0.094	0.094	0.093
10:00:14	19.8	0.093	0.093	0.093	0.094	0.094	0.094	0.093	0.093	0.094	0.094	0.094	0.096	0.092	0.096	0.095	0.097	0.096	0.097	0.096	0.097	0.095	0.095	0.097	0.095	0.092	0.095	0.097	0.096	0.095	0.099	0.095	0.095	0.097	0.098	0.099	0.095	0.093	0.095	0.094	0.095	0.095	0.095	0.095	0.096	0.097	0.098	0.098	0.094	0.094	0.098	0.096	0.096	0.096	0.096	0.095	0.093	0.095	0.095	0.094	0.092	0.095	0.098	0.095	0.095	0.095	0.095	0.097	0.097	0.096	0.095	0.095	0.092	0.095	0.096	0.098	0.096	0.098	0.097	0.099	0.097	0.097	0.100	0.097	0.093	0.095	0.094	0.093	0.093	0.094	0.094	0.094	0.093	0.095	0.095	0.094	0.093
11:00:16	19.7	0.092	0.093	0.093	0.093	0.093	0.094	0.093	0.093	0.093	0.094	0.094	0.095	0.092	0.096	0.095	0.097	0.096	0.097	0.096	0.097	0.096	0.095	0.097	0.095	0.092	0.095	0.097	0.096	0.095	0.099	0.095	0.096	0.097	0.098	0.098	0.095	0.093	0.095	0.094	0.095	0.095	0.096	0.094	0.096	0.097	0.097	0.097	0.094	0.094	0.098	0.096	0.096	0.096	0.096	0.095	0.094	0.095	0.095	0.094	0.092	0.095	0.097	0.095	0.095	0.095	0.095	0.097	0.097	0.096	0.095	0.095	0.092	0.095	0.096	0.098	0.096	0.098	0.097	0.099	0.097	0.097	0.100	0.097	0.092	0.095	0.094	0.093	0.093	0.094	0.094	0.094	0.093	0.095	0.094	0.094	0.093
12:00:16	19.7	0.093	0.093	0.094	0.094	0.093	0.094	0.093	0.093	0.094	0.094	0.094	0.096	0.092	0.097	0.096	0.098	0.097	0.098	0.097	0.097	0.096	0.095	0.097	0.095	0.093	0.095	0.097	0.097	0.096	0.099	0.095	0.096	0.097	0.099	0.099	0.095	0.093	0.095	0.095	0.095	0.096	0.096	0.095	0.097	0.097	0.098	0.097	0.094	0.095	0.098	0.096	0.096	0.096	0.096	0.095	0.094	0.096	0.096	0.095	0.092	0.095	0.098	0.096	0.095	0.096	0.096	0.097	0.097	0.097	0.096	0.095	0.094	0.096	0.096	0.099	0.096	0.098	0.097	0.100	0.097	0.097	0.101	0.098	0.093	0.095	0.094	0.094	0.093	0.094	0.094	0.094	0.093	0.095	0.094	0.094	0.093
13:00:19	19.6	0.092	0.093	0.093	0.094	0.093	0.094	0.093	0.093	0.093	0.094	0.094	0.095	0.092	0.097	0.096	0.098	0.097	0.098	0.097	0.097	0.097	0.096	0.098	0.095	0.092	0.095	0.097	0.097	0.096	0.099	0.095	0.096	0.097	0.099	0.099	0.095	0.093	0.095	0.095	0.095	0.095	0.096	0.095	0.097	0.098	0.098	0.097	0.094	0.094	0.098	0.097	0.096	0.096	0.097	0.096	0.094	0.096	0.096	0.095	0.092	0.095	0.098	0.096	0.095	0.096	0.096	0.097	0.097	0.097	0.096	0.095	0.093	0.095	0.097	0.099	0.096	0.098	0.097	0.099	0.097	0.098	0.100	0.098	0.092	0.095	0.094	0.093	0.093	0.094	0.094	0.094	0.093	0.094	0.094	0.094	0.093
14:00:19	19.6	0.092	0.093	0.093	0.094	0.093	0.094	0.093	0.093	0.093	0.094	0.094	0.095	0.092	0.097	0.096	0.098	0.097	0.098	0.098	0.097	0.097	0.096	0.098	0.095	0.092	0.095	0.097	0.098	0.096	0.099	0.096	0.096	0.098	0.100	0.099	0.095	0.093	0.096	0.095	0.095	0.095	0.097	0.095	0.097	0.098	0.098	0.098	0.094	0.094	0.098	0.097	0.096	0.097	0.097	0.096	0.094	0.097	0.096	0.095	0.092	0.095	0.098	0.097	0.096	0.096	0.096	0.097	0.098	0.096	0.096	0.095	0.092	0.095	0.097	0.099	0.096	0.099	0.097	0.099	0.097	0.098	0.100	0.098	0.092	0.094	0.094	0.093	0.093	0.094	0.094	0.094	0.093	0.094	0.095	0.094	0.093
15:00:19	19.5	0.092	0.093	0.094	0.094	0.093	0.094	0.093	0.093	0.094	0.094	0.094	0.096	0.092	0.098	0.097	0.099	0.097	0.099	0.099	0.098	0.098	0.097	0.099	0.095	0.092	0.096	0.097	0.099	0.096	0.099	0.096	0.097	0.098	0.101	0.099	0.095	0.093	0.096	0.095	0.095	0.095	0.098	0.095	0.097	0.099	0.098	0.098	0.094	0.095	0.099	0.098	0.097	0.098	0.098	0.097	0.095	0.098	0.097	0.095	0.092	0.095	0.099	0.097	0.096	0.097	0.097	0.097	0.098	0.097	0.097	0.096	0.092	0.095	0.098	0.100	0.097	0.099	0.097	0.100	0.097	0.099	0.100	0.098	0.092	0.095	0.094	0.093	0.093	0.094	0.094	0.095	0.094	0.095	0.095	0.094	0.093
16:00:20	19.4	0.093	0.093	0.094	0.094	0.094	0.094	0.093	0.093	0.093	0.094	0.094	0.096	0.092	0.099	0.097	0.100	0.098	0.100	0.100	0.098	0.099	0.098	0.100	0.095	0.093	0.096	0.097	0.100	0.097	0.099	0.097	0.097	0.099	0.102	0.099	0.095	0.093	0.097	0.095	0.096	0.096	0.099	0.095	0.098	0.100	0.098	0.098	0.094	0.095	0.100	0.099	0.097	0.099	0.098	0.098	0.095	0.099	0.098	0.095	0.092	0.095	0.100	0.098	0.096	0.098	0.098	0.097	0.098	0.097	0.098	0.096	0.093	0.095	0.099	0.100	0.097	0.100	0.097	0.100	0.097	0.100	0.100	0.099	0.092	0.095	0.094	0.094	0.093	0.094	0.094	0.094	0.094	0.095	0.095	0.094	0.093
17:00:20	19.4	0.092	0.093	0.093	0.094	0.093	0.094	0.093	0.093	0.093	0.094	0.094	0.095	0.092	0.100	0.098	0.101	0.098	0.101	0.101	0.099	0.100	0.099	0.101	0.096	0.093	0.096	0.097	0.100	0.097	0.099	0.097	0.097	0.099	0.103	0.099	0.095	0.093	0.098	0.095	0.096	0.096	0.100	0.095	0.098	0.101	0.098	0.098	0.094	0.095	0.100	0.100	0.097	0.100	0.099	0.098	0.095	0.100	0.099	0.096	0.092	0.095	0.101	0.099	0.096	0.099	0.099	0.097	0.099	0.097	0.099	0.097	0.092	0.095	0.100	0.101	0.098	0.101	0.097	0.100	0.097	0.101	0.100	0.099	0.092	0.095	0.094	0.094	0.093	0.094	0.094	0.094	0.093	0.095	0.094	0.094	0.093
18:00:21	19.3	0.092	0.093	0.093	0.093	0.093	0.094	0.093	0.093	0.093	0.094	0.094	0.096	0.092	0.101	0.099	0.102	0.098	0.102	0.103	0.099	0.102	0.099	0.102	0.095	0.092	0.096	0.097	0.101	0.097	0.100	0.098	0.097	0.100	0.104	0.099	0.095	0.093	0.099	0.096	0.096	0.095	0.101	0.095	0.098	0.102	0.098	0.098	0.094	0.095	0.101	0.101	0.098	0.101	0.100	0.099	0.096	0.102	0.100	0.096	0.092	0.095	0.101	0.100	0.097	0.100	0.099	0.097	0.099	0.097	0.100	0.097	0.092	0.096	0.100	0.102	0.098	0.102	0.097	0.100	0.097	0.102	0.100	0.100	0.092	0.095	0.094	0.093	0.093	0.094	0.094	0.095	0.093	0.094	0.095	0.094	0.093
19:00:23	19.3	0.092	0.093	0.093	0.093	0.094	0.094	0.093	0.093	0.093	0.094	0.094	0.095	0.092	0.102	0.100	0.103	0.099	0.103	0.105	0.100	0.103	0.101	0.103	0.095	0.092	0.097	0.097	0.103	0.098	0.100	0.099	0.098	0.101	0.105	0.099	0.095	0.093	0.099	0.096	0.096	0.095	0.103	0.095	0.099	0.103	0.098	0.098	0.094	0.094	0.101	0.102	0.098	0.103	0.102	0.101	0.096	0.103	0.101	0.096	0.092	0.095	0.103	0.101	0.097	0.101	0.101	0.097	0.099	0.097	0.101	0.098	0.092	0.095	0.102	0.103	0.098	0.103	0.098	0.101	0.097	0.103	0.100	0.101	0.093	0.095	0.094	0.093	0.093	0.094	0.094	0.094	0.093	0.095	0.094	0.094	0.093
20:00:24	19.2	0.093	0.093	0.094	0.094	0.093	0.094	0.093	0.093	0.093	0.094	0.094	0.095	0.092	0.104	0.101	0.106	0.100	0.105	0.107	0.101	0.105	0.102	0.105	0.096	0.093	0.097	0.098	0.105	0.099	0.100	0.100	0.099	0.103	0.107	0.099	0.095	0.093	0.101	0.097	0.096	0.096	0.105	0.096	0.100	0.105	0.099	0.098	0.094	0.095	0.103	0.105	0.099	0.105	0.103	0.103	0.097	0.106	0.103	0.097	0.092	0.096	0.104	0.102	0.098	0.103	0.102	0.098	0.100	0.098	0.102	0.098	0.092	0.096	0.103	0.104	0.099	0.105	0.098	0.101	0.097	0.105	0.101	0.102	0.093	0.095	0.094	0.094	0.094	0.094	0.094	0.095	0.094	0.095	0.095	0.094	0.093
21:00:25	19.2	0.093	0.093	0.094	0.094	0.094	0.094	0.093	0.093	0.094	0.094	0.094	0.096	0.092	0.106	0.103	0.108	0.101	0.107	0.110	0.102	0.107	0.104	0.107	0.095	0.093	0.098	0.098	0.107	0.100	0.100	0.102	0.099	0.104	0.110	0.099	0.095	0.093	0.102	0.098	0.096	0.096	0.107	0.096	0.101	0.107	0.099	0.099	0.094	0.094	0.104	0.106	0.100	0.107	0.105	0.105	0.098	0.108	0.105	0.098	0.093	0.095	0.105	0.104	0.099	0.104	0.104	0.098	0.101	0.098	0.104	0.099	0.092	0.096	0.105	0.106	0.100	0.106	0.098	0.101	0.097	0.107	0.101	0.102	0.093	0.095	0.094	0.094	0.094	0.094	0.094	0.095	0.094	0.095	0.095	0.094	0.093
22:00:25	19.3	0.092	0.093	0.093	0.094	0.093	0.094	0.093	0.093	0.093	0.094	0.094	0.095	0.092	0.108	0.105	0.110	0.101	0.110	0.113	0.102	0.110	0.106	0.109	0.095	0.092	0.098	0.098	0.109	0.100	0.101	0.103	0.100	0.105	0.112	0.099	0.095	0.093	0.103	0.098	0.096	0.096	0.109	0.096	0.101	0.109	0.099	0.098	0.094	0.095	0.105	0.109	0.101	0.109	0.107	0.107	0.098	0.111	0.107	0.099	0.092	0.096	0.107	0.106	0.100	0.106	0.106	0.098	0.102	0.098	0.106	0.100	0.092	0.096	0.107	0.107	0.101	0.108	0.098	0.101	0.097	0.110	0.101	0.104	0.092	0.095	0.094	0.093	0.093	0.094	0.094	0.095	0.093	0.095	0.095	0.094	0.093
23:00:37	19.3	0.093	0.093	0.094	0.094	0.094	0.094	0.093	0.093	0.094	0.094	0.094	0.096	0.093	0.111	0.107	0.113	0.102	0.113	0.117	0.104	0.113	0.109	0.112	0.095	0.093	0.099	0.098	0.113	0.102	0.101	0.105	0.102	0.107	0.115	0.100	0.095	0.093	0.106	0.099	0.096	0.096	0.113	0.096	0.103	0.112	0.099	0.099	0.094	0.094	0.107	0.112	0.102	0.113	0.110	0.110	0.100	0.115	0.110	0.100	0.093	0.095	0.110	0.108	0.101	0.109	0.109	0.098	0.103	0.098	0.108	0.101	0.092	0.096	0.110	0.110	0.102	0.111	0.099	0.101	0.098	0.113	0.101	0.105	0.093	0.095	0.094	0.094	0.094	0.094	0.094	0.095	0.094	0.095	0.095	0.094	0.093
24:00:26	19.2	0.092	0.093	0.093	0.094	0.093	0.094	0.093	0.093	0.093	0.094	0.094	0.095	0.092	0.113	0.109	0.116	0.103	0.116	0.121	0.105	0.117	0.111	0.115	0.095	0.092	0.100	0.098	0.116	0.103	0.101	0.107	0.102	0.109	0.119	0.100	0.095	0.093	0.108	0.100	0.096	0.096	0.117	0.096	0.104	0.115	0.099	0.098	0.094	0.095	0.109	0.115	0.102	0.116	0.112	0.113	0.101	0.119	0.112	0.101	0.093	0.095	0.112	0.111	0.102	0.111	0.112	0.098	0.106	0.098	0.111	0.102	0.092	0.095	0.113	0.112	0.103	0.113	0.099	0.100	0.097	0.116	0.101	0.107	0.092	0.095	0.094	0.093	0.093	0.094	0.094	0.095	0.094	0.095	0.094	0.094	0.093
25:00:35	19.2	0.092	0.093	0.093	0.094	0.093	0.094	0.093	0.093	0.093	0.094	0.094	0.096	0.092	0.117	0.112	0.120	0.105	0.120	0.126	0.107	0.121	0.115	0.119	0.095	0.093	0.102	0.099	0.121	0.105	0.101	0.110	0.104	0.112	0.123	0.100	0.095	0.094	0.111	0.101	0.097	0.096	0.121	0.096	0.106	0.118	0.099	0.099	0.094	0.095	0.112	0.119	0.104	0.120	0.116	0.117	0.103	0.124	0.116	0.102	0.093	0.095	0.116	0.115	0.103	0.115	0.115	0.099	0.106	0.099	0.114	0.104	0.092	0.096	0.117	0.115	0.105	0.117	0.099	0.099	0.097	0.120	0.101	0.109	0.093	0.095	0.094	0.094	0.094	0.094	0.094	0.095	0.094	0.095	0.095	0.094	0.093
26:00:29	19.3	0.092	0.093	0.093	0.094	0.094	0.094	0.093	0.093	0.094	0.094	0.094	0.096	0.092	0.121	0.115	0.125	0.107	0.124	0.130	0.109	0.126	0.119	0.123	0.095	0.093	0.103	0.099	0.125	0.106	0.102	0.113	0.106	0.116	0.127	0.100	0.095	0.093	0.114	0.103	0.097	0.096	0.124	0.097	0.108	0.121	0.100	0.099	0.094	0.095	0.115	0.123	0.106	0.124	0.118	0.120	0.104	0.127	0.119	0.103	0.092	0.095	0.119	0.118	0.105	0.119	0.118	0.099	0.108	0.099	0.117	0.106	0.092	0.096	0.120	0.118	0.107	0.120	0.099	0.099	0.097	0.124	0.101	0.112	0.093	0.095	0.094	0.094	0.094	0.094	0.094	0.095	0.093	0.095	0.095	0.094	0.093
27:00:29	19.5	0.093	0.093	0.093	0.093	0.094	0.094	0.093	0.093	0.094	0.094	0.094	0.095	0.092	0.126	0.119	0.129	0.109	0.128	0.136	0.112	0.131	0.123	0.127	0.095	0.092	0.105	0.099	0.128	0.109	0.102	0.116	0.108	0.119	0.131	0.101	0.095	0.093	0.118	0.105	0.097	0.096	0.128	0.097	0.110	0.124	0.100	0.099	0.094	0.095	0.118	0.127	0.108	0.129	0.122	0.123	0.106	0.130	0.123	0.106	0.092	0.095	0.123	0.122	0.107	0.122	0.122	0.099	0.111	0.099	0.120	0.109	0.092	0.096	0.125	0.122	0.109	0.124	0.100	0.099	0.098	0.127	0.102	0.115	0.093	0.095	0.094	0.094	0.094	0.094	0.094	0.094	0.094	0.095	0.095	0.094	0.093
28:00:31	19.6	0.093	0.093	0.094	0.094	0.094	0.094	0.094	0.093	0.094	0.094	0.094	0.096	0.093	0.131	0.123	0.134	0.112	0.133	0.140	0.116	0.136	0.128	0.131	0.095	0.093	0.107	0.099	0.133	0.112	0.103	0.120	0.111	0.123	0.135	0.101	0.095	0.094	0.122	0.107	0.098	0.097	0.132	0.097	0.113	0.128	0.100	0.099	0.094	0.095	0.122	0.132	0.111	0.133	0.125	0.128	0.109	0.133	0.126	0.108	0.093	0.096	0.127	0.126	0.110	0.126	0.125	0.100	0.114	0.100	0.123	0.112	0.093	0.096	0.130	0.126	0.113	0.129	0.100	0.102	0.098	0.132	0.103	0.119	0.093	0.095	0.094	0.094	0.094	0.094	0.094	0.095	0.094	0.095	0.095	0.095	0.094
29:00:32	19.6	0.092	0.093	0.093	0.093	0.093	0.094	0.093	0.093	0.093	0.094	0.094	0.096	0.092	0.135	0.127	0.138	0.115	0.137	0.145	0.120	0.140	0.132	0.135	0.095	0.092	0.109	0.099	0.137	0.115	0.103	0.124	0.114	0.127	0.138	0.101	0.095	0.093	0.125	0.109	0.098	0.096	0.134	0.098	0.116	0.130	0.100	0.099	0.094	0.095	0.125	0.135	0.113	0.136	0.128	0.131	0.112	0.136	0.129	0.111	0.092	0.095	0.130	0.130	0.113	0.129	0.127	0.100	0.117	0.100	0.126	0.115	0.092	0.096	0.134	0.129	0.116	0.132	0.101	0.100	0.098	0.135	0.102	0.124	0.093	0.095	0.094	0.094	0.094	0.094	0.094	0.095	0.093	0.095	0.095	0.094	0.093
30:00:33	19.6	0.092	0.093	0.093	0.093	0.093	0.094	0.093	0.093	0.093	0.094	0.094	0.096	0.092	0.139	0.130	0.142	0.119	0.140	0.148	0.124	0.143	0.135	0.139	0.096	0.093	0.112	0.100	0.141	0.119	0.104	0.127	0.118	0.131	0.142	0.101	0.095	0.093	0.129	0.112	0.098	0.096	0.138	0.098	0.120	0.133	0.101	0.099	0.094	0.095	0.128	0.139	0.117	0.140	0.132	0.134	0.116	0.139	0.132	0.114	0.092	0.095	0.134	0.134	0.117	0.132	0.130	0.100	0.120	0.100	0.129	0.119	0.092	0.096	0.139	0.133	0.120	0.136	0.101	0.100	0.098	0.139	0.103	0.128	0.093	0.095	0.094	0.094	0.094	0.094	0.094	0.095	0.094	0.095	0.095	0.094	0.093
31:00:35	19.4	0.092	0.093	0.093	0.094	0.094	0.094	0.093	0.093	0.093	0.094	0.094	0.096	0.092	0.144	0.134	0.146	0.123	0.144	0.152	0.129	0.146	0.138	0.143	0.096	0.093	0.116	0.101	0.145	0.124	0.105	0.130	0.121	0.134	0.145	0.102	0.095	0.094	0.133	0.116	0.099	0.096	0.141	0.099	0.123	0.135	0.101	0.099	0.094	0.095	0.132	0.143	0.121	0.143	0.135	0.137	0.119	0.141	0.135	0.117	0.093	0.096	0.137	0.138	0.120	0.135	0.134	0.101	0.123	0.101	0.132	0.123	0.093	0.096	0.144	0.138	0.124	0.140	0.102	0.103	0.098	0.142	0.103	0.133	0.093	0.095	0.094	0.094	0.094	0.095	0.094	0.094	0.094	0.095	0.095	0.095	0.093
32:00:35	19.3	0.092	0.093	0.094	0.094	0.094	0.094	0.093	0.093	0.094	0.094	0.094	0.096	0.092	0.148	0.138	0.149	0.128	0.147	0.156	0.132	0.149	0.141	0.147	0.096	0.093	0.119	0.101	0.149	0.128	0.106	0.135	0.124	0.138	0.148	0.102	0.095	0.094	0.138	0.120	0.099	0.096	0.143	0.100	0.126	0.138	0.102	0.099	0.095	0.095	0.136	0.146	0.124	0.147	0.137	0.139	0.122	0.144	0.138	0.122	0.092	0.096	0.141	0.141	0.124	0.138	0.136	0.102	0.125	0.101	0.135	0.128	0.092	0.096	0.148	0.142	0.128	0.143	0.103	0.099	0.098	0.145	0.103	0.138	0.093	0.095	0.094	0.094	0.094	0.094	0.094	0.095	0.094	0.095	0.095	0.095	0.093
33:00:38	19.3	0.092	0.093	0.093	0.094	0.093	0.094	0.093	0.093	0.093	0.094	0.094	0.095	0.092	0.152	0.142	0.153	0.133	0.150	0.159	0.136	0.151	0.144	0.150	0.095	0.093	0.124	0.101	0.152	0.132	0.107	0.138	0.128	0.142	0.150	0.103	0.095	0.093	0.141	0.123	0.100	0.096	0.146	0.100	0.129	0.140	0.102	0.099	0.094	0.095	0.140	0.149	0.128	0.150	0.140	0.142	0.124	0.146	0.141	0.125	0.092	0.096	0.144	0.145	0.128	0.141	0.138	0.103	0.128	0.102	0.137	0.132	0.092	0.096	0.152	0.145	0.132	0.147	0.104	0.101	0.098	0.148	0.104	0.142	0.093	0.095	0.094	0.094	0.094	0.094	0.094	0.095	0.094	0.095	0.095	0.095	0.093
34:00:36	19.4	0.092	0.093	0.094	0.093	0.094	0.094	0.093	0.093	0.093	0.094	0.094	0.096	0.093	0.156	0.146	0.157	0.137	0.154	0.163	0.140	0.155	0.147	0.153	0.096	0.093	0.128	0.102	0.156	0.137	0.108	0.141	0.131	0.146	0.153	0.103	0.095	0.094	0.145	0.127	0.101	0.097	0.149	0.101	0.132	0.142	0.103	0.100	0.094	0.095	0.143	0.152	0.131	0.153	0.142	0.145	0.128	0.148	0.143	0.128	0.093	0.096	0.147	0.149	0.131	0.144	0.141	0.103	0.131	0.102	0.139	0.135	0.093	0.096	0.156	0.149	0.136	0.150	0.105	0.100	0.098	0.152	0.105	0.145	0.093	0.095	0.094	0.094	0.094	0.094	0.094	0.095	0.094	0.095	0.095	0.094	0.093
35:00:40	19.4	0.093	0.093	0.093	0.093	0.093	0.094	0.093	0.093	0.094	0.094	0.094	0.096	0.093	0.159	0.150	0.160	0.142	0.157	0.166	0.144	0.158	0.150	0.156	0.095	0.093	0.132	0.103	0.159	0.141	0.110	0.146	0.134	0.150	0.156	0.104	0.095	0.093	0.149	0.131	0.102	0.097	0.151	0.102	0.135	0.144	0.103	0.100	0.095	0.095	0.146	0.155	0.135	0.156	0.145	0.148	0.131	0.151	0.146	0.131	0.093	0.096	0.150	0.152	0.135	0.147	0.143	0.104	0.134	0.103	0.141	0.138	0.093	0.096	0.159	0.153	0.140	0.153	0.106	0.102	0.098	0.155	0.104	0.148	0.093	0.095	0.094	0.094	0.094	0.094	0.094	0.095	0.094	0.095	0.095	0.094	0.094
36:00:40	19.4	0.093	0.093	0.094	0.094	0.094	0.094	0.093	0.093	0.093	0.094	0.094	0.096	0.092	0.163	0.154	0.164	0.146	0.161	0.170	0.147	0.160	0.153	0.160	0.095	0.093	0.136	0.104	0.163	0.144	0.111	0.149	0.137	0.153	0.158	0.105	0.095	0.094	0.153	0.135	0.102	0.097	0.154	0.103	0.138	0.146	0.104	0.100	0.094	0.095	0.150	0.158	0.139	0.159	0.148	0.150	0.133	0.153	0.148	0.135	0.093	0.096	0.153	0.156	0.138	0.149	0.145	0.105	0.137	0.104	0.143	0.142	0.093	0.096	0.163	0.156	0.143	0.156	0.108	0.101	0.098	0.158	0.104	0.152	0.093	0.095	0.094	0.094	0.094	0.094	0.094	0.095	0.094	0.095	0.095	0.094	0.093
37:00:47	19.4	0.092	0.093	0.093	0.093	0.093	0.094	0.093	0.093	0.093	0.094	0.094	0.096	0.092	0.167	0.157	0.167	0.151	0.164	0.173	0.150	0.163	0.155	0.163	0.095	0.093	0.140	0.105	0.166	0.148	0.113	0.152	0.139	0.157	0.161	0.106	0.095	0.093	0.156	0.138	0.103	0.096	0.157	0.105	0.140	0.148	0.105	0.100	0.094	0.095	0.153	0.161	0.142	0.161	0.150	0.153	0.135	0.155	0.150	0.138	0.093	0.095	0.156	0.159	0.141	0.152	0.147	0.107	0.139	0.105	0.145	0.145	0.092	0.096	0.167	0.159	0.147	0.159	0.109	0.101	0.098	0.161	0.104	0.155	0.092	0.095	0.094	0.094	0.094	0.094	0.094	0.095	0.094	0.095	0.095	0.095	0.093
38:00:40	19.4	0.093	0.093	0.094	0.094	0.094	0.094	0.094	0.093	0.093	0.094	0.094	0.096	0.092	0.171	0.161	0.170	0.156	0.167	0.176	0.154	0.166	0.158	0.166	0.096	0.093	0.145	0.107	0.170	0.152	0.115	0.156	0.142	0.161	0.164	0.107	0.095	0.093	0.161	0.142	0.105	0.097	0.159	0.107	0.142	0.151	0.106	0.100	0.094	0.095	0.157	0.164	0.145	0.164	0.153	0.156	0.137	0.158	0.153	0.141	0.093	0.095	0.160	0.162	0.144	0.155	0.150	0.109	0.142	0.106	0.148	0.149	0.092	0.096	0.171	0.163	0.150	0.163	0.112	0.102	0.098	0.164	0.105	0.158	0.093	0.095	0.094	0.094	0.094	0.094	0.094	0.095	0.094	0.095	0.095	0.095	0.093
39:00:42	19.3	0.092	0.093	0.094	0.094	0.094	0.094	0.094	0.093	0.093	0.094	0.094	0.096	0.092	0.175	0.165	0.174	0.160	0.171	0.180	0.157	0.168	0.161	0.170	0.096	0.093	0.148	0.108	0.173	0.155	0.118	0.160	0.145	0.165	0.166	0.108	0.095	0.094	0.164	0.146	0.106	0.097	0.162	0.109	0.145	0.153	0.108	0.100	0.094	0.095	0.161	0.167	0.148	0.167	0.155	0.159	0.140	0.160	0.156	0.144	0.093	0.096	0.163	0.165	0.147	0.157	0.152	0.110	0.144	0.108	0.150	0.152	0.093	0.096	0.176	0.166	0.153	0.166	0.114	0.101	0.099	0.166	0.106	0.161	0.093	0.095	0.094	0.094	0.094	0.094	0.094	0.095	0.094	0.095	0.095	0.095	0.093
40:00:43	19.3	0.092	0.093	0.094	0.094	0.094	0.094	0.094	0.093	0.094	0.094	0.094	0.096	0.092	0.179	0.169	0.177	0.164	0.174	0.183	0.159	0.172	0.164	0.173	0.096	0.093	0.153	0.110	0.177	0.159	0.120	0.164	0.148	0.169	0.169	0.110	0.095	0.093	0.168	0.149	0.108	0.097	0.165	0.111	0.147	0.155	0.109	0.100	0.095	0.095	0.165	0.171	0.151	0.170	0.158	0.162	0.142	0.162	0.158	0.147	0.093	0.096	0.166	0.169	0.151	0.161	0.155	0.113	0.146	0.110	0.153	0.155	0.092	0.096	0.179	0.171	0.157	0.169	0.117	0.101	0.099	0.170	0.107	0.164	0.093	0.095	0.094	0.094	0.094	0.095	0.094	0.095	0.094	0.095	0.095	0.094	0.093
41:00:43	19.2	0.093	0.093	0.093	0.093	0.094	0.094	0.094	0.093	0.093	0.094	0.094	0.096	0.092	0.183	0.173	0.181	0.167	0.178	0.186	0.162	0.174	0.166	0.177	0.095	0.093	0.156	0.112	0.180	0.162	0.124	0.168	0.150	0.173	0.172	0.111	0.095	0.093	0.172	0.152	0.110	0.096	0.167	0.114	0.149	0.157	0.111	0.100	0.094	0.095	0.168	0.173	0.154	0.173	0.161	0.164	0.144	0.164	0.161	0.150	0.093	0.096	0.169	0.172	0.153	0.163	0.157	0.115	0.148	0.111	0.155	0.158	0.092	0.096	0.183	0.174	0.160	0.172	0.120	0.102	0.098	0.172	0.109	0.167	0.093	0.094	0.094	0.094	0.093	0.094	0.094	0.095	0.093	0.095	0.095	0.094	0.093
42:00:45	19.2	0.092	0.093	0.093	0.093	0.093	0.094	0.094	0.093	0.093	0.094	0.094	0.096	0.092	0.187	0.177	0.184	0.171	0.182	0.190	0.165	0.177	0.170	0.180	0.095	0.093	0.160	0.114	0.184	0.165	0.128	0.172	0.153	0.176	0.174	0.113	0.095	0.093	0.176	0.155	0.112	0.097	0.170	0.117	0.152	0.160	0.113	0.099	0.095	0.095	0.171	0.176	0.157	0.176	0.163	0.167	0.146	0.167	0.163	0.153	0.092	0.095	0.173	0.176	0.156	0.166	0.159	0.119	0.150	0.114	0.157	0.161	0.092	0.096	0.187	0.178	0.163	0.175	0.125	0.102	0.098	0.175	0.111	0.171	0.092	0.094	0.094	0.094	0.094	0.094	0.094	0.095	0.094	0.095	0.095	0.094	0.093
43:00:45	19.1	0.093	0.093	0.093	0.094	0.094	0.094	0.094	0.093	0.094	0.094	0.094	0.096	0.093	0.191	0.182	0.188	0.175	0.186	0.194	0.168	0.180	0.172	0.184	0.096	0.093	0.164	0.118	0.188	0.168	0.132	0.176	0.155	0.181	0.177	0.116	0.096	0.094	0.179	0.159	0.115	0.097	0.173	0.122	0.154	0.162	0.115	0.100	0.095	0.095	0.175	0.180	0.160	0.180	0.166	0.170	0.149	0.169	0.166	0.156	0.093	0.096	0.176	0.179	0.159	0.169	0.163	0.123	0.153	0.117	0.160	0.164	0.093	0.096	0.192	0.181	0.167	0.179	0.130	0.101	0.099	0.179	0.112	0.174	0.093	0.095	0.094	0.094	0.094	0.095	0.094	0.095	0.094	0.095	0.095	0.095	0.093
44:00:46	19.1	0.093	0.094	0.094	0.094	0.094	0.094	0.094	0.093	0.094	0.094	0.094	0.096	0.093	0.195	0.186	0.192	0.179	0.189	0.198	0.170	0.183	0.176	0.187	0.096	0.093	0.167	0.122	0.191	0.172	0.137	0.180	0.158	0.185	0.181	0.119	0.095	0.093	0.184	0.162	0.119	0.097	0.176	0.126	0.156	0.164	0.118	0.100	0.095	0.095	0.179	0.183	0.163	0.183	0.169	0.173	0.151	0.171	0.169	0.159	0.093	0.096	0.179	0.182	0.163	0.172	0.165	0.128	0.155	0.120	0.163	0.168	0.093	0.096	0.196	0.185	0.170	0.182	0.135	0.102	0.099	0.182	0.113	0.177	0.093	0.095	0.094	0.094	0.094	0.094	0.094	0.095	0.094	0.095	0.095	0.094	0.093
45:00:48	19.1	0.093	0.093	0.094	0.094	0.094	0.094	0.093	0.093	0.094	0.094	0.094	0.096	0.093	0.199	0.190	0.195	0.183	0.193	0.201	0.173	0.186	0.178	0.191	0.096	0.093	0.171	0.126	0.195	0.174	0.142	0.184	0.161	0.189	0.184	0.122	0.095	0.093	0.188	0.165	0.122	0.097	0.179	0.131	0.159	0.166	0.121	0.099	0.095	0.095	0.183	0.186	0.166	0.186	0.172	0.176	0.153	0.174	0.172	0.162	0.093	0.096	0.183	0.186	0.165	0.175	0.167	0.132	0.157	0.124	0.165	0.171	0.093	0.096	0.200	0.189	0.173	0.186	0.141	0.103	0.099	0.185	0.114	0.180	0.093	0.095	0.094	0.094	0.094	0.094	0.094	0.095	0.094	0.095	0.095	0.094	0.094
46:00:48	19.1	0.092	0.093	0.094	0.094	0.094	0.094	0.094	0.093	0.093	0.094	0.094	0.096	0.092	0.203	0.194	0.198	0.186	0.197	0.205	0.176	0.188	0.181	0.194	0.095	0.093	0.174	0.131	0.198	0.177	0.147	0.188	0.163	0.193	0.187	0.126	0.095	0.094	0.191	0.168	0.126	0.097	0.182	0.135	0.161	0.169	0.125	0.100	0.094	0.095	0.187	0.189	0.169	0.189	0.175	0.179	0.155	0.176	0.174	0.165	0.093	0.096	0.186	0.190	0.168	0.178	0.170	0.136	0.159	0.128	0.168	0.174	0.092	0.096	0.204	0.192	0.176	0.189	0.146	0.102	0.099	0.188	0.116	0.183	0.093	0.095	0.094	0.094	0.094	0.094	0.094	0.095	0.094	0.095	0.095	0.094	0.093
47:00:50	19.1	0.093	0.094	0.094	0.094	0.094	0.094	0.094	0.093	0.094	0.094	0.094	0.096	0.093	0.208	0.198	0.202	0.191	0.201	0.208	0.179	0.192	0.185	0.198	0.096	0.093	0.178	0.136	0.202	0.180	0.153	0.192	0.166	0.197	0.190	0.131	0.095	0.094	0.196	0.171	0.131	0.097	0.185	0.140	0.163	0.171	0.130	0.100	0.095	0.095	0.190	0.193	0.172	0.193	0.178	0.181	0.157	0.179	0.177	0.169	0.093	0.096	0.189	0.194	0.171	0.181	0.173	0.141	0.162	0.132	0.170	0.177	0.093	0.096	0.208	0.196	0.179	0.193	0.151	0.101	0.099	0.191	0.118	0.187	0.093	0.095	0.094	0.094	0.094	0.095	0.094	0.095	0.094	0.095	0.095	0.094	0.093
48:00:50	19.0	0.092	0.093	0.093	0.093	0.094	0.094	0.094	0.093	0.093	0.094	0.094	0.096	0.092	0.212	0.202	0.205	0.195	0.204	0.212	0.181	0.194	0.187	0.202	0.096	0.093	0.182	0.141	0.205	0.183	0.158	0.196	0.168	0.201	0.193	0.135	0.095	0.093	0.199	0.174	0.135	0.097	0.188	0.143	0.165	0.173	0.134	0.100	0.095	0.095	0.194	0.196	0.175	0.196	0.180	0.184	0.159	0.181	0.180	0.172	0.093	0.095	0.193	0.197	0.174	0.184	0.175	0.145	0.164	0.137	0.173	0.181	0.092	0.096	0.212	0.199	0.183	0.196	0.155	0.102	0.099	0.194	0.119	0.190	0.093	0.095	0.094	0.094	0.094	0.094	0.094	0.095	0.094	0.095	0.095	0.094	0.093
49:01:01	19.1	0.093	0.093	0.094	0.094	0.093	0.094	0.093	0.093	0.094	0.094	0.094	0.096	0.093	0.216	0.206	0.209	0.199	0.208	0.215	0.183	0.196	0.190	0.205	0.096	0.093	0.186	0.147	0.209	0.187	0.163	0.200	0.170	0.205	0.196	0.140	0.095	0.094	0.203	0.177	0.140	0.097	0.191	0.148	0.168	0.176	0.138	0.099	0.095	0.095	0.198	0.199	0.177	0.200	0.183	0.187	0.161	0.183	0.182	0.175	0.093	0.096	0.197	0.200	0.178	0.186	0.178	0.149	0.166	0.141	0.176	0.184	0.092	0.096	0.217	0.203	0.186	0.199	0.160	0.103	0.099	0.198	0.122	0.194	0.093	0.095	0.094	0.094	0.094	0.095	0.094	0.095	0.094	0.095	0.095	0.094	0.093
50:00:53	19.3	0.093	0.093	0.094	0.094	0.094	0.094	0.094	0.093	0.094	0.094	0.094	0.096	0.092	0.220	0.210	0.212	0.203	0.211	0.219	0.187	0.200	0.194	0.209	0.096	0.093	0.190	0.153	0.213	0.190	0.169	0.204	0.174	0.209	0.199	0.145	0.095	0.094	0.206	0.181	0.144	0.097	0.194	0.153	0.170	0.178	0.143	0.099	0.095	0.095	0.201	0.202	0.181	0.203	0.186	0.190	0.163	0.186	0.185	0.178	0.093	0.096	0.200	0.203	0.180	0.190	0.180	0.154	0.169	0.144	0.178	0.188	0.093	0.096	0.220	0.207	0.189	0.203	0.164	0.102	0.099	0.200	0.124	0.197	0.093	0.095	0.094	0.094	0.094	0.095	0.095	0.095	0.094	0.095	0.095	0.094	0.093
51:00:52	19.5	0.093	0.093	0.094	0.094	0.094	0.094	0.094	0.093	0.094	0.094	0.094	0.096	0.093	0.223	0.214	0.216	0.206	0.215	0.222	0.191	0.203	0.197	0.212	0.096	0.093	0.194	0.158	0.215	0.193	0.174	0.207	0.177	0.212	0.203	0.150	0.095	0.094	0.209	0.184	0.148	0.098	0.197	0.157	0.173	0.180	0.147	0.099	0.095	0.095	0.205	0.205	0.184	0.206	0.189	0.193	0.166	0.188	0.187	0.181	0.093	0.096	0.203	0.206	0.184	0.192	0.183	0.158	0.172	0.148	0.180	0.191	0.093	0.096	0.224	0.210	0.193	0.206	0.169	0.101	0.099	0.203	0.128	0.200	0.093	0.095	0.094	0.094	0.094	0.094	0.095	0.095	0.094	0.095	0.095	0.094	0.093
52:00:54	19.9	0.093	0.093	0.094	0.093	0.094	0.094	0.094	0.093	0.093	0.094	0.094	0.096	0.093	0.226	0.217	0.218	0.210	0.219	0.226	0.194	0.206	0.200	0.215	0.096	0.093	0.197	0.163	0.218	0.197	0.180	0.211	0.180	0.216	0.205	0.155	0.095	0.094	0.213	0.187	0.152	0.097	0.200	0.161	0.175	0.182	0.152	0.099	0.095	0.094	0.208	0.208	0.186	0.209	0.191	0.195	0.167	0.190	0.190	0.184	0.093	0.096	0.206	0.208	0.186	0.195	0.185	0.163	0.174	0.152	0.182	0.193	0.092	0.096	0.227	0.212	0.195	0.208	0.174	0.101	0.099	0.206	0.131	0.203	0.093	0.095	0.094	0.094	0.094	0.094	0.094	0.095	0.094	0.095	0.095	0.094	0.093
53:00:57	20.0	0.092	0.093	0.094	0.093	0.094	0.094	0.094	0.093	0.094	0.094	0.094	0.096	0.093	0.230	0.221	0.221	0.214	0.222	0.229	0.198	0.209	0.203	0.218	0.095	0.093	0.201	0.169	0.221	0.200	0.185	0.214	0.183	0.219	0.208	0.160	0.095	0.094	0.216	0.190	0.156	0.097	0.203	0.166	0.178	0.185	0.156	0.099	0.095	0.095	0.211	0.211	0.190	0.212	0.194	0.198	0.170	0.192	0.192	0.188	0.093	0.096	0.209	0.211	0.189	0.198	0.188	0.167	0.177	0.156	0.185	0.197	0.093	0.095	0.231	0.216	0.199	0.211	0.179	0.101	0.099	0.208	0.136	0.205	0.093	0.095	0.094	0.094	0.094	0.094	0.094	0.095	0.094	0.095	0.095	0.094	0.093
54:00:57	19.9	0.093	0.093	0.094	0.094	0.094	0.094	0.094	0.093	0.094	0.094	0.094	0.096	0.092	0.234	0.224	0.224	0.218	0.225	0.232	0.200	0.211	0.205	0.222	0.096	0.093	0.205	0.174	0.224	0.203	0.190	0.218	0.186	0.223	0.211	0.164	0.095	0.093	0.219	0.194	0.160	0.097	0.206	0.170	0.180	0.186	0.160	0.099	0.095	0.095	0.214	0.213	0.193	0.215	0.196	0.200	0.172	0.194	0.194	0.192	0.093	0.096	0.213	0.214	0.192	0.201	0.190	0.171	0.179	0.159	0.187	0.201	0.093	0.096	0.234	0.219	0.202	0.214	0.184	0.101	0.099	0.211	0.140	0.209	0.093	0.095	0.094	0.094	0.094	0.094	0.094	0.095	0.094	0.095	0.095	0.094	0.093
55:00:59	19.7	0.092	0.093	0.093	0.093	0.094	0.094	0.094	0.093	0.093	0.094	0.094	0.095	0.092	0.238	0.228	0.227	0.222	0.228	0.234	0.202	0.212	0.208	0.225	0.095	0.093	0.209	0.178	0.228	0.206	0.196	0.221	0.188	0.225	0.213	0.168	0.095	0.093	0.222	0.198	0.164	0.097	0.208	0.174	0.182	0.188	0.164	0.099	0.095	0.095	0.217	0.216	0.196	0.218	0.199	0.202	0.174	0.196	0.196	0.195	0.093	0.095	0.217	0.218	0.195	0.203	0.192	0.174	0.181	0.161	0.190	0.205	0.092	0.096	0.238	0.222	0.206	0.217	0.188	0.101	0.099	0.214	0.145	0.214	0.093	0.095	0.094	0.094	0.093	0.094	0.094	0.095	0.094	0.095	0.094	0.094	0.093
56:00:59	19.5	0.092	0.093	0.093	0.093	0.094	0.094	0.093	0.093	0.094	0.094	0.094	0.095	0.092	0.242	0.231	0.229	0.226	0.231	0.237	0.204	0.214	0.209	0.228	0.096	0.093	0.214	0.184	0.230	0.209	0.200	0.224	0.191	0.228	0.216	0.172	0.095	0.093	0.226	0.202	0.167	0.097	0.211	0.178	0.185	0.191	0.168	0.100	0.095	0.095	0.221	0.220	0.200	0.221	0.202	0.205	0.176	0.198	0.199	0.199	0.093	0.095	0.221	0.221	0.200	0.207	0.194	0.178	0.183	0.165	0.193	0.209	0.092	0.095	0.243	0.225	0.210	0.220	0.193	0.101	0.099	0.216	0.149	0.217	0.093	0.095	0.094	0.094	0.094	0.094	0.094	0.095	0.094	0.095	0.095	0.094	0.093
57:01:00	19.4	0.093	0.093	0.094	0.094	0.094	0.094	0.094	0.093	0.094	0.094	0.094	0.096	0.093	0.245	0.234	0.232	0.230	0.234	0.240	0.207	0.216	0.212	0.231	0.096	0.093	0.218	0.188	0.232	0.212	0.207	0.227	0.194	0.231	0.218	0.176	0.095	0.094	0.229	0.205	0.171	0.097	0.214	0.182	0.187	0.192	0.172	0.100	0.095	0.095	0.224	0.222	0.203	0.224	0.204	0.208	0.178	0.200	0.201	0.202	0.093	0.096	0.224	0.224	0.203	0.209	0.196	0.182	0.186	0.168	0.195	0.211	0.093	0.096	0.246	0.228	0.214	0.223	0.197	0.102	0.099	0.219	0.153	0.220	0.093	0.095	0.094	0.094	0.094	0.094	0.094	0.096	0.094	0.095	0.095	0.094	0.093
58:01:02	19.4	0.093	0.093	0.093	0.093	0.093	0.094	0.094	0.093	0.094	0.094	0.094	0.095	0.093	0.247	0.236	0.234	0.233	0.237	0.242	0.209	0.218	0.214	0.233	0.096	0.093	0.221	0.192	0.235	0.216	0.213	0.230	0.196	0.233	0.220	0.180	0.095	0.094	0.232	0.208	0.174	0.097	0.217	0.185	0.190	0.194	0.174	0.100	0.095	0.095	0.227	0.224	0.206	0.226	0.207	0.209	0.181	0.202	0.203	0.204	0.093	0.096	0.226	0.225	0.205	0.212	0.198	0.186	0.188	0.170	0.196	0.214	0.093	0.096	0.249	0.230	0.216	0.226	0.202	0.101	0.099	0.221	0.157	0.222	0.093	0.095	0.094	0.094	0.094	0.094	0.094	0.095	0.094	0.095	0.095	0.094	0.093
59:01:03	19.4	0.093	0.094	0.094	0.094	0.094	0.094	0.094	0.093	0.094	0.094	0.094	0.096	0.093	0.248	0.238	0.236	0.236	0.239	0.246	0.212	0.220	0.216	0.234	0.096	0.093	0.223	0.197	0.237	0.218	0.218	0.232	0.199	0.236	0.222	0.183	0.095	0.094	0.234	0.211	0.177	0.097	0.220	0.189	0.192	0.196	0.177	0.101	0.095	0.095	0.229	0.227	0.208	0.229	0.210	0.211	0.183	0.203	0.205	0.207	0.093	0.096	0.229	0.228	0.208	0.214	0.199	0.189	0.191	0.173	0.198	0.216	0.093	0.096	0.251	0.232	0.219	0.229	0.206	0.101	0.099	0.223	0.161	0.225	0.093	0.095	0.094	0.094	0.094	0.094	0.094	0.096	0.094	0.095	0.095	0.094	0.093
60:01:04	19.4	0.092	0.093	0.093	0.093	0.094	0.094	0.094	0.093	0.094	0.094	0.094	0.096	0.093	0.250	0.240	0.238	0.239	0.241	0.249	0.215	0.222	0.216	0.236	0.096	0.093	0.226	0.201	0.238	0.220	0.222	0.234	0.202	0.238	0.224	0.186	0.095	0.093	0.236	0.214	0.179	0.097	0.222	0.192	0.193	0.197	0.181	0.101	0.095	0.095	0.232	0.228	0.211	0.232	0.212	0.213	0.185	0.204	0.205	0.209	0.093	0.095	0.232	0.229	0.210	0.217	0.201	0.193	0.193	0.175	0.199	0.218	0.092	0.096	0.255	0.234	0.221	0.231	0.210	0.101	0.099	0.224	0.165	0.226	0.093	0.095	0.094	0.094	0.094	0.094	0.094	0.095	0.094	0.095	0.095	0.094	0.093
61:01:05	19.4	0.092	0.093	0.093	0.093	0.093	0.094	0.093	0.093	0.094	0.094	0.093	0.095	0.092	0.252	0.243	0.239	0.242	0.243	0.251	0.217	0.223	0.218	0.238	0.096	0.093	0.230	0.205	0.240	0.223	0.226	0.237	0.204	0.240	0.225	0.189	0.095	0.093	0.238	0.217	0.182	0.097	0.224	0.196	0.195	0.198	0.183	0.100	0.094	0.095	0.234	0.230	0.214	0.234	0.214	0.214	0.187	0.205	0.208	0.211	0.092	0.095	0.234	0.231	0.212	0.219	0.202	0.197	0.194	0.178	0.200	0.221	0.092	0.096	0.257	0.235	0.224	0.234	0.215	0.101	0.099	0.226	0.169	0.228	0.093	0.095	0.094	0.094	0.094	0.094	0.094	0.095	0.094	0.095	0.095	0.094	0.093
62:01:07	19.4	0.092	0.093	0.093	0.093	0.093	0.094	0.094	0.093	0.093	0.093	0.093	0.095	0.092	0.254	0.245	0.241	0.245	0.245	0.254	0.219	0.224	0.220	0.240	0.095	0.093	0.233	0.210	0.242	0.226	0.230	0.238	0.206	0.242	0.227	0.192	0.095	0.093	0.241	0.219	0.185	0.097	0.226	0.199	0.197	0.200	0.186	0.100	0.094	0.094	0.237	0.231	0.216	0.236	0.216	0.216	0.188	0.206	0.209	0.213	0.092	0.095	0.237	0.232	0.215	0.221	0.204	0.201	0.196	0.180	0.202	0.223	0.092	0.095	0.260	0.237	0.226	0.237	0.220	0.101	0.099	0.227	0.173	0.230	0.093	0.095	0.094	0.094	0.094	0.094	0.094	0.095	0.094	0.095	0.094	0.094	0.093
63:01:07	19.4	0.093	0.093	0.094	0.094	0.094	0.094	0.094	0.093	0.094	0.094	0.094	0.096	0.093	0.256	0.247	0.243	0.248	0.247	0.257	0.221	0.225	0.221	0.242	0.096	0.093	0.237	0.216	0.244	0.228	0.235	0.241	0.208	0.244	0.228	0.195	0.095	0.093	0.244	0.223	0.188	0.097	0.229	0.204	0.199	0.201	0.189	0.101	0.095	0.095	0.239	0.233	0.219	0.240	0.219	0.217	0.190	0.208	0.211	0.216	0.093	0.096	0.241	0.234	0.217	0.224	0.205	0.205	0.198	0.182	0.203	0.226	0.093	0.096	0.264	0.239	0.229	0.240	0.225	0.102	0.100	0.229	0.176	0.232	0.093	0.095	0.094	0.094	0.094	0.094	0.095	0.096	0.094	0.095	0.095	0.094	0.093
64:01:09	19.4	0.093	0.094	0.093	0.094	0.093	0.094	0.094	0.093	0.094	0.094	0.094	0.096	0.093	0.259	0.249	0.245	0.250	0.249	0.259	0.223	0.226	0.222	0.243	0.096	0.093	0.239	0.220	0.245	0.231	0.239	0.243	0.210	0.246	0.230	0.198	0.095	0.093	0.246	0.225	0.190	0.097	0.231	0.209	0.201	0.202	0.191	0.100	0.095	0.095	0.241	0.234	0.221	0.242	0.222	0.219	0.191	0.209	0.211	0.218	0.093	0.096	0.243	0.235	0.219	0.226	0.207	0.209	0.200	0.185	0.204	0.228	0.093	0.095	0.267	0.241	0.232	0.243	0.229	0.101	0.100	0.230	0.180	0.234	0.093	0.095	0.094	0.094	0.094	0.094	0.094	0.096	0.094	0.095	0.095	0.094	0.093
65:01:09	19.4	0.093	0.093	0.094	0.094	0.094	0.094	0.094	0.093	0.094	0.094	0.094	0.096	0.093	0.261	0.251	0.248	0.253	0.251	0.263	0.225	0.227	0.223	0.245	0.096	0.093	0.242	0.225	0.247	0.233	0.243	0.245	0.212	0.247	0.231	0.201	0.095	0.094	0.249	0.228	0.192	0.097	0.234	0.213	0.202	0.204	0.194	0.100	0.095	0.095	0.245	0.236	0.224	0.246	0.225	0.220	0.193	0.210	0.213	0.220	0.093	0.096	0.247	0.237	0.221	0.229	0.208	0.214	0.202	0.187	0.206	0.230	0.093	0.096	0.270	0.243	0.234	0.246	0.235	0.102	0.100	0.232	0.183	0.236	0.093	0.095	0.094	0.094	0.094	0.095	0.094	0.096	0.094	0.095	0.095	0.094	0.093
66:01:10	19.4	0.093	0.093	0.094	0.093	0.094	0.094	0.094	0.093	0.094	0.094	0.094	0.096	0.093	0.261	0.254	0.250	0.255	0.253	0.266	0.227	0.228	0.225	0.247	0.096	0.093	0.245	0.230	0.248	0.235	0.248	0.247	0.214	0.252	0.232	0.204	0.095	0.094	0.252	0.230	0.194	0.098	0.236	0.217	0.204	0.204	0.196	0.101	0.095	0.095	0.248	0.237	0.227	0.249	0.227	0.221	0.195	0.211	0.215	0.221	0.093	0.096	0.250	0.238	0.224	0.231	0.209	0.218	0.203	0.189	0.207	0.232	0.093	0.096	0.274	0.244	0.237	0.248	0.240	0.102	0.100	0.233	0.187	0.238	0.093	0.095	0.094	0.094	0.094	0.094	0.094	0.096	0.094	0.095	0.095	0.094	0.093
67:01:11	19.4	0.093	0.094	0.094	0.094	0.094	0.094	0.094	0.093	0.094	0.094	0.094	0.096	0.093	0.264	0.256	0.252	0.257	0.254	0.269	0.229	0.229	0.226	0.249	0.096	0.093	0.247	0.234	0.250	0.238	0.253	0.248	0.216	0.250	0.233	0.207	0.095	0.094	0.255	0.233	0.197	0.098	0.239	0.221	0.206	0.205	0.198	0.101	0.095	0.095	0.251	0.239	0.229	0.252	0.230	0.222	0.196	0.211	0.216	0.223	0.093	0.096	0.253	0.240	0.226	0.234	0.210	0.223	0.205	0.191	0.208	0.234	0.093	0.096	0.277	0.246	0.239	0.252	0.246	0.102	0.100	0.234	0.190	0.239	0.093	0.095	0.094	0.094	0.094	0.095	0.094	0.096	0.094	0.095	0.095	0.094	0.093
68:01:11	19.4	0.092	0.093	0.093	0.094	0.093	0.094	0.094	0.093	0.093	0.094	0.094	0.095	0.093	0.265	0.258	0.254	0.259	0.256	0.271	0.230	0.230	0.227	0.250	0.095	0.093	0.250	0.239	0.250	0.239	0.258	0.249	0.218	0.251	0.234	0.210	0.095	0.094	0.258	0.236	0.199	0.098	0.242	0.226	0.207	0.206	0.201	0.100	0.095	0.095	0.255	0.240	0.231	0.255	0.233	0.224	0.197	0.212	0.216	0.225	0.093	0.095	0.257	0.241	0.227	0.236	0.211	0.227	0.206	0.193	0.209	0.235	0.093	0.096	0.281	0.247	0.241	0.254	0.254	0.102	0.100	0.235	0.194	0.241	0.093	0.095	0.094	0.094	0.094	0.094	0.094	0.096	0.094	0.095	0.095	0.094	0.093
69:01:11	19.5	0.092	0.093	0.094	0.093	0.094	0.094	0.094	0.093	0.093	0.094	0.093	0.096	0.093	0.267	0.260	0.256	0.261	0.258	0.275	0.232	0.231	0.228	0.252	0.096	0.093	0.252	0.245	0.252	0.242	0.263	0.250	0.219	0.253	0.235	0.213	0.095	0.094	0.262	0.238	0.201	0.098	0.245	0.230	0.209	0.207	0.203	0.100	0.095	0.095	0.259	0.242	0.233	0.258	0.237	0.225	0.199	0.213	0.217	0.227	0.093	0.096	0.260	0.242	0.229	0.239	0.213	0.232	0.207	0.195	0.210	0.237	0.093	0.096	0.285	0.249	0.243	0.258	0.260	0.102	0.101	0.236	0.196	0.242	0.093	0.095	0.094	0.094	0.094	0.094	0.095	0.096	0.094	0.095	0.095	0.094	0.093
70:01:13	19.5	0.092	0.093	0.093	0.093	0.093	0.094	0.094	0.093	0.093	0.094	0.094	0.096	0.093	0.269	0.262	0.258	0.263	0.259	0.278	0.234	0.231	0.229	0.253	0.096	0.093	0.254	0.250	0.253	0.244	0.269	0.252	0.221	0.260	0.237	0.215	0.095	0.094	0.266	0.239	0.203	0.098	0.248	0.234	0.210	0.208	0.205	0.101	0.094	0.095	0.262	0.243	0.234	0.262	0.240	0.226	0.200	0.214	0.219	0.228	0.093	0.096	0.264	0.244	0.231	0.242	0.214	0.236	0.208	0.197	0.211	0.239	0.092	0.095	0.289	0.250	0.245	0.262	0.266	0.102	0.101	0.237	0.199	0.244	0.093	0.095	0.094	0.094	0.094	0.094	0.094	0.096	0.094	0.095	0.095	0.094	0.093
71:01:15	19.4	0.093	0.094	0.094	0.094	0.094	0.094	0.094	0.093	0.094	0.094	0.094	0.096	0.093	0.271	0.264	0.261	0.265	0.260	0.282	0.235	0.233	0.230	0.255	0.096	0.093	0.256	0.255	0.255	0.246	0.275	0.253	0.222	0.255	0.238	0.218	0.095	0.094	0.270	0.242	0.206	0.099	0.252	0.239	0.212	0.209	0.208	0.101	0.095	0.095	0.267	0.245	0.237	0.266	0.244	0.227	0.202	0.215	0.220	0.231	0.093	0.096	0.270	0.246	0.233	0.246	0.215	0.242	0.210	0.199	0.213	0.241	0.093	0.096	0.295	0.252	0.247	0.266	0.273	0.102	0.101	0.238	0.201	0.246	0.093	0.095	0.094	0.094	0.094	0.094	0.095	0.096	0.094	0.095	0.095	0.094	0.093
72:01:16	19.5	0.093	0.093	0.094	0.094	0.094	0.094	0.094	0.093	0.093	0.094	0.094	0.096	0.093	0.272	0.266	0.262	0.266	0.261	0.287	0.236	0.233	0.231	0.256	0.096	0.093	0.259	0.261	0.256	0.248	0.280	0.254	0.224	0.257	0.239	0.221	0.095	0.094	0.274	0.244	0.208	0.099	0.256	0.245	0.213	0.210	0.210	0.101	0.095	0.095	0.272	0.247	0.239	0.270	0.248	0.228	0.203	0.216	0.220	0.232	0.093	0.096	0.273	0.247	0.235	0.249	0.216	0.247	0.211	0.201	0.213	0.243	0.092	0.096	0.299	0.254	0.249	0.270	0.279	0.102	0.102	0.238	0.205	0.247	0.093	0.095	0.094	0.094	0.094	0.095	0.094	0.097	0.094	0.095	0.095	0.094	0.093

