Time	T° 600	A1	A2	A3	A4	A5	A6	A7	A8	A9	A10	A11	A12	B1	B2	B3	B4	B5	B6	B7	B8	B9	B10	B11	B12	C1	C2	C3	C4	C5	C6	C7	C8	C9	C10	C11	C12	D1	D2	D3	D4	D5	D6	D7	D8	D9	D10	D11	D12	E1	E2	E3	E4	E5	E6	E7	E8	E9	E10	E11	E12	F1	F2	F3	F4	F5	F6	F7	F8	F9	F10	F11	F12	G1	G2	G3	G4	G5	G6	G7	G8	G9	G10	G11	G12	H1	H2	H3	H4	H5	H6	H7	H8	H9	H10	H11	H12
0:00:06	18.5	0.089	0.089	0.089	0.090	0.091	0.090	0.089	0.088	0.089	0.090	0.090	0.092	0.089	0.091	0.091	0.092	0.093	0.092	0.091	0.091	0.092	0.093	0.092	0.089	0.089	0.091	0.089	0.090	0.094	0.093	0.090	0.092	0.092	0.090	0.093	0.090	0.089	0.091	0.089	0.090	0.088	0.090	0.090	0.092	0.093	0.092	0.092	0.088	0.090	0.093	0.091	0.092	0.091	0.090	0.090	0.089	0.090	0.091	0.091	0.090	0.090	0.093	0.092	0.093	0.090	0.089	0.089	0.091	0.089	0.089	0.090	0.088	0.092	0.094	0.092	0.092	0.090	0.091	0.091	0.093	0.093	0.091	0.090	0.089	0.092	0.092	0.091	0.091	0.089	0.091	0.091	0.092	0.091	0.091	0.091	0.090
1:00:05	19.3	0.090	0.090	0.090	0.091	0.092	0.090	0.090	0.089	0.089	0.091	0.091	0.093	0.089	0.091	0.092	0.092	0.093	0.092	0.091	0.091	0.092	0.093	0.092	0.090	0.089	0.091	0.090	0.091	0.094	0.093	0.090	0.093	0.092	0.091	0.093	0.091	0.090	0.092	0.090	0.091	0.089	0.090	0.090	0.092	0.093	0.092	0.093	0.089	0.090	0.093	0.091	0.092	0.092	0.091	0.090	0.090	0.090	0.091	0.091	0.091	0.091	0.094	0.093	0.094	0.090	0.090	0.092	0.092	0.090	0.089	0.091	0.089	0.093	0.095	0.093	0.092	0.092	0.092	0.091	0.094	0.094	0.091	0.091	0.090	0.092	0.093	0.091	0.091	0.090	0.091	0.091	0.092	0.092	0.091	0.091	0.091
2:00:05	19.7	0.090	0.090	0.090	0.091	0.092	0.091	0.090	0.089	0.090	0.091	0.091	0.093	0.090	0.092	0.092	0.092	0.093	0.092	0.091	0.092	0.092	0.093	0.093	0.090	0.090	0.092	0.090	0.091	0.094	0.094	0.091	0.093	0.092	0.092	0.094	0.091	0.090	0.092	0.091	0.091	0.089	0.090	0.090	0.093	0.094	0.093	0.093	0.089	0.090	0.094	0.092	0.092	0.093	0.091	0.091	0.091	0.091	0.091	0.091	0.091	0.091	0.094	0.094	0.094	0.091	0.091	0.091	0.092	0.090	0.090	0.091	0.090	0.093	0.095	0.093	0.093	0.092	0.092	0.092	0.094	0.094	0.092	0.091	0.090	0.092	0.093	0.091	0.091	0.090	0.091	0.092	0.092	0.092	0.092	0.091	0.090
3:00:05	19.8	0.090	0.090	0.090	0.092	0.092	0.091	0.090	0.089	0.090	0.091	0.091	0.093	0.090	0.092	0.092	0.092	0.093	0.092	0.091	0.092	0.092	0.093	0.093	0.090	0.090	0.091	0.091	0.092	0.094	0.094	0.091	0.094	0.092	0.092	0.094	0.091	0.090	0.092	0.091	0.091	0.089	0.090	0.090	0.093	0.093	0.093	0.093	0.090	0.091	0.094	0.092	0.092	0.093	0.091	0.091	0.091	0.091	0.092	0.092	0.091	0.092	0.094	0.094	0.094	0.092	0.091	0.091	0.093	0.091	0.091	0.091	0.090	0.093	0.095	0.093	0.093	0.093	0.092	0.092	0.094	0.094	0.092	0.092	0.090	0.092	0.093	0.092	0.091	0.090	0.091	0.092	0.092	0.092	0.092	0.091	0.091
4:00:08	19.9	0.090	0.090	0.090	0.091	0.092	0.091	0.090	0.090	0.091	0.091	0.091	0.093	0.090	0.092	0.092	0.092	0.093	0.092	0.091	0.092	0.092	0.093	0.093	0.090	0.090	0.092	0.091	0.091	0.094	0.093	0.091	0.094	0.092	0.092	0.094	0.091	0.090	0.092	0.091	0.091	0.089	0.090	0.091	0.093	0.093	0.093	0.093	0.089	0.091	0.094	0.092	0.092	0.093	0.091	0.091	0.090	0.091	0.092	0.092	0.091	0.091	0.094	0.094	0.094	0.092	0.091	0.091	0.093	0.090	0.091	0.092	0.090	0.093	0.095	0.093	0.093	0.093	0.092	0.092	0.094	0.094	0.092	0.092	0.090	0.092	0.093	0.091	0.092	0.090	0.092	0.092	0.093	0.092	0.092	0.091	0.091
5:00:08	19.9	0.090	0.091	0.091	0.092	0.093	0.091	0.090	0.090	0.091	0.091	0.092	0.093	0.090	0.092	0.092	0.092	0.094	0.092	0.091	0.092	0.093	0.094	0.093	0.090	0.090	0.092	0.091	0.092	0.094	0.094	0.092	0.094	0.092	0.092	0.094	0.092	0.090	0.092	0.091	0.091	0.090	0.090	0.091	0.093	0.094	0.093	0.093	0.090	0.091	0.094	0.092	0.093	0.093	0.091	0.091	0.091	0.091	0.092	0.092	0.091	0.092	0.095	0.094	0.095	0.092	0.092	0.091	0.093	0.091	0.091	0.092	0.090	0.094	0.095	0.094	0.093	0.093	0.092	0.092	0.094	0.094	0.092	0.092	0.090	0.093	0.094	0.091	0.092	0.091	0.092	0.092	0.093	0.092	0.092	0.092	0.091
6:00:10	19.9	0.091	0.091	0.091	0.092	0.093	0.091	0.091	0.090	0.091	0.092	0.092	0.094	0.090	0.093	0.092	0.093	0.094	0.093	0.091	0.092	0.093	0.094	0.094	0.091	0.090	0.092	0.091	0.092	0.094	0.094	0.092	0.095	0.092	0.092	0.094	0.092	0.091	0.092	0.091	0.091	0.090	0.091	0.091	0.094	0.094	0.093	0.094	0.090	0.091	0.094	0.092	0.093	0.094	0.092	0.091	0.091	0.091	0.092	0.092	0.092	0.092	0.095	0.095	0.095	0.092	0.092	0.092	0.093	0.091	0.091	0.092	0.090	0.094	0.095	0.094	0.093	0.093	0.093	0.093	0.095	0.095	0.093	0.092	0.090	0.093	0.094	0.092	0.092	0.091	0.092	0.092	0.093	0.093	0.092	0.092	0.091
7:00:11	19.8	0.090	0.090	0.091	0.091	0.093	0.091	0.090	0.090	0.091	0.092	0.092	0.093	0.090	0.093	0.092	0.093	0.093	0.092	0.091	0.092	0.093	0.094	0.094	0.090	0.090	0.092	0.091	0.092	0.094	0.094	0.092	0.094	0.092	0.092	0.094	0.092	0.090	0.092	0.091	0.091	0.090	0.090	0.091	0.093	0.094	0.093	0.093	0.090	0.091	0.094	0.092	0.093	0.094	0.091	0.091	0.091	0.091	0.092	0.092	0.091	0.092	0.094	0.094	0.095	0.092	0.092	0.092	0.093	0.091	0.091	0.092	0.090	0.094	0.095	0.094	0.093	0.093	0.092	0.092	0.094	0.094	0.092	0.092	0.090	0.092	0.094	0.091	0.091	0.090	0.091	0.091	0.092	0.092	0.092	0.092	0.091
8:00:12	19.8	0.090	0.091	0.091	0.092	0.093	0.091	0.091	0.090	0.091	0.092	0.092	0.093	0.090	0.093	0.092	0.093	0.094	0.093	0.091	0.092	0.093	0.094	0.094	0.091	0.090	0.092	0.091	0.092	0.094	0.094	0.092	0.095	0.093	0.092	0.094	0.092	0.090	0.092	0.092	0.091	0.090	0.091	0.091	0.094	0.094	0.094	0.094	0.090	0.091	0.094	0.092	0.093	0.094	0.092	0.091	0.091	0.091	0.092	0.092	0.092	0.092	0.095	0.095	0.095	0.092	0.092	0.092	0.093	0.091	0.091	0.092	0.090	0.094	0.095	0.094	0.093	0.093	0.093	0.092	0.095	0.095	0.093	0.092	0.090	0.093	0.094	0.091	0.092	0.091	0.092	0.092	0.093	0.093	0.092	0.092	0.091
9:00:13	19.8	0.091	0.091	0.091	0.092	0.093	0.091	0.091	0.090	0.091	0.092	0.092	0.094	0.090	0.093	0.092	0.093	0.094	0.093	0.091	0.092	0.093	0.094	0.094	0.091	0.090	0.092	0.091	0.092	0.094	0.094	0.092	0.095	0.093	0.092	0.094	0.092	0.091	0.092	0.092	0.091	0.090	0.091	0.091	0.094	0.094	0.094	0.094	0.090	0.091	0.094	0.092	0.093	0.094	0.092	0.091	0.092	0.091	0.092	0.092	0.092	0.092	0.095	0.095	0.095	0.092	0.092	0.092	0.093	0.091	0.091	0.092	0.090	0.094	0.095	0.094	0.094	0.093	0.093	0.092	0.094	0.095	0.093	0.092	0.090	0.093	0.094	0.092	0.092	0.091	0.092	0.093	0.093	0.093	0.092	0.092	0.091
10:00:12	19.8	0.091	0.091	0.091	0.092	0.093	0.091	0.091	0.090	0.091	0.092	0.092	0.094	0.090	0.093	0.092	0.093	0.094	0.093	0.092	0.092	0.093	0.094	0.095	0.091	0.091	0.092	0.092	0.092	0.095	0.094	0.092	0.095	0.093	0.093	0.095	0.092	0.091	0.092	0.092	0.091	0.090	0.091	0.091	0.094	0.094	0.094	0.094	0.090	0.091	0.094	0.092	0.093	0.094	0.092	0.091	0.091	0.091	0.092	0.093	0.092	0.092	0.095	0.095	0.095	0.093	0.092	0.092	0.093	0.092	0.092	0.092	0.090	0.094	0.096	0.094	0.094	0.093	0.093	0.093	0.095	0.095	0.093	0.093	0.091	0.093	0.094	0.092	0.092	0.091	0.092	0.092	0.093	0.093	0.092	0.092	0.091
11:00:15	19.8	0.091	0.091	0.091	0.092	0.093	0.091	0.091	0.090	0.091	0.092	0.092	0.093	0.090	0.093	0.092	0.093	0.094	0.093	0.091	0.092	0.093	0.094	0.094	0.091	0.090	0.092	0.092	0.093	0.094	0.094	0.092	0.095	0.093	0.092	0.094	0.092	0.091	0.092	0.092	0.091	0.090	0.091	0.091	0.094	0.094	0.094	0.094	0.090	0.091	0.094	0.092	0.093	0.094	0.092	0.091	0.092	0.091	0.092	0.092	0.092	0.092	0.096	0.095	0.095	0.092	0.092	0.092	0.093	0.092	0.092	0.092	0.090	0.094	0.096	0.094	0.094	0.093	0.093	0.093	0.095	0.094	0.092	0.093	0.090	0.092	0.094	0.091	0.091	0.091	0.092	0.092	0.092	0.092	0.092	0.092	0.091
12:00:15	19.8	0.091	0.091	0.091	0.092	0.093	0.091	0.091	0.090	0.091	0.092	0.092	0.094	0.091	0.093	0.092	0.093	0.094	0.093	0.092	0.093	0.094	0.095	0.095	0.091	0.091	0.093	0.092	0.093	0.095	0.094	0.093	0.095	0.093	0.093	0.095	0.092	0.091	0.093	0.092	0.091	0.091	0.091	0.091	0.095	0.094	0.094	0.095	0.091	0.091	0.095	0.092	0.094	0.095	0.093	0.091	0.092	0.092	0.092	0.092	0.092	0.092	0.096	0.096	0.095	0.093	0.092	0.093	0.094	0.092	0.092	0.092	0.090	0.094	0.096	0.094	0.094	0.094	0.094	0.093	0.095	0.095	0.093	0.093	0.091	0.093	0.094	0.092	0.092	0.091	0.092	0.092	0.093	0.093	0.092	0.092	0.092
13:00:16	19.8	0.091	0.091	0.091	0.092	0.093	0.091	0.091	0.090	0.091	0.092	0.092	0.094	0.090	0.093	0.092	0.093	0.094	0.093	0.092	0.093	0.094	0.094	0.095	0.091	0.091	0.093	0.092	0.093	0.095	0.094	0.093	0.095	0.093	0.093	0.095	0.092	0.091	0.093	0.093	0.091	0.090	0.091	0.091	0.095	0.094	0.094	0.095	0.090	0.091	0.094	0.092	0.093	0.095	0.093	0.091	0.092	0.092	0.092	0.093	0.092	0.092	0.096	0.096	0.095	0.093	0.092	0.093	0.093	0.092	0.092	0.092	0.090	0.094	0.096	0.095	0.094	0.094	0.094	0.093	0.095	0.095	0.093	0.093	0.090	0.093	0.094	0.091	0.092	0.091	0.092	0.092	0.093	0.092	0.092	0.092	0.091
14:00:18	19.8	0.091	0.091	0.092	0.092	0.094	0.092	0.091	0.090	0.091	0.092	0.092	0.094	0.091	0.094	0.093	0.093	0.094	0.094	0.092	0.093	0.094	0.095	0.096	0.091	0.091	0.093	0.093	0.094	0.095	0.094	0.094	0.096	0.094	0.093	0.095	0.092	0.091	0.093	0.094	0.092	0.091	0.091	0.092	0.095	0.095	0.095	0.096	0.091	0.091	0.095	0.093	0.094	0.095	0.093	0.092	0.092	0.092	0.093	0.093	0.092	0.093	0.097	0.096	0.096	0.093	0.093	0.094	0.094	0.093	0.093	0.093	0.091	0.094	0.096	0.095	0.095	0.094	0.094	0.093	0.095	0.095	0.093	0.094	0.091	0.094	0.094	0.092	0.092	0.091	0.092	0.093	0.093	0.093	0.092	0.092	0.092
15:00:18	19.7	0.091	0.091	0.091	0.092	0.093	0.091	0.091	0.090	0.091	0.092	0.092	0.094	0.090	0.093	0.093	0.093	0.094	0.094	0.092	0.093	0.094	0.095	0.096	0.091	0.091	0.094	0.093	0.094	0.095	0.094	0.094	0.096	0.094	0.093	0.095	0.092	0.091	0.093	0.094	0.091	0.091	0.091	0.092	0.095	0.094	0.095	0.096	0.090	0.091	0.094	0.092	0.094	0.096	0.093	0.091	0.092	0.092	0.093	0.092	0.092	0.092	0.096	0.096	0.095	0.093	0.092	0.094	0.094	0.093	0.093	0.092	0.090	0.094	0.096	0.095	0.095	0.094	0.094	0.093	0.095	0.095	0.093	0.094	0.090	0.093	0.094	0.092	0.092	0.091	0.092	0.092	0.093	0.093	0.092	0.092	0.092
16:00:19	19.7	0.091	0.091	0.091	0.092	0.093	0.091	0.091	0.090	0.091	0.092	0.092	0.094	0.090	0.093	0.092	0.093	0.094	0.094	0.092	0.092	0.094	0.095	0.096	0.091	0.090	0.094	0.093	0.094	0.095	0.094	0.094	0.096	0.094	0.093	0.095	0.092	0.091	0.093	0.094	0.091	0.091	0.091	0.091	0.095	0.094	0.095	0.096	0.090	0.091	0.094	0.093	0.094	0.096	0.093	0.091	0.092	0.092	0.093	0.093	0.092	0.092	0.097	0.096	0.095	0.093	0.093	0.094	0.094	0.093	0.093	0.092	0.091	0.094	0.096	0.095	0.095	0.094	0.095	0.093	0.095	0.095	0.093	0.094	0.090	0.093	0.094	0.092	0.091	0.091	0.092	0.092	0.093	0.093	0.092	0.092	0.091
17:00:21	19.7	0.091	0.091	0.091	0.092	0.093	0.092	0.091	0.090	0.091	0.092	0.092	0.094	0.091	0.094	0.093	0.093	0.094	0.095	0.092	0.093	0.095	0.096	0.097	0.091	0.091	0.094	0.093	0.094	0.096	0.094	0.094	0.096	0.095	0.093	0.095	0.092	0.091	0.093	0.095	0.092	0.091	0.091	0.091	0.096	0.095	0.096	0.097	0.091	0.091	0.095	0.092	0.095	0.096	0.094	0.092	0.092	0.093	0.093	0.093	0.092	0.092	0.097	0.097	0.096	0.093	0.093	0.095	0.094	0.094	0.094	0.093	0.091	0.094	0.096	0.096	0.095	0.094	0.095	0.093	0.095	0.095	0.093	0.095	0.091	0.093	0.094	0.092	0.092	0.091	0.092	0.093	0.093	0.093	0.092	0.092	0.091
18:00:21	19.7	0.091	0.091	0.091	0.092	0.093	0.091	0.091	0.090	0.091	0.092	0.092	0.094	0.090	0.093	0.093	0.093	0.094	0.095	0.092	0.093	0.095	0.096	0.097	0.091	0.090	0.095	0.094	0.095	0.096	0.094	0.095	0.096	0.095	0.093	0.095	0.092	0.091	0.093	0.095	0.092	0.091	0.091	0.091	0.096	0.094	0.096	0.097	0.090	0.091	0.095	0.092	0.095	0.096	0.094	0.091	0.092	0.093	0.092	0.093	0.092	0.092	0.098	0.097	0.096	0.093	0.093	0.095	0.094	0.094	0.094	0.092	0.090	0.094	0.096	0.096	0.095	0.094	0.095	0.093	0.095	0.095	0.093	0.095	0.091	0.093	0.094	0.091	0.091	0.091	0.091	0.092	0.093	0.092	0.092	0.092	0.091
19:00:29	19.9	0.091	0.091	0.091	0.092	0.094	0.091	0.091	0.090	0.091	0.092	0.092	0.094	0.091	0.093	0.093	0.093	0.094	0.095	0.092	0.093	0.095	0.096	0.098	0.091	0.090	0.095	0.094	0.095	0.096	0.094	0.095	0.096	0.095	0.093	0.095	0.092	0.091	0.093	0.095	0.092	0.091	0.091	0.091	0.097	0.094	0.097	0.098	0.090	0.091	0.095	0.092	0.095	0.097	0.095	0.092	0.092	0.093	0.093	0.093	0.092	0.092	0.098	0.098	0.096	0.093	0.093	0.095	0.094	0.095	0.094	0.092	0.091	0.094	0.096	0.096	0.096	0.094	0.096	0.093	0.095	0.095	0.093	0.095	0.091	0.093	0.094	0.091	0.092	0.091	0.092	0.092	0.093	0.093	0.092	0.092	0.092
20:00:23	20.1	0.091	0.091	0.091	0.092	0.094	0.092	0.091	0.090	0.091	0.092	0.092	0.094	0.091	0.094	0.093	0.093	0.094	0.096	0.092	0.093	0.096	0.097	0.098	0.091	0.091	0.095	0.095	0.096	0.097	0.094	0.096	0.096	0.096	0.093	0.095	0.092	0.091	0.093	0.096	0.092	0.091	0.091	0.091	0.098	0.095	0.097	0.099	0.090	0.091	0.095	0.093	0.096	0.098	0.096	0.092	0.092	0.094	0.093	0.093	0.092	0.092	0.099	0.098	0.096	0.093	0.093	0.096	0.094	0.096	0.095	0.093	0.090	0.094	0.096	0.097	0.096	0.094	0.097	0.093	0.095	0.095	0.094	0.096	0.091	0.093	0.094	0.092	0.092	0.091	0.092	0.092	0.093	0.093	0.092	0.092	0.091
21:00:23	20.3	0.091	0.091	0.091	0.092	0.094	0.091	0.091	0.090	0.091	0.092	0.092	0.094	0.091	0.094	0.093	0.093	0.094	0.096	0.092	0.093	0.097	0.097	0.099	0.091	0.091	0.096	0.095	0.096	0.097	0.094	0.096	0.096	0.097	0.093	0.095	0.092	0.091	0.093	0.096	0.092	0.091	0.092	0.091	0.098	0.095	0.098	0.100	0.090	0.091	0.095	0.093	0.096	0.098	0.096	0.092	0.092	0.094	0.093	0.093	0.092	0.092	0.100	0.099	0.096	0.093	0.093	0.097	0.094	0.096	0.096	0.093	0.091	0.094	0.096	0.097	0.097	0.094	0.097	0.093	0.095	0.095	0.094	0.097	0.091	0.093	0.094	0.092	0.092	0.091	0.092	0.093	0.093	0.093	0.092	0.092	0.092
22:00:25	20.4	0.091	0.091	0.091	0.092	0.094	0.092	0.091	0.090	0.091	0.092	0.092	0.094	0.090	0.094	0.093	0.093	0.095	0.097	0.092	0.093	0.097	0.098	0.100	0.091	0.091	0.097	0.096	0.097	0.098	0.095	0.097	0.097	0.098	0.093	0.095	0.092	0.091	0.093	0.097	0.092	0.091	0.091	0.091	0.099	0.094	0.098	0.102	0.090	0.091	0.095	0.092	0.097	0.099	0.097	0.092	0.092	0.095	0.093	0.093	0.092	0.092	0.101	0.100	0.096	0.094	0.094	0.099	0.094	0.097	0.097	0.093	0.091	0.094	0.096	0.098	0.097	0.094	0.098	0.093	0.095	0.095	0.094	0.097	0.091	0.093	0.094	0.092	0.092	0.091	0.092	0.092	0.093	0.093	0.092	0.092	0.091
23:00:26	20.5	0.091	0.091	0.092	0.092	0.094	0.092	0.091	0.090	0.092	0.092	0.092	0.094	0.091	0.094	0.093	0.094	0.095	0.098	0.092	0.093	0.098	0.099	0.101	0.091	0.091	0.098	0.097	0.098	0.099	0.095	0.099	0.097	0.098	0.093	0.096	0.093	0.091	0.093	0.098	0.092	0.091	0.091	0.092	0.100	0.095	0.099	0.103	0.091	0.091	0.095	0.093	0.098	0.100	0.098	0.092	0.092	0.096	0.093	0.093	0.092	0.092	0.102	0.101	0.096	0.094	0.093	0.100	0.094	0.098	0.098	0.093	0.091	0.094	0.097	0.099	0.098	0.094	0.099	0.094	0.096	0.095	0.094	0.098	0.091	0.093	0.094	0.092	0.092	0.091	0.092	0.093	0.093	0.093	0.092	0.092	0.092
24:00:27	20.6	0.091	0.091	0.092	0.092	0.094	0.092	0.091	0.090	0.092	0.092	0.092	0.094	0.091	0.094	0.093	0.094	0.095	0.099	0.092	0.093	0.099	0.100	0.102	0.091	0.091	0.099	0.098	0.099	0.100	0.095	0.100	0.097	0.100	0.094	0.096	0.093	0.091	0.093	0.099	0.092	0.091	0.091	0.092	0.102	0.095	0.100	0.105	0.091	0.091	0.095	0.093	0.099	0.101	0.100	0.092	0.092	0.097	0.093	0.093	0.092	0.092	0.103	0.102	0.096	0.094	0.094	0.102	0.094	0.099	0.099	0.093	0.091	0.094	0.097	0.100	0.099	0.094	0.101	0.094	0.095	0.095	0.094	0.099	0.091	0.093	0.094	0.092	0.092	0.091	0.092	0.092	0.093	0.093	0.092	0.092	0.092
25:00:28	20.6	0.091	0.091	0.091	0.092	0.094	0.092	0.091	0.090	0.091	0.092	0.092	0.094	0.090	0.094	0.093	0.093	0.095	0.100	0.092	0.093	0.100	0.101	0.103	0.091	0.090	0.100	0.099	0.100	0.100	0.095	0.101	0.097	0.101	0.093	0.095	0.092	0.091	0.093	0.100	0.092	0.091	0.091	0.092	0.103	0.094	0.101	0.107	0.090	0.091	0.095	0.093	0.100	0.102	0.101	0.092	0.092	0.098	0.093	0.093	0.092	0.092	0.105	0.103	0.096	0.093	0.094	0.103	0.094	0.101	0.101	0.093	0.090	0.094	0.096	0.101	0.100	0.094	0.102	0.093	0.095	0.095	0.094	0.101	0.091	0.093	0.094	0.092	0.092	0.091	0.092	0.092	0.093	0.093	0.092	0.092	0.091
26:00:29	20.6	0.091	0.091	0.091	0.092	0.093	0.091	0.091	0.090	0.091	0.092	0.092	0.094	0.090	0.094	0.093	0.093	0.095	0.101	0.092	0.093	0.101	0.102	0.105	0.091	0.091	0.102	0.100	0.101	0.101	0.095	0.103	0.097	0.102	0.093	0.095	0.092	0.091	0.093	0.101	0.092	0.091	0.091	0.092	0.104	0.095	0.102	0.109	0.090	0.091	0.095	0.093	0.101	0.104	0.102	0.092	0.092	0.099	0.092	0.093	0.092	0.092	0.106	0.104	0.096	0.093	0.094	0.105	0.094	0.103	0.102	0.093	0.090	0.094	0.096	0.102	0.101	0.094	0.103	0.093	0.095	0.095	0.094	0.102	0.091	0.093	0.094	0.091	0.092	0.091	0.091	0.092	0.093	0.093	0.092	0.092	0.092
27:00:30	20.5	0.091	0.091	0.092	0.093	0.094	0.092	0.091	0.091	0.091	0.092	0.092	0.094	0.091	0.094	0.093	0.094	0.095	0.103	0.092	0.093	0.103	0.104	0.107	0.091	0.091	0.104	0.102	0.103	0.103	0.095	0.105	0.098	0.104	0.094	0.096	0.093	0.091	0.093	0.103	0.093	0.091	0.092	0.092	0.107	0.095	0.105	0.113	0.091	0.091	0.095	0.093	0.102	0.106	0.105	0.093	0.093	0.101	0.093	0.093	0.092	0.092	0.109	0.106	0.096	0.094	0.094	0.108	0.095	0.105	0.105	0.093	0.091	0.094	0.097	0.104	0.103	0.094	0.105	0.094	0.096	0.096	0.094	0.104	0.091	0.093	0.094	0.092	0.092	0.091	0.092	0.093	0.093	0.093	0.092	0.092	0.092
28:00:31	20.2	0.091	0.091	0.091	0.093	0.094	0.092	0.091	0.090	0.091	0.092	0.092	0.094	0.091	0.094	0.093	0.094	0.095	0.105	0.092	0.093	0.104	0.106	0.110	0.091	0.091	0.106	0.104	0.106	0.105	0.095	0.108	0.098	0.106	0.094	0.096	0.093	0.091	0.093	0.105	0.093	0.091	0.092	0.092	0.109	0.095	0.106	0.116	0.091	0.091	0.095	0.093	0.104	0.108	0.107	0.092	0.093	0.102	0.093	0.094	0.092	0.092	0.111	0.108	0.096	0.093	0.094	0.111	0.094	0.108	0.107	0.093	0.091	0.094	0.096	0.106	0.104	0.094	0.108	0.094	0.095	0.096	0.094	0.106	0.091	0.093	0.094	0.092	0.092	0.091	0.092	0.092	0.093	0.093	0.092	0.092	0.092
29:00:31	20.1	0.091	0.091	0.092	0.092	0.094	0.092	0.091	0.091	0.091	0.092	0.092	0.094	0.091	0.094	0.093	0.094	0.095	0.107	0.092	0.093	0.106	0.108	0.113	0.092	0.091	0.109	0.107	0.108	0.107	0.095	0.111	0.099	0.109	0.094	0.096	0.092	0.091	0.093	0.107	0.093	0.092	0.092	0.092	0.112	0.095	0.109	0.120	0.091	0.091	0.095	0.093	0.107	0.111	0.110	0.093	0.093	0.104	0.093	0.093	0.092	0.092	0.114	0.110	0.096	0.094	0.095	0.114	0.095	0.111	0.110	0.093	0.091	0.094	0.096	0.108	0.106	0.094	0.111	0.094	0.096	0.095	0.095	0.109	0.091	0.093	0.094	0.092	0.092	0.091	0.092	0.092	0.093	0.093	0.092	0.092	0.092
30:00:31	20.1	0.091	0.091	0.091	0.092	0.094	0.092	0.091	0.091	0.091	0.092	0.092	0.094	0.091	0.094	0.093	0.093	0.095	0.109	0.092	0.093	0.109	0.111	0.116	0.091	0.091	0.112	0.109	0.110	0.109	0.095	0.114	0.098	0.112	0.094	0.096	0.092	0.091	0.093	0.110	0.093	0.092	0.092	0.092	0.116	0.095	0.111	0.125	0.091	0.091	0.096	0.093	0.109	0.114	0.114	0.093	0.093	0.107	0.093	0.093	0.092	0.092	0.117	0.113	0.096	0.094	0.095	0.118	0.094	0.114	0.113	0.093	0.090	0.094	0.096	0.111	0.109	0.094	0.113	0.094	0.096	0.096	0.095	0.112	0.091	0.093	0.094	0.092	0.092	0.091	0.092	0.092	0.093	0.093	0.092	0.092	0.092
31:00:33	20.1	0.091	0.091	0.091	0.092	0.094	0.092	0.091	0.090	0.091	0.092	0.092	0.094	0.091	0.094	0.093	0.094	0.095	0.112	0.092	0.093	0.112	0.114	0.119	0.091	0.091	0.116	0.113	0.114	0.112	0.095	0.118	0.099	0.115	0.094	0.096	0.093	0.091	0.093	0.113	0.093	0.092	0.092	0.092	0.120	0.095	0.114	0.131	0.090	0.091	0.095	0.093	0.112	0.117	0.118	0.093	0.093	0.110	0.093	0.093	0.092	0.092	0.121	0.116	0.096	0.094	0.095	0.123	0.095	0.119	0.117	0.094	0.090	0.094	0.097	0.114	0.111	0.094	0.118	0.094	0.096	0.095	0.095	0.115	0.091	0.093	0.094	0.092	0.092	0.091	0.092	0.093	0.093	0.093	0.092	0.092	0.091
32:00:34	20.1	0.091	0.091	0.091	0.092	0.094	0.092	0.091	0.091	0.091	0.092	0.092	0.094	0.091	0.094	0.093	0.094	0.095	0.116	0.092	0.093	0.115	0.118	0.124	0.091	0.091	0.121	0.116	0.117	0.115	0.095	0.124	0.099	0.120	0.094	0.096	0.092	0.091	0.093	0.117	0.093	0.092	0.092	0.092	0.125	0.095	0.118	0.137	0.090	0.091	0.096	0.093	0.115	0.121	0.123	0.093	0.093	0.113	0.093	0.093	0.092	0.092	0.126	0.120	0.096	0.093	0.096	0.128	0.094	0.124	0.121	0.093	0.091	0.094	0.097	0.117	0.115	0.094	0.122	0.094	0.096	0.095	0.095	0.118	0.091	0.093	0.094	0.092	0.092	0.091	0.092	0.093	0.093	0.093	0.092	0.092	0.092
33:00:36	20.1	0.091	0.091	0.092	0.092	0.094	0.092	0.092	0.091	0.092	0.092	0.092	0.094	0.091	0.095	0.093	0.094	0.096	0.121	0.093	0.094	0.119	0.122	0.129	0.091	0.091	0.127	0.121	0.123	0.120	0.095	0.130	0.100	0.125	0.094	0.097	0.093	0.091	0.093	0.121	0.094	0.092	0.092	0.092	0.130	0.096	0.122	0.145	0.091	0.091	0.096	0.094	0.119	0.127	0.129	0.094	0.093	0.117	0.093	0.094	0.092	0.092	0.133	0.125	0.096	0.094	0.096	0.135	0.095	0.129	0.126	0.094	0.091	0.094	0.097	0.122	0.119	0.095	0.128	0.094	0.096	0.096	0.095	0.124	0.091	0.093	0.095	0.092	0.092	0.091	0.092	0.093	0.093	0.093	0.092	0.092	0.092
34:00:38	20.1	0.091	0.091	0.091	0.092	0.094	0.092	0.091	0.091	0.091	0.092	0.092	0.094	0.091	0.095	0.093	0.094	0.095	0.126	0.092	0.093	0.123	0.127	0.135	0.092	0.091	0.133	0.127	0.128	0.124	0.095	0.137	0.101	0.130	0.094	0.097	0.092	0.091	0.093	0.127	0.094	0.092	0.092	0.092	0.137	0.096	0.127	0.153	0.091	0.091	0.096	0.093	0.124	0.133	0.136	0.095	0.093	0.122	0.093	0.093	0.092	0.092	0.139	0.131	0.096	0.094	0.097	0.143	0.095	0.136	0.132	0.094	0.091	0.094	0.096	0.127	0.124	0.094	0.135	0.094	0.096	0.096	0.095	0.129	0.091	0.093	0.094	0.092	0.092	0.091	0.093	0.093	0.093	0.093	0.092	0.092	0.092
35:00:37	20.1	0.091	0.091	0.092	0.092	0.094	0.092	0.092	0.091	0.092	0.092	0.093	0.094	0.091	0.095	0.093	0.094	0.096	0.132	0.093	0.093	0.129	0.134	0.142	0.091	0.091	0.141	0.134	0.135	0.130	0.095	0.146	0.102	0.137	0.094	0.097	0.093	0.091	0.094	0.134	0.094	0.093	0.092	0.092	0.146	0.096	0.133	0.164	0.091	0.091	0.096	0.093	0.130	0.140	0.146	0.095	0.093	0.128	0.093	0.093	0.092	0.092	0.148	0.138	0.096	0.094	0.097	0.152	0.095	0.144	0.139	0.095	0.091	0.094	0.097	0.133	0.130	0.095	0.143	0.094	0.096	0.096	0.096	0.135	0.091	0.093	0.094	0.092	0.092	0.091	0.092	0.092	0.093	0.093	0.092	0.092	0.092
36:00:38	20.1	0.091	0.091	0.091	0.092	0.094	0.092	0.091	0.090	0.092	0.092	0.092	0.094	0.091	0.095	0.094	0.094	0.096	0.139	0.092	0.093	0.136	0.141	0.151	0.091	0.091	0.151	0.142	0.142	0.137	0.095	0.156	0.102	0.146	0.094	0.098	0.092	0.091	0.093	0.141	0.094	0.093	0.092	0.092	0.155	0.096	0.140	0.178	0.091	0.091	0.097	0.094	0.137	0.149	0.157	0.096	0.093	0.135	0.093	0.093	0.092	0.092	0.158	0.146	0.096	0.094	0.098	0.162	0.095	0.154	0.147	0.095	0.091	0.094	0.097	0.141	0.137	0.095	0.152	0.094	0.096	0.096	0.096	0.143	0.091	0.093	0.094	0.092	0.092	0.091	0.093	0.093	0.093	0.093	0.092	0.092	0.092
37:00:40	20.1	0.091	0.091	0.092	0.092	0.094	0.092	0.092	0.091	0.092	0.092	0.093	0.094	0.091	0.095	0.094	0.095	0.096	0.149	0.093	0.094	0.145	0.150	0.161	0.092	0.091	0.165	0.153	0.153	0.145	0.095	0.166	0.104	0.156	0.095	0.098	0.093	0.091	0.094	0.152	0.095	0.093	0.092	0.092	0.165	0.096	0.149	0.190	0.091	0.091	0.097	0.094	0.145	0.160	0.168	0.097	0.093	0.143	0.094	0.093	0.092	0.092	0.170	0.156	0.097	0.094	0.099	0.172	0.095	0.164	0.157	0.095	0.091	0.094	0.097	0.150	0.145	0.095	0.163	0.094	0.096	0.096	0.097	0.151	0.091	0.093	0.094	0.092	0.092	0.091	0.093	0.093	0.093	0.093	0.092	0.092	0.092
38:00:41	20.0	0.091	0.091	0.091	0.092	0.094	0.092	0.092	0.090	0.091	0.092	0.092	0.094	0.091	0.095	0.093	0.094	0.096	0.160	0.092	0.093	0.154	0.160	0.172	0.091	0.091	0.177	0.165	0.164	0.154	0.095	0.178	0.105	0.166	0.095	0.098	0.092	0.091	0.094	0.162	0.095	0.094	0.092	0.092	0.176	0.096	0.158	0.202	0.091	0.091	0.097	0.094	0.156	0.172	0.178	0.097	0.093	0.154	0.093	0.093	0.092	0.092	0.184	0.167	0.096	0.094	0.099	0.183	0.095	0.174	0.167	0.095	0.091	0.094	0.097	0.163	0.155	0.095	0.174	0.094	0.096	0.096	0.097	0.161	0.091	0.093	0.094	0.092	0.092	0.091	0.093	0.093	0.093	0.093	0.092	0.092	0.092
39:00:41	20.0	0.091	0.092	0.092	0.092	0.094	0.092	0.092	0.091	0.092	0.092	0.092	0.094	0.091	0.095	0.094	0.095	0.096	0.174	0.093	0.093	0.166	0.172	0.186	0.091	0.091	0.191	0.181	0.175	0.167	0.095	0.192	0.107	0.179	0.095	0.098	0.093	0.091	0.094	0.176	0.096	0.094	0.092	0.092	0.188	0.097	0.168	0.213	0.091	0.091	0.098	0.094	0.167	0.187	0.191	0.099	0.093	0.164	0.093	0.094	0.092	0.092	0.198	0.179	0.097	0.094	0.101	0.198	0.095	0.188	0.178	0.096	0.091	0.094	0.097	0.175	0.166	0.095	0.186	0.094	0.096	0.096	0.098	0.172	0.091	0.093	0.094	0.092	0.092	0.091	0.093	0.093	0.093	0.093	0.092	0.092	0.092
40:00:42	19.9	0.091	0.091	0.092	0.092	0.094	0.092	0.092	0.091	0.092	0.092	0.092	0.094	0.091	0.096	0.094	0.095	0.097	0.189	0.093	0.094	0.178	0.186	0.200	0.091	0.091	0.203	0.197	0.188	0.178	0.095	0.203	0.108	0.191	0.095	0.098	0.093	0.091	0.094	0.191	0.097	0.095	0.092	0.092	0.200	0.097	0.179	0.226	0.091	0.091	0.098	0.094	0.178	0.199	0.204	0.100	0.093	0.175	0.093	0.093	0.092	0.092	0.210	0.195	0.096	0.094	0.101	0.210	0.095	0.198	0.190	0.096	0.091	0.094	0.097	0.186	0.177	0.095	0.199	0.095	0.096	0.096	0.098	0.184	0.091	0.093	0.094	0.092	0.092	0.091	0.093	0.093	0.093	0.093	0.092	0.092	0.092
41:00:43	19.9	0.091	0.091	0.091	0.092	0.094	0.092	0.091	0.090	0.091	0.092	0.092	0.094	0.091	0.096	0.094	0.095	0.097	0.202	0.093	0.093	0.192	0.200	0.214	0.091	0.091	0.211	0.208	0.200	0.190	0.095	0.217	0.110	0.205	0.095	0.099	0.092	0.091	0.093	0.202	0.097	0.095	0.092	0.092	0.214	0.097	0.191	0.239	0.090	0.091	0.098	0.094	0.191	0.210	0.218	0.101	0.093	0.188	0.093	0.093	0.092	0.092	0.222	0.206	0.096	0.094	0.103	0.221	0.095	0.211	0.201	0.096	0.091	0.094	0.097	0.197	0.188	0.095	0.212	0.094	0.096	0.096	0.099	0.197	0.091	0.093	0.094	0.091	0.092	0.091	0.092	0.093	0.092	0.093	0.092	0.092	0.092
42:00:43	20.0	0.091	0.091	0.092	0.093	0.094	0.092	0.092	0.091	0.092	0.092	0.092	0.094	0.091	0.096	0.094	0.096	0.097	0.215	0.093	0.094	0.207	0.213	0.223	0.092	0.091	0.226	0.218	0.213	0.200	0.095	0.231	0.113	0.220	0.096	0.099	0.093	0.091	0.094	0.211	0.099	0.096	0.092	0.093	0.229	0.098	0.204	0.256	0.091	0.091	0.099	0.095	0.204	0.222	0.230	0.103	0.093	0.201	0.093	0.094	0.092	0.092	0.234	0.217	0.097	0.094	0.105	0.234	0.095	0.222	0.213	0.097	0.091	0.094	0.097	0.210	0.201	0.096	0.227	0.095	0.096	0.097	0.100	0.210	0.091	0.093	0.095	0.092	0.092	0.091	0.092	0.094	0.093	0.093	0.092	0.092	0.092
43:00:44	20.1	0.091	0.091	0.092	0.092	0.094	0.092	0.091	0.090	0.091	0.092	0.092	0.094	0.091	0.096	0.094	0.096	0.098	0.227	0.093	0.094	0.221	0.228	0.237	0.091	0.091	0.240	0.229	0.228	0.214	0.095	0.244	0.116	0.231	0.096	0.100	0.092	0.091	0.094	0.224	0.100	0.097	0.092	0.093	0.243	0.099	0.218	0.269	0.091	0.091	0.100	0.095	0.218	0.236	0.245	0.106	0.093	0.215	0.093	0.094	0.092	0.092	0.250	0.230	0.097	0.094	0.107	0.248	0.095	0.235	0.224	0.098	0.091	0.094	0.097	0.224	0.215	0.096	0.242	0.094	0.096	0.097	0.101	0.224	0.091	0.093	0.094	0.092	0.092	0.091	0.093	0.093	0.093	0.093	0.092	0.092	0.092
44:00:46	20.1	0.091	0.091	0.092	0.092	0.094	0.092	0.092	0.090	0.091	0.092	0.092	0.094	0.091	0.096	0.094	0.096	0.098	0.238	0.093	0.094	0.233	0.240	0.251	0.091	0.091	0.255	0.239	0.241	0.227	0.095	0.258	0.119	0.243	0.097	0.100	0.093	0.091	0.094	0.240	0.101	0.098	0.092	0.093	0.258	0.099	0.233	0.284	0.091	0.091	0.101	0.095	0.231	0.250	0.259	0.109	0.093	0.228	0.093	0.094	0.092	0.092	0.265	0.245	0.097	0.094	0.109	0.262	0.095	0.248	0.237	0.099	0.091	0.094	0.097	0.239	0.229	0.096	0.259	0.095	0.096	0.097	0.102	0.240	0.091	0.093	0.094	0.092	0.092	0.091	0.092	0.093	0.093	0.093	0.092	0.092	0.092
45:00:49	20.0	0.091	0.091	0.092	0.092	0.094	0.092	0.092	0.091	0.092	0.092	0.092	0.094	0.091	0.097	0.094	0.097	0.099	0.252	0.093	0.094	0.245	0.255	0.267	0.091	0.091	0.269	0.253	0.256	0.242	0.095	0.273	0.123	0.258	0.098	0.101	0.093	0.091	0.094	0.255	0.103	0.099	0.092	0.093	0.273	0.100	0.246	0.301	0.091	0.091	0.102	0.096	0.243	0.266	0.274	0.112	0.094	0.241	0.093	0.094	0.092	0.092	0.281	0.261	0.097	0.094	0.112	0.277	0.095	0.262	0.251	0.100	0.091	0.094	0.098	0.257	0.246	0.097	0.274	0.095	0.097	0.097	0.104	0.255	0.091	0.093	0.094	0.092	0.092	0.091	0.092	0.093	0.093	0.093	0.092	0.092	0.092
46:00:48	20.0	0.091	0.091	0.092	0.092	0.094	0.092	0.092	0.091	0.092	0.092	0.092	0.094	0.091	0.098	0.094	0.098	0.100	0.266	0.093	0.094	0.258	0.270	0.281	0.092	0.091	0.284	0.267	0.270	0.256	0.095	0.288	0.128	0.272	0.098	0.102	0.093	0.091	0.094	0.266	0.105	0.100	0.092	0.093	0.289	0.101	0.261	0.318	0.091	0.091	0.103	0.096	0.257	0.279	0.288	0.116	0.093	0.253	0.093	0.094	0.092	0.092	0.297	0.275	0.096	0.094	0.115	0.291	0.095	0.274	0.264	0.101	0.091	0.094	0.097	0.271	0.261	0.097	0.289	0.095	0.097	0.098	0.106	0.269	0.091	0.093	0.094	0.092	0.092	0.091	0.093	0.093	0.093	0.093	0.092	0.092	0.092
47:00:52	20.1	0.091	0.091	0.091	0.092	0.094	0.092	0.091	0.090	0.092	0.092	0.092	0.094	0.091	0.098	0.094	0.098	0.101	0.279	0.093	0.094	0.272	0.285	0.295	0.091	0.091	0.299	0.282	0.284	0.271	0.095	0.304	0.132	0.286	0.099	0.103	0.092	0.091	0.094	0.281	0.107	0.102	0.092	0.092	0.305	0.102	0.276	0.334	0.091	0.091	0.105	0.097	0.270	0.294	0.303	0.120	0.093	0.267	0.093	0.094	0.092	0.092	0.313	0.290	0.096	0.094	0.119	0.307	0.095	0.290	0.279	0.102	0.090	0.094	0.097	0.285	0.275	0.097	0.304	0.095	0.096	0.098	0.107	0.283	0.091	0.093	0.094	0.092	0.092	0.091	0.091	0.093	0.093	0.093	0.092	0.092	0.092
48:00:50	20.1	0.091	0.091	0.092	0.092	0.094	0.092	0.092	0.091	0.092	0.092	0.092	0.094	0.091	0.099	0.094	0.100	0.102	0.296	0.093	0.094	0.287	0.301	0.311	0.091	0.091	0.315	0.297	0.301	0.285	0.096	0.322	0.138	0.301	0.100	0.104	0.093	0.091	0.094	0.296	0.110	0.104	0.093	0.093	0.322	0.104	0.291	0.352	0.091	0.091	0.107	0.098	0.285	0.307	0.318	0.125	0.094	0.281	0.094	0.094	0.092	0.092	0.328	0.303	0.097	0.094	0.123	0.322	0.096	0.302	0.293	0.104	0.091	0.094	0.098	0.300	0.291	0.098	0.321	0.095	0.097	0.098	0.110	0.298	0.091	0.093	0.094	0.092	0.092	0.091	0.092	0.094	0.093	0.093	0.092	0.092	0.092
49:00:52	20.1	0.091	0.091	0.092	0.092	0.094	0.092	0.092	0.091	0.092	0.092	0.092	0.094	0.091	0.100	0.094	0.101	0.103	0.310	0.094	0.094	0.302	0.317	0.326	0.091	0.091	0.332	0.313	0.316	0.301	0.096	0.338	0.143	0.317	0.101	0.105	0.093	0.091	0.094	0.310	0.113	0.106	0.092	0.093	0.338	0.105	0.308	0.369	0.091	0.091	0.109	0.098	0.300	0.323	0.334	0.129	0.094	0.294	0.093	0.094	0.092	0.092	0.346	0.319	0.097	0.094	0.127	0.338	0.096	0.317	0.307	0.106	0.091	0.094	0.098	0.314	0.304	0.099	0.338	0.095	0.097	0.099	0.113	0.314	0.091	0.093	0.094	0.092	0.092	0.091	0.092	0.093	0.093	0.093	0.092	0.092	0.092
50:00:51	20.1	0.091	0.091	0.091	0.092	0.094	0.092	0.092	0.091	0.091	0.092	0.092	0.094	0.091	0.101	0.094	0.102	0.104	0.325	0.094	0.094	0.316	0.332	0.343	0.091	0.091	0.349	0.327	0.333	0.317	0.096	0.356	0.148	0.332	0.103	0.107	0.093	0.091	0.094	0.325	0.117	0.109	0.092	0.093	0.356	0.107	0.322	0.388	0.091	0.091	0.112	0.099	0.316	0.337	0.351	0.133	0.094	0.309	0.093	0.094	0.092	0.092	0.363	0.335	0.097	0.094	0.132	0.355	0.096	0.330	0.322	0.108	0.091	0.094	0.098	0.329	0.320	0.100	0.355	0.095	0.097	0.100	0.116	0.330	0.091	0.093	0.094	0.092	0.092	0.091	0.092	0.093	0.093	0.093	0.092	0.092	0.092
51:00:53	20.0	0.091	0.092	0.092	0.093	0.094	0.092	0.092	0.091	0.092	0.092	0.093	0.094	0.091	0.102	0.095	0.104	0.106	0.341	0.094	0.094	0.332	0.349	0.360	0.091	0.091	0.365	0.343	0.350	0.333	0.096	0.374	0.154	0.350	0.105	0.109	0.093	0.091	0.095	0.341	0.122	0.112	0.093	0.093	0.375	0.109	0.339	0.407	0.091	0.092	0.114	0.101	0.331	0.352	0.368	0.138	0.094	0.327	0.094	0.094	0.093	0.092	0.380	0.352	0.097	0.095	0.137	0.372	0.096	0.346	0.338	0.112	0.091	0.094	0.098	0.345	0.337	0.101	0.373	0.095	0.097	0.100	0.121	0.348	0.091	0.094	0.095	0.092	0.092	0.091	0.092	0.094	0.093	0.093	0.092	0.092	0.092
52:00:54	20.0	0.091	0.092	0.092	0.093	0.094	0.092	0.092	0.091	0.092	0.092	0.092	0.094	0.091	0.104	0.095	0.106	0.108	0.357	0.095	0.095	0.347	0.366	0.377	0.092	0.091	0.385	0.358	0.366	0.349	0.096	0.393	0.160	0.367	0.107	0.111	0.093	0.091	0.095	0.356	0.126	0.116	0.093	0.093	0.395	0.112	0.355	0.426	0.091	0.091	0.117	0.102	0.346	0.368	0.386	0.141	0.094	0.342	0.094	0.094	0.093	0.092	0.398	0.368	0.097	0.095	0.141	0.390	0.096	0.362	0.353	0.115	0.091	0.094	0.099	0.360	0.352	0.102	0.391	0.096	0.097	0.101	0.125	0.365	0.091	0.094	0.094	0.092	0.092	0.091	0.092	0.094	0.093	0.093	0.092	0.092	0.092
53:00:55	19.9	0.091	0.091	0.092	0.092	0.094	0.092	0.091	0.091	0.091	0.092	0.092	0.094	0.091	0.105	0.095	0.109	0.109	0.374	0.095	0.094	0.362	0.383	0.394	0.092	0.091	0.405	0.375	0.383	0.366	0.095	0.411	0.164	0.385	0.108	0.113	0.093	0.091	0.095	0.373	0.131	0.120	0.092	0.093	0.414	0.113	0.372	0.444	0.090	0.091	0.119	0.103	0.362	0.383	0.403	0.145	0.094	0.357	0.093	0.094	0.092	0.092	0.417	0.386	0.097	0.094	0.146	0.407	0.096	0.377	0.369	0.118	0.091	0.094	0.098	0.375	0.368	0.103	0.410	0.096	0.097	0.102	0.129	0.383	0.091	0.093	0.094	0.092	0.092	0.091	0.092	0.093	0.093	0.093	0.092	0.092	0.092
54:00:56	19.9	0.091	0.091	0.092	0.092	0.094	0.092	0.092	0.091	0.092	0.092	0.092	0.094	0.091	0.106	0.095	0.111	0.112	0.391	0.095	0.095	0.380	0.403	0.410	0.092	0.091	0.423	0.390	0.400	0.383	0.096	0.428	0.169	0.402	0.111	0.116	0.093	0.091	0.095	0.388	0.136	0.124	0.093	0.093	0.432	0.116	0.390	0.462	0.091	0.091	0.121	0.105	0.377	0.397	0.420	0.148	0.095	0.375	0.094	0.094	0.092	0.092	0.433	0.400	0.097	0.095	0.150	0.423	0.096	0.391	0.385	0.122	0.091	0.094	0.099	0.390	0.384	0.105	0.428	0.096	0.097	0.103	0.134	0.400	0.091	0.094	0.094	0.092	0.092	0.091	0.092	0.094	0.093	0.093	0.092	0.092	0.092
55:00:58	19.9	0.091	0.091	0.092	0.092	0.094	0.092	0.092	0.091	0.092	0.092	0.093	0.094	0.091	0.107	0.095	0.114	0.114	0.408	0.095	0.095	0.397	0.419	0.428	0.092	0.091	0.443	0.409	0.417	0.402	0.096	0.446	0.173	0.420	0.113	0.118	0.093	0.091	0.095	0.407	0.141	0.129	0.093	0.094	0.451	0.118	0.408	0.480	0.091	0.091	0.124	0.106	0.394	0.415	0.437	0.152	0.095	0.394	0.094	0.094	0.092	0.092	0.454	0.421	0.097	0.095	0.154	0.442	0.096	0.408	0.402	0.126	0.091	0.094	0.099	0.408	0.401	0.106	0.447	0.096	0.098	0.104	0.139	0.417	0.091	0.093	0.095	0.092	0.092	0.091	0.092	0.094	0.093	0.093	0.092	0.092	0.092
56:00:58	19.9	0.091	0.091	0.091	0.092	0.094	0.092	0.092	0.091	0.092	0.092	0.092	0.094	0.091	0.109	0.095	0.118	0.116	0.426	0.095	0.095	0.413	0.437	0.445	0.092	0.091	0.462	0.425	0.436	0.421	0.096	0.463	0.178	0.438	0.116	0.121	0.093	0.091	0.095	0.422	0.146	0.133	0.093	0.094	0.470	0.121	0.426	0.499	0.091	0.091	0.126	0.108	0.411	0.428	0.454	0.155	0.095	0.412	0.093	0.095	0.092	0.092	0.473	0.438	0.097	0.095	0.158	0.458	0.097	0.425	0.419	0.129	0.091	0.094	0.099	0.423	0.416	0.108	0.465	0.096	0.098	0.106	0.145	0.435	0.091	0.093	0.095	0.092	0.092	0.091	0.092	0.093	0.093	0.093	0.092	0.092	0.092
57:00:58	19.9	0.091	0.091	0.091	0.092	0.094	0.092	0.092	0.091	0.091	0.092	0.092	0.094	0.091	0.110	0.095	0.121	0.118	0.442	0.096	0.095	0.430	0.454	0.461	0.092	0.091	0.479	0.439	0.452	0.438	0.096	0.481	0.182	0.456	0.119	0.124	0.092	0.091	0.095	0.438	0.151	0.138	0.093	0.094	0.488	0.123	0.444	0.518	0.091	0.091	0.129	0.110	0.427	0.444	0.472	0.159	0.095	0.429	0.094	0.095	0.092	0.092	0.488	0.453	0.097	0.095	0.161	0.474	0.096	0.442	0.436	0.133	0.091	0.094	0.099	0.440	0.434	0.110	0.483	0.097	0.098	0.107	0.150	0.452	0.091	0.093	0.094	0.092	0.092	0.091	0.092	0.093	0.093	0.093	0.092	0.092	0.092
58:00:58	19.9	0.091	0.091	0.092	0.093	0.094	0.092	0.092	0.091	0.092	0.092	0.092	0.094	0.091	0.112	0.096	0.125	0.121	0.459	0.096	0.095	0.447	0.472	0.478	0.092	0.091	0.497	0.455	0.472	0.455	0.096	0.499	0.186	0.474	0.122	0.128	0.093	0.091	0.096	0.454	0.157	0.143	0.093	0.094	0.507	0.125	0.462	0.536	0.091	0.091	0.132	0.112	0.445	0.459	0.490	0.162	0.096	0.448	0.094	0.095	0.092	0.092	0.505	0.471	0.097	0.095	0.164	0.492	0.097	0.459	0.454	0.137	0.091	0.094	0.100	0.456	0.450	0.113	0.503	0.097	0.099	0.109	0.155	0.470	0.091	0.093	0.094	0.092	0.092	0.091	0.092	0.093	0.093	0.093	0.092	0.092	0.092
59:01:00	19.9	0.091	0.091	0.092	0.093	0.094	0.092	0.092	0.091	0.092	0.092	0.092	0.094	0.091	0.112	0.096	0.129	0.124	0.475	0.097	0.095	0.464	0.488	0.494	0.092	0.091	0.515	0.471	0.489	0.473	0.096	0.517	0.190	0.491	0.124	0.131	0.093	0.091	0.096	0.470	0.161	0.148	0.093	0.094	0.525	0.128	0.480	0.551	0.091	0.091	0.135	0.113	0.462	0.475	0.509	0.165	0.096	0.465	0.094	0.095	0.092	0.092	0.525	0.486	0.097	0.095	0.168	0.509	0.097	0.476	0.470	0.141	0.091	0.094	0.100	0.472	0.467	0.115	0.521	0.097	0.099	0.110	0.160	0.487	0.091	0.093	0.095	0.092	0.092	0.091	0.092	0.093	0.093	0.093	0.092	0.092	0.092
60:01:01	19.9	0.091	0.091	0.092	0.093	0.094	0.092	0.092	0.091	0.092	0.092	0.092	0.094	0.091	0.114	0.096	0.134	0.126	0.492	0.097	0.096	0.480	0.505	0.512	0.092	0.091	0.532	0.485	0.506	0.490	0.097	0.535	0.194	0.509	0.127	0.135	0.093	0.091	0.096	0.486	0.166	0.153	0.093	0.095	0.543	0.131	0.498	0.561	0.091	0.091	0.138	0.115	0.478	0.490	0.527	0.169	0.096	0.483	0.094	0.095	0.093	0.092	0.541	0.503	0.097	0.095	0.171	0.524	0.097	0.492	0.490	0.144	0.091	0.094	0.101	0.489	0.484	0.118	0.540	0.098	0.099	0.112	0.165	0.504	0.091	0.093	0.094	0.092	0.092	0.091	0.092	0.093	0.093	0.093	0.092	0.092	0.092
61:01:02	19.8	0.091	0.092	0.092	0.092	0.094	0.092	0.092	0.091	0.092	0.092	0.092	0.094	0.091	0.115	0.096	0.137	0.129	0.510	0.098	0.096	0.498	0.523	0.528	0.092	0.091	0.548	0.502	0.524	0.508	0.097	0.552	0.198	0.527	0.130	0.138	0.093	0.091	0.096	0.503	0.170	0.158	0.094	0.095	0.561	0.134	0.516	0.568	0.091	0.091	0.141	0.117	0.496	0.508	0.544	0.172	0.097	0.502	0.094	0.095	0.092	0.092	0.558	0.522	0.098	0.095	0.175	0.538	0.098	0.510	0.508	0.147	0.091	0.094	0.101	0.507	0.501	0.120	0.558	0.098	0.100	0.114	0.170	0.523	0.091	0.093	0.094	0.092	0.092	0.091	0.092	0.094	0.093	0.093	0.092	0.092	0.092
62:01:03	19.8	0.091	0.091	0.092	0.093	0.094	0.092	0.092	0.091	0.092	0.092	0.092	0.094	0.091	0.117	0.097	0.142	0.131	0.526	0.098	0.096	0.513	0.537	0.543	0.092	0.091	0.564	0.518	0.540	0.524	0.097	0.567	0.202	0.543	0.133	0.141	0.093	0.091	0.097	0.518	0.174	0.162	0.093	0.095	0.570	0.136	0.533	0.573	0.091	0.091	0.144	0.118	0.511	0.523	0.562	0.175	0.097	0.519	0.094	0.095	0.092	0.092	0.570	0.537	0.098	0.096	0.178	0.547	0.098	0.525	0.525	0.150	0.091	0.094	0.101	0.524	0.518	0.123	0.571	0.099	0.100	0.116	0.174	0.538	0.091	0.093	0.094	0.092	0.092	0.091	0.092	0.093	0.093	0.093	0.092	0.092	0.092
63:01:05	19.8	0.091	0.091	0.092	0.093	0.094	0.092	0.092	0.091	0.092	0.092	0.092	0.094	0.091	0.118	0.097	0.146	0.134	0.542	0.099	0.096	0.528	0.552	0.558	0.092	0.091	0.575	0.534	0.555	0.540	0.097	0.576	0.206	0.558	0.135	0.145	0.092	0.091	0.097	0.536	0.178	0.166	0.094	0.095	0.578	0.138	0.549	0.577	0.091	0.091	0.147	0.120	0.527	0.541	0.575	0.178	0.097	0.536	0.094	0.095	0.093	0.092	0.579	0.554	0.098	0.095	0.181	0.553	0.098	0.538	0.540	0.152	0.091	0.094	0.102	0.540	0.534	0.125	0.579	0.099	0.100	0.117	0.179	0.554	0.091	0.093	0.094	0.092	0.092	0.091	0.092	0.094	0.093	0.093	0.092	0.092	0.092
64:01:05	19.8	0.091	0.091	0.092	0.093	0.094	0.092	0.092	0.091	0.092	0.092	0.092	0.094	0.091	0.120	0.097	0.150	0.136	0.556	0.099	0.096	0.541	0.562	0.566	0.091	0.091	0.581	0.549	0.570	0.557	0.097	0.583	0.210	0.571	0.138	0.148	0.092	0.091	0.098	0.552	0.182	0.170	0.094	0.096	0.583	0.140	0.562	0.583	0.091	0.091	0.150	0.122	0.544	0.554	0.583	0.182	0.098	0.556	0.094	0.096	0.092	0.092	0.584	0.570	0.098	0.095	0.185	0.560	0.099	0.547	0.549	0.155	0.091	0.094	0.102	0.555	0.553	0.128	0.585	0.100	0.100	0.119	0.183	0.565	0.091	0.093	0.094	0.092	0.092	0.091	0.093	0.093	0.093	0.093	0.092	0.092	0.092
65:01:06	19.8	0.091	0.092	0.092	0.093	0.095	0.092	0.092	0.091	0.092	0.093	0.093	0.094	0.091	0.122	0.098	0.154	0.139	0.567	0.100	0.097	0.553	0.567	0.573	0.092	0.091	0.586	0.566	0.585	0.570	0.098	0.588	0.214	0.577	0.141	0.152	0.093	0.091	0.098	0.566	0.187	0.175	0.094	0.096	0.587	0.143	0.571	0.589	0.091	0.092	0.153	0.124	0.558	0.563	0.588	0.185	0.099	0.565	0.095	0.096	0.093	0.092	0.589	0.580	0.098	0.096	0.188	0.566	0.099	0.554	0.558	0.159	0.091	0.094	0.103	0.566	0.566	0.131	0.591	0.101	0.102	0.122	0.187	0.572	0.091	0.094	0.095	0.092	0.092	0.092	0.093	0.094	0.093	0.093	0.093	0.092	0.092
66:01:07	19.9	0.091	0.091	0.092	0.093	0.094	0.092	0.092	0.091	0.092	0.092	0.093	0.094	0.091	0.123	0.099	0.158	0.141	0.572	0.100	0.097	0.560	0.571	0.577	0.092	0.091	0.590	0.575	0.593	0.578	0.098	0.591	0.218	0.582	0.143	0.155	0.093	0.091	0.099	0.574	0.190	0.178	0.095	0.097	0.592	0.145	0.577	0.593	0.091	0.091	0.156	0.125	0.569	0.567	0.594	0.188	0.099	0.571	0.094	0.096	0.093	0.092	0.594	0.587	0.098	0.096	0.192	0.571	0.100	0.564	0.563	0.161	0.091	0.094	0.104	0.574	0.574	0.133	0.596	0.101	0.102	0.124	0.191	0.577	0.092	0.093	0.094	0.092	0.092	0.091	0.093	0.094	0.093	0.093	0.092	0.092	0.092
67:01:08	20.0	0.091	0.092	0.092	0.093	0.094	0.092	0.092	0.091	0.092	0.093	0.093	0.094	0.091	0.125	0.099	0.162	0.144	0.575	0.101	0.098	0.565	0.575	0.581	0.092	0.091	0.596	0.581	0.598	0.584	0.098	0.598	0.222	0.587	0.146	0.159	0.093	0.091	0.100	0.580	0.193	0.182	0.095	0.097	0.598	0.148	0.582	0.598	0.091	0.091	0.159	0.127	0.577	0.570	0.500	0.192	0.100	0.577	0.095	0.096	0.093	0.092	0.600	0.591	0.098	0.096	0.196	0.576	0.100	0.472	0.569	0.164	0.091	0.094	0.105	0.581	0.579	0.136	0.679	0.102	0.103	0.126	0.195	0.582	0.091	0.093	0.094	0.092	0.092	0.092	0.093	0.094	0.093	0.093	0.092	0.092	0.092
68:01:08	20.0	0.091	0.091	0.092	0.092	0.094	0.092	0.092	0.091	0.092	0.092	0.092	0.094	0.091	0.127	0.099	0.167	0.147	0.580	0.102	0.098	0.567	0.580	0.586	0.092	0.091	0.600	0.586	0.602	0.588	0.098	0.603	0.225	0.590	0.148	0.162	0.092	0.091	0.100	0.584	0.197	0.186	0.094	0.097	0.602	0.151	0.586	0.602	0.091	0.091	0.163	0.129	0.581	0.490	0.501	0.195	0.101	0.580	0.095	0.096	0.092	0.092	0.603	0.595	0.098	0.096	0.199	0.581	0.100	0.474	0.476	0.166	0.091	0.094	0.106	0.585	0.496	0.139	0.500	0.102	0.103	0.127	0.199	0.586	0.091	0.093	0.094	0.092	0.092	0.091	0.093	0.093	0.092	0.093	0.092	0.092	0.092
69:01:14	20.0	0.091	0.092	0.092	0.093	0.094	0.092	0.092	0.091	0.092	0.093	0.093	0.094	0.091	0.129	0.101	0.171	0.150	0.585	0.103	0.099	0.571	0.585	0.590	0.092	0.091	0.605	0.591	0.608	0.591	0.099	0.608	0.229	0.595	0.151	0.166	0.093	0.091	0.101	0.629	0.201	0.190	0.095	0.098	0.607	0.154	0.592	0.606	0.091	0.091	0.166	0.131	0.587	0.493	0.503	0.199	0.102	0.585	0.095	0.097	0.093	0.092	0.608	0.602	0.099	0.097	0.203	0.586	0.101	0.477	0.477	0.169	0.091	0.095	0.107	0.590	0.496	0.142	0.500	0.104	0.104	0.130	0.203	0.591	0.091	0.093	0.095	0.092	0.092	0.091	0.092	0.094	0.093	0.093	0.092	0.092	0.092
70:01:11	19.9	0.091	0.091	0.092	0.092	0.094	0.092	0.092	0.090	0.091	0.092	0.092	0.094	0.091	0.130	0.101	0.175	0.153	0.591	0.104	0.099	0.631	0.588	0.593	0.091	0.091	0.609	0.594	0.613	0.595	0.099	0.611	0.233	0.599	0.153	0.169	0.092	0.091	0.102	0.658	0.204	0.194	0.095	0.099	0.610	0.156	0.596	0.610	0.091	0.091	0.170	0.132	0.590	0.495	0.505	0.202	0.103	0.589	0.095	0.097	0.092	0.092	0.612	0.606	0.099	0.097	0.206	0.590	0.102	0.479	0.479	0.171	0.091	0.094	0.108	0.659	0.497	0.145	0.502	0.104	0.105	0.132	0.207	0.596	0.091	0.093	0.094	0.092	0.092	0.091	0.092	0.093	0.093	0.093	0.092	0.092	0.091
71:01:11	19.9	0.091	0.091	0.092	0.093	0.094	0.092	0.092	0.091	0.092	0.093	0.092	0.094	0.091	0.132	0.102	0.180	0.156	0.595	0.105	0.100	0.487	0.594	0.597	0.092	0.091	0.614	0.598	0.618	0.601	0.099	0.615	0.237	0.602	0.156	0.174	0.093	0.091	0.103	0.500	0.208	0.198	0.095	0.100	0.615	0.159	0.601	0.614	0.091	0.091	0.174	0.135	0.597	0.496	0.508	0.206	0.104	0.593	0.095	0.097	0.092	0.092	0.615	0.610	0.099	0.097	0.210	0.594	0.102	0.482	0.481	0.173	0.091	0.094	0.110	0.494	0.498	0.149	0.505	0.106	0.106	0.135	0.211	0.600	0.091	0.093	0.094	0.092	0.092	0.091	0.093	0.094	0.093	0.093	0.092	0.092	0.092
72:01:11	19.9	0.091	0.091	0.092	0.093	0.094	0.092	0.092	0.091	0.092	0.093	0.092	0.094	0.091	0.135	0.103	0.184	0.158	0.599	0.106	0.101	0.489	0.596	0.601	0.092	0.091	0.619	0.609	0.623	0.605	0.100	0.621	0.241	0.608	0.159	0.178	0.093	0.091	0.104	0.502	0.211	0.202	0.096	0.100	0.619	0.162	0.604	0.619	0.091	0.091	0.177	0.137	0.602	0.498	0.511	0.210	0.105	0.598	0.095	0.098	0.092	0.092	0.619	0.626	0.099	0.097	0.214	0.598	0.103	0.485	0.484	0.177	0.091	0.094	0.111	0.497	0.500	0.152	0.508	0.107	0.107	0.137	0.215	0.603	0.091	0.094	0.094	0.092	0.092	0.091	0.092	0.093	0.093	0.093	0.092	0.092	0.092

