Time	T° 600	A1	A2	A3	A4	A5	A6	A7	A8	A9	A10	A11	A12	B1	B2	B3	B4	B5	B6	B7	B8	B9	B10	B11	B12	C1	C2	C3	C4	C5	C6	C7	C8	C9	C10	C11	C12	D1	D2	D3	D4	D5	D6	D7	D8	D9	D10	D11	D12	E1	E2	E3	E4	E5	E6	E7	E8	E9	E10	E11	E12	F1	F2	F3	F4	F5	F6	F7	F8	F9	F10	F11	F12	G1	G2	G3	G4	G5	G6	G7	G8	G9	G10	G11	G12	H1	H2	H3	H4	H5	H6	H7	H8	H9	H10	H11	H12
0:00:06	23.5	0.090	0.089	0.091	0.090	0.090	0.090	0.090	0.090	0.091	0.092	0.090	0.089	0.090	0.107	0.104	0.109	0.107	0.107	0.108	0.107	0.105	0.107	0.105	0.090	0.089	0.107	0.108	0.106	0.111	0.108	0.109	0.109	0.108	0.109	0.109	0.089	0.090	0.110	0.107	0.107	0.107	0.109	0.113	0.110	0.108	0.107	0.109	0.090	0.092	0.112	0.109	0.106	0.106	0.108	0.107	0.106	0.106	0.106	0.107	0.088	0.092	0.111	0.109	0.110	0.109	0.108	0.109	0.106	0.108	0.104	0.109	0.088	0.092	0.106	0.109	0.107	0.109	0.108	0.106	0.109	0.109	0.105	0.110	0.088	0.091	0.090	0.091	0.089	0.088	0.088	0.089	0.091	0.091	0.089	0.088	0.089
1:00:06	23.8	0.090	0.089	0.091	0.091	0.090	0.091	0.090	0.091	0.091	0.092	0.090	0.089	0.090	0.113	0.107	0.114	0.114	0.113	0.115	0.116	0.114	0.115	0.113	0.091	0.089	0.111	0.113	0.109	0.114	0.111	0.113	0.110	0.111	0.113	0.111	0.091	0.090	0.111	0.108	0.109	0.109	0.110	0.115	0.112	0.110	0.111	0.111	0.092	0.092	0.113	0.110	0.109	0.109	0.110	0.109	0.108	0.108	0.111	0.111	0.089	0.092	0.111	0.109	0.114	0.113	0.112	0.111	0.109	0.111	0.109	0.112	0.089	0.093	0.108	0.110	0.113	0.114	0.113	0.111	0.113	0.112	0.110	0.113	0.089	0.092	0.090	0.092	0.090	0.090	0.090	0.090	0.092	0.092	0.090	0.089	0.090
2:00:07	23.9	0.090	0.089	0.091	0.091	0.090	0.091	0.090	0.091	0.092	0.092	0.090	0.090	0.090	0.125	0.112	0.119	0.126	0.124	0.126	0.127	0.123	0.128	0.125	0.091	0.089	0.115	0.125	0.114	0.128	0.124	0.124	0.121	0.121	0.125	0.124	0.091	0.090	0.114	0.112	0.114	0.121	0.121	0.127	0.123	0.122	0.123	0.123	0.092	0.092	0.116	0.113	0.120	0.121	0.122	0.121	0.120	0.121	0.121	0.123	0.089	0.093	0.114	0.113	0.124	0.124	0.125	0.123	0.120	0.123	0.120	0.124	0.089	0.094	0.112	0.114	0.124	0.126	0.125	0.123	0.124	0.123	0.121	0.126	0.090	0.092	0.091	0.093	0.090	0.090	0.090	0.091	0.092	0.092	0.090	0.089	0.091
3:00:08	23.9	0.090	0.089	0.091	0.091	0.090	0.091	0.090	0.091	0.091	0.092	0.091	0.090	0.090	0.145	0.116	0.125	0.148	0.145	0.148	0.149	0.145	0.149	0.147	0.091	0.089	0.120	0.145	0.118	0.147	0.145	0.146	0.143	0.141	0.146	0.147	0.091	0.090	0.119	0.117	0.119	0.141	0.142	0.147	0.143	0.143	0.144	0.144	0.092	0.093	0.121	0.118	0.141	0.142	0.143	0.142	0.140	0.142	0.142	0.145	0.090	0.092	0.120	0.118	0.146	0.143	0.146	0.144	0.140	0.145	0.141	0.146	0.090	0.093	0.117	0.119	0.145	0.146	0.147	0.144	0.145	0.144	0.142	0.148	0.089	0.092	0.091	0.093	0.090	0.090	0.090	0.091	0.092	0.092	0.090	0.089	0.091
4:00:10	23.8	0.090	0.089	0.091	0.091	0.090	0.091	0.090	0.091	0.092	0.093	0.091	0.090	0.090	0.182	0.126	0.133	0.190	0.187	0.189	0.188	0.182	0.193	0.192	0.091	0.089	0.128	0.181	0.127	0.188	0.184	0.181	0.181	0.180	0.187	0.188	0.091	0.090	0.127	0.125	0.127	0.180	0.182	0.185	0.186	0.182	0.183	0.185	0.092	0.093	0.130	0.126	0.179	0.183	0.185	0.183	0.180	0.180	0.181	0.183	0.089	0.093	0.129	0.126	0.182	0.177	0.180	0.183	0.178	0.185	0.179	0.184	0.089	0.094	0.126	0.127	0.179	0.178	0.179	0.181	0.184	0.180	0.178	0.186	0.089	0.092	0.091	0.093	0.090	0.090	0.090	0.091	0.092	0.092	0.090	0.089	0.091
5:00:11	23.6	0.090	0.089	0.091	0.091	0.090	0.091	0.090	0.091	0.091	0.092	0.091	0.090	0.090	0.222	0.136	0.142	0.221	0.219	0.218	0.227	0.209	0.224	0.225	0.091	0.089	0.139	0.219	0.136	0.223	0.222	0.209	0.214	0.207	0.220	0.218	0.091	0.090	0.136	0.134	0.140	0.210	0.218	0.217	0.216	0.214	0.213	0.217	0.092	0.092	0.137	0.136	0.208	0.210	0.210	0.211	0.209	0.212	0.211	0.217	0.089	0.092	0.137	0.134	0.213	0.208	0.215	0.210	0.207	0.212	0.208	0.216	0.090	0.094	0.139	0.136	0.214	0.212	0.219	0.214	0.214	0.212	0.210	0.220	0.089	0.092	0.091	0.093	0.090	0.090	0.090	0.091	0.092	0.092	0.091	0.090	0.091
6:00:11	23.4	0.090	0.089	0.091	0.091	0.090	0.091	0.090	0.091	0.091	0.093	0.091	0.090	0.090	0.261	0.165	0.154	0.260	0.258	0.262	0.275	0.253	0.277	0.273	0.091	0.089	0.159	0.257	0.156	0.268	0.260	0.250	0.266	0.248	0.265	0.269	0.091	0.090	0.153	0.157	0.160	0.258	0.247	0.262	0.258	0.262	0.265	0.263	0.092	0.092	0.156	0.155	0.256	0.253	0.260	0.260	0.261	0.260	0.258	0.265	0.090	0.092	0.154	0.151	0.257	0.247	0.264	0.260	0.253	0.255	0.253	0.269	0.090	0.094	0.156	0.147	0.260	0.265	0.258	0.265	0.263	0.253	0.255	0.269	0.090	0.092	0.091	0.093	0.091	0.090	0.090	0.091	0.092	0.092	0.091	0.090	0.091
7:00:12	23.2	0.091	0.089	0.092	0.091	0.091	0.091	0.091	0.091	0.092	0.093	0.091	0.090	0.090	0.337	0.160	0.164	0.336	0.339	0.324	0.359	0.330	0.351	0.340	0.092	0.089	0.161	0.312	0.162	0.330	0.327	0.346	0.347	0.328	0.350	0.340	0.091	0.090	0.156	0.159	0.163	0.333	0.339	0.350	0.337	0.344	0.343	0.344	0.092	0.093	0.157	0.156	0.323	0.315	0.344	0.317	0.343	0.338	0.325	0.327	0.090	0.093	0.156	0.155	0.328	0.314	0.351	0.346	0.340	0.331	0.336	0.321	0.090	0.094	0.155	0.157	0.337	0.338	0.346	0.348	0.348	0.343	0.337	0.352	0.090	0.092	0.091	0.093	0.091	0.090	0.090	0.091	0.092	0.093	0.091	0.090	0.092
8:00:13	23.0	0.091	0.089	0.092	0.091	0.091	0.091	0.091	0.091	0.092	0.093	0.091	0.090	0.091	0.363	0.176	0.180	0.373	0.373	0.375	0.388	0.371	0.383	0.377	0.092	0.089	0.176	0.347	0.167	0.370	0.368	0.373	0.379	0.369	0.383	0.375	0.091	0.090	0.172	0.170	0.175	0.367	0.376	0.382	0.376	0.374	0.376	0.377	0.092	0.093	0.174	0.173	0.361	0.343	0.374	0.354	0.374	0.367	0.357	0.367	0.090	0.093	0.177	0.175	0.366	0.347	0.374	0.367	0.370	0.367	0.370	0.367	0.090	0.094	0.168	0.176	0.364	0.372	0.368	0.371	0.374	0.377	0.376	0.384	0.090	0.092	0.091	0.093	0.091	0.090	0.091	0.091	0.092	0.093	0.091	0.090	0.091
9:00:14	22.7	0.091	0.090	0.092	0.091	0.091	0.091	0.091	0.091	0.092	0.093	0.092	0.090	0.091	0.408	0.199	0.211	0.415	0.403	0.416	0.426	0.411	0.418	0.410	0.092	0.090	0.203	0.397	0.186	0.408	0.398	0.416	0.421	0.406	0.418	0.412	0.092	0.091	0.198	0.193	0.198	0.399	0.409	0.415	0.412	0.407	0.410	0.413	0.093	0.093	0.199	0.196	0.395	0.384	0.405	0.396	0.409	0.403	0.399	0.408	0.090	0.093	0.201	0.198	0.405	0.396	0.406	0.402	0.403	0.404	0.411	0.410	0.090	0.094	0.188	0.198	0.400	0.412	0.402	0.407	0.410	0.408	0.408	0.419	0.090	0.093	0.092	0.093	0.091	0.091	0.091	0.092	0.093	0.093	0.091	0.090	0.092
10:00:15	22.5	0.090	0.089	0.091	0.091	0.091	0.091	0.090	0.091	0.092	0.092	0.091	0.090	0.090	0.445	0.227	0.238	0.461	0.452	0.469	0.477	0.465	0.461	0.433	0.092	0.089	0.232	0.452	0.210	0.439	0.448	0.454	0.468	0.456	0.473	0.438	0.091	0.090	0.226	0.220	0.224	0.447	0.415	0.466	0.468	0.443	0.453	0.449	0.092	0.093	0.225	0.222	0.442	0.418	0.427	0.447	0.461	0.444	0.449	0.438	0.090	0.092	0.228	0.224	0.449	0.452	0.451	0.429	0.451	0.450	0.452	0.459	0.090	0.093	0.211	0.226	0.446	0.457	0.443	0.444	0.450	0.458	0.452	0.471	0.090	0.092	0.091	0.093	0.091	0.090	0.090	0.091	0.092	0.093	0.091	0.090	0.091
11:00:24	22.3	0.091	0.089	0.091	0.091	0.091	0.091	0.091	0.091	0.092	0.093	0.091	0.090	0.091	0.501	0.253	0.279	0.502	0.502	0.519	0.527	0.517	0.511	0.488	0.092	0.089	0.266	0.506	0.232	0.499	0.498	0.515	0.522	0.514	0.521	0.493	0.091	0.090	0.261	0.248	0.261	0.497	0.486	0.509	0.521	0.495	0.499	0.498	0.092	0.093	0.255	0.248	0.494	0.472	0.489	0.496	0.506	0.493	0.500	0.491	0.090	0.093	0.254	0.252	0.509	0.504	0.504	0.489	0.497	0.499	0.507	0.504	0.090	0.094	0.236	0.254	0.496	0.515	0.499	0.500	0.500	0.510	0.504	0.522	0.090	0.092	0.092	0.093	0.091	0.090	0.090	0.091	0.093	0.092	0.091	0.090	0.092
12:00:18	22.0	0.091	0.090	0.092	0.091	0.091	0.091	0.091	0.091	0.092	0.093	0.091	0.090	0.091	0.573	0.286	0.321	0.559	0.557	0.582	0.579	0.574	0.561	0.544	0.092	0.090	0.306	0.565	0.265	0.552	0.547	0.576	0.579	0.569	0.576	0.551	0.092	0.091	0.301	0.285	0.295	0.547	0.545	0.561	0.571	0.543	0.553	0.557	0.092	0.093	0.292	0.285	0.552	0.532	0.548	0.543	0.559	0.547	0.559	0.561	0.090	0.093	0.288	0.286	0.571	0.564	0.561	0.549	0.556	0.556	0.572	0.575	0.090	0.094	0.263	0.293	0.562	0.569	0.562	0.554	0.556	0.565	0.565	0.586	0.090	0.093	0.092	0.094	0.091	0.091	0.091	0.091	0.093	0.093	0.091	0.090	0.092
13:00:18	21.8	0.091	0.089	0.092	0.091	0.091	0.091	0.090	0.091	0.092	0.093	0.091	0.090	0.091	0.658	0.325	0.362	0.635	0.625	0.657	0.652	0.649	0.637	0.626	0.092	0.089	0.353	0.630	0.307	0.628	0.623	0.649	0.651	0.633	0.652	0.635	0.091	0.090	0.344	0.330	0.335	0.622	0.624	0.630	0.649	0.617	0.631	0.641	0.092	0.093	0.339	0.330	0.626	0.612	0.625	0.619	0.635	0.623	0.636	0.644	0.090	0.093	0.333	0.330	0.648	0.638	0.635	0.625	0.634	0.638	0.652	0.656	0.090	0.093	0.291	0.340	0.633	0.648	0.640	0.626	0.633	0.640	0.641	0.664	0.090	0.093	0.092	0.093	0.091	0.090	0.090	0.091	0.093	0.093	0.091	0.090	0.091
14:00:18	21.5	0.091	0.090	0.092	0.091	0.091	0.091	0.091	0.091	0.092	0.093	0.091	0.090	0.090	0.726	0.372	0.414	0.692	0.682	0.719	0.710	0.705	0.701	0.697	0.092	0.089	0.404	0.691	0.350	0.682	0.675	0.715	0.713	0.686	0.716	0.704	0.092	0.091	0.394	0.375	0.385	0.674	0.684	0.691	0.710	0.682	0.698	0.708	0.092	0.093	0.388	0.377	0.684	0.678	0.685	0.680	0.699	0.690	0.706	0.712	0.090	0.093	0.383	0.376	0.709	0.707	0.688	0.685	0.699	0.703	0.723	0.724	0.090	0.094	0.327	0.388	0.702	0.715	0.696	0.691	0.699	0.707	0.712	0.731	0.090	0.093	0.091	0.094	0.091	0.091	0.091	0.092	0.093	0.093	0.091	0.090	0.092
15:00:21	21.3	0.091	0.090	0.092	0.091	0.091	0.091	0.091	0.092	0.092	0.094	0.092	0.091	0.091	0.778	0.417	0.470	0.744	0.729	0.767	0.760	0.754	0.754	0.752	0.092	0.090	0.456	0.742	0.397	0.733	0.725	0.766	0.765	0.735	0.764	0.758	0.092	0.091	0.443	0.428	0.438	0.727	0.734	0.744	0.764	0.738	0.754	0.762	0.093	0.093	0.437	0.429	0.737	0.735	0.739	0.737	0.752	0.745	0.759	0.767	0.090	0.093	0.438	0.429	0.764	0.759	0.740	0.740	0.754	0.757	0.779	0.777	0.090	0.094	0.366	0.442	0.757	0.771	0.750	0.747	0.754	0.760	0.771	0.785	0.090	0.093	0.092	0.094	0.091	0.091	0.091	0.092	0.093	0.093	0.091	0.090	0.092
16:00:21	21.2	0.091	0.090	0.092	0.091	0.091	0.091	0.091	0.091	0.092	0.093	0.091	0.091	0.091	0.828	0.465	0.528	0.788	0.769	0.811	0.804	0.796	0.799	0.802	0.092	0.090	0.508	0.789	0.444	0.780	0.768	0.815	0.816	0.779	0.810	0.806	0.092	0.091	0.502	0.478	0.486	0.771	0.780	0.794	0.811	0.787	0.803	0.810	0.092	0.093	0.491	0.478	0.782	0.784	0.790	0.787	0.799	0.794	0.808	0.816	0.090	0.093	0.489	0.476	0.808	0.809	0.784	0.789	0.801	0.807	0.829	0.826	0.090	0.094	0.410	0.493	0.804	0.821	0.797	0.794	0.801	0.810	0.822	0.836	0.090	0.093	0.092	0.094	0.091	0.091	0.091	0.092	0.093	0.093	0.091	0.090	0.092
17:00:22	21.1	0.091	0.090	0.092	0.091	0.091	0.091	0.091	0.091	0.092	0.093	0.091	0.090	0.091	0.874	0.513	0.577	0.832	0.810	0.855	0.848	0.840	0.843	0.847	0.092	0.090	0.556	0.835	0.493	0.820	0.811	0.861	0.862	0.822	0.855	0.851	0.092	0.091	0.551	0.526	0.534	0.815	0.824	0.838	0.857	0.831	0.849	0.855	0.093	0.093	0.538	0.528	0.825	0.829	0.836	0.829	0.844	0.841	0.852	0.861	0.090	0.093	0.538	0.529	0.852	0.855	0.829	0.835	0.847	0.852	0.876	0.871	0.090	0.093	0.457	0.543	0.849	0.868	0.841	0.839	0.844	0.855	0.867	0.885	0.090	0.092	0.092	0.094	0.091	0.091	0.091	0.092	0.093	0.093	0.091	0.090	0.092
18:00:24	21.2	0.091	0.090	0.092	0.091	0.091	0.091	0.091	0.091	0.092	0.093	0.091	0.091	0.091	0.985	0.559	0.621	0.873	0.852	0.908	0.889	0.884	0.886	0.893	0.092	0.090	0.603	0.890	0.537	0.861	0.848	0.914	0.911	0.869	0.900	0.896	0.092	0.091	0.595	0.567	0.576	0.856	0.867	0.881	0.902	0.877	0.895	0.902	0.092	0.093	0.583	0.571	0.868	0.873	0.879	0.872	0.889	0.887	0.900	0.913	0.090	0.093	0.581	0.573	0.914	0.914	0.875	0.879	0.894	0.902	0.928	0.933	0.090	0.094	0.503	0.589	0.916	0.962	0.894	0.885	0.896	0.914	0.930	0.983	0.090	0.093	0.092	0.094	0.091	0.091	0.091	0.092	0.093	0.093	0.091	0.091	0.092
19:00:24	21.4	0.091	0.090	0.092	0.091	0.091	0.091	0.091	0.091	0.092	0.093	0.091	0.090	0.091	1.086	0.595	0.661	0.912	0.918	1.019	0.920	0.965	0.892	1.027	0.092	0.090	0.642	1.067	0.583	0.830	0.978	1.054	1.029	0.965	0.986	0.977	0.092	0.091	0.630	0.611	0.620	0.906	0.889	0.927	0.936	0.998	0.963	1.061	0.092	0.093	0.623	0.613	0.904	0.931	0.967	0.965	1.017	0.956	1.107	1.039	0.090	0.093	0.621	0.614	1.069	1.026	0.991	0.992	1.011	1.069	1.059	1.121	0.090	0.094	0.550	0.633	1.002	1.033	1.074	1.006	0.997	1.096	1.036	1.095	0.090	0.093	0.092	0.094	0.091	0.091	0.091	0.092	0.093	0.093	0.091	0.090	0.092
20:00:33	21.7	0.091	0.090	0.092	0.091	0.091	0.091	0.091	0.091	0.092	0.093	0.091	0.091	0.091	1.072	0.632	0.698	1.047	1.030	1.062	1.074	1.055	1.090	1.100	0.092	0.090	0.679	1.079	0.617	1.045	1.038	1.083	1.078	1.066	1.102	1.095	0.092	0.091	0.665	0.638	0.652	1.047	1.063	1.075	1.097	1.086	1.102	1.110	0.092	0.093	0.656	0.642	1.055	1.088	1.077	1.079	1.091	1.102	1.102	1.109	0.090	0.093	0.653	0.648	1.098	1.093	1.079	1.073	1.103	1.103	1.113	1.125	0.090	0.094	0.589	0.666	1.099	1.110	1.101	1.091	1.109	1.115	1.115	1.120	0.090	0.093	0.091	0.094	0.091	0.091	0.091	0.092	0.093	0.093	0.091	0.090	0.092
21:00:32	22.1	0.091	0.089	0.092	0.091	0.091	0.091	0.091	0.091	0.092	0.093	0.092	0.090	0.091	1.075	0.662	0.729	1.068	1.039	1.057	1.078	1.049	1.092	1.083	0.092	0.090	0.708	1.061	0.649	1.072	1.044	1.072	1.079	1.078	1.095	1.087	0.092	0.091	0.695	0.672	0.684	1.065	1.078	1.083	1.095	1.081	1.094	1.091	0.092	0.093	0.685	0.672	1.061	1.095	1.083	1.089	1.082	1.097	1.087	1.098	0.090	0.093	0.685	0.678	1.078	1.085	1.071	1.070	1.102	1.088	1.096	1.092	0.090	0.094	0.629	0.693	1.088	1.102	1.086	1.080	1.102	1.098	1.106	1.103	0.090	0.093	0.092	0.094	0.091	0.091	0.091	0.092	0.093	0.093	0.091	0.090	0.092
22:00:28	22.5	0.091	0.090	0.092	0.091	0.091	0.091	0.091	0.092	0.092	0.093	0.092	0.091	0.091	1.081	0.685	0.731	1.080	1.051	1.064	1.082	1.064	1.095	1.087	0.093	0.090	0.731	1.060	0.680	1.079	1.054	1.075	1.085	1.084	1.095	1.089	0.092	0.091	0.714	0.694	0.718	1.074	1.085	1.089	1.098	1.086	1.094	1.091	0.093	0.094	0.712	0.695	1.067	1.098	1.086	1.093	1.085	1.096	1.092	1.102	0.090	0.093	0.707	0.696	1.083	1.088	1.073	1.076	1.103	1.090	1.099	1.094	0.091	0.094	0.659	0.707	1.094	1.104	1.091	1.083	1.106	1.097	1.108	1.105	0.090	0.093	0.092	0.094	0.091	0.091	0.091	0.092	0.093	0.093	0.092	0.091	0.092
23:00:28	22.9	0.091	0.090	0.092	0.091	0.091	0.091	0.091	0.091	0.092	0.093	0.092	0.091	0.091	1.086	0.702	0.752	1.087	1.058	1.071	1.088	1.067	1.100	1.096	0.092	0.090	0.743	1.070	0.698	1.081	1.060	1.084	1.092	1.086	1.101	1.099	0.092	0.091	0.728	0.711	0.731	1.077	1.086	1.093	1.104	1.093	1.101	1.100	0.092	0.093	0.740	0.705	1.073	1.099	1.087	1.097	1.092	1.101	1.100	1.108	0.090	0.093	0.745	0.717	1.093	1.093	1.077	1.080	1.108	1.098	1.108	1.102	0.090	0.094	0.684	0.734	1.100	1.106	1.096	1.086	1.106	1.106	1.113	1.113	0.090	0.093	0.092	0.094	0.091	0.091	0.091	0.092	0.093	0.093	0.091	0.090	0.092
24:00:29	23.2	0.091	0.090	0.092	0.091	0.091	0.091	0.091	0.091	0.092	0.093	0.091	0.091	0.091	1.093	0.707	0.771	1.093	1.066	1.079	1.094	1.077	1.106	1.103	0.092	0.090	0.738	1.069	0.705	1.085	1.067	1.090	1.098	1.088	1.107	1.104	0.092	0.091	0.741	0.741	0.746	1.082	1.091	1.096	1.111	1.097	1.105	1.106	0.093	0.093	0.746	0.730	1.079	1.101	1.093	1.100	1.097	1.104	1.107	1.114	0.090	0.093	0.740	0.730	1.098	1.097	1.082	1.087	1.110	1.102	1.114	1.109	0.090	0.094	0.709	0.750	1.106	1.112	1.101	1.092	1.113	1.110	1.118	1.120	0.090	0.093	0.092	0.094	0.091	0.091	0.091	0.092	0.093	0.093	0.091	0.091	0.092
25:00:30	23.3	0.091	0.090	0.092	0.091	0.091	0.091	0.091	0.091	0.092	0.093	0.091	0.091	0.091	1.101	0.722	0.782	1.099	1.073	1.085	1.099	1.085	1.110	1.105	0.092	0.090	0.756	1.075	0.720	1.088	1.072	1.094	1.101	1.091	1.109	1.107	0.092	0.091	0.757	0.742	0.759	1.084	1.095	1.099	1.114	1.101	1.107	1.110	0.092	0.093	0.746	0.738	1.083	1.104	1.096	1.102	1.098	1.106	1.109	1.120	0.090	0.093	0.751	0.751	1.103	1.101	1.087	1.091	1.113	1.105	1.120	1.115	0.091	0.094	0.722	0.767	1.113	1.118	1.107	1.096	1.115	1.113	1.123	1.126	0.090	0.093	0.092	0.094	0.091	0.091	0.091	0.092	0.093	0.093	0.091	0.090	0.092
26:00:31	23.4	0.091	0.090	0.092	0.091	0.091	0.091	0.091	0.091	0.092	0.093	0.091	0.090	0.091	1.114	0.735	0.786	1.104	1.077	1.090	1.103	1.092	1.114	1.110	0.092	0.090	0.761	1.079	0.733	1.090	1.074	1.097	1.104	1.093	1.112	1.110	0.092	0.091	0.762	0.742	0.758	1.086	1.097	1.101	1.118	1.101	1.109	1.113	0.092	0.093	0.750	0.741	1.086	1.104	1.097	1.103	1.098	1.107	1.111	1.123	0.090	0.093	0.759	0.748	1.107	1.105	1.090	1.091	1.114	1.107	1.122	1.117	0.090	0.094	0.733	0.771	1.117	1.121	1.110	1.099	1.116	1.116	1.127	1.131	0.090	0.093	0.092	0.094	0.091	0.091	0.091	0.092	0.093	0.093	0.091	0.090	0.091
27:00:32	23.5	0.091	0.089	0.092	0.091	0.091	0.091	0.091	0.091	0.092	0.093	0.091	0.090	0.090	1.163	0.738	0.785	1.107	1.081	1.095	1.106	1.096	1.116	1.112	0.092	0.089	0.771	1.095	0.733	1.093	1.079	1.099	1.107	1.096	1.113	1.113	0.092	0.091	0.758	0.747	0.763	1.089	1.099	1.103	1.120	1.103	1.112	1.115	0.092	0.093	0.760	0.744	1.089	1.105	1.100	1.103	1.100	1.110	1.112	1.125	0.090	0.093	0.763	0.749	1.110	1.108	1.091	1.093	1.115	1.108	1.124	1.121	0.090	0.094	0.738	0.769	1.122	1.127	1.111	1.101	1.117	1.118	1.130	1.138	0.090	0.092	0.091	0.094	0.091	0.091	0.091	0.092	0.093	0.093	0.091	0.090	0.091
28:00:34	23.4	0.091	0.090	0.092	0.091	0.091	0.091	0.091	0.091	0.092	0.093	0.092	0.091	0.091	1.145	0.738	0.782	1.109	1.085	1.101	1.109	1.100	1.119	1.113	0.092	0.090	0.758	1.140	0.737	1.097	1.081	1.105	1.111	1.100	1.115	1.116	0.092	0.091	0.753	0.748	0.759	1.091	1.102	1.105	1.124	1.104	1.113	1.119	0.093	0.093	0.754	0.745	1.091	1.107	1.103	1.104	1.100	1.112	1.115	1.131	0.090	0.094	0.770	0.748	1.114	1.113	1.091	1.095	1.117	1.109	1.129	1.135	0.091	0.094	0.757	0.771	1.127	1.141	1.113	1.104	1.119	1.124	1.147	1.188	0.091	0.093	0.092	0.094	0.091	0.091	0.091	0.092	0.094	0.093	0.092	0.091	0.092
29:00:34	23.3	0.091	0.090	0.092	0.091	0.091	0.092	0.091	0.091	0.092	0.094	0.091	0.090	0.091	1.173	0.735	0.778	1.116	1.090	1.114	1.118	1.105	1.128	1.122	0.092	0.090	0.752	1.155	0.738	1.103	1.085	1.119	1.122	1.108	1.125	1.125	0.092	0.091	0.760	0.745	0.757	1.095	1.106	1.112	1.130	1.112	1.124	1.133	0.092	0.093	0.752	0.743	1.097	1.114	1.107	1.110	1.108	1.122	1.136	1.160	0.090	0.094	0.758	0.743	1.124	1.140	1.097	1.100	1.127	1.128	1.151	1.195	0.091	0.094	0.761	0.767	1.144	1.186	1.118	1.114	1.133	1.189	1.228	1.262	0.091	0.093	0.092	0.094	0.091	0.091	0.091	0.092	0.093	0.093	0.092	0.091	0.092
30:00:36	23.1	0.091	0.090	0.092	0.091	0.091	0.091	0.091	0.091	0.092	0.093	0.092	0.090	0.091	1.173	0.733	0.774	1.123	1.097	1.140	1.126	1.113	1.136	1.131	0.092	0.090	0.746	1.160	0.734	1.110	1.093	1.156	1.140	1.115	1.137	1.151	0.092	0.091	0.752	0.745	0.754	1.102	1.114	1.120	1.140	1.124	1.156	1.180	0.093	0.093	0.751	0.740	1.104	1.124	1.116	1.118	1.129	1.152	1.196	1.246	0.090	0.093	0.751	0.743	1.151	1.200	1.107	1.116	1.170	1.204	1.227	1.207	0.090	0.094	0.757	0.761	1.184	1.193	1.138	1.157	1.220	1.201	1.219	1.219	0.090	0.093	0.092	0.094	0.091	0.091	0.091	0.092	0.093	0.093	0.091	0.090	0.092
31:00:36	22.9	0.091	0.089	0.092	0.091	0.091	0.091	0.091	0.091	0.092	0.093	0.092	0.090	0.091	1.174	0.730	0.767	1.133	1.109	1.192	1.146	1.138	1.179	1.188	0.092	0.090	0.744	1.157	0.744	1.122	1.103	1.185	1.193	1.148	1.194	1.197	0.092	0.091	0.750	0.747	0.743	1.112	1.131	1.152	1.177	1.216	1.196	1.200	0.093	0.093	0.748	0.730	1.117	1.172	1.141	1.161	1.191	1.196	1.196	1.218	0.090	0.093	0.746	0.733	1.213	1.201	1.144	1.169	1.196	1.197	1.208	1.212	0.090	0.094	0.754	0.750	1.213	1.222	1.222	1.185	1.209	1.209	1.219	1.222	0.091	0.093	0.092	0.094	0.091	0.091	0.091	0.092	0.093	0.093	0.091	0.090	0.092
32:00:38	22.7	0.091	0.090	0.092	0.091	0.091	0.091	0.091	0.091	0.092	0.093	0.091	0.091	0.091	1.179	0.727	0.763	1.144	1.121	1.181	1.211	1.197	1.203	1.211	0.092	0.090	0.736	1.156	0.733	1.154	1.126	1.191	1.179	1.218	1.197	1.208	0.092	0.091	0.739	0.738	0.732	1.138	1.175	1.222	1.185	1.211	1.204	1.208	0.093	0.093	0.740	0.728	1.168	1.201	1.213	1.188	1.195	1.201	1.199	1.215	0.090	0.094	0.739	0.729	1.202	1.213	1.219	1.182	1.208	1.199	1.212	1.211	0.091	0.094	0.751	0.748	1.222	1.230	1.218	1.200	1.216	1.210	1.218	1.224	0.090	0.093	0.092	0.094	0.091	0.091	0.091	0.092	0.093	0.094	0.091	0.090	0.092
33:00:38	22.5	0.091	0.090	0.092	0.091	0.091	0.091	0.091	0.091	0.092	0.093	0.091	0.090	0.091	1.188	0.722	0.758	1.175	1.164	1.195	1.206	1.174	1.215	1.209	0.092	0.090	0.734	1.159	0.732	1.193	1.154	1.199	1.203	1.203	1.210	1.212	0.092	0.091	0.730	0.732	0.732	1.163	1.203	1.202	1.214	1.201	1.208	1.213	0.093	0.093	0.735	0.724	1.178	1.211	1.214	1.206	1.199	1.206	1.205	1.225	0.090	0.094	0.729	0.725	1.221	1.222	1.216	1.211	1.215	1.207	1.227	1.221	0.091	0.094	0.743	0.746	1.238	1.242	1.238	1.219	1.226	1.220	1.230	1.236	0.091	0.093	0.092	0.094	0.091	0.092	0.091	0.092	0.094	0.094	0.092	0.091	0.092
34:00:40	22.2	0.091	0.089	0.092	0.091	0.091	0.092	0.091	0.091	0.092	0.093	0.092	0.091	0.091	1.199	0.712	0.756	1.209	1.179	1.197	1.217	1.218	1.222	1.218	0.092	0.090	0.737	1.166	0.730	1.208	1.201	1.208	1.211	1.209	1.214	1.216	0.092	0.091	0.730	0.730	0.730	1.203	1.218	1.210	1.223	1.204	1.211	1.216	0.093	0.093	0.734	0.721	1.198	1.212	1.220	1.208	1.200	1.210	1.207	1.226	0.091	0.094	0.728	0.726	1.223	1.222	1.214	1.210	1.214	1.208	1.227	1.222	0.090	0.094	0.737	0.743	1.242	1.239	1.233	1.213	1.225	1.220	1.230	1.237	0.091	0.093	0.092	0.094	0.092	0.091	0.091	0.092	0.094	0.094	0.092	0.091	0.092
35:00:41	22.0	0.091	0.090	0.092	0.091	0.092	0.092	0.091	0.092	0.093	0.093	0.092	0.091	0.091	1.212	0.709	0.756	1.216	1.203	1.202	1.217	1.218	1.224	1.221	0.092	0.090	0.739	1.174	0.728	1.207	1.204	1.211	1.213	1.209	1.218	1.217	0.092	0.091	0.727	0.729	0.728	1.203	1.216	1.211	1.223	1.206	1.212	1.217	0.093	0.093	0.734	0.721	1.200	1.212	1.219	1.211	1.201	1.210	1.209	1.227	0.090	0.094	0.727	0.723	1.225	1.222	1.216	1.212	1.214	1.208	1.229	1.222	0.091	0.094	0.732	0.743	1.241	1.240	1.233	1.213	1.223	1.220	1.229	1.238	0.091	0.093	0.092	0.094	0.092	0.092	0.091	0.092	0.094	0.094	0.092	0.091	0.092
36:00:41	21.8	0.091	0.090	0.092	0.092	0.091	0.092	0.091	0.091	0.092	0.094	0.091	0.091	0.091	1.230	0.706	0.759	1.221	1.205	1.207	1.220	1.225	1.226	1.223	0.093	0.090	0.740	1.187	0.731	1.210	1.198	1.216	1.218	1.210	1.220	1.219	0.092	0.091	0.730	0.727	0.729	1.206	1.218	1.212	1.227	1.209	1.217	1.221	0.093	0.094	0.762	0.724	1.206	1.217	1.224	1.213	1.205	1.215	1.214	1.231	0.090	0.094	0.724	0.726	1.232	1.232	1.223	1.214	1.220	1.214	1.235	1.228	0.091	0.094	0.726	0.748	1.247	1.247	1.237	1.215	1.228	1.227	1.236	1.247	0.091	0.093	0.092	0.094	0.092	0.092	0.091	0.092	0.094	0.094	0.092	0.091	0.092
37:00:42	21.5	0.091	0.090	0.092	0.091	0.092	0.091	0.091	0.092	0.092	0.093	0.092	0.091	0.091	1.255	0.706	0.763	1.229	1.214	1.215	1.229	1.234	1.233	1.229	0.093	0.090	0.741	1.205	0.734	1.217	1.205	1.223	1.227	1.217	1.229	1.226	0.092	0.091	0.741	0.729	0.732	1.211	1.224	1.220	1.235	1.215	1.225	1.226	0.093	0.094	0.766	0.726	1.212	1.224	1.227	1.219	1.212	1.223	1.223	1.239	0.091	0.094	0.729	0.729	1.239	1.234	1.228	1.218	1.226	1.221	1.243	1.239	0.091	0.094	0.723	0.751	1.251	1.255	1.238	1.221	1.231	1.234	1.245	1.258	0.091	0.093	0.092	0.094	0.092	0.092	0.091	0.093	0.094	0.094	0.092	0.091	0.092
38:00:43	21.3	0.091	0.090	0.092	0.091	0.091	0.091	0.091	0.092	0.093	0.093	0.092	0.091	0.091	1.285	0.710	0.772	1.235	1.219	1.223	1.236	1.240	1.240	1.235	0.092	0.090	0.744	1.221	0.735	1.223	1.212	1.229	1.235	1.222	1.237	1.234	0.092	0.091	0.744	0.732	0.736	1.216	1.228	1.228	1.241	1.224	1.234	1.234	0.093	0.094	0.766	0.729	1.215	1.231	1.233	1.228	1.220	1.230	1.231	1.245	0.091	0.094	0.731	0.735	1.246	1.240	1.230	1.225	1.232	1.229	1.250	1.247	0.091	0.094	0.724	0.756	1.253	1.261	1.242	1.227	1.238	1.244	1.254	1.268	0.091	0.093	0.092	0.094	0.092	0.092	0.091	0.092	0.094	0.094	0.092	0.091	0.093
39:00:44	21.1	0.091	0.090	0.092	0.091	0.091	0.091	0.091	0.091	0.092	0.093	0.092	0.090	0.091	1.323	0.711	0.795	1.239	1.222	1.229	1.242	1.246	1.246	1.242	0.092	0.090	0.751	1.248	0.742	1.229	1.218	1.236	1.242	1.231	1.245	1.244	0.092	0.091	0.746	0.738	0.744	1.223	1.236	1.236	1.250	1.234	1.244	1.244	0.093	0.093	0.771	0.735	1.220	1.237	1.238	1.235	1.229	1.240	1.241	1.256	0.090	0.094	0.737	0.742	1.251	1.247	1.236	1.232	1.243	1.238	1.259	1.259	0.091	0.094	0.719	0.763	1.259	1.269	1.248	1.236	1.247	1.254	1.265	1.282	0.091	0.093	0.092	0.094	0.092	0.091	0.091	0.092	0.094	0.094	0.092	0.091	0.092
40:00:46	20.9	0.091	0.090	0.092	0.092	0.091	0.092	0.091	0.092	0.092	0.094	0.092	0.091	0.091	1.279	0.721	0.804	1.244	1.226	1.235	1.247	1.251	1.253	1.247	0.093	0.090	0.758	1.285	0.749	1.235	1.224	1.243	1.248	1.240	1.251	1.252	0.092	0.091	0.753	0.745	0.753	1.230	1.245	1.242	1.256	1.243	1.254	1.254	0.093	0.094	0.780	0.745	1.227	1.246	1.247	1.241	1.240	1.250	1.251	1.267	0.091	0.094	0.755	0.751	1.256	1.253	1.242	1.239	1.253	1.249	1.269	1.271	0.091	0.094	0.716	0.781	1.266	1.281	1.255	1.245	1.259	1.267	1.278	1.297	0.092	0.093	0.092	0.094	0.092	0.092	0.091	0.092	0.094	0.094	0.092	0.091	0.092
41:00:46	20.9	0.091	0.090	0.093	0.091	0.091	0.091	0.091	0.091	0.093	0.094	0.091	0.091	0.091	1.315	0.727	0.813	1.249	1.235	1.245	1.257	1.255	1.263	1.257	0.092	0.090	0.765	1.335	0.756	1.243	1.234	1.252	1.258	1.251	1.263	1.264	0.092	0.091	0.760	0.752	0.762	1.240	1.255	1.255	1.267	1.258	1.267	1.266	0.093	0.094	0.786	0.753	1.235	1.256	1.258	1.255	1.254	1.263	1.264	1.280	0.091	0.094	0.755	0.759	1.263	1.264	1.249	1.250	1.265	1.262	1.282	1.285	0.091	0.094	0.724	0.783	1.275	1.295	1.266	1.260	1.271	1.283	1.294	1.336	0.091	0.093	0.092	0.094	0.092	0.092	0.092	0.093	0.094	0.094	0.092	0.091	0.092
42:00:48	21.0	0.091	0.090	0.092	0.091	0.091	0.092	0.091	0.092	0.092	0.093	0.092	0.091	0.091	1.337	0.732	0.822	1.255	1.243	1.254	1.264	1.264	1.271	1.265	0.092	0.090	0.774	1.395	0.765	1.252	1.243	1.263	1.268	1.261	1.272	1.277	0.092	0.092	0.769	0.762	0.771	1.250	1.264	1.266	1.278	1.269	1.279	1.280	0.093	0.093	0.793	0.762	1.244	1.266	1.266	1.266	1.267	1.278	1.277	1.296	0.090	0.093	0.765	0.769	1.271	1.274	1.257	1.260	1.279	1.276	1.293	1.303	0.091	0.094	0.731	0.795	1.286	1.315	1.278	1.273	1.286	1.299	1.317	1.333	0.091	0.093	0.092	0.094	0.092	0.092	0.091	0.092	0.094	0.094	0.092	0.091	0.092
43:00:47	21.4	0.091	0.090	0.092	0.092	0.091	0.092	0.091	0.092	0.092	0.094	0.092	0.091	0.091	1.347	0.737	0.831	1.265	1.253	1.266	1.276	1.277	1.282	1.277	0.093	0.090	0.784	1.337	0.773	1.264	1.256	1.279	1.282	1.272	1.285	1.293	0.092	0.092	0.778	0.771	0.781	1.265	1.276	1.280	1.292	1.282	1.296	1.298	0.093	0.094	0.802	0.772	1.258	1.281	1.278	1.281	1.283	1.295	1.294	1.316	0.091	0.094	0.775	0.779	1.286	1.289	1.270	1.272	1.294	1.292	1.310	1.353	0.091	0.094	0.740	0.807	1.306	1.354	1.293	1.291	1.305	1.344	1.408	1.383	0.091	0.093	0.092	0.094	0.092	0.092	0.091	0.092	0.094	0.094	0.092	0.091	0.093
44:00:49	21.9	0.092	0.090	0.092	0.092	0.092	0.092	0.091	0.092	0.093	0.094	0.092	0.091	0.091	1.354	0.743	0.841	1.281	1.267	1.281	1.292	1.286	1.299	1.292	0.093	0.090	0.792	1.352	0.781	1.281	1.270	1.292	1.294	1.284	1.302	1.310	0.093	0.092	0.788	0.779	0.792	1.278	1.289	1.291	1.307	1.297	1.311	1.314	0.093	0.094	0.812	0.783	1.270	1.296	1.290	1.294	1.297	1.308	1.308	1.332	0.091	0.094	0.786	0.795	1.302	1.304	1.282	1.284	1.308	1.305	1.322	1.350	0.091	0.094	0.749	0.820	1.324	1.304	1.308	1.305	1.321	1.336	1.378	1.400	0.091	0.093	0.093	0.095	0.092	0.092	0.092	0.093	0.094	0.094	0.092	0.091	0.093
45:00:52	22.6	0.091	0.090	0.092	0.091	0.091	0.092	0.091	0.092	0.093	0.093	0.092	0.091	0.091	1.359	0.749	0.847	1.295	1.278	1.293	1.303	1.295	1.311	1.307	0.092	0.090	0.800	1.349	0.788	1.293	1.278	1.303	1.303	1.293	1.311	1.324	0.092	0.092	0.796	0.787	0.808	1.286	1.296	1.299	1.315	1.304	1.320	1.329	0.093	0.093	0.820	0.791	1.278	1.303	1.296	1.302	1.305	1.317	1.333	1.367	0.091	0.094	0.796	0.804	1.317	1.320	1.290	1.291	1.317	1.323	1.333	1.379	0.091	0.094	0.752	0.831	1.344	1.341	1.319	1.324	1.347	1.376	1.393	1.397	0.091	0.093	0.092	0.094	0.092	0.092	0.091	0.092	0.094	0.094	0.092	0.091	0.093
46:00:56	23.4	0.091	0.090	0.092	0.091	0.091	0.091	0.091	0.092	0.092	0.093	0.091	0.091	0.091	1.364	0.750	0.851	1.304	1.289	1.305	1.315	1.305	1.322	1.321	0.093	0.090	0.807	1.351	0.795	1.303	1.286	1.311	1.311	1.297	1.320	1.337	0.092	0.093	0.803	0.794	0.815	1.296	1.302	1.306	1.324	1.314	1.334	1.341	0.093	0.094	0.828	0.800	1.290	1.308	1.302	1.311	1.315	1.331	1.396	1.383	0.091	0.094	0.806	0.812	1.337	1.370	1.300	1.300	1.360	1.390	1.367	1.394	0.091	0.094	0.757	0.839	1.302	1.362	1.331	1.313	1.375	1.396	1.397	1.399	0.091	0.093	0.092	0.094	0.092	0.092	0.091	0.092	0.094	0.093	0.092	0.091	0.092
47:00:52	24.1	0.091	0.089	0.092	0.091	0.091	0.092	0.091	0.091	0.092	0.093	0.091	0.090	0.091	1.366	0.750	0.854	1.317	1.302	1.320	1.325	1.310	1.331	1.333	0.092	0.090	0.812	1.352	0.798	1.312	1.294	1.336	1.321	1.304	1.329	1.308	0.092	0.093	0.807	0.798	0.821	1.304	1.309	1.314	1.331	1.325	1.360	1.384	0.093	0.094	0.833	0.806	1.298	1.319	1.308	1.320	1.332	1.362	1.407	1.409	0.090	0.093	0.814	0.816	1.352	1.362	1.310	1.316	1.370	1.393	1.405	1.397	0.091	0.094	0.758	0.844	1.318	1.367	1.335	1.383	1.398	1.397	1.402	1.399	0.091	0.093	0.092	0.094	0.091	0.091	0.091	0.092	0.094	0.094	0.091	0.091	0.092
48:00:52	24.6	0.091	0.090	0.092	0.091	0.091	0.091	0.091	0.092	0.092	0.093	0.091	0.090	0.091	1.370	0.749	0.854	1.327	1.315	1.324	1.333	1.314	1.337	1.369	0.092	0.089	0.814	1.353	0.799	1.317	1.300	1.412	1.335	1.313	1.316	1.351	0.092	0.093	0.811	0.799	0.824	1.311	1.314	1.320	1.337	1.357	1.393	1.395	0.093	0.094	0.836	0.808	1.306	1.370	1.315	1.337	1.361	1.402	1.410	1.411	0.090	0.094	0.820	0.817	1.351	1.405	1.328	1.430	1.407	1.405	1.420	1.401	0.090	0.094	0.759	0.849	1.341	1.396	1.357	1.388	1.406	1.401	1.407	1.403	0.091	0.093	0.092	0.094	0.092	0.092	0.091	0.092	0.094	0.093	0.092	0.091	0.092
49:00:53	24.9	0.091	0.090	0.092	0.092	0.091	0.092	0.091	0.092	0.093	0.094	0.092	0.091	0.091	1.373	0.745	0.853	1.338	1.325	1.301	1.260	1.314	1.269	1.312	0.093	0.090	0.813	1.356	0.796	1.316	1.304	1.409	1.354	1.381	1.346	1.396	0.092	0.093	0.812	0.797	0.823	1.309	1.359	1.372	1.365	1.409	1.414	1.411	0.093	0.094	0.835	0.807	1.310	1.383	1.377	1.378	1.404	1.416	1.410	1.419	0.090	0.094	0.822	0.816	1.380	1.403	1.363	1.413	1.415	1.407	1.425	1.409	0.091	0.094	0.759	0.851	1.391	1.408	1.412	1.398	1.409	1.407	1.413	1.405	0.091	0.093	0.092	0.094	0.091	0.092	0.091	0.092	0.094	0.094	0.092	0.091	0.092
50:00:55	25.1	0.091	0.089	0.092	0.091	0.091	0.092	0.091	0.091	0.092	0.093	0.092	0.091	0.091	1.381	0.739	0.846	1.348	1.329	1.354	1.305	1.345	1.355	1.346	0.092	0.090	0.812	1.355	0.792	1.303	1.319	1.412	1.406	1.414	1.409	1.412	0.092	0.094	0.810	0.794	0.820	1.338	1.399	1.407	1.409	1.412	1.414	1.413	0.093	0.094	0.831	0.804	1.323	1.400	1.392	1.407	1.403	1.408	1.410	1.422	0.090	0.094	0.822	0.812	1.399	1.403	1.401	1.405	1.412	1.406	1.423	1.411	0.091	0.094	0.755	0.850	1.401	1.407	1.418	1.401	1.409	1.408	1.415	1.413	0.091	0.093	0.092	0.094	0.092	0.092	0.091	0.092	0.094	0.094	0.091	0.091	0.092
51:00:56	25.2	0.091	0.089	0.092	0.091	0.091	0.092	0.091	0.092	0.092	0.093	0.091	0.090	0.091	1.384	0.731	0.841	1.349	1.259	1.390	1.338	1.372	1.380	1.356	0.092	0.090	0.806	1.355	0.784	1.330	1.346	1.409	1.407	1.396	1.411	1.412	0.092	0.093	0.806	0.788	0.814	1.369	1.388	1.399	1.416	1.407	1.408	1.411	0.093	0.094	0.826	0.798	1.368	1.394	1.385	1.403	1.398	1.401	1.402	1.417	0.090	0.093	0.818	0.804	1.407	1.404	1.397	1.402	1.407	1.399	1.416	1.410	0.091	0.094	0.754	0.848	1.408	1.411	1.418	1.398	1.407	1.407	1.414	1.419	0.091	0.093	0.092	0.094	0.091	0.092	0.091	0.092	0.094	0.094	0.092	0.091	0.092
52:00:58	25.2	0.091	0.090	0.092	0.091	0.091	0.092	0.091	0.092	0.092	0.093	0.092	0.090	0.091	1.382	0.721	0.834	1.348	1.250	1.397	1.397	1.390	1.396	1.384	0.092	0.090	0.800	1.359	0.777	1.382	1.378	1.403	1.401	1.390	1.409	1.408	0.092	0.092	0.801	0.779	0.813	1.380	1.382	1.393	1.415	1.397	1.397	1.402	0.093	0.094	0.819	0.790	1.375	1.385	1.378	1.396	1.387	1.392	1.393	1.408	0.091	0.094	0.814	0.797	1.411	1.403	1.392	1.394	1.399	1.391	1.413	1.407	0.091	0.094	0.750	0.844	1.408	1.416	1.423	1.395	1.404	1.408	1.415	1.417	0.091	0.093	0.092	0.094	0.091	0.092	0.091	0.092	0.094	0.094	0.092	0.091	0.092
53:00:59	25.1	0.091	0.089	0.092	0.091	0.091	0.092	0.091	0.092	0.093	0.093	0.092	0.090	0.091	1.388	0.709	0.826	1.289	1.335	1.400	1.405	1.400	1.399	1.408	0.093	0.090	0.793	1.418	0.771	1.378	1.373	1.402	1.398	1.381	1.405	1.410	0.093	0.092	0.793	0.770	0.826	1.377	1.376	1.393	1.415	1.389	1.393	1.401	0.093	0.094	0.813	0.786	1.386	1.391	1.363	1.384	1.360	1.385	1.389	1.411	0.091	0.094	0.813	0.796	1.401	1.357	1.326	1.328	1.322	1.337	1.395	1.385	0.091	0.094	0.745	0.845	1.397	1.321	1.263	1.278	1.251	1.281	1.310	1.322	0.090	0.093	0.092	0.095	0.092	0.092	0.091	0.092	0.094	0.094	0.092	0.091	0.092
54:00:59	24.7	0.091	0.089	0.092	0.091	0.091	0.092	0.091	0.091	0.092	0.093	0.092	0.090	0.091	1.402	0.704	0.819	1.357	1.394	1.400	1.405	1.403	1.401	1.420	0.092	0.090	0.789	1.466	0.768	1.384	1.380	1.401	1.396	1.381	1.400	1.408	0.092	0.092	0.789	0.763	0.819	1.382	1.379	1.390	1.406	1.393	1.396	1.406	0.093	0.093	0.809	0.781	1.400	1.382	1.379	1.392	1.385	1.401	1.397	1.427	0.091	0.094	0.809	0.789	1.413	1.412	1.393	1.397	1.399	1.396	1.411	1.439	0.091	0.094	0.740	0.840	1.430	1.425	1.421	1.407	1.422	1.432	1.438	1.459	0.091	0.093	0.092	0.094	0.092	0.092	0.091	0.092	0.094	0.094	0.091	0.090	0.092
55:01:00	24.3	0.091	0.090	0.092	0.091	0.091	0.092	0.091	0.092	0.093	0.094	0.092	0.091	0.091	1.414	0.697	0.814	1.426	1.407	1.397	1.404	1.392	1.395	1.417	0.093	0.090	0.785	1.488	0.764	1.381	1.376	1.394	1.392	1.377	1.394	1.409	0.092	0.092	0.785	0.760	0.813	1.377	1.379	1.388	1.403	1.388	1.394	1.409	0.093	0.094	0.803	0.779	1.394	1.379	1.381	1.384	1.385	1.398	1.396	1.429	0.090	0.094	0.807	0.786	1.411	1.403	1.391	1.391	1.407	1.397	1.411	1.437	0.091	0.094	0.741	0.837	1.436	1.435	1.416	1.406	1.424	1.425	1.449	1.463	0.091	0.093	0.092	0.094	0.092	0.092	0.091	0.092	0.094	0.094	0.092	0.091	0.093
56:01:01	24.0	0.091	0.090	0.092	0.091	0.091	0.092	0.091	0.092	0.093	0.094	0.092	0.091	0.091	1.419	0.697	0.810	1.429	1.398	1.399	1.399	1.387	1.389	1.414	0.093	0.090	0.782	1.497	0.761	1.376	1.373	1.388	1.390	1.376	1.390	1.411	0.092	0.092	0.780	0.756	0.808	1.373	1.379	1.385	1.398	1.385	1.394	1.416	0.093	0.094	0.799	0.775	1.390	1.379	1.380	1.379	1.382	1.395	1.396	1.428	0.090	0.094	0.805	0.784	1.407	1.399	1.386	1.388	1.405	1.397	1.409	1.436	0.090	0.094	0.744	0.834	1.434	1.431	1.435	1.417	1.425	1.421	1.439	1.462	0.091	0.093	0.092	0.094	0.092	0.092	0.091	0.092	0.093	0.094	0.092	0.091	0.092
57:01:03	23.8	0.091	0.090	0.092	0.091	0.091	0.092	0.091	0.092	0.093	0.093	0.091	0.090	0.091	1.384	0.698	0.808	1.421	1.391	1.397	1.397	1.384	1.390	1.407	0.093	0.090	0.779	1.461	0.760	1.375	1.370	1.383	1.386	1.373	1.387	1.413	0.092	0.092	0.778	0.757	0.804	1.372	1.378	1.382	1.395	1.384	1.393	1.419	0.093	0.094	0.799	0.777	1.389	1.375	1.379	1.378	1.380	1.395	1.395	1.428	0.090	0.094	0.805	0.786	1.400	1.396	1.385	1.385	1.402	1.393	1.409	1.433	0.091	0.094	0.750	0.835	1.432	1.427	1.422	1.412	1.424	1.417	1.435	1.457	0.090	0.093	0.092	0.094	0.092	0.092	0.091	0.092	0.094	0.093	0.092	0.091	0.092
58:01:04	23.5	0.091	0.090	0.092	0.091	0.091	0.092	0.091	0.091	0.093	0.094	0.092	0.091	0.091	1.401	0.699	0.808	1.414	1.389	1.393	1.393	1.379	1.391	1.406	0.093	0.090	0.779	1.424	0.761	1.373	1.367	1.382	1.385	1.371	1.385	1.416	0.092	0.092	0.777	0.760	0.803	1.370	1.377	1.380	1.393	1.383	1.391	1.423	0.093	0.094	0.798	0.778	1.388	1.374	1.376	1.378	1.378	1.391	1.392	1.428	0.090	0.094	0.804	0.789	1.400	1.394	1.383	1.382	1.399	1.392	1.408	1.430	0.091	0.094	0.759	0.837	1.435	1.422	1.421	1.415	1.423	1.416	1.431	1.454	0.091	0.093	0.092	0.094	0.092	0.092	0.091	0.092	0.094	0.094	0.092	0.091	0.093
59:01:04	23.2	0.091	0.090	0.092	0.091	0.091	0.092	0.091	0.092	0.092	0.094	0.092	0.091	0.091	1.428	0.705	0.808	1.406	1.388	1.394	1.393	1.378	1.394	1.407	0.093	0.090	0.780	1.420	0.763	1.371	1.364	1.382	1.383	1.370	1.384	1.419	0.092	0.092	0.778	0.762	0.802	1.368	1.376	1.380	1.392	1.383	1.390	1.426	0.093	0.094	0.803	0.781	1.389	1.373	1.376	1.376	1.377	1.390	1.390	1.428	0.090	0.094	0.809	0.791	1.400	1.392	1.382	1.382	1.397	1.391	1.407	1.429	0.091	0.094	0.767	0.842	1.437	1.423	1.423	1.418	1.423	1.414	1.430	1.452	0.090	0.093	0.092	0.094	0.092	0.092	0.091	0.092	0.094	0.094	0.092	0.091	0.092
60:01:06	22.9	0.091	0.090	0.092	0.091	0.091	0.091	0.091	0.091	0.092	0.093	0.091	0.090	0.091	1.463	0.710	0.811	1.400	1.391	1.393	1.394	1.382	1.396	1.408	0.093	0.090	0.784	1.415	0.764	1.371	1.363	1.384	1.383	1.369	1.383	1.422	0.092	0.092	0.780	0.765	0.802	1.368	1.374	1.380	1.391	1.382	1.390	1.430	0.093	0.093	0.806	0.784	1.390	1.373	1.375	1.375	1.375	1.389	1.390	1.429	0.090	0.094	0.814	0.796	1.398	1.391	1.383	1.383	1.397	1.390	1.408	1.418	0.091	0.094	0.778	0.847	1.424	1.421	1.423	1.419	1.423	1.413	1.430	1.452	0.090	0.093	0.092	0.094	0.092	0.092	0.091	0.092	0.094	0.094	0.091	0.091	0.093
61:01:06	22.7	0.091	0.090	0.092	0.091	0.091	0.092	0.091	0.092	0.092	0.094	0.092	0.091	0.091	1.479	0.715	0.814	1.399	1.392	1.393	1.395	1.384	1.398	1.420	0.093	0.090	0.788	1.411	0.767	1.371	1.363	1.387	1.384	1.367	1.384	1.425	0.092	0.092	0.784	0.768	0.802	1.369	1.374	1.382	1.391	1.382	1.391	1.438	0.093	0.094	0.811	0.787	1.391	1.377	1.375	1.377	1.377	1.388	1.391	1.427	0.090	0.094	0.820	0.801	1.398	1.393	1.386	1.387	1.399	1.390	1.408	1.410	0.091	0.094	0.789	0.853	1.415	1.417	1.429	1.418	1.417	1.410	1.420	1.447	0.091	0.093	0.092	0.094	0.092	0.092	0.091	0.092	0.094	0.094	0.092	0.091	0.092
62:01:08	22.4	0.091	0.090	0.092	0.091	0.091	0.092	0.091	0.092	0.093	0.094	0.092	0.091	0.091	1.481	0.723	0.818	1.400	1.393	1.397	1.397	1.383	1.402	1.433	0.093	0.090	0.794	1.408	0.770	1.373	1.363	1.393	1.385	1.369	1.385	1.430	0.092	0.092	0.789	0.772	0.804	1.370	1.379	1.385	1.395	1.385	1.393	1.444	0.093	0.094	0.816	0.792	1.394	1.383	1.379	1.381	1.380	1.389	1.394	1.424	0.091	0.094	0.826	0.806	1.397	1.398	1.390	1.393	1.402	1.393	1.414	1.393	0.091	0.094	0.798	0.859	1.419	1.412	1.428	1.412	1.411	1.410	1.419	1.449	0.091	0.093	0.092	0.094	0.092	0.092	0.091	0.092	0.094	0.094	0.092	0.091	0.092
63:01:09	22.2	0.091	0.090	0.092	0.091	0.092	0.092	0.091	0.092	0.093	0.094	0.092	0.091	0.091	1.489	0.729	0.822	1.400	1.395	1.399	1.401	1.387	1.405	1.440	0.093	0.090	0.806	1.406	0.774	1.376	1.366	1.404	1.392	1.373	1.389	1.440	0.092	0.092	0.796	0.776	0.806	1.378	1.390	1.396	1.402	1.393	1.397	1.444	0.093	0.094	0.823	0.795	1.402	1.395	1.391	1.389	1.388	1.395	1.399	1.415	0.091	0.094	0.833	0.811	1.400	1.404	1.401	1.403	1.407	1.398	1.420	1.394	0.091	0.094	0.809	0.865	1.420	1.415	1.431	1.402	1.411	1.413	1.421	1.450	0.091	0.093	0.092	0.094	0.092	0.092	0.091	0.092	0.094	0.094	0.092	0.091	0.093
64:01:11	22.0	0.091	0.089	0.092	0.091	0.091	0.091	0.091	0.091	0.092	0.093	0.091	0.090	0.091	1.486	0.734	0.826	1.401	1.399	1.403	1.403	1.392	1.408	1.450	0.092	0.089	0.811	1.403	0.775	1.379	1.369	1.412	1.396	1.377	1.393	1.443	0.092	0.091	0.801	0.780	0.808	1.383	1.396	1.403	1.410	1.397	1.402	1.445	0.093	0.093	0.828	0.799	1.406	1.401	1.397	1.397	1.392	1.399	1.403	1.407	0.090	0.093	0.839	0.814	1.399	1.404	1.408	1.407	1.411	1.403	1.426	1.395	0.090	0.093	0.819	0.870	1.419	1.420	1.426	1.396	1.408	1.417	1.424	1.451	0.090	0.093	0.092	0.094	0.091	0.092	0.091	0.092	0.093	0.093	0.091	0.091	0.092
65:01:12	21.9	0.091	0.090	0.092	0.092	0.092	0.092	0.091	0.092	0.093	0.094	0.092	0.091	0.092	1.487	0.741	0.829	1.401	1.400	1.408	1.409	1.395	1.413	1.460	0.093	0.090	0.817	1.402	0.779	1.382	1.374	1.409	1.404	1.388	1.396	1.406	0.092	0.092	0.807	0.782	0.810	1.394	1.402	1.404	1.417	1.397	1.399	1.385	0.093	0.094	0.833	0.802	1.391	1.404	1.404	1.395	1.392	1.391	1.400	1.393	0.091	0.094	0.845	0.818	1.387	1.388	1.414	1.397	1.401	1.395	1.435	1.402	0.091	0.094	0.826	0.874	1.418	1.416	1.413	1.398	1.407	1.416	1.424	1.450	0.091	0.094	0.092	0.095	0.092	0.092	0.092	0.092	0.094	0.094	0.092	0.091	0.093
66:01:12	22.1	0.091	0.090	0.092	0.092	0.091	0.092	0.092	0.092	0.093	0.094	0.092	0.091	0.091	1.483	0.745	0.832	1.401	1.404	1.418	1.412	1.409	1.418	1.469	0.093	0.090	0.823	1.400	0.780	1.390	1.379	1.414	1.416	1.402	1.404	1.401	0.092	0.092	0.812	0.785	0.812	1.402	1.409	1.412	1.422	1.403	1.406	1.388	0.093	0.094	0.837	0.804	1.394	1.412	1.409	1.401	1.395	1.393	1.406	1.398	0.091	0.094	0.849	0.820	1.393	1.393	1.420	1.397	1.403	1.400	1.440	1.403	0.091	0.094	0.832	0.877	1.421	1.419	1.411	1.397	1.408	1.418	1.432	1.449	0.091	0.093	0.092	0.094	0.092	0.092	0.092	0.092	0.094	0.094	0.092	0.091	0.093
67:01:14	22.4	0.091	0.090	0.092	0.092	0.091	0.091	0.091	0.092	0.092	0.093	0.092	0.090	0.091	1.486	0.750	0.831	1.403	1.407	1.422	1.417	1.417	1.429	1.482	0.093	0.090	0.827	1.398	0.779	1.392	1.381	1.412	1.422	1.409	1.410	1.399	0.092	0.092	0.816	0.785	0.813	1.410	1.411	1.414	1.423	1.403	1.409	1.386	0.093	0.093	0.839	0.804	1.391	1.415	1.409	1.400	1.396	1.392	1.407	1.397	0.090	0.094	0.851	0.821	1.391	1.392	1.421	1.396	1.403	1.400	1.441	1.408	0.091	0.094	0.835	0.879	1.423	1.422	1.413	1.396	1.408	1.420	1.433	1.457	0.091	0.093	0.092	0.094	0.092	0.092	0.091	0.092	0.094	0.094	0.092	0.091	0.092
68:01:15	22.9	0.091	0.089	0.092	0.091	0.091	0.092	0.091	0.091	0.092	0.093	0.091	0.090	0.091	1.485	0.751	0.830	1.404	1.411	1.430	1.421	1.420	1.442	1.489	0.092	0.090	0.829	1.400	0.778	1.395	1.386	1.409	1.432	1.425	1.422	1.395	0.092	0.092	0.818	0.785	0.811	1.414	1.415	1.416	1.427	1.406	1.413	1.385	0.093	0.093	0.841	0.803	1.389	1.416	1.411	1.401	1.397	1.393	1.408	1.401	0.091	0.094	0.853	0.820	1.391	1.391	1.422	1.400	1.402	1.400	1.438	1.410	0.091	0.094	0.836	0.880	1.422	1.420	1.409	1.395	1.408	1.419	1.435	1.458	0.091	0.093	0.092	0.095	0.091	0.092	0.091	0.092	0.094	0.094	0.092	0.091	0.092
69:01:15	23.6	0.091	0.089	0.092	0.091	0.091	0.091	0.091	0.092	0.092	0.093	0.092	0.091	0.091	1.486	0.752	0.829	1.406	1.415	1.439	1.427	1.428	1.449	1.482	0.092	0.090	0.829	1.402	0.774	1.401	1.393	1.407	1.440	1.437	1.435	1.393	0.092	0.092	0.821	0.784	0.808	1.419	1.417	1.417	1.428	1.410	1.414	1.385	0.093	0.094	0.840	0.801	1.388	1.417	1.414	1.402	1.396	1.393	1.410	1.401	0.090	0.093	0.853	0.819	1.390	1.390	1.420	1.396	1.401	1.392	1.438	1.413	0.091	0.094	0.837	0.878	1.422	1.420	1.409	1.395	1.409	1.418	1.439	1.461	0.090	0.093	0.092	0.094	0.091	0.092	0.091	0.092	0.094	0.094	0.092	0.091	0.092
70:01:22	24.2	0.091	0.090	0.092	0.091	0.091	0.092	0.091	0.091	0.092	0.093	0.092	0.090	0.091	1.496	0.751	0.824	1.410	1.421	1.438	1.432	1.419	1.433	1.461	0.093	0.090	0.828	1.411	0.770	1.405	1.409	1.409	1.458	1.466	1.448	1.406	0.092	0.092	0.820	0.781	0.803	1.433	1.424	1.415	1.430	1.399	1.384	1.395	0.093	0.093	0.840	0.797	1.387	1.410	1.403	1.394	1.385	1.388	1.387	1.411	0.091	0.094	0.852	0.816	1.391	1.395	1.397	1.387	1.393	1.389	1.408	1.431	0.091	0.094	0.838	0.878	1.426	1.425	1.413	1.401	1.416	1.425	1.447	1.463	0.090	0.093	0.092	0.094	0.092	0.092	0.091	0.092	0.094	0.093	0.092	0.091	0.092
71:01:16	24.9	0.091	0.089	0.092	0.091	0.091	0.091	0.091	0.091	0.092	0.093	0.091	0.091	0.091	1.504	0.750	0.821	1.415	1.430	1.441	1.449	1.431	1.450	1.473	0.093	0.089	0.828	1.442	0.764	1.414	1.429	1.411	1.473	1.481	1.464	1.415	0.092	0.092	0.823	0.776	0.797	1.445	1.432	1.422	1.441	1.401	1.389	1.399	0.093	0.094	0.838	0.792	1.395	1.415	1.408	1.400	1.389	1.393	1.398	1.427	0.090	0.094	0.848	0.811	1.396	1.400	1.398	1.391	1.398	1.392	1.415	1.444	0.091	0.094	0.835	0.874	1.428	1.433	1.421	1.407	1.423	1.433	1.460	1.477	0.090	0.093	0.092	0.094	0.091	0.092	0.091	0.092	0.094	0.093	0.092	0.091	0.092
72:01:17	25.4	0.091	0.090	0.092	0.091	0.091	0.091	0.091	0.091	0.092	0.093	0.091	0.090	0.091	1.508	0.746	0.818	1.424	1.434	1.424	1.430	1.418	1.421	1.452	0.092	0.089	0.828	1.464	0.760	1.402	1.422	1.401	1.456	1.486	1.458	1.427	0.092	0.092	0.823	0.771	0.793	1.416	1.393	1.378	1.422	1.387	1.392	1.416	0.093	0.093	0.835	0.788	1.400	1.386	1.383	1.380	1.379	1.397	1.406	1.443	0.090	0.094	0.846	0.807	1.405	1.409	1.395	1.391	1.400	1.403	1.430	1.467	0.091	0.094	0.832	0.875	1.437	1.429	1.411	1.417	1.426	1.440	1.471	1.482	0.090	0.093	0.092	0.094	0.091	0.092	0.091	0.092	0.093	0.093	0.092	0.091	0.092

