Time	T° 600	A1	A2	A3	A4	A5	A6	A7	A8	A9	A10	A11	A12	B1	B2	B3	B4	B5	B6	B7	B8	B9	B10	B11	B12	C1	C2	C3	C4	C5	C6	C7	C8	C9	C10	C11	C12	D1	D2	D3	D4	D5	D6	D7	D8	D9	D10	D11	D12	E1	E2	E3	E4	E5	E6	E7	E8	E9	E10	E11	E12	F1	F2	F3	F4	F5	F6	F7	F8	F9	F10	F11	F12	G1	G2	G3	G4	G5	G6	G7	G8	G9	G10	G11	G12	H1	H2	H3	H4	H5	H6	H7	H8	H9	H10	H11	H12
0:00:06	20.4	0.090	0.092	0.091	0.092	0.092	0.093	0.091	0.090	0.091	0.091	0.091	0.091	0.091	0.117	0.105	0.111	0.097	0.098	0.097	0.098	0.098	0.101	0.097	0.092	0.090	0.113	0.115	0.108	0.095	0.098	0.098	0.096	0.096	0.099	0.096	0.092	0.090	0.118	0.108	0.107	0.095	0.096	0.096	0.098	0.096	0.098	0.097	0.091	0.091	0.113	0.105	0.097	0.099	0.097	0.096	0.095	0.096	0.097	0.097	0.090	0.092	0.106	0.114	0.098	0.097	0.096	0.099	0.096	0.096	0.096	0.097	0.092	0.091	0.110	0.108	0.096	0.099	0.097	0.097	0.098	0.099	0.097	0.098	0.091	0.091	0.091	0.092	0.092	0.098	0.091	0.093	0.094	0.094	0.092	0.093	0.092
1:00:04	20.3	0.090	0.092	0.091	0.092	0.092	0.093	0.091	0.091	0.091	0.092	0.092	0.092	0.091	0.122	0.107	0.115	0.098	0.099	0.098	0.099	0.099	0.101	0.098	0.092	0.090	0.118	0.120	0.112	0.096	0.099	0.098	0.097	0.097	0.099	0.097	0.093	0.090	0.123	0.111	0.109	0.095	0.097	0.096	0.098	0.097	0.098	0.098	0.091	0.091	0.117	0.107	0.098	0.099	0.097	0.097	0.096	0.097	0.098	0.097	0.090	0.092	0.108	0.117	0.099	0.098	0.097	0.099	0.096	0.097	0.097	0.098	0.092	0.092	0.113	0.110	0.097	0.100	0.098	0.098	0.099	0.100	0.098	0.098	0.091	0.091	0.092	0.092	0.092	0.098	0.091	0.093	0.094	0.094	0.092	0.094	0.093
2:00:06	20.1	0.090	0.092	0.092	0.092	0.092	0.093	0.091	0.091	0.091	0.092	0.092	0.092	0.091	0.127	0.110	0.119	0.099	0.101	0.099	0.100	0.100	0.103	0.100	0.093	0.090	0.122	0.123	0.115	0.098	0.100	0.100	0.098	0.099	0.100	0.099	0.093	0.090	0.127	0.114	0.113	0.097	0.098	0.098	0.100	0.098	0.099	0.099	0.091	0.091	0.120	0.110	0.099	0.101	0.099	0.098	0.097	0.099	0.099	0.099	0.091	0.092	0.111	0.122	0.100	0.099	0.098	0.101	0.098	0.098	0.098	0.099	0.093	0.092	0.116	0.113	0.099	0.101	0.099	0.099	0.100	0.101	0.099	0.100	0.091	0.091	0.092	0.092	0.092	0.099	0.092	0.093	0.094	0.094	0.093	0.094	0.093
3:00:07	20.0	0.090	0.092	0.091	0.092	0.092	0.094	0.091	0.091	0.091	0.092	0.092	0.092	0.091	0.133	0.114	0.124	0.101	0.102	0.101	0.102	0.102	0.104	0.101	0.093	0.090	0.128	0.128	0.120	0.099	0.102	0.102	0.100	0.100	0.102	0.100	0.093	0.091	0.133	0.118	0.117	0.098	0.100	0.099	0.101	0.100	0.101	0.101	0.091	0.091	0.125	0.114	0.101	0.102	0.100	0.099	0.098	0.100	0.100	0.100	0.091	0.092	0.114	0.125	0.102	0.101	0.100	0.102	0.100	0.100	0.100	0.100	0.092	0.092	0.121	0.117	0.100	0.102	0.101	0.100	0.102	0.102	0.101	0.101	0.091	0.091	0.092	0.092	0.092	0.099	0.091	0.093	0.094	0.094	0.093	0.094	0.093
4:00:08	19.9	0.090	0.092	0.092	0.092	0.092	0.094	0.091	0.091	0.091	0.092	0.092	0.092	0.091	0.139	0.121	0.130	0.104	0.105	0.104	0.105	0.105	0.107	0.104	0.093	0.090	0.134	0.134	0.126	0.102	0.105	0.105	0.103	0.103	0.105	0.103	0.093	0.091	0.140	0.124	0.123	0.101	0.102	0.102	0.104	0.103	0.104	0.103	0.091	0.092	0.132	0.119	0.104	0.106	0.103	0.102	0.101	0.103	0.103	0.103	0.091	0.092	0.120	0.131	0.105	0.104	0.103	0.105	0.102	0.103	0.103	0.103	0.092	0.092	0.128	0.122	0.103	0.106	0.104	0.104	0.105	0.106	0.104	0.104	0.091	0.091	0.092	0.092	0.092	0.099	0.092	0.093	0.094	0.094	0.093	0.094	0.093
5:00:10	19.8	0.091	0.092	0.092	0.092	0.093	0.094	0.092	0.091	0.092	0.092	0.092	0.092	0.091	0.145	0.128	0.138	0.110	0.110	0.109	0.110	0.110	0.112	0.109	0.093	0.090	0.141	0.140	0.133	0.107	0.109	0.110	0.108	0.108	0.109	0.108	0.094	0.091	0.146	0.132	0.129	0.106	0.108	0.107	0.109	0.108	0.109	0.108	0.091	0.092	0.138	0.127	0.108	0.111	0.107	0.107	0.106	0.108	0.108	0.108	0.091	0.093	0.128	0.138	0.110	0.108	0.108	0.110	0.108	0.108	0.108	0.108	0.093	0.092	0.134	0.130	0.107	0.111	0.109	0.108	0.110	0.111	0.109	0.109	0.091	0.092	0.092	0.092	0.092	0.099	0.092	0.094	0.094	0.094	0.093	0.094	0.093
6:00:10	19.8	0.091	0.093	0.092	0.092	0.093	0.094	0.092	0.091	0.092	0.092	0.093	0.092	0.092	0.153	0.137	0.146	0.117	0.118	0.116	0.117	0.117	0.119	0.116	0.093	0.090	0.149	0.147	0.141	0.115	0.117	0.118	0.116	0.116	0.117	0.115	0.093	0.091	0.153	0.140	0.136	0.113	0.115	0.115	0.116	0.115	0.116	0.116	0.092	0.092	0.145	0.135	0.116	0.117	0.115	0.114	0.113	0.116	0.116	0.116	0.092	0.093	0.134	0.144	0.117	0.116	0.115	0.118	0.115	0.116	0.116	0.115	0.093	0.093	0.142	0.138	0.114	0.118	0.117	0.116	0.117	0.118	0.117	0.116	0.092	0.092	0.092	0.093	0.092	0.099	0.092	0.094	0.095	0.094	0.093	0.094	0.093
7:00:11	19.7	0.090	0.092	0.092	0.092	0.092	0.094	0.092	0.091	0.091	0.092	0.094	0.092	0.091	0.162	0.146	0.155	0.129	0.130	0.129	0.129	0.129	0.131	0.127	0.093	0.090	0.158	0.155	0.149	0.126	0.127	0.129	0.127	0.127	0.127	0.126	0.093	0.091	0.161	0.147	0.142	0.124	0.127	0.125	0.127	0.126	0.127	0.127	0.091	0.092	0.153	0.142	0.126	0.128	0.126	0.126	0.125	0.128	0.127	0.126	0.091	0.092	0.142	0.153	0.128	0.126	0.125	0.129	0.126	0.127	0.126	0.126	0.093	0.092	0.151	0.146	0.125	0.129	0.128	0.127	0.128	0.129	0.127	0.127	0.091	0.092	0.092	0.092	0.092	0.099	0.092	0.093	0.094	0.094	0.093	0.094	0.093
8:00:11	19.7	0.091	0.092	0.092	0.092	0.092	0.094	0.092	0.091	0.091	0.092	0.094	0.092	0.091	0.176	0.158	0.166	0.144	0.144	0.145	0.146	0.145	0.146	0.142	0.093	0.091	0.171	0.165	0.160	0.138	0.139	0.141	0.140	0.139	0.139	0.139	0.093	0.091	0.173	0.157	0.154	0.135	0.138	0.137	0.139	0.138	0.140	0.139	0.092	0.092	0.164	0.152	0.138	0.140	0.138	0.138	0.137	0.140	0.138	0.139	0.092	0.093	0.152	0.165	0.140	0.138	0.138	0.142	0.138	0.139	0.140	0.139	0.093	0.092	0.162	0.157	0.137	0.142	0.141	0.140	0.141	0.142	0.140	0.140	0.091	0.092	0.092	0.092	0.092	0.099	0.092	0.094	0.095	0.094	0.093	0.094	0.093
9:00:12	19.7	0.091	0.092	0.092	0.092	0.092	0.094	0.091	0.091	0.091	0.092	0.093	0.092	0.091	0.191	0.169	0.178	0.153	0.155	0.155	0.157	0.158	0.157	0.153	0.093	0.090	0.186	0.177	0.173	0.149	0.150	0.152	0.150	0.150	0.150	0.152	0.093	0.091	0.186	0.169	0.166	0.146	0.149	0.149	0.150	0.149	0.152	0.152	0.091	0.092	0.176	0.164	0.149	0.152	0.149	0.150	0.149	0.151	0.151	0.150	0.092	0.093	0.165	0.178	0.151	0.149	0.149	0.154	0.150	0.151	0.151	0.151	0.093	0.092	0.174	0.169	0.149	0.153	0.153	0.153	0.154	0.155	0.152	0.152	0.091	0.092	0.092	0.092	0.092	0.099	0.092	0.093	0.094	0.094	0.093	0.094	0.093
10:00:13	19.7	0.091	0.093	0.092	0.092	0.092	0.094	0.092	0.092	0.092	0.092	0.094	0.092	0.092	0.207	0.183	0.194	0.164	0.165	0.167	0.170	0.170	0.169	0.166	0.093	0.091	0.202	0.193	0.189	0.160	0.162	0.163	0.161	0.161	0.162	0.164	0.093	0.091	0.203	0.184	0.183	0.156	0.161	0.161	0.162	0.161	0.164	0.166	0.092	0.092	0.191	0.179	0.162	0.164	0.161	0.163	0.161	0.164	0.164	0.164	0.091	0.093	0.178	0.195	0.163	0.161	0.162	0.168	0.163	0.164	0.164	0.166	0.092	0.092	0.190	0.186	0.162	0.166	0.166	0.166	0.166	0.168	0.166	0.166	0.091	0.092	0.092	0.092	0.092	0.099	0.092	0.094	0.095	0.094	0.093	0.094	0.093
11:00:14	19.7	0.091	0.093	0.092	0.092	0.092	0.094	0.092	0.091	0.091	0.092	0.093	0.092	0.091	0.226	0.200	0.211	0.179	0.180	0.181	0.181	0.183	0.183	0.180	0.093	0.091	0.220	0.212	0.206	0.173	0.175	0.178	0.176	0.175	0.175	0.179	0.093	0.091	0.220	0.203	0.203	0.171	0.177	0.175	0.175	0.174	0.179	0.181	0.092	0.091	0.209	0.197	0.174	0.179	0.175	0.177	0.177	0.178	0.179	0.180	0.091	0.093	0.197	0.214	0.178	0.176	0.177	0.183	0.178	0.178	0.180	0.180	0.093	0.092	0.207	0.205	0.178	0.179	0.181	0.181	0.182	0.183	0.184	0.182	0.091	0.092	0.092	0.092	0.092	0.099	0.092	0.093	0.094	0.094	0.093	0.094	0.093
12:00:15	19.7	0.091	0.093	0.092	0.092	0.092	0.094	0.092	0.092	0.092	0.093	0.094	0.093	0.092	0.248	0.218	0.229	0.196	0.197	0.198	0.198	0.200	0.200	0.201	0.093	0.091	0.242	0.237	0.224	0.190	0.192	0.195	0.192	0.190	0.191	0.199	0.094	0.091	0.242	0.227	0.227	0.185	0.193	0.192	0.191	0.189	0.201	0.203	0.092	0.092	0.234	0.219	0.192	0.195	0.192	0.195	0.194	0.196	0.199	0.202	0.092	0.093	0.219	0.239	0.196	0.195	0.194	0.202	0.197	0.198	0.200	0.202	0.092	0.092	0.230	0.231	0.194	0.197	0.198	0.200	0.203	0.204	0.205	0.204	0.091	0.092	0.092	0.093	0.092	0.099	0.092	0.094	0.095	0.094	0.093	0.094	0.093
13:00:17	19.7	0.091	0.093	0.092	0.093	0.093	0.094	0.092	0.092	0.092	0.092	0.094	0.093	0.092	0.277	0.242	0.254	0.220	0.220	0.221	0.223	0.225	0.225	0.226	0.093	0.091	0.269	0.269	0.248	0.213	0.214	0.217	0.212	0.212	0.215	0.222	0.093	0.091	0.271	0.257	0.257	0.209	0.216	0.213	0.212	0.210	0.227	0.228	0.092	0.092	0.264	0.247	0.214	0.217	0.215	0.219	0.218	0.219	0.222	0.229	0.092	0.093	0.250	0.269	0.217	0.216	0.215	0.226	0.224	0.223	0.227	0.228	0.093	0.092	0.260	0.257	0.216	0.218	0.220	0.227	0.229	0.232	0.234	0.231	0.092	0.092	0.092	0.093	0.092	0.099	0.092	0.094	0.095	0.094	0.093	0.094	0.093
14:00:17	19.6	0.091	0.093	0.092	0.092	0.092	0.094	0.092	0.091	0.091	0.092	0.094	0.093	0.091	0.315	0.272	0.285	0.251	0.254	0.253	0.255	0.261	0.261	0.262	0.093	0.090	0.303	0.312	0.281	0.243	0.246	0.248	0.246	0.245	0.251	0.257	0.093	0.091	0.306	0.295	0.294	0.240	0.252	0.246	0.247	0.244	0.263	0.267	0.092	0.092	0.299	0.285	0.245	0.250	0.248	0.259	0.253	0.255	0.257	0.265	0.092	0.093	0.288	0.307	0.250	0.249	0.248	0.262	0.260	0.256	0.264	0.267	0.093	0.092	0.294	0.296	0.247	0.252	0.253	0.261	0.267	0.270	0.273	0.271	0.091	0.092	0.092	0.092	0.092	0.099	0.092	0.094	0.094	0.094	0.093	0.094	0.093
15:00:19	19.6	0.091	0.093	0.092	0.093	0.093	0.094	0.092	0.092	0.092	0.093	0.094	0.093	0.092	0.368	0.312	0.328	0.300	0.303	0.309	0.311	0.317	0.309	0.310	0.094	0.091	0.349	0.372	0.324	0.287	0.292	0.289	0.293	0.293	0.300	0.305	0.094	0.091	0.350	0.343	0.345	0.288	0.300	0.294	0.295	0.299	0.315	0.315	0.092	0.092	0.348	0.333	0.290	0.296	0.300	0.313	0.304	0.306	0.303	0.318	0.092	0.093	0.335	0.356	0.298	0.298	0.300	0.312	0.311	0.305	0.309	0.322	0.093	0.093	0.340	0.343	0.294	0.299	0.304	0.313	0.318	0.325	0.326	0.323	0.092	0.092	0.093	0.093	0.092	0.099	0.092	0.094	0.095	0.095	0.093	0.094	0.093
16:00:19	19.6	0.091	0.093	0.092	0.092	0.092	0.094	0.092	0.091	0.091	0.092	0.094	0.092	0.091	0.421	0.360	0.384	0.356	0.358	0.362	0.364	0.375	0.373	0.370	0.093	0.090	0.401	0.436	0.376	0.339	0.347	0.347	0.350	0.350	0.357	0.362	0.093	0.091	0.410	0.401	0.404	0.335	0.352	0.357	0.353	0.353	0.376	0.374	0.092	0.092	0.403	0.391	0.343	0.352	0.361	0.376	0.363	0.366	0.362	0.382	0.091	0.093	0.396	0.412	0.354	0.354	0.358	0.375	0.372	0.362	0.369	0.387	0.092	0.092	0.392	0.402	0.351	0.359	0.367	0.374	0.383	0.389	0.393	0.389	0.091	0.092	0.092	0.092	0.092	0.099	0.092	0.094	0.094	0.094	0.093	0.094	0.093
17:00:20	19.6	0.091	0.093	0.092	0.092	0.092	0.094	0.092	0.091	0.091	0.092	0.094	0.093	0.092	0.485	0.416	0.444	0.422	0.424	0.426	0.435	0.441	0.432	0.432	0.093	0.091	0.462	0.504	0.443	0.409	0.409	0.412	0.416	0.413	0.423	0.424	0.093	0.091	0.473	0.469	0.468	0.394	0.412	0.422	0.415	0.418	0.437	0.437	0.092	0.092	0.461	0.454	0.403	0.411	0.431	0.444	0.426	0.425	0.428	0.443	0.092	0.093	0.457	0.473	0.410	0.413	0.415	0.435	0.433	0.426	0.432	0.448	0.093	0.093	0.459	0.474	0.412	0.418	0.430	0.435	0.444	0.450	0.459	0.455	0.091	0.092	0.092	0.092	0.093	0.099	0.092	0.094	0.095	0.094	0.093	0.094	0.093
18:00:21	19.6	0.091	0.093	0.092	0.093	0.093	0.094	0.092	0.092	0.092	0.092	0.094	0.093	0.092	0.555	0.477	0.511	0.492	0.493	0.499	0.506	0.513	0.509	0.501	0.093	0.091	0.523	0.574	0.507	0.469	0.479	0.483	0.483	0.486	0.491	0.496	0.094	0.091	0.536	0.539	0.531	0.465	0.483	0.484	0.485	0.479	0.507	0.503	0.092	0.092	0.523	0.520	0.465	0.478	0.495	0.514	0.498	0.495	0.497	0.505	0.092	0.093	0.521	0.535	0.471	0.478	0.479	0.497	0.496	0.490	0.500	0.515	0.093	0.093	0.524	0.541	0.478	0.486	0.491	0.500	0.505	0.512	0.525	0.521	0.092	0.092	0.093	0.093	0.093	0.099	0.092	0.094	0.095	0.095	0.094	0.094	0.093
19:00:22	19.5	0.091	0.093	0.092	0.093	0.092	0.094	0.092	0.091	0.092	0.092	0.094	0.092	0.092	0.626	0.540	0.577	0.560	0.560	0.562	0.574	0.579	0.572	0.572	0.093	0.091	0.588	0.641	0.574	0.536	0.543	0.552	0.554	0.551	0.560	0.568	0.094	0.091	0.596	0.609	0.597	0.526	0.551	0.556	0.556	0.548	0.573	0.574	0.092	0.092	0.588	0.581	0.532	0.542	0.567	0.576	0.561	0.557	0.565	0.571	0.092	0.093	0.585	0.601	0.537	0.541	0.546	0.569	0.557	0.559	0.562	0.579	0.093	0.092	0.590	0.603	0.545	0.556	0.563	0.564	0.570	0.578	0.589	0.590	0.092	0.092	0.092	0.093	0.093	0.100	0.092	0.094	0.095	0.095	0.093	0.094	0.093
20:00:25	19.5	0.091	0.093	0.092	0.093	0.093	0.095	0.092	0.092	0.092	0.092	0.094	0.093	0.092	0.689	0.606	0.644	0.620	0.619	0.622	0.632	0.638	0.631	0.633	0.093	0.091	0.653	0.707	0.634	0.600	0.608	0.609	0.607	0.609	0.619	0.626	0.094	0.091	0.662	0.668	0.659	0.593	0.609	0.617	0.611	0.608	0.634	0.635	0.092	0.092	0.645	0.638	0.597	0.604	0.627	0.638	0.624	0.620	0.624	0.633	0.092	0.093	0.645	0.657	0.595	0.603	0.611	0.631	0.617	0.614	0.623	0.644	0.093	0.093	0.650	0.669	0.609	0.617	0.620	0.622	0.636	0.638	0.647	0.655	0.092	0.092	0.093	0.093	0.093	0.100	0.092	0.094	0.095	0.094	0.094	0.094	0.093
21:00:25	19.5	0.091	0.093	0.092	0.092	0.093	0.094	0.092	0.092	0.092	0.092	0.094	0.093	0.092	0.753	0.661	0.697	0.672	0.673	0.679	0.684	0.690	0.683	0.690	0.093	0.091	0.712	0.763	0.695	0.656	0.662	0.665	0.666	0.663	0.673	0.679	0.094	0.091	0.719	0.729	0.712	0.649	0.668	0.674	0.668	0.665	0.690	0.687	0.092	0.092	0.706	0.696	0.650	0.657	0.687	0.696	0.679	0.674	0.674	0.688	0.091	0.093	0.703	0.717	0.649	0.664	0.669	0.687	0.670	0.671	0.676	0.700	0.093	0.093	0.711	0.726	0.665	0.674	0.680	0.678	0.690	0.691	0.699	0.709	0.092	0.092	0.093	0.093	0.092	0.099	0.092	0.094	0.095	0.094	0.093	0.094	0.093
22:00:25	19.5	0.091	0.093	0.092	0.092	0.093	0.094	0.092	0.091	0.091	0.092	0.094	0.093	0.092	0.806	0.710	0.748	0.722	0.723	0.728	0.729	0.733	0.733	0.737	0.093	0.091	0.763	0.814	0.745	0.704	0.714	0.719	0.720	0.716	0.726	0.727	0.093	0.091	0.769	0.780	0.759	0.700	0.724	0.729	0.724	0.716	0.738	0.734	0.092	0.092	0.756	0.742	0.699	0.710	0.737	0.744	0.724	0.722	0.726	0.738	0.091	0.093	0.747	0.761	0.700	0.714	0.721	0.735	0.718	0.718	0.724	0.749	0.093	0.092	0.769	0.778	0.720	0.723	0.730	0.728	0.738	0.743	0.748	0.757	0.091	0.092	0.092	0.093	0.093	0.100	0.092	0.094	0.095	0.094	0.093	0.094	0.093
23:00:26	19.4	0.091	0.094	0.092	0.093	0.093	0.094	0.092	0.092	0.092	0.092	0.094	0.093	0.092	0.850	0.751	0.797	0.768	0.769	0.774	0.774	0.775	0.776	0.779	0.093	0.091	0.812	0.854	0.791	0.749	0.753	0.762	0.762	0.762	0.769	0.769	0.093	0.091	0.814	0.820	0.798	0.748	0.769	0.772	0.767	0.761	0.779	0.776	0.092	0.092	0.806	0.783	0.744	0.755	0.784	0.787	0.768	0.764	0.770	0.782	0.092	0.093	0.789	0.807	0.746	0.760	0.767	0.779	0.764	0.763	0.769	0.793	0.093	0.092	0.814	0.821	0.766	0.772	0.775	0.769	0.781	0.786	0.792	0.800	0.092	0.092	0.093	0.093	0.093	0.099	0.092	0.094	0.095	0.095	0.093	0.094	0.093
24:00:26	19.4	0.091	0.094	0.092	0.092	0.093	0.094	0.092	0.092	0.092	0.092	0.094	0.093	0.092	0.883	0.791	0.837	0.807	0.807	0.810	0.812	0.815	0.816	0.821	0.093	0.091	0.851	0.889	0.833	0.786	0.791	0.801	0.802	0.802	0.809	0.806	0.094	0.091	0.855	0.856	0.831	0.790	0.813	0.814	0.809	0.802	0.818	0.815	0.092	0.092	0.846	0.821	0.785	0.796	0.825	0.828	0.807	0.805	0.809	0.821	0.092	0.093	0.827	0.846	0.789	0.802	0.809	0.817	0.804	0.802	0.810	0.837	0.093	0.093	0.855	0.857	0.806	0.812	0.816	0.809	0.820	0.825	0.833	0.841	0.092	0.092	0.093	0.093	0.093	0.100	0.092	0.094	0.095	0.095	0.093	0.094	0.093
25:00:28	19.3	0.091	0.094	0.092	0.093	0.093	0.094	0.092	0.092	0.092	0.093	0.094	0.093	0.092	0.911	0.824	0.870	0.841	0.843	0.843	0.843	0.849	0.849	0.853	0.094	0.091	0.883	0.916	0.867	0.823	0.828	0.837	0.837	0.836	0.840	0.840	0.094	0.091	0.887	0.887	0.859	0.827	0.849	0.849	0.844	0.834	0.850	0.847	0.092	0.092	0.881	0.854	0.822	0.834	0.858	0.860	0.840	0.838	0.842	0.857	0.092	0.093	0.858	0.879	0.824	0.839	0.845	0.849	0.837	0.836	0.845	0.870	0.093	0.092	0.889	0.892	0.844	0.846	0.851	0.841	0.854	0.859	0.866	0.874	0.092	0.092	0.093	0.093	0.093	0.100	0.092	0.094	0.095	0.094	0.093	0.094	0.093
26:00:28	19.3	0.091	0.094	0.092	0.092	0.093	0.094	0.092	0.092	0.092	0.092	0.094	0.093	0.092	0.936	0.855	0.896	0.875	0.878	0.874	0.876	0.878	0.880	0.882	0.093	0.091	0.908	0.942	0.897	0.859	0.866	0.871	0.870	0.869	0.870	0.871	0.094	0.091	0.914	0.913	0.882	0.863	0.884	0.882	0.878	0.866	0.878	0.876	0.092	0.092	0.910	0.879	0.855	0.867	0.890	0.890	0.871	0.870	0.875	0.890	0.092	0.093	0.885	0.907	0.861	0.875	0.879	0.877	0.867	0.869	0.880	0.902	0.093	0.093	0.918	0.918	0.876	0.879	0.882	0.870	0.884	0.890	0.897	0.906	0.091	0.092	0.092	0.093	0.092	0.099	0.092	0.094	0.095	0.095	0.093	0.094	0.093
27:00:29	19.3	0.091	0.095	0.092	0.092	0.093	0.094	0.092	0.092	0.092	0.092	0.094	0.093	0.092	0.957	0.880	0.917	0.898	0.903	0.897	0.896	0.900	0.902	0.904	0.093	0.091	0.929	0.967	0.922	0.891	0.897	0.900	0.899	0.894	0.894	0.896	0.094	0.091	0.938	0.936	0.900	0.895	0.909	0.908	0.904	0.889	0.899	0.898	0.092	0.092	0.934	0.902	0.882	0.897	0.913	0.909	0.895	0.895	0.900	0.914	0.092	0.093	0.907	0.934	0.888	0.904	0.903	0.900	0.892	0.895	0.904	0.925	0.093	0.093	0.943	0.940	0.903	0.904	0.907	0.895	0.910	0.914	0.921	0.926	0.091	0.092	0.093	0.093	0.093	0.099	0.092	0.094	0.095	0.095	0.093	0.094	0.093
28:00:30	19.3	0.091	0.096	0.092	0.093	0.093	0.095	0.092	0.091	0.092	0.092	0.094	0.093	0.092	0.979	0.905	0.938	0.913	0.919	0.912	0.912	0.917	0.918	0.921	0.094	0.091	0.948	0.986	0.946	0.915	0.920	0.924	0.919	0.913	0.912	0.913	0.094	0.091	0.956	0.954	0.915	0.919	0.928	0.923	0.921	0.911	0.914	0.912	0.092	0.092	0.955	0.921	0.904	0.920	0.931	0.925	0.913	0.913	0.918	0.931	0.092	0.094	0.927	0.954	0.907	0.926	0.921	0.916	0.908	0.914	0.921	0.940	0.093	0.093	0.963	0.958	0.923	0.923	0.924	0.910	0.925	0.932	0.935	0.942	0.092	0.092	0.093	0.093	0.093	0.100	0.092	0.094	0.095	0.095	0.094	0.094	0.094
29:00:31	19.3	0.091	0.096	0.092	0.092	0.093	0.094	0.092	0.092	0.092	0.092	0.094	0.093	0.092	0.996	0.928	0.954	0.925	0.933	0.926	0.925	0.930	0.931	0.933	0.093	0.091	0.963	1.003	0.965	0.930	0.938	0.940	0.934	0.926	0.924	0.927	0.094	0.091	0.971	0.970	0.928	0.934	0.940	0.937	0.934	0.923	0.926	0.927	0.092	0.092	0.972	0.937	0.919	0.937	0.945	0.938	0.924	0.925	0.931	0.944	0.092	0.093	0.942	0.970	0.923	0.940	0.932	0.928	0.921	0.928	0.935	0.952	0.093	0.093	0.980	0.974	0.935	0.936	0.936	0.921	0.939	0.945	0.947	0.955	0.092	0.092	0.092	0.093	0.093	0.100	0.093	0.094	0.095	0.094	0.093	0.094	0.093
30:00:32	19.3	0.091	0.097	0.092	0.093	0.093	0.095	0.092	0.092	0.092	0.092	0.094	0.093	0.092	1.007	0.947	0.969	0.936	0.942	0.935	0.933	0.938	0.939	0.942	0.093	0.091	0.977	1.010	0.981	0.944	0.949	0.951	0.945	0.937	0.933	0.937	0.094	0.091	0.985	0.985	0.939	0.947	0.951	0.949	0.944	0.933	0.935	0.936	0.092	0.092	0.984	0.948	0.931	0.948	0.956	0.946	0.934	0.934	0.940	0.952	0.092	0.094	0.952	0.984	0.933	0.954	0.945	0.937	0.931	0.936	0.944	0.961	0.093	0.093	0.993	0.985	0.946	0.946	0.946	0.931	0.949	0.954	0.958	0.963	0.092	0.092	0.093	0.093	0.093	0.100	0.093	0.094	0.095	0.095	0.094	0.094	0.093
31:00:33	19.3	0.091	0.098	0.092	0.093	0.093	0.094	0.092	0.092	0.092	0.093	0.094	0.093	0.092	1.017	0.959	0.977	0.942	0.949	0.942	0.941	0.945	0.949	0.952	0.094	0.091	0.990	1.020	0.991	0.953	0.959	0.962	0.954	0.945	0.941	0.943	0.094	0.091	0.995	0.994	0.946	0.956	0.958	0.956	0.952	0.939	0.943	0.944	0.093	0.092	0.994	0.959	0.941	0.958	0.964	0.954	0.942	0.942	0.948	0.961	0.092	0.093	0.961	0.990	0.942	0.961	0.953	0.944	0.939	0.944	0.954	0.969	0.093	0.093	1.004	0.994	0.955	0.953	0.953	0.939	0.957	0.963	0.967	0.974	0.092	0.092	0.093	0.093	0.093	0.100	0.093	0.094	0.095	0.095	0.093	0.094	0.093
32:00:35	19.3	0.091	0.099	0.092	0.093	0.093	0.095	0.092	0.091	0.092	0.092	0.094	0.093	0.092	1.023	0.967	0.985	0.949	0.957	0.951	0.949	0.952	0.955	0.960	0.094	0.091	0.998	1.027	0.998	0.961	0.966	0.969	0.963	0.953	0.948	0.953	0.094	0.091	1.003	1.000	0.955	0.965	0.965	0.965	0.960	0.949	0.950	0.952	0.092	0.092	0.997	0.965	0.948	0.965	0.974	0.962	0.950	0.951	0.958	0.968	0.092	0.093	0.966	0.995	0.949	0.969	0.962	0.954	0.947	0.952	0.960	0.975	0.093	0.093	1.010	1.000	0.963	0.962	0.962	0.947	0.965	0.969	0.974	0.981	0.092	0.092	0.093	0.093	0.093	0.099	0.092	0.094	0.095	0.095	0.094	0.094	0.093
33:00:35	19.3	0.091	0.101	0.092	0.093	0.093	0.095	0.092	0.092	0.092	0.093	0.094	0.093	0.092	1.034	0.973	0.991	0.953	0.962	0.955	0.953	0.959	0.963	0.966	0.094	0.091	1.003	1.034	0.999	0.968	0.972	0.974	0.966	0.957	0.955	0.958	0.094	0.092	1.011	1.005	0.962	0.970	0.972	0.969	0.963	0.953	0.958	0.959	0.093	0.092	1.004	0.970	0.956	0.976	0.978	0.967	0.958	0.956	0.964	0.976	0.092	0.094	0.969	1.004	0.957	0.977	0.968	0.961	0.953	0.960	0.966	0.983	0.093	0.094	1.018	1.007	0.969	0.967	0.968	0.952	0.971	0.977	0.981	0.988	0.092	0.092	0.093	0.093	0.093	0.100	0.092	0.094	0.095	0.095	0.093	0.094	0.094
34:00:36	19.3	0.091	0.103	0.092	0.093	0.093	0.095	0.092	0.092	0.092	0.092	0.094	0.093	0.092	1.040	0.976	0.993	0.959	0.967	0.962	0.959	0.965	0.971	0.972	0.094	0.091	1.007	1.040	1.001	0.972	0.977	0.978	0.972	0.963	0.960	0.965	0.094	0.092	1.015	1.008	0.969	0.975	0.978	0.976	0.968	0.960	0.965	0.965	0.093	0.092	1.007	0.973	0.960	0.982	0.983	0.972	0.962	0.963	0.970	0.981	0.092	0.094	0.971	1.005	0.964	0.982	0.974	0.967	0.958	0.966	0.972	0.989	0.093	0.094	1.021	1.012	0.974	0.973	0.973	0.959	0.977	0.982	0.986	0.993	0.092	0.093	0.093	0.093	0.093	0.100	0.092	0.094	0.095	0.095	0.094	0.094	0.093
35:00:38	19.3	0.091	0.105	0.092	0.093	0.093	0.095	0.092	0.092	0.092	0.093	0.094	0.093	0.092	1.046	0.975	0.993	0.961	0.970	0.966	0.964	0.970	0.976	0.977	0.094	0.091	1.008	1.045	1.000	0.975	0.980	0.981	0.975	0.967	0.965	0.972	0.094	0.092	1.018	1.010	0.976	0.978	0.983	0.979	0.971	0.965	0.970	0.974	0.093	0.092	1.010	0.974	0.965	0.988	0.988	0.977	0.968	0.970	0.976	0.988	0.092	0.094	0.972	1.009	0.969	0.987	0.979	0.972	0.965	0.973	0.980	0.995	0.093	0.094	1.025	1.015	0.979	0.978	0.980	0.965	0.984	0.989	0.994	0.999	0.092	0.093	0.093	0.093	0.093	0.100	0.093	0.094	0.095	0.095	0.094	0.094	0.094
36:00:37	19.3	0.091	0.105	0.092	0.093	0.093	0.094	0.092	0.092	0.092	0.092	0.094	0.093	0.092	1.050	0.973	0.991	0.963	0.973	0.969	0.965	0.974	0.979	0.982	0.093	0.091	1.009	1.045	0.995	0.976	0.981	0.983	0.976	0.969	0.968	0.975	0.094	0.091	1.018	1.008	0.980	0.981	0.987	0.982	0.973	0.967	0.974	0.977	0.092	0.092	1.009	0.973	0.968	0.988	0.990	0.981	0.972	0.972	0.980	0.992	0.092	0.094	0.970	1.006	0.971	0.989	0.981	0.975	0.967	0.976	0.983	0.998	0.093	0.093	1.023	1.014	0.983	0.982	0.983	0.968	0.987	0.992	0.996	1.001	0.092	0.092	0.093	0.093	0.093	0.100	0.092	0.094	0.095	0.094	0.093	0.094	0.093
37:00:38	19.3	0.091	0.109	0.092	0.093	0.093	0.094	0.092	0.092	0.091	0.092	0.094	0.093	0.092	1.050	0.968	0.987	0.966	0.976	0.971	0.968	0.977	0.982	0.986	0.093	0.091	1.006	1.047	0.992	0.976	0.980	0.983	0.979	0.973	0.973	0.979	0.094	0.091	1.017	1.004	0.983	0.983	0.992	0.985	0.976	0.972	0.979	0.981	0.092	0.092	1.006	0.970	0.969	0.990	0.993	0.984	0.976	0.977	0.983	0.997	0.092	0.094	0.967	1.005	0.974	0.992	0.986	0.980	0.973	0.980	0.987	1.003	0.093	0.093	1.022	1.014	0.987	0.987	0.987	0.973	0.991	0.997	1.001	1.006	0.092	0.092	0.093	0.093	0.092	0.100	0.092	0.094	0.095	0.094	0.094	0.094	0.094
38:00:39	19.3	0.091	0.112	0.092	0.093	0.093	0.095	0.092	0.092	0.092	0.092	0.094	0.093	0.092	1.053	0.962	0.983	0.968	0.976	0.975	0.971	0.981	0.986	0.989	0.093	0.091	1.004	1.048	0.984	0.975	0.978	0.982	0.979	0.973	0.976	0.984	0.094	0.091	1.010	0.999	0.982	0.982	0.993	0.986	0.975	0.975	0.981	0.986	0.092	0.092	1.003	0.965	0.969	0.992	0.993	0.986	0.979	0.981	0.987	1.001	0.092	0.094	0.964	1.005	0.978	0.992	0.987	0.982	0.976	0.983	0.992	1.008	0.093	0.093	1.017	1.012	0.989	0.988	0.990	0.976	0.996	1.002	1.005	1.011	0.092	0.092	0.093	0.093	0.093	0.100	0.092	0.094	0.095	0.095	0.094	0.095	0.094
39:00:41	19.3	0.091	0.115	0.092	0.093	0.093	0.094	0.092	0.092	0.092	0.093	0.094	0.093	0.092	1.053	0.954	0.977	0.971	0.979	0.978	0.973	0.984	0.987	0.992	0.093	0.091	0.999	1.045	0.978	0.974	0.977	0.985	0.984	0.977	0.980	0.986	0.094	0.091	1.004	0.993	0.982	0.984	0.997	0.987	0.978	0.980	0.984	0.988	0.092	0.092	0.999	0.959	0.969	0.991	0.996	0.987	0.981	0.984	0.988	1.003	0.092	0.094	0.959	0.997	0.978	0.995	0.989	0.984	0.979	0.985	0.994	1.011	0.093	0.093	1.010	1.008	0.992	0.991	0.992	0.978	0.999	1.003	1.008	1.013	0.092	0.092	0.093	0.093	0.093	0.100	0.093	0.094	0.095	0.095	0.094	0.095	0.093
40:00:42	19.3	0.091	0.115	0.092	0.093	0.093	0.095	0.092	0.092	0.092	0.093	0.094	0.093	0.092	1.051	0.945	0.968	0.972	0.980	0.980	0.978	0.986	0.990	0.995	0.094	0.091	0.991	1.045	0.970	0.973	0.976	0.985	0.984	0.979	0.983	0.989	0.094	0.091	0.994	0.986	0.979	0.984	0.998	0.988	0.978	0.983	0.987	0.989	0.093	0.093	0.991	0.950	0.967	0.993	0.996	0.988	0.981	0.987	0.990	1.005	0.092	0.094	0.952	0.993	0.980	0.995	0.990	0.985	0.981	0.986	0.996	1.014	0.093	0.093	0.999	1.002	0.993	0.992	0.992	0.979	1.002	1.006	1.010	1.016	0.092	0.092	0.093	0.093	0.093	0.100	0.092	0.094	0.095	0.095	0.094	0.095	0.094
41:00:42	19.3	0.091	0.112	0.092	0.093	0.092	0.095	0.092	0.092	0.092	0.092	0.094	0.093	0.092	1.046	0.935	0.959	0.970	0.979	0.977	0.975	0.985	0.989	0.995	0.093	0.091	0.981	1.039	0.959	0.970	0.972	0.983	0.981	0.976	0.983	0.990	0.094	0.091	0.985	0.977	0.973	0.980	0.998	0.986	0.975	0.980	0.986	0.990	0.092	0.092	0.986	0.941	0.965	0.989	0.994	0.986	0.981	0.988	0.989	1.006	0.092	0.094	0.944	0.984	0.979	0.993	0.988	0.984	0.980	0.986	0.995	1.016	0.093	0.093	0.991	0.995	0.992	0.991	0.991	0.979	1.003	1.006	1.011	1.016	0.092	0.092	0.093	0.093	0.093	0.100	0.092	0.094	0.095	0.095	0.093	0.094	0.093
42:00:44	19.3	0.091	0.117	0.092	0.093	0.093	0.095	0.092	0.092	0.092	0.093	0.094	0.093	0.092	1.043	0.923	0.950	0.970	0.978	0.977	0.975	0.984	0.989	0.996	0.094	0.091	0.973	1.035	0.949	0.967	0.970	0.980	0.979	0.974	0.983	0.989	0.094	0.092	0.976	0.968	0.967	0.978	0.997	0.983	0.972	0.981	0.985	0.990	0.093	0.092	0.978	0.931	0.961	0.985	0.993	0.984	0.981	0.987	0.989	1.004	0.092	0.094	0.935	0.973	0.976	0.989	0.986	0.982	0.979	0.986	0.995	1.015	0.093	0.093	0.983	0.986	0.991	0.991	0.991	0.977	1.003	1.005	1.010	1.016	0.092	0.092	0.093	0.093	0.093	0.100	0.093	0.094	0.095	0.095	0.094	0.095	0.094
43:00:51	19.2	0.091	0.121	0.092	0.092	0.093	0.094	0.092	0.092	0.092	0.092	0.094	0.093	0.092	1.038	0.910	0.940	0.967	0.975	0.975	0.972	0.984	0.988	0.994	0.094	0.091	0.963	1.029	0.938	0.962	0.964	0.976	0.976	0.972	0.983	0.989	0.094	0.091	0.967	0.957	0.959	0.974	0.995	0.980	0.969	0.979	0.983	0.987	0.092	0.092	0.972	0.921	0.957	0.981	0.989	0.980	0.979	0.987	0.987	1.002	0.092	0.094	0.926	0.963	0.973	0.985	0.982	0.979	0.976	0.983	0.993	1.014	0.093	0.093	0.975	0.977	0.989	0.989	0.989	0.976	1.002	1.004	1.008	1.015	0.092	0.092	0.093	0.093	0.093	0.100	0.092	0.094	0.095	0.095	0.094	0.094	0.093
44:00:45	19.2	0.091	0.125	0.092	0.093	0.093	0.095	0.092	0.092	0.092	0.093	0.094	0.093	0.092	1.033	0.899	0.931	0.965	0.972	0.972	0.970	0.982	0.986	0.993	0.094	0.091	0.955	1.022	0.929	0.958	0.959	0.972	0.974	0.969	0.982	0.987	0.094	0.091	0.959	0.950	0.952	0.970	0.993	0.977	0.966	0.978	0.979	0.986	0.093	0.093	0.964	0.912	0.952	0.976	0.986	0.978	0.977	0.986	0.985	0.999	0.092	0.094	0.917	0.955	0.968	0.981	0.980	0.977	0.975	0.981	0.991	1.013	0.093	0.094	0.968	0.968	0.986	0.989	0.987	0.975	1.002	1.003	1.006	1.013	0.092	0.092	0.093	0.093	0.093	0.100	0.092	0.094	0.095	0.095	0.094	0.094	0.093
45:00:45	19.2	0.091	0.132	0.092	0.093	0.094	0.094	0.092	0.091	0.092	0.092	0.094	0.093	0.092	1.026	0.887	0.921	0.962	0.969	0.968	0.965	0.978	0.984	0.992	0.093	0.091	0.947	1.013	0.920	0.953	0.954	0.968	0.968	0.966	0.975	0.984	0.094	0.091	0.951	0.942	0.946	0.966	0.988	0.972	0.961	0.973	0.974	0.983	0.092	0.092	0.955	0.903	0.945	0.970	0.981	0.972	0.973	0.981	0.981	0.995	0.092	0.094	0.910	0.944	0.962	0.976	0.975	0.972	0.970	0.976	0.988	1.009	0.093	0.093	0.957	0.959	0.983	0.985	0.983	0.970	0.998	0.999	1.002	1.009	0.092	0.092	0.093	0.093	0.093	0.099	0.092	0.094	0.095	0.095	0.093	0.094	0.093
46:00:46	19.3	0.091	0.133	0.092	0.093	0.093	0.095	0.092	0.092	0.092	0.093	0.094	0.093	0.092	1.020	0.876	0.914	0.957	0.964	0.964	0.961	0.974	0.980	0.988	0.094	0.091	0.941	1.004	0.912	0.947	0.947	0.962	0.963	0.961	0.971	0.979	0.094	0.091	0.944	0.935	0.939	0.962	0.984	0.967	0.956	0.968	0.968	0.977	0.093	0.093	0.946	0.896	0.937	0.962	0.976	0.967	0.969	0.977	0.976	0.988	0.092	0.094	0.905	0.936	0.955	0.971	0.970	0.967	0.964	0.972	0.984	1.004	0.093	0.093	0.950	0.951	0.980	0.983	0.979	0.966	0.993	0.995	0.997	1.005	0.092	0.093	0.093	0.093	0.093	0.100	0.093	0.094	0.095	0.095	0.093	0.095	0.094
47:00:47	19.3	0.091	0.130	0.092	0.093	0.093	0.095	0.092	0.092	0.092	0.092	0.094	0.093	0.092	1.013	0.865	0.908	0.950	0.955	0.958	0.955	0.968	0.974	0.984	0.093	0.091	0.937	0.996	0.905	0.937	0.938	0.953	0.954	0.954	0.966	0.976	0.094	0.091	0.940	0.929	0.936	0.951	0.977	0.959	0.947	0.962	0.962	0.971	0.093	0.092	0.942	0.888	0.928	0.956	0.969	0.961	0.962	0.973	0.971	0.983	0.092	0.094	0.899	0.930	0.950	0.963	0.964	0.963	0.959	0.968	0.977	1.000	0.093	0.093	0.940	0.944	0.974	0.978	0.974	0.962	0.990	0.991	0.992	0.999	0.092	0.092	0.093	0.093	0.093	0.100	0.093	0.094	0.095	0.094	0.093	0.094	0.093
48:00:49	19.2	0.091	0.136	0.092	0.092	0.093	0.094	0.092	0.092	0.092	0.092	0.094	0.093	0.092	1.006	0.858	0.904	0.945	0.950	0.951	0.948	0.962	0.967	0.979	0.093	0.091	0.933	0.988	0.901	0.930	0.931	0.947	0.947	0.947	0.958	0.969	0.094	0.091	0.935	0.927	0.934	0.945	0.970	0.952	0.941	0.955	0.955	0.966	0.093	0.093	0.936	0.885	0.920	0.948	0.961	0.952	0.955	0.966	0.963	0.977	0.092	0.094	0.896	0.926	0.942	0.956	0.957	0.954	0.953	0.960	0.971	0.994	0.093	0.093	0.935	0.940	0.968	0.973	0.969	0.956	0.985	0.984	0.986	0.993	0.091	0.093	0.093	0.093	0.093	0.100	0.093	0.094	0.095	0.095	0.094	0.094	0.093
49:00:50	19.1	0.091	0.144	0.092	0.093	0.093	0.094	0.092	0.092	0.092	0.092	0.094	0.093	0.092	1.000	0.852	0.903	0.939	0.944	0.945	0.944	0.954	0.962	0.975	0.093	0.091	0.932	0.980	0.899	0.921	0.921	0.937	0.940	0.939	0.952	0.963	0.094	0.091	0.935	0.925	0.934	0.937	0.961	0.943	0.932	0.947	0.946	0.959	0.093	0.093	0.935	0.884	0.909	0.939	0.951	0.944	0.947	0.959	0.955	0.969	0.092	0.094	0.894	0.922	0.933	0.948	0.949	0.946	0.944	0.953	0.964	0.987	0.093	0.094	0.933	0.938	0.963	0.967	0.964	0.950	0.980	0.979	0.981	0.988	0.092	0.092	0.093	0.093	0.093	0.100	0.092	0.094	0.095	0.095	0.093	0.094	0.093
50:00:51	19.1	0.091	0.144	0.092	0.093	0.093	0.094	0.092	0.092	0.092	0.093	0.094	0.093	0.092	0.994	0.849	0.904	0.932	0.935	0.939	0.936	0.947	0.954	0.971	0.094	0.091	0.932	0.971	0.899	0.911	0.912	0.928	0.930	0.930	0.943	0.957	0.094	0.091	0.935	0.926	0.937	0.928	0.953	0.935	0.923	0.937	0.937	0.952	0.093	0.092	0.933	0.884	0.899	0.930	0.941	0.935	0.938	0.950	0.946	0.961	0.092	0.094	0.895	0.922	0.925	0.939	0.942	0.937	0.936	0.943	0.954	0.980	0.093	0.094	0.929	0.938	0.957	0.962	0.958	0.944	0.974	0.973	0.975	0.981	0.092	0.093	0.093	0.093	0.093	0.100	0.093	0.094	0.095	0.095	0.094	0.094	0.094
51:00:51	19.2	0.091	0.152	0.092	0.093	0.093	0.095	0.092	0.092	0.092	0.092	0.094	0.093	0.092	0.989	0.847	0.906	0.924	0.927	0.932	0.930	0.940	0.948	0.964	0.093	0.092	0.934	0.962	0.900	0.901	0.901	0.917	0.920	0.921	0.934	0.951	0.094	0.091	0.937	0.928	0.938	0.920	0.946	0.927	0.915	0.927	0.929	0.946	0.093	0.092	0.936	0.884	0.888	0.920	0.931	0.926	0.928	0.941	0.935	0.953	0.092	0.094	0.896	0.922	0.915	0.930	0.934	0.929	0.927	0.934	0.945	0.972	0.093	0.094	0.931	0.939	0.950	0.956	0.953	0.937	0.966	0.966	0.968	0.975	0.092	0.093	0.093	0.093	0.093	0.100	0.092	0.094	0.095	0.095	0.094	0.094	0.093
52:00:52	19.2	0.091	0.157	0.092	0.093	0.093	0.094	0.092	0.092	0.092	0.092	0.094	0.093	0.092	0.985	0.846	0.909	0.918	0.919	0.925	0.923	0.931	0.940	0.959	0.094	0.091	0.937	0.956	0.904	0.890	0.891	0.907	0.911	0.911	0.924	0.943	0.094	0.091	0.939	0.931	0.941	0.911	0.936	0.919	0.908	0.917	0.920	0.937	0.093	0.092	0.937	0.887	0.877	0.910	0.923	0.918	0.919	0.932	0.925	0.945	0.092	0.094	0.899	0.925	0.905	0.921	0.927	0.921	0.918	0.924	0.936	0.963	0.093	0.094	0.932	0.941	0.945	0.950	0.946	0.931	0.960	0.960	0.962	0.968	0.091	0.092	0.093	0.093	0.093	0.100	0.092	0.094	0.095	0.094	0.093	0.094	0.093
53:00:54	19.3	0.091	0.167	0.092	0.093	0.093	0.095	0.092	0.092	0.092	0.093	0.095	0.093	0.092	0.982	0.850	0.915	0.912	0.913	0.920	0.918	0.926	0.935	0.955	0.094	0.092	0.944	0.952	0.909	0.882	0.884	0.900	0.904	0.904	0.917	0.937	0.094	0.092	0.944	0.935	0.948	0.905	0.929	0.914	0.903	0.909	0.913	0.931	0.093	0.092	0.942	0.891	0.870	0.904	0.915	0.911	0.910	0.924	0.916	0.937	0.092	0.095	0.905	0.929	0.897	0.916	0.921	0.914	0.912	0.917	0.929	0.956	0.093	0.095	0.936	0.947	0.939	0.944	0.940	0.925	0.954	0.954	0.957	0.963	0.092	0.093	0.094	0.094	0.094	0.100	0.093	0.094	0.095	0.095	0.094	0.095	0.094
54:00:54	19.3	0.091	0.176	0.092	0.093	0.093	0.094	0.092	0.092	0.092	0.092	0.094	0.093	0.092	0.980	0.854	0.922	0.906	0.906	0.915	0.913	0.919	0.928	0.950	0.094	0.091	0.950	0.948	0.915	0.875	0.878	0.893	0.900	0.899	0.911	0.931	0.094	0.091	0.947	0.941	0.951	0.901	0.923	0.910	0.898	0.901	0.908	0.924	0.093	0.092	0.947	0.897	0.863	0.898	0.909	0.906	0.904	0.918	0.909	0.930	0.092	0.094	0.910	0.933	0.891	0.910	0.917	0.907	0.905	0.912	0.924	0.949	0.093	0.095	0.939	0.954	0.934	0.939	0.936	0.920	0.947	0.948	0.952	0.957	0.092	0.092	0.093	0.093	0.093	0.099	0.093	0.094	0.095	0.095	0.093	0.094	0.093
55:00:55	19.3	0.091	0.186	0.092	0.093	0.093	0.095	0.092	0.092	0.092	0.092	0.094	0.093	0.092	0.978	0.861	0.928	0.902	0.901	0.913	0.911	0.917	0.925	0.946	0.094	0.092	0.959	0.943	0.922	0.871	0.874	0.890	0.896	0.894	0.906	0.927	0.094	0.091	0.952	0.946	0.954	0.898	0.920	0.908	0.896	0.897	0.904	0.919	0.093	0.092	0.950	0.903	0.861	0.896	0.905	0.904	0.900	0.913	0.905	0.925	0.092	0.095	0.917	0.937	0.889	0.906	0.915	0.905	0.900	0.908	0.920	0.944	0.093	0.095	0.944	0.960	0.931	0.936	0.933	0.915	0.943	0.945	0.948	0.951	0.092	0.093	0.094	0.093	0.093	0.100	0.093	0.094	0.095	0.095	0.093	0.094	0.093
56:00:55	19.3	0.091	0.201	0.092	0.093	0.093	0.094	0.092	0.092	0.092	0.093	0.094	0.093	0.093	0.978	0.874	0.938	0.901	0.900	0.913	0.911	0.915	0.922	0.943	0.094	0.092	0.968	0.944	0.933	0.870	0.875	0.890	0.896	0.894	0.905	0.923	0.094	0.091	0.959	0.951	0.959	0.899	0.919	0.909	0.898	0.895	0.902	0.917	0.094	0.092	0.955	0.911	0.861	0.895	0.905	0.903	0.897	0.910	0.902	0.922	0.092	0.095	0.925	0.945	0.887	0.906	0.915	0.904	0.898	0.905	0.918	0.940	0.093	0.096	0.951	0.972	0.929	0.934	0.933	0.913	0.940	0.942	0.946	0.948	0.092	0.093	0.094	0.093	0.093	0.100	0.092	0.094	0.095	0.095	0.094	0.094	0.093
57:00:57	19.3	0.091	0.217	0.092	0.093	0.093	0.095	0.092	0.092	0.092	0.092	0.094	0.093	0.093	0.978	0.886	0.943	0.901	0.900	0.915	0.913	0.916	0.922	0.940	0.093	0.092	0.978	0.945	0.942	0.872	0.878	0.892	0.896	0.899	0.904	0.922	0.094	0.091	0.967	0.958	0.964	0.901	0.920	0.912	0.901	0.896	0.902	0.916	0.093	0.093	0.964	0.920	0.864	0.896	0.905	0.907	0.896	0.909	0.903	0.921	0.092	0.095	0.930	0.951	0.887	0.907	0.916	0.906	0.899	0.905	0.919	0.938	0.093	0.096	0.958	0.980	0.929	0.934	0.933	0.912	0.937	0.942	0.945	0.944	0.092	0.093	0.094	0.093	0.093	0.099	0.092	0.094	0.095	0.095	0.093	0.094	0.093
58:00:57	19.3	0.091	0.233	0.092	0.093	0.093	0.095	0.092	0.092	0.092	0.092	0.094	0.092	0.093	0.978	0.896	0.952	0.906	0.903	0.921	0.918	0.921	0.928	0.939	0.093	0.092	0.988	0.946	0.950	0.878	0.885	0.898	0.903	0.905	0.910	0.926	0.094	0.091	0.971	0.961	0.970	0.906	0.924	0.917	0.908	0.903	0.904	0.919	0.093	0.092	0.967	0.925	0.869	0.902	0.910	0.911	0.897	0.913	0.907	0.923	0.092	0.095	0.937	0.955	0.892	0.913	0.922	0.909	0.905	0.909	0.923	0.937	0.093	0.098	0.963	0.985	0.932	0.935	0.934	0.915	0.937	0.942	0.945	0.943	0.092	0.092	0.094	0.093	0.093	0.100	0.093	0.094	0.095	0.094	0.093	0.094	0.093
59:00:58	19.3	0.091	0.247	0.092	0.093	0.093	0.094	0.092	0.092	0.092	0.092	0.094	0.093	0.094	0.979	0.903	0.960	0.912	0.908	0.931	0.929	0.932	0.931	0.939	0.093	0.092	1.000	0.951	0.959	0.887	0.897	0.908	0.913	0.915	0.917	0.931	0.094	0.091	0.976	0.968	0.977	0.915	0.931	0.925	0.917	0.913	0.911	0.926	0.094	0.093	0.973	0.934	0.876	0.908	0.916	0.919	0.900	0.918	0.913	0.929	0.092	0.096	0.945	0.963	0.900	0.920	0.929	0.915	0.911	0.914	0.929	0.938	0.093	0.099	0.969	0.991	0.936	0.939	0.941	0.919	0.939	0.946	0.948	0.943	0.092	0.093	0.095	0.093	0.093	0.100	0.093	0.094	0.095	0.095	0.093	0.094	0.093
60:00:59	19.4	0.091	0.260	0.092	0.093	0.093	0.095	0.092	0.092	0.092	0.093	0.094	0.093	0.094	0.981	0.912	0.967	0.923	0.921	0.943	0.941	0.944	0.943	0.943	0.094	0.093	1.005	0.953	0.967	0.901	0.912	0.922	0.927	0.931	0.934	0.945	0.094	0.092	0.985	0.975	0.983	0.928	0.940	0.934	0.931	0.927	0.921	0.937	0.093	0.092	0.979	0.943	0.887	0.921	0.926	0.931	0.910	0.931	0.929	0.941	0.092	0.096	0.951	0.967	0.911	0.930	0.942	0.925	0.922	0.928	0.945	0.944	0.093	0.101	0.973	0.997	0.943	0.945	0.948	0.927	0.946	0.952	0.955	0.943	0.092	0.093	0.095	0.093	0.093	0.100	0.093	0.094	0.095	0.095	0.094	0.094	0.093
61:01:00	19.4	0.091	0.277	0.092	0.093	0.093	0.095	0.092	0.092	0.092	0.092	0.095	0.093	0.094	0.983	0.920	0.974	0.932	0.935	0.954	0.956	0.954	0.955	0.947	0.094	0.093	1.006	0.960	0.978	0.916	0.931	0.941	0.946	0.950	0.951	0.955	0.094	0.091	0.996	0.982	0.990	0.946	0.952	0.947	0.948	0.943	0.933	0.952	0.093	0.093	0.986	0.952	0.905	0.937	0.940	0.947	0.922	0.945	0.945	0.955	0.092	0.096	0.957	0.975	0.925	0.944	0.958	0.940	0.940	0.943	0.957	0.951	0.093	0.102	0.979	1.002	0.951	0.958	0.957	0.935	0.953	0.962	0.963	0.949	0.092	0.093	0.095	0.093	0.093	0.100	0.093	0.094	0.095	0.095	0.094	0.094	0.093
62:01:02	19.4	0.091	0.287	0.092	0.093	0.093	0.094	0.092	0.092	0.092	0.092	0.094	0.093	0.095	0.985	0.926	0.982	0.950	0.950	0.970	0.974	0.975	0.972	0.958	0.094	0.094	1.017	0.968	0.988	0.942	0.952	0.961	0.968	0.971	0.971	0.971	0.094	0.091	1.001	0.992	0.996	0.962	0.966	0.963	0.964	0.964	0.950	0.969	0.093	0.093	0.991	0.961	0.916	0.957	0.957	0.961	0.942	0.966	0.966	0.973	0.092	0.097	0.963	0.981	0.945	0.960	0.975	0.958	0.957	0.960	0.976	0.963	0.093	0.105	0.984	1.010	0.963	0.970	0.969	0.951	0.966	0.978	0.977	0.959	0.092	0.092	0.096	0.093	0.093	0.100	0.092	0.094	0.095	0.095	0.094	0.094	0.093
63:01:03	19.5	0.091	0.302	0.092	0.093	0.093	0.094	0.092	0.091	0.092	0.092	0.095	0.093	0.096	0.988	0.932	0.988	0.967	0.967	0.989	0.991	0.994	0.988	0.970	0.093	0.094	1.023	0.977	0.994	0.962	0.971	0.978	0.990	0.991	0.987	0.988	0.094	0.091	1.012	1.002	1.002	0.981	0.983	0.981	0.983	0.981	0.968	0.988	0.093	0.092	0.998	0.970	0.934	0.975	0.973	0.978	0.960	0.985	0.985	0.988	0.092	0.097	0.969	0.988	0.961	0.977	0.990	0.971	0.977	0.974	0.993	0.981	0.093	0.108	0.995	1.019	0.979	0.985	0.985	0.966	0.981	0.993	0.993	0.974	0.092	0.093	0.097	0.093	0.093	0.100	0.093	0.094	0.095	0.094	0.094	0.094	0.093
64:01:04	19.5	0.091	0.316	0.092	0.093	0.093	0.095	0.092	0.092	0.092	0.092	0.094	0.093	0.097	0.994	0.938	0.993	0.989	0.987	1.009	1.009	1.012	1.008	0.990	0.093	0.095	1.029	0.989	0.998	0.979	0.990	0.997	1.010	1.011	1.008	1.010	0.094	0.091	1.019	1.011	1.006	1.000	0.999	0.998	0.999	0.998	0.983	1.010	0.094	0.092	1.003	0.978	0.954	0.994	0.990	0.995	0.973	1.003	1.004	1.011	0.092	0.098	0.976	0.994	0.982	0.996	1.010	0.989	0.993	0.993	1.015	1.004	0.093	0.112	1.002	1.028	0.996	1.002	1.004	0.989	1.000	1.015	1.015	0.993	0.092	0.093	0.098	0.093	0.093	0.100	0.092	0.094	0.095	0.095	0.093	0.094	0.093
65:01:04	19.6	0.091	0.327	0.092	0.093	0.093	0.094	0.092	0.092	0.092	0.092	0.094	0.093	0.098	1.002	0.940	1.000	1.011	1.007	1.027	1.028	1.034	1.031	1.010	0.094	0.096	1.034	1.004	1.004	0.995	1.007	1.011	1.024	1.027	1.022	1.030	0.094	0.091	1.026	1.016	1.010	1.015	1.015	1.014	1.013	1.013	0.998	1.029	0.094	0.093	1.007	0.986	0.973	1.008	1.005	1.011	0.988	1.017	1.019	1.032	0.092	0.098	0.983	1.001	0.999	1.011	1.024	1.005	1.009	1.006	1.028	1.027	0.093	0.116	1.007	1.039	1.017	1.023	1.023	1.010	1.021	1.036	1.035	1.011	0.092	0.093	0.100	0.093	0.093	0.100	0.093	0.094	0.095	0.095	0.094	0.094	0.093
66:01:05	19.7	0.091	0.338	0.092	0.092	0.093	0.094	0.092	0.091	0.092	0.092	0.094	0.094	0.100	1.012	0.942	1.001	1.029	1.025	1.046	1.048	1.054	1.051	1.029	0.093	0.097	1.032	1.022	1.005	1.007	1.018	1.024	1.034	1.037	1.038	1.049	0.094	0.091	1.027	1.019	1.012	1.028	1.030	1.028	1.025	1.025	1.014	1.050	0.094	0.092	1.009	0.993	0.989	1.023	1.019	1.025	1.001	1.029	1.032	1.052	0.092	0.098	0.992	1.007	1.016	1.027	1.038	1.021	1.021	1.020	1.044	1.047	0.093	0.122	1.016	1.044	1.034	1.044	1.043	1.029	1.041	1.056	1.056	1.029	0.091	0.092	0.101	0.093	0.092	0.099	0.092	0.094	0.095	0.095	0.094	0.094	0.093
67:01:07	19.8	0.091	0.349	0.092	0.093	0.093	0.094	0.092	0.091	0.092	0.092	0.094	0.094	0.102	1.028	0.947	1.007	1.051	1.042	1.062	1.064	1.072	1.070	1.046	0.093	0.099	1.031	1.036	1.007	1.019	1.031	1.034	1.045	1.051	1.051	1.067	0.094	0.091	1.029	1.022	1.017	1.040	1.045	1.043	1.036	1.035	1.026	1.067	0.094	0.093	1.018	0.997	1.002	1.036	1.033	1.039	1.015	1.038	1.045	1.068	0.092	0.099	1.000	1.011	1.033	1.041	1.050	1.036	1.034	1.032	1.056	1.066	0.093	0.129	1.017	1.050	1.055	1.063	1.063	1.048	1.060	1.075	1.075	1.049	0.092	0.092	0.103	0.093	0.093	0.100	0.092	0.094	0.095	0.095	0.093	0.094	0.093
68:01:07	19.9	0.091	0.352	0.092	0.093	0.093	0.094	0.092	0.092	0.091	0.092	0.094	0.093	0.105	1.044	0.948	1.012	1.065	1.058	1.077	1.077	1.085	1.087	1.062	0.093	0.101	1.033	1.049	1.007	1.029	1.041	1.045	1.055	1.060	1.061	1.083	0.094	0.091	1.029	1.024	1.019	1.050	1.058	1.055	1.046	1.043	1.040	1.081	0.094	0.093	1.023	1.002	1.016	1.046	1.044	1.049	1.026	1.046	1.063	1.085	0.092	0.100	1.011	1.012	1.047	1.053	1.064	1.046	1.045	1.042	1.068	1.083	0.093	0.138	1.020	1.053	1.073	1.081	1.081	1.066	1.077	1.090	1.093	1.066	0.091	0.092	0.105	0.093	0.092	0.099	0.092	0.094	0.095	0.095	0.093	0.094	0.093
69:01:08	19.9	0.091	0.362	0.092	0.093	0.093	0.094	0.092	0.091	0.092	0.092	0.094	0.094	0.108	1.062	0.954	1.017	1.079	1.075	1.091	1.090	1.099	1.100	1.077	0.093	0.104	1.032	1.061	1.004	1.037	1.047	1.053	1.061	1.067	1.071	1.098	0.093	0.091	1.032	1.027	1.022	1.059	1.070	1.065	1.054	1.048	1.055	1.096	0.094	0.093	1.028	1.006	1.026	1.055	1.057	1.061	1.036	1.056	1.074	1.099	0.092	0.101	1.018	1.015	1.059	1.064	1.074	1.061	1.058	1.053	1.083	1.099	0.093	0.150	1.027	1.055	1.088	1.097	1.099	1.081	1.094	1.106	1.110	1.085	0.091	0.093	0.108	0.093	0.093	0.100	0.092	0.094	0.095	0.095	0.094	0.094	0.093
70:01:09	20.0	0.091	0.369	0.092	0.092	0.093	0.095	0.092	0.091	0.092	0.092	0.095	0.094	0.112	1.080	0.958	1.028	1.093	1.088	1.105	1.103	1.114	1.116	1.093	0.093	0.108	1.035	1.072	1.003	1.044	1.054	1.063	1.070	1.077	1.085	1.112	0.094	0.091	1.038	1.030	1.024	1.068	1.081	1.076	1.062	1.055	1.069	1.109	0.094	0.093	1.039	1.013	1.036	1.063	1.070	1.073	1.048	1.065	1.086	1.113	0.092	0.102	1.030	1.020	1.071	1.078	1.086	1.076	1.071	1.069	1.095	1.116	0.093	0.166	1.037	1.061	1.104	1.111	1.113	1.096	1.109	1.119	1.125	1.103	0.091	0.092	0.112	0.093	0.093	0.099	0.092	0.094	0.095	0.095	0.093	0.094	0.093
71:01:10	20.0	0.091	0.377	0.092	0.093	0.093	0.095	0.092	0.092	0.092	0.092	0.095	0.094	0.118	1.098	0.966	1.036	1.103	1.103	1.115	1.114	1.125	1.127	1.107	0.094	0.112	1.038	1.086	1.007	1.053	1.061	1.072	1.079	1.089	1.095	1.123	0.093	0.091	1.041	1.033	1.028	1.077	1.093	1.087	1.071	1.064	1.080	1.121	0.093	0.094	1.044	1.023	1.048	1.072	1.081	1.083	1.059	1.075	1.096	1.126	0.092	0.103	1.039	1.024	1.083	1.089	1.097	1.088	1.082	1.082	1.105	1.130	0.093	0.179	1.047	1.066	1.116	1.123	1.126	1.111	1.123	1.132	1.140	1.120	0.092	0.093	0.117	0.093	0.093	0.100	0.092	0.094	0.095	0.095	0.094	0.094	0.093
72:01:12	20.0	0.091	0.390	0.092	0.093	0.092	0.095	0.092	0.091	0.092	0.092	0.094	0.094	0.124	1.116	0.973	1.042	1.115	1.113	1.125	1.124	1.136	1.137	1.121	0.093	0.117	1.042	1.100	1.007	1.060	1.070	1.083	1.088	1.096	1.104	1.135	0.093	0.091	1.047	1.037	1.030	1.087	1.103	1.097	1.080	1.073	1.091	1.133	0.094	0.094	1.054	1.029	1.058	1.081	1.091	1.091	1.069	1.086	1.106	1.138	0.092	0.104	1.049	1.028	1.092	1.099	1.107	1.099	1.092	1.093	1.118	1.143	0.093	0.190	1.056	1.072	1.129	1.137	1.138	1.123	1.137	1.144	1.153	1.135	0.092	0.092	0.124	0.093	0.093	0.099	0.092	0.094	0.095	0.094	0.093	0.094	0.093

