Time	T° 600	A1	A2	A3	A4	A5	A6	A7	A8	A9	A10	A11	A12	B1	B2	B3	B4	B5	B6	B7	B8	B9	B10	B11	B12	C1	C2	C3	C4	C5	C6	C7	C8	C9	C10	C11	C12	D1	D2	D3	D4	D5	D6	D7	D8	D9	D10	D11	D12	E1	E2	E3	E4	E5	E6	E7	E8	E9	E10	E11	E12	F1	F2	F3	F4	F5	F6	F7	F8	F9	F10	F11	F12	G1	G2	G3	G4	G5	G6	G7	G8	G9	G10	G11	G12	H1	H2	H3	H4	H5	H6	H7	H8	H9	H10	H11	H12
0:00:06	18.6	0.091	0.092	0.092	0.117	0.094	0.093	0.092	0.090	0.091	0.090	0.093	0.091	0.092	0.093	0.095	0.094	0.100	0.107	0.159	0.096	0.096	0.097	0.095	0.092	0.090	0.108	0.188	0.093	0.094	0.198	0.130	0.094	0.170	0.097	0.210	0.091	0.090	0.094	0.095	0.179	0.221	0.206	0.217	0.194	0.114	0.191	0.180	0.093	0.090	0.094	0.100	0.096	0.094	0.094	0.103	0.095	0.101	0.184	0.093	0.107	0.092	0.177	0.095	0.094	0.190	0.094	0.223	0.092	0.211	0.133	0.187	0.090	0.092	0.095	0.216	0.186	0.101	0.210	0.179	0.213	0.201	0.206	0.116	0.100	0.092	0.091	0.091	0.091	0.091	0.092	0.092	0.093	0.092	0.095	0.094	0.090
1:00:06	19.4	0.091	0.092	0.092	0.122	0.094	0.093	0.092	0.091	0.098	0.090	0.094	0.091	0.091	0.094	0.097	0.095	0.102	0.109	0.162	0.097	0.097	0.098	0.095	0.092	0.090	0.109	0.193	0.094	0.097	0.201	0.132	0.096	0.171	0.098	0.216	0.092	0.091	0.095	0.096	0.182	0.223	0.209	0.223	0.198	0.116	0.195	0.180	0.092	0.091	0.096	0.101	0.097	0.096	0.095	0.107	0.096	0.103	0.186	0.094	0.102	0.092	0.177	0.096	0.095	0.190	0.095	0.228	0.094	0.214	0.137	0.190	0.090	0.092	0.095	0.216	0.188	0.103	0.215	0.183	0.214	0.202	0.211	0.122	0.100	0.092	0.091	0.091	0.091	0.092	0.092	0.092	0.093	0.093	0.095	0.095	0.090
2:00:07	19.9	0.090	0.099	0.092	0.126	0.095	0.093	0.091	0.091	0.098	0.090	0.094	0.091	0.092	0.095	0.098	0.096	0.103	0.111	0.166	0.098	0.097	0.099	0.095	0.092	0.089	0.109	0.200	0.094	0.097	0.208	0.137	0.096	0.177	0.098	0.223	0.091	0.090	0.095	0.097	0.188	0.229	0.215	0.231	0.203	0.123	0.203	0.188	0.091	0.091	0.096	0.105	0.098	0.096	0.095	0.110	0.097	0.106	0.191	0.095	0.102	0.092	0.182	0.096	0.096	0.195	0.095	0.233	0.094	0.220	0.142	0.197	0.090	0.092	0.096	0.222	0.193	0.104	0.219	0.191	0.219	0.207	0.219	0.126	0.100	0.092	0.091	0.091	0.091	0.092	0.092	0.092	0.093	0.093	0.095	0.094	0.090
3:00:07	20.2	0.090	0.101	0.092	0.131	0.095	0.093	0.091	0.091	0.092	0.090	0.094	0.091	0.092	0.095	0.099	0.097	0.106	0.114	0.171	0.099	0.099	0.100	0.097	0.092	0.090	0.111	0.208	0.095	0.098	0.218	0.142	0.097	0.183	0.099	0.234	0.091	0.091	0.096	0.098	0.194	0.237	0.222	0.241	0.210	0.128	0.214	0.195	0.092	0.091	0.097	0.107	0.099	0.097	0.096	0.115	0.098	0.108	0.197	0.096	0.104	0.092	0.188	0.097	0.097	0.199	0.096	0.241	0.095	0.228	0.146	0.203	0.090	0.092	0.097	0.227	0.199	0.106	0.228	0.200	0.231	0.213	0.231	0.131	0.100	0.092	0.091	0.091	0.091	0.091	0.092	0.092	0.093	0.093	0.095	0.094	0.090
4:00:08	20.4	0.091	0.098	0.093	0.136	0.094	0.093	0.091	0.091	0.092	0.090	0.094	0.091	0.092	0.097	0.100	0.098	0.109	0.117	0.176	0.100	0.100	0.101	0.098	0.092	0.090	0.112	0.214	0.096	0.099	0.223	0.146	0.099	0.189	0.101	0.244	0.092	0.091	0.097	0.099	0.200	0.244	0.228	0.249	0.216	0.135	0.219	0.206	0.093	0.091	0.098	0.110	0.100	0.098	0.098	0.120	0.100	0.112	0.203	0.097	0.105	0.092	0.193	0.098	0.097	0.205	0.097	0.249	0.096	0.234	0.151	0.210	0.090	0.093	0.099	0.233	0.205	0.108	0.235	0.211	0.238	0.219	0.239	0.137	0.100	0.092	0.091	0.091	0.091	0.091	0.092	0.093	0.093	0.093	0.096	0.095	0.090
5:00:09	20.5	0.091	0.098	0.093	0.140	0.094	0.093	0.091	0.091	0.092	0.091	0.093	0.091	0.092	0.098	0.102	0.099	0.113	0.121	0.182	0.102	0.102	0.102	0.099	0.092	0.090	0.113	0.218	0.098	0.101	0.228	0.152	0.101	0.194	0.102	0.249	0.091	0.091	0.099	0.101	0.204	0.250	0.234	0.256	0.222	0.145	0.225	0.214	0.093	0.091	0.099	0.115	0.101	0.099	0.099	0.124	0.102	0.116	0.209	0.098	0.106	0.092	0.198	0.099	0.099	0.210	0.098	0.254	0.098	0.240	0.157	0.216	0.090	0.093	0.100	0.238	0.210	0.111	0.244	0.219	0.246	0.226	0.246	0.141	0.100	0.092	0.091	0.091	0.091	0.092	0.092	0.093	0.093	0.093	0.096	0.095	0.090
6:00:10	20.5	0.091	0.097	0.093	0.144	0.095	0.093	0.092	0.091	0.092	0.090	0.094	0.091	0.092	0.099	0.105	0.101	0.119	0.132	0.187	0.104	0.104	0.103	0.100	0.092	0.090	0.113	0.220	0.100	0.103	0.234	0.157	0.103	0.200	0.104	0.252	0.091	0.090	0.100	0.103	0.211	0.255	0.240	0.261	0.228	0.155	0.230	0.221	0.092	0.091	0.100	0.121	0.102	0.101	0.100	0.129	0.105	0.120	0.214	0.099	0.106	0.092	0.203	0.101	0.100	0.215	0.100	0.260	0.099	0.248	0.163	0.224	0.090	0.093	0.102	0.243	0.215	0.115	0.253	0.226	0.253	0.231	0.252	0.147	0.100	0.092	0.091	0.091	0.091	0.092	0.092	0.092	0.093	0.093	0.096	0.095	0.090
7:00:12	20.4	0.091	0.097	0.093	0.148	0.094	0.093	0.092	0.091	0.092	0.091	0.094	0.091	0.092	0.102	0.108	0.104	0.131	0.143	0.193	0.106	0.107	0.106	0.102	0.092	0.090	0.116	0.226	0.102	0.106	0.240	0.161	0.109	0.205	0.107	0.257	0.092	0.091	0.102	0.106	0.217	0.260	0.245	0.269	0.233	0.166	0.239	0.226	0.092	0.091	0.102	0.128	0.105	0.103	0.103	0.132	0.109	0.126	0.220	0.101	0.106	0.093	0.208	0.102	0.102	0.219	0.102	0.267	0.101	0.254	0.168	0.230	0.090	0.093	0.104	0.249	0.221	0.123	0.262	0.235	0.259	0.236	0.260	0.152	0.100	0.092	0.091	0.091	0.091	0.092	0.092	0.092	0.093	0.093	0.096	0.095	0.090
8:00:11	20.4	0.091	0.099	0.093	0.152	0.095	0.094	0.092	0.092	0.092	0.091	0.094	0.091	0.092	0.105	0.112	0.107	0.141	0.154	0.199	0.110	0.112	0.110	0.105	0.092	0.090	0.117	0.231	0.105	0.109	0.246	0.165	0.115	0.209	0.110	0.265	0.092	0.091	0.104	0.109	0.223	0.265	0.251	0.275	0.239	0.180	0.252	0.243	0.093	0.091	0.105	0.135	0.107	0.107	0.106	0.136	0.116	0.131	0.225	0.104	0.105	0.093	0.212	0.105	0.105	0.224	0.104	0.273	0.103	0.260	0.174	0.236	0.090	0.093	0.107	0.254	0.225	0.131	0.273	0.243	0.268	0.242	0.268	0.158	0.100	0.092	0.091	0.091	0.091	0.092	0.092	0.092	0.093	0.093	0.096	0.095	0.090
9:00:14	20.3	0.091	0.098	0.093	0.157	0.095	0.094	0.092	0.091	0.092	0.091	0.094	0.091	0.092	0.109	0.117	0.111	0.154	0.169	0.206	0.115	0.118	0.114	0.109	0.092	0.090	0.122	0.238	0.110	0.113	0.253	0.170	0.122	0.214	0.115	0.272	0.092	0.091	0.108	0.114	0.230	0.269	0.255	0.281	0.244	0.196	0.259	0.269	0.092	0.091	0.109	0.141	0.111	0.111	0.111	0.141	0.127	0.138	0.230	0.108	0.106	0.093	0.216	0.109	0.108	0.228	0.108	0.280	0.107	0.265	0.181	0.243	0.091	0.093	0.111	0.259	0.231	0.141	0.281	0.253	0.273	0.248	0.275	0.165	0.101	0.092	0.091	0.091	0.091	0.092	0.092	0.093	0.093	0.093	0.096	0.095	0.090
10:00:14	20.3	0.091	0.101	0.093	0.160	0.095	0.094	0.092	0.092	0.092	0.091	0.094	0.091	0.092	0.115	0.123	0.116	0.172	0.186	0.211	0.121	0.125	0.120	0.114	0.093	0.090	0.127	0.249	0.115	0.118	0.260	0.174	0.132	0.219	0.121	0.278	0.092	0.091	0.113	0.120	0.239	0.275	0.262	0.292	0.249	0.204	0.266	0.277	0.092	0.091	0.113	0.148	0.116	0.119	0.118	0.145	0.137	0.144	0.236	0.113	0.104	0.093	0.219	0.114	0.113	0.233	0.113	0.287	0.112	0.270	0.186	0.249	0.091	0.093	0.117	0.264	0.236	0.159	0.286	0.261	0.279	0.254	0.281	0.173	0.101	0.092	0.091	0.091	0.091	0.092	0.092	0.093	0.093	0.093	0.096	0.095	0.091
11:00:15	20.3	0.091	0.102	0.093	0.165	0.096	0.093	0.091	0.091	0.092	0.091	0.094	0.091	0.092	0.121	0.129	0.123	0.189	0.202	0.217	0.129	0.136	0.128	0.120	0.092	0.090	0.134	0.259	0.121	0.125	0.267	0.179	0.140	0.222	0.129	0.281	0.092	0.091	0.120	0.127	0.241	0.278	0.267	0.300	0.255	0.213	0.274	0.284	0.092	0.091	0.120	0.160	0.124	0.129	0.127	0.152	0.148	0.149	0.241	0.121	0.103	0.092	0.224	0.121	0.120	0.237	0.120	0.295	0.120	0.278	0.191	0.255	0.090	0.093	0.125	0.270	0.242	0.172	0.290	0.270	0.285	0.260	0.285	0.182	0.101	0.092	0.091	0.092	0.091	0.092	0.092	0.093	0.093	0.093	0.096	0.095	0.090
12:00:17	20.3	0.091	0.101	0.093	0.171	0.096	0.094	0.092	0.092	0.092	0.091	0.095	0.091	0.092	0.129	0.139	0.135	0.206	0.217	0.223	0.138	0.145	0.139	0.129	0.092	0.090	0.144	0.266	0.129	0.134	0.275	0.184	0.152	0.227	0.140	0.290	0.092	0.091	0.130	0.138	0.248	0.282	0.274	0.306	0.260	0.225	0.281	0.294	0.093	0.091	0.131	0.177	0.135	0.137	0.136	0.162	0.161	0.156	0.247	0.131	0.105	0.093	0.228	0.132	0.131	0.241	0.131	0.303	0.130	0.285	0.197	0.261	0.090	0.093	0.137	0.274	0.249	0.187	0.297	0.281	0.290	0.265	0.292	0.191	0.100	0.092	0.091	0.091	0.091	0.092	0.092	0.093	0.093	0.093	0.096	0.095	0.090
13:00:16	20.4	0.091	0.100	0.093	0.178	0.096	0.093	0.091	0.092	0.092	0.091	0.094	0.091	0.092	0.138	0.148	0.145	0.221	0.230	0.231	0.148	0.164	0.148	0.141	0.092	0.090	0.149	0.273	0.137	0.142	0.282	0.188	0.175	0.231	0.147	0.295	0.091	0.091	0.138	0.144	0.251	0.287	0.280	0.311	0.266	0.240	0.288	0.300	0.093	0.091	0.139	0.194	0.141	0.147	0.144	0.171	0.175	0.168	0.253	0.139	0.103	0.093	0.232	0.140	0.137	0.246	0.138	0.309	0.136	0.290	0.204	0.266	0.090	0.093	0.145	0.280	0.255	0.198	0.303	0.289	0.297	0.272	0.297	0.198	0.101	0.092	0.091	0.092	0.091	0.092	0.092	0.093	0.093	0.093	0.096	0.095	0.090
14:00:17	20.4	0.091	0.101	0.092	0.183	0.094	0.093	0.091	0.091	0.092	0.091	0.094	0.091	0.092	0.157	0.161	0.168	0.230	0.240	0.238	0.175	0.186	0.171	0.151	0.092	0.090	0.163	0.281	0.148	0.168	0.289	0.193	0.193	0.235	0.166	0.301	0.091	0.090	0.160	0.164	0.256	0.293	0.287	0.316	0.272	0.252	0.295	0.305	0.092	0.090	0.165	0.206	0.162	0.169	0.168	0.180	0.187	0.189	0.258	0.158	0.105	0.093	0.237	0.165	0.164	0.253	0.161	0.313	0.161	0.295	0.210	0.271	0.090	0.092	0.184	0.287	0.261	0.209	0.309	0.295	0.303	0.277	0.303	0.205	0.100	0.092	0.091	0.091	0.091	0.091	0.092	0.092	0.093	0.093	0.096	0.094	0.090
15:00:19	20.5	0.091	0.098	0.093	0.189	0.095	0.093	0.091	0.092	0.092	0.091	0.094	0.091	0.092	0.187	0.195	0.191	0.241	0.252	0.247	0.202	0.207	0.190	0.180	0.092	0.090	0.195	0.287	0.170	0.196	0.296	0.199	0.210	0.241	0.182	0.308	0.091	0.091	0.186	0.189	0.259	0.300	0.294	0.323	0.278	0.264	0.302	0.312	0.093	0.091	0.186	0.213	0.182	0.182	0.182	0.188	0.199	0.209	0.264	0.177	0.104	0.093	0.243	0.181	0.184	0.260	0.170	0.318	0.173	0.301	0.216	0.277	0.090	0.093	0.203	0.295	0.268	0.223	0.315	0.305	0.310	0.284	0.307	0.216	0.101	0.092	0.091	0.091	0.091	0.092	0.092	0.093	0.093	0.093	0.096	0.095	0.090
16:00:19	20.5	0.091	0.099	0.093	0.195	0.096	0.093	0.092	0.091	0.092	0.091	0.094	0.091	0.092	0.195	0.216	0.199	0.253	0.265	0.256	0.218	0.225	0.205	0.196	0.092	0.090	0.210	0.293	0.182	0.212	0.303	0.205	0.225	0.246	0.196	0.315	0.091	0.091	0.194	0.199	0.265	0.307	0.300	0.331	0.284	0.276	0.308	0.317	0.092	0.091	0.192	0.219	0.191	0.194	0.194	0.195	0.209	0.226	0.269	0.188	0.103	0.093	0.249	0.187	0.188	0.267	0.178	0.323	0.179	0.306	0.222	0.283	0.090	0.093	0.207	0.301	0.275	0.237	0.324	0.313	0.316	0.291	0.314	0.225	0.101	0.092	0.091	0.091	0.091	0.092	0.092	0.093	0.093	0.093	0.096	0.095	0.090
17:00:20	20.6	0.091	0.098	0.093	0.200	0.095	0.094	0.092	0.092	0.093	0.091	0.094	0.091	0.092	0.203	0.234	0.206	0.266	0.278	0.267	0.228	0.237	0.217	0.205	0.093	0.090	0.217	0.299	0.192	0.227	0.312	0.212	0.242	0.252	0.209	0.323	0.091	0.091	0.200	0.208	0.273	0.315	0.307	0.338	0.290	0.288	0.313	0.323	0.092	0.091	0.200	0.227	0.200	0.205	0.207	0.202	0.222	0.236	0.276	0.201	0.105	0.093	0.256	0.195	0.197	0.274	0.190	0.330	0.190	0.314	0.227	0.290	0.090	0.093	0.220	0.307	0.283	0.250	0.334	0.322	0.324	0.299	0.321	0.235	0.101	0.092	0.091	0.091	0.091	0.092	0.092	0.093	0.093	0.093	0.096	0.095	0.090
18:00:21	20.6	0.091	0.097	0.093	0.207	0.095	0.094	0.092	0.092	0.093	0.091	0.094	0.091	0.092	0.215	0.252	0.220	0.281	0.292	0.275	0.244	0.253	0.232	0.219	0.093	0.090	0.229	0.306	0.206	0.241	0.320	0.218	0.258	0.258	0.225	0.333	0.091	0.091	0.212	0.222	0.279	0.323	0.314	0.347	0.297	0.300	0.322	0.328	0.093	0.091	0.212	0.235	0.213	0.222	0.222	0.209	0.238	0.247	0.283	0.218	0.105	0.093	0.261	0.207	0.211	0.281	0.203	0.338	0.205	0.322	0.234	0.298	0.091	0.093	0.236	0.314	0.293	0.264	0.344	0.329	0.333	0.307	0.329	0.246	0.101	0.092	0.091	0.091	0.092	0.092	0.092	0.093	0.093	0.093	0.096	0.095	0.090
19:00:23	20.7	0.091	0.098	0.093	0.210	0.095	0.093	0.092	0.092	0.092	0.091	0.094	0.091	0.092	0.231	0.266	0.235	0.296	0.305	0.284	0.261	0.270	0.250	0.235	0.093	0.090	0.242	0.314	0.222	0.258	0.330	0.223	0.273	0.265	0.240	0.341	0.091	0.091	0.227	0.237	0.286	0.331	0.321	0.356	0.305	0.310	0.329	0.334	0.094	0.091	0.225	0.243	0.227	0.237	0.240	0.219	0.253	0.255	0.291	0.237	0.105	0.093	0.266	0.223	0.229	0.288	0.219	0.347	0.221	0.330	0.242	0.306	0.090	0.093	0.254	0.320	0.302	0.276	0.355	0.337	0.342	0.316	0.338	0.257	0.101	0.092	0.091	0.092	0.091	0.092	0.092	0.093	0.093	0.093	0.096	0.095	0.090
20:00:26	20.7	0.091	0.098	0.093	0.218	0.096	0.094	0.092	0.092	0.092	0.091	0.094	0.091	0.092	0.249	0.286	0.252	0.313	0.316	0.293	0.278	0.287	0.269	0.253	0.093	0.090	0.261	0.324	0.237	0.275	0.340	0.229	0.289	0.273	0.257	0.351	0.091	0.091	0.244	0.254	0.296	0.339	0.329	0.368	0.313	0.322	0.339	0.343	0.092	0.091	0.240	0.252	0.242	0.253	0.259	0.230	0.267	0.264	0.300	0.259	0.105	0.093	0.272	0.240	0.249	0.296	0.235	0.357	0.238	0.339	0.251	0.314	0.090	0.093	0.275	0.328	0.313	0.293	0.366	0.346	0.353	0.324	0.348	0.269	0.101	0.092	0.091	0.092	0.091	0.092	0.092	0.093	0.093	0.093	0.096	0.095	0.090
21:00:24	20.7	0.091	0.099	0.093	0.226	0.096	0.093	0.091	0.091	0.092	0.091	0.094	0.091	0.093	0.268	0.304	0.268	0.328	0.328	0.301	0.296	0.303	0.287	0.270	0.092	0.090	0.333	0.333	0.252	0.291	0.350	0.234	0.306	0.282	0.273	0.361	0.091	0.091	0.262	0.273	0.306	0.348	0.338	0.378	0.320	0.335	0.349	0.351	0.092	0.091	0.259	0.260	0.259	0.269	0.277	0.242	0.283	0.277	0.309	0.279	0.105	0.093	0.280	0.256	0.270	0.303	0.250	0.367	0.255	0.348	0.258	0.322	0.090	0.093	0.294	0.338	0.323	0.310	0.379	0.357	0.366	0.333	0.358	0.281	0.101	0.092	0.091	0.091	0.091	0.092	0.092	0.093	0.093	0.093	0.096	0.095	0.090
22:00:25	20.7	0.091	0.099	0.093	0.231	0.095	0.093	0.092	0.092	0.092	0.091	0.094	0.091	0.092	0.266	0.322	0.283	0.342	0.343	0.311	0.313	0.322	0.305	0.286	0.093	0.090	0.347	0.343	0.270	0.308	0.360	0.242	0.325	0.291	0.291	0.371	0.091	0.091	0.281	0.293	0.317	0.358	0.348	0.389	0.329	0.348	0.359	0.361	0.092	0.091	0.276	0.268	0.279	0.288	0.296	0.254	0.300	0.289	0.317	0.294	0.103	0.093	0.288	0.273	0.287	0.311	0.265	0.378	0.269	0.358	0.265	0.333	0.090	0.093	0.312	0.347	0.334	0.328	0.390	0.368	0.377	0.342	0.368	0.293	0.101	0.092	0.091	0.091	0.091	0.091	0.092	0.093	0.093	0.093	0.096	0.095	0.090
23:00:25	20.8	0.091	0.099	0.093	0.233	0.095	0.094	0.092	0.092	0.092	0.091	0.094	0.091	0.093	0.291	0.342	0.301	0.358	0.353	0.321	0.332	0.340	0.326	0.300	0.093	0.090	0.366	0.354	0.286	0.325	0.373	0.251	0.343	0.301	0.308	0.382	0.091	0.091	0.300	0.308	0.328	0.369	0.358	0.402	0.338	0.362	0.371	0.371	0.093	0.091	0.296	0.281	0.297	0.307	0.316	0.266	0.316	0.300	0.325	0.312	0.104	0.093	0.295	0.292	0.305	0.322	0.281	0.390	0.283	0.370	0.273	0.343	0.090	0.093	0.331	0.355	0.344	0.345	0.404	0.380	0.390	0.351	0.380	0.308	0.101	0.092	0.091	0.092	0.092	0.092	0.092	0.093	0.093	0.093	0.096	0.095	0.090
24:00:28	20.9	0.091	0.098	0.093	0.241	0.096	0.094	0.092	0.092	0.092	0.091	0.094	0.091	0.092	0.309	0.357	0.317	0.374	0.367	0.330	0.350	0.358	0.345	0.317	0.093	0.090	0.382	0.365	0.301	0.341	0.385	0.262	0.360	0.311	0.324	0.394	0.091	0.091	0.320	0.325	0.339	0.381	0.367	0.415	0.348	0.375	0.383	0.382	0.093	0.091	0.317	0.291	0.315	0.326	0.335	0.276	0.333	0.312	0.334	0.330	0.104	0.093	0.305	0.312	0.325	0.331	0.295	0.402	0.298	0.382	0.282	0.353	0.090	0.093	0.349	0.365	0.355	0.362	0.417	0.393	0.403	0.362	0.393	0.322	0.101	0.092	0.091	0.092	0.091	0.092	0.092	0.093	0.093	0.093	0.096	0.095	0.090
25:00:27	21.0	0.091	0.099	0.093	0.244	0.095	0.094	0.092	0.092	0.092	0.091	0.094	0.091	0.092	0.327	0.372	0.334	0.388	0.380	0.339	0.369	0.378	0.364	0.334	0.092	0.090	0.389	0.378	0.317	0.358	0.398	0.273	0.377	0.322	0.340	0.406	0.091	0.091	0.338	0.341	0.351	0.393	0.375	0.430	0.361	0.388	0.395	0.394	0.094	0.091	0.336	0.303	0.334	0.344	0.353	0.287	0.350	0.324	0.343	0.350	0.104	0.093	0.315	0.332	0.343	0.341	0.310	0.415	0.314	0.396	0.292	0.364	0.091	0.093	0.367	0.376	0.367	0.378	0.432	0.406	0.416	0.372	0.405	0.339	0.101	0.092	0.091	0.092	0.092	0.092	0.092	0.093	0.094	0.093	0.096	0.095	0.090
26:00:28	21.2	0.091	0.099	0.093	0.248	0.095	0.094	0.092	0.092	0.092	0.091	0.094	0.091	0.092	0.347	0.387	0.351	0.403	0.394	0.351	0.388	0.398	0.383	0.352	0.092	0.090	0.407	0.392	0.332	0.374	0.409	0.284	0.396	0.334	0.357	0.420	0.091	0.091	0.358	0.358	0.364	0.404	0.386	0.443	0.372	0.403	0.408	0.406	0.093	0.091	0.355	0.314	0.353	0.363	0.373	0.298	0.367	0.338	0.354	0.368	0.106	0.093	0.326	0.349	0.362	0.352	0.326	0.429	0.329	0.409	0.302	0.376	0.090	0.093	0.387	0.386	0.379	0.396	0.446	0.418	0.432	0.384	0.420	0.354	0.101	0.092	0.091	0.092	0.092	0.092	0.092	0.093	0.094	0.093	0.096	0.095	0.090
27:00:29	21.3	0.091	0.101	0.093	0.258	0.096	0.094	0.092	0.092	0.092	0.091	0.094	0.091	0.092	0.367	0.402	0.368	0.423	0.410	0.363	0.408	0.419	0.404	0.372	0.092	0.090	0.399	0.406	0.349	0.390	0.425	0.295	0.414	0.345	0.374	0.434	0.091	0.091	0.378	0.378	0.378	0.419	0.397	0.458	0.382	0.416	0.422	0.419	0.093	0.091	0.375	0.323	0.373	0.383	0.393	0.310	0.383	0.351	0.365	0.391	0.105	0.093	0.335	0.368	0.384	0.364	0.344	0.443	0.346	0.424	0.314	0.390	0.090	0.093	0.409	0.395	0.391	0.413	0.463	0.432	0.446	0.396	0.436	0.370	0.101	0.092	0.091	0.092	0.092	0.092	0.092	0.093	0.094	0.094	0.096	0.095	0.090
28:00:31	21.5	0.091	0.101	0.093	0.288	0.096	0.094	0.092	0.092	0.093	0.091	0.094	0.091	0.092	0.388	0.418	0.386	0.441	0.424	0.375	0.431	0.440	0.425	0.390	0.092	0.090	0.418	0.421	0.366	0.410	0.439	0.306	0.435	0.357	0.390	0.448	0.091	0.091	0.399	0.398	0.394	0.433	0.408	0.474	0.394	0.432	0.437	0.431	0.094	0.091	0.396	0.338	0.394	0.405	0.415	0.324	0.401	0.364	0.378	0.415	0.104	0.093	0.346	0.389	0.405	0.375	0.362	0.459	0.363	0.440	0.325	0.402	0.091	0.093	0.433	0.407	0.404	0.431	0.481	0.445	0.463	0.409	0.451	0.387	0.101	0.092	0.091	0.092	0.092	0.092	0.092	0.093	0.094	0.093	0.096	0.095	0.090
29:00:32	21.6	0.091	0.101	0.093	0.262	0.095	0.094	0.092	0.092	0.093	0.091	0.094	0.091	0.092	0.408	0.434	0.407	0.457	0.438	0.388	0.455	0.464	0.449	0.411	0.092	0.090	0.442	0.438	0.384	0.429	0.456	0.319	0.458	0.369	0.407	0.463	0.091	0.091	0.424	0.418	0.409	0.449	0.420	0.489	0.409	0.448	0.452	0.445	0.093	0.091	0.419	0.352	0.417	0.428	0.440	0.337	0.420	0.378	0.390	0.440	0.105	0.093	0.357	0.412	0.429	0.385	0.382	0.475	0.381	0.455	0.337	0.416	0.091	0.093	0.458	0.420	0.417	0.449	0.498	0.458	0.479	0.423	0.468	0.403	0.101	0.092	0.091	0.092	0.092	0.092	0.092	0.093	0.094	0.094	0.096	0.095	0.091
30:00:32	21.6	0.091	0.101	0.093	0.280	0.095	0.094	0.092	0.091	0.092	0.091	0.095	0.091	0.092	0.428	0.453	0.429	0.476	0.454	0.401	0.482	0.489	0.473	0.432	0.092	0.090	0.467	0.456	0.403	0.449	0.472	0.331	0.481	0.383	0.427	0.479	0.091	0.091	0.449	0.443	0.427	0.464	0.433	0.507	0.419	0.466	0.469	0.458	0.092	0.091	0.444	0.364	0.443	0.452	0.463	0.351	0.441	0.393	0.402	0.467	0.105	0.093	0.368	0.435	0.454	0.398	0.403	0.491	0.400	0.472	0.349	0.431	0.091	0.093	0.483	0.431	0.431	0.470	0.517	0.470	0.496	0.437	0.487	0.422	0.101	0.092	0.091	0.092	0.091	0.092	0.092	0.093	0.094	0.093	0.096	0.095	0.090
31:00:34	21.6	0.091	0.101	0.093	0.290	0.095	0.094	0.092	0.091	0.092	0.091	0.094	0.091	0.092	0.449	0.473	0.455	0.494	0.468	0.414	0.508	0.515	0.499	0.454	0.092	0.090	0.495	0.475	0.424	0.471	0.490	0.344	0.506	0.395	0.449	0.496	0.091	0.091	0.475	0.469	0.446	0.481	0.446	0.523	0.433	0.484	0.486	0.473	0.092	0.091	0.469	0.379	0.469	0.481	0.492	0.365	0.463	0.408	0.415	0.496	0.106	0.093	0.383	0.459	0.481	0.411	0.424	0.509	0.419	0.491	0.361	0.445	0.091	0.094	0.508	0.444	0.445	0.491	0.536	0.483	0.513	0.453	0.503	0.439	0.101	0.092	0.091	0.092	0.091	0.092	0.092	0.093	0.093	0.093	0.096	0.095	0.090
32:00:34	21.4	0.091	0.101	0.093	0.295	0.095	0.094	0.092	0.091	0.092	0.090	0.094	0.091	0.092	0.473	0.493	0.480	0.513	0.483	0.430	0.536	0.543	0.526	0.478	0.091	0.090	0.521	0.493	0.444	0.493	0.505	0.356	0.531	0.408	0.469	0.515	0.091	0.091	0.504	0.495	0.461	0.499	0.460	0.540	0.446	0.503	0.502	0.485	0.093	0.091	0.496	0.395	0.496	0.510	0.520	0.380	0.485	0.424	0.427	0.525	0.106	0.093	0.396	0.485	0.508	0.424	0.444	0.525	0.440	0.508	0.374	0.459	0.090	0.093	0.533	0.457	0.458	0.514	0.555	0.496	0.534	0.469	0.524	0.456	0.101	0.092	0.091	0.091	0.091	0.092	0.092	0.093	0.093	0.093	0.096	0.095	0.090
33:00:34	21.3	0.091	0.100	0.093	0.307	0.095	0.094	0.092	0.092	0.093	0.091	0.094	0.091	0.093	0.497	0.514	0.507	0.532	0.500	0.443	0.564	0.570	0.554	0.502	0.092	0.090	0.548	0.514	0.465	0.516	0.523	0.369	0.557	0.420	0.491	0.531	0.091	0.091	0.531	0.521	0.479	0.517	0.475	0.558	0.461	0.522	0.522	0.500	0.094	0.091	0.523	0.409	0.523	0.538	0.548	0.395	0.509	0.441	0.441	0.554	0.106	0.093	0.409	0.511	0.536	0.438	0.467	0.545	0.461	0.529	0.387	0.476	0.090	0.093	0.559	0.473	0.473	0.539	0.575	0.509	0.553	0.485	0.544	0.476	0.101	0.092	0.091	0.092	0.091	0.092	0.092	0.093	0.093	0.093	0.096	0.095	0.090
34:00:36	21.1	0.091	0.099	0.093	0.318	0.095	0.094	0.092	0.092	0.092	0.091	0.094	0.091	0.092	0.520	0.534	0.535	0.556	0.518	0.458	0.594	0.598	0.581	0.526	0.092	0.090	0.574	0.533	0.487	0.538	0.542	0.383	0.582	0.435	0.513	0.548	0.091	0.091	0.560	0.547	0.498	0.535	0.490	0.576	0.474	0.543	0.540	0.511	0.092	0.091	0.552	0.425	0.551	0.567	0.577	0.410	0.533	0.458	0.456	0.582	0.105	0.093	0.425	0.538	0.564	0.453	0.488	0.564	0.484	0.547	0.399	0.492	0.090	0.093	0.586	0.486	0.488	0.562	0.598	0.521	0.573	0.500	0.566	0.491	0.101	0.092	0.091	0.092	0.091	0.092	0.091	0.093	0.093	0.094	0.096	0.095	0.090
35:00:39	21.0	0.091	0.098	0.093	0.324	0.095	0.094	0.092	0.092	0.092	0.091	0.095	0.091	0.093	0.546	0.557	0.562	0.576	0.534	0.471	0.622	0.629	0.610	0.552	0.092	0.090	0.601	0.553	0.507	0.561	0.559	0.396	0.610	0.451	0.533	0.566	0.091	0.091	0.589	0.574	0.516	0.555	0.506	0.597	0.489	0.563	0.559	0.523	0.092	0.091	0.579	0.442	0.581	0.597	0.606	0.425	0.559	0.476	0.470	0.612	0.104	0.093	0.440	0.566	0.592	0.468	0.510	0.580	0.504	0.568	0.413	0.509	0.091	0.093	0.611	0.502	0.503	0.591	0.620	0.532	0.595	0.516	0.587	0.508	0.101	0.092	0.091	0.092	0.092	0.092	0.092	0.093	0.094	0.093	0.096	0.095	0.090
36:00:38	20.8	0.091	0.097	0.093	0.330	0.095	0.094	0.092	0.092	0.092	0.091	0.095	0.091	0.092	0.571	0.578	0.590	0.600	0.552	0.486	0.649	0.654	0.638	0.576	0.092	0.090	0.629	0.576	0.528	0.584	0.578	0.410	0.635	0.466	0.556	0.585	0.091	0.091	0.617	0.601	0.536	0.575	0.522	0.615	0.505	0.584	0.579	0.536	0.092	0.091	0.607	0.459	0.609	0.627	0.639	0.440	0.584	0.493	0.485	0.642	0.105	0.093	0.456	0.592	0.619	0.483	0.531	0.601	0.523	0.589	0.425	0.526	0.091	0.093	0.635	0.517	0.521	0.619	0.642	0.541	0.615	0.532	0.609	0.525	0.101	0.092	0.091	0.092	0.092	0.092	0.092	0.093	0.094	0.094	0.096	0.095	0.090
37:00:38	20.5	0.091	0.097	0.093	0.338	0.095	0.094	0.092	0.092	0.093	0.091	0.095	0.091	0.093	0.595	0.600	0.617	0.622	0.569	0.501	0.687	0.682	0.681	0.600	0.092	0.090	0.657	0.599	0.548	0.606	0.599	0.424	0.660	0.482	0.581	0.603	0.091	0.091	0.648	0.631	0.555	0.597	0.537	0.638	0.519	0.606	0.598	0.547	0.092	0.091	0.636	0.475	0.639	0.655	0.670	0.454	0.613	0.513	0.500	0.671	0.105	0.093	0.472	0.619	0.645	0.499	0.553	0.621	0.542	0.612	0.438	0.542	0.091	0.093	0.659	0.532	0.537	0.642	0.667	0.553	0.636	0.549	0.631	0.543	0.101	0.092	0.091	0.092	0.092	0.092	0.092	0.093	0.093	0.093	0.096	0.095	0.090
38:00:48	20.3	0.091	0.096	0.093	0.346	0.095	0.093	0.092	0.091	0.092	0.091	0.095	0.091	0.093	0.619	0.619	0.646	0.642	0.586	0.517	0.734	0.727	0.736	0.622	0.092	0.090	0.680	0.623	0.568	0.628	0.616	0.438	0.685	0.498	0.602	0.623	0.091	0.091	0.673	0.655	0.577	0.619	0.552	0.656	0.534	0.626	0.619	0.558	0.094	0.091	0.663	0.490	0.693	0.681	0.696	0.468	0.636	0.534	0.515	0.696	0.105	0.093	0.488	0.644	0.673	0.515	0.573	0.641	0.561	0.634	0.451	0.558	0.091	0.093	0.682	0.547	0.553	0.666	0.688	0.560	0.655	0.564	0.655	0.559	0.101	0.092	0.091	0.092	0.091	0.092	0.092	0.093	0.094	0.093	0.096	0.095	0.090
39:00:40	20.2	0.091	0.096	0.093	0.353	0.095	0.094	0.092	0.092	0.092	0.091	0.094	0.091	0.092	0.642	0.638	0.670	0.661	0.604	0.531	0.759	0.748	0.764	0.644	0.092	0.090	0.701	0.645	0.588	0.650	0.637	0.450	0.706	0.511	0.622	0.643	0.091	0.091	0.697	0.682	0.596	0.640	0.568	0.674	0.551	0.649	0.639	0.572	0.093	0.091	0.685	0.504	0.717	0.708	0.718	0.482	0.658	0.555	0.531	0.730	0.106	0.093	0.505	0.669	0.701	0.531	0.593	0.661	0.577	0.657	0.464	0.578	0.091	0.093	0.705	0.563	0.569	0.693	0.711	0.569	0.677	0.580	0.681	0.575	0.092	0.092	0.091	0.092	0.092	0.092	0.092	0.093	0.093	0.093	0.096	0.095	0.090
40:00:42	20.0	0.091	0.096	0.093	0.356	0.095	0.094	0.092	0.092	0.092	0.091	0.095	0.091	0.092	0.665	0.656	0.698	0.684	0.620	0.546	0.779	0.770	0.785	0.665	0.092	0.090	0.723	0.670	0.607	0.666	0.657	0.462	0.740	0.527	0.641	0.662	0.091	0.091	0.718	0.713	0.617	0.665	0.583	0.691	0.567	0.670	0.662	0.584	0.093	0.091	0.710	0.523	0.754	0.732	0.742	0.497	0.684	0.577	0.546	0.757	0.106	0.093	0.520	0.690	0.725	0.547	0.612	0.679	0.598	0.681	0.475	0.595	0.090	0.093	0.727	0.579	0.584	0.715	0.733	0.577	0.695	0.596	0.708	0.592	0.093	0.092	0.091	0.092	0.091	0.092	0.092	0.093	0.094	0.093	0.096	0.095	0.090
41:00:44	20.0	0.091	0.096	0.093	0.369	0.095	0.094	0.092	0.092	0.093	0.091	0.094	0.091	0.093	0.684	0.675	0.720	0.705	0.636	0.562	0.797	0.789	0.806	0.685	0.092	0.090	0.749	0.692	0.625	0.688	0.676	0.474	0.757	0.542	0.658	0.682	0.091	0.091	0.739	0.736	0.637	0.686	0.599	0.709	0.582	0.693	0.682	0.592	0.092	0.091	0.731	0.538	0.776	0.754	0.763	0.509	0.700	0.595	0.562	0.778	0.106	0.093	0.535	0.714	0.745	0.563	0.629	0.699	0.614	0.704	0.486	0.611	0.090	0.093	0.747	0.593	0.599	0.743	0.753	0.585	0.714	0.611	0.729	0.605	0.092	0.092	0.091	0.092	0.092	0.092	0.092	0.093	0.094	0.094	0.096	0.095	0.090
42:00:45	20.0	0.091	0.096	0.093	0.375	0.095	0.094	0.092	0.092	0.092	0.091	0.094	0.091	0.093	0.702	0.687	0.741	0.726	0.656	0.577	0.813	0.805	0.824	0.703	0.092	0.090	0.767	0.714	0.642	0.704	0.696	0.485	0.774	0.558	0.675	0.702	0.092	0.091	0.761	0.760	0.658	0.708	0.612	0.730	0.598	0.711	0.704	0.602	0.094	0.091	0.750	0.554	0.798	0.780	0.785	0.520	0.722	0.613	0.577	0.800	0.106	0.093	0.551	0.737	0.765	0.578	0.643	0.719	0.630	0.727	0.498	0.625	0.091	0.094	0.767	0.608	0.614	0.767	0.775	0.598	0.736	0.625	0.751	0.621	0.092	0.093	0.091	0.092	0.092	0.092	0.092	0.093	0.094	0.094	0.096	0.095	0.090
43:00:46	20.0	0.091	0.097	0.093	0.380	0.095	0.094	0.092	0.092	0.092	0.091	0.094	0.091	0.092	0.723	0.701	0.760	0.748	0.673	0.590	0.828	0.822	0.841	0.715	0.092	0.090	0.786	0.733	0.656	0.719	0.714	0.495	0.801	0.573	0.690	0.721	0.091	0.091	0.779	0.781	0.679	0.728	0.626	0.743	0.612	0.726	0.723	0.614	0.094	0.091	0.772	0.570	0.817	0.802	0.803	0.529	0.762	0.629	0.591	0.819	0.106	0.093	0.565	0.756	0.784	0.592	0.657	0.736	0.642	0.747	0.507	0.641	0.091	0.093	0.785	0.621	0.629	0.789	0.791	0.605	0.752	0.637	0.767	0.633	0.093	0.092	0.091	0.092	0.091	0.092	0.092	0.093	0.093	0.094	0.096	0.095	0.090
44:00:47	20.0	0.091	0.096	0.093	0.378	0.096	0.094	0.092	0.092	0.092	0.091	0.094	0.091	0.093	0.743	0.711	0.779	0.772	0.691	0.605	0.843	0.837	0.856	0.727	0.092	0.090	0.805	0.750	0.666	0.731	0.731	0.503	0.809	0.587	0.704	0.741	0.091	0.091	0.801	0.800	0.698	0.745	0.639	0.752	0.627	0.750	0.740	0.611	0.092	0.091	0.787	0.585	0.834	0.820	0.823	0.539	0.795	0.634	0.605	0.837	0.107	0.093	0.578	0.774	0.803	0.605	0.671	0.752	0.652	0.763	0.517	0.657	0.090	0.093	0.799	0.634	0.642	0.805	0.804	0.610	0.767	0.649	0.780	0.644	0.092	0.092	0.091	0.092	0.092	0.092	0.092	0.093	0.093	0.094	0.096	0.095	0.090
45:00:48	20.0	0.091	0.095	0.093	0.388	0.096	0.094	0.092	0.092	0.093	0.091	0.094	0.091	0.093	0.760	0.720	0.797	0.791	0.708	0.617	0.857	0.852	0.872	0.740	0.092	0.090	0.820	0.762	0.675	0.743	0.743	0.512	0.824	0.601	0.714	0.756	0.091	0.091	0.816	0.817	0.714	0.761	0.652	0.763	0.641	0.769	0.756	0.627	0.092	0.091	0.804	0.602	0.854	0.840	0.840	0.546	0.798	0.628	0.618	0.853	0.106	0.093	0.592	0.792	0.821	0.617	0.687	0.760	0.664	0.775	0.525	0.669	0.091	0.093	0.817	0.646	0.654	0.828	0.817	0.605	0.779	0.659	0.792	0.655	0.093	0.092	0.091	0.092	0.092	0.092	0.092	0.093	0.094	0.093	0.096	0.095	0.090
46:00:49	20.0	0.091	0.096	0.093	0.396	0.095	0.094	0.092	0.092	0.093	0.091	0.094	0.091	0.093	0.777	0.733	0.813	0.814	0.719	0.630	0.872	0.866	0.886	0.750	0.092	0.090	0.832	0.773	0.686	0.756	0.755	0.519	0.837	0.614	0.724	0.771	0.091	0.091	0.830	0.835	0.726	0.774	0.662	0.778	0.653	0.781	0.768	0.643	0.092	0.091	0.820	0.615	0.873	0.853	0.856	0.552	0.824	0.632	0.630	0.867	0.106	0.093	0.605	0.809	0.837	0.628	0.699	0.770	0.669	0.786	0.533	0.682	0.091	0.093	0.833	0.658	0.663	0.845	0.828	0.601	0.787	0.668	0.803	0.663	0.093	0.092	0.091	0.092	0.092	0.092	0.092	0.093	0.094	0.094	0.096	0.095	0.090
47:00:49	20.0	0.091	0.096	0.093	0.396	0.096	0.094	0.092	0.092	0.093	0.091	0.094	0.091	0.093	0.792	0.744	0.829	0.840	0.735	0.640	0.886	0.880	0.899	0.761	0.092	0.090	0.847	0.782	0.696	0.766	0.766	0.526	0.850	0.625	0.734	0.783	0.091	0.091	0.846	0.852	0.731	0.785	0.671	0.787	0.665	0.787	0.776	0.661	0.092	0.091	0.834	0.626	0.891	0.865	0.870	0.558	0.811	0.636	0.641	0.881	0.106	0.093	0.616	0.825	0.850	0.638	0.710	0.778	0.679	0.796	0.539	0.692	0.091	0.094	0.849	0.667	0.673	0.847	0.842	0.601	0.796	0.677	0.813	0.671	0.092	0.093	0.091	0.092	0.092	0.092	0.092	0.093	0.094	0.094	0.096	0.095	0.090
48:00:51	19.9	0.091	0.096	0.093	0.407	0.095	0.094	0.092	0.092	0.092	0.091	0.095	0.091	0.092	0.809	0.752	0.845	0.858	0.765	0.650	0.900	0.892	0.911	0.770	0.092	0.090	0.861	0.791	0.706	0.776	0.774	0.531	0.873	0.637	0.743	0.792	0.091	0.091	0.861	0.868	0.738	0.795	0.678	0.792	0.674	0.793	0.787	0.676	0.092	0.091	0.853	0.639	0.906	0.880	0.883	0.562	0.811	0.640	0.650	0.896	0.106	0.093	0.625	0.841	0.865	0.647	0.721	0.786	0.691	0.804	0.544	0.702	0.091	0.093	0.860	0.675	0.682	0.857	0.848	0.605	0.805	0.684	0.826	0.677	0.093	0.092	0.091	0.092	0.092	0.092	0.092	0.093	0.094	0.094	0.096	0.095	0.090
49:00:52	19.8	0.091	0.095	0.093	0.415	0.095	0.094	0.092	0.092	0.093	0.091	0.094	0.091	0.093	0.822	0.763	0.862	0.872	0.788	0.658	0.913	0.902	0.922	0.780	0.092	0.090	0.877	0.800	0.718	0.788	0.783	0.534	0.888	0.646	0.748	0.801	0.091	0.091	0.877	0.884	0.744	0.806	0.685	0.791	0.682	0.806	0.793	0.704	0.092	0.091	0.869	0.651	0.919	0.895	0.895	0.566	0.822	0.642	0.659	0.910	0.106	0.093	0.634	0.852	0.881	0.655	0.728	0.792	0.703	0.812	0.547	0.702	0.091	0.093	0.871	0.683	0.690	0.867	0.857	0.598	0.813	0.689	0.833	0.681	0.093	0.092	0.091	0.092	0.092	0.092	0.092	0.093	0.094	0.094	0.096	0.095	0.090
50:00:53	19.8	0.091	0.095	0.093	0.423	0.095	0.094	0.092	0.092	0.092	0.091	0.094	0.091	0.093	0.834	0.772	0.875	0.851	0.793	0.665	0.925	0.909	0.931	0.786	0.092	0.090	0.894	0.806	0.729	0.797	0.790	0.539	0.881	0.653	0.757	0.809	0.091	0.091	0.888	0.898	0.751	0.812	0.690	0.804	0.690	0.818	0.801	0.714	0.092	0.091	0.879	0.659	0.932	0.908	0.903	0.567	0.833	0.644	0.664	0.921	0.106	0.093	0.642	0.866	0.892	0.661	0.737	0.798	0.710	0.818	0.552	0.705	0.090	0.093	0.881	0.692	0.696	0.875	0.859	0.600	0.825	0.693	0.841	0.686	0.092	0.092	0.091	0.092	0.091	0.092	0.092	0.093	0.093	0.093	0.096	0.095	0.090
51:00:54	19.9	0.091	0.095	0.093	0.429	0.095	0.094	0.092	0.092	0.093	0.091	0.095	0.091	0.093	0.849	0.779	0.888	0.867	0.797	0.670	0.933	0.916	0.941	0.790	0.092	0.090	0.905	0.816	0.737	0.802	0.802	0.542	0.896	0.659	0.763	0.817	0.091	0.091	0.898	0.911	0.757	0.814	0.695	0.812	0.696	0.827	0.817	0.714	0.092	0.091	0.890	0.666	0.943	0.920	0.912	0.569	0.841	0.646	0.669	0.934	0.107	0.093	0.648	0.879	0.902	0.666	0.742	0.804	0.716	0.824	0.555	0.711	0.091	0.094	0.891	0.697	0.701	0.885	0.873	0.601	0.834	0.698	0.846	0.690	0.093	0.092	0.091	0.092	0.092	0.092	0.092	0.093	0.094	0.094	0.096	0.095	0.090
52:00:55	20.2	0.091	0.095	0.093	0.429	0.095	0.094	0.092	0.092	0.092	0.091	0.094	0.092	0.093	0.861	0.785	0.909	0.877	0.799	0.673	0.944	0.921	0.947	0.791	0.092	0.090	0.917	0.818	0.745	0.807	0.805	0.543	0.906	0.664	0.770	0.825	0.091	0.091	0.910	0.920	0.760	0.818	0.698	0.803	0.701	0.840	0.821	0.715	0.094	0.091	0.898	0.673	0.950	0.928	0.920	0.570	0.851	0.645	0.673	0.943	0.106	0.093	0.654	0.890	0.911	0.671	0.745	0.812	0.721	0.828	0.557	0.715	0.091	0.093	0.902	0.702	0.705	0.893	0.874	0.601	0.853	0.701	0.851	0.692	0.093	0.092	0.091	0.092	0.092	0.092	0.092	0.093	0.094	0.094	0.096	0.095	0.090
53:00:56	20.3	0.091	0.095	0.093	0.428	0.095	0.094	0.092	0.092	0.093	0.091	0.094	0.091	0.093	0.873	0.791	0.898	0.887	0.803	0.678	0.949	0.927	0.955	0.791	0.092	0.090	0.928	0.820	0.752	0.810	0.821	0.544	0.916	0.668	0.776	0.847	0.091	0.091	0.919	0.928	0.724	0.823	0.702	0.780	0.704	0.848	0.826	0.720	0.092	0.091	0.906	0.679	0.956	0.939	0.930	0.569	0.860	0.645	0.678	0.951	0.105	0.093	0.659	0.898	0.917	0.675	0.749	0.823	0.724	0.832	0.559	0.718	0.090	0.093	0.912	0.706	0.709	0.901	0.876	0.602	0.865	0.704	0.854	0.696	0.092	0.092	0.091	0.092	0.091	0.092	0.092	0.093	0.093	0.094	0.096	0.095	0.090
54:00:57	20.3	0.091	0.096	0.093	0.425	0.096	0.094	0.092	0.092	0.093	0.091	0.094	0.091	0.093	0.882	0.795	0.956	0.896	0.808	0.682	0.954	0.933	0.959	0.792	0.092	0.090	0.940	0.846	0.757	0.814	0.823	0.546	0.980	0.670	0.777	0.853	0.091	0.091	0.931	0.937	0.722	0.821	0.704	0.801	0.707	0.856	0.831	0.732	0.092	0.091	0.916	0.684	0.965	0.947	0.938	0.569	0.869	0.645	0.682	0.959	0.105	0.093	0.663	0.907	0.927	0.679	0.752	0.830	0.727	0.837	0.561	0.725	0.090	0.093	0.920	0.710	0.713	0.911	0.887	0.604	0.870	0.707	0.874	0.699	0.092	0.092	0.091	0.092	0.092	0.092	0.092	0.093	0.094	0.094	0.096	0.095	0.090
55:00:58	20.3	0.091	0.096	0.093	0.446	0.095	0.094	0.092	0.092	0.093	0.091	0.094	0.091	0.092	0.890	0.798	0.976	0.901	0.816	0.684	0.957	0.938	0.963	0.794	0.092	0.090	0.951	0.861	0.762	0.820	0.828	0.547	0.968	0.673	0.777	0.821	0.091	0.091	0.939	0.945	0.719	0.805	0.706	0.822	0.710	0.861	0.832	0.731	0.092	0.091	0.925	0.688	0.973	0.955	0.943	0.571	0.880	0.646	0.685	0.966	0.106	0.093	0.666	0.917	0.934	0.683	0.756	0.844	0.731	0.843	0.562	0.726	0.090	0.093	0.925	0.713	0.717	0.917	0.893	0.605	0.886	0.710	0.880	0.701	0.092	0.092	0.091	0.092	0.091	0.092	0.092	0.093	0.094	0.094	0.096	0.095	0.090
56:01:00	20.2	0.091	0.096	0.093	0.585	0.095	0.094	0.092	0.092	0.093	0.091	0.094	0.091	0.093	0.897	0.800	0.916	0.909	0.824	0.688	0.959	0.942	0.966	0.795	0.092	0.090	0.960	0.905	0.763	0.823	0.852	0.547	0.982	0.676	0.779	0.831	0.091	0.091	0.946	0.951	0.721	0.801	0.710	0.833	0.713	0.866	0.823	0.652	0.092	0.091	0.931	0.693	0.981	0.963	0.949	0.572	0.886	0.648	0.689	0.972	0.106	0.093	0.672	0.926	0.942	0.687	0.761	0.856	0.733	0.847	0.564	0.729	0.091	0.093	0.932	0.715	0.723	0.922	0.901	0.606	0.915	0.713	0.882	0.706	0.092	0.093	0.091	0.092	0.092	0.092	0.092	0.093	0.094	0.094	0.096	0.095	0.090
57:00:59	20.1	0.091	0.095	0.093	0.443	0.095	0.094	0.092	0.091	0.093	0.091	0.095	0.091	0.093	0.903	0.802	0.921	0.917	0.823	0.690	0.963	0.945	0.969	0.798	0.092	0.090	0.964	0.858	0.765	0.823	0.781	0.548	0.992	0.678	0.783	0.840	0.091	0.091	0.953	0.958	0.729	0.772	0.712	0.831	0.715	0.872	0.820	0.631	0.092	0.091	0.936	0.696	0.986	0.972	0.954	0.573	0.893	0.649	0.691	0.979	0.106	0.093	0.675	0.934	0.947	0.689	0.764	0.851	0.735	0.851	0.565	0.735	0.091	0.093	0.937	0.721	0.726	0.929	0.908	0.608	0.947	0.715	0.884	0.709	0.093	0.092	0.091	0.092	0.091	0.092	0.092	0.093	0.094	0.094	0.096	0.095	0.090
58:00:59	20.0	0.091	0.096	0.093	0.426	0.096	0.094	0.092	0.092	0.092	0.091	0.095	0.091	0.093	0.909	0.803	0.934	0.920	0.826	0.693	0.966	0.946	0.972	0.801	0.092	0.090	0.967	0.774	0.769	0.828	0.777	0.550	0.883	0.680	0.785	0.852	0.091	0.091	0.957	0.961	0.740	0.766	0.716	0.833	0.717	0.874	0.827	0.629	0.092	0.091	0.942	0.698	0.990	0.977	0.957	0.576	0.897	0.651	0.695	0.985	0.106	0.093	0.679	0.939	0.950	0.693	0.766	0.804	0.734	0.855	0.567	0.737	0.091	0.093	0.938	0.722	0.729	0.935	0.911	0.611	0.946	0.718	0.889	0.710	0.092	0.092	0.091	0.092	0.092	0.092	0.092	0.093	0.094	0.094	0.096	0.095	0.090
59:01:01	19.9	0.091	0.096	0.093	0.475	0.095	0.094	0.092	0.092	0.093	0.091	0.094	0.091	0.092	0.913	0.804	0.934	0.919	0.829	0.696	0.967	0.948	0.976	0.802	0.092	0.090	0.971	0.763	0.773	0.831	0.790	0.551	0.889	0.683	0.787	0.856	0.091	0.091	0.960	0.964	0.749	0.761	0.719	0.839	0.719	0.879	0.831	0.628	0.093	0.091	0.945	0.700	0.993	0.980	0.958	0.577	0.904	0.652	0.698	0.990	0.106	0.093	0.683	0.945	0.954	0.694	0.766	0.796	0.738	0.859	0.569	0.742	0.091	0.093	0.941	0.724	0.733	0.940	0.916	0.610	0.931	0.718	0.893	0.713	0.092	0.092	0.091	0.092	0.091	0.092	0.092	0.093	0.094	0.093	0.096	0.095	0.090
60:01:04	19.9	0.091	0.092	0.093	0.566	0.097	0.094	0.092	0.092	0.093	0.091	0.094	0.091	0.093	0.916	0.806	0.930	0.924	0.843	0.698	0.968	0.948	0.979	0.803	0.092	0.090	0.973	0.769	0.777	0.829	0.809	0.553	0.892	0.685	0.787	0.852	0.091	0.091	0.963	0.967	0.760	0.759	0.720	0.839	0.722	0.883	0.843	0.629	0.092	0.091	0.947	0.701	0.997	0.984	0.959	0.580	0.913	0.653	0.700	0.993	0.105	0.093	0.687	0.949	0.957	0.696	0.768	0.799	0.741	0.874	0.571	0.743	0.090	0.093	0.942	0.728	0.734	0.940	0.918	0.616	0.927	0.720	0.897	0.715	0.092	0.092	0.091	0.092	0.092	0.092	0.092	0.093	0.094	0.094	0.096	0.095	0.090
61:01:03	19.9	0.091	0.092	0.093	0.493	0.095	0.094	0.092	0.092	0.093	0.091	0.094	0.091	0.093	0.917	0.807	0.934	0.929	0.846	0.700	0.969	0.949	0.978	0.803	0.092	0.090	0.973	0.769	0.777	0.831	0.825	0.554	0.895	0.688	0.788	0.850	0.091	0.091	0.967	0.969	0.762	0.760	0.724	0.838	0.724	0.886	0.850	0.630	0.093	0.091	0.949	0.703	0.999	0.988	0.961	0.583	0.917	0.657	0.703	0.996	0.106	0.093	0.691	0.953	0.959	0.700	0.770	0.771	0.738	0.900	0.573	0.740	0.091	0.093	0.944	0.730	0.738	0.947	0.936	0.616	0.946	0.722	0.907	0.717	0.092	0.092	0.091	0.092	0.092	0.092	0.092	0.093	0.094	0.094	0.096	0.095	0.090
62:01:03	19.9	0.091	0.092	0.093	0.452	0.095	0.094	0.092	0.092	0.093	0.091	0.094	0.091	0.093	0.917	0.807	0.932	0.935	0.842	0.703	0.968	0.949	0.978	0.803	0.092	0.090	0.972	0.770	0.778	0.830	0.770	0.555	0.896	0.689	0.786	0.860	0.091	0.091	0.969	0.969	0.764	0.761	0.727	0.843	0.725	0.888	0.860	0.630	0.092	0.091	0.951	0.704	1.000	0.991	0.961	0.584	0.918	0.658	0.706	0.998	0.106	0.093	0.696	0.955	0.962	0.702	0.770	0.769	0.738	0.919	0.576	0.739	0.091	0.093	0.944	0.732	0.740	0.950	0.942	0.637	0.950	0.724	0.910	0.718	0.092	0.092	0.091	0.092	0.092	0.092	0.092	0.094	0.094	0.094	0.096	0.095	0.090
63:01:05	19.8	0.091	0.092	0.093	0.495	0.096	0.094	0.092	0.092	0.093	0.091	0.094	0.091	0.093	0.919	0.806	0.934	0.938	0.853	0.707	0.968	0.950	0.977	0.803	0.092	0.090	0.971	0.772	0.780	0.831	0.792	0.558	0.898	0.692	0.787	0.867	0.091	0.091	0.970	0.970	0.771	0.761	0.730	0.851	0.726	0.889	0.871	0.630	0.092	0.091	0.953	0.706	1.001	0.991	0.963	0.587	0.922	0.660	0.708	0.999	0.106	0.093	0.698	0.958	0.963	0.705	0.771	0.769	0.740	0.942	0.579	0.737	0.090	0.093	0.944	0.733	0.741	0.955	0.950	0.638	0.929	0.727	0.915	0.720	0.092	0.092	0.091	0.092	0.092	0.092	0.092	0.093	0.094	0.094	0.096	0.094	0.090
64:01:06	19.8	0.091	0.092	0.093	0.496	0.095	0.094	0.092	0.092	0.092	0.090	0.094	0.091	0.092	0.921	0.807	0.934	0.940	0.853	0.711	0.968	0.948	0.978	0.803	0.092	0.090	0.970	0.774	0.779	0.830	0.839	0.558	0.900	0.692	0.787	0.868	0.091	0.091	0.971	0.971	0.767	0.760	0.732	0.854	0.727	0.891	0.926	0.630	0.092	0.091	0.953	0.706	1.000	0.995	0.962	0.589	0.925	0.662	0.710	1.000	0.106	0.093	0.701	0.959	0.964	0.709	0.773	0.769	0.739	0.947	0.580	0.740	0.090	0.093	0.944	0.735	0.743	0.959	0.955	0.640	0.923	0.731	0.916	0.721	0.092	0.092	0.091	0.092	0.091	0.092	0.092	0.093	0.094	0.093	0.096	0.095	0.090
65:01:07	19.7	0.091	0.092	0.093	0.505	0.096	0.094	0.092	0.092	0.093	0.091	0.095	0.091	0.093	0.921	0.807	0.934	0.946	0.856	0.713	0.967	0.948	0.977	0.803	0.092	0.090	0.969	0.776	0.778	0.830	0.862	0.562	0.901	0.692	0.788	0.862	0.091	0.091	0.972	0.970	0.770	0.760	0.735	0.854	0.731	0.896	0.920	0.631	0.092	0.091	0.954	0.707	1.000	0.997	0.961	0.592	0.929	0.663	0.713	1.000	0.105	0.093	0.705	0.960	0.965	0.713	0.769	0.777	0.739	0.946	0.582	0.742	0.091	0.093	0.943	0.737	0.748	0.962	0.961	0.643	0.933	0.733	0.921	0.724	0.092	0.092	0.091	0.092	0.092	0.092	0.092	0.093	0.094	0.094	0.096	0.095	0.090
66:01:08	19.6	0.091	0.092	0.093	0.526	0.096	0.094	0.092	0.092	0.093	0.091	0.094	0.092	0.093	0.923	0.808	0.930	0.948	0.858	0.716	0.968	0.949	0.978	0.804	0.092	0.091	0.968	0.778	0.779	0.830	0.869	0.564	0.902	0.696	0.788	0.872	0.092	0.091	0.972	0.973	0.762	0.763	0.739	0.869	0.735	0.898	0.916	0.632	0.093	0.091	0.954	0.709	0.999	0.991	0.961	0.595	0.933	0.665	0.716	1.001	0.106	0.093	0.708	0.961	0.966	0.716	0.771	0.773	0.741	0.955	0.584	0.744	0.091	0.094	0.947	0.740	0.752	0.967	0.967	0.647	0.937	0.737	0.923	0.727	0.093	0.093	0.091	0.092	0.092	0.092	0.092	0.094	0.094	0.094	0.096	0.095	0.091
67:01:09	19.5	0.091	0.092	0.093	0.528	0.096	0.094	0.092	0.092	0.092	0.091	0.094	0.091	0.092	0.923	0.807	0.931	0.954	0.856	0.719	0.966	0.948	0.978	0.802	0.092	0.090	0.969	0.779	0.779	0.830	0.878	0.566	0.902	0.699	0.787	0.881	0.091	0.091	0.970	0.972	0.760	0.765	0.743	0.860	0.736	0.901	0.911	0.632	0.092	0.091	0.954	0.710	0.998	0.992	0.960	0.598	0.934	0.667	0.718	1.000	0.106	0.093	0.712	0.960	0.966	0.718	0.770	0.772	0.741	0.963	0.584	0.746	0.090	0.093	0.948	0.742	0.754	0.970	0.972	0.649	0.945	0.739	0.926	0.729	0.092	0.092	0.091	0.092	0.092	0.092	0.092	0.093	0.094	0.093	0.096	0.095	0.090
68:01:09	19.5	0.091	0.092	0.093	0.540	0.096	0.094	0.092	0.092	0.092	0.091	0.094	0.092	0.092	0.925	0.809	0.930	0.958	0.856	0.723	0.966	0.948	0.977	0.802	0.092	0.090	0.968	0.782	0.779	0.832	0.884	0.569	0.903	0.702	0.787	0.910	0.091	0.091	0.972	0.972	0.764	0.768	0.746	0.857	0.739	0.903	0.929	0.635	0.092	0.091	0.954	0.712	0.996	0.994	0.961	0.600	0.937	0.668	0.720	1.000	0.106	0.093	0.718	0.960	0.967	0.721	0.769	0.775	0.743	0.968	0.588	0.749	0.091	0.093	0.949	0.744	0.758	0.974	0.978	0.648	0.954	0.743	0.928	0.734	0.092	0.092	0.091	0.092	0.092	0.092	0.092	0.093	0.094	0.094	0.096	0.094	0.090
69:01:11	19.4	0.091	0.092	0.093	0.538	0.097	0.094	0.092	0.091	0.092	0.091	0.094	0.091	0.092	0.925	0.809	0.932	0.960	0.861	0.727	0.965	0.949	0.977	0.801	0.092	0.090	0.970	0.784	0.779	0.831	0.877	0.570	0.901	0.704	0.787	0.928	0.091	0.091	0.972	0.972	0.772	0.769	0.749	0.852	0.742	0.907	0.919	0.637	0.092	0.091	0.954	0.712	0.995	0.995	0.961	0.605	0.938	0.670	0.723	1.000	0.106	0.093	0.721	0.961	0.968	0.725	0.769	0.775	0.744	0.976	0.591	0.752	0.090	0.093	0.950	0.747	0.760	0.977	0.985	0.653	0.965	0.745	0.932	0.737	0.092	0.092	0.091	0.092	0.092	0.092	0.092	0.093	0.094	0.093	0.096	0.095	0.090
70:01:11	19.5	0.091	0.092	0.093	0.531	0.097	0.094	0.092	0.092	0.093	0.091	0.094	0.091	0.092	0.925	0.809	0.931	0.964	0.862	0.730	0.965	0.950	0.977	0.800	0.092	0.090	0.970	0.786	0.781	0.830	0.886	0.572	0.902	0.708	0.787	0.937	0.091	0.091	0.972	0.974	0.778	0.770	0.752	0.875	0.743	0.908	0.914	0.637	0.093	0.091	0.955	0.716	0.994	0.995	0.960	0.609	0.940	0.672	0.725	1.000	0.106	0.093	0.726	0.960	0.968	0.729	0.769	0.775	0.745	0.985	0.593	0.756	0.090	0.093	0.950	0.748	0.764	0.978	0.991	0.648	0.969	0.750	0.935	0.740	0.092	0.093	0.091	0.092	0.092	0.092	0.092	0.093	0.094	0.094	0.096	0.095	0.090
71:01:13	19.6	0.091	0.092	0.093	0.547	0.096	0.094	0.092	0.092	0.093	0.091	0.093	0.091	0.092	0.926	0.810	0.931	0.968	0.868	0.733	0.964	0.951	0.978	0.801	0.092	0.090	0.971	0.788	0.781	0.830	0.886	0.576	0.900	0.710	0.787	0.942	0.091	0.091	0.972	0.975	0.780	0.774	0.755	0.860	0.747	0.911	0.916	0.638	0.092	0.091	0.955	0.719	0.995	0.996	0.960	0.611	0.941	0.674	0.728	1.000	0.107	0.093	0.729	0.961	0.969	0.734	0.769	0.775	0.747	0.996	0.593	0.760	0.091	0.092	0.951	0.751	0.768	0.980	0.997	0.652	0.972	0.751	0.938	0.744	0.092	0.093	0.091	0.092	0.092	0.092	0.092	0.093	0.094	0.094	0.096	0.095	0.090
72:01:15	19.6	0.091	0.092	0.093	0.600	0.095	0.094	0.092	0.092	0.093	0.091	0.094	0.092	0.092	0.927	0.811	0.931	0.971	0.869	0.736	0.964	0.951	0.978	0.801	0.092	0.090	0.973	0.791	0.781	0.831	0.886	0.579	0.900	0.714	0.787	0.948	0.091	0.091	0.974	0.976	0.783	0.776	0.760	0.861	0.750	0.914	0.914	0.666	0.093	0.091	0.955	0.722	0.995	0.996	0.960	0.616	0.944	0.675	0.731	0.999	0.106	0.093	0.736	0.963	0.970	0.739	0.770	0.777	0.747	1.007	0.596	0.764	0.091	0.093	0.949	0.753	0.771	0.982	1.004	0.653	0.978	0.758	0.944	0.746	0.092	0.093	0.091	0.092	0.092	0.092	0.092	0.093	0.094	0.094	0.096	0.095	0.090

