Time	T° 600	A1	A2	A3	A4	A5	A6	A7	A8	A9	A10	A11	A12	B1	B2	B3	B4	B5	B6	B7	B8	B9	B10	B11	B12	C1	C2	C3	C4	C5	C6	C7	C8	C9	C10	C11	C12	D1	D2	D3	D4	D5	D6	D7	D8	D9	D10	D11	D12	E1	E2	E3	E4	E5	E6	E7	E8	E9	E10	E11	E12	F1	F2	F3	F4	F5	F6	F7	F8	F9	F10	F11	F12	G1	G2	G3	G4	G5	G6	G7	G8	G9	G10	G11	G12	H1	H2	H3	H4	H5	H6	H7	H8	H9	H10	H11	H12
0:00:06	19.6	0.094	0.093	0.096	0.096	0.096	0.096	0.095	0.097	0.098	0.099	0.097	0.096	0.094	0.098	0.098	0.101	0.102	0.101	0.099	0.102	0.098	0.101	0.098	0.097	0.096	0.098	0.098	0.097	0.101	0.099	0.099	0.099	0.098	0.102	0.100	0.097	0.093	0.099	0.100	0.097	0.099	0.099	0.099	0.100	0.097	0.102	0.100	0.098	0.097	0.102	0.102	0.099	0.099	0.099	0.099	0.099	0.098	0.100	0.099	0.097	0.097	0.100	0.100	0.101	0.099	0.100	0.100	0.099	0.098	0.098	0.098	0.095	0.097	0.101	0.101	0.099	0.101	0.098	0.100	0.101	0.101	0.099	0.098	0.094	0.096	0.095	0.097	0.094	0.094	0.093	0.097	0.097	0.098	0.097	0.095	0.095
0:59:56	20.1	0.095	0.094	0.097	0.096	0.096	0.096	0.095	0.097	0.098	0.099	0.097	0.096	0.095	0.098	0.098	0.101	0.103	0.101	0.100	0.102	0.099	0.102	0.099	0.097	0.096	0.099	0.099	0.098	0.101	0.100	0.099	0.099	0.098	0.102	0.100	0.097	0.094	0.099	0.099	0.098	0.099	0.099	0.100	0.100	0.099	0.102	0.100	0.098	0.098	0.102	0.102	0.100	0.099	0.099	0.099	0.098	0.098	0.100	0.099	0.097	0.097	0.100	0.100	0.101	0.099	0.099	0.100	0.099	0.099	0.098	0.098	0.096	0.098	0.102	0.101	0.099	0.101	0.099	0.099	0.101	0.102	0.099	0.099	0.095	0.097	0.096	0.098	0.095	0.094	0.095	0.097	0.098	0.098	0.097	0.096	0.096
1:59:57	20.5	0.095	0.094	0.097	0.096	0.096	0.096	0.095	0.097	0.098	0.099	0.097	0.096	0.095	0.098	0.099	0.101	0.102	0.101	0.100	0.102	0.099	0.101	0.099	0.097	0.095	0.099	0.099	0.098	0.102	0.100	0.100	0.099	0.098	0.101	0.100	0.097	0.094	0.099	0.099	0.098	0.099	0.099	0.100	0.100	0.099	0.102	0.100	0.098	0.098	0.102	0.102	0.099	0.099	0.099	0.099	0.098	0.098	0.100	0.099	0.096	0.098	0.101	0.100	0.101	0.100	0.099	0.100	0.099	0.099	0.098	0.098	0.096	0.098	0.102	0.101	0.099	0.101	0.099	0.099	0.101	0.102	0.099	0.099	0.095	0.097	0.097	0.098	0.096	0.094	0.095	0.097	0.098	0.098	0.097	0.095	0.096
2:59:56	20.7	0.095	0.094	0.096	0.096	0.096	0.096	0.095	0.097	0.098	0.098	0.097	0.096	0.095	0.098	0.099	0.101	0.102	0.101	0.100	0.102	0.099	0.101	0.098	0.097	0.095	0.099	0.099	0.098	0.102	0.099	0.100	0.099	0.098	0.102	0.100	0.097	0.094	0.099	0.099	0.097	0.099	0.099	0.100	0.100	0.099	0.102	0.100	0.098	0.098	0.102	0.102	0.099	0.099	0.099	0.099	0.098	0.098	0.099	0.099	0.096	0.098	0.101	0.100	0.101	0.099	0.099	0.100	0.099	0.099	0.098	0.098	0.096	0.098	0.102	0.101	0.099	0.101	0.099	0.099	0.101	0.102	0.099	0.099	0.095	0.097	0.097	0.099	0.096	0.094	0.095	0.097	0.098	0.098	0.097	0.095	0.095
3:59:58	20.7	0.095	0.094	0.097	0.096	0.096	0.096	0.095	0.097	0.098	0.099	0.097	0.096	0.095	0.099	0.099	0.102	0.103	0.102	0.101	0.102	0.099	0.102	0.099	0.097	0.096	0.099	0.099	0.099	0.102	0.100	0.101	0.099	0.099	0.102	0.100	0.097	0.095	0.100	0.099	0.098	0.100	0.099	0.100	0.100	0.099	0.102	0.100	0.098	0.098	0.102	0.102	0.100	0.100	0.100	0.100	0.099	0.098	0.100	0.099	0.096	0.098	0.101	0.100	0.102	0.100	0.100	0.101	0.100	0.100	0.098	0.099	0.096	0.098	0.102	0.101	0.100	0.102	0.099	0.100	0.101	0.102	0.099	0.099	0.095	0.097	0.097	0.099	0.096	0.095	0.095	0.097	0.099	0.098	0.097	0.096	0.096
4:59:58	20.7	0.095	0.094	0.096	0.096	0.096	0.096	0.095	0.097	0.097	0.098	0.097	0.096	0.095	0.099	0.099	0.102	0.103	0.102	0.101	0.103	0.099	0.101	0.099	0.097	0.095	0.099	0.100	0.099	0.103	0.100	0.101	0.099	0.099	0.102	0.100	0.097	0.094	0.100	0.100	0.098	0.100	0.100	0.101	0.100	0.099	0.102	0.100	0.098	0.098	0.102	0.103	0.100	0.100	0.100	0.100	0.098	0.098	0.100	0.099	0.096	0.098	0.102	0.101	0.102	0.100	0.100	0.101	0.100	0.100	0.098	0.099	0.096	0.098	0.103	0.102	0.100	0.102	0.100	0.100	0.101	0.102	0.099	0.099	0.095	0.097	0.097	0.098	0.095	0.095	0.095	0.097	0.098	0.098	0.097	0.095	0.096
6:00:00	20.7	0.095	0.094	0.096	0.096	0.096	0.096	0.095	0.097	0.098	0.099	0.097	0.096	0.095	0.099	0.100	0.103	0.103	0.102	0.101	0.103	0.100	0.101	0.099	0.097	0.095	0.100	0.101	0.099	0.103	0.101	0.102	0.100	0.099	0.102	0.100	0.097	0.094	0.100	0.100	0.099	0.101	0.100	0.101	0.100	0.099	0.102	0.100	0.098	0.097	0.103	0.103	0.101	0.100	0.101	0.100	0.099	0.098	0.100	0.099	0.096	0.098	0.102	0.101	0.103	0.101	0.101	0.101	0.100	0.100	0.098	0.098	0.096	0.098	0.103	0.102	0.100	0.103	0.101	0.100	0.101	0.102	0.100	0.099	0.095	0.097	0.097	0.098	0.096	0.095	0.095	0.097	0.099	0.098	0.097	0.095	0.096
7:00:00	20.6	0.095	0.094	0.097	0.096	0.096	0.096	0.095	0.096	0.098	0.098	0.097	0.096	0.095	0.100	0.101	0.104	0.104	0.104	0.102	0.103	0.100	0.102	0.099	0.097	0.095	0.100	0.102	0.100	0.104	0.102	0.103	0.100	0.099	0.102	0.100	0.097	0.094	0.101	0.101	0.100	0.102	0.101	0.101	0.101	0.099	0.102	0.100	0.098	0.098	0.104	0.104	0.102	0.101	0.102	0.101	0.100	0.098	0.100	0.099	0.096	0.098	0.103	0.102	0.105	0.102	0.102	0.102	0.101	0.100	0.098	0.099	0.096	0.098	0.104	0.103	0.102	0.104	0.102	0.101	0.102	0.102	0.099	0.099	0.095	0.097	0.097	0.098	0.096	0.095	0.095	0.097	0.098	0.098	0.097	0.095	0.096
8:00:02	20.4	0.095	0.094	0.096	0.096	0.096	0.096	0.095	0.097	0.097	0.099	0.097	0.096	0.095	0.102	0.102	0.106	0.106	0.105	0.104	0.105	0.100	0.102	0.099	0.097	0.095	0.102	0.104	0.101	0.106	0.104	0.105	0.101	0.099	0.102	0.100	0.097	0.095	0.102	0.102	0.101	0.103	0.103	0.103	0.102	0.099	0.103	0.101	0.098	0.098	0.106	0.105	0.103	0.103	0.103	0.101	0.101	0.099	0.100	0.099	0.096	0.098	0.105	0.104	0.107	0.103	0.103	0.103	0.102	0.100	0.099	0.099	0.096	0.098	0.106	0.105	0.103	0.105	0.103	0.102	0.103	0.102	0.100	0.099	0.095	0.098	0.097	0.099	0.096	0.095	0.095	0.097	0.098	0.098	0.097	0.095	0.096
9:00:02	20.2	0.096	0.094	0.097	0.096	0.096	0.096	0.095	0.097	0.098	0.099	0.097	0.096	0.095	0.104	0.104	0.108	0.108	0.107	0.106	0.106	0.101	0.102	0.100	0.098	0.095	0.104	0.107	0.103	0.108	0.107	0.108	0.103	0.100	0.103	0.101	0.097	0.095	0.105	0.105	0.104	0.105	0.106	0.104	0.103	0.100	0.103	0.101	0.098	0.098	0.108	0.108	0.106	0.105	0.105	0.103	0.102	0.100	0.101	0.100	0.096	0.098	0.108	0.106	0.110	0.106	0.105	0.104	0.104	0.100	0.099	0.099	0.096	0.098	0.108	0.107	0.106	0.108	0.106	0.104	0.104	0.103	0.100	0.100	0.095	0.098	0.097	0.099	0.096	0.095	0.095	0.097	0.099	0.098	0.098	0.096	0.096
10:00:04	20.0	0.095	0.094	0.096	0.096	0.096	0.096	0.095	0.096	0.097	0.098	0.097	0.096	0.095	0.106	0.106	0.111	0.110	0.110	0.109	0.108	0.101	0.102	0.100	0.097	0.095	0.106	0.110	0.106	0.111	0.110	0.111	0.104	0.099	0.103	0.101	0.097	0.094	0.107	0.107	0.106	0.108	0.108	0.105	0.103	0.100	0.103	0.102	0.098	0.098	0.110	0.110	0.108	0.107	0.108	0.104	0.101	0.099	0.101	0.100	0.096	0.098	0.111	0.108	0.113	0.108	0.108	0.105	0.105	0.100	0.099	0.099	0.096	0.098	0.110	0.109	0.108	0.111	0.109	0.105	0.105	0.103	0.100	0.100	0.095	0.097	0.097	0.099	0.096	0.095	0.095	0.097	0.098	0.098	0.097	0.095	0.096
11:00:05	20.0	0.096	0.094	0.097	0.096	0.096	0.096	0.095	0.097	0.097	0.099	0.097	0.096	0.095	0.110	0.110	0.116	0.114	0.114	0.113	0.110	0.103	0.103	0.101	0.097	0.095	0.109	0.115	0.110	0.116	0.116	0.116	0.106	0.100	0.104	0.102	0.097	0.095	0.111	0.111	0.110	0.113	0.113	0.107	0.105	0.101	0.104	0.102	0.098	0.098	0.114	0.114	0.113	0.112	0.112	0.106	0.102	0.100	0.102	0.101	0.096	0.098	0.116	0.112	0.118	0.113	0.113	0.107	0.107	0.101	0.099	0.100	0.096	0.098	0.114	0.113	0.114	0.116	0.114	0.108	0.106	0.103	0.101	0.100	0.095	0.097	0.097	0.099	0.096	0.095	0.095	0.097	0.099	0.098	0.097	0.096	0.096
12:00:05	19.9	0.095	0.094	0.097	0.096	0.096	0.096	0.095	0.097	0.098	0.099	0.097	0.096	0.095	0.115	0.115	0.123	0.120	0.120	0.120	0.113	0.104	0.103	0.101	0.097	0.095	0.114	0.123	0.116	0.124	0.124	0.122	0.107	0.101	0.105	0.102	0.097	0.095	0.117	0.117	0.116	0.119	0.120	0.110	0.106	0.101	0.105	0.103	0.098	0.098	0.120	0.120	0.119	0.117	0.119	0.108	0.104	0.101	0.103	0.101	0.096	0.098	0.124	0.117	0.125	0.119	0.119	0.109	0.109	0.101	0.100	0.100	0.096	0.099	0.120	0.119	0.121	0.122	0.121	0.111	0.107	0.104	0.101	0.101	0.096	0.097	0.097	0.099	0.096	0.095	0.095	0.097	0.099	0.098	0.097	0.095	0.096
13:00:06	19.8	0.095	0.094	0.097	0.096	0.096	0.096	0.095	0.096	0.097	0.098	0.097	0.096	0.095	0.123	0.123	0.132	0.127	0.128	0.128	0.117	0.105	0.104	0.102	0.097	0.095	0.121	0.133	0.123	0.133	0.134	0.131	0.110	0.101	0.106	0.103	0.097	0.094	0.128	0.126	0.123	0.129	0.130	0.114	0.107	0.102	0.106	0.103	0.098	0.098	0.129	0.129	0.128	0.126	0.128	0.111	0.106	0.101	0.104	0.101	0.096	0.098	0.137	0.125	0.133	0.128	0.128	0.112	0.111	0.101	0.100	0.100	0.096	0.098	0.128	0.128	0.131	0.131	0.131	0.115	0.109	0.104	0.102	0.101	0.095	0.097	0.097	0.099	0.096	0.095	0.095	0.097	0.099	0.098	0.097	0.095	0.096
14:00:07	19.8	0.096	0.094	0.097	0.096	0.096	0.096	0.095	0.097	0.098	0.099	0.097	0.096	0.095	0.131	0.132	0.138	0.138	0.137	0.139	0.122	0.107	0.104	0.103	0.097	0.095	0.131	0.144	0.131	0.140	0.141	0.142	0.111	0.102	0.107	0.104	0.097	0.095	0.135	0.136	0.129	0.140	0.142	0.120	0.109	0.103	0.107	0.104	0.098	0.098	0.139	0.138	0.137	0.136	0.140	0.115	0.107	0.103	0.106	0.101	0.096	0.098	0.143	0.137	0.143	0.137	0.137	0.116	0.115	0.102	0.101	0.101	0.096	0.099	0.138	0.141	0.139	0.139	0.142	0.121	0.111	0.106	0.103	0.102	0.095	0.098	0.097	0.099	0.096	0.096	0.095	0.097	0.099	0.099	0.097	0.096	0.096
15:00:09	19.8	0.096	0.095	0.097	0.096	0.096	0.096	0.096	0.097	0.098	0.099	0.097	0.096	0.095	0.140	0.139	0.146	0.146	0.144	0.147	0.128	0.110	0.105	0.105	0.098	0.094	0.142	0.154	0.137	0.148	0.147	0.155	0.114	0.104	0.109	0.105	0.097	0.095	0.142	0.144	0.136	0.148	0.157	0.128	0.111	0.104	0.109	0.105	0.098	0.098	0.146	0.146	0.146	0.144	0.148	0.118	0.110	0.105	0.108	0.102	0.096	0.098	0.149	0.147	0.155	0.143	0.144	0.121	0.118	0.103	0.102	0.102	0.096	0.099	0.152	0.154	0.147	0.145	0.149	0.127	0.114	0.107	0.104	0.102	0.096	0.098	0.098	0.099	0.097	0.096	0.096	0.097	0.099	0.099	0.097	0.096	0.096
16:00:09	19.8	0.096	0.095	0.097	0.096	0.096	0.096	0.096	0.097	0.098	0.099	0.097	0.096	0.096	0.151	0.149	0.160	0.157	0.156	0.157	0.134	0.113	0.107	0.107	0.097	0.095	0.152	0.171	0.146	0.162	0.161	0.167	0.115	0.105	0.111	0.106	0.097	0.095	0.151	0.154	0.148	0.157	0.172	0.136	0.113	0.106	0.111	0.107	0.098	0.098	0.155	0.155	0.155	0.154	0.158	0.122	0.113	0.106	0.111	0.103	0.096	0.099	0.158	0.157	0.167	0.153	0.155	0.127	0.121	0.104	0.103	0.103	0.096	0.099	0.165	0.165	0.160	0.158	0.163	0.129	0.117	0.108	0.106	0.103	0.095	0.098	0.097	0.099	0.097	0.096	0.096	0.097	0.099	0.099	0.097	0.096	0.096
17:00:10	19.8	0.095	0.094	0.097	0.096	0.096	0.096	0.096	0.096	0.098	0.099	0.097	0.096	0.095	0.173	0.166	0.176	0.172	0.173	0.172	0.136	0.118	0.108	0.107	0.097	0.095	0.165	0.184	0.161	0.177	0.171	0.188	0.115	0.106	0.114	0.106	0.097	0.095	0.167	0.171	0.162	0.172	0.194	0.138	0.114	0.108	0.113	0.109	0.098	0.098	0.171	0.172	0.168	0.172	0.173	0.124	0.114	0.109	0.114	0.102	0.096	0.098	0.174	0.174	0.173	0.169	0.173	0.130	0.123	0.105	0.104	0.104	0.096	0.099	0.182	0.177	0.184	0.172	0.187	0.133	0.118	0.110	0.108	0.104	0.095	0.098	0.097	0.099	0.096	0.095	0.095	0.097	0.099	0.099	0.097	0.096	0.096
18:00:10	19.8	0.096	0.094	0.097	0.096	0.096	0.096	0.095	0.096	0.097	0.099	0.097	0.096	0.095	0.187	0.182	0.190	0.197	0.192	0.195	0.140	0.124	0.111	0.110	0.097	0.095	0.191	0.193	0.176	0.189	0.183	0.207	0.116	0.109	0.117	0.107	0.097	0.095	0.186	0.195	0.173	0.197	0.231	0.141	0.115	0.111	0.118	0.112	0.097	0.098	0.192	0.184	0.196	0.198	0.206	0.125	0.117	0.112	0.120	0.103	0.096	0.098	0.198	0.202	0.185	0.179	0.185	0.133	0.125	0.107	0.106	0.105	0.096	0.099	0.212	0.203	0.199	0.183	0.205	0.134	0.120	0.113	0.111	0.104	0.096	0.098	0.097	0.099	0.096	0.096	0.095	0.097	0.099	0.099	0.097	0.096	0.096
19:00:12	19.7	0.096	0.094	0.097	0.096	0.096	0.096	0.096	0.097	0.098	0.099	0.097	0.096	0.095	0.196	0.196	0.204	0.209	0.204	0.207	0.144	0.130	0.113	0.111	0.097	0.095	0.216	0.207	0.190	0.203	0.198	0.220	0.118	0.112	0.122	0.108	0.097	0.095	0.195	0.206	0.186	0.209	0.233	0.142	0.117	0.115	0.123	0.116	0.098	0.098	0.202	0.197	0.213	0.210	0.224	0.125	0.119	0.116	0.126	0.104	0.096	0.098	0.209	0.215	0.200	0.193	0.201	0.135	0.128	0.110	0.108	0.107	0.096	0.099	0.241	0.235	0.216	0.197	0.223	0.136	0.122	0.116	0.114	0.106	0.095	0.098	0.097	0.099	0.096	0.095	0.095	0.097	0.099	0.099	0.097	0.096	0.096
20:00:12	19.8	0.096	0.094	0.097	0.096	0.096	0.096	0.095	0.096	0.097	0.099	0.097	0.096	0.095	0.209	0.210	0.219	0.223	0.219	0.222	0.148	0.133	0.117	0.111	0.097	0.094	0.224	0.224	0.204	0.217	0.212	0.237	0.121	0.116	0.125	0.109	0.097	0.095	0.211	0.221	0.201	0.224	0.241	0.145	0.119	0.120	0.132	0.121	0.097	0.098	0.216	0.212	0.228	0.225	0.237	0.126	0.122	0.123	0.130	0.104	0.096	0.098	0.223	0.227	0.215	0.207	0.218	0.138	0.131	0.113	0.111	0.108	0.096	0.099	0.255	0.246	0.236	0.212	0.243	0.139	0.125	0.120	0.119	0.107	0.095	0.098	0.097	0.099	0.096	0.096	0.095	0.097	0.099	0.099	0.097	0.096	0.096
21:00:14	19.8	0.096	0.094	0.097	0.096	0.096	0.096	0.096	0.097	0.098	0.099	0.097	0.096	0.095	0.226	0.227	0.237	0.239	0.235	0.240	0.155	0.135	0.122	0.111	0.097	0.094	0.239	0.243	0.220	0.234	0.229	0.254	0.126	0.122	0.128	0.111	0.097	0.095	0.228	0.238	0.216	0.240	0.257	0.149	0.123	0.127	0.143	0.130	0.098	0.098	0.232	0.229	0.246	0.244	0.255	0.130	0.126	0.132	0.134	0.105	0.096	0.099	0.241	0.244	0.231	0.223	0.236	0.142	0.137	0.117	0.115	0.109	0.096	0.099	0.264	0.261	0.255	0.229	0.265	0.144	0.129	0.125	0.126	0.109	0.096	0.098	0.097	0.099	0.097	0.096	0.096	0.097	0.099	0.099	0.097	0.096	0.096
22:00:15	19.7	0.096	0.094	0.097	0.096	0.096	0.096	0.095	0.096	0.098	0.099	0.097	0.096	0.095	0.241	0.244	0.256	0.257	0.252	0.257	0.163	0.137	0.128	0.111	0.097	0.095	0.257	0.262	0.237	0.250	0.242	0.274	0.131	0.130	0.129	0.115	0.097	0.095	0.247	0.257	0.232	0.257	0.275	0.153	0.125	0.132	0.148	0.139	0.098	0.098	0.251	0.245	0.265	0.263	0.273	0.133	0.131	0.139	0.136	0.107	0.096	0.098	0.260	0.264	0.246	0.238	0.258	0.147	0.143	0.122	0.120	0.110	0.096	0.099	0.280	0.281	0.276	0.246	0.286	0.150	0.134	0.131	0.134	0.112	0.095	0.098	0.097	0.099	0.097	0.095	0.095	0.097	0.099	0.099	0.097	0.096	0.096
23:00:15	19.8	0.096	0.095	0.097	0.096	0.096	0.097	0.096	0.097	0.098	0.099	0.097	0.096	0.096	0.261	0.264	0.276	0.276	0.271	0.277	0.173	0.140	0.132	0.114	0.098	0.095	0.275	0.283	0.255	0.268	0.262	0.295	0.139	0.135	0.131	0.117	0.097	0.095	0.269	0.276	0.249	0.276	0.297	0.160	0.131	0.137	0.150	0.143	0.098	0.098	0.271	0.266	0.286	0.283	0.294	0.138	0.138	0.144	0.139	0.109	0.096	0.099	0.283	0.286	0.265	0.256	0.280	0.154	0.153	0.128	0.126	0.112	0.097	0.099	0.301	0.306	0.299	0.266	0.310	0.160	0.141	0.134	0.140	0.113	0.096	0.098	0.098	0.100	0.097	0.096	0.096	0.097	0.100	0.099	0.098	0.096	0.097
24:00:16	20.0	0.096	0.094	0.097	0.096	0.096	0.096	0.096	0.096	0.098	0.099	0.097	0.096	0.095	0.279	0.282	0.296	0.295	0.291	0.295	0.184	0.141	0.136	0.113	0.097	0.094	0.293	0.303	0.274	0.285	0.280	0.317	0.146	0.137	0.132	0.119	0.097	0.095	0.291	0.296	0.265	0.295	0.318	0.168	0.136	0.141	0.151	0.145	0.098	0.098	0.290	0.285	0.308	0.303	0.315	0.145	0.145	0.147	0.141	0.111	0.096	0.098	0.305	0.308	0.280	0.273	0.301	0.162	0.161	0.131	0.130	0.112	0.096	0.099	0.322	0.330	0.321	0.284	0.332	0.170	0.149	0.137	0.143	0.115	0.095	0.098	0.097	0.099	0.096	0.096	0.095	0.097	0.099	0.099	0.097	0.096	0.096
25:00:19	20.2	0.096	0.094	0.097	0.096	0.096	0.096	0.096	0.096	0.097	0.098	0.097	0.096	0.095	0.300	0.304	0.315	0.317	0.311	0.317	0.196	0.144	0.139	0.116	0.097	0.094	0.315	0.324	0.294	0.307	0.301	0.338	0.156	0.139	0.133	0.121	0.097	0.095	0.314	0.319	0.281	0.317	0.340	0.177	0.144	0.144	0.151	0.147	0.097	0.098	0.312	0.307	0.333	0.326	0.341	0.155	0.153	0.149	0.144	0.113	0.096	0.098	0.327	0.330	0.296	0.289	0.322	0.172	0.173	0.133	0.135	0.112	0.096	0.099	0.343	0.355	0.340	0.304	0.354	0.182	0.159	0.140	0.147	0.117	0.095	0.097	0.097	0.099	0.096	0.095	0.095	0.097	0.099	0.099	0.097	0.096	0.096
26:00:18	20.5	0.096	0.094	0.097	0.096	0.096	0.096	0.095	0.097	0.098	0.099	0.097	0.095	0.096	0.321	0.327	0.335	0.338	0.332	0.341	0.209	0.148	0.141	0.119	0.097	0.094	0.339	0.346	0.314	0.327	0.322	0.363	0.167	0.141	0.136	0.124	0.097	0.095	0.338	0.345	0.298	0.339	0.363	0.187	0.152	0.146	0.153	0.149	0.098	0.098	0.332	0.329	0.357	0.349	0.363	0.164	0.163	0.150	0.148	0.115	0.096	0.098	0.350	0.355	0.314	0.310	0.344	0.182	0.185	0.135	0.138	0.113	0.096	0.099	0.368	0.383	0.361	0.324	0.377	0.197	0.169	0.143	0.150	0.119	0.096	0.098	0.097	0.099	0.096	0.096	0.095	0.097	0.099	0.099	0.097	0.096	0.096
27:00:19	20.8	0.096	0.094	0.097	0.096	0.096	0.096	0.095	0.096	0.097	0.098	0.096	0.095	0.095	0.343	0.346	0.353	0.363	0.353	0.362	0.225	0.153	0.144	0.125	0.097	0.094	0.363	0.367	0.334	0.348	0.344	0.385	0.176	0.142	0.138	0.127	0.096	0.095	0.360	0.370	0.316	0.363	0.388	0.201	0.162	0.148	0.155	0.152	0.097	0.098	0.353	0.353	0.380	0.371	0.386	0.175	0.174	0.153	0.152	0.117	0.096	0.098	0.371	0.377	0.331	0.331	0.365	0.194	0.198	0.136	0.141	0.114	0.096	0.098	0.391	0.406	0.381	0.344	0.401	0.212	0.180	0.144	0.154	0.122	0.095	0.098	0.097	0.099	0.096	0.095	0.095	0.097	0.099	0.099	0.097	0.096	0.096
28:00:20	21.1	0.096	0.094	0.097	0.096	0.096	0.096	0.096	0.096	0.097	0.099	0.097	0.096	0.095	0.366	0.365	0.373	0.386	0.372	0.387	0.241	0.160	0.146	0.126	0.097	0.094	0.387	0.389	0.352	0.370	0.364	0.407	0.187	0.145	0.142	0.131	0.097	0.095	0.384	0.395	0.334	0.387	0.414	0.215	0.171	0.151	0.159	0.155	0.097	0.098	0.376	0.378	0.405	0.396	0.411	0.188	0.185	0.157	0.158	0.119	0.096	0.098	0.394	0.402	0.349	0.352	0.389	0.208	0.211	0.139	0.144	0.118	0.096	0.099	0.415	0.433	0.402	0.367	0.424	0.228	0.191	0.147	0.159	0.126	0.096	0.098	0.097	0.099	0.096	0.095	0.095	0.097	0.099	0.099	0.097	0.096	0.096
29:00:21	21.2	0.095	0.094	0.097	0.096	0.096	0.096	0.095	0.096	0.097	0.099	0.096	0.095	0.095	0.390	0.387	0.394	0.409	0.394	0.411	0.258	0.168	0.149	0.129	0.097	0.094	0.412	0.410	0.372	0.393	0.388	0.431	0.200	0.149	0.147	0.136	0.097	0.095	0.405	0.418	0.353	0.412	0.437	0.229	0.182	0.154	0.164	0.159	0.097	0.098	0.399	0.403	0.428	0.420	0.434	0.203	0.197	0.161	0.166	0.122	0.096	0.098	0.415	0.424	0.367	0.372	0.412	0.223	0.226	0.142	0.146	0.119	0.096	0.098	0.439	0.455	0.424	0.391	0.444	0.245	0.202	0.150	0.165	0.129	0.095	0.098	0.097	0.099	0.096	0.096	0.095	0.097	0.099	0.099	0.097	0.096	0.096
30:00:22	21.1	0.096	0.094	0.097	0.096	0.096	0.096	0.095	0.096	0.097	0.098	0.096	0.095	0.095	0.412	0.408	0.415	0.432	0.416	0.434	0.277	0.177	0.153	0.134	0.097	0.094	0.437	0.434	0.392	0.416	0.407	0.456	0.211	0.154	0.156	0.143	0.097	0.095	0.428	0.444	0.373	0.438	0.461	0.243	0.194	0.158	0.172	0.164	0.098	0.098	0.421	0.425	0.452	0.445	0.459	0.217	0.210	0.168	0.175	0.125	0.096	0.098	0.439	0.449	0.386	0.395	0.435	0.237	0.242	0.145	0.148	0.122	0.096	0.099	0.463	0.481	0.449	0.414	0.469	0.263	0.214	0.153	0.173	0.133	0.095	0.098	0.097	0.099	0.096	0.095	0.095	0.097	0.099	0.098	0.097	0.096	0.096
31:00:23	20.9	0.096	0.094	0.097	0.096	0.096	0.096	0.096	0.096	0.097	0.099	0.097	0.095	0.095	0.434	0.429	0.436	0.456	0.438	0.458	0.294	0.187	0.156	0.140	0.097	0.094	0.461	0.457	0.412	0.438	0.431	0.481	0.223	0.160	0.164	0.151	0.097	0.095	0.449	0.467	0.392	0.464	0.486	0.259	0.204	0.164	0.183	0.171	0.097	0.098	0.443	0.448	0.476	0.470	0.486	0.232	0.221	0.177	0.186	0.128	0.096	0.098	0.460	0.471	0.404	0.416	0.457	0.252	0.257	0.151	0.151	0.125	0.096	0.099	0.489	0.505	0.470	0.440	0.493	0.279	0.225	0.158	0.181	0.138	0.095	0.098	0.097	0.099	0.096	0.096	0.095	0.097	0.099	0.098	0.097	0.096	0.096
32:00:22	20.7	0.096	0.094	0.097	0.096	0.096	0.096	0.096	0.096	0.097	0.098	0.096	0.095	0.095	0.456	0.449	0.458	0.480	0.459	0.483	0.309	0.197	0.160	0.147	0.097	0.094	0.485	0.478	0.431	0.460	0.450	0.505	0.234	0.168	0.173	0.160	0.096	0.095	0.471	0.492	0.411	0.488	0.509	0.274	0.216	0.170	0.193	0.180	0.097	0.098	0.466	0.470	0.500	0.495	0.511	0.247	0.234	0.186	0.195	0.132	0.096	0.098	0.484	0.496	0.425	0.439	0.477	0.268	0.273	0.157	0.153	0.129	0.096	0.098	0.510	0.528	0.494	0.465	0.518	0.294	0.236	0.164	0.190	0.143	0.095	0.098	0.097	0.099	0.096	0.095	0.095	0.097	0.099	0.099	0.097	0.095	0.095
33:00:23	20.4	0.096	0.094	0.097	0.096	0.095	0.096	0.096	0.096	0.097	0.098	0.097	0.095	0.095	0.480	0.470	0.481	0.503	0.482	0.506	0.325	0.207	0.164	0.154	0.097	0.094	0.507	0.500	0.452	0.483	0.472	0.528	0.246	0.176	0.184	0.171	0.097	0.095	0.493	0.516	0.433	0.514	0.534	0.290	0.229	0.177	0.207	0.191	0.097	0.098	0.489	0.491	0.523	0.518	0.535	0.262	0.245	0.195	0.206	0.138	0.096	0.098	0.507	0.520	0.447	0.463	0.501	0.283	0.289	0.165	0.156	0.134	0.096	0.099	0.534	0.551	0.516	0.490	0.541	0.310	0.246	0.171	0.200	0.150	0.096	0.098	0.097	0.099	0.096	0.096	0.095	0.097	0.099	0.099	0.097	0.096	0.096
34:00:26	20.2	0.096	0.094	0.097	0.096	0.096	0.096	0.096	0.096	0.097	0.099	0.097	0.096	0.096	0.502	0.492	0.503	0.527	0.503	0.530	0.338	0.216	0.171	0.162	0.097	0.094	0.531	0.521	0.474	0.504	0.496	0.551	0.257	0.186	0.195	0.182	0.097	0.095	0.515	0.539	0.453	0.537	0.558	0.307	0.239	0.186	0.220	0.202	0.097	0.098	0.511	0.513	0.546	0.541	0.558	0.275	0.258	0.205	0.217	0.144	0.096	0.098	0.527	0.541	0.468	0.487	0.521	0.298	0.306	0.176	0.159	0.138	0.096	0.099	0.558	0.572	0.536	0.513	0.567	0.323	0.255	0.178	0.210	0.159	0.096	0.098	0.097	0.099	0.096	0.096	0.096	0.097	0.100	0.099	0.097	0.096	0.096
35:00:26	20.1	0.096	0.094	0.097	0.096	0.096	0.096	0.096	0.096	0.097	0.098	0.097	0.096	0.095	0.523	0.511	0.524	0.549	0.521	0.552	0.348	0.227	0.177	0.170	0.097	0.094	0.554	0.542	0.493	0.525	0.514	0.575	0.267	0.194	0.206	0.192	0.097	0.095	0.534	0.561	0.473	0.560	0.582	0.323	0.252	0.194	0.232	0.213	0.098	0.098	0.533	0.533	0.567	0.562	0.578	0.290	0.267	0.217	0.228	0.151	0.096	0.098	0.550	0.564	0.488	0.510	0.541	0.311	0.320	0.186	0.162	0.143	0.096	0.099	0.580	0.595	0.557	0.536	0.590	0.337	0.262	0.184	0.222	0.167	0.096	0.098	0.097	0.099	0.096	0.095	0.095	0.097	0.100	0.099	0.097	0.096	0.096
36:00:30	19.9	0.096	0.094	0.097	0.096	0.096	0.096	0.096	0.096	0.098	0.098	0.097	0.096	0.095	0.545	0.530	0.544	0.571	0.542	0.573	0.357	0.236	0.184	0.179	0.097	0.094	0.574	0.562	0.512	0.546	0.537	0.597	0.276	0.204	0.218	0.204	0.097	0.095	0.554	0.582	0.494	0.582	0.606	0.339	0.261	0.202	0.245	0.224	0.097	0.098	0.554	0.555	0.589	0.582	0.600	0.302	0.276	0.230	0.239	0.157	0.096	0.098	0.567	0.587	0.510	0.532	0.562	0.322	0.334	0.197	0.166	0.150	0.096	0.099	0.602	0.617	0.578	0.557	0.611	0.347	0.271	0.193	0.234	0.177	0.095	0.098	0.097	0.099	0.096	0.096	0.096	0.097	0.100	0.099	0.097	0.096	0.096
37:00:29	19.8	0.096	0.094	0.097	0.096	0.096	0.096	0.096	0.096	0.097	0.098	0.096	0.096	0.095	0.565	0.550	0.565	0.592	0.562	0.594	0.364	0.246	0.192	0.188	0.097	0.094	0.594	0.581	0.532	0.565	0.557	0.618	0.282	0.215	0.229	0.215	0.097	0.095	0.572	0.603	0.513	0.603	0.628	0.350	0.267	0.210	0.257	0.235	0.097	0.098	0.574	0.576	0.609	0.603	0.622	0.311	0.284	0.242	0.248	0.162	0.096	0.098	0.587	0.608	0.533	0.553	0.582	0.333	0.347	0.208	0.169	0.156	0.096	0.098	0.622	0.635	0.599	0.578	0.632	0.358	0.280	0.201	0.247	0.188	0.095	0.097	0.097	0.099	0.096	0.095	0.095	0.097	0.100	0.099	0.097	0.096	0.096
38:00:30	19.8	0.096	0.094	0.097	0.096	0.096	0.096	0.096	0.096	0.098	0.099	0.097	0.096	0.096	0.585	0.570	0.583	0.613	0.584	0.616	0.370	0.257	0.200	0.197	0.097	0.094	0.615	0.599	0.550	0.586	0.578	0.640	0.288	0.226	0.240	0.226	0.097	0.095	0.592	0.623	0.533	0.624	0.650	0.361	0.274	0.220	0.270	0.248	0.097	0.098	0.594	0.595	0.630	0.624	0.642	0.320	0.291	0.256	0.257	0.169	0.096	0.098	0.606	0.629	0.557	0.575	0.605	0.342	0.358	0.221	0.173	0.163	0.096	0.099	0.642	0.655	0.618	0.599	0.651	0.367	0.286	0.210	0.260	0.199	0.096	0.098	0.097	0.099	0.096	0.096	0.096	0.097	0.100	0.099	0.097	0.096	0.096
39:00:30	19.7	0.095	0.094	0.097	0.096	0.095	0.096	0.096	0.096	0.097	0.098	0.096	0.096	0.095	0.604	0.587	0.601	0.632	0.601	0.634	0.376	0.267	0.207	0.206	0.097	0.094	0.632	0.617	0.567	0.605	0.597	0.659	0.292	0.237	0.252	0.236	0.097	0.095	0.609	0.640	0.553	0.644	0.670	0.370	0.279	0.229	0.281	0.258	0.097	0.098	0.613	0.614	0.650	0.643	0.661	0.328	0.297	0.267	0.264	0.175	0.096	0.098	0.624	0.647	0.578	0.595	0.624	0.348	0.367	0.233	0.177	0.170	0.096	0.099	0.662	0.674	0.636	0.618	0.668	0.375	0.292	0.219	0.271	0.209	0.095	0.098	0.097	0.099	0.096	0.095	0.095	0.097	0.101	0.099	0.097	0.096	0.096
40:00:35	19.7	0.095	0.094	0.097	0.096	0.096	0.096	0.096	0.096	0.097	0.098	0.096	0.096	0.095	0.623	0.606	0.620	0.652	0.619	0.654	0.380	0.274	0.215	0.215	0.097	0.094	0.653	0.636	0.586	0.623	0.616	0.680	0.297	0.248	0.261	0.246	0.097	0.095	0.627	0.659	0.572	0.663	0.690	0.377	0.284	0.240	0.293	0.271	0.097	0.098	0.632	0.632	0.669	0.661	0.683	0.336	0.303	0.278	0.270	0.182	0.096	0.098	0.642	0.668	0.599	0.614	0.644	0.354	0.377	0.245	0.183	0.177	0.096	0.098	0.681	0.692	0.653	0.636	0.686	0.383	0.297	0.230	0.283	0.220	0.096	0.098	0.097	0.099	0.096	0.095	0.095	0.097	0.102	0.099	0.097	0.096	0.096
41:00:31	19.7	0.095	0.094	0.097	0.096	0.096	0.096	0.096	0.096	0.097	0.098	0.097	0.095	0.095	0.641	0.623	0.637	0.671	0.636	0.673	0.384	0.279	0.223	0.222	0.097	0.094	0.669	0.653	0.602	0.641	0.633	0.699	0.301	0.258	0.269	0.256	0.097	0.095	0.644	0.675	0.589	0.681	0.709	0.382	0.288	0.249	0.305	0.282	0.097	0.098	0.651	0.650	0.688	0.677	0.701	0.342	0.308	0.289	0.276	0.188	0.096	0.098	0.656	0.687	0.621	0.631	0.663	0.358	0.387	0.257	0.188	0.185	0.096	0.098	0.699	0.710	0.672	0.654	0.704	0.390	0.302	0.240	0.293	0.229	0.096	0.097	0.097	0.099	0.096	0.095	0.095	0.097	0.102	0.099	0.097	0.096	0.096
42:00:32	19.7	0.095	0.094	0.097	0.096	0.096	0.096	0.096	0.096	0.097	0.098	0.096	0.095	0.095	0.659	0.640	0.656	0.691	0.653	0.690	0.387	0.282	0.231	0.230	0.097	0.094	0.687	0.669	0.619	0.658	0.652	0.718	0.304	0.269	0.277	0.264	0.097	0.095	0.661	0.691	0.608	0.700	0.728	0.386	0.290	0.258	0.313	0.294	0.097	0.098	0.668	0.667	0.705	0.696	0.719	0.349	0.314	0.300	0.282	0.196	0.096	0.098	0.674	0.707	0.644	0.650	0.680	0.362	0.395	0.267	0.195	0.193	0.096	0.098	0.717	0.728	0.690	0.672	0.719	0.398	0.307	0.251	0.302	0.239	0.095	0.097	0.097	0.099	0.096	0.096	0.095	0.097	0.104	0.099	0.097	0.096	0.096
43:00:33	19.7	0.096	0.094	0.097	0.096	0.096	0.096	0.096	0.096	0.097	0.099	0.097	0.096	0.096	0.676	0.655	0.671	0.707	0.671	0.707	0.389	0.283	0.239	0.237	0.097	0.094	0.706	0.686	0.634	0.674	0.669	0.736	0.308	0.277	0.283	0.272	0.097	0.095	0.678	0.707	0.626	0.716	0.744	0.389	0.290	0.266	0.321	0.305	0.097	0.098	0.686	0.683	0.724	0.713	0.736	0.353	0.318	0.308	0.286	0.201	0.096	0.098	0.689	0.725	0.663	0.667	0.698	0.361	0.402	0.276	0.201	0.201	0.096	0.098	0.735	0.744	0.706	0.690	0.735	0.401	0.309	0.259	0.312	0.247	0.096	0.098	0.097	0.099	0.096	0.095	0.095	0.097	0.105	0.099	0.097	0.096	0.096
44:00:34	19.7	0.096	0.095	0.097	0.096	0.096	0.096	0.097	0.096	0.098	0.099	0.096	0.096	0.096	0.692	0.673	0.688	0.725	0.688	0.725	0.393	0.283	0.247	0.242	0.097	0.094	0.721	0.700	0.649	0.691	0.686	0.753	0.310	0.285	0.288	0.280	0.097	0.095	0.694	0.723	0.644	0.733	0.761	0.392	0.293	0.273	0.327	0.313	0.097	0.098	0.703	0.700	0.742	0.730	0.754	0.358	0.322	0.315	0.290	0.206	0.096	0.099	0.705	0.742	0.686	0.685	0.714	0.364	0.412	0.284	0.208	0.209	0.096	0.099	0.752	0.762	0.722	0.707	0.750	0.403	0.311	0.268	0.320	0.254	0.096	0.098	0.097	0.099	0.096	0.096	0.096	0.097	0.108	0.099	0.097	0.096	0.096
45:00:36	19.7	0.096	0.094	0.097	0.096	0.096	0.096	0.096	0.096	0.097	0.098	0.097	0.096	0.095	0.708	0.687	0.703	0.743	0.704	0.742	0.395	0.283	0.254	0.246	0.097	0.094	0.737	0.716	0.665	0.708	0.701	0.771	0.311	0.292	0.293	0.288	0.097	0.095	0.710	0.738	0.661	0.748	0.779	0.396	0.293	0.280	0.332	0.321	0.097	0.098	0.719	0.714	0.756	0.747	0.771	0.361	0.328	0.321	0.295	0.212	0.096	0.098	0.719	0.759	0.706	0.702	0.730	0.364	0.417	0.290	0.215	0.218	0.096	0.099	0.769	0.776	0.739	0.723	0.766	0.405	0.310	0.276	0.327	0.261	0.096	0.098	0.097	0.099	0.096	0.096	0.095	0.097	0.111	0.099	0.097	0.096	0.096
46:00:37	19.7	0.096	0.094	0.097	0.096	0.096	0.096	0.096	0.096	0.097	0.098	0.096	0.095	0.096	0.725	0.703	0.719	0.758	0.720	0.758	0.399	0.286	0.260	0.250	0.097	0.094	0.755	0.729	0.679	0.721	0.717	0.786	0.312	0.298	0.296	0.292	0.097	0.095	0.725	0.754	0.680	0.764	0.794	0.399	0.293	0.287	0.337	0.328	0.097	0.098	0.735	0.732	0.771	0.762	0.788	0.364	0.333	0.328	0.299	0.217	0.096	0.098	0.735	0.776	0.725	0.718	0.744	0.366	0.422	0.296	0.222	0.227	0.096	0.099	0.784	0.795	0.752	0.738	0.777	0.407	0.309	0.282	0.333	0.266	0.095	0.098	0.097	0.099	0.096	0.095	0.095	0.097	0.115	0.099	0.097	0.096	0.096
47:00:37	19.7	0.096	0.095	0.097	0.096	0.096	0.096	0.097	0.096	0.097	0.099	0.097	0.096	0.096	0.740	0.717	0.732	0.775	0.736	0.774	0.404	0.291	0.265	0.254	0.097	0.095	0.769	0.745	0.695	0.735	0.731	0.801	0.313	0.302	0.298	0.299	0.097	0.095	0.738	0.768	0.696	0.779	0.810	0.403	0.293	0.292	0.340	0.334	0.097	0.098	0.750	0.747	0.786	0.777	0.802	0.367	0.338	0.332	0.303	0.222	0.096	0.098	0.746	0.792	0.746	0.734	0.758	0.368	0.431	0.301	0.228	0.236	0.096	0.099	0.800	0.810	0.768	0.755	0.793	0.407	0.310	0.288	0.340	0.274	0.096	0.098	0.097	0.099	0.097	0.096	0.095	0.097	0.121	0.099	0.097	0.096	0.096
48:00:40	19.8	0.096	0.094	0.097	0.096	0.096	0.096	0.097	0.097	0.097	0.099	0.097	0.096	0.096	0.755	0.731	0.747	0.789	0.750	0.789	0.409	0.296	0.270	0.256	0.098	0.095	0.784	0.758	0.709	0.749	0.745	0.816	0.314	0.304	0.299	0.303	0.097	0.095	0.753	0.782	0.713	0.793	0.825	0.406	0.294	0.297	0.344	0.338	0.097	0.098	0.766	0.760	0.801	0.792	0.817	0.368	0.342	0.336	0.306	0.225	0.096	0.099	0.761	0.806	0.763	0.748	0.771	0.370	0.437	0.305	0.235	0.243	0.096	0.099	0.814	0.823	0.783	0.769	0.805	0.409	0.312	0.293	0.343	0.278	0.096	0.098	0.097	0.099	0.097	0.096	0.096	0.097	0.130	0.099	0.097	0.096	0.096
49:00:42	19.9	0.096	0.094	0.097	0.096	0.096	0.096	0.097	0.096	0.097	0.098	0.097	0.095	0.095	0.769	0.745	0.760	0.804	0.765	0.804	0.413	0.301	0.276	0.258	0.097	0.094	0.798	0.770	0.722	0.764	0.759	0.831	0.315	0.306	0.301	0.305	0.097	0.095	0.766	0.795	0.730	0.806	0.840	0.408	0.296	0.301	0.349	0.341	0.097	0.098	0.779	0.773	0.813	0.807	0.831	0.370	0.345	0.339	0.309	0.230	0.096	0.098	0.777	0.822	0.778	0.761	0.785	0.373	0.440	0.308	0.241	0.250	0.096	0.098	0.828	0.837	0.794	0.784	0.817	0.410	0.313	0.295	0.347	0.283	0.095	0.097	0.097	0.099	0.096	0.095	0.096	0.097	0.142	0.099	0.097	0.096	0.096
50:00:41	20.1	0.096	0.095	0.097	0.096	0.096	0.096	0.097	0.096	0.098	0.099	0.097	0.096	0.096	0.783	0.759	0.773	0.818	0.778	0.816	0.417	0.306	0.280	0.259	0.098	0.094	0.813	0.783	0.737	0.777	0.773	0.845	0.316	0.307	0.303	0.308	0.097	0.095	0.782	0.810	0.743	0.820	0.855	0.411	0.297	0.304	0.351	0.343	0.098	0.099	0.793	0.788	0.827	0.819	0.845	0.371	0.347	0.339	0.314	0.232	0.096	0.099	0.789	0.837	0.796	0.777	0.799	0.376	0.445	0.312	0.247	0.256	0.096	0.099	0.841	0.852	0.811	0.798	0.832	0.412	0.315	0.298	0.350	0.287	0.096	0.098	0.097	0.099	0.097	0.096	0.096	0.097	0.158	0.099	0.097	0.096	0.096
51:00:41	20.2	0.096	0.094	0.098	0.096	0.096	0.096	0.097	0.096	0.097	0.099	0.097	0.096	0.096	0.797	0.771	0.787	0.830	0.791	0.830	0.420	0.308	0.284	0.261	0.097	0.094	0.826	0.795	0.749	0.790	0.786	0.858	0.317	0.311	0.305	0.311	0.097	0.095	0.793	0.822	0.758	0.832	0.869	0.413	0.298	0.307	0.354	0.347	0.097	0.098	0.807	0.801	0.839	0.833	0.858	0.372	0.347	0.340	0.319	0.235	0.096	0.098	0.801	0.852	0.811	0.790	0.811	0.378	0.446	0.315	0.252	0.262	0.096	0.099	0.855	0.865	0.824	0.811	0.843	0.412	0.316	0.300	0.353	0.289	0.096	0.098	0.097	0.099	0.096	0.096	0.096	0.097	0.180	0.099	0.097	0.096	0.096
52:00:43	20.3	0.095	0.094	0.097	0.096	0.096	0.096	0.097	0.096	0.098	0.098	0.097	0.095	0.096	0.811	0.787	0.799	0.843	0.804	0.841	0.423	0.309	0.289	0.262	0.097	0.094	0.840	0.807	0.761	0.803	0.799	0.872	0.318	0.312	0.306	0.313	0.097	0.095	0.807	0.835	0.774	0.843	0.883	0.416	0.300	0.308	0.358	0.349	0.097	0.098	0.821	0.814	0.853	0.846	0.870	0.372	0.348	0.342	0.323	0.237	0.096	0.098	0.815	0.863	0.825	0.804	0.824	0.380	0.447	0.318	0.259	0.268	0.096	0.098	0.868	0.876	0.836	0.824	0.853	0.412	0.318	0.302	0.355	0.291	0.096	0.097	0.097	0.099	0.096	0.096	0.095	0.097	0.202	0.099	0.097	0.096	0.096
53:00:43	20.4	0.096	0.095	0.097	0.096	0.096	0.096	0.097	0.096	0.097	0.099	0.097	0.096	0.096	0.823	0.797	0.812	0.855	0.817	0.853	0.426	0.309	0.294	0.264	0.097	0.094	0.853	0.819	0.773	0.815	0.811	0.883	0.319	0.314	0.307	0.314	0.097	0.095	0.821	0.848	0.788	0.856	0.896	0.418	0.300	0.309	0.361	0.349	0.097	0.098	0.835	0.828	0.866	0.858	0.882	0.372	0.349	0.340	0.326	0.239	0.096	0.098	0.826	0.875	0.839	0.817	0.836	0.382	0.449	0.320	0.264	0.272	0.096	0.098	0.878	0.891	0.850	0.837	0.866	0.413	0.319	0.303	0.356	0.294	0.096	0.097	0.097	0.099	0.096	0.096	0.096	0.097	0.226	0.099	0.097	0.096	0.096
54:00:45	20.4	0.096	0.094	0.097	0.096	0.096	0.096	0.096	0.096	0.097	0.098	0.096	0.096	0.096	0.836	0.810	0.824	0.867	0.830	0.864	0.428	0.310	0.298	0.265	0.097	0.094	0.865	0.831	0.786	0.826	0.822	0.894	0.321	0.318	0.307	0.315	0.097	0.095	0.831	0.859	0.801	0.868	0.906	0.421	0.301	0.310	0.363	0.351	0.097	0.098	0.846	0.839	0.876	0.868	0.892	0.372	0.349	0.341	0.328	0.240	0.096	0.098	0.837	0.887	0.852	0.829	0.847	0.382	0.450	0.322	0.269	0.277	0.096	0.098	0.891	0.900	0.862	0.849	0.877	0.415	0.322	0.305	0.357	0.295	0.096	0.098	0.097	0.099	0.096	0.096	0.095	0.097	0.253	0.099	0.097	0.096	0.096
55:00:45	20.3	0.095	0.094	0.097	0.096	0.096	0.096	0.096	0.096	0.097	0.098	0.096	0.095	0.096	0.848	0.821	0.836	0.877	0.841	0.877	0.430	0.311	0.303	0.266	0.097	0.094	0.877	0.841	0.796	0.839	0.834	0.904	0.322	0.320	0.306	0.317	0.097	0.095	0.842	0.871	0.816	0.879	0.918	0.423	0.302	0.309	0.363	0.351	0.097	0.098	0.859	0.850	0.888	0.881	0.905	0.372	0.351	0.342	0.328	0.242	0.096	0.098	0.850	0.900	0.864	0.840	0.857	0.384	0.451	0.324	0.275	0.280	0.096	0.098	0.902	0.910	0.872	0.862	0.884	0.418	0.324	0.307	0.357	0.296	0.095	0.097	0.097	0.099	0.096	0.095	0.095	0.097	0.282	0.099	0.097	0.096	0.096
56:00:46	20.2	0.096	0.094	0.098	0.096	0.096	0.097	0.096	0.096	0.098	0.099	0.097	0.096	0.096	0.860	0.833	0.848	0.888	0.853	0.887	0.433	0.313	0.307	0.266	0.098	0.095	0.887	0.851	0.809	0.850	0.844	0.914	0.324	0.322	0.305	0.317	0.097	0.095	0.856	0.882	0.828	0.889	0.930	0.426	0.302	0.309	0.366	0.352	0.098	0.098	0.871	0.861	0.900	0.891	0.916	0.373	0.354	0.343	0.330	0.245	0.096	0.098	0.860	0.912	0.874	0.853	0.868	0.386	0.453	0.326	0.280	0.285	0.096	0.098	0.910	0.920	0.884	0.873	0.893	0.421	0.328	0.308	0.358	0.299	0.096	0.098	0.097	0.099	0.096	0.096	0.096	0.097	0.311	0.099	0.097	0.096	0.096
57:00:47	20.0	0.096	0.094	0.097	0.096	0.096	0.096	0.096	0.096	0.098	0.099	0.097	0.095	0.096	0.871	0.845	0.858	0.896	0.864	0.895	0.435	0.314	0.311	0.268	0.097	0.095	0.898	0.863	0.821	0.860	0.854	0.922	0.324	0.324	0.305	0.318	0.097	0.095	0.867	0.891	0.842	0.901	0.937	0.428	0.303	0.308	0.367	0.353	0.097	0.098	0.882	0.869	0.909	0.900	0.923	0.374	0.355	0.342	0.331	0.247	0.096	0.098	0.870	0.920	0.888	0.864	0.880	0.386	0.455	0.327	0.282	0.286	0.096	0.098	0.920	0.931	0.896	0.886	0.903	0.423	0.331	0.310	0.359	0.300	0.096	0.098	0.097	0.099	0.096	0.096	0.096	0.097	0.339	0.099	0.097	0.096	0.096
58:00:48	19.9	0.096	0.094	0.097	0.096	0.096	0.096	0.097	0.096	0.097	0.098	0.097	0.095	0.096	0.881	0.855	0.868	0.904	0.876	0.904	0.437	0.316	0.312	0.269	0.097	0.094	0.909	0.873	0.831	0.870	0.865	0.930	0.326	0.327	0.306	0.319	0.097	0.095	0.877	0.901	0.853	0.909	0.947	0.432	0.303	0.308	0.369	0.354	0.097	0.098	0.891	0.881	0.918	0.907	0.935	0.376	0.358	0.343	0.332	0.249	0.095	0.098	0.880	0.930	0.898	0.873	0.888	0.388	0.456	0.330	0.284	0.289	0.096	0.098	0.927	0.940	0.905	0.896	0.912	0.427	0.336	0.311	0.359	0.302	0.096	0.097	0.097	0.099	0.096	0.096	0.095	0.097	0.367	0.099	0.097	0.096	0.096
59:00:49	19.8	0.095	0.094	0.097	0.096	0.096	0.096	0.096	0.096	0.097	0.098	0.096	0.095	0.096	0.891	0.868	0.879	0.913	0.886	0.914	0.440	0.320	0.313	0.272	0.097	0.094	0.917	0.883	0.842	0.879	0.873	0.938	0.328	0.327	0.307	0.320	0.097	0.095	0.886	0.910	0.863	0.918	0.956	0.435	0.305	0.308	0.371	0.356	0.097	0.098	0.900	0.890	0.926	0.916	0.942	0.377	0.361	0.341	0.334	0.252	0.096	0.098	0.890	0.938	0.909	0.884	0.896	0.391	0.458	0.331	0.287	0.291	0.096	0.098	0.935	0.949	0.913	0.906	0.919	0.430	0.341	0.312	0.360	0.303	0.096	0.097	0.097	0.099	0.096	0.096	0.095	0.097	0.396	0.099	0.097	0.096	0.096
60:00:50	19.8	0.095	0.094	0.097	0.096	0.095	0.096	0.097	0.096	0.097	0.098	0.096	0.095	0.095	0.902	0.879	0.888	0.924	0.899	0.922	0.443	0.323	0.314	0.275	0.097	0.094	0.926	0.893	0.853	0.889	0.882	0.946	0.329	0.328	0.308	0.321	0.096	0.095	0.898	0.920	0.873	0.926	0.965	0.438	0.306	0.309	0.372	0.357	0.097	0.098	0.909	0.900	0.936	0.924	0.952	0.380	0.364	0.340	0.336	0.255	0.096	0.098	0.899	0.944	0.918	0.895	0.906	0.393	0.460	0.331	0.290	0.292	0.096	0.098	0.942	0.955	0.924	0.917	0.926	0.434	0.345	0.314	0.360	0.304	0.096	0.097	0.097	0.099	0.096	0.095	0.095	0.097	0.425	0.099	0.097	0.096	0.096
61:00:50	19.8	0.096	0.094	0.097	0.096	0.096	0.096	0.096	0.096	0.097	0.098	0.096	0.095	0.096	0.911	0.891	0.898	0.934	0.911	0.931	0.445	0.327	0.314	0.278	0.097	0.094	0.935	0.901	0.866	0.898	0.891	0.955	0.333	0.329	0.310	0.322	0.097	0.095	0.908	0.930	0.884	0.935	0.972	0.442	0.307	0.309	0.374	0.358	0.097	0.098	0.918	0.911	0.945	0.932	0.960	0.383	0.367	0.340	0.338	0.257	0.096	0.098	0.908	0.951	0.928	0.903	0.914	0.397	0.463	0.332	0.291	0.294	0.096	0.098	0.947	0.968	0.932	0.926	0.931	0.439	0.350	0.316	0.360	0.307	0.096	0.097	0.097	0.099	0.096	0.095	0.095	0.097	0.455	0.099	0.097	0.096	0.096
62:00:50	19.8	0.096	0.094	0.097	0.096	0.096	0.096	0.096	0.096	0.097	0.098	0.096	0.095	0.096	0.921	0.901	0.909	0.943	0.923	0.938	0.448	0.331	0.315	0.280	0.097	0.094	0.942	0.909	0.876	0.906	0.899	0.965	0.334	0.329	0.311	0.323	0.097	0.095	0.916	0.938	0.892	0.942	0.981	0.445	0.308	0.311	0.375	0.359	0.097	0.098	0.928	0.920	0.951	0.939	0.967	0.385	0.371	0.340	0.341	0.260	0.095	0.098	0.918	0.955	0.940	0.910	0.921	0.400	0.465	0.332	0.293	0.294	0.096	0.098	0.954	0.976	0.940	0.936	0.939	0.443	0.355	0.319	0.360	0.308	0.096	0.098	0.097	0.099	0.096	0.096	0.095	0.097	0.485	0.099	0.097	0.096	0.096
63:00:52	19.8	0.096	0.095	0.097	0.096	0.096	0.096	0.096	0.096	0.097	0.099	0.097	0.095	0.095	0.933	0.912	0.918	0.951	0.931	0.944	0.452	0.335	0.316	0.283	0.097	0.094	0.952	0.916	0.887	0.913	0.906	0.972	0.338	0.330	0.313	0.325	0.097	0.095	0.925	0.950	0.900	0.949	0.989	0.448	0.310	0.313	0.376	0.359	0.098	0.098	0.934	0.927	0.958	0.945	0.973	0.388	0.375	0.341	0.343	0.263	0.096	0.098	0.925	0.960	0.953	0.918	0.927	0.404	0.467	0.333	0.294	0.295	0.096	0.099	0.958	0.984	0.947	0.944	0.946	0.448	0.361	0.321	0.360	0.311	0.096	0.098	0.097	0.099	0.096	0.096	0.095	0.097	0.515	0.099	0.097	0.096	0.096
64:00:54	19.7	0.095	0.094	0.097	0.096	0.096	0.096	0.097	0.096	0.097	0.098	0.097	0.096	0.096	0.939	0.923	0.928	0.959	0.940	0.953	0.455	0.339	0.317	0.287	0.097	0.095	0.961	0.922	0.897	0.921	0.914	0.978	0.341	0.330	0.316	0.328	0.097	0.095	0.936	0.955	0.908	0.957	0.995	0.452	0.311	0.314	0.377	0.361	0.097	0.098	0.941	0.934	0.964	0.952	0.980	0.392	0.379	0.342	0.346	0.265	0.096	0.098	0.934	0.968	0.961	0.926	0.935	0.408	0.469	0.334	0.296	0.297	0.096	0.098	0.965	0.996	0.954	0.951	0.953	0.452	0.367	0.324	0.361	0.314	0.096	0.097	0.097	0.099	0.096	0.096	0.096	0.097	0.545	0.099	0.097	0.096	0.096
65:00:53	19.7	0.095	0.094	0.098	0.096	0.096	0.096	0.096	0.096	0.098	0.098	0.097	0.095	0.096	0.948	0.933	0.939	0.967	0.947	0.958	0.460	0.343	0.319	0.290	0.097	0.094	0.971	0.928	0.905	0.929	0.920	0.982	0.342	0.332	0.318	0.329	0.097	0.095	0.944	0.964	0.916	0.964	1.000	0.453	0.312	0.316	0.377	0.362	0.097	0.098	0.951	0.947	0.970	0.959	0.983	0.397	0.382	0.342	0.349	0.268	0.096	0.098	0.943	0.971	0.971	0.932	0.941	0.412	0.473	0.335	0.297	0.298	0.096	0.098	0.972	1.007	0.960	0.960	0.968	0.457	0.373	0.327	0.361	0.316	0.096	0.098	0.097	0.099	0.096	0.096	0.095	0.097	0.575	0.099	0.097	0.096	0.096
66:00:55	19.7	0.096	0.095	0.098	0.096	0.096	0.096	0.096	0.096	0.097	0.098	0.096	0.096	0.096	0.955	0.941	0.947	0.971	0.953	0.963	0.464	0.346	0.321	0.294	0.097	0.094	0.980	0.936	0.913	0.936	0.925	0.985	0.346	0.333	0.321	0.332	0.097	0.095	0.953	0.970	0.922	0.969	1.006	0.458	0.315	0.318	0.378	0.363	0.097	0.098	0.956	0.951	0.975	0.964	0.987	0.401	0.386	0.343	0.353	0.272	0.096	0.098	0.949	0.982	0.982	0.940	0.948	0.417	0.476	0.335	0.298	0.300	0.096	0.098	0.976	1.011	0.966	0.965	0.970	0.463	0.379	0.330	0.362	0.319	0.096	0.098	0.097	0.099	0.096	0.096	0.096	0.097	0.602	0.099	0.097	0.096	0.096
67:00:55	19.7	0.096	0.094	0.097	0.096	0.096	0.096	0.096	0.096	0.097	0.098	0.097	0.095	0.096	0.967	0.949	0.957	0.980	0.961	0.971	0.469	0.350	0.323	0.298	0.097	0.094	0.991	0.940	0.922	0.942	0.933	0.989	0.349	0.334	0.324	0.335	0.097	0.095	0.961	0.978	0.930	0.975	1.009	0.461	0.315	0.321	0.379	0.364	0.097	0.098	0.962	0.953	0.986	0.973	0.994	0.405	0.389	0.344	0.356	0.275	0.096	0.098	0.957	0.988	0.990	0.945	0.953	0.421	0.479	0.337	0.300	0.302	0.096	0.098	0.980	1.020	0.973	0.972	0.992	0.469	0.388	0.333	0.363	0.322	0.096	0.098	0.097	0.099	0.096	0.096	0.096	0.097	0.627	0.099	0.097	0.096	0.096
68:00:56	19.7	0.095	0.094	0.097	0.096	0.096	0.096	0.096	0.096	0.097	0.098	0.096	0.095	0.096	0.973	0.958	0.963	0.984	0.968	0.976	0.474	0.354	0.324	0.301	0.097	0.094	1.000	0.946	0.930	0.948	0.938	0.991	0.352	0.336	0.327	0.338	0.097	0.095	0.969	0.985	0.938	0.979	1.014	0.463	0.318	0.323	0.380	0.366	0.097	0.098	0.970	0.962	0.991	0.976	0.995	0.410	0.392	0.346	0.359	0.278	0.095	0.098	0.964	0.994	0.996	0.950	0.958	0.426	0.482	0.338	0.302	0.305	0.096	0.098	0.983	1.031	0.979	0.978	1.008	0.474	0.394	0.337	0.364	0.325	0.096	0.098	0.097	0.099	0.096	0.095	0.095	0.097	0.650	0.099	0.097	0.096	0.096
69:00:58	19.7	0.095	0.094	0.097	0.096	0.096	0.096	0.096	0.096	0.097	0.098	0.096	0.095	0.095	0.978	0.965	0.972	0.985	0.973	0.976	0.479	0.357	0.326	0.305	0.097	0.094	1.011	0.951	0.938	0.953	0.941	0.993	0.358	0.338	0.331	0.341	0.097	0.095	0.974	0.990	0.945	0.985	1.017	0.466	0.321	0.326	0.382	0.368	0.097	0.098	0.976	0.972	0.995	0.977	0.999	0.416	0.397	0.347	0.362	0.281	0.095	0.098	0.972	0.998	1.005	0.955	0.965	0.431	0.485	0.339	0.303	0.307	0.096	0.098	0.989	1.037	0.984	0.983	1.017	0.479	0.402	0.341	0.365	0.329	0.096	0.098	0.097	0.099	0.096	0.095	0.095	0.097	0.672	0.099	0.097	0.096	0.096
70:00:58	19.8	0.095	0.094	0.098	0.096	0.096	0.096	0.096	0.096	0.097	0.098	0.096	0.095	0.096	0.986	0.972	0.978	0.990	0.978	0.982	0.485	0.359	0.328	0.309	0.097	0.094	1.018	0.954	0.945	0.960	0.946	0.995	0.362	0.340	0.334	0.345	0.097	0.095	0.984	0.993	0.952	0.988	1.018	0.468	0.323	0.329	0.384	0.369	0.097	0.098	0.982	0.977	1.001	0.983	1.002	0.422	0.402	0.349	0.365	0.284	0.096	0.098	0.981	1.006	1.013	0.960	0.971	0.435	0.490	0.341	0.306	0.309	0.096	0.099	0.991	1.044	0.990	0.989	1.032	0.484	0.411	0.344	0.366	0.332	0.096	0.098	0.097	0.099	0.096	0.095	0.095	0.097	0.692	0.099	0.097	0.096	0.096
71:01:01	19.9	0.095	0.094	0.097	0.096	0.096	0.096	0.096	0.096	0.097	0.098	0.096	0.095	0.096	0.995	0.977	0.985	0.994	0.982	0.988	0.491	0.363	0.330	0.314	0.097	0.094	1.026	0.959	0.950	0.964	0.951	0.996	0.368	0.341	0.338	0.348	0.096	0.095	0.994	0.999	0.960	0.990	1.020	0.470	0.328	0.331	0.386	0.370	0.097	0.098	0.989	0.981	1.007	0.989	1.006	0.428	0.406	0.350	0.368	0.288	0.096	0.098	0.988	1.012	1.018	0.965	0.972	0.441	0.493	0.343	0.308	0.311	0.096	0.098	1.002	1.049	0.997	0.995	1.040	0.489	0.419	0.348	0.368	0.335	0.096	0.097	0.097	0.099	0.096	0.095	0.095	0.097	0.712	0.099	0.097	0.096	0.096
72:01:00	20.1	0.095	0.095	0.098	0.096	0.096	0.096	0.097	0.096	0.097	0.098	0.096	0.096	0.096	1.007	0.983	0.990	1.000	0.988	0.993	0.497	0.367	0.332	0.315	0.097	0.095	1.032	0.962	0.957	0.970	0.955	0.997	0.373	0.344	0.342	0.351	0.097	0.095	1.005	1.006	0.967	0.997	1.022	0.473	0.331	0.335	0.388	0.373	0.097	0.098	0.994	0.985	1.014	0.992	1.010	0.433	0.409	0.352	0.372	0.291	0.096	0.099	1.000	1.016	1.025	0.970	0.978	0.446	0.497	0.344	0.309	0.314	0.096	0.099	1.002	1.060	1.005	0.999	1.047	0.495	0.428	0.352	0.370	0.339	0.096	0.098	0.097	0.099	0.096	0.096	0.096	0.097	0.730	0.099	0.097	0.096	0.096

