Time	T° 600	A1	A2	A3	A4	A5	A6	A7	A8	A9	A10	A11	A12	B1	B2	B3	B4	B5	B6	B7	B8	B9	B10	B11	B12	C1	C2	C3	C4	C5	C6	C7	C8	C9	C10	C11	C12	D1	D2	D3	D4	D5	D6	D7	D8	D9	D10	D11	D12	E1	E2	E3	E4	E5	E6	E7	E8	E9	E10	E11	E12	F1	F2	F3	F4	F5	F6	F7	F8	F9	F10	F11	F12	G1	G2	G3	G4	G5	G6	G7	G8	G9	G10	G11	G12	H1	H2	H3	H4	H5	H6	H7	H8	H9	H10	H11	H12
0:00:06	18.7	0.091	0.094	0.095	0.093	0.091	0.092	0.090	0.091	0.092	0.090	0.092	0.091	0.093	0.226	0.205	0.220	0.095	0.094	0.094	0.094	0.094	0.096	0.095	0.093	0.090	0.192	0.247	0.180	0.094	0.096	0.093	0.095	0.095	0.097	0.095	0.094	0.091	0.202	0.258	0.225	0.092	0.093	0.098	0.095	0.098	0.097	0.095	0.091	0.092	0.211	0.213	0.096	0.095	0.095	0.094	0.093	0.094	0.095	0.095	0.091	0.091	0.208	0.215	0.097	0.104	0.096	0.094	0.094	0.095	0.096	0.095	0.091	0.091	0.209	0.264	0.095	0.114	0.094	0.096	0.094	0.100	0.095	0.096	0.091	0.092	0.092	0.090	0.092	0.092	0.092	0.092	0.093	0.093	0.092	0.094	0.091
1:00:06	19.4	0.091	0.094	0.095	0.094	0.091	0.093	0.090	0.091	0.092	0.091	0.092	0.092	0.093	0.232	0.210	0.226	0.096	0.095	0.095	0.095	0.095	0.097	0.096	0.093	0.090	0.198	0.252	0.186	0.095	0.096	0.094	0.095	0.095	0.097	0.096	0.094	0.091	0.206	0.261	0.230	0.092	0.094	0.098	0.095	0.098	0.097	0.096	0.091	0.092	0.214	0.219	0.095	0.094	0.095	0.094	0.093	0.094	0.095	0.095	0.091	0.091	0.210	0.217	0.097	0.105	0.097	0.095	0.095	0.095	0.096	0.096	0.091	0.092	0.215	0.272	0.095	0.107	0.094	0.097	0.095	0.099	0.095	0.097	0.097	0.092	0.092	0.091	0.091	0.092	0.093	0.092	0.094	0.094	0.092	0.094	0.091
2:00:07	19.9	0.092	0.094	0.095	0.093	0.091	0.092	0.090	0.091	0.092	0.091	0.093	0.091	0.093	0.238	0.217	0.235	0.096	0.095	0.096	0.096	0.096	0.097	0.097	0.093	0.090	0.205	0.257	0.193	0.096	0.097	0.095	0.096	0.096	0.098	0.096	0.093	0.091	0.214	0.270	0.237	0.093	0.094	0.099	0.096	0.099	0.097	0.096	0.091	0.092	0.219	0.227	0.097	0.095	0.096	0.095	0.094	0.095	0.095	0.096	0.091	0.092	0.216	0.223	0.097	0.107	0.098	0.095	0.095	0.096	0.097	0.097	0.091	0.092	0.222	0.280	0.096	0.105	0.095	0.098	0.096	0.100	0.096	0.097	0.097	0.092	0.093	0.091	0.092	0.092	0.093	0.092	0.094	0.093	0.092	0.094	0.091
3:00:07	20.2	0.091	0.094	0.095	0.093	0.091	0.093	0.090	0.091	0.092	0.091	0.092	0.092	0.093	0.247	0.224	0.240	0.097	0.096	0.096	0.097	0.096	0.098	0.097	0.093	0.090	0.212	0.263	0.200	0.097	0.098	0.095	0.096	0.096	0.098	0.097	0.093	0.091	0.222	0.276	0.245	0.094	0.095	0.100	0.096	0.100	0.098	0.097	0.091	0.091	0.223	0.234	0.097	0.096	0.097	0.095	0.095	0.095	0.096	0.097	0.091	0.091	0.221	0.228	0.098	0.109	0.099	0.096	0.096	0.096	0.099	0.097	0.091	0.091	0.228	0.288	0.097	0.106	0.096	0.099	0.097	0.100	0.096	0.098	0.092	0.092	0.092	0.091	0.092	0.092	0.093	0.092	0.094	0.094	0.092	0.094	0.091
4:00:08	20.5	0.092	0.094	0.095	0.094	0.092	0.092	0.090	0.091	0.092	0.091	0.092	0.091	0.093	0.254	0.232	0.244	0.098	0.097	0.098	0.098	0.098	0.099	0.098	0.093	0.090	0.221	0.273	0.206	0.098	0.098	0.097	0.097	0.097	0.099	0.098	0.094	0.091	0.228	0.282	0.252	0.095	0.096	0.101	0.098	0.100	0.099	0.098	0.091	0.091	0.228	0.240	0.098	0.097	0.098	0.096	0.096	0.096	0.097	0.098	0.091	0.091	0.227	0.233	0.099	0.112	0.100	0.097	0.097	0.097	0.100	0.099	0.091	0.092	0.232	0.296	0.098	0.107	0.097	0.100	0.098	0.102	0.098	0.099	0.092	0.092	0.092	0.091	0.091	0.092	0.093	0.092	0.094	0.094	0.092	0.094	0.091
5:00:08	20.6	0.092	0.095	0.095	0.094	0.091	0.093	0.090	0.092	0.092	0.090	0.092	0.091	0.093	0.262	0.238	0.248	0.100	0.098	0.099	0.099	0.098	0.100	0.099	0.093	0.090	0.228	0.280	0.212	0.100	0.100	0.098	0.098	0.098	0.101	0.099	0.093	0.091	0.237	0.290	0.259	0.096	0.097	0.102	0.099	0.101	0.101	0.099	0.091	0.091	0.239	0.247	0.100	0.098	0.099	0.098	0.097	0.097	0.099	0.100	0.091	0.092	0.233	0.239	0.100	0.114	0.102	0.098	0.098	0.099	0.102	0.100	0.091	0.092	0.237	0.303	0.099	0.108	0.098	0.102	0.099	0.103	0.100	0.101	0.092	0.092	0.092	0.091	0.092	0.092	0.093	0.092	0.094	0.094	0.092	0.094	0.091
6:00:10	20.5	0.092	0.094	0.095	0.094	0.092	0.093	0.091	0.092	0.092	0.091	0.092	0.092	0.093	0.269	0.244	0.253	0.101	0.100	0.101	0.101	0.100	0.102	0.101	0.093	0.090	0.234	0.289	0.219	0.102	0.101	0.100	0.100	0.100	0.102	0.101	0.093	0.091	0.243	0.297	0.266	0.099	0.100	0.104	0.101	0.103	0.103	0.102	0.091	0.092	0.246	0.254	0.101	0.101	0.102	0.100	0.099	0.100	0.101	0.102	0.091	0.092	0.237	0.246	0.102	0.117	0.104	0.101	0.100	0.101	0.105	0.103	0.091	0.092	0.243	0.308	0.101	0.110	0.100	0.104	0.101	0.105	0.102	0.103	0.092	0.092	0.092	0.091	0.092	0.092	0.093	0.092	0.094	0.094	0.092	0.094	0.092
7:00:13	20.5	0.091	0.094	0.095	0.093	0.091	0.093	0.090	0.091	0.092	0.091	0.092	0.091	0.092	0.277	0.250	0.258	0.103	0.102	0.103	0.102	0.102	0.103	0.103	0.093	0.090	0.239	0.295	0.222	0.104	0.103	0.102	0.102	0.102	0.105	0.104	0.094	0.091	0.249	0.302	0.274	0.101	0.102	0.107	0.104	0.105	0.106	0.105	0.091	0.091	0.252	0.262	0.103	0.103	0.105	0.103	0.102	0.103	0.103	0.105	0.091	0.092	0.243	0.250	0.104	0.120	0.108	0.103	0.102	0.104	0.108	0.106	0.091	0.092	0.250	0.316	0.102	0.113	0.102	0.107	0.103	0.107	0.104	0.106	0.092	0.092	0.092	0.091	0.092	0.092	0.093	0.092	0.094	0.094	0.092	0.094	0.091
8:00:12	20.4	0.091	0.094	0.095	0.094	0.092	0.093	0.091	0.092	0.092	0.091	0.092	0.092	0.093	0.282	0.255	0.263	0.107	0.105	0.107	0.105	0.105	0.106	0.106	0.093	0.090	0.246	0.304	0.226	0.108	0.106	0.105	0.105	0.105	0.108	0.107	0.094	0.091	0.255	0.305	0.280	0.104	0.105	0.110	0.107	0.109	0.109	0.109	0.091	0.092	0.260	0.270	0.107	0.106	0.109	0.107	0.105	0.106	0.106	0.109	0.091	0.092	0.251	0.256	0.107	0.124	0.112	0.108	0.106	0.107	0.112	0.110	0.091	0.092	0.256	0.323	0.106	0.116	0.105	0.111	0.107	0.110	0.108	0.111	0.092	0.092	0.093	0.091	0.092	0.093	0.093	0.092	0.094	0.094	0.092	0.095	0.091
9:00:14	20.4	0.091	0.094	0.095	0.094	0.092	0.093	0.091	0.092	0.092	0.090	0.092	0.091	0.093	0.289	0.260	0.269	0.112	0.109	0.112	0.109	0.109	0.111	0.110	0.093	0.090	0.251	0.308	0.230	0.112	0.110	0.111	0.110	0.109	0.112	0.111	0.094	0.091	0.261	0.312	0.286	0.109	0.110	0.115	0.112	0.113	0.114	0.114	0.091	0.092	0.268	0.275	0.110	0.111	0.114	0.112	0.109	0.110	0.111	0.115	0.091	0.092	0.257	0.263	0.111	0.130	0.117	0.113	0.111	0.112	0.117	0.116	0.091	0.092	0.269	0.329	0.110	0.121	0.109	0.117	0.112	0.114	0.112	0.117	0.092	0.092	0.093	0.091	0.092	0.093	0.093	0.092	0.094	0.094	0.092	0.095	0.091
10:00:14	20.4	0.092	0.095	0.095	0.094	0.092	0.093	0.091	0.092	0.092	0.091	0.093	0.092	0.093	0.296	0.265	0.275	0.118	0.115	0.119	0.114	0.115	0.116	0.116	0.093	0.090	0.255	0.316	0.237	0.118	0.116	0.118	0.116	0.115	0.119	0.118	0.094	0.092	0.268	0.321	0.291	0.116	0.116	0.123	0.118	0.120	0.121	0.122	0.091	0.092	0.271	0.283	0.116	0.117	0.121	0.117	0.116	0.116	0.117	0.123	0.091	0.092	0.263	0.269	0.118	0.137	0.125	0.120	0.117	0.118	0.125	0.125	0.092	0.092	0.269	0.339	0.115	0.127	0.116	0.125	0.119	0.121	0.119	0.125	0.094	0.092	0.093	0.091	0.092	0.093	0.093	0.092	0.094	0.094	0.093	0.095	0.091
11:00:16	20.3	0.091	0.094	0.095	0.093	0.092	0.092	0.090	0.091	0.092	0.091	0.092	0.091	0.093	0.302	0.271	0.282	0.127	0.123	0.128	0.121	0.122	0.124	0.122	0.093	0.090	0.262	0.320	0.243	0.127	0.124	0.128	0.123	0.123	0.128	0.126	0.093	0.091	0.274	0.326	0.294	0.125	0.124	0.131	0.125	0.127	0.129	0.132	0.091	0.091	0.279	0.288	0.122	0.124	0.129	0.126	0.124	0.125	0.125	0.133	0.091	0.092	0.269	0.275	0.125	0.145	0.133	0.129	0.125	0.128	0.134	0.136	0.091	0.092	0.275	0.343	0.122	0.135	0.123	0.135	0.127	0.128	0.128	0.135	0.092	0.092	0.093	0.091	0.092	0.092	0.093	0.092	0.094	0.094	0.092	0.094	0.091
12:00:17	20.4	0.092	0.094	0.095	0.095	0.091	0.093	0.091	0.092	0.092	0.091	0.093	0.092	0.093	0.308	0.276	0.289	0.137	0.134	0.138	0.131	0.133	0.135	0.130	0.093	0.090	0.271	0.324	0.247	0.136	0.135	0.137	0.134	0.134	0.139	0.137	0.093	0.092	0.279	0.333	0.299	0.134	0.134	0.140	0.135	0.139	0.140	0.141	0.091	0.092	0.284	0.295	0.133	0.133	0.139	0.134	0.134	0.136	0.137	0.141	0.091	0.092	0.275	0.280	0.137	0.153	0.141	0.141	0.135	0.138	0.145	0.145	0.092	0.092	0.281	0.349	0.135	0.145	0.136	0.146	0.137	0.140	0.138	0.145	0.092	0.092	0.093	0.091	0.092	0.093	0.093	0.092	0.094	0.094	0.092	0.094	0.091
13:00:17	20.4	0.092	0.094	0.095	0.095	0.092	0.093	0.091	0.092	0.093	0.091	0.093	0.092	0.093	0.313	0.283	0.296	0.155	0.148	0.158	0.143	0.145	0.146	0.143	0.093	0.090	0.277	0.329	0.253	0.153	0.144	0.155	0.143	0.148	0.156	0.156	0.093	0.092	0.285	0.337	0.305	0.148	0.144	0.156	0.146	0.149	0.154	0.162	0.091	0.092	0.287	0.301	0.141	0.144	0.151	0.152	0.150	0.148	0.149	0.163	0.091	0.092	0.283	0.288	0.145	0.171	0.161	0.159	0.152	0.153	0.162	0.174	0.091	0.092	0.287	0.353	0.145	0.160	0.148	0.168	0.154	0.151	0.158	0.175	0.092	0.092	0.093	0.091	0.092	0.093	0.093	0.092	0.094	0.094	0.092	0.094	0.092
14:00:17	20.5	0.092	0.094	0.096	0.095	0.092	0.093	0.091	0.092	0.092	0.091	0.093	0.092	0.093	0.318	0.290	0.301	0.180	0.176	0.184	0.168	0.174	0.177	0.166	0.093	0.090	0.279	0.333	0.258	0.180	0.167	0.176	0.169	0.173	0.177	0.182	0.094	0.091	0.292	0.340	0.309	0.168	0.164	0.174	0.164	0.168	0.171	0.179	0.092	0.092	0.290	0.299	0.161	0.167	0.169	0.169	0.165	0.165	0.169	0.185	0.091	0.092	0.288	0.295	0.167	0.191	0.174	0.165	0.167	0.170	0.184	0.192	0.091	0.092	0.293	0.359	0.166	0.180	0.170	0.177	0.169	0.176	0.183	0.196	0.092	0.093	0.093	0.091	0.092	0.093	0.093	0.092	0.094	0.094	0.092	0.095	0.091
15:00:19	20.5	0.092	0.095	0.096	0.095	0.092	0.093	0.091	0.092	0.092	0.091	0.093	0.091	0.093	0.323	0.295	0.307	0.190	0.189	0.194	0.184	0.189	0.188	0.173	0.093	0.090	0.285	0.338	0.265	0.193	0.179	0.181	0.178	0.181	0.183	0.188	0.093	0.092	0.297	0.345	0.313	0.178	0.177	0.183	0.176	0.178	0.185	0.188	0.091	0.092	0.295	0.302	0.179	0.182	0.180	0.180	0.179	0.178	0.185	0.195	0.091	0.092	0.293	0.302	0.179	0.202	0.181	0.173	0.175	0.183	0.200	0.203	0.091	0.092	0.300	0.364	0.178	0.186	0.178	0.185	0.178	0.188	0.198	0.207	0.092	0.093	0.093	0.091	0.092	0.092	0.093	0.092	0.094	0.094	0.092	0.095	0.091
16:00:20	20.6	0.092	0.094	0.096	0.095	0.092	0.093	0.091	0.092	0.092	0.091	0.093	0.092	0.093	0.330	0.302	0.313	0.197	0.196	0.206	0.194	0.198	0.193	0.177	0.093	0.090	0.291	0.343	0.271	0.202	0.185	0.191	0.186	0.188	0.192	0.196	0.094	0.092	0.302	0.352	0.320	0.192	0.191	0.197	0.188	0.192	0.199	0.200	0.092	0.092	0.299	0.309	0.191	0.196	0.195	0.194	0.193	0.194	0.200	0.209	0.091	0.092	0.298	0.309	0.188	0.215	0.193	0.184	0.186	0.196	0.217	0.219	0.092	0.092	0.307	0.369	0.186	0.196	0.188	0.198	0.192	0.198	0.209	0.222	0.092	0.093	0.093	0.091	0.092	0.093	0.093	0.092	0.094	0.094	0.093	0.095	0.091
17:00:21	20.6	0.091	0.094	0.096	0.095	0.092	0.093	0.091	0.091	0.092	0.091	0.092	0.092	0.093	0.336	0.308	0.320	0.206	0.203	0.216	0.201	0.206	0.203	0.187	0.093	0.090	0.296	0.348	0.278	0.215	0.196	0.203	0.197	0.199	0.204	0.210	0.093	0.092	0.308	0.358	0.326	0.204	0.205	0.213	0.201	0.207	0.214	0.215	0.091	0.092	0.307	0.315	0.201	0.209	0.212	0.207	0.208	0.211	0.216	0.225	0.091	0.092	0.306	0.317	0.201	0.229	0.210	0.199	0.201	0.212	0.236	0.238	0.091	0.092	0.316	0.374	0.199	0.210	0.202	0.213	0.207	0.213	0.224	0.236	0.091	0.092	0.092	0.091	0.092	0.092	0.093	0.092	0.094	0.094	0.092	0.095	0.091
18:00:21	20.7	0.092	0.094	0.095	0.095	0.092	0.093	0.091	0.091	0.092	0.091	0.092	0.092	0.093	0.344	0.315	0.328	0.217	0.215	0.230	0.213	0.220	0.220	0.206	0.093	0.090	0.303	0.356	0.286	0.233	0.212	0.219	0.213	0.215	0.219	0.229	0.094	0.092	0.316	0.364	0.333	0.217	0.220	0.230	0.218	0.222	0.230	0.231	0.091	0.092	0.316	0.323	0.219	0.223	0.231	0.218	0.224	0.229	0.233	0.242	0.091	0.092	0.314	0.325	0.215	0.246	0.228	0.217	0.218	0.230	0.256	0.257	0.091	0.092	0.324	0.380	0.215	0.224	0.220	0.230	0.223	0.230	0.239	0.254	0.092	0.093	0.092	0.091	0.092	0.093	0.093	0.092	0.094	0.094	0.092	0.094	0.091
19:00:24	20.7	0.091	0.094	0.095	0.095	0.092	0.093	0.091	0.091	0.092	0.090	0.092	0.091	0.093	0.353	0.322	0.337	0.232	0.231	0.246	0.230	0.237	0.236	0.226	0.093	0.090	0.311	0.364	0.295	0.250	0.229	0.235	0.229	0.232	0.236	0.249	0.093	0.091	0.322	0.370	0.339	0.229	0.235	0.247	0.233	0.238	0.247	0.248	0.091	0.091	0.326	0.331	0.235	0.236	0.248	0.231	0.239	0.246	0.248	0.259	0.091	0.092	0.323	0.334	0.231	0.259	0.245	0.234	0.235	0.246	0.275	0.273	0.091	0.092	0.334	0.388	0.232	0.239	0.239	0.244	0.241	0.247	0.255	0.272	0.091	0.092	0.092	0.091	0.092	0.092	0.093	0.091	0.094	0.094	0.092	0.094	0.091
20:00:27	20.7	0.092	0.094	0.095	0.095	0.092	0.093	0.091	0.091	0.092	0.091	0.092	0.092	0.093	0.361	0.330	0.346	0.250	0.249	0.265	0.249	0.256	0.255	0.242	0.093	0.090	0.320	0.374	0.303	0.269	0.248	0.253	0.246	0.249	0.254	0.267	0.093	0.092	0.330	0.379	0.348	0.244	0.250	0.262	0.250	0.254	0.263	0.263	0.091	0.092	0.337	0.340	0.252	0.251	0.266	0.247	0.256	0.264	0.265	0.277	0.091	0.092	0.333	0.343	0.249	0.274	0.263	0.250	0.255	0.264	0.294	0.289	0.091	0.092	0.345	0.396	0.251	0.256	0.257	0.259	0.259	0.264	0.270	0.291	0.091	0.092	0.093	0.091	0.092	0.092	0.093	0.092	0.094	0.094	0.092	0.094	0.092
21:00:25	20.8	0.091	0.094	0.095	0.095	0.092	0.093	0.091	0.092	0.092	0.091	0.093	0.092	0.093	0.372	0.341	0.355	0.266	0.266	0.285	0.268	0.276	0.275	0.260	0.093	0.090	0.329	0.383	0.312	0.288	0.266	0.271	0.264	0.269	0.273	0.284	0.093	0.092	0.340	0.387	0.357	0.259	0.267	0.281	0.268	0.271	0.281	0.281	0.091	0.092	0.349	0.349	0.270	0.269	0.284	0.264	0.275	0.281	0.282	0.294	0.091	0.092	0.344	0.353	0.266	0.290	0.280	0.267	0.273	0.280	0.312	0.306	0.091	0.092	0.355	0.405	0.267	0.274	0.274	0.275	0.276	0.279	0.287	0.309	0.091	0.093	0.093	0.091	0.092	0.092	0.093	0.092	0.094	0.094	0.092	0.095	0.091
22:00:26	20.8	0.092	0.095	0.095	0.095	0.091	0.093	0.091	0.091	0.092	0.091	0.093	0.092	0.093	0.383	0.349	0.366	0.283	0.284	0.305	0.287	0.296	0.291	0.277	0.093	0.090	0.341	0.393	0.322	0.305	0.285	0.290	0.281	0.286	0.291	0.301	0.093	0.092	0.349	0.396	0.367	0.278	0.285	0.298	0.286	0.289	0.298	0.297	0.091	0.092	0.361	0.360	0.285	0.286	0.301	0.280	0.291	0.297	0.300	0.311	0.091	0.092	0.355	0.363	0.283	0.306	0.295	0.282	0.288	0.296	0.330	0.324	0.091	0.092	0.367	0.415	0.284	0.291	0.289	0.290	0.293	0.295	0.303	0.328	0.091	0.092	0.093	0.091	0.092	0.092	0.093	0.092	0.094	0.094	0.092	0.095	0.091
23:00:26	20.8	0.091	0.095	0.095	0.095	0.092	0.093	0.091	0.091	0.092	0.090	0.093	0.092	0.093	0.393	0.358	0.376	0.303	0.301	0.324	0.305	0.314	0.308	0.294	0.093	0.090	0.353	0.405	0.333	0.323	0.303	0.308	0.297	0.304	0.310	0.318	0.094	0.092	0.359	0.406	0.376	0.296	0.302	0.315	0.302	0.307	0.317	0.314	0.091	0.092	0.373	0.370	0.301	0.301	0.316	0.297	0.307	0.312	0.316	0.331	0.091	0.092	0.367	0.373	0.300	0.321	0.310	0.298	0.306	0.313	0.346	0.343	0.091	0.092	0.380	0.425	0.301	0.307	0.307	0.306	0.309	0.311	0.322	0.349	0.091	0.092	0.093	0.091	0.092	0.093	0.093	0.092	0.094	0.093	0.092	0.095	0.091
24:00:29	20.9	0.091	0.095	0.095	0.095	0.091	0.093	0.091	0.091	0.092	0.091	0.092	0.092	0.093	0.407	0.370	0.387	0.323	0.319	0.341	0.324	0.333	0.325	0.315	0.093	0.090	0.364	0.416	0.344	0.342	0.321	0.326	0.314	0.323	0.329	0.336	0.094	0.092	0.370	0.416	0.388	0.316	0.318	0.332	0.319	0.326	0.335	0.333	0.091	0.092	0.385	0.381	0.319	0.318	0.335	0.315	0.325	0.330	0.334	0.349	0.091	0.092	0.380	0.383	0.317	0.339	0.327	0.316	0.325	0.331	0.363	0.361	0.091	0.092	0.392	0.435	0.319	0.324	0.325	0.323	0.328	0.330	0.340	0.369	0.091	0.093	0.092	0.091	0.092	0.092	0.093	0.092	0.094	0.094	0.092	0.095	0.091
25:00:28	21.1	0.091	0.095	0.095	0.095	0.092	0.093	0.091	0.092	0.092	0.091	0.093	0.092	0.093	0.420	0.379	0.398	0.343	0.336	0.361	0.345	0.353	0.344	0.336	0.093	0.090	0.377	0.429	0.356	0.360	0.338	0.345	0.335	0.342	0.348	0.355	0.094	0.092	0.383	0.427	0.398	0.335	0.335	0.352	0.339	0.346	0.355	0.352	0.091	0.092	0.399	0.393	0.337	0.335	0.352	0.333	0.343	0.350	0.352	0.369	0.091	0.092	0.404	0.396	0.334	0.356	0.345	0.333	0.344	0.349	0.380	0.382	0.092	0.092	0.406	0.447	0.336	0.339	0.342	0.342	0.347	0.348	0.360	0.391	0.092	0.093	0.093	0.091	0.092	0.092	0.093	0.092	0.094	0.094	0.092	0.095	0.091
26:00:29	21.2	0.091	0.095	0.095	0.095	0.092	0.093	0.091	0.091	0.092	0.091	0.093	0.092	0.093	0.434	0.389	0.410	0.365	0.356	0.381	0.367	0.375	0.363	0.359	0.093	0.090	0.389	0.443	0.368	0.378	0.357	0.363	0.354	0.361	0.366	0.374	0.094	0.092	0.393	0.438	0.410	0.354	0.354	0.370	0.356	0.366	0.374	0.371	0.091	0.092	0.413	0.406	0.355	0.355	0.371	0.353	0.362	0.368	0.371	0.390	0.091	0.092	0.418	0.409	0.353	0.375	0.363	0.353	0.363	0.369	0.398	0.403	0.091	0.092	0.421	0.459	0.355	0.358	0.361	0.361	0.366	0.368	0.380	0.413	0.091	0.093	0.093	0.091	0.092	0.092	0.093	0.092	0.094	0.094	0.092	0.094	0.091
27:00:30	21.4	0.091	0.094	0.095	0.096	0.092	0.093	0.091	0.092	0.092	0.091	0.093	0.092	0.093	0.449	0.401	0.423	0.387	0.378	0.402	0.388	0.396	0.385	0.386	0.093	0.090	0.402	0.458	0.382	0.398	0.378	0.384	0.377	0.382	0.387	0.398	0.094	0.091	0.406	0.450	0.423	0.375	0.375	0.392	0.377	0.387	0.394	0.392	0.091	0.092	0.428	0.420	0.375	0.376	0.392	0.373	0.382	0.389	0.391	0.413	0.091	0.092	0.433	0.423	0.373	0.395	0.383	0.373	0.385	0.388	0.418	0.427	0.091	0.092	0.435	0.472	0.376	0.379	0.383	0.384	0.387	0.390	0.401	0.439	0.091	0.093	0.093	0.091	0.092	0.093	0.093	0.092	0.094	0.094	0.092	0.094	0.092
28:00:31	21.5	0.092	0.094	0.095	0.096	0.092	0.093	0.091	0.092	0.092	0.091	0.093	0.092	0.093	0.466	0.412	0.438	0.410	0.401	0.426	0.411	0.421	0.413	0.411	0.093	0.090	0.416	0.474	0.396	0.419	0.400	0.407	0.399	0.405	0.410	0.423	0.094	0.092	0.419	0.464	0.436	0.396	0.397	0.416	0.398	0.410	0.416	0.416	0.091	0.092	0.443	0.434	0.396	0.398	0.415	0.396	0.405	0.411	0.414	0.438	0.091	0.092	0.448	0.438	0.394	0.418	0.405	0.396	0.408	0.412	0.439	0.451	0.091	0.092	0.451	0.485	0.400	0.401	0.407	0.408	0.411	0.415	0.425	0.466	0.092	0.093	0.093	0.091	0.092	0.092	0.094	0.092	0.094	0.094	0.092	0.095	0.092
29:00:32	21.6	0.092	0.095	0.095	0.095	0.092	0.093	0.091	0.092	0.092	0.091	0.093	0.092	0.093	0.483	0.422	0.452	0.435	0.426	0.453	0.437	0.448	0.440	0.439	0.093	0.090	0.431	0.492	0.412	0.444	0.424	0.432	0.423	0.430	0.435	0.449	0.094	0.092	0.433	0.477	0.450	0.419	0.421	0.439	0.421	0.434	0.439	0.441	0.091	0.092	0.458	0.449	0.419	0.421	0.438	0.421	0.430	0.436	0.439	0.465	0.091	0.092	0.463	0.453	0.417	0.443	0.430	0.420	0.433	0.437	0.463	0.479	0.091	0.092	0.466	0.500	0.424	0.424	0.432	0.432	0.435	0.441	0.451	0.494	0.091	0.093	0.093	0.092	0.092	0.093	0.093	0.092	0.094	0.094	0.092	0.094	0.091
30:00:33	21.6	0.092	0.095	0.095	0.095	0.092	0.093	0.091	0.092	0.093	0.091	0.093	0.092	0.093	0.501	0.435	0.467	0.462	0.455	0.480	0.465	0.476	0.467	0.467	0.093	0.090	0.447	0.509	0.428	0.470	0.451	0.458	0.451	0.456	0.462	0.477	0.094	0.092	0.448	0.492	0.465	0.444	0.447	0.466	0.445	0.460	0.464	0.469	0.092	0.092	0.474	0.464	0.444	0.446	0.462	0.447	0.455	0.461	0.466	0.493	0.091	0.092	0.478	0.469	0.444	0.468	0.455	0.445	0.460	0.465	0.490	0.507	0.091	0.092	0.482	0.515	0.451	0.449	0.459	0.459	0.463	0.468	0.480	0.525	0.091	0.093	0.093	0.092	0.092	0.092	0.094	0.092	0.094	0.094	0.092	0.095	0.091
31:00:35	21.6	0.091	0.095	0.095	0.095	0.091	0.092	0.091	0.092	0.092	0.090	0.093	0.092	0.093	0.521	0.447	0.483	0.490	0.484	0.507	0.495	0.507	0.496	0.498	0.093	0.090	0.464	0.528	0.445	0.497	0.478	0.485	0.481	0.483	0.492	0.505	0.094	0.092	0.463	0.507	0.480	0.470	0.472	0.493	0.471	0.486	0.491	0.499	0.091	0.092	0.491	0.480	0.469	0.472	0.487	0.476	0.484	0.488	0.494	0.524	0.091	0.092	0.495	0.487	0.471	0.493	0.480	0.472	0.487	0.492	0.517	0.536	0.091	0.092	0.499	0.531	0.478	0.474	0.488	0.487	0.491	0.498	0.511	0.556	0.091	0.093	0.093	0.091	0.092	0.093	0.093	0.092	0.094	0.094	0.092	0.095	0.091
32:00:36	21.5	0.091	0.095	0.095	0.095	0.091	0.092	0.091	0.091	0.092	0.090	0.092	0.092	0.093	0.543	0.458	0.499	0.520	0.512	0.537	0.522	0.534	0.524	0.529	0.093	0.090	0.480	0.548	0.462	0.524	0.506	0.513	0.512	0.512	0.522	0.537	0.093	0.092	0.479	0.522	0.496	0.498	0.498	0.523	0.497	0.514	0.518	0.529	0.091	0.092	0.508	0.496	0.495	0.500	0.516	0.506	0.513	0.515	0.523	0.553	0.091	0.092	0.511	0.505	0.499	0.520	0.507	0.502	0.516	0.523	0.546	0.568	0.091	0.092	0.516	0.547	0.507	0.502	0.517	0.516	0.522	0.528	0.543	0.592	0.091	0.093	0.092	0.091	0.092	0.092	0.093	0.092	0.094	0.094	0.092	0.095	0.091
33:00:35	21.3	0.092	0.095	0.096	0.096	0.092	0.093	0.091	0.092	0.093	0.091	0.093	0.092	0.093	0.565	0.471	0.516	0.550	0.541	0.567	0.553	0.563	0.558	0.561	0.093	0.090	0.498	0.571	0.482	0.550	0.532	0.541	0.541	0.542	0.554	0.566	0.094	0.092	0.494	0.537	0.513	0.529	0.526	0.554	0.525	0.543	0.548	0.559	0.092	0.092	0.527	0.513	0.522	0.529	0.543	0.537	0.544	0.545	0.555	0.585	0.091	0.092	0.528	0.522	0.527	0.550	0.536	0.531	0.547	0.553	0.578	0.600	0.091	0.092	0.535	0.564	0.535	0.532	0.548	0.550	0.560	0.560	0.573	0.622	0.092	0.093	0.093	0.092	0.092	0.093	0.094	0.092	0.094	0.094	0.093	0.095	0.091
34:00:37	21.1	0.091	0.095	0.095	0.095	0.091	0.093	0.091	0.092	0.092	0.090	0.093	0.092	0.093	0.588	0.484	0.533	0.578	0.569	0.595	0.585	0.602	0.594	0.591	0.093	0.090	0.514	0.591	0.500	0.576	0.558	0.567	0.570	0.574	0.587	0.600	0.094	0.091	0.510	0.553	0.529	0.558	0.558	0.582	0.553	0.572	0.577	0.592	0.091	0.092	0.546	0.529	0.547	0.560	0.571	0.569	0.575	0.577	0.588	0.617	0.091	0.092	0.545	0.540	0.552	0.578	0.564	0.565	0.577	0.585	0.612	0.633	0.091	0.092	0.552	0.581	0.562	0.561	0.582	0.582	0.591	0.592	0.606	0.669	0.091	0.093	0.093	0.091	0.092	0.092	0.093	0.092	0.094	0.094	0.092	0.094	0.091
35:00:39	21.0	0.092	0.095	0.095	0.095	0.092	0.093	0.091	0.092	0.093	0.091	0.093	0.092	0.093	0.613	0.496	0.550	0.614	0.602	0.626	0.615	0.629	0.620	0.619	0.093	0.090	0.531	0.616	0.520	0.603	0.588	0.596	0.605	0.601	0.621	0.628	0.094	0.092	0.525	0.570	0.546	0.588	0.586	0.621	0.579	0.603	0.610	0.624	0.092	0.092	0.565	0.546	0.573	0.586	0.600	0.607	0.605	0.608	0.622	0.650	0.091	0.092	0.563	0.559	0.579	0.607	0.591	0.595	0.607	0.619	0.641	0.664	0.092	0.092	0.570	0.598	0.591	0.590	0.610	0.614	0.624	0.623	0.638	0.686	0.091	0.093	0.093	0.092	0.092	0.093	0.094	0.092	0.094	0.094	0.093	0.095	0.091
36:00:39	20.8	0.092	0.094	0.095	0.095	0.092	0.093	0.090	0.092	0.092	0.091	0.093	0.092	0.093	0.636	0.509	0.568	0.642	0.630	0.654	0.650	0.664	0.652	0.658	0.093	0.090	0.549	0.642	0.540	0.632	0.617	0.625	0.639	0.631	0.659	0.653	0.094	0.091	0.541	0.588	0.564	0.615	0.614	0.652	0.609	0.633	0.640	0.652	0.091	0.092	0.585	0.565	0.600	0.616	0.628	0.633	0.637	0.639	0.652	0.680	0.091	0.092	0.581	0.580	0.608	0.634	0.619	0.625	0.638	0.652	0.672	0.691	0.091	0.092	0.589	0.618	0.621	0.618	0.639	0.644	0.654	0.652	0.668	0.714	0.091	0.093	0.093	0.091	0.092	0.093	0.094	0.092	0.094	0.094	0.092	0.095	0.091
37:00:39	20.6	0.091	0.095	0.095	0.095	0.091	0.092	0.090	0.091	0.092	0.091	0.092	0.092	0.093	0.661	0.519	0.587	0.669	0.660	0.680	0.680	0.696	0.678	0.675	0.093	0.090	0.567	0.667	0.560	0.657	0.650	0.662	0.665	0.662	0.695	0.678	0.094	0.092	0.555	0.604	0.581	0.647	0.641	0.682	0.644	0.664	0.675	0.685	0.092	0.092	0.606	0.582	0.628	0.651	0.656	0.664	0.665	0.676	0.681	0.707	0.091	0.092	0.599	0.600	0.633	0.669	0.647	0.654	0.674	0.681	0.699	0.717	0.091	0.092	0.607	0.636	0.644	0.645	0.671	0.671	0.713	0.681	0.694	0.740	0.091	0.093	0.093	0.091	0.092	0.093	0.094	0.092	0.094	0.094	0.092	0.095	0.091
38:00:48	20.4	0.091	0.095	0.095	0.095	0.092	0.093	0.090	0.092	0.092	0.091	0.092	0.092	0.093	0.686	0.533	0.604	0.693	0.687	0.706	0.706	0.721	0.706	0.700	0.093	0.090	0.582	0.694	0.582	0.682	0.680	0.692	0.693	0.693	0.727	0.703	0.094	0.092	0.571	0.622	0.600	0.671	0.669	0.707	0.670	0.692	0.703	0.710	0.091	0.092	0.625	0.600	0.653	0.672	0.689	0.690	0.700	0.706	0.707	0.730	0.091	0.092	0.616	0.621	0.658	0.694	0.671	0.681	0.703	0.716	0.724	0.741	0.091	0.092	0.625	0.654	0.668	0.669	0.698	0.697	0.742	0.708	0.720	0.764	0.091	0.093	0.093	0.091	0.092	0.093	0.094	0.092	0.094	0.094	0.092	0.095	0.091
39:00:41	20.2	0.091	0.094	0.095	0.095	0.091	0.092	0.090	0.091	0.092	0.091	0.093	0.092	0.093	0.710	0.546	0.622	0.715	0.710	0.730	0.729	0.744	0.729	0.723	0.093	0.090	0.597	0.720	0.602	0.709	0.702	0.718	0.719	0.716	0.750	0.726	0.093	0.091	0.585	0.639	0.618	0.698	0.704	0.742	0.693	0.717	0.727	0.736	0.091	0.092	0.643	0.619	0.675	0.697	0.714	0.714	0.718	0.730	0.732	0.755	0.091	0.092	0.632	0.641	0.681	0.716	0.694	0.706	0.732	0.735	0.748	0.766	0.091	0.092	0.643	0.673	0.690	0.693	0.727	0.721	0.765	0.734	0.743	0.786	0.091	0.093	0.093	0.091	0.092	0.093	0.093	0.092	0.094	0.094	0.092	0.094	0.091
40:00:42	20.0	0.091	0.095	0.095	0.095	0.092	0.093	0.091	0.092	0.092	0.091	0.093	0.092	0.093	0.735	0.558	0.640	0.737	0.732	0.752	0.752	0.765	0.749	0.744	0.093	0.090	0.615	0.745	0.623	0.735	0.727	0.747	0.743	0.740	0.771	0.747	0.094	0.091	0.602	0.658	0.636	0.722	0.731	0.770	0.714	0.744	0.750	0.760	0.091	0.092	0.662	0.637	0.698	0.721	0.739	0.738	0.742	0.754	0.755	0.780	0.091	0.092	0.647	0.662	0.703	0.741	0.716	0.729	0.754	0.758	0.773	0.787	0.092	0.092	0.661	0.693	0.712	0.719	0.746	0.744	0.786	0.761	0.765	0.807	0.091	0.093	0.093	0.092	0.092	0.092	0.094	0.092	0.094	0.094	0.092	0.095	0.091
41:00:44	20.0	0.091	0.095	0.095	0.094	0.092	0.093	0.091	0.092	0.092	0.091	0.093	0.092	0.093	0.758	0.572	0.659	0.756	0.752	0.770	0.772	0.785	0.773	0.764	0.093	0.090	0.632	0.768	0.645	0.756	0.748	0.760	0.764	0.761	0.794	0.767	0.094	0.092	0.617	0.675	0.656	0.762	0.752	0.784	0.735	0.769	0.771	0.779	0.092	0.092	0.680	0.656	0.719	0.743	0.771	0.759	0.763	0.775	0.776	0.816	0.091	0.092	0.663	0.681	0.726	0.762	0.736	0.751	0.775	0.780	0.791	0.810	0.091	0.092	0.679	0.712	0.732	0.742	0.769	0.762	0.806	0.783	0.785	0.826	0.091	0.093	0.093	0.092	0.092	0.093	0.094	0.092	0.094	0.094	0.093	0.095	0.091
42:00:46	20.0	0.092	0.094	0.095	0.094	0.092	0.092	0.091	0.092	0.092	0.091	0.093	0.092	0.093	0.788	0.583	0.679	0.780	0.774	0.789	0.790	0.803	0.790	0.783	0.093	0.090	0.649	0.788	0.665	0.777	0.768	0.777	0.784	0.780	0.812	0.785	0.094	0.092	0.633	0.693	0.675	0.781	0.771	0.807	0.754	0.789	0.791	0.794	0.091	0.092	0.699	0.674	0.739	0.764	0.791	0.779	0.783	0.792	0.792	0.841	0.091	0.092	0.678	0.701	0.746	0.781	0.758	0.769	0.794	0.799	0.810	0.826	0.091	0.092	0.695	0.729	0.759	0.759	0.789	0.782	0.825	0.813	0.803	0.845	0.091	0.093	0.093	0.091	0.092	0.093	0.093	0.092	0.094	0.094	0.093	0.095	0.091
43:00:48	20.0	0.091	0.095	0.095	0.093	0.091	0.093	0.090	0.092	0.092	0.091	0.092	0.092	0.093	0.805	0.593	0.697	0.798	0.793	0.807	0.811	0.822	0.809	0.802	0.093	0.090	0.665	0.805	0.688	0.797	0.787	0.793	0.803	0.800	0.829	0.802	0.098	0.092	0.650	0.710	0.693	0.798	0.789	0.826	0.770	0.806	0.810	0.816	0.091	0.092	0.714	0.691	0.757	0.785	0.810	0.799	0.799	0.811	0.812	0.858	0.091	0.092	0.693	0.719	0.763	0.797	0.775	0.787	0.812	0.815	0.827	0.844	0.091	0.092	0.712	0.749	0.770	0.778	0.807	0.800	0.841	0.831	0.824	0.865	0.091	0.093	0.093	0.092	0.092	0.092	0.093	0.092	0.094	0.094	0.093	0.095	0.091
44:00:48	20.0	0.091	0.094	0.095	0.094	0.092	0.093	0.091	0.092	0.092	0.091	0.092	0.092	0.093	0.820	0.604	0.713	0.814	0.811	0.826	0.829	0.839	0.825	0.819	0.093	0.090	0.683	0.820	0.707	0.815	0.805	0.810	0.819	0.820	0.846	0.819	0.098	0.092	0.665	0.729	0.711	0.816	0.804	0.842	0.784	0.824	0.826	0.882	0.091	0.092	0.728	0.712	0.775	0.804	0.829	0.819	0.817	0.830	0.828	0.875	0.091	0.092	0.704	0.736	0.780	0.816	0.790	0.804	0.834	0.834	0.846	0.863	0.091	0.092	0.727	0.766	0.787	0.794	0.825	0.815	0.858	0.846	0.839	0.880	0.091	0.093	0.093	0.091	0.092	0.092	0.094	0.092	0.094	0.094	0.092	0.095	0.091
45:00:48	20.0	0.092	0.095	0.095	0.094	0.092	0.093	0.091	0.092	0.093	0.091	0.092	0.092	0.093	0.832	0.612	0.730	0.831	0.828	0.841	0.850	0.857	0.844	0.835	0.093	0.090	0.697	0.830	0.724	0.833	0.824	0.826	0.837	0.838	0.864	0.837	0.097	0.092	0.678	0.747	0.728	0.836	0.822	0.858	0.796	0.846	0.843	0.897	0.092	0.092	0.738	0.726	0.792	0.824	0.847	0.837	0.831	0.857	0.843	0.891	0.091	0.092	0.715	0.749	0.799	0.834	0.806	0.821	0.850	0.849	0.861	0.877	0.091	0.092	0.739	0.783	0.804	0.812	0.843	0.832	0.875	0.861	0.854	0.898	0.091	0.093	0.093	0.092	0.092	0.092	0.094	0.092	0.094	0.094	0.093	0.095	0.091
46:00:50	20.0	0.092	0.095	0.095	0.094	0.092	0.092	0.091	0.091	0.092	0.091	0.092	0.092	0.093	0.841	0.620	0.747	0.847	0.845	0.862	0.866	0.874	0.858	0.848	0.093	0.090	0.711	0.840	0.736	0.849	0.839	0.839	0.849	0.851	0.879	0.908	0.098	0.092	0.701	0.761	0.740	0.850	0.839	0.872	0.811	0.865	0.857	0.911	0.091	0.092	0.746	0.741	0.809	0.839	0.863	0.853	0.847	0.877	0.857	0.906	0.091	0.092	0.723	0.760	0.818	0.847	0.823	0.838	0.864	0.863	0.874	0.891	0.091	0.092	0.749	0.796	0.819	0.827	0.859	0.848	0.889	0.875	0.868	0.911	0.091	0.093	0.093	0.092	0.092	0.093	0.093	0.092	0.094	0.094	0.092	0.095	0.091
47:00:50	20.0	0.091	0.095	0.095	0.093	0.091	0.093	0.090	0.091	0.092	0.091	0.092	0.092	0.093	0.849	0.626	0.756	0.861	0.859	0.891	0.875	0.885	0.870	0.858	0.093	0.090	0.723	0.846	0.745	0.862	0.852	0.851	0.863	0.871	0.892	0.858	0.098	0.091	0.713	0.773	0.751	0.865	0.854	0.886	0.823	0.881	0.870	0.924	0.091	0.092	0.752	0.753	0.826	0.854	0.878	0.866	0.860	0.891	0.869	0.918	0.091	0.092	0.730	0.770	0.832	0.860	0.838	0.851	0.879	0.876	0.885	0.903	0.091	0.092	0.758	0.809	0.831	0.841	0.872	0.862	0.902	0.887	0.880	0.922	0.091	0.093	0.093	0.092	0.092	0.092	0.093	0.092	0.094	0.093	0.092	0.095	0.091
48:00:52	19.9	0.092	0.095	0.095	0.094	0.092	0.093	0.091	0.092	0.093	0.091	0.093	0.092	0.093	0.857	0.633	0.765	0.876	0.871	0.852	0.884	0.898	0.882	0.871	0.094	0.090	0.732	0.853	0.751	0.876	0.866	0.864	0.876	0.888	0.905	0.859	0.098	0.092	0.723	0.784	0.762	0.878	0.866	0.899	0.833	0.895	0.885	0.935	0.092	0.092	0.757	0.764	0.840	0.866	0.892	0.880	0.873	0.905	0.880	0.929	0.091	0.092	0.735	0.778	0.847	0.872	0.859	0.869	0.894	0.888	0.897	0.915	0.092	0.092	0.763	0.818	0.844	0.852	0.884	0.875	0.916	0.899	0.891	0.935	0.092	0.093	0.093	0.092	0.093	0.093	0.094	0.092	0.094	0.094	0.093	0.095	0.091
49:00:52	19.8	0.092	0.095	0.095	0.094	0.092	0.093	0.091	0.092	0.092	0.091	0.093	0.092	0.093	0.864	0.638	0.775	0.887	0.883	0.858	0.895	0.908	0.892	0.881	0.093	0.090	0.730	0.858	0.758	0.888	0.878	0.877	0.884	0.895	0.916	0.860	0.098	0.091	0.736	0.793	0.769	0.891	0.878	0.908	0.844	0.908	0.896	0.944	0.091	0.092	0.762	0.771	0.852	0.879	0.901	0.891	0.886	0.916	0.888	0.938	0.091	0.092	0.740	0.786	0.860	0.881	0.875	0.882	0.905	0.901	0.908	0.923	0.092	0.092	0.768	0.828	0.857	0.862	0.895	0.886	0.927	0.908	0.901	0.943	0.091	0.093	0.093	0.092	0.092	0.093	0.094	0.092	0.094	0.094	0.092	0.095	0.091
50:00:53	19.8	0.091	0.095	0.095	0.093	0.092	0.092	0.090	0.091	0.092	0.091	0.092	0.092	0.093	0.870	0.643	0.790	0.897	0.895	0.870	0.909	0.920	0.898	0.891	0.093	0.090	0.730	0.861	0.762	0.900	0.888	0.884	0.893	0.898	0.925	0.861	0.096	0.091	0.735	0.800	0.775	0.902	0.886	0.916	0.854	0.918	0.906	0.951	0.092	0.092	0.765	0.778	0.863	0.892	0.910	0.899	0.900	0.925	0.895	0.945	0.091	0.092	0.743	0.793	0.871	0.889	0.886	0.891	0.913	0.911	0.915	0.930	0.091	0.092	0.773	0.837	0.865	0.875	0.904	0.897	0.938	0.917	0.908	0.950	0.091	0.093	0.093	0.092	0.092	0.093	0.094	0.092	0.094	0.094	0.093	0.095	0.091
51:00:54	20.0	0.091	0.095	0.095	0.094	0.091	0.093	0.091	0.092	0.092	0.091	0.092	0.092	0.093	0.888	0.646	0.791	0.906	0.905	0.879	0.918	0.929	0.906	0.900	0.093	0.090	0.729	0.864	0.766	0.908	0.896	0.892	0.902	0.902	0.932	0.864	0.096	0.092	0.728	0.806	0.782	0.913	0.892	0.923	0.861	0.924	0.913	0.955	0.092	0.092	0.768	0.784	0.873	0.904	0.919	0.906	0.919	0.935	0.903	0.951	0.091	0.092	0.746	0.798	0.880	0.897	0.891	0.899	0.922	0.920	0.920	0.937	0.091	0.092	0.777	0.844	0.874	0.887	0.916	0.907	0.952	0.923	0.916	0.960	0.091	0.093	0.093	0.092	0.092	0.093	0.094	0.092	0.094	0.094	0.092	0.095	0.091
52:00:56	20.2	0.091	0.095	0.095	0.094	0.092	0.093	0.091	0.092	0.093	0.091	0.092	0.092	0.093	0.885	0.647	0.784	0.916	0.911	0.883	0.929	0.939	0.913	0.908	0.093	0.090	0.722	0.865	0.769	0.919	0.904	0.900	0.910	0.913	0.937	0.865	0.097	0.092	0.777	0.812	0.786	0.918	0.897	0.929	0.867	0.931	0.919	0.959	0.092	0.092	0.770	0.788	0.880	0.917	0.926	0.913	0.927	0.957	0.912	0.957	0.091	0.092	0.748	0.802	0.888	0.904	0.895	0.908	0.932	0.929	0.926	0.943	0.091	0.092	0.780	0.849	0.881	0.898	0.928	0.918	0.961	0.929	0.922	0.964	0.091	0.093	0.093	0.092	0.092	0.092	0.094	0.092	0.094	0.094	0.093	0.095	0.091
53:00:57	20.3	0.091	0.095	0.095	0.094	0.091	0.093	0.091	0.091	0.092	0.091	0.092	0.092	0.093	0.833	0.650	0.766	0.924	0.921	0.893	0.940	0.947	0.919	0.912	0.093	0.090	0.724	0.866	0.770	0.925	0.911	0.907	0.919	0.938	0.941	0.869	0.097	0.091	0.788	0.860	0.789	0.924	0.903	0.935	0.874	0.936	0.923	0.963	0.091	0.092	0.772	0.796	0.886	0.926	0.932	0.920	0.934	0.988	0.918	0.962	0.091	0.092	0.750	0.807	0.898	0.910	0.902	0.919	0.940	0.936	0.932	0.949	0.091	0.093	0.783	0.853	0.892	0.907	0.938	0.925	0.969	0.936	0.928	0.971	0.091	0.093	0.093	0.092	0.092	0.093	0.094	0.092	0.094	0.094	0.092	0.095	0.091
54:00:58	20.4	0.092	0.094	0.095	0.094	0.092	0.093	0.091	0.092	0.092	0.091	0.092	0.092	0.093	0.802	0.652	0.764	0.929	0.928	0.905	0.946	0.954	0.924	0.920	0.094	0.090	0.708	0.866	0.774	0.934	0.918	0.915	0.928	0.959	0.947	0.873	0.097	0.091	0.702	0.861	0.792	0.930	0.909	0.942	0.879	0.943	0.928	0.967	0.092	0.092	0.774	0.799	0.891	0.932	0.940	0.927	0.945	0.942	0.923	0.967	0.091	0.092	0.753	0.810	0.907	0.916	0.906	0.925	0.947	0.943	0.940	0.955	0.091	0.092	0.786	0.857	0.901	0.916	0.945	0.931	0.973	0.942	0.933	0.976	0.092	0.093	0.093	0.092	0.092	0.093	0.093	0.092	0.094	0.094	0.093	0.095	0.091
55:00:59	20.3	0.092	0.095	0.095	0.094	0.092	0.093	0.091	0.092	0.093	0.091	0.092	0.092	0.093	0.788	0.654	0.773	0.933	0.936	0.909	0.953	0.962	0.932	0.923	0.093	0.090	0.672	0.868	0.774	0.940	0.923	0.920	0.935	0.975	0.952	0.877	0.097	0.092	0.714	0.872	0.795	0.939	0.912	0.946	0.884	0.949	0.934	0.972	0.091	0.092	0.776	0.802	0.900	0.939	0.946	0.934	0.954	0.926	0.925	0.972	0.091	0.092	0.755	0.815	0.914	0.926	0.912	0.931	0.952	0.948	0.944	0.961	0.092	0.092	0.789	0.862	0.908	0.922	0.950	0.937	0.977	0.948	0.937	0.983	0.092	0.093	0.093	0.092	0.092	0.093	0.093	0.092	0.094	0.094	0.093	0.095	0.092
56:01:01	20.2	0.092	0.094	0.095	0.094	0.091	0.092	0.091	0.092	0.092	0.091	0.092	0.092	0.093	0.787	0.656	0.782	0.940	0.941	0.912	0.960	0.969	0.936	0.923	0.093	0.090	0.697	0.869	0.777	0.945	0.927	0.925	0.941	0.971	0.955	0.879	0.097	0.092	0.714	0.875	0.798	0.945	0.916	0.948	0.890	0.955	0.939	0.976	0.091	0.092	0.778	0.806	0.907	0.945	0.950	0.940	0.963	0.922	0.929	0.976	0.091	0.092	0.758	0.818	0.919	0.929	0.919	0.935	0.955	0.953	0.949	0.965	0.091	0.092	0.794	0.867	0.914	0.927	0.954	0.942	0.981	0.952	0.942	0.990	0.091	0.093	0.093	0.092	0.092	0.093	0.093	0.092	0.094	0.094	0.093	0.095	0.091
57:01:02	20.1	0.091	0.094	0.095	0.094	0.092	0.093	0.090	0.092	0.092	0.090	0.092	0.092	0.093	0.786	0.659	0.800	0.943	0.945	0.918	0.975	0.976	0.940	0.923	0.093	0.090	0.717	0.870	0.779	0.950	0.931	0.932	0.945	0.972	0.959	0.882	0.098	0.092	0.778	0.878	0.799	0.951	0.920	0.952	0.893	0.959	0.943	0.978	0.091	0.092	0.781	0.808	0.912	0.951	0.952	0.944	0.957	0.927	0.933	0.979	0.091	0.092	0.762	0.823	0.924	0.941	0.924	0.941	0.958	0.957	0.953	0.969	0.092	0.092	0.803	0.871	0.917	0.931	0.958	0.946	0.984	0.955	0.946	0.992	0.091	0.093	0.093	0.092	0.092	0.092	0.093	0.092	0.094	0.094	0.092	0.095	0.091
58:01:00	20.0	0.092	0.094	0.095	0.094	0.092	0.093	0.091	0.092	0.093	0.091	0.093	0.092	0.093	0.786	0.661	0.864	0.946	0.948	0.921	0.986	0.980	0.941	0.922	0.093	0.090	0.726	0.872	0.783	0.954	0.936	0.941	0.950	0.974	0.963	0.884	0.098	0.091	0.794	0.881	0.803	0.956	0.923	0.955	0.897	0.963	0.946	0.980	0.092	0.092	0.784	0.810	0.916	0.955	0.954	0.949	0.958	0.928	0.937	0.983	0.091	0.092	0.767	0.829	0.930	0.943	0.934	0.944	0.961	0.961	0.956	0.972	0.091	0.092	0.804	0.876	0.921	0.933	0.963	0.949	0.986	0.957	0.949	0.996	0.091	0.093	0.093	0.092	0.092	0.093	0.094	0.092	0.094	0.094	0.093	0.095	0.091
59:01:01	19.9	0.091	0.095	0.095	0.094	0.092	0.093	0.091	0.092	0.092	0.091	0.092	0.092	0.093	0.785	0.663	0.777	0.947	0.951	0.923	0.993	0.984	0.943	0.922	0.093	0.090	0.727	0.875	0.784	0.957	0.938	0.945	0.952	0.964	0.966	0.886	0.097	0.091	0.795	0.885	0.806	0.959	0.924	0.958	0.900	0.966	0.949	0.981	0.092	0.092	0.787	0.810	0.918	0.959	0.955	0.952	0.966	0.932	0.940	0.985	0.091	0.092	0.770	0.835	0.933	0.948	0.941	0.949	0.963	0.966	0.958	0.974	0.091	0.092	0.807	0.881	0.924	0.936	0.964	0.951	0.987	0.959	0.950	0.999	0.091	0.093	0.093	0.092	0.092	0.092	0.094	0.092	0.094	0.094	0.092	0.095	0.091
60:01:05	19.9	0.092	0.095	0.095	0.094	0.092	0.093	0.091	0.092	0.093	0.091	0.093	0.092	0.093	0.786	0.664	0.718	0.949	0.953	0.928	0.993	0.986	0.946	0.922	0.093	0.090	0.729	0.877	0.787	0.958	0.939	0.949	0.955	0.943	0.969	0.887	0.097	0.092	0.797	0.901	0.810	0.962	0.925	0.960	0.902	0.968	0.950	0.983	0.092	0.092	0.790	0.811	0.920	0.964	0.956	0.955	0.973	0.937	0.938	0.988	0.091	0.092	0.774	0.841	0.936	0.951	0.938	0.950	0.965	0.969	0.959	0.977	0.091	0.092	0.816	0.888	0.926	0.936	0.967	0.952	0.988	0.961	0.952	1.001	0.091	0.093	0.093	0.092	0.092	0.093	0.094	0.092	0.094	0.094	0.093	0.095	0.091
61:01:04	19.9	0.091	0.094	0.095	0.093	0.092	0.092	0.090	0.092	0.092	0.091	0.092	0.092	0.093	0.787	0.664	0.735	0.948	0.954	0.928	0.995	0.990	0.947	0.920	0.093	0.090	0.732	0.879	0.789	0.959	0.939	0.951	0.956	0.935	0.970	0.888	0.097	0.092	0.797	0.909	0.814	0.965	0.925	0.960	0.903	0.970	0.950	0.983	0.091	0.092	0.792	0.814	0.921	0.966	0.956	0.956	0.978	0.939	0.938	0.990	0.091	0.092	0.779	0.846	0.938	0.952	0.945	0.952	0.965	0.970	0.959	0.977	0.091	0.092	0.823	0.894	0.926	0.936	0.967	0.952	0.987	0.962	0.953	1.003	0.091	0.093	0.093	0.092	0.092	0.093	0.093	0.092	0.094	0.094	0.092	0.095	0.091
62:01:05	19.9	0.091	0.094	0.094	0.093	0.091	0.092	0.091	0.091	0.092	0.090	0.092	0.092	0.093	0.786	0.666	0.803	0.948	0.955	0.930	0.952	0.989	0.946	0.920	0.093	0.090	0.733	0.881	0.792	0.959	0.939	0.954	0.956	0.930	0.972	0.887	0.097	0.091	0.796	0.915	0.818	0.967	0.926	0.959	0.904	0.970	0.951	0.984	0.091	0.091	0.793	0.818	0.922	0.969	0.955	0.958	0.986	0.937	0.937	0.991	0.091	0.092	0.783	0.853	0.939	0.954	0.946	0.954	0.966	0.973	0.961	0.978	0.091	0.092	0.836	0.901	0.928	0.937	0.968	0.953	0.986	0.963	0.954	1.003	0.091	0.093	0.093	0.091	0.092	0.092	0.093	0.092	0.094	0.093	0.092	0.094	0.091
63:01:06	19.9	0.091	0.095	0.095	0.094	0.091	0.093	0.090	0.092	0.092	0.090	0.092	0.092	0.093	0.787	0.669	0.755	0.948	0.957	0.931	0.964	0.987	0.948	0.920	0.093	0.090	0.737	0.884	0.796	0.961	0.938	0.957	0.955	0.928	0.972	0.884	0.097	0.091	0.796	0.917	0.822	0.969	0.926	0.959	0.905	0.971	0.952	0.984	0.091	0.092	0.797	0.822	0.924	0.972	0.955	0.959	0.992	0.940	0.938	0.993	0.091	0.092	0.789	0.859	0.941	0.954	0.948	0.955	0.966	0.975	0.960	0.980	0.091	0.092	0.838	0.906	0.929	0.938	0.968	0.952	0.987	0.964	0.954	1.005	0.091	0.093	0.093	0.092	0.092	0.093	0.093	0.092	0.094	0.094	0.092	0.094	0.091
64:01:07	19.8	0.091	0.095	0.095	0.094	0.091	0.092	0.091	0.092	0.092	0.091	0.092	0.092	0.093	0.788	0.671	0.747	0.948	0.957	0.932	0.967	0.987	0.950	0.920	0.093	0.090	0.740	0.886	0.798	0.961	0.938	0.960	0.956	0.927	0.973	0.883	0.098	0.092	0.798	0.923	0.827	0.971	0.927	0.958	0.905	0.972	0.951	0.985	0.091	0.092	0.802	0.825	0.925	0.972	0.955	0.960	0.995	0.939	0.938	0.993	0.091	0.092	0.796	0.867	0.942	0.954	0.950	0.957	0.966	0.977	0.960	0.981	0.091	0.092	0.832	0.914	0.930	0.939	0.968	0.953	0.986	0.964	0.955	1.006	0.091	0.093	0.093	0.092	0.092	0.092	0.094	0.092	0.094	0.094	0.093	0.095	0.091
65:01:07	19.7	0.091	0.095	0.095	0.094	0.092	0.093	0.091	0.092	0.092	0.091	0.092	0.092	0.093	0.789	0.674	0.745	0.947	0.958	0.934	0.962	0.988	0.951	0.921	0.093	0.090	0.743	0.890	0.800	0.960	0.938	0.961	0.957	0.928	0.973	0.885	0.097	0.092	0.800	0.918	0.831	0.971	0.927	0.957	0.904	0.972	0.952	0.985	0.092	0.092	0.806	0.830	0.925	0.977	0.956	0.962	0.999	0.937	0.938	0.993	0.091	0.092	0.803	0.877	0.943	0.954	0.953	0.957	0.966	0.977	0.960	0.981	0.091	0.092	0.832	0.925	0.930	0.939	0.968	0.954	0.987	0.965	0.955	1.007	0.091	0.093	0.093	0.092	0.093	0.093	0.094	0.092	0.094	0.094	0.093	0.095	0.091
66:01:09	19.7	0.091	0.094	0.095	0.093	0.091	0.092	0.091	0.091	0.092	0.091	0.092	0.092	0.093	0.790	0.676	0.747	0.947	0.958	0.936	0.965	0.989	0.952	0.922	0.093	0.090	0.748	0.893	0.804	0.962	0.938	0.965	0.956	0.926	0.972	0.884	0.097	0.091	0.800	0.920	0.835	0.971	0.927	0.956	0.905	0.971	0.952	0.985	0.091	0.092	0.809	0.833	0.926	0.978	0.954	0.963	1.003	0.938	0.938	0.993	0.091	0.092	0.809	0.885	0.943	0.954	0.956	0.958	0.965	0.978	0.961	0.981	0.091	0.092	0.826	0.932	0.931	0.938	0.967	0.955	0.988	0.965	0.955	1.007	0.091	0.093	0.093	0.092	0.092	0.092	0.093	0.092	0.094	0.094	0.092	0.094	0.091
67:01:09	19.6	0.091	0.095	0.095	0.093	0.091	0.092	0.091	0.091	0.093	0.090	0.093	0.092	0.093	0.791	0.678	0.749	0.948	0.958	0.937	0.966	0.989	0.952	0.922	0.093	0.090	0.753	0.896	0.809	0.960	0.937	0.966	0.956	0.927	0.973	0.882	0.098	0.092	0.801	0.927	0.840	0.973	0.927	0.954	0.904	0.971	0.952	0.983	0.091	0.092	0.813	0.837	0.926	0.981	0.954	0.964	1.005	0.941	0.937	0.994	0.091	0.092	0.816	0.893	0.943	0.953	0.957	0.959	0.965	0.979	0.960	0.983	0.091	0.092	0.805	0.938	0.930	0.938	0.967	0.957	0.988	0.965	0.954	1.007	0.091	0.093	0.093	0.092	0.092	0.092	0.093	0.092	0.094	0.094	0.092	0.095	0.091
68:01:10	19.5	0.091	0.094	0.095	0.094	0.091	0.092	0.091	0.092	0.093	0.091	0.093	0.092	0.093	0.793	0.682	0.751	0.948	0.958	0.939	0.965	0.989	0.953	0.923	0.093	0.090	0.754	0.899	0.813	0.960	0.938	0.969	0.957	0.927	0.974	0.881	0.098	0.092	0.798	0.935	0.846	0.974	0.928	0.954	0.905	0.971	0.952	0.983	0.091	0.092	0.817	0.841	0.926	0.981	0.955	0.965	1.009	0.941	0.937	0.994	0.091	0.092	0.825	0.904	0.944	0.953	0.960	0.960	0.965	0.979	0.961	0.984	0.092	0.092	0.786	0.949	0.931	0.939	0.967	0.957	0.990	0.965	0.955	1.011	0.091	0.093	0.093	0.092	0.092	0.092	0.093	0.092	0.094	0.094	0.092	0.095	0.091
69:01:12	19.4	0.092	0.095	0.095	0.094	0.092	0.093	0.091	0.092	0.093	0.091	0.092	0.092	0.093	0.794	0.685	0.753	0.949	0.958	0.938	0.968	0.990	0.954	0.923	0.094	0.090	0.755	0.902	0.815	0.959	0.939	0.970	0.957	0.927	0.974	0.881	0.097	0.092	0.801	0.940	0.851	0.975	0.929	0.953	0.903	0.971	0.952	0.982	0.092	0.092	0.820	0.844	0.926	0.983	0.954	0.965	1.012	0.942	0.937	0.994	0.091	0.092	0.830	0.912	0.944	0.954	0.960	0.960	0.965	0.979	0.961	0.985	0.091	0.093	0.772	0.956	0.931	0.939	0.967	0.958	0.991	0.964	0.955	1.011	0.092	0.093	0.093	0.092	0.093	0.093	0.094	0.092	0.095	0.094	0.093	0.095	0.091
70:01:13	19.5	0.092	0.095	0.095	0.094	0.092	0.093	0.090	0.092	0.093	0.091	0.092	0.092	0.093	0.794	0.686	0.755	0.949	0.957	0.939	0.966	0.991	0.954	0.924	0.093	0.090	0.758	0.904	0.818	0.959	0.939	0.970	0.958	0.927	0.973	0.880	0.097	0.092	0.803	0.942	0.855	0.975	0.929	0.952	0.902	0.970	0.952	0.982	0.091	0.092	0.822	0.847	0.925	0.982	0.955	0.965	1.014	0.942	0.936	0.995	0.091	0.092	0.834	0.920	0.945	0.954	0.963	0.960	0.964	0.980	0.961	0.984	0.091	0.092	0.763	0.962	0.931	0.940	0.966	0.958	0.991	0.965	0.955	1.010	0.091	0.093	0.093	0.092	0.092	0.093	0.093	0.092	0.094	0.094	0.092	0.095	0.091
71:01:14	19.6	0.091	0.094	0.095	0.094	0.092	0.092	0.091	0.091	0.093	0.090	0.092	0.092	0.093	0.796	0.689	0.756	0.950	0.958	0.939	0.968	0.991	0.956	0.926	0.093	0.090	0.760	0.906	0.822	0.959	0.940	0.971	0.959	0.927	0.973	0.879	0.098	0.092	0.803	0.943	0.859	0.975	0.930	0.953	0.902	0.970	0.953	0.982	0.092	0.092	0.827	0.851	0.925	0.981	0.955	0.967	1.015	0.942	0.936	0.995	0.091	0.092	0.839	0.924	0.944	0.953	0.965	0.960	0.966	0.980	0.962	0.985	0.092	0.092	0.757	0.967	0.931	0.941	0.966	0.959	0.992	0.965	0.955	1.012	0.091	0.093	0.093	0.092	0.092	0.092	0.093	0.092	0.094	0.094	0.092	0.095	0.091
72:01:16	19.7	0.091	0.095	0.095	0.094	0.092	0.093	0.091	0.092	0.092	0.091	0.093	0.092	0.093	0.797	0.691	0.759	0.950	0.959	0.939	0.971	0.992	0.956	0.926	0.093	0.090	0.763	0.909	0.824	0.960	0.941	0.973	0.960	0.928	0.973	0.881	0.097	0.092	0.804	0.946	0.864	0.976	0.930	0.953	0.903	0.970	0.954	0.982	0.092	0.092	0.831	0.854	0.925	0.981	0.955	0.967	1.000	0.943	0.936	0.995	0.091	0.092	0.847	0.933	0.945	0.954	0.966	0.961	0.967	0.981	0.962	0.986	0.092	0.092	0.756	0.973	0.931	0.941	0.967	0.960	0.993	0.966	0.956	1.013	0.092	0.093	0.093	0.092	0.092	0.092	0.093	0.092	0.094	0.094	0.093	0.094	0.092

