Time	T° 600	A1	A2	A3	A4	A5	A6	A7	A8	A9	A10	A11	A12	B1	B2	B3	B4	B5	B6	B7	B8	B9	B10	B11	B12	C1	C2	C3	C4	C5	C6	C7	C8	C9	C10	C11	C12	D1	D2	D3	D4	D5	D6	D7	D8	D9	D10	D11	D12	E1	E2	E3	E4	E5	E6	E7	E8	E9	E10	E11	E12	F1	F2	F3	F4	F5	F6	F7	F8	F9	F10	F11	F12	G1	G2	G3	G4	G5	G6	G7	G8	G9	G10	G11	G12	H1	H2	H3	H4	H5	H6	H7	H8	H9	H10	H11	H12
0:00:06	19.1	0.094	0.091	0.090	0.094	0.092	0.092	0.089	0.090	0.091	0.093	0.090	0.090	0.090	0.091	0.091	0.094	0.093	0.091	0.091	0.094	0.091	0.093	0.093	0.091	0.089	0.093	0.092	0.092	0.175	0.093	0.092	0.091	0.091	0.094	0.093	0.091	0.090	0.092	0.091	0.091	0.091	0.091	0.092	0.091	0.091	0.092	0.092	0.090	0.092	0.091	0.094	0.093	0.092	0.093	0.089	0.089	0.091	0.092	0.092	0.091	0.092	0.091	0.094	0.093	0.092	0.090	0.091	0.092	0.090	0.090	0.091	0.088	0.092	0.092	0.092	0.092	0.093	0.091	0.091	0.092	0.094	0.091	0.091	0.089	0.093	0.090	0.093	0.091	0.089	0.091	0.091	0.093	0.092	0.092	0.089	0.091
1:00:05	19.6	0.093	0.091	0.091	0.093	0.092	0.092	0.089	0.090	0.091	0.092	0.090	0.091	0.090	0.091	0.092	0.094	0.094	0.091	0.092	0.094	0.092	0.094	0.094	0.092	0.090	0.093	0.092	0.093	0.138	0.094	0.092	0.091	0.092	0.095	0.093	0.091	0.090	0.092	0.092	0.091	0.091	0.091	0.092	0.092	0.091	0.092	0.092	0.091	0.093	0.091	0.094	0.093	0.092	0.093	0.090	0.090	0.091	0.092	0.092	0.090	0.093	0.092	0.094	0.094	0.092	0.091	0.091	0.092	0.091	0.091	0.092	0.090	0.093	0.092	0.093	0.092	0.094	0.091	0.092	0.093	0.095	0.092	0.092	0.090	0.093	0.091	0.093	0.091	0.090	0.091	0.092	0.093	0.093	0.091	0.090	0.102
2:00:07	20.0	0.094	0.091	0.091	0.094	0.093	0.093	0.089	0.090	0.091	0.093	0.091	0.091	0.091	0.092	0.092	0.094	0.094	0.092	0.092	0.095	0.092	0.094	0.095	0.093	0.090	0.094	0.093	0.095	0.185	0.094	0.092	0.092	0.092	0.095	0.094	0.092	0.091	0.092	0.092	0.092	0.092	0.092	0.092	0.092	0.092	0.093	0.093	0.092	0.093	0.092	0.095	0.094	0.092	0.093	0.091	0.091	0.092	0.092	0.093	0.090	0.093	0.092	0.095	0.094	0.093	0.092	0.091	0.093	0.092	0.092	0.092	0.090	0.093	0.093	0.093	0.093	0.095	0.092	0.092	0.094	0.096	0.093	0.093	0.091	0.093	0.091	0.093	0.091	0.091	0.091	0.093	0.094	0.093	0.092	0.091	0.092
3:00:07	20.1	0.094	0.091	0.091	0.094	0.093	0.094	0.089	0.090	0.091	0.093	0.091	0.092	0.091	0.092	0.092	0.095	0.094	0.092	0.093	0.095	0.092	0.095	0.095	0.093	0.091	0.094	0.093	0.096	0.318	0.095	0.093	0.092	0.093	0.095	0.094	0.093	0.091	0.093	0.093	0.092	0.092	0.092	0.093	0.093	0.093	0.094	0.093	0.094	0.093	0.092	0.095	0.095	0.093	0.094	0.091	0.091	0.092	0.093	0.093	0.091	0.093	0.093	0.096	0.095	0.093	0.092	0.092	0.094	0.092	0.092	0.094	0.090	0.094	0.093	0.094	0.093	0.095	0.092	0.093	0.094	0.096	0.093	0.093	0.091	0.094	0.091	0.094	0.092	0.091	0.091	0.093	0.094	0.094	0.092	0.091	0.094
4:00:08	20.2	0.094	0.091	0.091	0.094	0.093	0.094	0.089	0.090	0.091	0.093	0.091	0.092	0.091	0.092	0.092	0.095	0.094	0.092	0.093	0.095	0.092	0.095	0.095	0.093	0.090	0.094	0.093	0.101	0.354	0.094	0.092	0.092	0.093	0.095	0.095	0.093	0.091	0.093	0.092	0.092	0.092	0.092	0.093	0.093	0.092	0.093	0.093	0.093	0.093	0.092	0.095	0.094	0.093	0.094	0.091	0.091	0.092	0.092	0.093	0.090	0.094	0.092	0.095	0.095	0.093	0.092	0.092	0.094	0.092	0.092	0.093	0.090	0.094	0.093	0.093	0.093	0.095	0.093	0.093	0.094	0.096	0.093	0.093	0.091	0.093	0.091	0.093	0.091	0.091	0.091	0.093	0.094	0.094	0.092	0.091	0.095
5:00:09	20.3	0.094	0.091	0.091	0.094	0.093	0.094	0.089	0.090	0.091	0.093	0.091	0.092	0.091	0.092	0.092	0.095	0.094	0.092	0.092	0.095	0.092	0.095	0.095	0.093	0.091	0.094	0.093	0.111	0.406	0.094	0.092	0.092	0.093	0.095	0.094	0.093	0.091	0.093	0.093	0.092	0.092	0.092	0.093	0.093	0.092	0.094	0.093	0.093	0.093	0.092	0.095	0.094	0.093	0.094	0.091	0.091	0.092	0.092	0.092	0.090	0.093	0.093	0.095	0.094	0.093	0.092	0.092	0.094	0.092	0.092	0.093	0.091	0.093	0.093	0.093	0.093	0.095	0.093	0.093	0.094	0.096	0.093	0.093	0.091	0.093	0.091	0.094	0.091	0.091	0.091	0.093	0.094	0.094	0.091	0.091	0.094
6:00:11	20.4	0.094	0.092	0.092	0.094	0.093	0.094	0.090	0.090	0.091	0.093	0.091	0.092	0.091	0.092	0.093	0.095	0.095	0.092	0.093	0.095	0.093	0.095	0.095	0.093	0.091	0.094	0.093	0.123	0.505	0.095	0.093	0.092	0.093	0.096	0.095	0.093	0.091	0.092	0.093	0.092	0.092	0.092	0.093	0.093	0.093	0.094	0.094	0.093	0.094	0.092	0.095	0.094	0.093	0.094	0.091	0.091	0.092	0.093	0.093	0.090	0.094	0.093	0.096	0.095	0.094	0.092	0.092	0.094	0.092	0.092	0.093	0.091	0.094	0.093	0.094	0.093	0.095	0.093	0.093	0.095	0.096	0.094	0.093	0.091	0.094	0.091	0.094	0.092	0.091	0.091	0.093	0.094	0.094	0.092	0.091	0.094
7:00:12	20.4	0.094	0.092	0.091	0.094	0.093	0.093	0.090	0.090	0.091	0.093	0.091	0.092	0.091	0.092	0.092	0.095	0.094	0.092	0.093	0.095	0.092	0.095	0.095	0.093	0.091	0.094	0.093	0.135	0.475	0.095	0.093	0.092	0.093	0.095	0.095	0.093	0.091	0.093	0.093	0.092	0.092	0.093	0.093	0.093	0.093	0.094	0.094	0.094	0.094	0.092	0.095	0.095	0.093	0.094	0.091	0.091	0.092	0.092	0.093	0.091	0.094	0.093	0.095	0.095	0.094	0.092	0.092	0.094	0.093	0.092	0.093	0.091	0.093	0.093	0.094	0.093	0.095	0.092	0.093	0.094	0.096	0.094	0.093	0.091	0.094	0.091	0.094	0.092	0.091	0.091	0.093	0.094	0.095	0.092	0.091	0.095
8:00:12	20.3	0.094	0.092	0.092	0.094	0.093	0.093	0.090	0.090	0.092	0.093	0.092	0.092	0.091	0.092	0.093	0.095	0.095	0.093	0.093	0.095	0.093	0.095	0.095	0.093	0.091	0.095	0.093	0.136	0.465	0.095	0.093	0.092	0.094	0.096	0.095	0.093	0.091	0.093	0.093	0.092	0.092	0.093	0.093	0.093	0.093	0.094	0.094	0.093	0.094	0.092	0.095	0.095	0.093	0.094	0.091	0.091	0.093	0.093	0.093	0.091	0.094	0.093	0.096	0.095	0.094	0.092	0.092	0.094	0.093	0.092	0.093	0.091	0.094	0.093	0.094	0.093	0.096	0.093	0.093	0.095	0.096	0.094	0.093	0.091	0.094	0.092	0.094	0.092	0.091	0.091	0.093	0.094	0.095	0.092	0.091	0.095
9:00:14	20.3	0.093	0.092	0.091	0.094	0.093	0.093	0.090	0.090	0.092	0.094	0.091	0.092	0.091	0.092	0.092	0.095	0.095	0.092	0.093	0.095	0.093	0.095	0.095	0.093	0.091	0.094	0.093	0.140	0.446	0.095	0.092	0.092	0.094	0.096	0.095	0.093	0.091	0.093	0.093	0.092	0.092	0.092	0.093	0.093	0.093	0.094	0.094	0.093	0.094	0.092	0.095	0.094	0.093	0.094	0.091	0.091	0.093	0.092	0.093	0.091	0.094	0.093	0.096	0.095	0.094	0.092	0.092	0.094	0.092	0.092	0.093	0.091	0.094	0.093	0.094	0.093	0.096	0.093	0.093	0.095	0.096	0.094	0.093	0.091	0.094	0.091	0.094	0.092	0.091	0.091	0.093	0.094	0.095	0.092	0.091	0.095
10:00:14	20.2	0.094	0.091	0.091	0.094	0.093	0.092	0.090	0.090	0.092	0.093	0.091	0.092	0.091	0.092	0.092	0.095	0.094	0.092	0.093	0.095	0.093	0.095	0.095	0.093	0.091	0.094	0.093	0.148	0.460	0.094	0.093	0.092	0.094	0.095	0.095	0.093	0.091	0.093	0.093	0.092	0.092	0.092	0.093	0.093	0.093	0.094	0.093	0.093	0.094	0.092	0.095	0.094	0.093	0.094	0.091	0.091	0.092	0.092	0.093	0.090	0.094	0.093	0.096	0.095	0.094	0.092	0.092	0.094	0.092	0.092	0.093	0.091	0.093	0.093	0.093	0.093	0.095	0.093	0.093	0.094	0.096	0.093	0.093	0.091	0.094	0.091	0.094	0.092	0.091	0.091	0.093	0.094	0.095	0.092	0.091	0.095
11:00:16	20.1	0.094	0.091	0.091	0.093	0.093	0.093	0.090	0.090	0.091	0.094	0.091	0.092	0.091	0.092	0.092	0.095	0.094	0.092	0.093	0.095	0.092	0.095	0.095	0.093	0.091	0.094	0.093	0.192	0.510	0.094	0.093	0.093	0.094	0.095	0.095	0.093	0.091	0.093	0.093	0.092	0.092	0.093	0.093	0.094	0.093	0.094	0.094	0.093	0.093	0.092	0.095	0.094	0.093	0.094	0.091	0.091	0.093	0.092	0.093	0.091	0.094	0.093	0.095	0.095	0.094	0.092	0.093	0.094	0.092	0.092	0.093	0.091	0.093	0.093	0.094	0.093	0.096	0.093	0.093	0.095	0.096	0.093	0.093	0.091	0.094	0.091	0.094	0.091	0.092	0.091	0.093	0.094	0.096	0.092	0.091	0.095
12:00:17	20.1	0.094	0.091	0.091	0.094	0.093	0.093	0.090	0.090	0.091	0.093	0.092	0.092	0.091	0.092	0.092	0.095	0.095	0.093	0.093	0.096	0.093	0.095	0.095	0.093	0.091	0.094	0.093	0.345	0.520	0.094	0.093	0.092	0.093	0.096	0.095	0.093	0.091	0.093	0.093	0.092	0.092	0.093	0.093	0.094	0.093	0.094	0.093	0.093	0.093	0.092	0.095	0.095	0.093	0.094	0.091	0.091	0.093	0.092	0.093	0.091	0.094	0.093	0.095	0.095	0.094	0.092	0.093	0.094	0.092	0.092	0.093	0.091	0.094	0.093	0.094	0.094	0.095	0.093	0.093	0.095	0.096	0.094	0.094	0.091	0.094	0.091	0.094	0.092	0.091	0.091	0.093	0.094	0.095	0.092	0.091	0.095
13:00:18	20.0	0.094	0.092	0.091	0.094	0.093	0.093	0.090	0.090	0.092	0.093	0.092	0.092	0.091	0.092	0.092	0.095	0.095	0.093	0.093	0.095	0.093	0.095	0.095	0.093	0.091	0.094	0.093	0.375	0.537	0.095	0.093	0.093	0.094	0.096	0.095	0.093	0.091	0.093	0.093	0.092	0.092	0.093	0.093	0.094	0.093	0.094	0.094	0.093	0.094	0.092	0.095	0.095	0.093	0.094	0.092	0.092	0.093	0.093	0.093	0.090	0.094	0.093	0.096	0.095	0.094	0.092	0.093	0.094	0.092	0.092	0.093	0.091	0.094	0.094	0.094	0.093	0.096	0.093	0.094	0.095	0.096	0.093	0.094	0.091	0.094	0.091	0.094	0.092	0.091	0.091	0.093	0.094	0.096	0.092	0.091	0.095
14:00:19	20.0	0.093	0.091	0.091	0.094	0.093	0.092	0.090	0.090	0.091	0.093	0.091	0.092	0.091	0.092	0.092	0.095	0.095	0.093	0.093	0.096	0.093	0.096	0.095	0.093	0.091	0.094	0.093	0.295	0.534	0.094	0.093	0.093	0.094	0.095	0.095	0.093	0.091	0.093	0.093	0.092	0.092	0.093	0.094	0.094	0.093	0.094	0.093	0.093	0.094	0.092	0.095	0.095	0.093	0.094	0.092	0.091	0.093	0.092	0.093	0.090	0.094	0.092	0.096	0.095	0.094	0.092	0.093	0.095	0.092	0.092	0.093	0.091	0.094	0.094	0.093	0.093	0.096	0.093	0.093	0.095	0.096	0.093	0.094	0.091	0.094	0.091	0.094	0.091	0.091	0.091	0.093	0.094	0.096	0.092	0.091	0.095
15:00:20	20.0	0.094	0.092	0.091	0.094	0.093	0.093	0.090	0.090	0.091	0.094	0.092	0.092	0.091	0.092	0.093	0.096	0.095	0.094	0.093	0.096	0.093	0.096	0.095	0.093	0.091	0.095	0.093	0.521	0.546	0.095	0.093	0.094	0.095	0.096	0.096	0.093	0.091	0.094	0.094	0.092	0.093	0.094	0.095	0.095	0.093	0.094	0.094	0.093	0.094	0.093	0.095	0.096	0.093	0.094	0.093	0.091	0.093	0.093	0.094	0.091	0.094	0.093	0.097	0.096	0.095	0.093	0.094	0.095	0.093	0.092	0.093	0.091	0.094	0.094	0.094	0.094	0.096	0.094	0.093	0.095	0.096	0.094	0.095	0.091	0.094	0.091	0.094	0.092	0.092	0.092	0.093	0.094	0.095	0.092	0.091	0.095
16:00:21	20.0	0.094	0.092	0.092	0.094	0.093	0.093	0.090	0.090	0.091	0.094	0.092	0.092	0.091	0.092	0.094	0.096	0.096	0.094	0.093	0.097	0.093	0.097	0.096	0.093	0.091	0.095	0.093	0.392	0.566	0.095	0.093	0.094	0.095	0.096	0.097	0.093	0.091	0.094	0.094	0.092	0.094	0.094	0.095	0.095	0.093	0.094	0.094	0.093	0.094	0.093	0.095	0.096	0.093	0.094	0.093	0.091	0.093	0.093	0.095	0.091	0.094	0.093	0.097	0.097	0.095	0.093	0.094	0.096	0.092	0.093	0.093	0.091	0.094	0.095	0.094	0.094	0.095	0.094	0.093	0.096	0.096	0.094	0.095	0.091	0.094	0.091	0.094	0.092	0.092	0.091	0.093	0.094	0.096	0.092	0.091	0.095
17:00:21	20.0	0.094	0.091	0.091	0.093	0.093	0.093	0.090	0.090	0.091	0.094	0.091	0.092	0.091	0.092	0.095	0.097	0.097	0.095	0.093	0.097	0.093	0.097	0.095	0.093	0.091	0.096	0.093	0.493	0.577	0.095	0.093	0.095	0.095	0.096	0.097	0.093	0.091	0.095	0.095	0.092	0.094	0.095	0.096	0.096	0.093	0.094	0.094	0.093	0.094	0.094	0.095	0.097	0.093	0.094	0.094	0.091	0.094	0.093	0.095	0.090	0.094	0.093	0.098	0.097	0.096	0.092	0.095	0.096	0.092	0.092	0.093	0.091	0.094	0.095	0.094	0.094	0.095	0.095	0.093	0.097	0.096	0.094	0.096	0.091	0.094	0.091	0.094	0.092	0.091	0.091	0.093	0.094	0.096	0.092	0.091	0.095
18:00:22	20.0	0.094	0.091	0.091	0.094	0.093	0.093	0.090	0.090	0.091	0.094	0.091	0.092	0.091	0.092	0.096	0.099	0.098	0.097	0.093	0.099	0.093	0.098	0.095	0.094	0.091	0.097	0.093	0.447	0.594	0.095	0.093	0.097	0.096	0.096	0.098	0.093	0.091	0.096	0.097	0.092	0.096	0.097	0.098	0.098	0.093	0.094	0.094	0.093	0.094	0.095	0.095	0.099	0.093	0.094	0.096	0.092	0.094	0.093	0.097	0.091	0.094	0.093	0.099	0.099	0.098	0.092	0.096	0.098	0.093	0.092	0.093	0.091	0.094	0.096	0.094	0.094	0.095	0.097	0.094	0.099	0.096	0.094	0.098	0.091	0.094	0.091	0.094	0.092	0.091	0.091	0.094	0.094	0.096	0.092	0.091	0.095
19:00:23	20.0	0.094	0.092	0.092	0.094	0.093	0.093	0.090	0.090	0.091	0.094	0.092	0.092	0.091	0.092	0.098	0.100	0.100	0.098	0.093	0.101	0.093	0.100	0.095	0.093	0.091	0.098	0.093	0.471	0.607	0.095	0.093	0.099	0.097	0.096	0.100	0.093	0.091	0.098	0.098	0.092	0.097	0.099	0.100	0.100	0.093	0.094	0.094	0.093	0.094	0.097	0.095	0.101	0.093	0.094	0.098	0.092	0.094	0.097	0.099	0.091	0.094	0.093	0.101	0.101	0.100	0.093	0.099	0.100	0.093	0.093	0.094	0.091	0.094	0.098	0.094	0.094	0.096	0.099	0.093	0.101	0.097	0.094	0.100	0.091	0.094	0.091	0.094	0.092	0.092	0.091	0.094	0.094	0.097	0.092	0.091	0.095
20:00:24	20.0	0.094	0.091	0.091	0.094	0.093	0.093	0.090	0.090	0.091	0.094	0.092	0.092	0.091	0.092	0.100	0.102	0.102	0.101	0.093	0.103	0.093	0.102	0.095	0.093	0.091	0.100	0.093	0.540	0.611	0.095	0.093	0.101	0.098	0.096	0.101	0.093	0.091	0.100	0.100	0.092	0.100	0.101	0.103	0.104	0.093	0.094	0.094	0.093	0.094	0.099	0.095	0.103	0.093	0.094	0.101	0.091	0.095	0.100	0.102	0.091	0.094	0.093	0.102	0.103	0.103	0.093	0.101	0.102	0.092	0.092	0.093	0.091	0.094	0.099	0.094	0.094	0.095	0.101	0.094	0.103	0.097	0.094	0.102	0.091	0.094	0.091	0.094	0.092	0.092	0.091	0.093	0.094	0.096	0.092	0.091	0.095
21:00:26	20.0	0.094	0.092	0.092	0.094	0.093	0.093	0.090	0.090	0.091	0.094	0.092	0.092	0.091	0.092	0.102	0.106	0.106	0.104	0.093	0.107	0.093	0.105	0.096	0.094	0.091	0.103	0.093	0.471	0.621	0.095	0.093	0.105	0.100	0.096	0.105	0.093	0.091	0.103	0.104	0.092	0.103	0.106	0.107	0.108	0.094	0.095	0.094	0.093	0.094	0.101	0.095	0.107	0.093	0.094	0.105	0.092	0.096	0.099	0.106	0.091	0.094	0.093	0.106	0.107	0.107	0.093	0.105	0.106	0.093	0.093	0.094	0.091	0.094	0.102	0.094	0.094	0.096	0.105	0.094	0.107	0.097	0.094	0.107	0.091	0.094	0.091	0.094	0.092	0.092	0.091	0.094	0.094	0.097	0.092	0.091	0.095
22:00:26	20.1	0.094	0.092	0.092	0.094	0.093	0.093	0.090	0.091	0.091	0.094	0.092	0.092	0.091	0.092	0.107	0.110	0.111	0.109	0.094	0.112	0.093	0.109	0.096	0.094	0.091	0.106	0.094	0.512	0.635	0.095	0.093	0.111	0.103	0.096	0.109	0.093	0.091	0.107	0.109	0.092	0.108	0.111	0.114	0.115	0.094	0.095	0.094	0.094	0.094	0.105	0.095	0.112	0.093	0.094	0.111	0.092	0.097	0.095	0.111	0.091	0.094	0.093	0.110	0.112	0.113	0.093	0.110	0.111	0.093	0.093	0.094	0.091	0.094	0.105	0.094	0.094	0.096	0.110	0.094	0.112	0.098	0.094	0.113	0.092	0.094	0.091	0.094	0.092	0.092	0.092	0.094	0.095	0.097	0.092	0.092	0.095
23:00:32	20.1	0.094	0.092	0.092	0.094	0.093	0.093	0.090	0.090	0.091	0.094	0.092	0.092	0.091	0.092	0.113	0.117	0.118	0.116	0.094	0.118	0.093	0.114	0.096	0.094	0.091	0.111	0.094	0.525	0.646	0.095	0.093	0.119	0.106	0.096	0.114	0.093	0.091	0.113	0.115	0.092	0.116	0.120	0.122	0.123	0.094	0.095	0.094	0.093	0.094	0.111	0.095	0.120	0.093	0.094	0.119	0.092	0.098	0.094	0.118	0.091	0.094	0.093	0.117	0.119	0.121	0.093	0.117	0.118	0.093	0.093	0.094	0.091	0.094	0.110	0.094	0.094	0.096	0.117	0.094	0.120	0.098	0.094	0.121	0.091	0.094	0.091	0.094	0.092	0.092	0.091	0.094	0.094	0.097	0.092	0.092	0.095
24:00:29	20.3	0.094	0.092	0.092	0.094	0.093	0.093	0.090	0.090	0.092	0.094	0.092	0.092	0.091	0.092	0.122	0.126	0.128	0.125	0.094	0.127	0.093	0.122	0.096	0.094	0.091	0.118	0.094	0.565	0.646	0.095	0.093	0.129	0.111	0.096	0.122	0.093	0.091	0.122	0.124	0.092	0.125	0.132	0.133	0.135	0.094	0.095	0.095	0.093	0.094	0.119	0.095	0.132	0.093	0.094	0.130	0.092	0.099	0.095	0.128	0.091	0.094	0.093	0.127	0.130	0.131	0.093	0.127	0.128	0.093	0.093	0.094	0.091	0.094	0.118	0.094	0.094	0.096	0.128	0.094	0.130	0.099	0.094	0.132	0.091	0.094	0.091	0.094	0.092	0.092	0.092	0.094	0.094	0.097	0.092	0.092	0.095
25:00:30	20.3	0.094	0.091	0.092	0.094	0.093	0.093	0.090	0.090	0.091	0.094	0.092	0.093	0.092	0.092	0.132	0.139	0.139	0.136	0.094	0.140	0.093	0.132	0.096	0.094	0.091	0.128	0.094	0.554	0.654	0.095	0.093	0.144	0.118	0.096	0.132	0.093	0.091	0.133	0.135	0.092	0.139	0.148	0.147	0.153	0.094	0.096	0.095	0.093	0.094	0.130	0.096	0.149	0.093	0.094	0.147	0.092	0.101	0.096	0.142	0.091	0.094	0.093	0.138	0.144	0.146	0.093	0.140	0.142	0.093	0.093	0.094	0.091	0.094	0.128	0.094	0.094	0.096	0.141	0.095	0.143	0.099	0.095	0.146	0.092	0.094	0.092	0.094	0.092	0.092	0.092	0.094	0.094	0.097	0.092	0.092	0.095
26:00:30	20.3	0.094	0.092	0.092	0.094	0.093	0.093	0.090	0.091	0.092	0.094	0.092	0.092	0.091	0.092	0.147	0.154	0.155	0.151	0.094	0.156	0.093	0.146	0.096	0.094	0.091	0.141	0.094	0.523	0.664	0.095	0.093	0.163	0.127	0.096	0.146	0.093	0.091	0.147	0.150	0.092	0.157	0.168	0.165	0.173	0.094	0.096	0.095	0.094	0.094	0.144	0.096	0.172	0.093	0.095	0.167	0.092	0.105	0.097	0.163	0.091	0.094	0.093	0.155	0.164	0.164	0.093	0.157	0.159	0.093	0.093	0.094	0.091	0.094	0.141	0.094	0.094	0.096	0.163	0.095	0.161	0.100	0.095	0.165	0.092	0.094	0.092	0.094	0.092	0.092	0.092	0.094	0.094	0.097	0.092	0.092	0.095
27:00:31	20.3	0.094	0.092	0.092	0.094	0.093	0.093	0.090	0.091	0.092	0.094	0.092	0.093	0.091	0.092	0.163	0.171	0.171	0.167	0.095	0.172	0.093	0.165	0.096	0.094	0.091	0.158	0.095	0.528	0.671	0.095	0.093	0.181	0.140	0.096	0.165	0.093	0.091	0.165	0.167	0.092	0.175	0.190	0.181	0.189	0.094	0.097	0.096	0.093	0.094	0.162	0.096	0.191	0.093	0.094	0.183	0.092	0.109	0.097	0.185	0.091	0.094	0.093	0.173	0.188	0.182	0.093	0.177	0.178	0.093	0.093	0.094	0.091	0.094	0.159	0.094	0.094	0.096	0.185	0.096	0.179	0.102	0.095	0.183	0.092	0.094	0.092	0.094	0.092	0.092	0.092	0.094	0.095	0.097	0.092	0.092	0.095
28:00:32	20.3	0.094	0.091	0.092	0.094	0.093	0.093	0.090	0.090	0.091	0.094	0.092	0.092	0.091	0.092	0.177	0.184	0.184	0.179	0.095	0.187	0.093	0.185	0.095	0.093	0.091	0.175	0.095	0.628	0.711	0.095	0.093	0.198	0.157	0.096	0.184	0.093	0.091	0.182	0.184	0.092	0.185	0.202	0.198	0.204	0.095	0.097	0.096	0.093	0.094	0.178	0.096	0.206	0.093	0.094	0.198	0.092	0.116	0.099	0.205	0.091	0.094	0.093	0.190	0.202	0.195	0.093	0.197	0.198	0.093	0.093	0.094	0.091	0.094	0.176	0.094	0.094	0.095	0.198	0.096	0.198	0.103	0.095	0.200	0.091	0.094	0.091	0.094	0.092	0.091	0.091	0.094	0.094	0.097	0.092	0.092	0.095
29:00:32	20.4	0.094	0.091	0.091	0.094	0.093	0.093	0.090	0.090	0.091	0.094	0.092	0.092	0.091	0.092	0.185	0.188	0.187	0.183	0.095	0.199	0.093	0.204	0.095	0.094	0.091	0.187	0.095	0.502	0.668	0.096	0.093	0.206	0.178	0.096	0.202	0.093	0.091	0.192	0.193	0.092	0.188	0.208	0.208	0.214	0.095	0.099	0.097	0.093	0.094	0.188	0.096	0.213	0.093	0.094	0.209	0.092	0.125	0.103	0.223	0.091	0.094	0.093	0.200	0.206	0.205	0.093	0.210	0.214	0.093	0.093	0.094	0.091	0.094	0.189	0.094	0.094	0.096	0.206	0.096	0.215	0.106	0.096	0.218	0.091	0.094	0.091	0.094	0.092	0.092	0.091	0.094	0.094	0.097	0.092	0.091	0.095
30:00:34	20.4	0.094	0.092	0.092	0.094	0.093	0.093	0.090	0.090	0.091	0.094	0.092	0.093	0.091	0.092	0.188	0.193	0.190	0.188	0.095	0.207	0.093	0.220	0.096	0.094	0.091	0.194	0.096	0.587	0.676	0.096	0.093	0.211	0.198	0.096	0.218	0.093	0.091	0.199	0.200	0.092	0.192	0.217	0.215	0.220	0.095	0.100	0.098	0.093	0.094	0.194	0.096	0.221	0.093	0.094	0.217	0.092	0.139	0.111	0.239	0.091	0.094	0.094	0.204	0.211	0.212	0.094	0.221	0.230	0.093	0.093	0.094	0.091	0.094	0.196	0.094	0.094	0.096	0.214	0.097	0.231	0.111	0.096	0.234	0.091	0.094	0.091	0.094	0.092	0.092	0.092	0.094	0.094	0.097	0.092	0.092	0.095
31:00:35	20.4	0.094	0.091	0.092	0.094	0.093	0.093	0.090	0.090	0.091	0.094	0.092	0.092	0.091	0.092	0.194	0.198	0.195	0.193	0.096	0.214	0.093	0.236	0.095	0.094	0.091	0.202	0.097	0.534	0.681	0.096	0.093	0.216	0.216	0.096	0.229	0.093	0.091	0.207	0.209	0.092	0.196	0.229	0.221	0.226	0.096	0.103	0.099	0.093	0.094	0.201	0.096	0.229	0.093	0.094	0.225	0.092	0.158	0.121	0.247	0.091	0.094	0.094	0.212	0.221	0.220	0.094	0.230	0.242	0.092	0.093	0.094	0.091	0.094	0.203	0.094	0.094	0.095	0.221	0.098	0.241	0.117	0.097	0.245	0.091	0.094	0.091	0.094	0.092	0.092	0.091	0.093	0.094	0.098	0.092	0.091	0.095
32:00:35	20.3	0.094	0.092	0.092	0.094	0.093	0.093	0.090	0.091	0.091	0.094	0.092	0.092	0.091	0.092	0.201	0.204	0.202	0.199	0.097	0.223	0.093	0.245	0.096	0.094	0.091	0.210	0.098	0.523	0.690	0.097	0.094	0.222	0.235	0.096	0.238	0.093	0.091	0.217	0.219	0.092	0.205	0.238	0.228	0.232	0.097	0.106	0.100	0.093	0.094	0.210	0.097	0.237	0.093	0.094	0.235	0.092	0.181	0.136	0.258	0.091	0.094	0.095	0.221	0.227	0.227	0.094	0.242	0.253	0.093	0.093	0.094	0.091	0.094	0.213	0.094	0.095	0.096	0.228	0.100	0.249	0.126	0.099	0.258	0.092	0.094	0.091	0.094	0.092	0.092	0.092	0.094	0.095	0.098	0.092	0.091	0.095
33:00:36	20.3	0.094	0.092	0.092	0.094	0.093	0.093	0.090	0.091	0.092	0.094	0.092	0.093	0.091	0.092	0.209	0.211	0.208	0.205	0.098	0.234	0.093	0.254	0.096	0.094	0.091	0.220	0.099	0.570	0.701	0.097	0.093	0.230	0.249	0.096	0.252	0.093	0.091	0.227	0.232	0.092	0.212	0.242	0.237	0.243	0.097	0.113	0.102	0.093	0.094	0.219	0.098	0.245	0.093	0.094	0.246	0.092	0.208	0.145	0.266	0.091	0.094	0.095	0.232	0.234	0.233	0.094	0.253	0.266	0.093	0.093	0.094	0.091	0.094	0.224	0.094	0.095	0.096	0.237	0.101	0.265	0.138	0.101	0.273	0.091	0.094	0.092	0.094	0.092	0.092	0.092	0.094	0.094	0.097	0.092	0.092	0.095
34:00:37	20.2	0.094	0.092	0.092	0.094	0.093	0.093	0.090	0.090	0.091	0.094	0.093	0.092	0.091	0.092	0.217	0.220	0.217	0.214	0.099	0.244	0.093	0.267	0.096	0.094	0.091	0.231	0.100	0.582	0.711	0.097	0.093	0.239	0.259	0.096	0.268	0.093	0.091	0.238	0.241	0.092	0.222	0.246	0.248	0.254	0.097	0.120	0.103	0.093	0.094	0.228	0.098	0.254	0.093	0.094	0.260	0.092	0.228	0.168	0.278	0.091	0.094	0.095	0.246	0.240	0.240	0.094	0.265	0.280	0.093	0.093	0.094	0.091	0.094	0.234	0.094	0.094	0.095	0.248	0.102	0.280	0.153	0.104	0.284	0.091	0.094	0.091	0.094	0.092	0.092	0.091	0.094	0.094	0.098	0.092	0.092	0.095
35:00:39	20.2	0.095	0.092	0.092	0.094	0.093	0.093	0.090	0.091	0.092	0.094	0.093	0.093	0.092	0.092	0.225	0.228	0.225	0.221	0.101	0.254	0.094	0.282	0.096	0.094	0.091	0.244	0.102	0.581	0.723	0.098	0.093	0.248	0.270	0.096	0.285	0.093	0.091	0.252	0.251	0.092	0.231	0.254	0.258	0.264	0.099	0.131	0.106	0.094	0.094	0.240	0.099	0.259	0.093	0.095	0.273	0.092	0.249	0.206	0.286	0.091	0.094	0.096	0.259	0.246	0.249	0.095	0.277	0.292	0.093	0.093	0.095	0.092	0.094	0.246	0.094	0.095	0.096	0.255	0.105	0.292	0.169	0.110	0.295	0.092	0.094	0.091	0.094	0.092	0.092	0.092	0.094	0.095	0.098	0.092	0.092	0.095
36:00:40	20.1	0.094	0.092	0.092	0.094	0.093	0.093	0.090	0.091	0.091	0.094	0.093	0.092	0.092	0.092	0.233	0.233	0.234	0.228	0.102	0.262	0.093	0.294	0.095	0.094	0.091	0.255	0.104	0.622	0.736	0.099	0.093	0.255	0.278	0.096	0.298	0.093	0.091	0.260	0.261	0.092	0.240	0.267	0.267	0.271	0.100	0.144	0.109	0.093	0.094	0.252	0.100	0.268	0.093	0.095	0.282	0.092	0.258	0.227	0.292	0.091	0.094	0.096	0.271	0.251	0.255	0.096	0.287	0.302	0.093	0.093	0.094	0.091	0.094	0.256	0.094	0.094	0.096	0.263	0.108	0.300	0.185	0.117	0.302	0.091	0.094	0.091	0.094	0.092	0.092	0.092	0.093	0.095	0.098	0.092	0.091	0.095
37:00:41	20.1	0.094	0.092	0.092	0.094	0.093	0.093	0.090	0.091	0.091	0.094	0.094	0.092	0.091	0.092	0.239	0.240	0.241	0.235	0.104	0.269	0.094	0.302	0.096	0.094	0.091	0.262	0.107	0.634	0.749	0.100	0.094	0.262	0.290	0.096	0.308	0.093	0.091	0.271	0.272	0.092	0.248	0.277	0.275	0.276	0.101	0.160	0.112	0.093	0.094	0.264	0.101	0.277	0.093	0.095	0.290	0.092	0.265	0.252	0.297	0.091	0.094	0.097	0.281	0.261	0.265	0.096	0.295	0.311	0.093	0.093	0.095	0.091	0.094	0.268	0.094	0.095	0.096	0.273	0.111	0.307	0.201	0.126	0.310	0.092	0.094	0.092	0.094	0.092	0.092	0.092	0.094	0.094	0.097	0.092	0.092	0.095
38:00:41	20.0	0.095	0.092	0.092	0.094	0.093	0.093	0.090	0.091	0.092	0.094	0.094	0.093	0.091	0.092	0.246	0.247	0.248	0.242	0.107	0.274	0.094	0.307	0.096	0.094	0.091	0.270	0.110	0.646	0.759	0.101	0.094	0.267	0.301	0.096	0.313	0.093	0.091	0.282	0.283	0.093	0.255	0.286	0.280	0.282	0.102	0.176	0.117	0.093	0.094	0.274	0.102	0.286	0.093	0.095	0.295	0.092	0.274	0.310	0.298	0.091	0.094	0.098	0.290	0.263	0.274	0.097	0.300	0.316	0.093	0.093	0.095	0.091	0.094	0.277	0.094	0.095	0.096	0.283	0.116	0.310	0.220	0.138	0.315	0.091	0.094	0.091	0.094	0.092	0.092	0.092	0.094	0.095	0.098	0.092	0.092	0.096
39:00:42	20.0	0.094	0.092	0.092	0.094	0.093	0.093	0.090	0.090	0.091	0.094	0.094	0.093	0.091	0.092	0.253	0.253	0.254	0.248	0.109	0.277	0.093	0.308	0.096	0.094	0.091	0.276	0.113	0.653	0.771	0.102	0.094	0.270	0.307	0.096	0.314	0.093	0.091	0.291	0.289	0.092	0.258	0.292	0.285	0.288	0.104	0.196	0.121	0.093	0.094	0.281	0.103	0.289	0.093	0.095	0.299	0.092	0.283	0.304	0.301	0.091	0.094	0.098	0.300	0.273	0.281	0.097	0.302	0.319	0.093	0.093	0.095	0.091	0.094	0.287	0.094	0.095	0.096	0.289	0.120	0.311	0.235	0.152	0.319	0.091	0.094	0.091	0.094	0.092	0.092	0.092	0.094	0.095	0.097	0.092	0.092	0.095
40:00:43	20.0	0.095	0.092	0.092	0.094	0.093	0.093	0.090	0.090	0.091	0.094	0.095	0.092	0.091	0.093	0.257	0.258	0.258	0.252	0.113	0.279	0.094	0.305	0.096	0.094	0.091	0.283	0.117	0.652	0.783	0.103	0.094	0.273	0.308	0.096	0.312	0.094	0.091	0.298	0.293	0.092	0.263	0.295	0.289	0.291	0.106	0.222	0.127	0.093	0.094	0.286	0.104	0.295	0.093	0.095	0.300	0.092	0.295	0.332	0.302	0.091	0.094	0.099	0.303	0.277	0.287	0.098	0.304	0.321	0.093	0.093	0.096	0.091	0.094	0.293	0.094	0.095	0.095	0.293	0.126	0.312	0.248	0.170	0.322	0.092	0.094	0.091	0.094	0.092	0.092	0.092	0.094	0.094	0.097	0.092	0.092	0.095
41:00:44	20.0	0.095	0.092	0.092	0.094	0.093	0.094	0.091	0.091	0.092	0.094	0.095	0.093	0.092	0.093	0.258	0.261	0.261	0.255	0.117	0.281	0.094	0.305	0.096	0.094	0.091	0.287	0.121	0.637	0.797	0.105	0.094	0.275	0.310	0.096	0.310	0.093	0.092	0.302	0.290	0.093	0.265	0.296	0.294	0.293	0.109	0.242	0.134	0.093	0.094	0.285	0.107	0.293	0.093	0.095	0.301	0.092	0.304	0.347	0.304	0.091	0.094	0.101	0.306	0.278	0.288	0.099	0.306	0.324	0.093	0.093	0.096	0.091	0.094	0.296	0.094	0.095	0.096	0.295	0.133	0.312	0.263	0.187	0.323	0.092	0.094	0.092	0.094	0.092	0.092	0.092	0.094	0.095	0.098	0.092	0.092	0.095
42:00:45	20.0	0.094	0.092	0.092	0.094	0.093	0.093	0.090	0.091	0.091	0.094	0.093	0.092	0.092	0.093	0.259	0.264	0.263	0.256	0.121	0.283	0.094	0.304	0.096	0.094	0.091	0.290	0.126	0.659	0.810	0.107	0.094	0.277	0.310	0.096	0.309	0.094	0.092	0.306	0.288	0.092	0.266	0.293	0.297	0.295	0.112	0.254	0.143	0.093	0.094	0.284	0.109	0.293	0.094	0.095	0.304	0.092	0.308	0.374	0.306	0.091	0.094	0.103	0.305	0.281	0.290	0.100	0.310	0.328	0.093	0.093	0.096	0.091	0.094	0.299	0.094	0.095	0.096	0.296	0.141	0.316	0.278	0.203	0.326	0.091	0.094	0.091	0.094	0.092	0.092	0.092	0.094	0.095	0.097	0.092	0.092	0.095
43:00:46	20.0	0.094	0.092	0.092	0.094	0.093	0.093	0.090	0.090	0.091	0.094	0.093	0.092	0.091	0.092	0.259	0.266	0.264	0.259	0.125	0.284	0.093	0.306	0.096	0.094	0.091	0.291	0.132	0.659	0.824	0.109	0.094	0.277	0.312	0.096	0.309	0.093	0.091	0.309	0.287	0.092	0.267	0.292	0.301	0.298	0.116	0.263	0.156	0.093	0.094	0.284	0.111	0.293	0.093	0.095	0.307	0.092	0.311	0.395	0.308	0.091	0.094	0.104	0.305	0.282	0.292	0.101	0.314	0.332	0.093	0.093	0.097	0.091	0.094	0.302	0.094	0.095	0.096	0.299	0.151	0.320	0.290	0.224	0.327	0.091	0.094	0.091	0.094	0.092	0.092	0.091	0.094	0.094	0.097	0.092	0.091	0.095
44:00:46	20.0	0.095	0.091	0.092	0.094	0.093	0.093	0.090	0.090	0.093	0.094	0.094	0.092	0.091	0.092	0.258	0.267	0.265	0.259	0.131	0.285	0.094	0.309	0.095	0.094	0.091	0.292	0.138	0.654	0.838	0.113	0.094	0.279	0.310	0.096	0.311	0.093	0.091	0.312	0.287	0.093	0.268	0.295	0.304	0.301	0.121	0.273	0.170	0.093	0.094	0.283	0.115	0.294	0.093	0.095	0.310	0.093	0.309	0.411	0.311	0.091	0.094	0.106	0.306	0.282	0.296	0.103	0.318	0.335	0.093	0.094	0.097	0.091	0.094	0.304	0.094	0.095	0.096	0.303	0.163	0.324	0.296	0.240	0.328	0.091	0.094	0.091	0.094	0.092	0.092	0.091	0.094	0.095	0.097	0.092	0.092	0.095
45:00:47	20.0	0.094	0.092	0.092	0.094	0.093	0.093	0.090	0.091	0.091	0.094	0.095	0.093	0.092	0.093	0.258	0.269	0.266	0.261	0.137	0.287	0.094	0.312	0.096	0.094	0.091	0.293	0.145	0.667	0.850	0.116	0.095	0.281	0.311	0.096	0.313	0.093	0.091	0.316	0.287	0.093	0.270	0.298	0.308	0.304	0.126	0.285	0.183	0.093	0.094	0.282	0.119	0.296	0.093	0.096	0.313	0.093	0.308	0.402	0.314	0.091	0.094	0.109	0.305	0.284	0.300	0.105	0.323	0.339	0.093	0.094	0.098	0.091	0.094	0.305	0.094	0.096	0.096	0.306	0.171	0.326	0.299	0.254	0.329	0.092	0.094	0.091	0.094	0.092	0.092	0.092	0.094	0.095	0.097	0.092	0.092	0.095
46:00:51	20.0	0.094	0.092	0.092	0.094	0.093	0.093	0.090	0.091	0.092	0.094	0.093	0.093	0.092	0.093	0.259	0.272	0.267	0.262	0.144	0.288	0.094	0.313	0.096	0.094	0.091	0.294	0.152	0.670	0.868	0.119	0.095	0.282	0.311	0.096	0.315	0.094	0.091	0.319	0.289	0.093	0.272	0.301	0.310	0.305	0.134	0.296	0.195	0.094	0.094	0.282	0.123	0.298	0.094	0.096	0.315	0.093	0.308	0.429	0.317	0.091	0.094	0.113	0.306	0.286	0.304	0.108	0.326	0.341	0.093	0.094	0.099	0.091	0.094	0.307	0.094	0.096	0.096	0.309	0.179	0.327	0.301	0.269	0.328	0.091	0.094	0.092	0.094	0.092	0.092	0.092	0.094	0.095	0.097	0.092	0.092	0.095
47:00:49	20.1	0.094	0.092	0.092	0.094	0.093	0.093	0.091	0.091	0.092	0.094	0.094	0.092	0.092	0.093	0.259	0.273	0.269	0.263	0.151	0.288	0.094	0.316	0.096	0.094	0.091	0.298	0.156	0.673	0.882	0.123	0.095	0.284	0.311	0.096	0.316	0.093	0.091	0.320	0.291	0.093	0.274	0.305	0.313	0.306	0.144	0.302	0.206	0.093	0.094	0.283	0.127	0.300	0.094	0.096	0.316	0.094	0.308	0.466	0.319	0.091	0.094	0.116	0.308	0.287	0.308	0.111	0.329	0.341	0.093	0.094	0.099	0.091	0.094	0.309	0.094	0.096	0.096	0.311	0.187	0.325	0.304	0.281	0.327	0.092	0.094	0.091	0.094	0.092	0.092	0.092	0.094	0.095	0.097	0.092	0.092	0.095
48:00:50	20.2	0.095	0.092	0.092	0.094	0.093	0.093	0.090	0.090	0.092	0.094	0.094	0.093	0.092	0.094	0.259	0.276	0.269	0.265	0.157	0.289	0.094	0.318	0.096	0.094	0.091	0.300	0.158	0.677	0.896	0.127	0.095	0.285	0.312	0.096	0.317	0.094	0.091	0.322	0.292	0.093	0.277	0.306	0.315	0.309	0.157	0.307	0.215	0.094	0.094	0.282	0.133	0.302	0.094	0.097	0.319	0.094	0.310	0.478	0.322	0.091	0.094	0.120	0.308	0.289	0.311	0.114	0.332	0.343	0.093	0.094	0.100	0.091	0.094	0.308	0.094	0.096	0.096	0.316	0.193	0.324	0.309	0.291	0.326	0.092	0.094	0.092	0.094	0.092	0.092	0.092	0.094	0.095	0.096	0.092	0.092	0.095
49:00:51	20.2	0.094	0.092	0.092	0.094	0.093	0.093	0.091	0.091	0.092	0.094	0.094	0.093	0.092	0.094	0.260	0.278	0.270	0.266	0.160	0.291	0.095	0.320	0.096	0.094	0.091	0.300	0.159	0.679	0.911	0.132	0.096	0.286	0.313	0.097	0.318	0.094	0.092	0.323	0.293	0.093	0.280	0.309	0.317	0.310	0.171	0.309	0.223	0.094	0.094	0.281	0.139	0.303	0.094	0.097	0.320	0.094	0.312	0.472	0.325	0.091	0.094	0.125	0.309	0.291	0.312	0.117	0.334	0.344	0.093	0.095	0.101	0.091	0.094	0.307	0.094	0.097	0.096	0.318	0.198	0.325	0.314	0.301	0.327	0.091	0.094	0.091	0.094	0.092	0.092	0.092	0.094	0.095	0.096	0.092	0.092	0.095
50:01:02	20.2	0.094	0.092	0.092	0.094	0.093	0.093	0.090	0.091	0.092	0.094	0.094	0.092	0.091	0.094	0.260	0.279	0.271	0.268	0.161	0.291	0.094	0.321	0.096	0.094	0.091	0.301	0.161	0.682	0.926	0.137	0.096	0.288	0.316	0.096	0.321	0.093	0.091	0.326	0.295	0.093	0.282	0.311	0.319	0.313	0.182	0.309	0.227	0.093	0.094	0.281	0.146	0.305	0.094	0.097	0.323	0.094	0.314	0.520	0.327	0.091	0.094	0.130	0.311	0.293	0.315	0.122	0.336	0.347	0.093	0.095	0.102	0.092	0.094	0.306	0.094	0.097	0.096	0.320	0.209	0.325	0.318	0.309	0.329	0.091	0.094	0.091	0.094	0.092	0.092	0.092	0.094	0.095	0.096	0.092	0.092	0.095
51:00:53	20.3	0.095	0.092	0.092	0.094	0.093	0.094	0.091	0.091	0.092	0.094	0.094	0.093	0.092	0.094	0.260	0.280	0.271	0.268	0.162	0.292	0.095	0.323	0.096	0.094	0.091	0.302	0.163	0.685	0.940	0.144	0.096	0.289	0.317	0.097	0.322	0.094	0.091	0.327	0.297	0.093	0.283	0.312	0.320	0.314	0.192	0.307	0.231	0.094	0.094	0.280	0.153	0.307	0.094	0.098	0.325	0.094	0.315	0.503	0.328	0.091	0.094	0.138	0.311	0.295	0.316	0.129	0.337	0.347	0.094	0.095	0.104	0.092	0.094	0.305	0.095	0.097	0.096	0.324	0.216	0.325	0.322	0.315	0.329	0.092	0.094	0.092	0.094	0.092	0.092	0.092	0.094	0.095	0.096	0.092	0.092	0.095
52:00:53	20.4	0.094	0.092	0.092	0.093	0.093	0.093	0.090	0.091	0.092	0.094	0.095	0.092	0.091	0.094	0.260	0.282	0.272	0.269	0.164	0.293	0.095	0.323	0.096	0.094	0.091	0.303	0.167	0.694	0.951	0.150	0.096	0.289	0.319	0.096	0.324	0.093	0.091	0.327	0.299	0.093	0.284	0.314	0.321	0.315	0.200	0.309	0.234	0.093	0.094	0.280	0.158	0.307	0.094	0.099	0.326	0.095	0.316	0.451	0.329	0.091	0.094	0.146	0.312	0.296	0.317	0.134	0.338	0.349	0.093	0.095	0.105	0.091	0.094	0.307	0.094	0.097	0.096	0.325	0.220	0.324	0.324	0.320	0.330	0.091	0.094	0.091	0.094	0.091	0.092	0.091	0.094	0.094	0.096	0.092	0.091	0.095
53:00:55	20.5	0.094	0.092	0.092	0.094	0.093	0.093	0.090	0.091	0.092	0.094	0.094	0.092	0.091	0.095	0.260	0.283	0.273	0.270	0.167	0.294	0.095	0.325	0.096	0.094	0.091	0.304	0.171	0.705	0.963	0.154	0.097	0.290	0.319	0.097	0.325	0.094	0.091	0.327	0.301	0.093	0.285	0.315	0.323	0.316	0.209	0.311	0.237	0.093	0.094	0.280	0.161	0.309	0.094	0.099	0.328	0.095	0.318	0.433	0.330	0.091	0.094	0.154	0.312	0.297	0.319	0.143	0.340	0.349	0.094	0.097	0.107	0.091	0.094	0.306	0.094	0.097	0.097	0.324	0.227	0.324	0.321	0.326	0.330	0.092	0.094	0.091	0.094	0.092	0.092	0.092	0.094	0.095	0.097	0.092	0.092	0.095
54:00:56	20.6	0.094	0.092	0.092	0.094	0.093	0.093	0.090	0.091	0.092	0.094	0.094	0.093	0.092	0.095	0.261	0.284	0.274	0.270	0.171	0.295	0.095	0.326	0.096	0.094	0.091	0.304	0.176	0.718	0.974	0.155	0.097	0.291	0.320	0.097	0.326	0.093	0.092	0.328	0.301	0.093	0.286	0.316	0.324	0.318	0.215	0.313	0.241	0.093	0.094	0.280	0.162	0.309	0.094	0.100	0.329	0.095	0.320	0.433	0.332	0.091	0.094	0.160	0.312	0.298	0.320	0.153	0.342	0.351	0.093	0.097	0.110	0.091	0.094	0.305	0.095	0.098	0.097	0.324	0.238	0.325	0.319	0.329	0.331	0.092	0.094	0.091	0.094	0.092	0.092	0.091	0.094	0.095	0.097	0.092	0.092	0.095
55:00:57	20.5	0.094	0.092	0.092	0.094	0.093	0.093	0.090	0.091	0.092	0.094	0.094	0.092	0.091	0.096	0.261	0.286	0.274	0.271	0.176	0.296	0.095	0.327	0.096	0.094	0.091	0.303	0.182	0.727	0.984	0.156	0.098	0.292	0.322	0.097	0.326	0.093	0.091	0.328	0.302	0.094	0.285	0.317	0.325	0.319	0.219	0.315	0.244	0.093	0.094	0.279	0.164	0.311	0.094	0.101	0.330	0.096	0.322	0.379	0.334	0.091	0.094	0.164	0.314	0.300	0.319	0.161	0.342	0.354	0.094	0.098	0.112	0.091	0.094	0.304	0.095	0.098	0.097	0.326	0.247	0.328	0.319	0.333	0.333	0.091	0.094	0.091	0.094	0.092	0.092	0.091	0.094	0.095	0.097	0.092	0.092	0.095
56:00:58	20.4	0.094	0.092	0.092	0.094	0.093	0.093	0.090	0.091	0.092	0.094	0.095	0.092	0.091	0.096	0.262	0.289	0.276	0.272	0.184	0.300	0.096	0.327	0.096	0.094	0.091	0.298	0.189	0.740	0.996	0.157	0.098	0.295	0.324	0.097	0.326	0.093	0.091	0.327	0.303	0.094	0.286	0.320	0.326	0.322	0.223	0.316	0.247	0.093	0.094	0.275	0.165	0.313	0.094	0.102	0.332	0.096	0.324	0.444	0.338	0.091	0.094	0.164	0.313	0.302	0.319	0.167	0.343	0.355	0.094	0.099	0.115	0.091	0.094	0.300	0.095	0.099	0.097	0.325	0.249	0.333	0.319	0.335	0.334	0.091	0.094	0.091	0.094	0.092	0.092	0.091	0.094	0.095	0.096	0.092	0.091	0.095
57:00:58	20.2	0.095	0.092	0.092	0.094	0.093	0.093	0.091	0.091	0.092	0.094	0.095	0.093	0.092	0.097	0.263	0.294	0.277	0.275	0.194	0.305	0.097	0.328	0.096	0.094	0.091	0.295	0.197	0.753	1.005	0.159	0.100	0.298	0.325	0.097	0.327	0.094	0.091	0.328	0.304	0.094	0.286	0.322	0.329	0.325	0.226	0.318	0.251	0.094	0.094	0.273	0.166	0.316	0.095	0.104	0.334	0.097	0.326	0.472	0.341	0.091	0.094	0.165	0.313	0.305	0.320	0.172	0.344	0.358	0.094	0.100	0.118	0.092	0.094	0.298	0.095	0.100	0.097	0.329	0.258	0.346	0.330	0.340	0.339	0.092	0.094	0.092	0.094	0.092	0.092	0.092	0.094	0.095	0.096	0.092	0.092	0.095
58:00:59	20.1	0.094	0.092	0.092	0.094	0.093	0.093	0.090	0.091	0.091	0.094	0.094	0.092	0.091	0.097	0.265	0.296	0.279	0.276	0.203	0.308	0.097	0.327	0.096	0.094	0.091	0.292	0.206	0.767	1.016	0.161	0.100	0.300	0.326	0.097	0.328	0.094	0.091	0.327	0.305	0.094	0.286	0.323	0.329	0.326	0.228	0.320	0.254	0.093	0.094	0.270	0.168	0.316	0.095	0.104	0.334	0.098	0.326	0.465	0.342	0.091	0.094	0.164	0.312	0.306	0.319	0.173	0.344	0.359	0.094	0.101	0.122	0.091	0.094	0.294	0.095	0.100	0.097	0.328	0.262	0.352	0.336	0.342	0.341	0.091	0.094	0.091	0.094	0.092	0.092	0.091	0.094	0.095	0.096	0.092	0.092	0.095
59:01:00	19.9	0.094	0.092	0.092	0.094	0.093	0.093	0.090	0.090	0.091	0.094	0.094	0.092	0.091	0.098	0.266	0.299	0.280	0.277	0.212	0.311	0.097	0.328	0.096	0.094	0.091	0.289	0.214	0.781	1.028	0.166	0.101	0.302	0.327	0.097	0.328	0.094	0.091	0.328	0.307	0.094	0.286	0.324	0.330	0.326	0.231	0.320	0.259	0.093	0.094	0.269	0.171	0.317	0.094	0.106	0.335	0.099	0.327	0.455	0.344	0.091	0.094	0.165	0.313	0.307	0.319	0.176	0.344	0.360	0.094	0.103	0.126	0.091	0.094	0.292	0.095	0.101	0.097	0.329	0.266	0.357	0.339	0.344	0.342	0.092	0.094	0.091	0.094	0.092	0.092	0.091	0.094	0.094	0.096	0.092	0.092	0.095
60:01:01	19.8	0.094	0.092	0.092	0.094	0.093	0.093	0.090	0.091	0.092	0.094	0.093	0.093	0.092	0.099	0.267	0.301	0.281	0.279	0.221	0.314	0.098	0.328	0.096	0.094	0.091	0.289	0.222	0.798	1.038	0.170	0.102	0.304	0.326	0.097	0.328	0.093	0.091	0.329	0.309	0.094	0.287	0.324	0.331	0.328	0.233	0.320	0.261	0.093	0.094	0.271	0.175	0.318	0.095	0.108	0.335	0.100	0.328	0.442	0.346	0.091	0.094	0.167	0.313	0.308	0.320	0.179	0.344	0.361	0.094	0.106	0.130	0.091	0.094	0.292	0.096	0.101	0.097	0.328	0.269	0.361	0.341	0.342	0.340	0.091	0.094	0.091	0.094	0.092	0.092	0.092	0.094	0.095	0.096	0.092	0.092	0.095
61:01:02	19.8	0.094	0.092	0.092	0.094	0.093	0.093	0.090	0.091	0.092	0.094	0.094	0.092	0.092	0.100	0.268	0.303	0.283	0.280	0.228	0.314	0.098	0.329	0.096	0.094	0.091	0.290	0.229	0.812	1.050	0.173	0.103	0.304	0.328	0.097	0.330	0.093	0.091	0.331	0.310	0.095	0.288	0.325	0.332	0.329	0.237	0.322	0.267	0.093	0.094	0.273	0.182	0.318	0.095	0.110	0.336	0.101	0.328	0.446	0.346	0.091	0.094	0.171	0.317	0.308	0.322	0.183	0.345	0.362	0.094	0.109	0.135	0.091	0.094	0.293	0.096	0.102	0.098	0.328	0.273	0.362	0.342	0.343	0.341	0.091	0.094	0.091	0.094	0.092	0.092	0.091	0.094	0.095	0.097	0.092	0.092	0.095
62:01:04	19.8	0.095	0.092	0.092	0.094	0.093	0.093	0.090	0.091	0.091	0.094	0.095	0.092	0.091	0.101	0.269	0.303	0.283	0.280	0.233	0.314	0.099	0.329	0.096	0.094	0.091	0.293	0.234	0.828	1.061	0.178	0.105	0.305	0.328	0.097	0.331	0.093	0.092	0.332	0.311	0.095	0.288	0.324	0.332	0.329	0.241	0.324	0.272	0.093	0.094	0.274	0.190	0.318	0.095	0.112	0.338	0.102	0.329	0.455	0.347	0.091	0.094	0.179	0.318	0.308	0.322	0.187	0.346	0.363	0.094	0.113	0.141	0.092	0.094	0.296	0.096	0.103	0.098	0.329	0.275	0.363	0.342	0.343	0.342	0.091	0.094	0.091	0.094	0.092	0.092	0.091	0.094	0.094	0.097	0.092	0.092	0.095
63:01:04	19.7	0.095	0.092	0.092	0.094	0.093	0.093	0.091	0.091	0.092	0.094	0.093	0.093	0.092	0.102	0.270	0.302	0.283	0.281	0.238	0.315	0.101	0.330	0.097	0.094	0.091	0.297	0.238	0.844	1.071	0.183	0.107	0.305	0.328	0.098	0.332	0.094	0.091	0.334	0.313	0.095	0.288	0.325	0.333	0.330	0.246	0.325	0.274	0.093	0.094	0.277	0.197	0.319	0.096	0.114	0.338	0.104	0.330	0.482	0.347	0.091	0.094	0.189	0.319	0.308	0.323	0.190	0.347	0.364	0.095	0.117	0.148	0.092	0.094	0.299	0.096	0.104	0.099	0.329	0.278	0.365	0.343	0.343	0.343	0.092	0.094	0.091	0.094	0.092	0.092	0.092	0.094	0.095	0.097	0.092	0.092	0.095
64:01:05	19.7	0.094	0.092	0.092	0.094	0.093	0.093	0.090	0.091	0.092	0.094	0.092	0.093	0.092	0.103	0.272	0.303	0.284	0.281	0.242	0.315	0.102	0.330	0.097	0.094	0.091	0.300	0.241	0.858	1.083	0.188	0.109	0.306	0.329	0.098	0.334	0.094	0.091	0.336	0.314	0.096	0.288	0.325	0.334	0.330	0.251	0.325	0.276	0.094	0.094	0.280	0.206	0.319	0.095	0.117	0.339	0.106	0.331	0.481	0.348	0.091	0.094	0.198	0.321	0.308	0.324	0.194	0.348	0.365	0.095	0.122	0.155	0.092	0.094	0.301	0.096	0.106	0.099	0.331	0.281	0.366	0.344	0.343	0.345	0.092	0.094	0.091	0.094	0.092	0.092	0.092	0.094	0.095	0.097	0.092	0.092	0.095
65:01:06	19.7	0.094	0.092	0.092	0.094	0.093	0.093	0.091	0.091	0.092	0.094	0.092	0.093	0.092	0.105	0.272	0.304	0.285	0.281	0.246	0.315	0.103	0.330	0.097	0.094	0.091	0.302	0.243	0.873	1.093	0.193	0.110	0.305	0.329	0.098	0.334	0.094	0.091	0.336	0.315	0.096	0.289	0.325	0.334	0.330	0.256	0.326	0.278	0.093	0.094	0.281	0.214	0.319	0.096	0.119	0.340	0.108	0.331	0.492	0.348	0.091	0.094	0.207	0.322	0.309	0.324	0.199	0.348	0.366	0.095	0.127	0.161	0.092	0.094	0.302	0.097	0.107	0.099	0.331	0.283	0.366	0.344	0.344	0.346	0.091	0.094	0.091	0.094	0.092	0.092	0.092	0.094	0.095	0.097	0.092	0.092	0.095
66:01:07	19.7	0.094	0.092	0.092	0.094	0.093	0.093	0.090	0.091	0.092	0.094	0.093	0.092	0.092	0.106	0.273	0.304	0.285	0.282	0.250	0.315	0.105	0.331	0.097	0.094	0.091	0.302	0.246	0.885	1.103	0.199	0.112	0.306	0.329	0.098	0.335	0.093	0.091	0.336	0.316	0.096	0.289	0.325	0.334	0.331	0.259	0.326	0.278	0.093	0.094	0.282	0.220	0.320	0.096	0.122	0.340	0.110	0.332	0.511	0.349	0.091	0.094	0.213	0.322	0.309	0.324	0.203	0.349	0.367	0.095	0.133	0.166	0.091	0.094	0.302	0.097	0.108	0.099	0.331	0.285	0.368	0.345	0.344	0.347	0.091	0.094	0.091	0.094	0.092	0.092	0.091	0.094	0.095	0.097	0.092	0.092	0.095
67:01:09	19.7	0.095	0.092	0.092	0.094	0.093	0.093	0.090	0.091	0.092	0.094	0.094	0.092	0.092	0.108	0.275	0.305	0.286	0.283	0.253	0.316	0.107	0.332	0.097	0.094	0.091	0.304	0.247	0.899	1.113	0.205	0.114	0.307	0.330	0.098	0.336	0.094	0.091	0.338	0.317	0.097	0.290	0.326	0.336	0.332	0.263	0.327	0.280	0.094	0.094	0.286	0.228	0.320	0.097	0.126	0.342	0.113	0.332	0.529	0.350	0.091	0.094	0.221	0.323	0.309	0.326	0.210	0.350	0.369	0.095	0.141	0.171	0.092	0.094	0.305	0.097	0.111	0.100	0.333	0.288	0.369	0.346	0.346	0.348	0.092	0.094	0.092	0.094	0.092	0.092	0.092	0.094	0.095	0.097	0.092	0.092	0.095
68:01:08	19.8	0.094	0.092	0.092	0.094	0.093	0.093	0.091	0.091	0.092	0.094	0.094	0.093	0.092	0.109	0.276	0.305	0.287	0.283	0.256	0.317	0.110	0.333	0.097	0.094	0.091	0.308	0.248	0.913	1.123	0.210	0.117	0.307	0.331	0.098	0.337	0.093	0.091	0.338	0.318	0.097	0.290	0.326	0.335	0.332	0.265	0.329	0.281	0.093	0.094	0.287	0.234	0.320	0.097	0.130	0.342	0.115	0.333	0.547	0.350	0.091	0.094	0.227	0.324	0.310	0.327	0.215	0.351	0.369	0.095	0.148	0.176	0.092	0.094	0.308	0.098	0.112	0.100	0.337	0.291	0.368	0.346	0.346	0.349	0.092	0.094	0.091	0.094	0.092	0.092	0.091	0.094	0.095	0.098	0.092	0.092	0.095
69:01:10	19.8	0.095	0.092	0.092	0.094	0.093	0.093	0.091	0.091	0.092	0.094	0.093	0.092	0.092	0.111	0.277	0.305	0.287	0.283	0.258	0.317	0.113	0.333	0.097	0.094	0.091	0.311	0.249	0.925	1.132	0.215	0.119	0.307	0.332	0.099	0.338	0.094	0.091	0.338	0.318	0.098	0.291	0.327	0.336	0.333	0.267	0.330	0.283	0.094	0.094	0.290	0.240	0.320	0.097	0.135	0.343	0.118	0.334	0.570	0.351	0.091	0.095	0.232	0.325	0.309	0.328	0.220	0.352	0.370	0.095	0.157	0.181	0.091	0.094	0.310	0.098	0.114	0.101	0.341	0.296	0.370	0.347	0.348	0.351	0.091	0.094	0.091	0.094	0.092	0.092	0.092	0.094	0.095	0.098	0.092	0.092	0.095
70:01:10	19.8	0.095	0.092	0.092	0.094	0.093	0.094	0.091	0.091	0.092	0.094	0.092	0.093	0.092	0.113	0.277	0.306	0.288	0.284	0.260	0.318	0.116	0.334	0.098	0.094	0.091	0.313	0.250	0.939	1.142	0.220	0.121	0.307	0.332	0.099	0.339	0.094	0.091	0.338	0.319	0.099	0.291	0.327	0.336	0.333	0.269	0.331	0.284	0.094	0.094	0.292	0.246	0.320	0.098	0.141	0.344	0.121	0.334	0.599	0.351	0.092	0.095	0.237	0.326	0.310	0.330	0.226	0.353	0.372	0.096	0.169	0.186	0.092	0.094	0.312	0.099	0.117	0.102	0.345	0.301	0.371	0.347	0.348	0.351	0.092	0.094	0.092	0.094	0.092	0.092	0.092	0.094	0.095	0.098	0.092	0.092	0.095
71:01:11	20.0	0.095	0.092	0.092	0.094	0.093	0.093	0.091	0.091	0.092	0.094	0.094	0.092	0.092	0.114	0.279	0.306	0.288	0.284	0.262	0.317	0.119	0.334	0.098	0.094	0.091	0.317	0.251	0.950	1.151	0.224	0.124	0.307	0.333	0.099	0.339	0.093	0.092	0.338	0.318	0.099	0.291	0.326	0.335	0.332	0.270	0.333	0.286	0.093	0.094	0.296	0.250	0.319	0.098	0.146	0.344	0.124	0.334	0.620	0.351	0.091	0.094	0.239	0.327	0.309	0.330	0.231	0.354	0.372	0.096	0.179	0.192	0.091	0.094	0.316	0.099	0.118	0.102	0.346	0.307	0.369	0.346	0.348	0.352	0.091	0.094	0.091	0.094	0.092	0.092	0.092	0.094	0.095	0.098	0.092	0.092	0.095
72:01:12	20.1	0.095	0.092	0.092	0.094	0.093	0.094	0.091	0.091	0.092	0.094	0.092	0.093	0.092	0.116	0.280	0.306	0.287	0.283	0.263	0.315	0.123	0.335	0.098	0.094	0.091	0.319	0.253	0.963	1.161	0.227	0.127	0.306	0.334	0.100	0.340	0.094	0.092	0.338	0.319	0.101	0.292	0.326	0.335	0.333	0.271	0.334	0.287	0.094	0.094	0.300	0.253	0.319	0.098	0.152	0.345	0.128	0.335	0.635	0.352	0.091	0.095	0.242	0.328	0.310	0.331	0.235	0.355	0.373	0.096	0.188	0.197	0.091	0.094	0.319	0.100	0.120	0.103	0.348	0.312	0.367	0.345	0.349	0.354	0.092	0.094	0.092	0.094	0.092	0.092	0.092	0.094	0.095	0.098	0.092	0.092	0.095

