Time	T° 600	A1	A2	A3	A4	A5	A6	A7	A8	A9	A10	A11	A12	B1	B2	B3	B4	B5	B6	B7	B8	B9	B10	B11	B12	C1	C2	C3	C4	C5	C6	C7	C8	C9	C10	C11	C12	D1	D2	D3	D4	D5	D6	D7	D8	D9	D10	D11	D12	E1	E2	E3	E4	E5	E6	E7	E8	E9	E10	E11	E12	F1	F2	F3	F4	F5	F6	F7	F8	F9	F10	F11	F12	G1	G2	G3	G4	G5	G6	G7	G8	G9	G10	G11	G12	H1	H2	H3	H4	H5	H6	H7	H8	H9	H10	H11	H12
0:00:06	20.0	0.092	0.095	0.093	0.093	0.094	0.092	0.093	0.092	0.092	0.092	0.102	0.093	0.091	0.095	0.097	0.096	0.096	0.099	0.095	0.097	0.097	0.099	0.096	0.094	0.093	0.096	0.097	0.097	0.099	0.103	0.099	0.096	0.095	0.096	0.096	0.092	0.092	0.096	0.095	0.094	0.093	0.097	0.098	0.098	0.097	0.097	0.096	0.092	0.092	0.095	0.096	0.098	0.097	0.095	0.095	0.095	0.096	0.096	0.095	0.092	0.092	0.099	0.100	0.099	0.097	0.095	0.097	0.095	0.094	0.094	0.094	0.091	0.092	0.098	0.096	0.097	0.097	0.097	0.100	0.098	0.094	0.095	0.097	0.091	0.092	0.093	0.093	0.096	0.093	0.093	0.093	0.094	0.093	0.095	0.095	0.093
1:00:05	20.0	0.092	0.095	0.092	0.093	0.094	0.092	0.093	0.092	0.092	0.092	0.099	0.093	0.091	0.095	0.097	0.096	0.096	0.099	0.095	0.097	0.097	0.099	0.096	0.094	0.093	0.096	0.096	0.098	0.100	0.103	0.099	0.096	0.095	0.096	0.096	0.092	0.091	0.095	0.095	0.094	0.094	0.098	0.097	0.099	0.097	0.098	0.096	0.092	0.092	0.095	0.096	0.098	0.099	0.095	0.095	0.095	0.096	0.096	0.095	0.092	0.092	0.100	0.101	0.099	0.097	0.095	0.099	0.096	0.094	0.094	0.094	0.091	0.091	0.098	0.096	0.097	0.097	0.097	0.101	0.098	0.094	0.095	0.097	0.091	0.092	0.093	0.093	0.096	0.093	0.093	0.092	0.094	0.093	0.094	0.095	0.092
2:00:05	20.0	0.092	0.095	0.093	0.092	0.094	0.092	0.093	0.092	0.092	0.092	0.100	0.093	0.091	0.095	0.099	0.096	0.097	0.099	0.095	0.097	0.097	0.099	0.096	0.094	0.092	0.097	0.096	0.098	0.102	0.102	0.099	0.096	0.095	0.096	0.096	0.092	0.092	0.096	0.095	0.094	0.094	0.098	0.098	0.099	0.097	0.098	0.096	0.092	0.091	0.095	0.096	0.099	0.099	0.095	0.095	0.095	0.096	0.096	0.096	0.092	0.092	0.100	0.100	0.099	0.097	0.095	0.096	0.096	0.094	0.095	0.094	0.091	0.091	0.098	0.097	0.097	0.097	0.098	0.101	0.099	0.094	0.095	0.097	0.091	0.092	0.093	0.093	0.096	0.093	0.093	0.092	0.094	0.093	0.094	0.095	0.092
3:00:06	19.9	0.092	0.095	0.092	0.093	0.094	0.092	0.093	0.092	0.092	0.092	0.097	0.093	0.091	0.096	0.101	0.096	0.097	0.100	0.096	0.098	0.098	0.100	0.096	0.094	0.093	0.099	0.097	0.099	0.102	0.103	0.100	0.096	0.096	0.096	0.096	0.092	0.091	0.096	0.095	0.094	0.094	0.099	0.098	0.099	0.097	0.098	0.097	0.092	0.091	0.095	0.096	0.099	0.102	0.095	0.095	0.095	0.097	0.096	0.096	0.092	0.092	0.100	0.101	0.099	0.098	0.096	0.098	0.096	0.095	0.095	0.094	0.091	0.092	0.099	0.097	0.097	0.097	0.098	0.101	0.099	0.095	0.095	0.097	0.091	0.092	0.093	0.093	0.094	0.093	0.093	0.092	0.094	0.092	0.094	0.095	0.092
4:00:07	19.8	0.092	0.095	0.093	0.093	0.094	0.092	0.093	0.092	0.092	0.092	0.098	0.093	0.091	0.096	0.101	0.097	0.097	0.100	0.096	0.098	0.098	0.100	0.097	0.094	0.093	0.098	0.097	0.101	0.103	0.103	0.099	0.097	0.096	0.097	0.097	0.092	0.091	0.096	0.095	0.094	0.094	0.100	0.099	0.100	0.098	0.099	0.097	0.092	0.091	0.096	0.096	0.100	0.099	0.096	0.095	0.095	0.098	0.097	0.096	0.092	0.092	0.101	0.102	0.099	0.098	0.096	0.097	0.097	0.095	0.095	0.094	0.092	0.092	0.099	0.097	0.097	0.098	0.099	0.102	0.099	0.095	0.095	0.098	0.091	0.092	0.093	0.093	0.094	0.093	0.093	0.093	0.094	0.093	0.094	0.095	0.093
5:00:07	19.8	0.093	0.095	0.093	0.093	0.094	0.092	0.093	0.092	0.092	0.093	0.099	0.093	0.091	0.096	0.101	0.097	0.097	0.100	0.096	0.098	0.099	0.100	0.097	0.094	0.093	0.101	0.098	0.103	0.104	0.104	0.100	0.097	0.097	0.097	0.097	0.092	0.092	0.097	0.096	0.095	0.094	0.101	0.098	0.100	0.098	0.099	0.098	0.092	0.091	0.095	0.097	0.100	0.100	0.097	0.095	0.097	0.099	0.097	0.097	0.092	0.092	0.102	0.102	0.100	0.098	0.096	0.100	0.097	0.096	0.096	0.095	0.091	0.091	0.099	0.097	0.098	0.098	0.100	0.102	0.099	0.095	0.096	0.099	0.091	0.092	0.093	0.093	0.094	0.093	0.093	0.093	0.094	0.093	0.094	0.095	0.093
6:00:09	19.7	0.092	0.095	0.093	0.093	0.094	0.092	0.093	0.092	0.092	0.092	0.098	0.093	0.091	0.096	0.100	0.097	0.097	0.101	0.096	0.098	0.099	0.101	0.098	0.094	0.093	0.101	0.098	0.102	0.104	0.105	0.102	0.097	0.097	0.096	0.097	0.092	0.091	0.096	0.096	0.095	0.094	0.104	0.098	0.101	0.098	0.100	0.099	0.092	0.091	0.096	0.097	0.101	0.099	0.097	0.096	0.096	0.099	0.097	0.097	0.092	0.092	0.102	0.102	0.100	0.098	0.096	0.099	0.097	0.096	0.096	0.095	0.091	0.091	0.099	0.097	0.098	0.098	0.101	0.101	0.099	0.095	0.096	0.099	0.091	0.091	0.093	0.093	0.094	0.093	0.093	0.093	0.094	0.092	0.094	0.095	0.092
7:00:10	19.6	0.092	0.095	0.093	0.093	0.094	0.092	0.093	0.092	0.092	0.092	0.098	0.093	0.091	0.096	0.103	0.097	0.097	0.102	0.097	0.098	0.099	0.102	0.099	0.094	0.093	0.103	0.099	0.102	0.106	0.107	0.105	0.098	0.098	0.096	0.097	0.092	0.092	0.096	0.097	0.095	0.095	0.105	0.099	0.102	0.099	0.101	0.100	0.092	0.091	0.096	0.097	0.102	0.100	0.098	0.095	0.096	0.100	0.097	0.097	0.092	0.092	0.102	0.102	0.101	0.098	0.097	0.102	0.098	0.097	0.097	0.095	0.091	0.092	0.099	0.098	0.099	0.098	0.102	0.101	0.099	0.095	0.096	0.100	0.091	0.092	0.093	0.094	0.094	0.093	0.093	0.093	0.094	0.093	0.094	0.095	0.093
8:00:10	19.6	0.092	0.094	0.093	0.093	0.094	0.092	0.093	0.092	0.092	0.092	0.098	0.093	0.091	0.096	0.103	0.097	0.098	0.102	0.097	0.099	0.100	0.102	0.100	0.094	0.093	0.102	0.099	0.106	0.107	0.107	0.104	0.098	0.098	0.096	0.098	0.092	0.091	0.096	0.097	0.096	0.095	0.107	0.100	0.104	0.099	0.102	0.102	0.092	0.092	0.096	0.097	0.102	0.103	0.099	0.096	0.097	0.101	0.097	0.097	0.092	0.092	0.102	0.102	0.101	0.100	0.097	0.101	0.098	0.098	0.098	0.096	0.091	0.091	0.099	0.098	0.100	0.098	0.103	0.102	0.099	0.095	0.096	0.101	0.091	0.092	0.093	0.093	0.094	0.093	0.093	0.093	0.094	0.093	0.095	0.095	0.093
9:00:11	19.5	0.092	0.095	0.093	0.093	0.094	0.092	0.093	0.092	0.092	0.092	0.098	0.093	0.091	0.096	0.103	0.097	0.098	0.103	0.097	0.099	0.101	0.103	0.101	0.094	0.093	0.104	0.100	0.105	0.107	0.107	0.103	0.098	0.099	0.096	0.098	0.092	0.091	0.096	0.098	0.096	0.095	0.108	0.101	0.106	0.099	0.103	0.103	0.092	0.091	0.095	0.097	0.105	0.102	0.100	0.096	0.097	0.101	0.098	0.098	0.092	0.092	0.105	0.103	0.101	0.098	0.097	0.102	0.098	0.098	0.099	0.096	0.091	0.091	0.099	0.098	0.100	0.098	0.105	0.103	0.099	0.095	0.096	0.102	0.091	0.092	0.093	0.093	0.094	0.093	0.093	0.093	0.094	0.093	0.094	0.095	0.093
10:00:12	19.4	0.092	0.095	0.092	0.093	0.094	0.092	0.093	0.092	0.092	0.092	0.097	0.093	0.091	0.096	0.101	0.097	0.098	0.104	0.097	0.099	0.102	0.104	0.102	0.094	0.093	0.101	0.101	0.102	0.107	0.109	0.106	0.098	0.100	0.096	0.098	0.092	0.092	0.096	0.099	0.097	0.095	0.109	0.100	0.107	0.099	0.105	0.105	0.092	0.091	0.095	0.097	0.105	0.102	0.101	0.095	0.098	0.102	0.098	0.098	0.092	0.092	0.105	0.103	0.100	0.099	0.097	0.104	0.098	0.100	0.100	0.096	0.091	0.091	0.099	0.099	0.101	0.098	0.106	0.103	0.099	0.096	0.097	0.103	0.091	0.092	0.093	0.093	0.093	0.093	0.093	0.093	0.094	0.092	0.094	0.095	0.092
11:00:13	19.4	0.092	0.095	0.093	0.093	0.094	0.092	0.093	0.092	0.092	0.092	0.097	0.092	0.091	0.097	0.100	0.098	0.098	0.105	0.098	0.099	0.103	0.106	0.104	0.094	0.093	0.104	0.102	0.107	0.108	0.109	0.104	0.099	0.102	0.097	0.098	0.092	0.092	0.096	0.100	0.097	0.095	0.108	0.100	0.108	0.099	0.107	0.108	0.092	0.091	0.096	0.097	0.107	0.107	0.103	0.096	0.098	0.104	0.099	0.099	0.092	0.092	0.105	0.104	0.101	0.100	0.098	0.106	0.098	0.102	0.102	0.096	0.091	0.092	0.100	0.100	0.101	0.098	0.108	0.103	0.100	0.096	0.097	0.105	0.091	0.092	0.094	0.094	0.094	0.093	0.093	0.092	0.094	0.093	0.094	0.095	0.092
12:00:15	19.3	0.092	0.095	0.093	0.093	0.094	0.092	0.093	0.092	0.092	0.092	0.097	0.092	0.091	0.096	0.100	0.098	0.098	0.106	0.098	0.099	0.105	0.108	0.107	0.094	0.093	0.101	0.104	0.109	0.110	0.111	0.108	0.099	0.104	0.096	0.098	0.092	0.092	0.096	0.101	0.097	0.095	0.107	0.100	0.112	0.100	0.109	0.111	0.092	0.091	0.096	0.097	0.107	0.103	0.105	0.096	0.099	0.108	0.099	0.099	0.092	0.092	0.105	0.105	0.102	0.100	0.098	0.108	0.098	0.103	0.104	0.096	0.091	0.091	0.101	0.100	0.102	0.098	0.108	0.103	0.099	0.096	0.097	0.107	0.091	0.092	0.093	0.093	0.094	0.093	0.093	0.092	0.094	0.092	0.094	0.095	0.092
13:00:16	19.2	0.093	0.095	0.093	0.093	0.095	0.092	0.093	0.093	0.092	0.092	0.097	0.093	0.091	0.097	0.103	0.098	0.099	0.107	0.098	0.100	0.108	0.109	0.111	0.094	0.093	0.101	0.106	0.104	0.112	0.108	0.109	0.099	0.106	0.097	0.099	0.092	0.092	0.096	0.102	0.098	0.095	0.108	0.100	0.115	0.100	0.113	0.116	0.092	0.092	0.096	0.098	0.103	0.105	0.108	0.096	0.099	0.111	0.099	0.100	0.092	0.092	0.109	0.106	0.102	0.100	0.098	0.111	0.099	0.106	0.106	0.097	0.092	0.091	0.101	0.101	0.103	0.098	0.110	0.104	0.100	0.096	0.097	0.110	0.092	0.092	0.093	0.094	0.097	0.094	0.094	0.093	0.094	0.093	0.095	0.095	0.093
14:00:16	19.3	0.092	0.095	0.092	0.093	0.094	0.092	0.093	0.092	0.092	0.092	0.097	0.093	0.091	0.097	0.103	0.098	0.099	0.108	0.098	0.101	0.110	0.111	0.114	0.094	0.093	0.104	0.108	0.104	0.112	0.107	0.114	0.100	0.109	0.096	0.099	0.092	0.091	0.096	0.103	0.097	0.095	0.108	0.100	0.117	0.100	0.117	0.120	0.092	0.091	0.095	0.097	0.103	0.106	0.111	0.095	0.100	0.113	0.100	0.100	0.092	0.092	0.108	0.107	0.102	0.099	0.098	0.114	0.099	0.109	0.109	0.097	0.091	0.092	0.100	0.101	0.105	0.098	0.112	0.105	0.099	0.096	0.098	0.112	0.091	0.092	0.093	0.093	0.097	0.093	0.093	0.093	0.094	0.093	0.094	0.095	0.093
15:00:17	19.4	0.092	0.094	0.093	0.093	0.094	0.092	0.093	0.092	0.092	0.092	0.096	0.093	0.091	0.096	0.102	0.098	0.099	0.107	0.098	0.101	0.113	0.114	0.118	0.094	0.093	0.103	0.111	0.106	0.114	0.107	0.113	0.100	0.112	0.096	0.100	0.092	0.092	0.096	0.105	0.098	0.095	0.108	0.101	0.123	0.100	0.121	0.126	0.092	0.091	0.096	0.097	0.108	0.108	0.114	0.096	0.100	0.118	0.100	0.101	0.092	0.092	0.110	0.107	0.100	0.103	0.098	0.118	0.098	0.112	0.112	0.097	0.091	0.091	0.100	0.102	0.106	0.098	0.116	0.105	0.099	0.096	0.098	0.114	0.091	0.092	0.093	0.093	0.098	0.093	0.093	0.092	0.094	0.093	0.094	0.095	0.092
16:00:19	19.6	0.092	0.095	0.093	0.093	0.094	0.092	0.093	0.092	0.092	0.093	0.096	0.093	0.091	0.097	0.102	0.098	0.099	0.110	0.098	0.101	0.116	0.117	0.122	0.094	0.093	0.107	0.113	0.106	0.116	0.111	0.119	0.100	0.116	0.096	0.100	0.092	0.092	0.096	0.107	0.098	0.095	0.108	0.101	0.126	0.101	0.126	0.132	0.092	0.091	0.096	0.097	0.110	0.116	0.118	0.096	0.101	0.120	0.100	0.102	0.092	0.093	0.111	0.108	0.101	0.103	0.098	0.121	0.098	0.116	0.117	0.098	0.092	0.092	0.101	0.104	0.108	0.098	0.120	0.105	0.099	0.096	0.098	0.117	0.092	0.092	0.093	0.094	0.095	0.093	0.093	0.093	0.094	0.093	0.095	0.095	0.093
17:00:19	19.7	0.092	0.094	0.092	0.093	0.094	0.092	0.092	0.092	0.092	0.092	0.096	0.092	0.091	0.097	0.101	0.098	0.099	0.110	0.098	0.100	0.119	0.120	0.127	0.094	0.093	0.105	0.114	0.110	0.118	0.108	0.121	0.100	0.119	0.096	0.100	0.092	0.091	0.096	0.109	0.098	0.095	0.107	0.103	0.129	0.101	0.131	0.138	0.091	0.091	0.095	0.097	0.109	0.114	0.122	0.096	0.101	0.124	0.101	0.102	0.092	0.092	0.114	0.109	0.101	0.099	0.098	0.125	0.097	0.120	0.121	0.098	0.091	0.091	0.100	0.105	0.110	0.097	0.123	0.105	0.099	0.096	0.098	0.121	0.091	0.092	0.093	0.093	0.096	0.093	0.093	0.092	0.094	0.092	0.094	0.095	0.092
18:00:22	19.7	0.092	0.095	0.093	0.093	0.094	0.092	0.093	0.092	0.092	0.092	0.095	0.093	0.091	0.097	0.101	0.098	0.099	0.112	0.099	0.100	0.123	0.124	0.133	0.094	0.093	0.110	0.117	0.112	0.122	0.108	0.123	0.101	0.124	0.096	0.101	0.092	0.092	0.096	0.112	0.099	0.095	0.107	0.107	0.135	0.101	0.137	0.144	0.092	0.091	0.096	0.097	0.110	0.116	0.126	0.096	0.102	0.131	0.101	0.103	0.092	0.093	0.114	0.110	0.101	0.099	0.099	0.130	0.097	0.126	0.126	0.098	0.092	0.091	0.099	0.107	0.113	0.098	0.128	0.106	0.099	0.096	0.099	0.125	0.091	0.092	0.093	0.094	0.096	0.093	0.093	0.092	0.094	0.093	0.094	0.095	0.093
19:00:21	19.6	0.092	0.094	0.092	0.093	0.094	0.092	0.093	0.092	0.092	0.092	0.096	0.092	0.091	0.097	0.101	0.098	0.099	0.113	0.098	0.100	0.128	0.130	0.140	0.094	0.093	0.113	0.120	0.112	0.122	0.109	0.124	0.101	0.129	0.096	0.101	0.092	0.091	0.096	0.114	0.099	0.095	0.106	0.111	0.136	0.101	0.142	0.148	0.092	0.091	0.095	0.097	0.113	0.124	0.130	0.096	0.102	0.136	0.101	0.103	0.092	0.092	0.115	0.112	0.100	0.100	0.098	0.134	0.097	0.130	0.130	0.098	0.091	0.091	0.099	0.109	0.115	0.098	0.131	0.106	0.099	0.096	0.099	0.131	0.091	0.092	0.093	0.094	0.095	0.093	0.093	0.093	0.094	0.093	0.094	0.095	0.093
20:00:21	19.5	0.092	0.094	0.092	0.092	0.094	0.092	0.092	0.092	0.092	0.092	0.096	0.092	0.091	0.097	0.101	0.098	0.099	0.116	0.098	0.101	0.134	0.135	0.145	0.094	0.093	0.111	0.122	0.120	0.125	0.108	0.127	0.101	0.133	0.096	0.101	0.092	0.091	0.096	0.117	0.098	0.095	0.106	0.103	0.141	0.101	0.146	0.152	0.092	0.091	0.095	0.097	0.115	0.125	0.133	0.096	0.103	0.140	0.102	0.104	0.092	0.092	0.116	0.112	0.099	0.102	0.098	0.138	0.098	0.134	0.134	0.099	0.091	0.091	0.099	0.110	0.117	0.098	0.133	0.105	0.098	0.096	0.099	0.136	0.091	0.092	0.093	0.093	0.094	0.092	0.093	0.092	0.094	0.092	0.094	0.095	0.092
21:00:23	19.5	0.092	0.095	0.093	0.093	0.095	0.092	0.093	0.092	0.092	0.092	0.095	0.093	0.091	0.097	0.101	0.098	0.100	0.118	0.099	0.101	0.139	0.140	0.149	0.094	0.093	0.111	0.126	0.120	0.129	0.106	0.130	0.102	0.137	0.096	0.102	0.092	0.092	0.096	0.120	0.099	0.095	0.106	0.103	0.144	0.102	0.149	0.154	0.092	0.091	0.095	0.097	0.113	0.125	0.137	0.096	0.103	0.144	0.103	0.105	0.092	0.092	0.118	0.114	0.100	0.101	0.099	0.140	0.101	0.137	0.138	0.099	0.092	0.092	0.099	0.113	0.121	0.098	0.136	0.106	0.099	0.097	0.099	0.141	0.092	0.092	0.093	0.094	0.096	0.093	0.093	0.093	0.094	0.093	0.095	0.095	0.093
22:00:23	19.5	0.092	0.094	0.092	0.093	0.094	0.092	0.093	0.092	0.092	0.092	0.096	0.092	0.091	0.096	0.101	0.098	0.100	0.120	0.099	0.101	0.143	0.144	0.152	0.094	0.093	0.114	0.129	0.127	0.133	0.108	0.138	0.102	0.139	0.096	0.102	0.092	0.091	0.096	0.125	0.099	0.095	0.105	0.112	0.147	0.102	0.151	0.156	0.092	0.091	0.095	0.097	0.116	0.128	0.140	0.096	0.103	0.147	0.103	0.106	0.092	0.092	0.119	0.115	0.100	0.106	0.099	0.142	0.100	0.140	0.141	0.099	0.091	0.091	0.099	0.116	0.124	0.098	0.139	0.105	0.099	0.097	0.099	0.145	0.091	0.092	0.093	0.094	0.094	0.093	0.093	0.092	0.094	0.092	0.094	0.095	0.092
23:00:25	19.5	0.092	0.096	0.092	0.093	0.094	0.092	0.093	0.092	0.092	0.092	0.095	0.092	0.091	0.097	0.101	0.098	0.100	0.123	0.099	0.102	0.147	0.149	0.156	0.094	0.093	0.118	0.132	0.126	0.135	0.110	0.145	0.102	0.143	0.096	0.103	0.092	0.092	0.096	0.126	0.099	0.095	0.108	0.107	0.150	0.102	0.154	0.159	0.092	0.091	0.095	0.097	0.119	0.132	0.144	0.096	0.105	0.148	0.103	0.107	0.092	0.093	0.121	0.118	0.102	0.105	0.099	0.143	0.099	0.143	0.144	0.099	0.092	0.091	0.099	0.119	0.127	0.098	0.141	0.105	0.099	0.097	0.100	0.148	0.092	0.092	0.093	0.094	0.097	0.093	0.093	0.092	0.094	0.093	0.094	0.095	0.093
24:00:25	19.6	0.092	0.094	0.092	0.093	0.094	0.092	0.093	0.092	0.091	0.092	0.095	0.092	0.091	0.096	0.100	0.098	0.099	0.125	0.099	0.101	0.150	0.153	0.159	0.094	0.093	0.121	0.135	0.130	0.140	0.109	0.149	0.102	0.145	0.096	0.103	0.092	0.091	0.096	0.130	0.098	0.094	0.109	0.105	0.153	0.102	0.155	0.160	0.091	0.091	0.095	0.096	0.120	0.137	0.149	0.095	0.105	0.149	0.104	0.107	0.092	0.092	0.122	0.120	0.101	0.103	0.099	0.148	0.099	0.145	0.147	0.099	0.091	0.091	0.098	0.123	0.131	0.097	0.145	0.103	0.098	0.097	0.100	0.151	0.091	0.092	0.093	0.093	0.096	0.093	0.093	0.092	0.094	0.092	0.094	0.095	0.092
25:00:26	19.5	0.092	0.094	0.092	0.093	0.094	0.092	0.092	0.092	0.092	0.092	0.096	0.092	0.091	0.096	0.099	0.098	0.100	0.130	0.099	0.102	0.154	0.158	0.161	0.094	0.093	0.123	0.139	0.132	0.143	0.109	0.152	0.103	0.149	0.096	0.103	0.092	0.092	0.096	0.134	0.098	0.095	0.102	0.106	0.158	0.103	0.158	0.161	0.092	0.091	0.095	0.097	0.125	0.144	0.154	0.096	0.105	0.155	0.104	0.108	0.092	0.092	0.125	0.123	0.100	0.101	0.099	0.152	0.098	0.149	0.149	0.100	0.091	0.091	0.097	0.128	0.135	0.098	0.149	0.103	0.098	0.097	0.100	0.154	0.091	0.092	0.093	0.094	0.100	0.093	0.093	0.092	0.094	0.093	0.094	0.095	0.092
26:00:28	19.5	0.092	0.095	0.092	0.093	0.094	0.092	0.093	0.092	0.092	0.092	0.095	0.092	0.091	0.096	0.098	0.097	0.100	0.135	0.099	0.103	0.158	0.161	0.164	0.094	0.093	0.125	0.142	0.137	0.150	0.110	0.157	0.103	0.152	0.096	0.103	0.092	0.091	0.095	0.138	0.098	0.094	0.101	0.106	0.162	0.103	0.161	0.164	0.092	0.091	0.095	0.097	0.129	0.147	0.159	0.095	0.106	0.159	0.105	0.108	0.092	0.092	0.127	0.127	0.100	0.101	0.099	0.154	0.098	0.152	0.153	0.100	0.091	0.091	0.097	0.132	0.139	0.097	0.153	0.103	0.098	0.097	0.100	0.158	0.091	0.092	0.093	0.094	0.101	0.093	0.093	0.092	0.094	0.093	0.094	0.095	0.092
27:00:29	19.5	0.092	0.094	0.092	0.093	0.094	0.092	0.092	0.092	0.092	0.092	0.095	0.093	0.091	0.096	0.096	0.097	0.100	0.140	0.099	0.102	0.163	0.166	0.168	0.094	0.093	0.128	0.146	0.141	0.156	0.109	0.164	0.103	0.157	0.095	0.104	0.092	0.091	0.095	0.142	0.098	0.094	0.102	0.105	0.166	0.103	0.164	0.166	0.092	0.091	0.095	0.096	0.133	0.151	0.165	0.095	0.105	0.165	0.105	0.109	0.092	0.092	0.129	0.132	0.099	0.100	0.099	0.161	0.097	0.155	0.157	0.099	0.091	0.091	0.097	0.136	0.144	0.097	0.159	0.103	0.098	0.097	0.100	0.161	0.091	0.092	0.093	0.093	0.100	0.093	0.093	0.093	0.094	0.092	0.094	0.095	0.092
28:00:28	19.4	0.092	0.094	0.092	0.093	0.094	0.092	0.093	0.092	0.092	0.092	0.095	0.093	0.091	0.096	0.096	0.097	0.100	0.146	0.099	0.102	0.169	0.171	0.172	0.094	0.093	0.131	0.152	0.155	0.161	0.108	0.171	0.104	0.161	0.096	0.104	0.092	0.091	0.095	0.147	0.098	0.094	0.103	0.106	0.173	0.104	0.167	0.170	0.092	0.091	0.095	0.096	0.138	0.157	0.172	0.096	0.106	0.167	0.106	0.109	0.092	0.092	0.133	0.137	0.099	0.100	0.099	0.167	0.097	0.160	0.162	0.100	0.091	0.091	0.097	0.141	0.150	0.097	0.166	0.102	0.098	0.097	0.100	0.165	0.091	0.092	0.093	0.093	0.097	0.093	0.093	0.093	0.094	0.093	0.094	0.095	0.092
29:00:30	19.3	0.092	0.095	0.092	0.093	0.094	0.092	0.093	0.092	0.092	0.092	0.094	0.092	0.091	0.095	0.096	0.097	0.099	0.153	0.099	0.102	0.174	0.176	0.177	0.094	0.093	0.134	0.157	0.155	0.165	0.107	0.178	0.104	0.165	0.095	0.104	0.092	0.091	0.095	0.152	0.097	0.094	0.104	0.104	0.181	0.103	0.172	0.174	0.092	0.091	0.095	0.096	0.144	0.163	0.179	0.095	0.107	0.167	0.107	0.109	0.092	0.093	0.136	0.142	0.099	0.100	0.099	0.172	0.097	0.164	0.167	0.100	0.091	0.091	0.097	0.147	0.155	0.097	0.173	0.102	0.098	0.097	0.101	0.169	0.091	0.092	0.093	0.093	0.095	0.093	0.093	0.092	0.094	0.092	0.094	0.095	0.092
30:00:31	19.3	0.092	0.094	0.092	0.093	0.094	0.092	0.092	0.092	0.091	0.092	0.094	0.092	0.091	0.095	0.098	0.097	0.100	0.160	0.099	0.101	0.179	0.181	0.182	0.094	0.092	0.138	0.164	0.160	0.171	0.104	0.186	0.104	0.171	0.095	0.104	0.092	0.091	0.095	0.158	0.097	0.094	0.105	0.106	0.190	0.104	0.175	0.177	0.091	0.091	0.094	0.096	0.150	0.171	0.187	0.095	0.107	0.176	0.107	0.108	0.092	0.092	0.140	0.148	0.099	0.100	0.099	0.179	0.097	0.169	0.172	0.100	0.091	0.091	0.097	0.153	0.161	0.097	0.182	0.102	0.098	0.097	0.101	0.174	0.091	0.092	0.093	0.093	0.098	0.093	0.093	0.092	0.094	0.092	0.094	0.095	0.092
31:00:32	19.2	0.092	0.094	0.092	0.093	0.094	0.092	0.093	0.092	0.092	0.092	0.094	0.092	0.091	0.095	0.100	0.097	0.100	0.169	0.099	0.100	0.185	0.187	0.188	0.094	0.092	0.142	0.171	0.167	0.179	0.102	0.196	0.104	0.177	0.095	0.105	0.092	0.091	0.095	0.165	0.097	0.094	0.102	0.104	0.199	0.104	0.181	0.182	0.092	0.091	0.094	0.096	0.157	0.178	0.195	0.095	0.107	0.180	0.107	0.108	0.092	0.092	0.145	0.155	0.099	0.100	0.099	0.186	0.097	0.175	0.178	0.100	0.091	0.091	0.097	0.160	0.167	0.097	0.192	0.102	0.098	0.097	0.101	0.180	0.091	0.092	0.093	0.093	0.098	0.093	0.093	0.093	0.093	0.092	0.094	0.095	0.092
32:00:32	19.2	0.092	0.095	0.093	0.093	0.094	0.092	0.093	0.092	0.092	0.092	0.095	0.093	0.091	0.095	0.098	0.097	0.100	0.178	0.099	0.099	0.192	0.193	0.195	0.094	0.093	0.148	0.178	0.179	0.188	0.102	0.206	0.105	0.183	0.096	0.105	0.092	0.091	0.095	0.172	0.097	0.094	0.101	0.106	0.209	0.105	0.187	0.188	0.092	0.091	0.094	0.096	0.164	0.187	0.204	0.096	0.108	0.187	0.108	0.109	0.092	0.092	0.151	0.162	0.098	0.100	0.099	0.196	0.097	0.181	0.185	0.101	0.091	0.091	0.096	0.167	0.174	0.097	0.202	0.103	0.098	0.097	0.101	0.187	0.091	0.092	0.093	0.093	0.096	0.093	0.093	0.092	0.094	0.093	0.094	0.095	0.092
33:00:33	19.2	0.092	0.094	0.092	0.093	0.094	0.092	0.093	0.092	0.092	0.092	0.095	0.093	0.091	0.095	0.096	0.096	0.100	0.188	0.099	0.099	0.199	0.200	0.202	0.094	0.093	0.154	0.187	0.188	0.197	0.101	0.217	0.105	0.189	0.096	0.105	0.092	0.091	0.095	0.180	0.097	0.094	0.103	0.104	0.220	0.105	0.194	0.195	0.092	0.091	0.094	0.096	0.172	0.198	0.213	0.095	0.109	0.194	0.108	0.110	0.092	0.092	0.157	0.168	0.099	0.099	0.099	0.205	0.097	0.188	0.192	0.101	0.092	0.091	0.097	0.175	0.183	0.097	0.213	0.102	0.098	0.097	0.101	0.194	0.091	0.092	0.093	0.094	0.100	0.093	0.093	0.092	0.094	0.093	0.094	0.095	0.093
34:00:35	19.1	0.092	0.095	0.093	0.093	0.095	0.092	0.092	0.092	0.092	0.092	0.095	0.092	0.091	0.095	0.097	0.097	0.100	0.200	0.099	0.100	0.207	0.208	0.210	0.094	0.093	0.160	0.197	0.194	0.207	0.102	0.230	0.105	0.197	0.096	0.105	0.092	0.092	0.095	0.188	0.097	0.094	0.104	0.105	0.231	0.105	0.202	0.203	0.092	0.092	0.094	0.096	0.180	0.208	0.222	0.096	0.109	0.201	0.108	0.110	0.092	0.092	0.163	0.176	0.098	0.099	0.099	0.216	0.097	0.195	0.200	0.101	0.091	0.091	0.097	0.184	0.192	0.097	0.226	0.102	0.098	0.097	0.101	0.203	0.091	0.092	0.093	0.093	0.096	0.093	0.093	0.092	0.094	0.093	0.094	0.095	0.092
35:00:36	19.1	0.092	0.095	0.092	0.093	0.094	0.092	0.092	0.092	0.092	0.092	0.096	0.092	0.091	0.095	0.099	0.096	0.099	0.213	0.099	0.100	0.216	0.217	0.218	0.094	0.093	0.168	0.207	0.205	0.217	0.102	0.240	0.105	0.204	0.096	0.105	0.092	0.092	0.095	0.197	0.097	0.094	0.101	0.104	0.243	0.105	0.210	0.211	0.092	0.091	0.094	0.096	0.189	0.221	0.232	0.096	0.108	0.208	0.108	0.109	0.092	0.092	0.171	0.185	0.098	0.099	0.099	0.227	0.097	0.203	0.208	0.101	0.091	0.091	0.096	0.194	0.202	0.097	0.237	0.102	0.098	0.098	0.101	0.212	0.091	0.092	0.093	0.093	0.098	0.093	0.093	0.092	0.094	0.092	0.094	0.095	0.093
36:00:36	19.1	0.092	0.095	0.092	0.093	0.095	0.092	0.093	0.092	0.092	0.092	0.094	0.093	0.091	0.095	0.098	0.096	0.100	0.227	0.098	0.101	0.226	0.226	0.228	0.094	0.093	0.176	0.218	0.217	0.228	0.103	0.252	0.105	0.213	0.095	0.105	0.092	0.091	0.095	0.207	0.097	0.094	0.102	0.104	0.254	0.105	0.219	0.220	0.092	0.091	0.094	0.096	0.199	0.234	0.242	0.095	0.109	0.216	0.108	0.109	0.092	0.092	0.179	0.193	0.098	0.098	0.099	0.240	0.096	0.211	0.217	0.101	0.091	0.092	0.097	0.204	0.213	0.097	0.251	0.102	0.098	0.098	0.101	0.222	0.091	0.092	0.093	0.094	0.101	0.093	0.093	0.093	0.094	0.092	0.094	0.095	0.092
37:00:36	19.1	0.092	0.095	0.092	0.093	0.094	0.092	0.092	0.092	0.092	0.092	0.095	0.092	0.091	0.095	0.097	0.096	0.099	0.242	0.098	0.099	0.235	0.236	0.238	0.094	0.093	0.186	0.230	0.229	0.241	0.103	0.262	0.105	0.222	0.095	0.105	0.092	0.091	0.094	0.219	0.096	0.094	0.100	0.104	0.266	0.105	0.227	0.230	0.091	0.091	0.094	0.095	0.209	0.247	0.252	0.095	0.109	0.224	0.108	0.109	0.092	0.092	0.189	0.203	0.098	0.098	0.098	0.252	0.096	0.220	0.227	0.101	0.091	0.091	0.096	0.217	0.227	0.097	0.262	0.102	0.098	0.097	0.101	0.233	0.091	0.092	0.093	0.093	0.098	0.093	0.093	0.092	0.094	0.092	0.094	0.095	0.092
38:00:37	19.1	0.092	0.095	0.093	0.093	0.095	0.092	0.093	0.092	0.092	0.092	0.095	0.093	0.091	0.095	0.096	0.096	0.099	0.259	0.098	0.098	0.246	0.247	0.248	0.094	0.093	0.197	0.243	0.243	0.253	0.104	0.275	0.106	0.232	0.095	0.106	0.092	0.091	0.095	0.231	0.097	0.094	0.101	0.105	0.278	0.105	0.237	0.239	0.092	0.091	0.094	0.096	0.221	0.261	0.264	0.095	0.110	0.233	0.107	0.109	0.092	0.093	0.200	0.213	0.098	0.098	0.099	0.266	0.097	0.229	0.236	0.101	0.091	0.091	0.096	0.230	0.240	0.097	0.275	0.101	0.098	0.098	0.101	0.244	0.091	0.092	0.093	0.093	0.096	0.093	0.093	0.092	0.094	0.093	0.094	0.095	0.092
39:00:40	19.1	0.092	0.094	0.092	0.093	0.094	0.092	0.092	0.092	0.092	0.092	0.094	0.092	0.091	0.095	0.095	0.096	0.099	0.274	0.098	0.098	0.256	0.258	0.259	0.094	0.093	0.210	0.255	0.257	0.266	0.102	0.285	0.105	0.242	0.095	0.105	0.092	0.091	0.095	0.243	0.096	0.094	0.101	0.104	0.289	0.105	0.246	0.250	0.092	0.091	0.094	0.096	0.234	0.274	0.274	0.096	0.110	0.244	0.107	0.109	0.092	0.092	0.213	0.223	0.098	0.097	0.099	0.279	0.096	0.238	0.246	0.100	0.091	0.091	0.096	0.243	0.254	0.097	0.287	0.101	0.098	0.097	0.101	0.256	0.091	0.092	0.093	0.093	0.101	0.093	0.093	0.092	0.094	0.092	0.094	0.095	0.092
40:00:40	19.2	0.092	0.095	0.093	0.093	0.095	0.092	0.092	0.092	0.091	0.092	0.094	0.092	0.091	0.095	0.096	0.096	0.099	0.289	0.098	0.098	0.267	0.271	0.271	0.094	0.093	0.224	0.268	0.271	0.279	0.101	0.297	0.106	0.252	0.095	0.106	0.092	0.091	0.095	0.257	0.096	0.094	0.101	0.104	0.300	0.106	0.256	0.261	0.092	0.091	0.094	0.096	0.246	0.285	0.285	0.095	0.109	0.254	0.106	0.109	0.092	0.092	0.227	0.235	0.098	0.097	0.099	0.292	0.096	0.248	0.256	0.101	0.091	0.091	0.097	0.256	0.269	0.097	0.300	0.101	0.098	0.098	0.101	0.267	0.091	0.092	0.093	0.093	0.096	0.093	0.093	0.092	0.094	0.093	0.094	0.095	0.092
41:00:40	19.2	0.092	0.095	0.092	0.093	0.095	0.092	0.092	0.092	0.092	0.092	0.095	0.092	0.091	0.095	0.095	0.096	0.098	0.304	0.098	0.098	0.278	0.282	0.282	0.094	0.093	0.238	0.281	0.285	0.291	0.101	0.308	0.105	0.262	0.095	0.106	0.092	0.091	0.095	0.269	0.096	0.094	0.100	0.104	0.311	0.106	0.266	0.272	0.092	0.091	0.094	0.096	0.258	0.297	0.297	0.095	0.109	0.264	0.106	0.108	0.092	0.092	0.242	0.248	0.098	0.097	0.098	0.304	0.096	0.257	0.266	0.101	0.091	0.091	0.096	0.270	0.283	0.097	0.312	0.101	0.098	0.098	0.101	0.279	0.091	0.092	0.093	0.093	0.100	0.093	0.093	0.092	0.094	0.092	0.094	0.095	0.092
42:00:41	19.2	0.092	0.095	0.092	0.093	0.095	0.092	0.093	0.092	0.092	0.092	0.094	0.092	0.091	0.095	0.095	0.096	0.099	0.318	0.098	0.097	0.289	0.295	0.293	0.094	0.093	0.254	0.294	0.300	0.304	0.102	0.321	0.106	0.272	0.096	0.106	0.092	0.092	0.095	0.282	0.096	0.094	0.100	0.104	0.322	0.106	0.277	0.283	0.092	0.091	0.094	0.096	0.270	0.309	0.308	0.095	0.109	0.274	0.106	0.108	0.092	0.092	0.258	0.261	0.098	0.097	0.099	0.318	0.096	0.268	0.276	0.101	0.092	0.091	0.097	0.283	0.297	0.097	0.324	0.101	0.098	0.098	0.101	0.291	0.091	0.092	0.093	0.093	0.096	0.093	0.093	0.093	0.094	0.092	0.094	0.095	0.092
43:00:43	19.1	0.092	0.095	0.092	0.093	0.095	0.092	0.093	0.092	0.092	0.092	0.094	0.093	0.091	0.095	0.096	0.096	0.098	0.333	0.098	0.097	0.301	0.307	0.303	0.094	0.093	0.269	0.306	0.314	0.319	0.101	0.331	0.106	0.283	0.095	0.105	0.092	0.091	0.095	0.294	0.096	0.094	0.100	0.104	0.334	0.106	0.287	0.294	0.092	0.091	0.094	0.096	0.282	0.321	0.318	0.095	0.109	0.284	0.106	0.108	0.092	0.092	0.272	0.278	0.098	0.097	0.099	0.332	0.096	0.276	0.287	0.101	0.091	0.091	0.096	0.296	0.311	0.097	0.336	0.101	0.098	0.098	0.101	0.304	0.091	0.092	0.093	0.094	0.098	0.093	0.093	0.093	0.094	0.093	0.094	0.095	0.093
44:00:45	19.1	0.092	0.096	0.093	0.093	0.094	0.092	0.093	0.092	0.092	0.092	0.096	0.093	0.091	0.095	0.095	0.096	0.099	0.345	0.098	0.098	0.311	0.318	0.314	0.094	0.093	0.284	0.319	0.328	0.330	0.103	0.342	0.107	0.295	0.095	0.106	0.092	0.092	0.095	0.306	0.096	0.094	0.100	0.104	0.345	0.106	0.297	0.305	0.092	0.092	0.094	0.096	0.295	0.333	0.329	0.095	0.109	0.295	0.106	0.108	0.092	0.093	0.287	0.294	0.098	0.097	0.099	0.344	0.097	0.286	0.297	0.101	0.092	0.092	0.096	0.309	0.322	0.097	0.349	0.101	0.098	0.098	0.101	0.316	0.091	0.092	0.093	0.093	0.096	0.093	0.093	0.093	0.094	0.093	0.094	0.095	0.093
45:00:45	19.0	0.092	0.095	0.093	0.093	0.094	0.092	0.092	0.092	0.092	0.092	0.095	0.093	0.091	0.095	0.095	0.096	0.099	0.357	0.098	0.097	0.322	0.327	0.325	0.094	0.093	0.299	0.332	0.341	0.344	0.103	0.354	0.107	0.305	0.096	0.105	0.092	0.092	0.095	0.320	0.096	0.094	0.100	0.103	0.356	0.106	0.308	0.315	0.092	0.092	0.094	0.096	0.310	0.345	0.340	0.095	0.109	0.305	0.106	0.108	0.092	0.092	0.303	0.312	0.098	0.097	0.098	0.357	0.097	0.296	0.308	0.101	0.092	0.092	0.097	0.320	0.335	0.097	0.361	0.101	0.098	0.098	0.101	0.328	0.091	0.092	0.093	0.094	0.096	0.093	0.093	0.092	0.094	0.093	0.094	0.095	0.093
46:00:46	18.9	0.092	0.095	0.093	0.093	0.095	0.092	0.093	0.092	0.092	0.092	0.095	0.092	0.091	0.095	0.096	0.096	0.099	0.369	0.098	0.097	0.330	0.337	0.336	0.094	0.093	0.314	0.343	0.354	0.353	0.102	0.364	0.107	0.316	0.095	0.105	0.092	0.092	0.095	0.332	0.096	0.094	0.099	0.104	0.368	0.106	0.317	0.326	0.092	0.092	0.094	0.096	0.324	0.357	0.352	0.095	0.109	0.315	0.106	0.108	0.092	0.092	0.317	0.330	0.098	0.097	0.098	0.370	0.097	0.306	0.318	0.101	0.092	0.092	0.096	0.332	0.346	0.097	0.373	0.100	0.098	0.098	0.101	0.339	0.091	0.092	0.093	0.094	0.100	0.093	0.093	0.093	0.094	0.093	0.094	0.095	0.092
47:00:46	19.0	0.092	0.095	0.093	0.093	0.095	0.092	0.092	0.092	0.092	0.092	0.094	0.092	0.091	0.095	0.096	0.096	0.099	0.378	0.098	0.097	0.339	0.347	0.345	0.094	0.093	0.328	0.355	0.366	0.365	0.102	0.375	0.108	0.324	0.096	0.105	0.092	0.092	0.095	0.344	0.096	0.094	0.099	0.103	0.378	0.106	0.328	0.334	0.092	0.092	0.094	0.096	0.339	0.368	0.361	0.095	0.109	0.325	0.105	0.108	0.092	0.092	0.330	0.345	0.098	0.097	0.098	0.381	0.096	0.316	0.328	0.101	0.092	0.091	0.097	0.343	0.358	0.097	0.386	0.101	0.098	0.098	0.101	0.348	0.091	0.092	0.093	0.093	0.100	0.093	0.093	0.092	0.094	0.093	0.094	0.095	0.092
48:00:47	19.0	0.092	0.094	0.093	0.093	0.095	0.092	0.093	0.092	0.092	0.092	0.095	0.092	0.091	0.094	0.095	0.096	0.098	0.392	0.098	0.097	0.350	0.357	0.357	0.094	0.093	0.342	0.366	0.378	0.375	0.103	0.385	0.108	0.334	0.095	0.105	0.092	0.092	0.095	0.357	0.096	0.094	0.099	0.103	0.388	0.106	0.338	0.345	0.092	0.092	0.094	0.096	0.354	0.378	0.373	0.095	0.109	0.336	0.105	0.108	0.092	0.092	0.341	0.362	0.098	0.097	0.098	0.394	0.097	0.327	0.337	0.100	0.092	0.092	0.096	0.354	0.368	0.097	0.396	0.100	0.098	0.098	0.101	0.358	0.091	0.092	0.093	0.094	0.100	0.093	0.093	0.092	0.094	0.093	0.095	0.095	0.092
49:00:48	19.1	0.092	0.095	0.093	0.093	0.095	0.092	0.093	0.092	0.092	0.092	0.095	0.093	0.092	0.095	0.095	0.096	0.098	0.402	0.097	0.097	0.358	0.367	0.366	0.094	0.093	0.353	0.379	0.387	0.386	0.103	0.396	0.108	0.343	0.095	0.106	0.092	0.092	0.095	0.368	0.096	0.094	0.099	0.103	0.399	0.106	0.349	0.354	0.092	0.093	0.094	0.096	0.368	0.389	0.382	0.095	0.109	0.345	0.105	0.107	0.092	0.092	0.353	0.376	0.098	0.097	0.098	0.404	0.097	0.337	0.347	0.100	0.092	0.091	0.096	0.365	0.378	0.097	0.408	0.100	0.098	0.098	0.101	0.369	0.091	0.092	0.093	0.094	0.100	0.093	0.093	0.093	0.094	0.093	0.094	0.095	0.093
50:00:48	19.2	0.092	0.094	0.092	0.093	0.094	0.092	0.092	0.092	0.092	0.092	0.095	0.093	0.092	0.095	0.095	0.096	0.098	0.414	0.097	0.097	0.368	0.376	0.376	0.094	0.093	0.365	0.390	0.398	0.396	0.103	0.406	0.108	0.353	0.095	0.105	0.092	0.091	0.095	0.380	0.096	0.094	0.098	0.103	0.409	0.105	0.358	0.364	0.091	0.094	0.094	0.095	0.382	0.400	0.392	0.095	0.108	0.356	0.105	0.107	0.092	0.092	0.364	0.391	0.098	0.097	0.099	0.415	0.096	0.346	0.356	0.100	0.091	0.091	0.097	0.377	0.389	0.097	0.419	0.101	0.098	0.097	0.100	0.380	0.091	0.092	0.093	0.093	0.096	0.093	0.093	0.093	0.094	0.092	0.094	0.095	0.092
51:00:50	19.2	0.092	0.094	0.093	0.093	0.094	0.092	0.093	0.092	0.092	0.092	0.095	0.093	0.092	0.094	0.095	0.096	0.098	0.425	0.097	0.097	0.376	0.386	0.386	0.094	0.093	0.375	0.402	0.409	0.405	0.103	0.415	0.108	0.363	0.095	0.105	0.092	0.092	0.095	0.392	0.096	0.094	0.099	0.104	0.418	0.105	0.367	0.373	0.092	0.095	0.094	0.096	0.395	0.410	0.405	0.095	0.108	0.366	0.105	0.107	0.092	0.092	0.375	0.404	0.098	0.097	0.099	0.425	0.097	0.355	0.366	0.100	0.092	0.091	0.096	0.389	0.399	0.098	0.431	0.101	0.098	0.097	0.100	0.390	0.091	0.092	0.093	0.094	0.100	0.093	0.093	0.093	0.094	0.093	0.094	0.095	0.092
52:00:50	19.3	0.092	0.095	0.093	0.093	0.095	0.092	0.093	0.092	0.092	0.092	0.096	0.093	0.092	0.095	0.095	0.096	0.098	0.436	0.098	0.097	0.385	0.395	0.394	0.094	0.093	0.386	0.413	0.420	0.415	0.102	0.426	0.109	0.371	0.096	0.105	0.092	0.092	0.095	0.404	0.096	0.094	0.099	0.104	0.428	0.106	0.376	0.383	0.092	0.096	0.094	0.096	0.406	0.420	0.414	0.096	0.108	0.375	0.104	0.107	0.092	0.092	0.386	0.415	0.098	0.097	0.099	0.434	0.096	0.365	0.375	0.100	0.092	0.092	0.096	0.401	0.411	0.097	0.443	0.101	0.098	0.097	0.100	0.401	0.092	0.092	0.093	0.094	0.101	0.093	0.093	0.092	0.094	0.093	0.094	0.095	0.093
53:00:52	19.3	0.092	0.094	0.092	0.093	0.095	0.092	0.093	0.092	0.092	0.093	0.095	0.093	0.092	0.095	0.095	0.096	0.098	0.448	0.097	0.097	0.393	0.403	0.403	0.094	0.093	0.396	0.421	0.428	0.426	0.102	0.434	0.109	0.381	0.095	0.105	0.092	0.092	0.095	0.414	0.096	0.094	0.099	0.104	0.439	0.105	0.386	0.392	0.092	0.097	0.094	0.096	0.418	0.428	0.425	0.096	0.109	0.385	0.104	0.107	0.092	0.093	0.396	0.427	0.098	0.097	0.099	0.444	0.096	0.374	0.384	0.100	0.092	0.092	0.097	0.412	0.420	0.098	0.453	0.102	0.098	0.097	0.100	0.411	0.091	0.093	0.093	0.094	0.100	0.093	0.093	0.092	0.094	0.093	0.094	0.095	0.092
54:00:53	19.3	0.092	0.094	0.092	0.093	0.095	0.092	0.093	0.092	0.092	0.092	0.096	0.093	0.092	0.095	0.095	0.096	0.098	0.457	0.097	0.097	0.401	0.412	0.412	0.094	0.093	0.405	0.434	0.438	0.435	0.101	0.443	0.110	0.389	0.096	0.105	0.092	0.092	0.095	0.424	0.097	0.094	0.099	0.104	0.448	0.105	0.395	0.402	0.092	0.098	0.094	0.095	0.427	0.438	0.435	0.096	0.108	0.394	0.104	0.107	0.092	0.092	0.406	0.436	0.098	0.097	0.099	0.455	0.097	0.382	0.392	0.100	0.092	0.092	0.097	0.423	0.429	0.098	0.463	0.101	0.099	0.097	0.100	0.422	0.091	0.093	0.093	0.094	0.100	0.093	0.093	0.093	0.094	0.093	0.094	0.095	0.093
55:00:54	19.3	0.092	0.094	0.092	0.093	0.094	0.092	0.093	0.092	0.092	0.092	0.095	0.092	0.091	0.095	0.095	0.096	0.098	0.466	0.097	0.096	0.409	0.419	0.419	0.094	0.093	0.413	0.442	0.447	0.444	0.100	0.452	0.111	0.397	0.095	0.105	0.092	0.092	0.095	0.435	0.097	0.094	0.099	0.105	0.458	0.105	0.404	0.410	0.092	0.100	0.094	0.096	0.437	0.449	0.444	0.096	0.108	0.402	0.104	0.106	0.092	0.092	0.415	0.448	0.098	0.097	0.099	0.461	0.096	0.391	0.400	0.099	0.092	0.092	0.096	0.434	0.438	0.098	0.473	0.101	0.098	0.097	0.099	0.429	0.091	0.092	0.093	0.094	0.101	0.093	0.093	0.092	0.094	0.093	0.094	0.095	0.093
56:00:55	19.3	0.092	0.094	0.093	0.093	0.094	0.092	0.093	0.092	0.092	0.092	0.095	0.093	0.092	0.095	0.095	0.096	0.098	0.475	0.097	0.097	0.416	0.425	0.426	0.094	0.093	0.423	0.457	0.455	0.454	0.101	0.461	0.111	0.404	0.096	0.105	0.092	0.092	0.095	0.446	0.098	0.094	0.099	0.105	0.467	0.105	0.413	0.419	0.092	0.101	0.094	0.095	0.447	0.459	0.454	0.096	0.108	0.412	0.103	0.106	0.092	0.092	0.424	0.457	0.098	0.097	0.099	0.473	0.097	0.400	0.410	0.099	0.091	0.092	0.097	0.446	0.449	0.098	0.483	0.102	0.098	0.097	0.100	0.440	0.091	0.092	0.093	0.094	0.100	0.093	0.093	0.093	0.094	0.093	0.094	0.095	0.092
57:00:55	19.3	0.092	0.094	0.092	0.093	0.094	0.092	0.093	0.092	0.092	0.092	0.095	0.092	0.092	0.095	0.095	0.096	0.098	0.484	0.097	0.097	0.423	0.433	0.434	0.094	0.093	0.432	0.464	0.465	0.461	0.102	0.470	0.113	0.412	0.095	0.105	0.092	0.091	0.095	0.456	0.099	0.094	0.099	0.106	0.477	0.105	0.422	0.428	0.092	0.102	0.095	0.095	0.457	0.469	0.465	0.096	0.108	0.420	0.103	0.106	0.092	0.092	0.435	0.466	0.098	0.097	0.099	0.482	0.096	0.407	0.417	0.099	0.091	0.091	0.096	0.457	0.460	0.098	0.493	0.102	0.098	0.097	0.099	0.447	0.091	0.092	0.093	0.094	0.096	0.093	0.093	0.092	0.094	0.093	0.094	0.095	0.092
58:00:56	19.4	0.092	0.094	0.092	0.093	0.095	0.092	0.093	0.092	0.092	0.092	0.096	0.093	0.091	0.095	0.095	0.096	0.098	0.493	0.098	0.097	0.428	0.439	0.441	0.094	0.093	0.441	0.474	0.474	0.472	0.101	0.478	0.114	0.419	0.095	0.104	0.092	0.092	0.094	0.465	0.101	0.094	0.100	0.107	0.487	0.105	0.429	0.438	0.092	0.104	0.094	0.096	0.467	0.480	0.475	0.096	0.109	0.429	0.103	0.105	0.092	0.092	0.444	0.476	0.098	0.097	0.100	0.492	0.096	0.415	0.426	0.099	0.092	0.092	0.096	0.467	0.469	0.098	0.501	0.104	0.098	0.097	0.099	0.455	0.091	0.092	0.094	0.094	0.101	0.093	0.093	0.093	0.094	0.092	0.094	0.095	0.093
59:00:57	19.4	0.092	0.094	0.093	0.093	0.095	0.092	0.093	0.092	0.092	0.092	0.095	0.093	0.092	0.094	0.095	0.096	0.098	0.503	0.098	0.097	0.436	0.447	0.448	0.094	0.093	0.450	0.485	0.483	0.481	0.102	0.488	0.116	0.425	0.095	0.104	0.092	0.092	0.095	0.474	0.103	0.094	0.101	0.108	0.498	0.105	0.438	0.445	0.092	0.105	0.094	0.095	0.477	0.490	0.484	0.096	0.109	0.437	0.102	0.105	0.092	0.092	0.452	0.487	0.098	0.097	0.101	0.503	0.097	0.423	0.434	0.099	0.092	0.091	0.096	0.477	0.479	0.099	0.511	0.104	0.098	0.097	0.099	0.463	0.091	0.092	0.093	0.094	0.100	0.093	0.093	0.093	0.094	0.093	0.095	0.095	0.093
60:00:58	19.4	0.092	0.093	0.093	0.093	0.094	0.092	0.093	0.092	0.092	0.092	0.096	0.093	0.092	0.094	0.095	0.096	0.098	0.511	0.098	0.097	0.443	0.453	0.454	0.094	0.093	0.459	0.494	0.493	0.491	0.102	0.498	0.118	0.433	0.095	0.104	0.092	0.092	0.094	0.484	0.107	0.094	0.101	0.109	0.508	0.104	0.446	0.454	0.092	0.107	0.094	0.096	0.487	0.500	0.494	0.096	0.109	0.445	0.102	0.105	0.092	0.092	0.462	0.497	0.098	0.097	0.101	0.514	0.097	0.432	0.441	0.099	0.092	0.092	0.096	0.486	0.488	0.099	0.520	0.107	0.098	0.097	0.099	0.470	0.091	0.092	0.093	0.094	0.100	0.093	0.093	0.093	0.094	0.093	0.094	0.095	0.093
61:00:59	19.4	0.092	0.094	0.092	0.093	0.095	0.092	0.093	0.092	0.092	0.092	0.096	0.093	0.091	0.096	0.095	0.096	0.099	0.520	0.099	0.097	0.450	0.460	0.462	0.094	0.093	0.467	0.505	0.502	0.500	0.101	0.507	0.120	0.439	0.095	0.104	0.092	0.092	0.095	0.494	0.110	0.095	0.103	0.111	0.517	0.104	0.454	0.462	0.092	0.109	0.094	0.095	0.496	0.509	0.505	0.097	0.109	0.453	0.102	0.105	0.092	0.092	0.470	0.506	0.098	0.097	0.102	0.525	0.097	0.440	0.450	0.098	0.091	0.092	0.096	0.497	0.498	0.099	0.531	0.110	0.098	0.096	0.099	0.478	0.091	0.092	0.093	0.094	0.097	0.093	0.093	0.092	0.094	0.093	0.094	0.095	0.092
62:01:00	19.4	0.092	0.093	0.092	0.093	0.094	0.092	0.092	0.092	0.092	0.092	0.096	0.093	0.091	0.094	0.095	0.095	0.099	0.528	0.099	0.098	0.455	0.468	0.471	0.094	0.093	0.475	0.511	0.510	0.508	0.102	0.515	0.122	0.447	0.095	0.104	0.092	0.091	0.094	0.503	0.114	0.095	0.104	0.113	0.525	0.104	0.462	0.470	0.092	0.111	0.094	0.095	0.504	0.519	0.513	0.097	0.110	0.460	0.102	0.104	0.092	0.092	0.479	0.515	0.098	0.097	0.104	0.533	0.097	0.446	0.457	0.098	0.091	0.091	0.096	0.506	0.507	0.099	0.540	0.114	0.098	0.097	0.098	0.485	0.091	0.092	0.093	0.094	0.096	0.093	0.093	0.092	0.094	0.093	0.094	0.095	0.092
63:01:02	19.4	0.092	0.094	0.092	0.093	0.094	0.092	0.092	0.092	0.092	0.092	0.096	0.092	0.091	0.095	0.095	0.096	0.099	0.538	0.101	0.098	0.462	0.474	0.477	0.094	0.093	0.483	0.520	0.521	0.516	0.101	0.523	0.125	0.452	0.095	0.104	0.092	0.091	0.094	0.511	0.119	0.095	0.107	0.116	0.535	0.104	0.470	0.479	0.092	0.114	0.094	0.095	0.513	0.527	0.524	0.098	0.110	0.468	0.102	0.104	0.092	0.092	0.487	0.524	0.098	0.097	0.105	0.542	0.097	0.454	0.465	0.098	0.091	0.091	0.096	0.516	0.518	0.100	0.548	0.119	0.098	0.096	0.099	0.494	0.091	0.092	0.093	0.093	0.100	0.093	0.093	0.092	0.094	0.093	0.094	0.095	0.092
64:01:03	19.4	0.092	0.094	0.092	0.093	0.094	0.092	0.093	0.092	0.092	0.092	0.096	0.093	0.091	0.095	0.095	0.096	0.101	0.546	0.102	0.099	0.469	0.482	0.484	0.094	0.093	0.490	0.529	0.530	0.524	0.102	0.532	0.128	0.461	0.095	0.104	0.092	0.092	0.094	0.520	0.124	0.095	0.110	0.120	0.545	0.104	0.475	0.487	0.092	0.117	0.094	0.095	0.522	0.537	0.532	0.100	0.111	0.477	0.102	0.104	0.092	0.092	0.496	0.534	0.098	0.097	0.108	0.553	0.098	0.461	0.473	0.098	0.091	0.092	0.097	0.526	0.527	0.101	0.556	0.125	0.098	0.097	0.099	0.501	0.091	0.092	0.093	0.094	0.099	0.093	0.093	0.093	0.094	0.093	0.094	0.095	0.093
65:01:03	19.4	0.092	0.094	0.092	0.093	0.095	0.092	0.093	0.092	0.092	0.092	0.096	0.093	0.091	0.095	0.095	0.096	0.101	0.557	0.104	0.100	0.477	0.489	0.492	0.094	0.093	0.497	0.537	0.539	0.534	0.101	0.541	0.131	0.467	0.096	0.104	0.092	0.092	0.095	0.529	0.129	0.095	0.114	0.123	0.554	0.104	0.483	0.495	0.092	0.119	0.094	0.095	0.530	0.546	0.542	0.102	0.112	0.484	0.101	0.104	0.092	0.093	0.505	0.543	0.098	0.097	0.111	0.562	0.098	0.468	0.481	0.098	0.092	0.092	0.096	0.534	0.535	0.102	0.566	0.130	0.098	0.097	0.099	0.510	0.091	0.092	0.093	0.094	0.100	0.093	0.093	0.093	0.094	0.093	0.094	0.095	0.093
66:01:03	19.5	0.092	0.094	0.092	0.093	0.094	0.092	0.093	0.092	0.092	0.092	0.096	0.093	0.091	0.095	0.095	0.096	0.102	0.565	0.106	0.101	0.481	0.494	0.498	0.094	0.093	0.505	0.545	0.550	0.543	0.103	0.550	0.133	0.473	0.095	0.104	0.092	0.091	0.094	0.536	0.133	0.095	0.118	0.127	0.563	0.104	0.488	0.504	0.092	0.122	0.094	0.095	0.540	0.556	0.549	0.103	0.113	0.491	0.101	0.104	0.092	0.092	0.512	0.555	0.098	0.097	0.114	0.572	0.099	0.475	0.488	0.098	0.091	0.092	0.096	0.542	0.545	0.103	0.576	0.137	0.098	0.096	0.099	0.514	0.091	0.092	0.093	0.094	0.100	0.093	0.093	0.092	0.094	0.093	0.094	0.095	0.093
67:01:04	19.5	0.092	0.094	0.092	0.093	0.094	0.092	0.092	0.092	0.092	0.092	0.094	0.092	0.091	0.095	0.095	0.096	0.103	0.573	0.108	0.102	0.487	0.501	0.504	0.094	0.093	0.511	0.552	0.560	0.552	0.101	0.559	0.137	0.481	0.095	0.103	0.092	0.091	0.094	0.544	0.138	0.096	0.123	0.131	0.572	0.103	0.493	0.511	0.091	0.126	0.094	0.095	0.550	0.567	0.557	0.106	0.114	0.497	0.101	0.104	0.092	0.092	0.519	0.567	0.098	0.098	0.118	0.582	0.100	0.480	0.494	0.098	0.091	0.092	0.096	0.550	0.554	0.105	0.585	0.142	0.099	0.096	0.099	0.522	0.091	0.092	0.093	0.094	0.100	0.093	0.093	0.092	0.094	0.093	0.094	0.095	0.092
68:01:05	19.5	0.092	0.094	0.092	0.093	0.095	0.092	0.093	0.092	0.092	0.092	0.095	0.092	0.091	0.095	0.095	0.097	0.105	0.581	0.111	0.104	0.493	0.506	0.510	0.094	0.093	0.519	0.562	0.570	0.562	0.104	0.568	0.139	0.486	0.096	0.104	0.092	0.092	0.095	0.554	0.142	0.096	0.129	0.135	0.580	0.103	0.501	0.517	0.092	0.131	0.094	0.096	0.560	0.577	0.566	0.109	0.115	0.503	0.101	0.104	0.092	0.092	0.526	0.577	0.098	0.099	0.122	0.591	0.102	0.487	0.500	0.098	0.092	0.092	0.096	0.557	0.560	0.108	0.595	0.148	0.099	0.096	0.099	0.529	0.091	0.092	0.093	0.094	0.100	0.093	0.093	0.093	0.094	0.093	0.094	0.095	0.092
69:01:06	19.5	0.092	0.094	0.092	0.093	0.095	0.092	0.093	0.092	0.092	0.092	0.096	0.092	0.092	0.095	0.095	0.098	0.107	0.588	0.114	0.107	0.498	0.514	0.516	0.094	0.093	0.525	0.568	0.578	0.570	0.103	0.576	0.142	0.493	0.096	0.103	0.092	0.091	0.095	0.563	0.146	0.097	0.135	0.138	0.589	0.103	0.507	0.525	0.092	0.137	0.094	0.096	0.569	0.586	0.574	0.113	0.117	0.511	0.101	0.104	0.092	0.093	0.533	0.587	0.098	0.101	0.127	0.600	0.104	0.493	0.507	0.098	0.092	0.091	0.096	0.565	0.570	0.111	0.604	0.153	0.099	0.096	0.099	0.535	0.091	0.092	0.093	0.094	0.099	0.093	0.093	0.092	0.094	0.093	0.094	0.095	0.092
70:01:07	19.5	0.092	0.094	0.093	0.093	0.094	0.092	0.092	0.092	0.092	0.092	0.095	0.093	0.091	0.096	0.095	0.098	0.109	0.597	0.117	0.111	0.503	0.519	0.523	0.094	0.093	0.533	0.578	0.588	0.579	0.106	0.586	0.145	0.497	0.095	0.103	0.092	0.091	0.095	0.571	0.150	0.098	0.140	0.142	0.598	0.103	0.514	0.533	0.092	0.143	0.094	0.096	0.576	0.595	0.582	0.117	0.120	0.517	0.100	0.103	0.092	0.092	0.540	0.596	0.099	0.103	0.132	0.608	0.108	0.498	0.513	0.098	0.092	0.092	0.096	0.572	0.578	0.115	0.612	0.157	0.099	0.096	0.100	0.543	0.091	0.092	0.093	0.094	0.100	0.093	0.093	0.092	0.094	0.093	0.094	0.095	0.092
71:01:08	19.5	0.092	0.094	0.093	0.093	0.095	0.092	0.093	0.092	0.092	0.092	0.095	0.093	0.091	0.095	0.095	0.100	0.113	0.604	0.122	0.116	0.508	0.525	0.529	0.094	0.093	0.541	0.585	0.596	0.587	0.108	0.594	0.147	0.504	0.096	0.103	0.092	0.092	0.095	0.581	0.154	0.099	0.145	0.145	0.605	0.103	0.522	0.542	0.092	0.150	0.095	0.096	0.586	0.604	0.590	0.122	0.123	0.525	0.101	0.104	0.092	0.092	0.548	0.604	0.099	0.106	0.136	0.616	0.112	0.504	0.520	0.098	0.092	0.092	0.096	0.581	0.585	0.119	0.622	0.162	0.099	0.096	0.100	0.550	0.091	0.092	0.093	0.094	0.101	0.093	0.093	0.093	0.094	0.093	0.094	0.095	0.093
72:01:09	19.5	0.092	0.094	0.092	0.093	0.095	0.092	0.093	0.092	0.092	0.092	0.095	0.092	0.091	0.096	0.095	0.102	0.116	0.611	0.127	0.122	0.514	0.531	0.535	0.094	0.093	0.548	0.593	0.604	0.596	0.111	0.603	0.150	0.508	0.096	0.103	0.092	0.091	0.095	0.589	0.157	0.100	0.149	0.148	0.613	0.103	0.529	0.549	0.092	0.157	0.094	0.097	0.593	0.614	0.597	0.126	0.126	0.532	0.100	0.103	0.092	0.092	0.555	0.613	0.100	0.110	0.140	0.625	0.118	0.510	0.526	0.098	0.092	0.092	0.096	0.589	0.593	0.123	0.629	0.165	0.100	0.096	0.101	0.556	0.091	0.092	0.093	0.094	0.099	0.093	0.093	0.092	0.094	0.093	0.094	0.095	0.092

