Time	T° 600	A1	A2	A3	A4	A5	A6	A7	A8	A9	A10	A11	A12	B1	B2	B3	B4	B5	B6	B7	B8	B9	B10	B11	B12	C1	C2	C3	C4	C5	C6	C7	C8	C9	C10	C11	C12	D1	D2	D3	D4	D5	D6	D7	D8	D9	D10	D11	D12	E1	E2	E3	E4	E5	E6	E7	E8	E9	E10	E11	E12	F1	F2	F3	F4	F5	F6	F7	F8	F9	F10	F11	F12	G1	G2	G3	G4	G5	G6	G7	G8	G9	G10	G11	G12	H1	H2	H3	H4	H5	H6	H7	H8	H9	H10	H11	H12
0:00:06	18.8	0.091	0.092	0.091	0.093	0.092	0.091	0.091	0.091	0.091	0.091	0.093	0.093	0.091	0.095	0.096	0.097	0.096	0.098	0.098	0.099	0.098	0.099	0.099	0.093	0.092	0.096	0.096	0.097	0.097	0.098	0.098	0.100	0.100	0.102	0.099	0.093	0.093	0.096	0.097	0.099	0.095	0.097	0.095	0.099	0.097	0.100	0.097	0.093	0.094	0.099	0.099	0.101	0.100	0.095	0.097	0.096	0.097	0.097	0.095	0.092	0.093	0.098	0.100	0.098	0.097	0.097	0.100	0.100	0.097	0.098	0.096	0.092	0.091	0.096	0.098	0.095	0.095	0.098	0.098	0.098	0.100	0.097	0.096	0.092	0.095	0.094	0.094	0.092	0.091	0.091	0.092	0.092	0.092	0.093	0.092	0.092
1:00:04	19.2	0.091	0.092	0.092	0.094	0.093	0.092	0.092	0.091	0.092	0.092	0.093	0.093	0.091	0.097	0.097	0.097	0.097	0.100	0.099	0.100	0.099	0.100	0.099	0.094	0.092	0.098	0.096	0.098	0.099	0.100	0.099	0.100	0.101	0.102	0.101	0.094	0.093	0.098	0.097	0.098	0.095	0.098	0.096	0.099	0.097	0.101	0.099	0.094	0.094	0.101	0.098	0.101	0.101	0.096	0.098	0.096	0.098	0.099	0.098	0.092	0.094	0.100	0.102	0.100	0.099	0.099	0.102	0.101	0.098	0.099	0.098	0.092	0.092	0.097	0.100	0.097	0.097	0.100	0.099	0.099	0.101	0.098	0.097	0.092	0.095	0.094	0.094	0.092	0.092	0.092	0.092	0.093	0.093	0.093	0.093	0.092
2:00:05	19.3	0.091	0.092	0.092	0.094	0.093	0.092	0.092	0.091	0.092	0.092	0.094	0.094	0.091	0.097	0.098	0.097	0.097	0.101	0.100	0.101	0.101	0.100	0.102	0.094	0.092	0.098	0.097	0.100	0.101	0.101	0.101	0.101	0.102	0.103	0.102	0.094	0.093	0.099	0.097	0.099	0.095	0.099	0.096	0.100	0.098	0.102	0.100	0.094	0.094	0.100	0.099	0.101	0.102	0.096	0.099	0.096	0.100	0.100	0.099	0.092	0.094	0.101	0.103	0.101	0.100	0.101	0.102	0.103	0.099	0.100	0.099	0.092	0.092	0.098	0.101	0.098	0.097	0.101	0.100	0.099	0.102	0.098	0.097	0.092	0.095	0.094	0.094	0.092	0.092	0.092	0.093	0.093	0.093	0.093	0.093	0.092
3:00:06	19.3	0.092	0.093	0.092	0.094	0.094	0.093	0.092	0.092	0.093	0.093	0.094	0.094	0.091	0.098	0.100	0.098	0.098	0.104	0.101	0.102	0.104	0.101	0.104	0.095	0.093	0.099	0.098	0.102	0.104	0.103	0.102	0.102	0.103	0.106	0.104	0.095	0.093	0.101	0.097	0.099	0.096	0.101	0.097	0.101	0.099	0.102	0.102	0.094	0.095	0.101	0.101	0.102	0.105	0.097	0.101	0.097	0.102	0.101	0.100	0.093	0.094	0.102	0.105	0.102	0.102	0.104	0.103	0.105	0.101	0.101	0.100	0.092	0.093	0.099	0.103	0.100	0.098	0.102	0.101	0.099	0.103	0.099	0.098	0.092	0.095	0.095	0.095	0.093	0.093	0.092	0.094	0.093	0.094	0.094	0.094	0.093
4:00:08	19.3	0.091	0.093	0.092	0.094	0.093	0.093	0.092	0.092	0.092	0.093	0.094	0.094	0.091	0.098	0.103	0.098	0.098	0.106	0.101	0.102	0.106	0.100	0.108	0.095	0.092	0.099	0.098	0.105	0.106	0.103	0.102	0.103	0.104	0.110	0.103	0.095	0.093	0.103	0.097	0.099	0.096	0.101	0.097	0.103	0.099	0.103	0.102	0.095	0.095	0.101	0.103	0.102	0.107	0.097	0.104	0.097	0.105	0.101	0.101	0.092	0.094	0.105	0.104	0.102	0.102	0.107	0.104	0.107	0.101	0.102	0.101	0.092	0.092	0.098	0.103	0.103	0.098	0.103	0.101	0.100	0.102	0.099	0.098	0.092	0.095	0.095	0.095	0.092	0.093	0.092	0.093	0.093	0.094	0.094	0.094	0.092
5:00:08	19.3	0.092	0.093	0.092	0.094	0.094	0.093	0.093	0.092	0.093	0.093	0.094	0.094	0.092	0.098	0.108	0.099	0.098	0.112	0.102	0.102	0.111	0.101	0.113	0.095	0.092	0.099	0.098	0.111	0.112	0.103	0.102	0.103	0.104	0.115	0.104	0.095	0.093	0.107	0.098	0.100	0.096	0.101	0.097	0.107	0.100	0.103	0.102	0.094	0.095	0.101	0.108	0.103	0.112	0.097	0.109	0.097	0.111	0.102	0.101	0.093	0.094	0.110	0.105	0.103	0.102	0.112	0.104	0.112	0.102	0.101	0.101	0.092	0.092	0.099	0.103	0.108	0.099	0.102	0.101	0.100	0.103	0.100	0.098	0.093	0.096	0.095	0.095	0.093	0.093	0.093	0.094	0.093	0.094	0.094	0.094	0.093
6:00:08	19.2	0.092	0.093	0.092	0.094	0.094	0.093	0.093	0.092	0.093	0.093	0.094	0.094	0.092	0.099	0.116	0.099	0.099	0.121	0.102	0.103	0.121	0.101	0.124	0.095	0.093	0.099	0.098	0.120	0.121	0.103	0.101	0.102	0.104	0.127	0.105	0.095	0.093	0.115	0.098	0.100	0.096	0.101	0.097	0.115	0.100	0.103	0.103	0.095	0.095	0.101	0.115	0.103	0.122	0.098	0.117	0.097	0.121	0.103	0.102	0.093	0.094	0.119	0.105	0.104	0.102	0.122	0.104	0.121	0.101	0.101	0.101	0.092	0.093	0.099	0.104	0.116	0.099	0.102	0.102	0.100	0.103	0.100	0.098	0.092	0.096	0.095	0.095	0.093	0.093	0.093	0.093	0.093	0.094	0.094	0.094	0.093
7:00:11	19.2	0.092	0.093	0.093	0.095	0.094	0.093	0.093	0.092	0.093	0.093	0.094	0.095	0.092	0.099	0.131	0.100	0.099	0.138	0.102	0.104	0.140	0.101	0.141	0.095	0.093	0.099	0.098	0.134	0.140	0.104	0.102	0.102	0.105	0.147	0.105	0.095	0.093	0.128	0.098	0.101	0.097	0.101	0.098	0.128	0.100	0.103	0.104	0.095	0.095	0.101	0.129	0.105	0.139	0.098	0.132	0.098	0.140	0.103	0.102	0.093	0.094	0.134	0.107	0.104	0.103	0.142	0.104	0.136	0.103	0.102	0.102	0.093	0.093	0.099	0.104	0.131	0.099	0.102	0.103	0.100	0.104	0.100	0.099	0.093	0.096	0.095	0.095	0.093	0.093	0.093	0.094	0.094	0.094	0.094	0.094	0.093
8:00:11	19.1	0.092	0.093	0.093	0.094	0.094	0.093	0.093	0.092	0.093	0.093	0.094	0.095	0.091	0.099	0.156	0.100	0.099	0.169	0.102	0.104	0.170	0.102	0.171	0.095	0.092	0.099	0.099	0.165	0.172	0.105	0.102	0.103	0.105	0.182	0.105	0.095	0.093	0.148	0.098	0.101	0.097	0.101	0.098	0.151	0.100	0.104	0.103	0.095	0.095	0.102	0.152	0.105	0.170	0.098	0.158	0.098	0.170	0.103	0.101	0.093	0.094	0.160	0.108	0.104	0.104	0.177	0.105	0.163	0.102	0.103	0.103	0.092	0.093	0.099	0.105	0.158	0.099	0.104	0.103	0.101	0.104	0.100	0.099	0.093	0.095	0.095	0.095	0.093	0.093	0.093	0.094	0.093	0.094	0.094	0.094	0.093
9:00:13	19.1	0.092	0.093	0.093	0.094	0.094	0.093	0.093	0.093	0.093	0.093	0.094	0.095	0.092	0.099	0.193	0.101	0.100	0.213	0.103	0.104	0.212	0.102	0.212	0.095	0.093	0.100	0.099	0.219	0.218	0.106	0.104	0.104	0.106	0.232	0.107	0.095	0.094	0.186	0.098	0.102	0.097	0.102	0.098	0.186	0.100	0.105	0.104	0.095	0.095	0.102	0.187	0.105	0.210	0.098	0.199	0.098	0.215	0.104	0.102	0.093	0.094	0.200	0.108	0.104	0.105	0.227	0.106	0.208	0.103	0.103	0.103	0.092	0.093	0.099	0.106	0.199	0.100	0.106	0.103	0.101	0.105	0.101	0.099	0.093	0.096	0.095	0.095	0.093	0.093	0.093	0.094	0.093	0.094	0.094	0.094	0.093
10:00:13	19.0	0.092	0.093	0.093	0.095	0.094	0.093	0.093	0.093	0.093	0.093	0.095	0.095	0.092	0.099	0.224	0.101	0.100	0.249	0.103	0.104	0.247	0.102	0.249	0.095	0.093	0.100	0.099	0.243	0.259	0.107	0.104	0.105	0.106	0.268	0.107	0.095	0.094	0.219	0.098	0.101	0.097	0.104	0.099	0.218	0.101	0.106	0.103	0.095	0.095	0.102	0.222	0.107	0.246	0.098	0.227	0.098	0.244	0.103	0.103	0.093	0.094	0.235	0.108	0.105	0.106	0.265	0.106	0.243	0.103	0.104	0.104	0.092	0.093	0.099	0.108	0.222	0.100	0.106	0.103	0.101	0.106	0.101	0.099	0.093	0.096	0.095	0.095	0.093	0.093	0.093	0.094	0.094	0.094	0.094	0.094	0.093
11:00:14	18.9	0.092	0.093	0.093	0.095	0.094	0.093	0.093	0.092	0.093	0.093	0.095	0.095	0.092	0.099	0.258	0.101	0.100	0.301	0.104	0.105	0.292	0.102	0.302	0.095	0.093	0.099	0.099	0.265	0.319	0.107	0.105	0.107	0.106	0.313	0.109	0.095	0.094	0.253	0.098	0.101	0.097	0.105	0.099	0.248	0.101	0.106	0.104	0.095	0.095	0.102	0.249	0.105	0.286	0.099	0.258	0.098	0.284	0.103	0.104	0.093	0.094	0.277	0.108	0.107	0.108	0.295	0.107	0.285	0.104	0.106	0.104	0.092	0.093	0.100	0.106	0.267	0.100	0.106	0.103	0.101	0.107	0.101	0.099	0.093	0.096	0.095	0.095	0.093	0.093	0.093	0.093	0.093	0.094	0.094	0.094	0.093
12:00:15	18.9	0.092	0.093	0.093	0.094	0.094	0.093	0.093	0.092	0.093	0.093	0.094	0.095	0.091	0.099	0.290	0.102	0.100	0.355	0.103	0.105	0.362	0.102	0.358	0.095	0.093	0.099	0.099	0.324	0.369	0.105	0.103	0.107	0.107	0.344	0.107	0.095	0.093	0.301	0.098	0.101	0.097	0.104	0.100	0.317	0.101	0.106	0.105	0.095	0.095	0.102	0.282	0.104	0.341	0.099	0.315	0.098	0.348	0.103	0.105	0.093	0.095	0.319	0.109	0.108	0.106	0.361	0.107	0.334	0.105	0.106	0.105	0.093	0.093	0.099	0.105	0.284	0.100	0.108	0.104	0.102	0.107	0.101	0.100	0.093	0.096	0.095	0.095	0.093	0.093	0.093	0.094	0.093	0.094	0.094	0.094	0.093
13:00:16	18.8	0.092	0.094	0.092	0.095	0.094	0.093	0.093	0.093	0.093	0.093	0.095	0.095	0.092	0.099	0.337	0.102	0.101	0.380	0.103	0.106	0.383	0.103	0.388	0.095	0.093	0.100	0.099	0.364	0.390	0.105	0.103	0.106	0.108	0.361	0.106	0.096	0.094	0.354	0.098	0.102	0.098	0.105	0.100	0.361	0.101	0.106	0.107	0.095	0.095	0.102	0.326	0.104	0.377	0.099	0.342	0.099	0.371	0.104	0.105	0.093	0.095	0.363	0.110	0.109	0.106	0.385	0.107	0.371	0.107	0.107	0.105	0.093	0.093	0.100	0.105	0.321	0.100	0.108	0.104	0.102	0.108	0.102	0.100	0.093	0.096	0.095	0.095	0.093	0.093	0.093	0.094	0.094	0.094	0.094	0.094	0.093
14:00:17	18.8	0.092	0.093	0.093	0.095	0.094	0.093	0.093	0.092	0.093	0.093	0.095	0.095	0.092	0.099	0.375	0.103	0.101	0.421	0.103	0.107	0.417	0.102	0.425	0.095	0.093	0.100	0.099	0.404	0.415	0.105	0.103	0.106	0.109	0.398	0.107	0.095	0.093	0.377	0.098	0.102	0.098	0.105	0.100	0.390	0.101	0.107	0.108	0.095	0.095	0.102	0.365	0.104	0.413	0.099	0.380	0.099	0.406	0.105	0.105	0.093	0.094	0.389	0.111	0.109	0.107	0.426	0.107	0.411	0.107	0.107	0.104	0.093	0.093	0.100	0.106	0.361	0.101	0.107	0.104	0.102	0.108	0.101	0.100	0.093	0.096	0.095	0.095	0.093	0.093	0.093	0.094	0.094	0.094	0.094	0.094	0.093
15:00:18	18.7	0.093	0.094	0.093	0.095	0.094	0.094	0.094	0.093	0.093	0.093	0.095	0.095	0.092	0.100	0.455	0.104	0.102	0.469	0.104	0.109	0.486	0.103	0.515	0.095	0.093	0.100	0.099	0.469	0.491	0.106	0.105	0.106	0.111	0.423	0.108	0.096	0.094	0.450	0.098	0.102	0.098	0.105	0.101	0.434	0.102	0.107	0.109	0.095	0.095	0.102	0.421	0.105	0.458	0.100	0.454	0.099	0.493	0.108	0.106	0.093	0.095	0.462	0.112	0.107	0.107	0.467	0.108	0.469	0.107	0.108	0.104	0.093	0.093	0.100	0.106	0.417	0.101	0.107	0.104	0.102	0.108	0.102	0.101	0.093	0.096	0.095	0.095	0.093	0.093	0.093	0.094	0.094	0.094	0.094	0.094	0.093
16:00:18	18.8	0.092	0.094	0.093	0.095	0.094	0.094	0.093	0.093	0.093	0.094	0.095	0.095	0.092	0.100	0.436	0.104	0.102	0.487	0.105	0.109	0.489	0.103	0.517	0.095	0.093	0.100	0.099	0.453	0.496	0.106	0.105	0.107	0.111	0.449	0.108	0.095	0.094	0.438	0.098	0.102	0.099	0.105	0.101	0.488	0.102	0.108	0.108	0.095	0.096	0.102	0.451	0.106	0.452	0.099	0.462	0.100	0.514	0.110	0.107	0.093	0.095	0.468	0.112	0.106	0.108	0.469	0.107	0.462	0.107	0.108	0.104	0.093	0.093	0.100	0.106	0.454	0.101	0.107	0.105	0.103	0.109	0.102	0.101	0.093	0.096	0.095	0.095	0.093	0.093	0.093	0.094	0.094	0.094	0.094	0.094	0.093
17:00:20	18.9	0.092	0.093	0.093	0.095	0.094	0.094	0.093	0.093	0.093	0.093	0.095	0.095	0.092	0.100	0.454	0.105	0.102	0.485	0.105	0.107	0.489	0.104	0.505	0.095	0.093	0.100	0.099	0.474	0.483	0.107	0.106	0.107	0.111	0.459	0.110	0.095	0.094	0.451	0.098	0.102	0.099	0.106	0.102	0.463	0.102	0.107	0.107	0.095	0.095	0.103	0.474	0.106	0.472	0.100	0.477	0.100	0.480	0.109	0.107	0.093	0.094	0.467	0.112	0.106	0.109	0.470	0.107	0.464	0.108	0.109	0.105	0.093	0.093	0.100	0.107	0.471	0.102	0.107	0.106	0.103	0.110	0.103	0.101	0.093	0.096	0.095	0.095	0.093	0.093	0.093	0.094	0.094	0.094	0.094	0.094	0.094
18:00:21	19.2	0.092	0.094	0.093	0.095	0.094	0.093	0.093	0.092	0.093	0.093	0.095	0.095	0.092	0.100	0.501	0.105	0.102	0.516	0.105	0.106	0.506	0.103	0.518	0.095	0.093	0.100	0.099	0.507	0.506	0.107	0.107	0.108	0.112	0.498	0.113	0.095	0.094	0.489	0.098	0.102	0.099	0.108	0.102	0.500	0.103	0.107	0.107	0.095	0.095	0.102	0.516	0.107	0.486	0.100	0.509	0.100	0.506	0.109	0.106	0.093	0.095	0.505	0.113	0.105	0.108	0.500	0.108	0.493	0.108	0.110	0.106	0.093	0.093	0.100	0.108	0.526	0.102	0.108	0.106	0.103	0.110	0.103	0.102	0.093	0.096	0.095	0.095	0.093	0.093	0.093	0.094	0.093	0.094	0.094	0.094	0.094
19:00:21	19.3	0.093	0.094	0.093	0.095	0.094	0.094	0.093	0.092	0.093	0.093	0.095	0.095	0.092	0.100	0.564	0.106	0.103	0.570	0.105	0.107	0.571	0.104	0.583	0.095	0.093	0.100	0.099	0.560	0.561	0.108	0.107	0.109	0.112	0.561	0.113	0.095	0.094	0.535	0.098	0.102	0.099	0.108	0.103	0.572	0.103	0.108	0.108	0.095	0.095	0.102	0.571	0.108	0.537	0.100	0.558	0.100	0.573	0.109	0.107	0.093	0.095	0.564	0.114	0.107	0.108	0.548	0.108	0.570	0.109	0.111	0.107	0.092	0.093	0.100	0.109	0.589	0.102	0.108	0.107	0.103	0.111	0.103	0.102	0.093	0.096	0.095	0.095	0.093	0.093	0.093	0.094	0.094	0.094	0.094	0.094	0.093
20:00:22	19.4	0.093	0.094	0.093	0.095	0.094	0.094	0.094	0.093	0.094	0.093	0.095	0.095	0.092	0.100	0.625	0.107	0.103	0.634	0.105	0.107	0.633	0.104	0.646	0.095	0.093	0.100	0.099	0.618	0.623	0.109	0.107	0.109	0.114	0.629	0.113	0.095	0.094	0.596	0.098	0.102	0.099	0.108	0.104	0.628	0.103	0.109	0.109	0.095	0.096	0.103	0.633	0.108	0.597	0.101	0.622	0.101	0.642	0.108	0.107	0.093	0.095	0.631	0.115	0.107	0.109	0.619	0.109	0.648	0.109	0.112	0.108	0.093	0.093	0.101	0.110	0.649	0.103	0.109	0.109	0.104	0.110	0.104	0.102	0.093	0.096	0.095	0.095	0.094	0.093	0.094	0.094	0.094	0.094	0.094	0.095	0.093
21:00:24	19.8	0.092	0.094	0.093	0.095	0.094	0.093	0.093	0.092	0.093	0.093	0.095	0.095	0.092	0.100	0.684	0.107	0.103	0.686	0.106	0.106	0.689	0.104	0.708	0.095	0.093	0.100	0.099	0.669	0.672	0.109	0.108	0.110	0.113	0.690	0.113	0.095	0.094	0.651	0.098	0.102	0.100	0.108	0.104	0.685	0.104	0.109	0.110	0.095	0.096	0.103	0.683	0.109	0.655	0.100	0.682	0.101	0.701	0.108	0.107	0.093	0.095	0.691	0.116	0.108	0.110	0.683	0.109	0.706	0.109	0.113	0.108	0.093	0.093	0.100	0.111	0.684	0.102	0.110	0.109	0.103	0.111	0.104	0.103	0.093	0.096	0.095	0.095	0.093	0.093	0.093	0.094	0.093	0.094	0.094	0.094	0.093
22:00:25	20.2	0.093	0.094	0.093	0.095	0.094	0.094	0.093	0.093	0.093	0.093	0.095	0.095	0.092	0.100	0.742	0.108	0.104	0.737	0.106	0.106	0.744	0.105	0.770	0.095	0.093	0.100	0.099	0.726	0.722	0.110	0.108	0.110	0.114	0.749	0.113	0.095	0.094	0.710	0.099	0.102	0.100	0.108	0.106	0.748	0.104	0.109	0.111	0.095	0.096	0.103	0.737	0.109	0.719	0.101	0.745	0.101	0.759	0.108	0.108	0.093	0.095	0.753	0.118	0.109	0.110	0.748	0.111	0.761	0.110	0.115	0.108	0.093	0.093	0.101	0.110	0.754	0.102	0.111	0.109	0.104	0.112	0.105	0.103	0.093	0.096	0.095	0.095	0.093	0.093	0.093	0.094	0.094	0.094	0.094	0.094	0.093
23:00:26	20.5	0.093	0.094	0.093	0.095	0.094	0.093	0.093	0.093	0.093	0.093	0.095	0.095	0.092	0.100	0.815	0.110	0.104	0.792	0.106	0.107	0.806	0.105	0.845	0.095	0.093	0.100	0.099	0.786	0.779	0.110	0.107	0.109	0.114	0.820	0.114	0.096	0.094	0.771	0.098	0.102	0.100	0.107	0.107	0.812	0.105	0.109	0.112	0.095	0.095	0.103	0.806	0.109	0.783	0.101	0.813	0.102	0.823	0.109	0.108	0.093	0.095	0.813	0.120	0.109	0.110	0.809	0.111	0.826	0.110	0.117	0.108	0.093	0.093	0.101	0.110	0.825	0.103	0.111	0.109	0.105	0.112	0.105	0.103	0.093	0.096	0.095	0.095	0.093	0.093	0.093	0.094	0.093	0.094	0.094	0.094	0.093
24:00:26	20.7	0.093	0.094	0.093	0.095	0.094	0.094	0.093	0.093	0.093	0.093	0.095	0.095	0.092	0.101	0.685	0.111	0.105	0.707	0.106	0.108	0.752	0.105	0.801	0.096	0.093	0.101	0.099	0.693	0.844	0.111	0.108	0.109	0.114	0.842	0.114	0.095	0.094	0.833	0.099	0.103	0.100	0.107	0.108	0.895	0.105	0.110	0.113	0.095	0.096	0.103	0.806	0.109	0.853	0.102	0.861	0.102	0.866	0.110	0.108	0.093	0.095	0.901	0.122	0.110	0.112	0.762	0.112	0.857	0.111	0.119	0.109	0.092	0.093	0.101	0.111	0.900	0.103	0.111	0.110	0.105	0.112	0.106	0.104	0.093	0.096	0.095	0.095	0.093	0.093	0.093	0.094	0.094	0.094	0.094	0.094	0.093
25:00:28	20.7	0.093	0.094	0.093	0.095	0.094	0.094	0.094	0.093	0.093	0.094	0.095	0.095	0.092	0.101	0.888	0.113	0.106	0.877	0.107	0.109	0.995	0.106	1.020	0.095	0.093	0.101	0.099	0.863	0.910	0.112	0.109	0.110	0.115	1.001	0.116	0.096	0.094	0.963	0.099	0.103	0.101	0.109	0.109	0.957	0.106	0.111	0.115	0.095	0.096	0.103	0.897	0.109	0.955	0.102	1.032	0.103	1.004	0.111	0.109	0.093	0.095	1.079	0.122	0.110	0.111	1.040	0.113	1.070	0.111	0.121	0.110	0.093	0.093	0.101	0.111	1.044	0.104	0.110	0.110	0.106	0.114	0.107	0.105	0.093	0.096	0.095	0.095	0.093	0.093	0.094	0.094	0.094	0.094	0.094	0.094	0.094
26:00:28	20.4	0.093	0.094	0.093	0.095	0.094	0.094	0.093	0.093	0.093	0.093	0.095	0.095	0.092	0.101	1.058	0.114	0.107	1.065	0.108	0.109	1.038	0.106	1.059	0.096	0.093	0.101	0.099	1.049	1.048	0.113	0.109	0.111	0.116	1.063	0.117	0.095	0.094	1.064	0.099	0.104	0.101	0.108	0.110	1.056	0.107	0.111	0.116	0.095	0.096	0.103	1.064	0.109	1.067	0.103	1.094	0.103	1.070	0.111	0.110	0.093	0.095	1.111	0.124	0.110	0.112	1.091	0.114	1.076	0.111	0.123	0.110	0.093	0.093	0.101	0.111	1.106	0.104	0.111	0.111	0.106	0.114	0.108	0.105	0.093	0.096	0.095	0.095	0.094	0.093	0.093	0.094	0.094	0.094	0.094	0.094	0.094
27:00:29	20.1	0.093	0.094	0.093	0.095	0.094	0.094	0.094	0.093	0.093	0.094	0.095	0.095	0.092	0.101	1.074	0.116	0.108	1.076	0.109	0.110	1.045	0.107	1.064	0.095	0.093	0.101	0.100	1.065	1.052	0.114	0.110	0.111	0.116	1.071	0.117	0.096	0.094	1.073	0.099	0.104	0.102	0.109	0.112	1.058	0.107	0.112	0.116	0.095	0.096	0.104	1.071	0.110	1.063	0.103	1.099	0.104	1.079	0.112	0.110	0.093	0.095	1.097	0.126	0.111	0.113	1.100	0.115	1.080	0.112	0.126	0.109	0.093	0.093	0.101	0.112	1.086	0.105	0.112	0.112	0.107	0.115	0.108	0.106	0.093	0.096	0.095	0.095	0.093	0.093	0.093	0.094	0.094	0.094	0.094	0.094	0.094
28:00:30	19.9	0.093	0.094	0.093	0.095	0.094	0.094	0.093	0.093	0.094	0.093	0.095	0.095	0.092	0.101	1.078	0.117	0.109	1.081	0.109	0.111	1.054	0.108	1.072	0.095	0.093	0.101	0.100	1.073	1.056	0.115	0.111	0.111	0.117	1.080	0.118	0.096	0.094	1.084	0.099	0.105	0.102	0.110	0.114	1.067	0.108	0.113	0.117	0.095	0.095	0.104	1.073	0.111	1.069	0.104	1.105	0.105	1.085	0.113	0.110	0.093	0.095	1.105	0.127	0.113	0.113	1.107	0.115	1.084	0.113	0.128	0.109	0.093	0.093	0.101	0.113	1.080	0.106	0.113	0.113	0.107	0.116	0.109	0.107	0.093	0.096	0.095	0.095	0.094	0.093	0.094	0.094	0.094	0.094	0.094	0.094	0.093
29:00:31	19.6	0.093	0.094	0.093	0.095	0.094	0.094	0.094	0.093	0.094	0.093	0.095	0.095	0.092	0.101	1.085	0.119	0.110	1.086	0.110	0.112	1.061	0.108	1.079	0.095	0.093	0.101	0.100	1.080	1.065	0.117	0.111	0.112	0.118	1.089	0.117	0.096	0.094	1.096	0.099	0.105	0.103	0.111	0.116	1.082	0.109	0.113	0.116	0.095	0.096	0.104	1.082	0.111	1.082	0.104	1.116	0.106	1.094	0.115	0.110	0.093	0.095	1.116	0.128	0.114	0.115	1.119	0.116	1.094	0.114	0.131	0.110	0.093	0.093	0.101	0.113	1.087	0.106	0.114	0.114	0.108	0.117	0.110	0.107	0.093	0.096	0.095	0.096	0.093	0.093	0.093	0.094	0.094	0.094	0.094	0.094	0.094
30:00:31	19.5	0.093	0.094	0.093	0.095	0.094	0.094	0.093	0.093	0.093	0.094	0.095	0.095	0.092	0.102	1.091	0.121	0.111	1.093	0.111	0.113	1.071	0.109	1.090	0.096	0.093	0.101	0.100	1.089	1.075	0.118	0.112	0.113	0.119	1.100	0.118	0.096	0.094	1.109	0.099	0.106	0.103	0.111	0.119	1.097	0.110	0.114	0.115	0.095	0.096	0.104	1.090	0.113	1.096	0.105	1.128	0.107	1.103	0.116	0.111	0.093	0.095	1.129	0.130	0.114	0.116	1.130	0.117	1.105	0.116	0.135	0.110	0.093	0.093	0.101	0.113	1.097	0.107	0.114	0.115	0.109	0.118	0.111	0.108	0.093	0.096	0.095	0.095	0.093	0.093	0.093	0.094	0.094	0.094	0.094	0.094	0.093
31:00:33	19.5	0.093	0.094	0.093	0.095	0.094	0.094	0.093	0.093	0.093	0.093	0.095	0.095	0.092	0.102	1.098	0.123	0.112	1.103	0.112	0.114	1.084	0.110	1.104	0.095	0.093	0.102	0.100	1.097	1.085	0.119	0.112	0.114	0.119	1.112	0.118	0.096	0.094	1.123	0.099	0.106	0.104	0.112	0.121	1.108	0.112	0.114	0.115	0.095	0.096	0.104	1.102	0.113	1.109	0.106	1.140	0.107	1.115	0.117	0.111	0.093	0.095	1.142	0.132	0.115	0.118	1.143	0.118	1.120	0.117	0.138	0.110	0.093	0.093	0.101	0.114	1.110	0.107	0.115	0.117	0.109	0.118	0.112	0.109	0.093	0.096	0.095	0.095	0.093	0.093	0.093	0.094	0.094	0.094	0.094	0.094	0.093
32:00:33	19.5	0.093	0.094	0.093	0.095	0.094	0.094	0.094	0.093	0.093	0.094	0.095	0.095	0.092	0.102	1.106	0.126	0.113	1.121	0.112	0.115	1.099	0.111	1.118	0.096	0.093	0.102	0.100	1.102	1.099	0.120	0.112	0.115	0.120	1.123	0.120	0.096	0.094	1.136	0.100	0.107	0.105	0.113	0.125	1.120	0.113	0.115	0.116	0.095	0.096	0.105	1.115	0.114	1.118	0.107	1.152	0.109	1.132	0.118	0.112	0.093	0.095	1.155	0.135	0.116	0.119	1.154	0.119	1.164	0.118	0.141	0.111	0.093	0.093	0.101	0.115	1.125	0.109	0.116	0.118	0.110	0.120	0.114	0.110	0.093	0.096	0.095	0.095	0.094	0.093	0.093	0.094	0.094	0.094	0.095	0.095	0.094
33:00:34	19.5	0.093	0.094	0.093	0.095	0.094	0.094	0.094	0.093	0.094	0.094	0.095	0.095	0.092	0.102	1.114	0.129	0.114	1.126	0.113	0.116	1.117	0.111	1.134	0.096	0.093	0.102	0.101	1.112	1.107	0.122	0.113	0.116	0.121	1.139	0.121	0.096	0.094	1.143	0.100	0.108	0.106	0.113	0.129	1.128	0.114	0.115	0.119	0.095	0.096	0.105	1.121	0.115	1.130	0.108	1.166	0.111	1.170	0.119	0.113	0.093	0.095	1.163	0.138	0.116	0.120	1.164	0.121	1.149	0.119	0.146	0.111	0.093	0.093	0.102	0.116	1.136	0.109	0.118	0.120	0.111	0.121	0.115	0.110	0.093	0.096	0.095	0.095	0.093	0.093	0.093	0.094	0.094	0.094	0.094	0.094	0.093
34:00:35	19.5	0.093	0.094	0.093	0.095	0.094	0.094	0.094	0.093	0.094	0.093	0.095	0.095	0.092	0.102	1.120	0.133	0.116	1.145	0.113	0.116	1.079	0.113	1.084	0.096	0.093	0.102	0.100	1.113	1.121	0.122	0.114	0.117	0.123	1.165	0.123	0.096	0.094	1.152	0.100	0.109	0.107	0.113	0.134	1.136	0.115	0.116	0.121	0.095	0.096	0.105	1.132	0.117	1.141	0.109	1.193	0.113	1.151	0.120	0.114	0.093	0.095	1.172	0.142	0.118	0.122	1.178	0.123	1.160	0.120	0.151	0.111	0.093	0.093	0.102	0.117	1.140	0.110	0.119	0.122	0.111	0.122	0.116	0.111	0.093	0.096	0.095	0.095	0.093	0.093	0.094	0.094	0.094	0.094	0.094	0.094	0.094
35:00:36	19.5	0.093	0.094	0.093	0.095	0.094	0.094	0.094	0.093	0.094	0.094	0.095	0.095	0.093	0.102	1.127	0.137	0.118	1.154	0.115	0.117	1.119	0.114	1.126	0.096	0.093	0.103	0.100	1.120	1.130	0.123	0.115	0.119	0.125	1.109	0.125	0.096	0.094	1.158	0.100	0.110	0.108	0.115	0.140	1.143	0.117	0.117	0.120	0.095	0.096	0.106	1.138	0.118	1.170	0.110	1.216	0.115	1.162	0.121	0.115	0.093	0.095	1.177	0.146	0.120	0.124	1.186	0.126	1.162	0.123	0.156	0.112	0.093	0.094	0.102	0.120	1.148	0.111	0.121	0.124	0.113	0.124	0.117	0.112	0.093	0.096	0.095	0.096	0.094	0.094	0.094	0.094	0.094	0.095	0.094	0.095	0.094
36:00:36	19.5	0.093	0.094	0.093	0.095	0.094	0.094	0.093	0.093	0.093	0.093	0.095	0.095	0.092	0.102	1.129	0.142	0.120	1.159	0.116	0.118	1.136	0.115	1.152	0.095	0.093	0.102	0.100	1.129	1.143	0.124	0.115	0.121	0.127	1.123	0.126	0.096	0.094	1.161	0.100	0.111	0.109	0.116	0.147	1.148	0.119	0.118	0.122	0.095	0.096	0.106	1.140	0.119	1.132	0.112	1.168	0.117	1.156	0.122	0.115	0.093	0.095	1.180	0.151	0.121	0.126	1.190	0.128	1.159	0.124	0.163	0.112	0.093	0.093	0.102	0.121	1.155	0.111	0.122	0.126	0.114	0.126	0.118	0.112	0.093	0.096	0.095	0.095	0.094	0.093	0.093	0.094	0.094	0.095	0.094	0.094	0.093
37:00:38	19.4	0.093	0.094	0.094	0.095	0.095	0.094	0.094	0.093	0.094	0.094	0.095	0.095	0.093	0.102	1.134	0.148	0.122	1.170	0.117	0.120	1.142	0.117	1.179	0.096	0.094	0.103	0.100	1.142	1.169	0.125	0.116	0.122	0.130	1.141	0.129	0.096	0.094	1.164	0.100	0.112	0.110	0.117	0.156	1.158	0.121	0.119	0.123	0.095	0.096	0.106	1.143	0.121	1.167	0.114	1.181	0.120	1.154	0.124	0.116	0.093	0.095	1.136	0.157	0.122	0.128	1.203	0.131	1.162	0.126	0.170	0.113	0.093	0.093	0.102	0.122	1.165	0.113	0.124	0.128	0.115	0.126	0.120	0.113	0.093	0.096	0.095	0.095	0.094	0.093	0.094	0.094	0.094	0.095	0.094	0.094	0.094
38:00:39	19.4	0.093	0.094	0.093	0.095	0.094	0.094	0.094	0.093	0.094	0.094	0.095	0.095	0.092	0.102	1.138	0.156	0.124	1.191	0.118	0.121	1.146	0.118	1.191	0.096	0.093	0.103	0.100	1.160	1.117	0.127	0.118	0.124	0.132	1.151	0.132	0.096	0.094	1.167	0.100	0.113	0.112	0.118	0.165	1.173	0.124	0.120	0.125	0.095	0.096	0.106	1.149	0.123	1.163	0.116	1.184	0.124	1.155	0.123	0.117	0.093	0.095	1.135	0.163	0.123	0.131	1.201	0.134	1.166	0.129	0.177	0.114	0.093	0.093	0.102	0.124	1.190	0.113	0.125	0.130	0.116	0.128	0.122	0.114	0.093	0.096	0.095	0.095	0.093	0.093	0.093	0.094	0.094	0.094	0.094	0.094	0.094
39:00:39	19.4	0.093	0.094	0.093	0.095	0.095	0.095	0.094	0.093	0.094	0.094	0.095	0.095	0.093	0.103	1.145	0.165	0.128	1.128	0.120	0.123	1.154	0.121	1.198	0.096	0.093	0.103	0.101	1.099	1.148	0.129	0.119	0.126	0.134	1.163	0.135	0.096	0.095	1.174	0.101	0.115	0.114	0.120	0.176	1.144	0.126	0.122	0.127	0.096	0.096	0.107	1.156	0.125	1.162	0.118	1.187	0.128	1.161	0.125	0.118	0.093	0.095	1.199	0.171	0.126	0.135	1.200	0.138	1.175	0.132	0.186	0.115	0.093	0.094	0.103	0.126	1.154	0.115	0.127	0.133	0.117	0.130	0.124	0.115	0.093	0.096	0.095	0.096	0.094	0.093	0.094	0.094	0.094	0.095	0.095	0.094	0.094
40:00:41	19.5	0.093	0.094	0.093	0.096	0.095	0.094	0.094	0.093	0.094	0.094	0.095	0.096	0.093	0.103	1.151	0.174	0.132	1.167	0.121	0.125	1.162	0.124	1.201	0.096	0.094	0.103	0.101	1.134	1.155	0.131	0.120	0.129	0.137	1.170	0.139	0.096	0.094	1.179	0.101	0.116	0.116	0.122	0.186	1.107	0.129	0.124	0.128	0.095	0.096	0.108	1.076	0.127	1.163	0.121	1.196	0.134	1.168	0.126	0.119	0.093	0.095	1.204	0.179	0.127	0.138	1.201	0.142	1.186	0.135	0.194	0.117	0.093	0.094	0.103	0.128	1.169	0.117	0.129	0.136	0.118	0.131	0.126	0.116	0.093	0.096	0.095	0.096	0.094	0.094	0.094	0.094	0.094	0.095	0.094	0.094	0.094
41:00:41	19.6	0.093	0.094	0.093	0.096	0.094	0.094	0.094	0.093	0.093	0.094	0.095	0.095	0.092	0.103	1.167	0.184	0.135	1.173	0.123	0.126	1.170	0.126	1.208	0.096	0.093	0.103	0.101	1.148	1.152	0.134	0.121	0.132	0.141	1.177	0.144	0.096	0.094	1.093	0.101	0.118	0.117	0.123	0.196	1.111	0.131	0.125	0.131	0.095	0.096	0.108	1.118	0.130	1.169	0.125	1.200	0.140	1.178	0.128	0.121	0.093	0.095	1.206	0.189	0.129	0.142	1.208	0.148	1.211	0.139	0.205	0.118	0.093	0.093	0.103	0.130	1.170	0.118	0.131	0.139	0.120	0.133	0.128	0.117	0.093	0.096	0.095	0.096	0.094	0.093	0.093	0.095	0.094	0.095	0.094	0.094	0.094
42:00:43	19.7	0.093	0.094	0.093	0.095	0.094	0.094	0.094	0.093	0.094	0.094	0.095	0.095	0.093	0.103	1.138	0.195	0.140	1.185	0.125	0.128	1.181	0.129	1.215	0.096	0.093	0.104	0.101	1.148	1.156	0.137	0.123	0.134	0.145	1.189	0.149	0.096	0.094	1.119	0.102	0.120	0.119	0.126	0.204	1.148	0.136	0.126	0.133	0.095	0.096	0.108	1.135	0.134	1.173	0.128	1.204	0.149	1.197	0.131	0.122	0.093	0.095	1.218	0.201	0.132	0.146	1.214	0.154	1.217	0.143	0.216	0.120	0.093	0.094	0.104	0.134	1.175	0.120	0.134	0.143	0.122	0.135	0.130	0.118	0.093	0.096	0.095	0.096	0.094	0.093	0.093	0.094	0.094	0.095	0.094	0.094	0.094
43:00:43	20.0	0.093	0.094	0.093	0.095	0.095	0.094	0.094	0.093	0.094	0.093	0.095	0.095	0.092	0.103	1.104	0.205	0.145	1.188	0.127	0.130	1.118	0.132	1.156	0.095	0.093	0.104	0.101	1.148	1.160	0.139	0.125	0.137	0.151	1.209	0.156	0.096	0.094	1.142	0.102	0.124	0.122	0.128	0.224	1.181	0.140	0.128	0.136	0.095	0.096	0.109	1.150	0.138	1.179	0.132	1.214	0.159	1.172	0.134	0.123	0.093	0.095	1.228	0.215	0.135	0.151	1.223	0.162	1.199	0.148	0.229	0.121	0.093	0.093	0.103	0.137	1.181	0.121	0.137	0.149	0.124	0.137	0.133	0.119	0.093	0.096	0.095	0.095	0.093	0.094	0.093	0.094	0.094	0.094	0.094	0.094	0.093
44:00:51	20.3	0.093	0.094	0.093	0.095	0.094	0.094	0.094	0.093	0.093	0.093	0.095	0.095	0.092	0.103	1.132	0.218	0.151	1.196	0.129	0.132	1.146	0.136	1.146	0.095	0.093	0.104	0.101	1.159	1.168	0.143	0.126	0.141	0.157	1.231	0.164	0.096	0.094	1.157	0.102	0.127	0.126	0.131	0.231	1.192	0.146	0.130	0.139	0.095	0.096	0.109	1.157	0.143	1.191	0.137	1.230	0.173	1.205	0.137	0.126	0.093	0.095	1.237	0.232	0.140	0.157	1.238	0.171	1.208	0.155	0.242	0.122	0.093	0.093	0.104	0.142	1.195	0.124	0.140	0.154	0.127	0.140	0.137	0.120	0.093	0.096	0.095	0.095	0.093	0.093	0.093	0.095	0.094	0.094	0.094	0.094	0.093
45:00:44	20.6	0.093	0.094	0.093	0.096	0.094	0.094	0.093	0.093	0.094	0.094	0.095	0.095	0.093	0.104	1.170	0.227	0.157	1.214	0.133	0.135	1.176	0.140	1.181	0.096	0.093	0.105	0.101	1.178	1.184	0.147	0.128	0.146	0.164	1.198	0.173	0.096	0.094	1.165	0.102	0.132	0.131	0.134	0.218	1.203	0.154	0.133	0.143	0.095	0.096	0.111	1.180	0.149	1.214	0.144	1.255	0.189	1.222	0.140	0.129	0.093	0.095	1.249	0.255	0.146	0.164	1.208	0.184	1.234	0.164	0.257	0.125	0.093	0.094	0.105	0.148	1.210	0.127	0.144	0.159	0.131	0.144	0.140	0.122	0.093	0.096	0.095	0.096	0.094	0.093	0.093	0.094	0.094	0.095	0.095	0.095	0.094
46:00:45	20.8	0.093	0.094	0.093	0.095	0.095	0.094	0.094	0.093	0.093	0.094	0.095	0.095	0.092	0.104	1.189	0.224	0.166	1.229	0.136	0.138	1.200	0.145	1.207	0.096	0.093	0.105	0.102	1.194	1.202	0.152	0.131	0.152	0.172	1.188	0.184	0.096	0.094	1.203	0.103	0.137	0.135	0.138	0.212	1.216	0.162	0.136	0.148	0.095	0.096	0.111	1.210	0.156	1.213	0.151	1.300	0.208	1.230	0.143	0.131	0.093	0.095	1.267	0.272	0.152	0.173	1.221	0.199	1.241	0.172	0.270	0.127	0.093	0.093	0.105	0.155	1.220	0.130	0.149	0.164	0.134	0.147	0.144	0.124	0.093	0.096	0.095	0.096	0.094	0.093	0.093	0.094	0.094	0.095	0.095	0.094	0.093
47:00:46	21.0	0.093	0.094	0.093	0.095	0.094	0.094	0.094	0.093	0.093	0.094	0.095	0.095	0.092	0.104	1.213	0.211	0.178	1.246	0.140	0.142	1.223	0.152	1.236	0.096	0.093	0.106	0.102	1.212	1.226	0.159	0.134	0.159	0.182	1.219	0.196	0.096	0.094	1.243	0.104	0.145	0.141	0.143	0.228	1.236	0.172	0.141	0.153	0.095	0.096	0.112	1.228	0.163	1.189	0.161	1.267	0.229	1.240	0.147	0.133	0.093	0.095	1.292	0.284	0.158	0.183	1.256	0.218	1.249	0.183	0.277	0.129	0.093	0.093	0.106	0.162	1.235	0.134	0.154	0.172	0.137	0.153	0.149	0.125	0.093	0.096	0.095	0.095	0.094	0.093	0.093	0.094	0.094	0.095	0.094	0.094	0.094
48:00:48	21.0	0.093	0.094	0.093	0.095	0.094	0.094	0.094	0.093	0.093	0.094	0.095	0.095	0.092	0.104	1.240	0.218	0.192	1.265	0.145	0.148	1.250	0.162	1.269	0.096	0.093	0.106	0.102	1.230	1.253	0.167	0.138	0.168	0.193	1.238	0.210	0.096	0.094	1.251	0.104	0.154	0.149	0.148	0.274	1.248	0.184	0.147	0.158	0.095	0.096	0.113	1.241	0.172	1.230	0.174	1.305	0.244	1.247	0.152	0.137	0.093	0.095	1.308	0.286	0.166	0.195	1.289	0.236	1.260	0.196	0.279	0.132	0.093	0.093	0.106	0.170	1.254	0.139	0.160	0.180	0.142	0.158	0.154	0.127	0.093	0.096	0.095	0.095	0.093	0.093	0.093	0.094	0.094	0.094	0.094	0.094	0.094
49:00:48	21.0	0.093	0.094	0.093	0.095	0.094	0.094	0.093	0.093	0.093	0.094	0.095	0.095	0.092	0.105	1.266	0.250	0.209	1.289	0.152	0.154	1.275	0.174	1.299	0.096	0.093	0.106	0.102	1.260	1.285	0.175	0.142	0.178	0.208	1.264	0.226	0.096	0.094	1.264	0.105	0.164	0.158	0.155	0.308	1.268	0.197	0.153	0.165	0.095	0.096	0.115	1.260	0.183	1.252	0.191	1.297	0.259	1.260	0.159	0.141	0.093	0.095	1.330	0.275	0.173	0.207	1.316	0.253	1.275	0.207	0.281	0.134	0.093	0.093	0.106	0.179	1.286	0.145	0.167	0.190	0.148	0.163	0.159	0.129	0.093	0.096	0.095	0.095	0.094	0.093	0.093	0.094	0.094	0.094	0.094	0.094	0.093
50:00:49	20.9	0.093	0.094	0.093	0.096	0.095	0.094	0.094	0.093	0.094	0.093	0.095	0.095	0.092	0.105	1.278	0.283	0.223	1.316	0.158	0.162	1.289	0.191	1.331	0.096	0.093	0.107	0.103	1.289	1.203	0.186	0.147	0.191	0.226	1.292	0.243	0.096	0.094	1.290	0.106	0.176	0.170	0.163	0.324	1.294	0.210	0.160	0.170	0.095	0.096	0.117	1.277	0.195	1.270	0.213	1.309	0.282	1.276	0.167	0.145	0.093	0.095	1.221	0.264	0.183	0.224	1.328	0.274	1.294	0.220	0.286	0.138	0.093	0.093	0.107	0.189	1.325	0.152	0.174	0.201	0.155	0.169	0.166	0.132	0.093	0.096	0.095	0.095	0.094	0.093	0.093	0.095	0.094	0.095	0.095	0.094	0.093
51:00:51	20.6	0.093	0.094	0.093	0.095	0.094	0.094	0.094	0.093	0.093	0.094	0.095	0.095	0.092	0.106	1.292	0.296	0.236	1.352	0.166	0.171	1.309	0.212	1.353	0.096	0.093	0.108	0.103	1.322	1.241	0.198	0.153	0.207	0.243	1.315	0.258	0.096	0.094	1.317	0.108	0.191	0.184	0.171	0.338	1.326	0.225	0.169	0.176	0.095	0.096	0.120	1.294	0.207	1.284	0.235	1.325	0.273	1.293	0.174	0.149	0.093	0.095	1.278	0.272	0.192	0.241	1.339	0.288	1.321	0.232	0.302	0.141	0.093	0.093	0.107	0.198	1.375	0.160	0.183	0.212	0.161	0.175	0.173	0.135	0.093	0.096	0.095	0.095	0.094	0.093	0.093	0.094	0.094	0.095	0.094	0.094	0.093
52:00:52	20.3	0.093	0.094	0.093	0.095	0.094	0.094	0.093	0.093	0.093	0.093	0.095	0.095	0.092	0.106	1.310	0.304	0.247	1.256	0.174	0.181	1.326	0.233	1.373	0.096	0.093	0.109	0.104	1.219	1.280	0.213	0.160	0.225	0.262	1.331	0.272	0.096	0.094	1.333	0.109	0.208	0.198	0.181	0.351	1.356	0.241	0.181	0.184	0.095	0.096	0.122	1.313	0.219	1.296	0.253	1.336	0.269	1.314	0.183	0.153	0.093	0.095	1.307	0.297	0.201	0.257	1.351	0.301	1.352	0.245	0.316	0.144	0.093	0.093	0.107	0.208	1.319	0.168	0.191	0.226	0.168	0.182	0.181	0.137	0.093	0.096	0.095	0.096	0.094	0.094	0.093	0.095	0.094	0.094	0.094	0.094	0.093
53:00:53	20.1	0.093	0.094	0.093	0.095	0.094	0.094	0.093	0.093	0.094	0.094	0.095	0.095	0.093	0.106	1.324	0.314	0.247	1.313	0.182	0.191	1.343	0.248	1.388	0.096	0.093	0.109	0.105	1.268	1.307	0.229	0.168	0.243	0.277	1.345	0.280	0.096	0.094	1.349	0.110	0.225	0.212	0.192	0.386	1.350	0.260	0.193	0.191	0.095	0.096	0.126	1.331	0.233	1.311	0.263	1.344	0.283	1.338	0.193	0.158	0.093	0.095	1.365	0.303	0.213	0.268	1.363	0.308	1.397	0.261	0.328	0.147	0.093	0.093	0.107	0.219	1.335	0.177	0.199	0.241	0.176	0.189	0.189	0.140	0.093	0.096	0.095	0.095	0.093	0.093	0.093	0.094	0.094	0.094	0.094	0.094	0.093
54:00:54	19.9	0.093	0.094	0.094	0.096	0.095	0.094	0.094	0.093	0.094	0.094	0.095	0.095	0.093	0.107	1.339	0.331	0.231	1.329	0.192	0.203	1.363	0.262	1.403	0.096	0.093	0.111	0.106	1.296	1.328	0.244	0.177	0.254	0.293	1.359	0.290	0.096	0.094	1.367	0.112	0.240	0.225	0.204	0.432	1.281	0.273	0.206	0.201	0.095	0.096	0.130	1.257	0.247	1.329	0.266	1.359	0.303	1.367	0.204	0.162	0.093	0.095	1.371	0.305	0.224	0.272	1.379	0.306	1.403	0.274	0.275	0.152	0.093	0.093	0.108	0.229	1.347	0.187	0.209	0.255	0.185	0.197	0.196	0.143	0.093	0.096	0.095	0.096	0.094	0.093	0.094	0.095	0.094	0.095	0.095	0.095	0.094
55:00:53	19.8	0.093	0.094	0.093	0.095	0.095	0.094	0.094	0.093	0.094	0.094	0.095	0.095	0.092	0.108	1.356	0.371	0.223	1.339	0.202	0.214	1.383	0.273	1.419	0.096	0.093	0.111	0.107	1.310	1.335	0.255	0.186	0.264	0.301	1.374	0.301	0.096	0.094	1.383	0.114	0.257	0.235	0.219	0.470	1.290	0.281	0.219	0.210	0.095	0.096	0.135	1.275	0.257	1.346	0.270	1.373	0.319	1.407	0.216	0.167	0.093	0.095	1.379	0.314	0.236	0.276	1.394	0.300	1.345	0.285	0.264	0.156	0.093	0.093	0.108	0.237	1.351	0.197	0.220	0.269	0.195	0.205	0.204	0.146	0.093	0.096	0.095	0.095	0.094	0.093	0.094	0.094	0.094	0.095	0.094	0.094	0.093
56:00:55	19.6	0.093	0.094	0.094	0.095	0.095	0.094	0.094	0.093	0.094	0.094	0.095	0.095	0.093	0.108	1.389	0.417	0.241	1.353	0.214	0.225	1.275	0.263	1.440	0.096	0.094	0.113	0.108	1.325	1.342	0.264	0.196	0.276	0.307	1.394	0.310	0.096	0.094	1.396	0.117	0.270	0.243	0.234	0.509	1.290	0.296	0.234	0.220	0.095	0.096	0.141	1.298	0.265	1.361	0.259	1.383	0.333	1.327	0.229	0.173	0.093	0.095	1.398	0.331	0.247	0.278	1.411	0.309	1.367	0.296	0.267	0.160	0.093	0.094	0.108	0.241	1.360	0.209	0.233	0.282	0.206	0.214	0.212	0.149	0.093	0.096	0.095	0.096	0.094	0.094	0.094	0.095	0.094	0.095	0.094	0.094	0.094
57:00:56	19.5	0.093	0.094	0.094	0.095	0.094	0.094	0.094	0.093	0.094	0.094	0.095	0.095	0.093	0.109	1.263	0.457	0.268	1.366	0.226	0.235	1.307	0.251	1.320	0.096	0.093	0.114	0.109	1.335	1.351	0.272	0.207	0.286	0.319	1.417	0.316	0.096	0.094	1.276	0.120	0.285	0.240	0.250	0.557	1.333	0.296	0.246	0.232	0.095	0.096	0.150	1.320	0.271	1.379	0.248	1.397	0.358	1.349	0.240	0.179	0.093	0.095	1.411	0.356	0.255	0.273	1.431	0.322	1.385	0.302	0.273	0.165	0.093	0.094	0.109	0.239	1.370	0.220	0.244	0.293	0.218	0.224	0.222	0.152	0.093	0.096	0.095	0.095	0.094	0.093	0.094	0.094	0.094	0.095	0.094	0.095	0.093
58:00:57	19.4	0.093	0.094	0.094	0.096	0.095	0.094	0.094	0.093	0.094	0.094	0.095	0.095	0.093	0.110	1.302	0.492	0.279	1.380	0.238	0.245	1.329	0.249	1.348	0.096	0.093	0.116	0.110	1.348	1.365	0.279	0.218	0.292	0.319	1.448	0.309	0.096	0.094	1.321	0.123	0.285	0.227	0.261	0.604	1.373	0.281	0.256	0.241	0.095	0.096	0.159	1.334	0.270	1.401	0.238	1.416	0.386	1.386	0.250	0.187	0.093	0.095	1.424	0.395	0.260	0.256	1.455	0.325	1.407	0.303	0.283	0.170	0.093	0.094	0.110	0.238	1.386	0.232	0.257	0.301	0.230	0.234	0.230	0.156	0.093	0.096	0.095	0.096	0.094	0.093	0.094	0.095	0.094	0.094	0.094	0.094	0.094
59:00:58	19.4	0.093	0.094	0.094	0.096	0.095	0.094	0.094	0.093	0.094	0.094	0.095	0.095	0.092	0.111	1.327	0.525	0.286	1.395	0.251	0.253	1.355	0.262	1.358	0.096	0.093	0.118	0.111	1.362	1.380	0.277	0.229	0.282	0.310	1.349	0.285	0.096	0.094	1.339	0.128	0.280	0.220	0.269	0.648	1.386	0.266	0.262	0.253	0.095	0.096	0.168	1.349	0.262	1.426	0.247	1.438	0.414	1.388	0.260	0.194	0.093	0.095	1.438	0.443	0.264	0.239	1.367	0.332	1.415	0.295	0.296	0.176	0.093	0.093	0.110	0.271	1.406	0.243	0.268	0.305	0.242	0.245	0.241	0.159	0.093	0.096	0.095	0.095	0.094	0.094	0.094	0.095	0.094	0.095	0.094	0.094	0.093
60:00:59	19.4	0.093	0.095	0.094	0.096	0.095	0.094	0.094	0.093	0.094	0.094	0.095	0.095	0.093	0.112	1.353	0.541	0.299	1.413	0.261	0.259	1.381	0.278	1.375	0.096	0.094	0.120	0.113	1.380	1.401	0.275	0.241	0.267	0.296	1.367	0.285	0.096	0.094	1.370	0.133	0.274	0.227	0.277	0.676	1.397	0.271	0.268	0.263	0.096	0.096	0.179	1.363	0.253	1.323	0.265	1.469	0.442	1.398	0.268	0.203	0.093	0.095	1.451	0.475	0.263	0.248	1.379	0.348	1.421	0.287	0.317	0.182	0.093	0.094	0.111	0.276	1.415	0.252	0.276	0.308	0.253	0.254	0.253	0.164	0.093	0.096	0.095	0.096	0.094	0.094	0.093	0.095	0.094	0.095	0.094	0.095	0.093
61:01:00	19.4	0.093	0.094	0.094	0.096	0.095	0.094	0.094	0.093	0.094	0.094	0.095	0.095	0.093	0.112	1.370	0.576	0.317	1.430	0.266	0.264	1.399	0.290	1.393	0.096	0.093	0.122	0.115	1.398	1.417	0.257	0.250	0.270	0.297	1.377	0.282	0.096	0.094	1.380	0.138	0.280	0.247	0.282	0.674	1.406	0.283	0.269	0.274	0.095	0.096	0.191	1.388	0.249	1.350	0.278	1.486	0.472	1.406	0.273	0.210	0.093	0.095	1.463	0.509	0.256	0.265	1.412	0.381	1.430	0.285	0.370	0.189	0.093	0.093	0.112	0.278	1.425	0.259	0.282	0.310	0.259	0.265	0.260	0.168	0.093	0.096	0.095	0.095	0.094	0.093	0.093	0.094	0.094	0.095	0.094	0.094	0.093
62:01:01	19.4	0.093	0.094	0.093	0.096	0.095	0.094	0.094	0.093	0.094	0.094	0.095	0.095	0.092	0.114	1.382	0.624	0.337	1.448	0.272	0.268	1.410	0.308	1.414	0.096	0.093	0.124	0.117	1.410	1.432	0.265	0.258	0.263	0.300	1.397	0.303	0.096	0.094	1.388	0.146	0.290	0.268	0.286	0.739	1.414	0.286	0.267	0.287	0.095	0.096	0.204	1.407	0.259	1.369	0.282	1.502	0.511	1.419	0.276	0.219	0.093	0.095	1.473	0.539	0.245	0.271	1.432	0.408	1.437	0.285	0.427	0.196	0.093	0.093	0.113	0.292	1.435	0.265	0.286	0.312	0.263	0.276	0.264	0.173	0.093	0.096	0.095	0.095	0.094	0.093	0.093	0.095	0.094	0.094	0.094	0.094	0.093
63:01:02	19.4	0.093	0.094	0.094	0.096	0.095	0.094	0.094	0.093	0.094	0.094	0.095	0.096	0.093	0.115	1.404	0.672	0.377	1.460	0.274	0.270	1.421	0.330	1.436	0.096	0.093	0.126	0.121	1.424	1.443	0.271	0.264	0.283	0.305	1.408	0.324	0.096	0.094	1.398	0.155	0.296	0.285	0.285	0.802	1.421	0.293	0.262	0.296	0.096	0.096	0.219	1.421	0.271	1.388	0.292	1.439	0.551	1.426	0.278	0.229	0.093	0.095	1.484	0.572	0.254	0.281	1.445	0.435	1.445	0.304	0.468	0.203	0.093	0.094	0.114	0.318	1.443	0.269	0.290	0.315	0.267	0.286	0.266	0.178	0.093	0.096	0.096	0.096	0.094	0.094	0.094	0.095	0.094	0.095	0.094	0.094	0.094
64:01:03	19.5	0.093	0.094	0.093	0.095	0.095	0.094	0.094	0.093	0.094	0.094	0.095	0.095	0.093	0.117	1.418	0.716	0.426	1.472	0.279	0.276	1.433	0.358	1.451	0.096	0.093	0.130	0.124	1.434	1.457	0.274	0.270	0.308	0.317	1.421	0.343	0.096	0.094	1.409	0.164	0.308	0.301	0.289	0.844	1.432	0.309	0.254	0.301	0.095	0.096	0.235	1.427	0.279	1.399	0.320	1.448	0.590	1.433	0.282	0.237	0.093	0.095	1.494	0.615	0.259	0.297	1.456	0.468	1.453	0.321	0.500	0.211	0.093	0.093	0.115	0.337	1.452	0.270	0.293	0.318	0.269	0.293	0.268	0.184	0.093	0.096	0.095	0.095	0.094	0.093	0.093	0.095	0.094	0.094	0.094	0.094	0.093
65:01:03	19.7	0.093	0.094	0.093	0.096	0.095	0.094	0.094	0.093	0.094	0.094	0.095	0.095	0.093	0.118	1.429	0.780	0.458	1.484	0.282	0.288	1.455	0.390	1.465	0.096	0.094	0.133	0.129	1.444	1.470	0.288	0.272	0.331	0.335	1.429	0.358	0.096	0.094	1.430	0.175	0.328	0.326	0.265	0.880	1.442	0.337	0.263	0.305	0.095	0.096	0.251	1.434	0.293	1.410	0.366	1.458	0.632	1.441	0.283	0.246	0.093	0.095	1.502	0.663	0.264	0.319	1.483	0.494	1.461	0.337	0.534	0.219	0.093	0.094	0.116	0.348	1.464	0.271	0.296	0.320	0.270	0.296	0.268	0.190	0.093	0.096	0.096	0.096	0.094	0.094	0.094	0.095	0.094	0.095	0.095	0.094	0.093
66:01:06	20.0	0.092	0.095	0.094	0.096	0.095	0.094	0.093	0.093	0.094	0.094	0.095	0.095	0.092	0.120	1.433	0.826	0.481	1.497	0.284	0.294	1.467	0.416	1.481	0.096	0.093	0.136	0.134	1.456	1.486	0.310	0.273	0.354	0.360	1.437	0.379	0.096	0.094	1.446	0.187	0.358	0.367	0.261	0.904	1.451	0.379	0.265	0.306	0.095	0.096	0.261	1.440	0.314	1.426	0.395	1.476	0.679	1.452	0.283	0.258	0.093	0.095	1.512	0.720	0.281	0.345	1.496	0.530	1.472	0.354	0.571	0.228	0.093	0.093	0.117	0.363	1.476	0.269	0.299	0.326	0.272	0.298	0.268	0.197	0.093	0.096	0.095	0.095	0.093	0.094	0.093	0.094	0.094	0.094	0.094	0.094	0.093
67:01:06	20.5	0.093	0.094	0.093	0.096	0.095	0.094	0.094	0.093	0.093	0.094	0.095	0.095	0.092	0.122	1.442	0.857	0.508	1.510	0.285	0.274	1.482	0.446	1.495	0.096	0.093	0.141	0.141	1.469	1.503	0.335	0.265	0.383	0.392	1.445	0.427	0.096	0.094	1.456	0.202	0.390	0.401	0.262	0.917	1.459	0.412	0.284	0.306	0.095	0.096	0.266	1.448	0.347	1.438	0.424	1.498	0.735	1.458	0.284	0.270	0.093	0.095	1.524	0.787	0.306	0.384	1.502	0.570	1.482	0.383	0.605	0.240	0.093	0.094	0.119	0.403	1.496	0.258	0.301	0.321	0.274	0.300	0.277	0.203	0.093	0.096	0.095	0.095	0.093	0.093	0.094	0.095	0.094	0.094	0.094	0.094	0.093
68:01:14	21.0	0.093	0.095	0.093	0.096	0.095	0.094	0.094	0.093	0.093	0.094	0.095	0.095	0.092	0.125	1.453	0.878	0.544	1.525	0.273	0.272	1.497	0.481	1.514	0.096	0.093	0.147	0.149	1.483	1.524	0.365	0.254	0.429	0.420	1.461	0.461	0.096	0.094	1.466	0.220	0.418	0.426	0.273	0.923	1.472	0.442	0.311	0.303	0.096	0.096	0.273	1.458	0.386	1.452	0.452	1.515	0.793	1.470	0.291	0.277	0.093	0.095	1.413	0.851	0.336	0.420	1.506	0.606	1.499	0.426	0.645	0.255	0.093	0.094	0.122	0.448	1.510	0.266	0.304	0.316	0.281	0.301	0.289	0.210	0.093	0.096	0.095	0.096	0.094	0.093	0.093	0.094	0.094	0.095	0.094	0.094	0.093
69:01:09	21.4	0.093	0.094	0.093	0.095	0.095	0.094	0.093	0.093	0.093	0.094	0.095	0.095	0.092	0.129	1.468	0.883	0.588	1.543	0.281	0.296	1.509	0.529	1.530	0.096	0.093	0.154	0.159	1.500	1.355	0.406	0.256	0.463	0.451	1.483	0.481	0.096	0.094	1.477	0.237	0.453	0.453	0.294	0.935	1.486	0.461	0.330	0.298	0.095	0.096	0.263	1.473	0.424	1.468	0.495	1.467	0.840	1.482	0.290	0.280	0.093	0.095	1.406	0.906	0.373	0.453	1.518	0.667	1.516	0.457	0.689	0.266	0.093	0.093	0.124	0.480	1.535	0.262	0.296	0.317	0.285	0.302	0.300	0.218	0.093	0.096	0.095	0.096	0.094	0.093	0.093	0.095	0.094	0.094	0.094	0.094	0.093
70:01:08	22.0	0.093	0.094	0.093	0.095	0.094	0.094	0.093	0.093	0.093	0.093	0.095	0.095	0.092	0.132	1.479	0.897	0.649	1.562	0.273	0.321	1.522	0.576	1.551	0.096	0.093	0.162	0.171	1.519	1.401	0.440	0.267	0.498	0.478	1.500	0.517	0.096	0.094	1.495	0.248	0.487	0.508	0.318	0.946	1.502	0.511	0.356	0.296	0.095	0.096	0.260	1.488	0.452	1.481	0.540	1.484	0.870	1.496	0.301	0.282	0.092	0.095	1.426	0.914	0.413	0.478	1.527	0.727	1.537	0.487	0.748	0.274	0.092	0.093	0.128	0.521	1.464	0.269	0.292	0.338	0.300	0.305	0.321	0.226	0.093	0.096	0.095	0.095	0.094	0.093	0.093	0.095	0.094	0.094	0.094	0.094	0.093
71:01:09	22.3	0.093	0.094	0.093	0.095	0.094	0.094	0.093	0.093	0.093	0.093	0.095	0.095	0.092	0.137	1.490	0.908	0.705	1.587	0.285	0.340	1.536	0.629	1.568	0.096	0.093	0.172	0.185	1.542	1.412	0.468	0.291	0.543	0.526	1.513	0.558	0.096	0.093	1.508	0.258	0.539	0.560	0.353	0.958	1.516	0.554	0.393	0.306	0.095	0.096	0.259	1.504	0.490	1.498	0.586	1.492	0.888	1.512	0.322	0.284	0.093	0.095	1.440	0.928	0.448	0.527	1.536	0.801	1.563	0.529	0.803	0.281	0.093	0.093	0.132	0.565	1.470	0.299	0.316	0.357	0.332	0.310	0.314	0.236	0.093	0.096	0.095	0.095	0.094	0.093	0.093	0.095	0.094	0.094	0.094	0.094	0.093
72:01:10	22.5	0.092	0.094	0.093	0.095	0.094	0.094	0.093	0.093	0.093	0.093	0.095	0.095	0.092	0.143	1.503	0.924	0.777	1.435	0.308	0.360	1.553	0.681	1.582	0.096	0.093	0.183	0.202	1.568	1.433	0.512	0.318	0.593	0.567	1.528	0.604	0.096	0.094	1.520	0.257	0.589	0.613	0.396	0.980	1.533	0.606	0.441	0.311	0.095	0.096	0.276	1.523	0.545	1.511	0.647	1.499	0.902	1.533	0.334	0.288	0.093	0.095	1.458	0.943	0.489	0.573	1.547	0.858	1.593	0.574	0.855	0.290	0.093	0.093	0.137	0.616	1.488	0.321	0.341	0.374	0.360	0.320	0.296	0.248	0.093	0.096	0.095	0.095	0.093	0.093	0.093	0.094	0.093	0.094	0.094	0.094	0.093

