Time	T° 600	A1	A2	A3	A4	A5	A6	A7	A8	A9	A10	A11	A12	B1	B2	B3	B4	B5	B6	B7	B8	B9	B10	B11	B12	C1	C2	C3	C4	C5	C6	C7	C8	C9	C10	C11	C12	D1	D2	D3	D4	D5	D6	D7	D8	D9	D10	D11	D12	E1	E2	E3	E4	E5	E6	E7	E8	E9	E10	E11	E12	F1	F2	F3	F4	F5	F6	F7	F8	F9	F10	F11	F12	G1	G2	G3	G4	G5	G6	G7	G8	G9	G10	G11	G12	H1	H2	H3	H4	H5	H6	H7	H8	H9	H10	H11	H12
0:00:06	19.1	0.092	0.090	0.091	0.093	0.093	0.093	0.090	0.090	0.090	0.093	0.091	0.092	0.091	0.091	0.091	0.094	0.093	0.093	0.093	0.095	0.092	0.095	0.094	0.093	0.091	0.093	0.095	0.093	0.091	0.095	0.092	0.093	0.092	0.096	0.093	0.092	0.090	0.091	0.091	0.091	0.093	0.091	0.093	0.092	0.091	0.092	0.092	0.093	0.093	0.091	0.093	0.094	0.092	0.092	0.091	0.092	0.090	0.093	0.091	0.091	0.094	0.091	0.094	0.093	0.092	0.091	0.092	0.092	0.092	0.091	0.092	0.090	0.093	0.092	0.091	0.092	0.094	0.093	0.094	0.094	0.094	0.093	0.091	0.089	0.093	0.090	0.093	0.091	0.090	0.091	0.092	0.093	0.092	0.091	0.090	0.090
1:00:04	19.7	0.093	0.090	0.091	0.093	0.093	0.093	0.090	0.090	0.091	0.094	0.092	0.093	0.091	0.092	0.092	0.094	0.094	0.093	0.093	0.095	0.092	0.095	0.095	0.093	0.091	0.093	0.095	0.093	0.092	0.095	0.093	0.093	0.092	0.095	0.095	0.092	0.090	0.092	0.092	0.092	0.093	0.091	0.093	0.093	0.092	0.093	0.093	0.093	0.093	0.092	0.094	0.095	0.093	0.093	0.091	0.091	0.091	0.092	0.092	0.091	0.094	0.092	0.094	0.094	0.093	0.092	0.093	0.093	0.093	0.092	0.093	0.090	0.094	0.093	0.092	0.093	0.095	0.094	0.095	0.095	0.095	0.094	0.092	0.090	0.093	0.091	0.093	0.091	0.091	0.091	0.093	0.094	0.093	0.091	0.091	0.091
2:00:06	20.0	0.093	0.091	0.092	0.094	0.094	0.094	0.091	0.091	0.092	0.094	0.092	0.092	0.092	0.093	0.093	0.095	0.095	0.093	0.093	0.096	0.093	0.095	0.095	0.093	0.091	0.094	0.096	0.094	0.093	0.096	0.093	0.093	0.093	0.096	0.095	0.093	0.091	0.093	0.093	0.093	0.094	0.092	0.094	0.094	0.093	0.093	0.094	0.094	0.094	0.093	0.095	0.096	0.094	0.094	0.092	0.092	0.092	0.092	0.093	0.091	0.094	0.093	0.096	0.096	0.095	0.093	0.094	0.094	0.095	0.093	0.094	0.091	0.094	0.094	0.093	0.094	0.096	0.095	0.096	0.095	0.096	0.095	0.094	0.091	0.094	0.091	0.094	0.092	0.092	0.092	0.094	0.094	0.094	0.092	0.092	0.091
3:00:06	20.1	0.093	0.091	0.092	0.094	0.094	0.094	0.091	0.091	0.092	0.094	0.092	0.092	0.092	0.093	0.093	0.095	0.095	0.094	0.093	0.096	0.093	0.095	0.095	0.093	0.092	0.094	0.096	0.095	0.093	0.096	0.093	0.093	0.093	0.096	0.095	0.093	0.091	0.093	0.093	0.093	0.095	0.092	0.094	0.094	0.093	0.094	0.094	0.093	0.094	0.092	0.095	0.096	0.094	0.094	0.092	0.092	0.092	0.092	0.093	0.091	0.095	0.094	0.096	0.096	0.094	0.093	0.094	0.094	0.094	0.093	0.094	0.091	0.094	0.094	0.094	0.094	0.096	0.095	0.096	0.096	0.096	0.095	0.094	0.091	0.094	0.091	0.094	0.092	0.092	0.092	0.094	0.095	0.094	0.092	0.092	0.092
4:00:07	20.2	0.094	0.091	0.092	0.094	0.094	0.094	0.091	0.091	0.092	0.094	0.092	0.092	0.092	0.093	0.093	0.095	0.095	0.093	0.093	0.096	0.093	0.095	0.095	0.093	0.091	0.094	0.096	0.094	0.093	0.096	0.093	0.093	0.093	0.096	0.096	0.092	0.091	0.093	0.093	0.093	0.094	0.092	0.094	0.094	0.093	0.094	0.094	0.094	0.094	0.093	0.095	0.096	0.094	0.094	0.092	0.092	0.092	0.092	0.093	0.091	0.094	0.093	0.096	0.095	0.094	0.093	0.094	0.094	0.094	0.093	0.094	0.091	0.094	0.094	0.093	0.094	0.096	0.095	0.096	0.095	0.096	0.095	0.093	0.091	0.094	0.091	0.094	0.092	0.092	0.092	0.094	0.095	0.094	0.092	0.092	0.092
5:00:09	20.3	0.093	0.091	0.092	0.094	0.094	0.094	0.091	0.091	0.092	0.094	0.092	0.093	0.092	0.092	0.093	0.095	0.095	0.094	0.093	0.096	0.093	0.095	0.095	0.093	0.091	0.094	0.097	0.094	0.093	0.096	0.093	0.093	0.093	0.096	0.096	0.093	0.091	0.093	0.093	0.093	0.094	0.092	0.094	0.094	0.093	0.094	0.094	0.094	0.094	0.093	0.095	0.096	0.094	0.094	0.092	0.092	0.092	0.092	0.093	0.091	0.095	0.093	0.096	0.096	0.094	0.093	0.094	0.094	0.095	0.093	0.094	0.091	0.094	0.094	0.093	0.094	0.096	0.095	0.096	0.096	0.096	0.095	0.094	0.091	0.094	0.091	0.094	0.092	0.092	0.092	0.094	0.094	0.094	0.092	0.092	0.092
6:00:11	20.4	0.094	0.091	0.092	0.094	0.094	0.094	0.091	0.091	0.092	0.094	0.092	0.093	0.092	0.093	0.093	0.095	0.095	0.094	0.093	0.096	0.093	0.095	0.095	0.093	0.091	0.094	0.097	0.095	0.093	0.096	0.093	0.093	0.093	0.096	0.096	0.093	0.091	0.093	0.093	0.093	0.095	0.092	0.094	0.094	0.093	0.094	0.094	0.094	0.094	0.093	0.095	0.096	0.094	0.094	0.092	0.092	0.092	0.092	0.093	0.091	0.095	0.093	0.096	0.096	0.095	0.093	0.094	0.094	0.095	0.093	0.094	0.091	0.094	0.094	0.093	0.094	0.096	0.096	0.097	0.096	0.096	0.095	0.094	0.091	0.094	0.091	0.094	0.092	0.092	0.092	0.094	0.095	0.094	0.092	0.092	0.092
7:00:11	20.4	0.094	0.091	0.092	0.094	0.095	0.094	0.091	0.092	0.092	0.094	0.092	0.093	0.092	0.092	0.093	0.096	0.095	0.094	0.093	0.096	0.093	0.095	0.095	0.094	0.092	0.094	0.098	0.094	0.093	0.096	0.093	0.093	0.093	0.096	0.096	0.093	0.091	0.093	0.093	0.093	0.095	0.092	0.094	0.094	0.093	0.094	0.094	0.094	0.094	0.093	0.095	0.096	0.094	0.094	0.092	0.092	0.092	0.092	0.093	0.091	0.095	0.093	0.096	0.096	0.094	0.094	0.095	0.094	0.095	0.093	0.094	0.091	0.094	0.094	0.093	0.094	0.096	0.096	0.097	0.096	0.096	0.095	0.094	0.092	0.094	0.092	0.094	0.092	0.092	0.092	0.094	0.095	0.094	0.092	0.092	0.092
8:00:12	20.3	0.093	0.091	0.092	0.094	0.094	0.094	0.091	0.091	0.092	0.094	0.092	0.092	0.092	0.093	0.093	0.095	0.095	0.093	0.093	0.095	0.093	0.095	0.095	0.093	0.091	0.094	0.097	0.094	0.093	0.096	0.093	0.093	0.093	0.096	0.096	0.093	0.091	0.093	0.093	0.093	0.096	0.092	0.095	0.094	0.093	0.094	0.094	0.094	0.094	0.092	0.095	0.096	0.094	0.094	0.092	0.092	0.092	0.092	0.093	0.091	0.094	0.093	0.095	0.096	0.094	0.093	0.095	0.094	0.095	0.093	0.094	0.091	0.094	0.094	0.093	0.094	0.096	0.096	0.097	0.096	0.096	0.096	0.094	0.091	0.094	0.091	0.094	0.092	0.092	0.092	0.094	0.094	0.094	0.092	0.092	0.092
9:00:13	20.3	0.094	0.091	0.092	0.094	0.094	0.094	0.091	0.092	0.092	0.094	0.092	0.093	0.092	0.093	0.093	0.095	0.095	0.093	0.093	0.096	0.093	0.095	0.095	0.093	0.091	0.094	0.097	0.094	0.093	0.096	0.093	0.094	0.094	0.096	0.096	0.093	0.091	0.093	0.093	0.093	0.095	0.092	0.095	0.094	0.094	0.094	0.094	0.094	0.094	0.093	0.095	0.096	0.094	0.094	0.092	0.092	0.092	0.092	0.093	0.091	0.095	0.093	0.096	0.096	0.094	0.093	0.095	0.094	0.095	0.093	0.094	0.091	0.094	0.094	0.093	0.094	0.096	0.096	0.097	0.096	0.096	0.096	0.094	0.092	0.094	0.092	0.094	0.092	0.092	0.092	0.094	0.095	0.094	0.092	0.092	0.092
10:00:14	20.2	0.093	0.091	0.092	0.094	0.094	0.094	0.091	0.092	0.092	0.094	0.093	0.093	0.092	0.093	0.093	0.096	0.095	0.094	0.093	0.096	0.094	0.095	0.095	0.094	0.091	0.094	0.098	0.094	0.093	0.096	0.093	0.093	0.093	0.096	0.096	0.093	0.091	0.093	0.093	0.093	0.096	0.092	0.095	0.094	0.094	0.094	0.094	0.094	0.094	0.093	0.096	0.096	0.094	0.094	0.092	0.092	0.093	0.092	0.093	0.091	0.095	0.093	0.096	0.096	0.094	0.093	0.095	0.094	0.095	0.093	0.094	0.092	0.094	0.094	0.094	0.094	0.096	0.096	0.098	0.096	0.096	0.096	0.094	0.091	0.094	0.092	0.094	0.092	0.092	0.092	0.094	0.095	0.095	0.092	0.092	0.092
11:00:16	20.1	0.094	0.091	0.092	0.094	0.095	0.094	0.091	0.092	0.092	0.094	0.093	0.093	0.092	0.093	0.093	0.095	0.095	0.094	0.093	0.096	0.094	0.095	0.095	0.094	0.091	0.094	0.097	0.095	0.093	0.096	0.093	0.094	0.093	0.096	0.096	0.093	0.091	0.094	0.093	0.093	0.095	0.092	0.095	0.094	0.094	0.095	0.094	0.095	0.094	0.093	0.096	0.096	0.094	0.094	0.092	0.092	0.093	0.093	0.093	0.091	0.095	0.094	0.096	0.096	0.095	0.094	0.095	0.094	0.095	0.093	0.094	0.091	0.095	0.094	0.094	0.094	0.096	0.096	0.098	0.097	0.096	0.096	0.094	0.091	0.094	0.092	0.094	0.092	0.092	0.092	0.094	0.095	0.095	0.092	0.092	0.092
12:00:16	20.1	0.094	0.091	0.092	0.094	0.095	0.094	0.091	0.092	0.092	0.095	0.093	0.093	0.092	0.093	0.093	0.096	0.095	0.094	0.094	0.096	0.094	0.095	0.096	0.094	0.091	0.095	0.097	0.095	0.093	0.096	0.093	0.094	0.094	0.096	0.096	0.093	0.092	0.093	0.094	0.094	0.095	0.093	0.096	0.094	0.094	0.095	0.094	0.095	0.094	0.093	0.096	0.096	0.094	0.094	0.092	0.093	0.093	0.093	0.094	0.091	0.095	0.094	0.096	0.096	0.095	0.094	0.096	0.095	0.095	0.094	0.094	0.092	0.095	0.094	0.094	0.095	0.097	0.096	0.096	0.097	0.097	0.097	0.095	0.091	0.094	0.092	0.094	0.093	0.092	0.093	0.095	0.095	0.095	0.092	0.093	0.092
13:00:17	20.1	0.093	0.091	0.092	0.094	0.094	0.094	0.091	0.091	0.092	0.094	0.092	0.093	0.092	0.093	0.093	0.096	0.095	0.093	0.094	0.096	0.094	0.095	0.095	0.094	0.091	0.094	0.099	0.094	0.093	0.096	0.093	0.093	0.094	0.096	0.096	0.093	0.091	0.093	0.093	0.094	0.095	0.092	0.095	0.094	0.094	0.095	0.094	0.094	0.094	0.093	0.096	0.096	0.094	0.094	0.092	0.092	0.093	0.093	0.093	0.091	0.094	0.094	0.096	0.096	0.095	0.093	0.095	0.094	0.095	0.093	0.094	0.091	0.094	0.094	0.094	0.095	0.097	0.097	0.096	0.097	0.097	0.096	0.094	0.091	0.094	0.091	0.094	0.093	0.092	0.092	0.094	0.095	0.094	0.092	0.092	0.092
14:00:19	20.0	0.094	0.091	0.093	0.094	0.095	0.094	0.091	0.092	0.092	0.094	0.093	0.093	0.092	0.093	0.093	0.096	0.096	0.094	0.094	0.096	0.094	0.095	0.096	0.094	0.092	0.095	0.098	0.095	0.093	0.097	0.094	0.094	0.094	0.096	0.097	0.094	0.091	0.094	0.094	0.094	0.096	0.093	0.096	0.094	0.094	0.095	0.094	0.095	0.095	0.094	0.096	0.096	0.095	0.095	0.092	0.093	0.093	0.093	0.094	0.091	0.095	0.094	0.096	0.096	0.095	0.094	0.096	0.095	0.096	0.093	0.094	0.092	0.095	0.094	0.094	0.095	0.097	0.097	0.096	0.097	0.097	0.096	0.095	0.091	0.094	0.092	0.094	0.093	0.092	0.092	0.094	0.095	0.095	0.092	0.093	0.092
15:00:19	20.0	0.094	0.091	0.092	0.094	0.095	0.094	0.091	0.092	0.092	0.094	0.093	0.093	0.092	0.093	0.093	0.097	0.096	0.094	0.095	0.096	0.094	0.096	0.096	0.094	0.092	0.095	0.097	0.095	0.093	0.098	0.093	0.094	0.095	0.096	0.097	0.094	0.092	0.094	0.094	0.094	0.096	0.094	0.096	0.094	0.095	0.096	0.094	0.095	0.095	0.094	0.097	0.097	0.095	0.095	0.093	0.093	0.093	0.093	0.095	0.091	0.095	0.095	0.097	0.097	0.096	0.094	0.097	0.094	0.096	0.094	0.095	0.092	0.095	0.095	0.095	0.095	0.098	0.097	0.097	0.098	0.098	0.097	0.096	0.092	0.094	0.092	0.095	0.093	0.092	0.092	0.095	0.095	0.095	0.093	0.093	0.092
16:00:20	20.0	0.094	0.091	0.093	0.094	0.095	0.094	0.091	0.092	0.092	0.094	0.093	0.093	0.092	0.093	0.093	0.097	0.096	0.094	0.095	0.096	0.095	0.096	0.096	0.094	0.091	0.096	0.098	0.094	0.093	0.098	0.094	0.094	0.095	0.096	0.098	0.093	0.091	0.094	0.094	0.096	0.096	0.094	0.097	0.094	0.096	0.097	0.094	0.095	0.094	0.094	0.097	0.097	0.095	0.096	0.092	0.093	0.093	0.093	0.095	0.091	0.095	0.095	0.097	0.097	0.096	0.094	0.097	0.094	0.097	0.093	0.096	0.092	0.095	0.095	0.095	0.096	0.098	0.098	0.097	0.098	0.098	0.097	0.096	0.092	0.095	0.092	0.095	0.093	0.092	0.092	0.095	0.095	0.095	0.092	0.093	0.092
17:00:21	20.0	0.093	0.091	0.092	0.094	0.095	0.094	0.091	0.092	0.092	0.094	0.093	0.093	0.092	0.093	0.093	0.098	0.098	0.094	0.096	0.097	0.095	0.097	0.096	0.094	0.092	0.096	0.100	0.095	0.093	0.099	0.093	0.094	0.096	0.096	0.099	0.093	0.091	0.095	0.095	0.097	0.098	0.095	0.098	0.094	0.096	0.098	0.094	0.095	0.095	0.095	0.098	0.098	0.097	0.097	0.092	0.093	0.093	0.093	0.096	0.091	0.095	0.096	0.098	0.099	0.097	0.094	0.099	0.095	0.098	0.094	0.097	0.092	0.095	0.096	0.096	0.097	0.099	0.098	0.096	0.098	0.099	0.098	0.097	0.092	0.094	0.092	0.094	0.093	0.092	0.092	0.095	0.095	0.095	0.092	0.093	0.092
18:00:21	20.0	0.093	0.091	0.092	0.094	0.094	0.094	0.091	0.091	0.092	0.094	0.092	0.093	0.092	0.092	0.093	0.099	0.099	0.093	0.097	0.096	0.096	0.097	0.095	0.094	0.091	0.097	0.100	0.094	0.093	0.100	0.093	0.093	0.096	0.096	0.100	0.093	0.091	0.096	0.096	0.097	0.098	0.096	0.099	0.094	0.097	0.099	0.095	0.094	0.094	0.096	0.098	0.099	0.098	0.098	0.092	0.093	0.093	0.093	0.098	0.091	0.095	0.097	0.099	0.099	0.099	0.093	0.099	0.094	0.098	0.093	0.098	0.091	0.095	0.098	0.097	0.098	0.100	0.100	0.096	0.098	0.099	0.097	0.098	0.092	0.094	0.092	0.094	0.092	0.092	0.092	0.094	0.095	0.095	0.092	0.092	0.092
19:00:22	20.0	0.094	0.091	0.093	0.095	0.095	0.094	0.091	0.092	0.092	0.094	0.093	0.093	0.092	0.093	0.093	0.102	0.101	0.094	0.100	0.097	0.097	0.098	0.096	0.094	0.092	0.099	0.102	0.095	0.093	0.102	0.094	0.094	0.099	0.097	0.102	0.093	0.092	0.098	0.098	0.100	0.101	0.099	0.101	0.095	0.099	0.101	0.095	0.095	0.095	0.098	0.100	0.101	0.100	0.100	0.092	0.093	0.093	0.093	0.100	0.091	0.095	0.099	0.101	0.102	0.101	0.094	0.102	0.095	0.100	0.094	0.100	0.092	0.095	0.100	0.100	0.100	0.102	0.102	0.097	0.099	0.101	0.098	0.101	0.091	0.094	0.092	0.094	0.093	0.093	0.092	0.095	0.095	0.095	0.092	0.093	0.092
20:00:23	20.0	0.094	0.091	0.092	0.094	0.095	0.094	0.091	0.092	0.092	0.094	0.093	0.093	0.092	0.093	0.093	0.104	0.103	0.094	0.102	0.097	0.098	0.099	0.096	0.094	0.091	0.101	0.104	0.095	0.093	0.104	0.093	0.094	0.100	0.096	0.105	0.094	0.091	0.100	0.100	0.103	0.104	0.101	0.105	0.095	0.101	0.103	0.095	0.095	0.094	0.100	0.102	0.103	0.102	0.102	0.092	0.093	0.093	0.094	0.103	0.091	0.095	0.101	0.104	0.104	0.103	0.094	0.105	0.094	0.103	0.094	0.103	0.092	0.095	0.102	0.102	0.102	0.104	0.105	0.096	0.099	0.102	0.099	0.103	0.091	0.094	0.092	0.095	0.092	0.092	0.092	0.095	0.095	0.095	0.093	0.093	0.092
21:00:25	20.1	0.094	0.091	0.092	0.094	0.094	0.094	0.091	0.092	0.092	0.094	0.092	0.093	0.092	0.093	0.093	0.108	0.106	0.093	0.106	0.097	0.100	0.101	0.096	0.094	0.091	0.104	0.107	0.094	0.093	0.108	0.093	0.094	0.102	0.096	0.109	0.093	0.091	0.102	0.103	0.106	0.108	0.105	0.107	0.095	0.104	0.108	0.095	0.095	0.094	0.102	0.105	0.106	0.106	0.106	0.092	0.094	0.093	0.094	0.108	0.091	0.094	0.104	0.107	0.107	0.107	0.094	0.108	0.094	0.106	0.093	0.106	0.091	0.094	0.105	0.106	0.105	0.107	0.109	0.096	0.101	0.105	0.099	0.107	0.092	0.094	0.092	0.094	0.092	0.092	0.092	0.094	0.095	0.094	0.092	0.092	0.092
22:00:25	20.1	0.093	0.091	0.092	0.094	0.094	0.094	0.091	0.092	0.092	0.094	0.092	0.093	0.092	0.093	0.093	0.114	0.111	0.093	0.111	0.098	0.103	0.103	0.096	0.094	0.091	0.107	0.111	0.095	0.093	0.112	0.093	0.094	0.107	0.096	0.115	0.093	0.091	0.106	0.108	0.111	0.112	0.110	0.112	0.095	0.109	0.114	0.095	0.094	0.094	0.106	0.109	0.110	0.111	0.111	0.092	0.094	0.093	0.094	0.115	0.091	0.095	0.109	0.112	0.113	0.113	0.094	0.114	0.094	0.111	0.093	0.112	0.092	0.095	0.111	0.111	0.110	0.112	0.113	0.096	0.102	0.108	0.100	0.113	0.092	0.094	0.092	0.094	0.092	0.092	0.092	0.094	0.095	0.095	0.092	0.092	0.092
23:00:33	20.2	0.094	0.091	0.093	0.094	0.094	0.094	0.091	0.092	0.092	0.094	0.093	0.093	0.092	0.093	0.093	0.122	0.119	0.093	0.119	0.099	0.107	0.105	0.096	0.094	0.091	0.114	0.118	0.095	0.093	0.120	0.093	0.094	0.113	0.096	0.123	0.094	0.092	0.112	0.114	0.119	0.119	0.118	0.120	0.095	0.115	0.122	0.095	0.095	0.095	0.113	0.114	0.117	0.118	0.119	0.092	0.095	0.093	0.095	0.125	0.091	0.095	0.116	0.118	0.121	0.122	0.094	0.123	0.095	0.119	0.094	0.121	0.092	0.095	0.118	0.118	0.117	0.119	0.119	0.096	0.104	0.113	0.102	0.122	0.091	0.095	0.092	0.094	0.093	0.092	0.092	0.095	0.095	0.095	0.092	0.093	0.092
24:00:28	20.3	0.093	0.091	0.093	0.094	0.094	0.094	0.091	0.092	0.092	0.094	0.093	0.093	0.092	0.094	0.093	0.132	0.128	0.094	0.129	0.100	0.113	0.110	0.096	0.094	0.091	0.122	0.125	0.095	0.093	0.130	0.094	0.094	0.120	0.096	0.133	0.093	0.091	0.119	0.123	0.128	0.129	0.129	0.130	0.096	0.124	0.132	0.095	0.095	0.095	0.120	0.122	0.126	0.128	0.130	0.092	0.096	0.093	0.095	0.139	0.091	0.095	0.126	0.127	0.132	0.133	0.094	0.134	0.095	0.129	0.094	0.134	0.092	0.095	0.128	0.128	0.127	0.129	0.127	0.096	0.106	0.120	0.105	0.135	0.091	0.094	0.092	0.094	0.093	0.092	0.092	0.094	0.095	0.095	0.092	0.093	0.092
25:00:29	20.3	0.093	0.091	0.092	0.094	0.094	0.094	0.091	0.092	0.092	0.094	0.092	0.093	0.092	0.094	0.093	0.145	0.140	0.094	0.142	0.101	0.119	0.115	0.096	0.094	0.091	0.132	0.134	0.095	0.093	0.143	0.093	0.094	0.129	0.096	0.148	0.094	0.091	0.129	0.133	0.142	0.139	0.142	0.143	0.096	0.134	0.146	0.095	0.095	0.095	0.131	0.132	0.137	0.141	0.142	0.092	0.097	0.093	0.096	0.160	0.091	0.095	0.138	0.139	0.147	0.149	0.094	0.150	0.095	0.144	0.094	0.151	0.091	0.094	0.142	0.141	0.139	0.142	0.139	0.096	0.110	0.128	0.108	0.154	0.092	0.094	0.092	0.094	0.092	0.092	0.092	0.094	0.095	0.095	0.092	0.092	0.092
26:00:30	20.3	0.094	0.091	0.093	0.094	0.095	0.094	0.091	0.092	0.092	0.095	0.093	0.093	0.092	0.094	0.093	0.163	0.156	0.094	0.160	0.103	0.129	0.123	0.096	0.094	0.091	0.146	0.145	0.095	0.093	0.160	0.093	0.094	0.143	0.097	0.172	0.094	0.091	0.143	0.148	0.161	0.153	0.161	0.160	0.097	0.151	0.168	0.095	0.095	0.095	0.145	0.147	0.152	0.158	0.161	0.092	0.099	0.093	0.096	0.184	0.091	0.095	0.156	0.156	0.166	0.171	0.094	0.174	0.095	0.162	0.094	0.168	0.092	0.095	0.162	0.159	0.157	0.160	0.160	0.096	0.115	0.141	0.114	0.178	0.092	0.094	0.092	0.094	0.093	0.093	0.092	0.095	0.095	0.095	0.092	0.093	0.092
27:00:30	20.4	0.094	0.091	0.092	0.094	0.094	0.094	0.091	0.092	0.092	0.095	0.093	0.093	0.092	0.094	0.093	0.180	0.173	0.093	0.179	0.105	0.143	0.134	0.096	0.094	0.091	0.164	0.160	0.096	0.093	0.180	0.093	0.095	0.160	0.096	0.197	0.093	0.091	0.160	0.165	0.180	0.170	0.180	0.180	0.098	0.168	0.187	0.095	0.095	0.095	0.164	0.163	0.170	0.176	0.178	0.092	0.101	0.093	0.098	0.206	0.091	0.095	0.176	0.174	0.185	0.192	0.094	0.195	0.095	0.180	0.094	0.193	0.092	0.095	0.181	0.177	0.176	0.181	0.177	0.096	0.122	0.157	0.121	0.203	0.092	0.094	0.092	0.094	0.092	0.092	0.092	0.094	0.095	0.095	0.092	0.092	0.092
28:00:32	20.3	0.093	0.091	0.092	0.094	0.094	0.094	0.091	0.092	0.092	0.094	0.092	0.093	0.092	0.094	0.093	0.196	0.189	0.093	0.192	0.109	0.159	0.148	0.096	0.094	0.091	0.181	0.176	0.095	0.093	0.193	0.093	0.095	0.178	0.096	0.220	0.094	0.091	0.177	0.180	0.196	0.185	0.188	0.193	0.099	0.185	0.209	0.095	0.095	0.094	0.181	0.178	0.186	0.186	0.189	0.092	0.104	0.093	0.100	0.223	0.091	0.094	0.195	0.192	0.204	0.203	0.094	0.208	0.094	0.195	0.094	0.210	0.091	0.095	0.199	0.192	0.194	0.198	0.197	0.096	0.131	0.175	0.131	0.219	0.091	0.094	0.091	0.094	0.092	0.092	0.092	0.094	0.095	0.094	0.092	0.092	0.092
29:00:32	20.4	0.094	0.091	0.092	0.094	0.094	0.094	0.091	0.091	0.092	0.094	0.092	0.093	0.092	0.094	0.093	0.211	0.193	0.093	0.196	0.114	0.176	0.167	0.096	0.094	0.091	0.192	0.186	0.095	0.093	0.200	0.093	0.095	0.193	0.096	0.239	0.093	0.091	0.185	0.195	0.211	0.189	0.191	0.201	0.100	0.203	0.226	0.095	0.094	0.094	0.189	0.193	0.192	0.189	0.194	0.092	0.109	0.093	0.102	0.228	0.091	0.094	0.202	0.208	0.210	0.207	0.094	0.213	0.094	0.209	0.094	0.217	0.091	0.095	0.203	0.207	0.200	0.203	0.206	0.096	0.144	0.191	0.145	0.223	0.091	0.094	0.091	0.094	0.092	0.092	0.092	0.094	0.095	0.094	0.092	0.092	0.092
30:00:33	20.4	0.093	0.091	0.092	0.094	0.094	0.094	0.091	0.091	0.092	0.094	0.093	0.093	0.092	0.095	0.093	0.224	0.198	0.093	0.201	0.121	0.191	0.183	0.096	0.094	0.091	0.198	0.193	0.096	0.093	0.208	0.093	0.095	0.208	0.096	0.253	0.093	0.091	0.191	0.209	0.227	0.193	0.196	0.209	0.103	0.223	0.244	0.095	0.095	0.094	0.196	0.208	0.197	0.196	0.199	0.092	0.116	0.093	0.106	0.235	0.091	0.095	0.206	0.220	0.216	0.214	0.094	0.219	0.094	0.221	0.093	0.222	0.091	0.095	0.206	0.217	0.206	0.207	0.210	0.097	0.161	0.205	0.164	0.228	0.091	0.094	0.092	0.094	0.092	0.092	0.092	0.094	0.095	0.095	0.092	0.092	0.092
31:00:34	20.4	0.094	0.091	0.093	0.094	0.095	0.094	0.092	0.092	0.092	0.094	0.093	0.093	0.092	0.096	0.093	0.234	0.205	0.094	0.208	0.131	0.207	0.199	0.097	0.094	0.092	0.205	0.201	0.097	0.094	0.219	0.093	0.097	0.224	0.096	0.264	0.094	0.091	0.198	0.224	0.240	0.198	0.203	0.217	0.107	0.240	0.254	0.096	0.095	0.095	0.203	0.222	0.205	0.202	0.207	0.093	0.125	0.093	0.113	0.243	0.092	0.095	0.212	0.229	0.224	0.223	0.094	0.225	0.095	0.235	0.094	0.229	0.092	0.095	0.213	0.227	0.213	0.215	0.218	0.098	0.177	0.220	0.184	0.235	0.092	0.094	0.092	0.094	0.092	0.092	0.092	0.095	0.095	0.095	0.093	0.093	0.092
32:00:35	20.3	0.093	0.091	0.093	0.094	0.095	0.094	0.091	0.092	0.092	0.094	0.093	0.093	0.092	0.098	0.093	0.244	0.213	0.093	0.216	0.145	0.223	0.215	0.097	0.094	0.091	0.214	0.209	0.097	0.093	0.230	0.093	0.097	0.240	0.096	0.273	0.094	0.091	0.206	0.235	0.248	0.206	0.209	0.229	0.112	0.251	0.266	0.096	0.095	0.094	0.210	0.235	0.215	0.211	0.217	0.093	0.138	0.093	0.121	0.247	0.091	0.095	0.218	0.237	0.231	0.230	0.093	0.231	0.095	0.249	0.093	0.235	0.092	0.094	0.220	0.237	0.220	0.222	0.226	0.098	0.191	0.233	0.203	0.240	0.092	0.094	0.092	0.094	0.092	0.093	0.092	0.094	0.095	0.095	0.092	0.093	0.092
33:00:36	20.3	0.094	0.091	0.093	0.094	0.094	0.094	0.091	0.092	0.092	0.094	0.093	0.093	0.092	0.099	0.093	0.253	0.221	0.094	0.228	0.161	0.240	0.231	0.097	0.094	0.091	0.223	0.218	0.098	0.094	0.240	0.093	0.099	0.252	0.096	0.282	0.094	0.091	0.215	0.248	0.257	0.221	0.217	0.241	0.120	0.263	0.279	0.096	0.094	0.094	0.220	0.249	0.226	0.221	0.229	0.092	0.156	0.093	0.133	0.252	0.091	0.095	0.226	0.250	0.239	0.237	0.094	0.240	0.095	0.266	0.094	0.242	0.092	0.095	0.229	0.246	0.227	0.230	0.206	0.098	0.203	0.244	0.208	0.246	0.092	0.094	0.092	0.094	0.092	0.092	0.092	0.095	0.095	0.095	0.092	0.092	0.092
34:00:37	20.2	0.093	0.091	0.093	0.094	0.095	0.094	0.092	0.092	0.092	0.094	0.092	0.093	0.092	0.103	0.093	0.263	0.231	0.094	0.238	0.177	0.252	0.243	0.097	0.094	0.091	0.230	0.226	0.098	0.094	0.247	0.093	0.102	0.261	0.096	0.290	0.094	0.091	0.227	0.263	0.269	0.231	0.224	0.248	0.131	0.277	0.289	0.096	0.095	0.094	0.230	0.264	0.236	0.231	0.237	0.092	0.175	0.093	0.151	0.258	0.091	0.095	0.235	0.265	0.246	0.244	0.094	0.244	0.095	0.275	0.094	0.249	0.091	0.094	0.239	0.255	0.235	0.238	0.220	0.098	0.217	0.254	0.224	0.252	0.092	0.094	0.092	0.094	0.092	0.092	0.092	0.094	0.095	0.095	0.092	0.093	0.092
35:00:39	20.2	0.094	0.091	0.092	0.094	0.094	0.094	0.091	0.092	0.092	0.094	0.092	0.093	0.092	0.107	0.093	0.273	0.240	0.094	0.249	0.190	0.263	0.252	0.097	0.094	0.091	0.238	0.237	0.099	0.094	0.255	0.093	0.106	0.271	0.097	0.298	0.094	0.091	0.235	0.275	0.282	0.243	0.234	0.260	0.145	0.288	0.302	0.097	0.095	0.094	0.238	0.279	0.248	0.242	0.250	0.092	0.190	0.093	0.170	0.260	0.091	0.094	0.243	0.278	0.251	0.252	0.094	0.252	0.095	0.293	0.094	0.253	0.091	0.094	0.243	0.264	0.241	0.244	0.233	0.099	0.227	0.263	0.238	0.255	0.091	0.094	0.091	0.094	0.092	0.092	0.092	0.094	0.095	0.094	0.092	0.093	0.092
36:00:40	20.1	0.093	0.091	0.092	0.094	0.094	0.094	0.091	0.091	0.092	0.094	0.093	0.093	0.092	0.113	0.093	0.280	0.247	0.094	0.260	0.204	0.275	0.263	0.098	0.094	0.091	0.244	0.252	0.100	0.094	0.262	0.093	0.113	0.283	0.096	0.305	0.094	0.091	0.247	0.286	0.292	0.256	0.246	0.272	0.163	0.292	0.308	0.097	0.094	0.094	0.248	0.289	0.261	0.254	0.260	0.092	0.204	0.093	0.187	0.266	0.091	0.095	0.252	0.288	0.257	0.262	0.094	0.260	0.095	0.304	0.094	0.258	0.092	0.094	0.249	0.272	0.247	0.247	0.244	0.099	0.237	0.273	0.249	0.260	0.091	0.094	0.091	0.094	0.092	0.092	0.092	0.094	0.095	0.094	0.092	0.092	0.092
37:00:41	20.1	0.093	0.091	0.092	0.094	0.094	0.094	0.091	0.092	0.092	0.094	0.092	0.093	0.092	0.121	0.093	0.286	0.259	0.094	0.270	0.221	0.285	0.276	0.098	0.094	0.091	0.251	0.265	0.101	0.094	0.272	0.093	0.121	0.295	0.096	0.310	0.094	0.091	0.258	0.296	0.299	0.266	0.261	0.282	0.182	0.298	0.311	0.097	0.094	0.094	0.252	0.296	0.271	0.262	0.261	0.092	0.216	0.093	0.202	0.273	0.091	0.095	0.261	0.292	0.261	0.264	0.093	0.269	0.095	0.309	0.094	0.265	0.091	0.094	0.254	0.278	0.254	0.252	0.255	0.100	0.247	0.281	0.259	0.265	0.091	0.094	0.091	0.094	0.092	0.092	0.092	0.094	0.095	0.094	0.092	0.092	0.092
38:00:40	20.0	0.094	0.091	0.093	0.094	0.094	0.094	0.091	0.092	0.092	0.094	0.093	0.093	0.092	0.131	0.093	0.290	0.270	0.094	0.281	0.236	0.291	0.287	0.099	0.094	0.091	0.259	0.274	0.102	0.094	0.281	0.094	0.132	0.301	0.096	0.313	0.094	0.091	0.270	0.300	0.302	0.274	0.273	0.287	0.203	0.303	0.312	0.098	0.095	0.094	0.260	0.300	0.282	0.271	0.274	0.092	0.224	0.093	0.216	0.277	0.091	0.095	0.271	0.295	0.267	0.270	0.093	0.277	0.095	0.309	0.094	0.272	0.092	0.094	0.260	0.281	0.259	0.257	0.266	0.101	0.258	0.284	0.271	0.270	0.092	0.094	0.092	0.094	0.092	0.092	0.092	0.094	0.095	0.094	0.092	0.092	0.092
39:00:42	20.1	0.094	0.091	0.093	0.094	0.094	0.094	0.091	0.092	0.092	0.094	0.092	0.093	0.092	0.144	0.093	0.290	0.277	0.094	0.288	0.251	0.295	0.295	0.099	0.094	0.091	0.264	0.281	0.104	0.095	0.287	0.094	0.146	0.303	0.097	0.314	0.094	0.091	0.280	0.299	0.301	0.279	0.280	0.294	0.223	0.303	0.310	0.099	0.095	0.095	0.267	0.300	0.289	0.281	0.282	0.092	0.233	0.093	0.232	0.282	0.091	0.095	0.278	0.296	0.273	0.278	0.094	0.283	0.095	0.305	0.094	0.276	0.091	0.095	0.268	0.282	0.265	0.262	0.274	0.102	0.270	0.286	0.282	0.274	0.091	0.094	0.091	0.094	0.092	0.092	0.092	0.095	0.095	0.095	0.092	0.092	0.092
40:00:43	20.1	0.094	0.091	0.093	0.094	0.095	0.094	0.091	0.092	0.092	0.094	0.092	0.093	0.092	0.157	0.093	0.289	0.281	0.095	0.292	0.265	0.296	0.298	0.100	0.094	0.091	0.267	0.288	0.106	0.095	0.292	0.094	0.163	0.302	0.097	0.315	0.094	0.091	0.286	0.297	0.298	0.286	0.287	0.304	0.237	0.301	0.308	0.099	0.095	0.094	0.273	0.297	0.293	0.289	0.283	0.092	0.245	0.093	0.240	0.286	0.091	0.095	0.282	0.292	0.274	0.280	0.094	0.283	0.095	0.303	0.094	0.279	0.092	0.095	0.274	0.283	0.270	0.266	0.282	0.103	0.279	0.285	0.293	0.278	0.092	0.094	0.092	0.094	0.092	0.092	0.092	0.094	0.095	0.095	0.092	0.092	0.092
41:00:44	20.0	0.093	0.091	0.092	0.094	0.094	0.094	0.091	0.092	0.092	0.094	0.092	0.093	0.092	0.170	0.093	0.287	0.279	0.095	0.295	0.278	0.298	0.300	0.101	0.094	0.091	0.271	0.290	0.109	0.095	0.293	0.094	0.179	0.299	0.096	0.316	0.094	0.091	0.291	0.293	0.297	0.287	0.287	0.305	0.246	0.300	0.310	0.100	0.094	0.094	0.277	0.296	0.290	0.290	0.291	0.092	0.260	0.093	0.250	0.291	0.091	0.095	0.286	0.292	0.276	0.283	0.094	0.287	0.095	0.302	0.094	0.282	0.091	0.095	0.281	0.283	0.273	0.271	0.285	0.104	0.283	0.282	0.300	0.281	0.092	0.094	0.092	0.094	0.092	0.092	0.092	0.094	0.095	0.095	0.092	0.092	0.092
42:00:44	20.0	0.093	0.091	0.092	0.094	0.094	0.094	0.091	0.092	0.092	0.094	0.092	0.093	0.092	0.185	0.093	0.286	0.278	0.095	0.294	0.287	0.299	0.299	0.102	0.094	0.091	0.273	0.289	0.112	0.095	0.293	0.093	0.199	0.296	0.096	0.318	0.094	0.091	0.293	0.292	0.295	0.287	0.286	0.306	0.253	0.299	0.310	0.100	0.095	0.094	0.279	0.295	0.288	0.286	0.290	0.092	0.271	0.093	0.261	0.293	0.091	0.095	0.287	0.291	0.278	0.285	0.094	0.288	0.095	0.303	0.094	0.285	0.091	0.095	0.284	0.285	0.276	0.274	0.288	0.106	0.285	0.281	0.302	0.283	0.091	0.094	0.091	0.094	0.092	0.092	0.092	0.094	0.095	0.094	0.092	0.092	0.092
43:00:45	20.0	0.094	0.091	0.093	0.094	0.095	0.094	0.092	0.092	0.092	0.094	0.093	0.093	0.092	0.198	0.093	0.286	0.276	0.095	0.295	0.295	0.301	0.300	0.103	0.094	0.091	0.274	0.290	0.116	0.095	0.294	0.094	0.219	0.296	0.096	0.321	0.094	0.091	0.297	0.291	0.295	0.290	0.285	0.306	0.266	0.300	0.311	0.101	0.095	0.095	0.281	0.295	0.286	0.285	0.293	0.092	0.273	0.093	0.272	0.297	0.092	0.095	0.287	0.291	0.280	0.285	0.094	0.288	0.095	0.305	0.095	0.288	0.092	0.095	0.288	0.288	0.279	0.277	0.291	0.108	0.285	0.281	0.304	0.286	0.091	0.094	0.092	0.094	0.092	0.092	0.092	0.094	0.095	0.094	0.092	0.092	0.092
44:00:46	20.0	0.094	0.091	0.093	0.094	0.095	0.094	0.092	0.092	0.092	0.094	0.093	0.093	0.092	0.210	0.093	0.286	0.275	0.096	0.297	0.297	0.303	0.301	0.104	0.094	0.092	0.276	0.289	0.120	0.096	0.295	0.094	0.236	0.297	0.097	0.323	0.094	0.092	0.299	0.292	0.296	0.292	0.287	0.307	0.280	0.302	0.315	0.102	0.095	0.095	0.281	0.296	0.284	0.285	0.297	0.093	0.273	0.093	0.279	0.300	0.091	0.095	0.288	0.292	0.281	0.288	0.094	0.289	0.095	0.310	0.095	0.290	0.092	0.095	0.289	0.290	0.282	0.280	0.295	0.111	0.285	0.281	0.306	0.290	0.092	0.094	0.092	0.094	0.092	0.092	0.092	0.095	0.095	0.095	0.093	0.093	0.092
45:00:47	20.0	0.093	0.091	0.092	0.094	0.095	0.094	0.091	0.092	0.092	0.094	0.092	0.093	0.092	0.220	0.093	0.286	0.273	0.096	0.299	0.298	0.305	0.302	0.105	0.094	0.091	0.278	0.290	0.124	0.096	0.296	0.094	0.244	0.299	0.096	0.326	0.094	0.091	0.301	0.293	0.298	0.294	0.288	0.308	0.280	0.304	0.316	0.103	0.095	0.094	0.282	0.296	0.284	0.286	0.301	0.092	0.275	0.093	0.283	0.302	0.091	0.095	0.287	0.292	0.280	0.290	0.094	0.291	0.095	0.313	0.095	0.293	0.091	0.094	0.290	0.292	0.285	0.283	0.299	0.114	0.285	0.283	0.308	0.294	0.091	0.094	0.091	0.094	0.092	0.092	0.092	0.094	0.096	0.094	0.092	0.092	0.092
46:00:51	20.0	0.093	0.091	0.092	0.094	0.094	0.094	0.091	0.092	0.092	0.094	0.093	0.093	0.092	0.230	0.093	0.286	0.273	0.097	0.302	0.300	0.308	0.305	0.107	0.094	0.091	0.281	0.292	0.130	0.097	0.299	0.094	0.251	0.302	0.096	0.328	0.094	0.091	0.303	0.294	0.299	0.298	0.288	0.312	0.285	0.307	0.319	0.105	0.094	0.094	0.283	0.297	0.286	0.288	0.304	0.092	0.273	0.093	0.281	0.305	0.091	0.095	0.288	0.294	0.282	0.293	0.094	0.295	0.095	0.317	0.095	0.296	0.092	0.095	0.291	0.294	0.289	0.287	0.302	0.118	0.287	0.286	0.311	0.299	0.091	0.094	0.092	0.094	0.092	0.092	0.092	0.094	0.095	0.095	0.092	0.092	0.092
47:00:49	20.1	0.093	0.091	0.093	0.094	0.095	0.094	0.091	0.092	0.092	0.094	0.092	0.093	0.092	0.243	0.093	0.286	0.274	0.097	0.303	0.301	0.310	0.307	0.109	0.094	0.091	0.283	0.293	0.137	0.097	0.300	0.094	0.259	0.304	0.096	0.330	0.094	0.091	0.306	0.296	0.301	0.300	0.289	0.315	0.294	0.308	0.320	0.106	0.095	0.095	0.284	0.299	0.288	0.289	0.306	0.092	0.272	0.092	0.279	0.308	0.091	0.095	0.289	0.294	0.284	0.297	0.094	0.298	0.095	0.319	0.095	0.298	0.091	0.094	0.293	0.296	0.292	0.290	0.305	0.122	0.289	0.288	0.313	0.302	0.091	0.094	0.091	0.094	0.092	0.092	0.092	0.094	0.095	0.094	0.092	0.092	0.092
48:00:50	20.2	0.094	0.091	0.093	0.094	0.095	0.094	0.091	0.091	0.092	0.094	0.093	0.093	0.092	0.258	0.093	0.288	0.274	0.097	0.306	0.302	0.311	0.310	0.112	0.094	0.091	0.285	0.295	0.145	0.098	0.303	0.094	0.273	0.306	0.097	0.332	0.094	0.091	0.308	0.297	0.303	0.304	0.292	0.319	0.298	0.311	0.322	0.108	0.095	0.094	0.286	0.301	0.289	0.291	0.308	0.093	0.272	0.093	0.277	0.310	0.091	0.095	0.290	0.296	0.285	0.299	0.094	0.301	0.096	0.322	0.096	0.300	0.092	0.095	0.295	0.298	0.295	0.293	0.308	0.127	0.292	0.291	0.316	0.307	0.091	0.094	0.091	0.094	0.092	0.092	0.092	0.094	0.095	0.095	0.092	0.092	0.092
49:00:51	20.2	0.093	0.091	0.092	0.094	0.094	0.094	0.091	0.092	0.092	0.094	0.092	0.093	0.092	0.271	0.094	0.289	0.275	0.098	0.308	0.303	0.313	0.312	0.114	0.094	0.091	0.286	0.294	0.154	0.099	0.303	0.094	0.289	0.308	0.096	0.334	0.094	0.091	0.311	0.299	0.304	0.306	0.293	0.319	0.302	0.313	0.323	0.110	0.095	0.094	0.288	0.303	0.291	0.293	0.311	0.093	0.272	0.093	0.276	0.312	0.091	0.095	0.292	0.298	0.288	0.303	0.094	0.303	0.096	0.324	0.096	0.303	0.092	0.094	0.296	0.300	0.298	0.296	0.310	0.133	0.295	0.294	0.319	0.310	0.091	0.094	0.091	0.094	0.092	0.092	0.092	0.094	0.095	0.094	0.092	0.092	0.092
50:01:06	20.2	0.093	0.091	0.092	0.094	0.094	0.094	0.091	0.092	0.092	0.094	0.093	0.093	0.092	0.278	0.094	0.290	0.276	0.099	0.310	0.305	0.315	0.314	0.118	0.094	0.091	0.287	0.294	0.161	0.100	0.305	0.094	0.299	0.310	0.097	0.334	0.094	0.091	0.312	0.301	0.305	0.309	0.295	0.321	0.301	0.315	0.325	0.113	0.095	0.094	0.288	0.304	0.292	0.295	0.312	0.093	0.273	0.093	0.274	0.314	0.091	0.095	0.293	0.299	0.289	0.305	0.094	0.306	0.096	0.327	0.096	0.305	0.091	0.094	0.298	0.302	0.301	0.299	0.312	0.139	0.299	0.297	0.322	0.312	0.091	0.094	0.092	0.094	0.092	0.092	0.092	0.094	0.095	0.095	0.092	0.092	0.092
51:00:53	20.3	0.094	0.091	0.093	0.094	0.095	0.094	0.091	0.092	0.092	0.094	0.092	0.093	0.092	0.282	0.094	0.292	0.278	0.100	0.313	0.308	0.317	0.316	0.122	0.094	0.091	0.288	0.294	0.168	0.101	0.306	0.094	0.302	0.312	0.097	0.335	0.094	0.091	0.313	0.303	0.306	0.310	0.296	0.322	0.300	0.316	0.326	0.116	0.095	0.094	0.289	0.306	0.294	0.296	0.313	0.093	0.275	0.093	0.275	0.316	0.091	0.095	0.293	0.300	0.290	0.306	0.094	0.309	0.096	0.328	0.097	0.307	0.092	0.095	0.299	0.304	0.304	0.301	0.314	0.146	0.302	0.299	0.326	0.314	0.091	0.094	0.092	0.094	0.092	0.092	0.092	0.094	0.095	0.095	0.092	0.092	0.092
52:00:53	20.5	0.094	0.091	0.092	0.094	0.095	0.094	0.091	0.092	0.092	0.094	0.093	0.093	0.092	0.285	0.094	0.292	0.278	0.100	0.313	0.310	0.318	0.317	0.126	0.094	0.091	0.289	0.295	0.173	0.102	0.307	0.094	0.304	0.313	0.096	0.336	0.094	0.091	0.313	0.303	0.307	0.311	0.297	0.323	0.302	0.317	0.327	0.120	0.095	0.094	0.290	0.306	0.295	0.296	0.314	0.092	0.277	0.093	0.276	0.317	0.091	0.095	0.293	0.300	0.291	0.308	0.094	0.310	0.096	0.330	0.098	0.308	0.092	0.094	0.299	0.305	0.304	0.302	0.315	0.154	0.304	0.302	0.328	0.315	0.091	0.094	0.091	0.094	0.092	0.092	0.092	0.094	0.095	0.094	0.092	0.092	0.092
53:00:55	20.6	0.094	0.091	0.092	0.094	0.095	0.094	0.091	0.092	0.092	0.094	0.092	0.093	0.092	0.288	0.094	0.294	0.280	0.101	0.315	0.312	0.320	0.320	0.131	0.094	0.091	0.289	0.297	0.178	0.103	0.310	0.094	0.306	0.314	0.096	0.338	0.093	0.091	0.315	0.304	0.309	0.315	0.299	0.327	0.305	0.318	0.328	0.124	0.094	0.094	0.292	0.306	0.297	0.298	0.315	0.093	0.280	0.093	0.279	0.319	0.091	0.095	0.295	0.301	0.292	0.309	0.094	0.313	0.096	0.332	0.098	0.310	0.092	0.095	0.300	0.306	0.307	0.304	0.285	0.152	0.309	0.305	0.333	0.317	0.091	0.094	0.091	0.094	0.092	0.092	0.092	0.094	0.095	0.094	0.092	0.092	0.092
54:00:57	20.6	0.094	0.091	0.092	0.094	0.094	0.094	0.091	0.092	0.092	0.094	0.093	0.093	0.092	0.291	0.094	0.294	0.280	0.103	0.317	0.313	0.322	0.322	0.137	0.094	0.091	0.290	0.295	0.182	0.105	0.309	0.094	0.305	0.317	0.097	0.338	0.094	0.091	0.316	0.306	0.309	0.313	0.300	0.326	0.308	0.320	0.329	0.128	0.095	0.094	0.293	0.308	0.298	0.299	0.315	0.093	0.283	0.093	0.283	0.321	0.091	0.095	0.296	0.303	0.293	0.310	0.094	0.314	0.096	0.332	0.099	0.312	0.092	0.094	0.301	0.308	0.308	0.306	0.306	0.164	0.311	0.308	0.335	0.319	0.091	0.094	0.091	0.094	0.092	0.092	0.092	0.094	0.095	0.095	0.092	0.092	0.092
55:00:57	20.5	0.094	0.091	0.093	0.094	0.095	0.094	0.091	0.092	0.092	0.095	0.092	0.093	0.092	0.293	0.094	0.297	0.283	0.105	0.320	0.316	0.326	0.324	0.144	0.094	0.091	0.292	0.295	0.187	0.107	0.309	0.095	0.305	0.319	0.097	0.340	0.094	0.091	0.318	0.308	0.309	0.314	0.301	0.326	0.311	0.322	0.330	0.133	0.094	0.094	0.295	0.310	0.298	0.299	0.316	0.093	0.286	0.093	0.287	0.323	0.091	0.095	0.297	0.303	0.293	0.312	0.095	0.315	0.097	0.334	0.100	0.315	0.092	0.095	0.302	0.309	0.310	0.308	0.312	0.174	0.314	0.310	0.337	0.321	0.091	0.094	0.092	0.094	0.092	0.092	0.092	0.094	0.095	0.095	0.092	0.093	0.092
56:00:58	20.4	0.093	0.091	0.092	0.094	0.095	0.094	0.091	0.092	0.092	0.094	0.092	0.093	0.092	0.295	0.094	0.302	0.288	0.106	0.323	0.319	0.330	0.323	0.155	0.094	0.091	0.293	0.298	0.192	0.109	0.311	0.095	0.308	0.320	0.097	0.342	0.094	0.091	0.320	0.310	0.310	0.316	0.303	0.329	0.313	0.322	0.332	0.139	0.095	0.094	0.297	0.312	0.300	0.301	0.318	0.093	0.289	0.093	0.291	0.326	0.091	0.095	0.298	0.305	0.296	0.314	0.094	0.316	0.097	0.336	0.101	0.319	0.092	0.094	0.304	0.311	0.312	0.309	0.317	0.172	0.317	0.312	0.338	0.325	0.092	0.094	0.091	0.094	0.092	0.092	0.092	0.094	0.095	0.094	0.092	0.092	0.092
57:00:58	20.2	0.093	0.091	0.093	0.094	0.095	0.094	0.091	0.092	0.092	0.094	0.092	0.093	0.092	0.297	0.095	0.305	0.291	0.109	0.324	0.322	0.332	0.324	0.168	0.094	0.091	0.294	0.298	0.196	0.112	0.311	0.095	0.310	0.320	0.097	0.344	0.094	0.091	0.321	0.312	0.311	0.317	0.304	0.329	0.316	0.323	0.333	0.147	0.095	0.094	0.299	0.314	0.302	0.302	0.319	0.093	0.292	0.093	0.295	0.328	0.091	0.095	0.299	0.308	0.299	0.316	0.094	0.318	0.097	0.338	0.103	0.322	0.092	0.095	0.304	0.312	0.315	0.311	0.319	0.179	0.319	0.315	0.341	0.328	0.092	0.094	0.092	0.094	0.092	0.092	0.092	0.094	0.095	0.095	0.092	0.093	0.092
58:01:00	20.1	0.093	0.091	0.093	0.094	0.095	0.094	0.091	0.092	0.092	0.094	0.092	0.093	0.092	0.298	0.095	0.309	0.294	0.111	0.325	0.324	0.333	0.324	0.179	0.094	0.091	0.295	0.299	0.200	0.114	0.312	0.095	0.311	0.320	0.097	0.344	0.094	0.091	0.322	0.314	0.311	0.318	0.305	0.330	0.317	0.323	0.334	0.157	0.095	0.094	0.299	0.316	0.303	0.303	0.320	0.093	0.296	0.093	0.298	0.329	0.091	0.095	0.299	0.309	0.300	0.316	0.094	0.319	0.098	0.339	0.105	0.323	0.092	0.095	0.305	0.314	0.317	0.312	0.319	0.182	0.321	0.318	0.343	0.330	0.091	0.094	0.092	0.094	0.092	0.092	0.092	0.094	0.095	0.094	0.092	0.092	0.092
59:01:00	20.0	0.093	0.091	0.092	0.094	0.095	0.094	0.091	0.092	0.092	0.094	0.093	0.093	0.092	0.299	0.095	0.312	0.296	0.113	0.326	0.326	0.334	0.325	0.188	0.094	0.091	0.296	0.301	0.203	0.116	0.313	0.095	0.314	0.321	0.097	0.345	0.094	0.091	0.323	0.315	0.313	0.319	0.307	0.332	0.319	0.324	0.335	0.168	0.094	0.094	0.300	0.317	0.304	0.303	0.321	0.093	0.298	0.093	0.300	0.331	0.091	0.095	0.300	0.311	0.301	0.317	0.094	0.321	0.098	0.340	0.107	0.325	0.092	0.095	0.305	0.314	0.317	0.312	0.321	0.184	0.323	0.320	0.345	0.332	0.091	0.094	0.091	0.094	0.092	0.092	0.092	0.094	0.095	0.094	0.092	0.092	0.092
60:01:01	19.9	0.094	0.091	0.093	0.094	0.095	0.094	0.091	0.092	0.092	0.094	0.092	0.093	0.092	0.299	0.095	0.313	0.298	0.115	0.327	0.327	0.334	0.325	0.194	0.094	0.091	0.298	0.303	0.206	0.119	0.314	0.095	0.316	0.321	0.097	0.346	0.094	0.091	0.324	0.317	0.314	0.320	0.307	0.333	0.321	0.324	0.336	0.178	0.095	0.094	0.301	0.319	0.305	0.304	0.321	0.093	0.301	0.093	0.302	0.331	0.091	0.095	0.300	0.312	0.301	0.319	0.095	0.322	0.098	0.341	0.110	0.326	0.092	0.094	0.306	0.316	0.319	0.313	0.323	0.185	0.324	0.322	0.346	0.333	0.091	0.094	0.092	0.094	0.092	0.092	0.092	0.095	0.095	0.094	0.092	0.092	0.092
61:01:02	19.8	0.093	0.091	0.092	0.094	0.095	0.094	0.091	0.092	0.092	0.094	0.092	0.093	0.092	0.299	0.095	0.314	0.299	0.118	0.327	0.327	0.334	0.325	0.200	0.094	0.091	0.299	0.304	0.209	0.122	0.314	0.096	0.318	0.321	0.097	0.347	0.093	0.091	0.326	0.318	0.315	0.322	0.309	0.333	0.322	0.325	0.336	0.186	0.095	0.094	0.302	0.320	0.306	0.305	0.322	0.093	0.303	0.093	0.304	0.333	0.091	0.095	0.301	0.313	0.302	0.319	0.095	0.323	0.099	0.342	0.114	0.327	0.091	0.095	0.306	0.316	0.319	0.314	0.324	0.187	0.325	0.323	0.348	0.334	0.091	0.094	0.091	0.094	0.092	0.092	0.092	0.094	0.095	0.094	0.092	0.092	0.092
62:01:04	19.8	0.094	0.091	0.093	0.094	0.095	0.094	0.091	0.092	0.092	0.094	0.092	0.093	0.092	0.300	0.096	0.315	0.300	0.121	0.327	0.328	0.334	0.325	0.206	0.094	0.091	0.299	0.304	0.213	0.126	0.314	0.096	0.320	0.322	0.097	0.347	0.094	0.091	0.326	0.319	0.315	0.322	0.309	0.334	0.324	0.326	0.336	0.191	0.095	0.095	0.302	0.320	0.307	0.305	0.322	0.093	0.304	0.093	0.305	0.333	0.091	0.095	0.302	0.313	0.302	0.319	0.095	0.324	0.099	0.342	0.118	0.327	0.092	0.094	0.308	0.317	0.320	0.315	0.324	0.187	0.325	0.324	0.348	0.334	0.091	0.094	0.091	0.094	0.092	0.092	0.092	0.094	0.095	0.095	0.092	0.092	0.092
63:01:05	19.8	0.093	0.091	0.093	0.094	0.094	0.094	0.091	0.092	0.092	0.094	0.093	0.093	0.092	0.300	0.096	0.316	0.300	0.124	0.329	0.329	0.335	0.327	0.211	0.094	0.091	0.300	0.305	0.217	0.130	0.316	0.096	0.321	0.323	0.097	0.347	0.094	0.091	0.327	0.319	0.317	0.324	0.310	0.335	0.324	0.326	0.336	0.196	0.094	0.094	0.302	0.320	0.307	0.306	0.323	0.094	0.305	0.094	0.305	0.333	0.091	0.095	0.302	0.313	0.302	0.320	0.095	0.324	0.100	0.342	0.122	0.327	0.092	0.095	0.310	0.317	0.320	0.315	0.325	0.189	0.326	0.325	0.350	0.334	0.091	0.094	0.092	0.094	0.092	0.092	0.092	0.094	0.095	0.095	0.092	0.092	0.092
64:01:05	19.8	0.094	0.091	0.093	0.094	0.094	0.094	0.092	0.092	0.092	0.094	0.093	0.093	0.092	0.301	0.097	0.318	0.302	0.127	0.328	0.330	0.336	0.328	0.214	0.094	0.091	0.301	0.307	0.221	0.135	0.317	0.097	0.323	0.323	0.097	0.348	0.094	0.091	0.328	0.321	0.317	0.325	0.310	0.336	0.325	0.326	0.337	0.201	0.094	0.094	0.303	0.320	0.307	0.307	0.322	0.093	0.306	0.094	0.307	0.334	0.091	0.095	0.303	0.314	0.302	0.319	0.095	0.325	0.101	0.342	0.127	0.328	0.092	0.095	0.310	0.318	0.321	0.316	0.324	0.181	0.327	0.326	0.343	0.335	0.091	0.094	0.092	0.094	0.092	0.092	0.092	0.094	0.095	0.095	0.092	0.092	0.092
65:01:06	19.7	0.094	0.091	0.093	0.094	0.095	0.094	0.092	0.092	0.092	0.095	0.093	0.093	0.092	0.303	0.097	0.319	0.304	0.131	0.329	0.331	0.336	0.329	0.217	0.094	0.092	0.303	0.307	0.226	0.141	0.317	0.097	0.324	0.324	0.098	0.348	0.094	0.091	0.329	0.322	0.318	0.325	0.312	0.336	0.326	0.327	0.338	0.207	0.095	0.094	0.303	0.321	0.308	0.308	0.323	0.094	0.307	0.094	0.308	0.335	0.091	0.095	0.304	0.315	0.303	0.320	0.096	0.325	0.102	0.343	0.133	0.329	0.092	0.095	0.312	0.319	0.322	0.317	0.324	0.189	0.328	0.326	0.349	0.336	0.092	0.095	0.092	0.094	0.092	0.092	0.092	0.095	0.095	0.095	0.092	0.093	0.092
66:01:07	19.7	0.094	0.091	0.093	0.094	0.095	0.094	0.092	0.092	0.092	0.095	0.093	0.093	0.092	0.304	0.098	0.320	0.304	0.135	0.330	0.332	0.337	0.329	0.218	0.094	0.091	0.303	0.307	0.230	0.145	0.317	0.097	0.325	0.324	0.097	0.348	0.094	0.091	0.330	0.322	0.318	0.325	0.311	0.336	0.326	0.327	0.338	0.210	0.094	0.095	0.304	0.321	0.308	0.308	0.323	0.094	0.308	0.094	0.308	0.335	0.091	0.095	0.303	0.315	0.302	0.320	0.096	0.325	0.102	0.343	0.139	0.328	0.092	0.095	0.312	0.319	0.322	0.317	0.325	0.195	0.329	0.327	0.350	0.336	0.092	0.094	0.092	0.094	0.092	0.092	0.092	0.095	0.095	0.095	0.092	0.092	0.092
67:01:09	19.7	0.093	0.091	0.093	0.094	0.095	0.094	0.091	0.092	0.092	0.094	0.092	0.093	0.092	0.305	0.098	0.321	0.306	0.140	0.330	0.333	0.337	0.329	0.221	0.094	0.091	0.304	0.308	0.233	0.148	0.318	0.097	0.326	0.324	0.098	0.349	0.093	0.091	0.330	0.322	0.318	0.325	0.312	0.337	0.327	0.327	0.338	0.211	0.094	0.094	0.304	0.321	0.308	0.308	0.322	0.094	0.308	0.094	0.308	0.336	0.091	0.095	0.303	0.314	0.302	0.320	0.096	0.325	0.103	0.343	0.147	0.329	0.092	0.094	0.313	0.319	0.322	0.317	0.326	0.201	0.329	0.327	0.351	0.336	0.091	0.094	0.091	0.094	0.092	0.092	0.092	0.094	0.095	0.094	0.092	0.092	0.092
68:01:08	19.8	0.094	0.091	0.093	0.094	0.095	0.094	0.091	0.092	0.092	0.094	0.092	0.093	0.092	0.306	0.099	0.322	0.306	0.143	0.331	0.333	0.337	0.330	0.224	0.094	0.091	0.305	0.308	0.237	0.150	0.318	0.098	0.327	0.324	0.098	0.349	0.093	0.091	0.330	0.323	0.318	0.326	0.312	0.337	0.327	0.328	0.338	0.213	0.094	0.094	0.304	0.321	0.308	0.308	0.323	0.094	0.309	0.094	0.309	0.336	0.091	0.095	0.304	0.314	0.302	0.320	0.097	0.326	0.104	0.344	0.157	0.329	0.092	0.094	0.315	0.320	0.323	0.318	0.327	0.208	0.330	0.328	0.352	0.336	0.091	0.094	0.091	0.094	0.092	0.092	0.092	0.094	0.095	0.095	0.092	0.092	0.092
69:01:10	19.8	0.093	0.091	0.093	0.094	0.095	0.094	0.091	0.092	0.092	0.094	0.092	0.093	0.092	0.307	0.100	0.323	0.308	0.146	0.331	0.334	0.338	0.331	0.227	0.094	0.091	0.305	0.309	0.239	0.152	0.319	0.098	0.328	0.326	0.098	0.349	0.094	0.092	0.330	0.323	0.319	0.327	0.312	0.337	0.328	0.328	0.338	0.215	0.094	0.095	0.304	0.321	0.308	0.308	0.322	0.094	0.309	0.094	0.310	0.336	0.091	0.095	0.304	0.314	0.302	0.320	0.097	0.326	0.106	0.344	0.168	0.329	0.092	0.095	0.316	0.320	0.323	0.319	0.328	0.213	0.330	0.329	0.352	0.336	0.091	0.094	0.091	0.094	0.092	0.092	0.092	0.095	0.095	0.094	0.092	0.092	0.092
70:01:11	19.9	0.093	0.091	0.093	0.094	0.095	0.094	0.091	0.092	0.092	0.094	0.093	0.093	0.092	0.308	0.101	0.324	0.308	0.147	0.333	0.335	0.339	0.332	0.230	0.094	0.091	0.306	0.311	0.242	0.154	0.320	0.099	0.329	0.326	0.098	0.350	0.094	0.092	0.331	0.323	0.319	0.329	0.313	0.338	0.329	0.328	0.339	0.217	0.095	0.094	0.305	0.321	0.308	0.309	0.324	0.095	0.310	0.094	0.310	0.337	0.092	0.095	0.306	0.315	0.303	0.322	0.097	0.329	0.107	0.348	0.178	0.330	0.092	0.095	0.318	0.322	0.320	0.314	0.288	0.217	0.324	0.327	0.319	0.337	0.091	0.094	0.092	0.094	0.092	0.092	0.092	0.094	0.095	0.095	0.092	0.092	0.092
71:01:12	20.0	0.093	0.091	0.093	0.094	0.094	0.094	0.091	0.092	0.092	0.094	0.092	0.093	0.092	0.307	0.101	0.323	0.308	0.147	0.332	0.335	0.338	0.331	0.232	0.094	0.091	0.306	0.311	0.244	0.155	0.319	0.099	0.329	0.326	0.098	0.348	0.094	0.091	0.331	0.323	0.319	0.328	0.313	0.337	0.329	0.328	0.338	0.218	0.094	0.094	0.305	0.321	0.308	0.309	0.324	0.095	0.310	0.094	0.310	0.338	0.091	0.095	0.305	0.316	0.303	0.321	0.097	0.328	0.109	0.345	0.186	0.330	0.091	0.095	0.318	0.321	0.322	0.317	0.316	0.223	0.330	0.330	0.341	0.336	0.091	0.094	0.091	0.094	0.092	0.092	0.092	0.094	0.095	0.094	0.092	0.092	0.092
72:01:12	20.2	0.094	0.091	0.093	0.094	0.095	0.095	0.092	0.092	0.092	0.094	0.092	0.093	0.092	0.309	0.102	0.324	0.308	0.147	0.333	0.335	0.338	0.333	0.237	0.095	0.091	0.307	0.313	0.246	0.158	0.321	0.100	0.330	0.327	0.099	0.350	0.094	0.091	0.331	0.324	0.319	0.330	0.314	0.338	0.329	0.329	0.339	0.221	0.095	0.095	0.305	0.321	0.307	0.309	0.323	0.095	0.310	0.094	0.311	0.339	0.091	0.095	0.305	0.315	0.303	0.321	0.098	0.328	0.111	0.347	0.194	0.330	0.092	0.095	0.318	0.322	0.323	0.318	0.323	0.229	0.332	0.331	0.348	0.336	0.091	0.094	0.092	0.094	0.092	0.092	0.092	0.094	0.095	0.095	0.092	0.092	0.092

